age,job,marital,education,default,housing,loan,contact,month,day_of_week,duration,campaign,pdays,previous,poutcome,emp.var.rate,cons.price.idx,cons.conf.idx,euribor3m,nr.employed,y
57,services,married,high.school,unknown,no,no,telephone,may,mon,149,1,999,0,nonexistent,1.1,93.994,-36.4,4.857,5191.0,no
37,services,married,high.school,no,yes,no,telephone,may,mon,226,1,999,0,nonexistent,1.1,93.994,-36.4,4.857,5191.0,no
40,admin.,married,basic.6y,no,no,no,telephone,may,mon,151,1,999,0,nonexistent,1.1,93.994,-36.4,4.857,5191.0,no
45,services,married,basic.9y,unknown,no,no,telephone,may,mon,198,1,999,0,nonexistent,1.1,93.994,-36.4,4.857,5191.0,no
59,admin.,married,professional.course,no,no,no,telephone,may,mon,139,1,999,0,nonexistent,1.1,93.994,-36.4,4.857,5191.0,no
41,blue-collar,married,unknown,unknown,no,no,telephone,may,mon,217,1,999,0,nonexistent,1.1,93.994,-36.4,4.857,5191.0,no
25,services,single,high.school,no,yes,no,telephone,may,mon,50,1,999,0,nonexistent,1.1,93.994,-36.4,4.857,5191.0,no
41,blue-collar,married,unknown,unknown,no,no,telephone,may,mon,55,1,999,0,nonexistent,1.1,93.994,-36.4,4.857,5191.0,no
25,services,single,high.school,no,yes,no,telephone,may,mon,222,1,999,0,nonexistent,1.1,93.994,-36.4,4.857,5191.0,no
29,blue-collar,single,high.school,no,no,yes,telephone,may,mon,137,1,999,0,nonexistent,1.1,93.994,-36.4,4.857,5191.0,no
57,housemaid,divorced,basic.4y,no,yes,no,telephone,may,mon,293,1,999,0,nonexistent,1.1,93.994,-36.4,4.857,5191.0,no
35,blue-collar,married,basic.6y,no,yes,no,telephone,may,mon,146,1,999,0,nonexistent,1.1,93.994,-36.4,4.857,5191.0,no
54,retired,married,basic.9y,unknown,yes,yes,telephone,may,mon,174,1,999,0,nonexistent,1.1,93.994,-36.4,4.857,5191.0,no
35,blue-collar,married,basic.6y,no,yes,no,telephone,may,mon,312,1,999,0,nonexistent,1.1,93.994,-36.4,4.857,5191.0,no
46,blue-collar,married,basic.6y,unknown,yes,yes,telephone,may,mon,440,1,999,0,nonexistent,1.1,93.994,-36.4,4.857,5191.0,no
50,blue-collar,married,basic.9y,no,yes,yes,telephone,may,mon,353,1,999,0,nonexistent,1.1,93.994,-36.4,4.857,5191.0,no
39,management,single,basic.9y,unknown,no,no,telephone,may,mon,195,1,999,0,nonexistent,1.1,93.994,-36.4,4.857,5191.0,no
55,retired,single,high.school,no,yes,no,telephone,may,mon,342,1,999,0,nonexistent,1.1,93.994,-36.4,4.857,5191.0,no
41,technician,single,high.school,no,yes,no,telephone,may,mon,181,1,999,0,nonexistent,1.1,93.994,-36.4,4.857,5191.0,no
37,admin.,married,high.school,no,yes,no,telephone,may,mon,172,1,999,0,nonexistent,1.1,93.994,-36.4,4.857,5191.0,no
35,technician,married,university.degree,no,no,yes,telephone,may,mon,99,1,999,0,nonexistent,1.1,93.994,-36.4,4.857,5191.0,no
39,self-employed,married,basic.9y,unknown,no,no,telephone,may,mon,233,1,999,0,nonexistent,1.1,93.994,-36.4,4.857,5191.0,no
54,technician,single,university.degree,unknown,no,no,telephone,may,mon,255,2,999,0,nonexistent,1.1,93.994,-36.4,4.857,5191.0,no
55,unknown,married,university.degree,unknown,unknown,unknown,telephone,may,mon,362,1,999,0,nonexistent,1.1,93.994,-36.4,4.857,5191.0,no
46,admin.,married,unknown,no,no,no,telephone,may,mon,348,1,999,0,nonexistent,1.1,93.994,-36.4,4.857,5191.0,no
59,technician,married,unknown,no,yes,no,telephone,may,mon,386,1,999,0,nonexistent,1.1,93.994,-36.4,4.857,5191.0,no
49,blue-collar,married,unknown,no,no,no,telephone,may,mon,73,1,999,0,nonexistent,1.1,93.994,-36.4,4.857,5191.0,no
54,management,married,basic.4y,unknown,yes,no,telephone,may,mon,230,1,999,0,nonexistent,1.1,93.994,-36.4,4.857,5191.0,no
54,blue-collar,divorced,basic.4y,no,no,no,telephone,may,mon,208,1,999,0,nonexistent,1.1,93.994,-36.4,4.857,5191.0,no
34,services,married,high.school,no,no,no,telephone,may,mon,365,1,999,0,nonexistent,1.1,93.994,-36.4,4.857,5191.0,no
52,technician,married,basic.9y,no,yes,no,telephone,may,mon,1666,1,999,0,nonexistent,1.1,93.994,-36.4,4.857,5191.0,no
41,admin.,married,university.degree,no,yes,no,telephone,may,mon,577,1,999,0,nonexistent,1.1,93.994,-36.4,4.857,5191.0,no
56,technician,married,basic.4y,no,yes,no,telephone,may,mon,137,1,999,0,nonexistent,1.1,93.994,-36.4,4.857,5191.0,no
58,management,unknown,university.degree,no,yes,no,telephone,may,mon,366,1,999,0,nonexistent,1.1,93.994,-36.4,4.857,5191.0,no
32,entrepreneur,married,high.school,no,yes,no,telephone,may,mon,314,1,999,0,nonexistent,1.1,93.994,-36.4,4.857,5191.0,no
38,admin.,single,professional.course,no,no,no,telephone,may,mon,160,1,999,0,nonexistent,1.1,93.994,-36.4,4.857,5191.0,no
57,admin.,married,university.degree,no,no,yes,telephone,may,mon,212,1,999,0,nonexistent,1.1,93.994,-36.4,4.857,5191.0,no
44,admin.,married,university.degree,unknown,yes,no,telephone,may,mon,188,1,999,0,nonexistent,1.1,93.994,-36.4,4.857,5191.0,no
40,blue-collar,married,basic.9y,no,no,yes,telephone,may,mon,178,1,999,0,nonexistent,1.1,93.994,-36.4,4.857,5191.0,no
35,admin.,married,university.degree,no,yes,no,telephone,may,mon,355,1,999,0,nonexistent,1.1,93.994,-36.4,4.857,5191.0,no
45,blue-collar,married,basic.9y,no,yes,no,telephone,may,mon,225,2,999,0,nonexistent,1.1,93.994,-36.4,4.857,5191.0,no
39,housemaid,married,basic.4y,no,no,yes,telephone,may,mon,266,1,999,0,nonexistent,1.1,93.994,-36.4,4.857,5191.0,no
60,admin.,married,high.school,no,no,no,telephone,may,mon,253,1,999,0,nonexistent,1.1,93.994,-36.4,4.857,5191.0,no
53,admin.,single,professional.course,no,no,no,telephone,may,mon,179,1,999,0,nonexistent,1.1,93.994,-36.4,4.857,5191.0,no
55,blue-collar,married,basic.4y,unknown,no,no,telephone,may,mon,269,2,999,0,nonexistent,1.1,93.994,-36.4,4.857,5191.0,no
55,technician,married,professional.course,unknown,yes,no,telephone,may,mon,135,1,999,0,nonexistent,1.1,93.994,-36.4,4.857,5191.0,no
50,management,married,university.degree,unknown,no,yes,telephone,may,mon,161,1,999,0,nonexistent,1.1,93.994,-36.4,4.857,5191.0,no
45,services,married,high.school,unknown,yes,no,telephone,may,mon,787,1,999,0,nonexistent,1.1,93.994,-36.4,4.857,5191.0,no
55,unemployed,married,professional.course,unknown,yes,yes,telephone,may,mon,145,1,999,0,nonexistent,1.1,93.994,-36.4,4.857,5191.0,no
25,technician,single,university.degree,no,yes,no,telephone,may,mon,174,1,999,0,nonexistent,1.1,93.994,-36.4,4.857,5191.0,no
47,entrepreneur,married,university.degree,unknown,no,no,telephone,may,mon,449,1,999,0,nonexistent,1.1,93.994,-36.4,4.857,5191.0,no
51,blue-collar,married,basic.9y,no,yes,no,telephone,may,mon,812,1,999,0,nonexistent,1.1,93.994,-36.4,4.857,5191.0,no
42,blue-collar,married,basic.6y,unknown,no,no,telephone,may,mon,366,1,999,0,nonexistent,1.1,93.994,-36.4,4.857,5191.0,no
37,admin.,married,university.degree,no,no,no,telephone,may,mon,232,1,999,0,nonexistent,1.1,93.994,-36.4,4.857,5191.0,no
44,blue-collar,single,basic.9y,no,yes,no,telephone,may,mon,91,1,999,0,nonexistent,1.1,93.994,-36.4,4.857,5191.0,no
44,blue-collar,single,basic.4y,unknown,yes,yes,telephone,may,mon,177,1,999,0,nonexistent,1.1,93.994,-36.4,4.857,5191.0,no
44,management,divorced,university.degree,no,yes,no,telephone,may,mon,172,1,999,0,nonexistent,1.1,93.994,-36.4,4.857,5191.0,no
41,blue-collar,divorced,basic.4y,unknown,yes,no,telephone,may,mon,1575,1,999,0,nonexistent,1.1,93.994,-36.4,4.857,5191.0,yes
55,technician,married,university.degree,no,no,no,telephone,may,mon,349,1,999,0,nonexistent,1.1,93.994,-36.4,4.857,5191.0,no
33,services,married,high.school,unknown,yes,no,telephone,may,mon,337,2,999,0,nonexistent,1.1,93.994,-36.4,4.857,5191.0,no
55,management,married,unknown,unknown,yes,no,telephone,may,mon,272,1,999,0,nonexistent,1.1,93.994,-36.4,4.857,5191.0,no
42,blue-collar,married,basic.9y,unknown,no,no,telephone,may,mon,208,1,999,0,nonexistent,1.1,93.994,-36.4,4.857,5191.0,no
50,blue-collar,married,basic.4y,unknown,yes,no,telephone,may,mon,193,1,999,0,nonexistent,1.1,93.994,-36.4,4.857,5191.0,no
51,blue-collar,married,basic.4y,unknown,unknown,unknown,telephone,may,mon,212,1,999,0,nonexistent,1.1,93.994,-36.4,4.857,5191.0,no
38,admin.,married,high.school,unknown,no,no,telephone,may,mon,165,2,999,0,nonexistent,1.1,93.994,-36.4,4.857,5191.0,no
49,entrepreneur,married,university.degree,unknown,yes,no,telephone,may,mon,1042,1,999,0,nonexistent,1.1,93.994,-36.4,4.857,5191.0,yes
38,technician,single,university.degree,no,no,yes,telephone,may,mon,20,1,999,0,nonexistent,1.1,93.994,-36.4,4.857,5191.0,no
31,admin.,divorced,high.school,no,no,no,telephone,may,mon,246,1,999,0,nonexistent,1.1,93.994,-36.4,4.857,5191.0,no
39,admin.,married,university.degree,no,yes,yes,telephone,may,mon,192,1,999,0,nonexistent,1.1,93.994,-36.4,4.857,5191.0,no
49,technician,married,basic.9y,no,no,no,telephone,may,mon,1467,1,999,0,nonexistent,1.1,93.994,-36.4,4.857,5191.0,yes
35,admin.,married,university.degree,no,yes,no,telephone,may,mon,180,2,999,0,nonexistent,1.1,93.994,-36.4,4.857,5191.0,no
57,unknown,married,unknown,unknown,yes,no,telephone,may,mon,48,1,999,0,nonexistent,1.1,93.994,-36.4,4.857,5191.0,no
60,admin.,married,unknown,unknown,no,yes,telephone,may,mon,213,2,999,0,nonexistent,1.1,93.994,-36.4,4.857,5191.0,no
33,unemployed,married,basic.9y,no,no,no,telephone,may,mon,545,1,999,0,nonexistent,1.1,93.994,-36.4,4.857,5191.0,no
42,blue-collar,married,basic.6y,no,no,yes,telephone,may,mon,583,1,999,0,nonexistent,1.1,93.994,-36.4,4.857,5191.0,no
45,services,married,professional.course,no,yes,no,telephone,may,mon,221,1,999,0,nonexistent,1.1,93.994,-36.4,4.857,5191.0,no
42,management,married,university.degree,no,no,no,telephone,may,mon,426,1,999,0,nonexistent,1.1,93.994,-36.4,4.857,5191.0,no
53,admin.,divorced,university.degree,unknown,no,no,telephone,may,mon,287,1,999,0,nonexistent,1.1,93.994,-36.4,4.857,5191.0,no
37,technician,single,professional.course,no,no,no,telephone,may,mon,197,1,999,0,nonexistent,1.1,93.994,-36.4,4.857,5191.0,no
54,services,married,unknown,no,yes,no,telephone,may,mon,229,1,999,0,nonexistent,1.1,93.994,-36.4,4.857,5191.0,no
52,admin.,divorced,university.degree,no,no,no,telephone,may,mon,190,1,999,0,nonexistent,1.1,93.994,-36.4,4.857,5191.0,no
43,services,single,high.school,unknown,no,no,telephone,may,mon,21,1,999,0,nonexistent,1.1,93.994,-36.4,4.857,5191.0,no
34,housemaid,married,basic.6y,no,yes,no,telephone,may,mon,300,2,999,0,nonexistent,1.1,93.994,-36.4,4.857,5191.0,no
35,admin.,married,high.school,no,yes,no,telephone,may,mon,123,2,999,0,nonexistent,1.1,93.994,-36.4,4.857,5191.0,no
58,unemployed,married,basic.4y,unknown,no,no,telephone,may,mon,849,2,999,0,nonexistent,1.1,93.994,-36.4,4.857,5191.0,no
55,blue-collar,married,basic.9y,unknown,yes,no,telephone,may,mon,212,2,999,0,nonexistent,1.1,93.994,-36.4,4.857,5191.0,no
37,management,married,university.degree,no,no,no,telephone,may,mon,337,2,999,0,nonexistent,1.1,93.994,-36.4,4.857,5191.0,no
36,blue-collar,married,high.school,no,no,no,telephone,may,mon,286,1,999,0,nonexistent,1.1,93.994,-36.4,4.857,5191.0,no
52,admin.,divorced,university.degree,no,no,no,telephone,may,mon,247,2,999,0,nonexistent,1.1,93.994,-36.4,4.857,5191.0,no
56,admin.,married,unknown,no,yes,no,telephone,may,mon,364,1,999,0,nonexistent,1.1,93.994,-36.4,4.857,5191.0,no
40,blue-collar,married,high.school,unknown,yes,no,telephone,may,mon,98,1,999,0,nonexistent,1.1,93.994,-36.4,4.857,5191.0,no
49,blue-collar,divorced,high.school,no,no,no,telephone,may,mon,439,1,999,0,nonexistent,1.1,93.994,-36.4,4.857,5191.0,no
41,services,married,high.school,no,no,no,telephone,may,mon,139,1,999,0,nonexistent,1.1,93.994,-36.4,4.857,5191.0,no
45,technician,married,high.school,no,yes,no,telephone,may,mon,79,1,999,0,nonexistent,1.1,93.994,-36.4,4.857,5191.0,no
32,admin.,married,university.degree,no,yes,yes,telephone,may,mon,175,1,999,0,nonexistent,1.1,93.994,-36.4,4.857,5191.0,no
56,retired,married,basic.4y,no,yes,no,telephone,may,mon,102,2,999,0,nonexistent,1.1,93.994,-36.4,4.857,5191.0,no
41,technician,married,professional.course,unknown,no,no,telephone,may,mon,677,1,999,0,nonexistent,1.1,93.994,-36.4,4.857,5191.0,no
35,blue-collar,married,unknown,no,yes,no,telephone,may,mon,267,1,999,0,nonexistent,1.1,93.994,-36.4,4.857,5191.0,no
37,blue-collar,married,basic.6y,no,yes,no,telephone,may,mon,345,1,999,0,nonexistent,1.1,93.994,-36.4,4.857,5191.0,no
52,management,married,university.degree,no,no,no,telephone,may,mon,185,1,999,0,nonexistent,1.1,93.994,-36.4,4.857,5191.0,no
39,management,divorced,university.degree,no,no,no,telephone,may,mon,207,1,999,0,nonexistent,1.1,93.994,-36.4,4.857,5191.0,no
56,blue-collar,married,basic.4y,unknown,no,no,telephone,may,mon,100,2,999,0,nonexistent,1.1,93.994,-36.4,4.857,5191.0,no
34,services,married,high.school,no,yes,no,telephone,may,mon,125,2,999,0,nonexistent,1.1,93.994,-36.4,4.857,5191.0,no
45,blue-collar,married,basic.9y,unknown,yes,no,telephone,may,mon,461,1,999,0,nonexistent,1.1,93.994,-36.4,4.857,5191.0,yes
43,unemployed,single,university.degree,no,yes,no,telephone,may,mon,240,1,999,0,nonexistent,1.1,93.994,-36.4,4.857,5191.0,no
56,management,married,unknown,no,yes,no,telephone,may,mon,70,1,999,0,nonexistent,1.1,93.994,-36.4,4.857,5191.0,no
39,management,married,university.degree,no,yes,no,telephone,may,mon,193,1,999,0,nonexistent,1.1,93.994,-36.4,4.857,5191.0,no
53,blue-collar,married,basic.4y,no,yes,no,telephone,may,mon,136,1,999,0,nonexistent,1.1,93.994,-36.4,4.857,5191.0,no
38,unknown,divorced,high.school,unknown,yes,no,telephone,may,mon,73,1,999,0,nonexistent,1.1,93.994,-36.4,4.857,5191.0,no
42,blue-collar,married,basic.4y,unknown,yes,no,telephone,may,mon,528,1,999,0,nonexistent,1.1,93.994,-36.4,4.857,5191.0,no
42,blue-collar,married,basic.4y,unknown,no,no,telephone,may,mon,541,1,999,0,nonexistent,1.1,93.994,-36.4,4.857,5191.0,no
35,admin.,single,high.school,no,yes,no,telephone,may,mon,338,1,999,0,nonexistent,1.1,93.994,-36.4,4.857,5191.0,no
40,admin.,married,university.degree,unknown,yes,no,telephone,may,mon,163,1,999,0,nonexistent,1.1,93.994,-36.4,4.857,5191.0,no
60,blue-collar,married,basic.9y,unknown,no,no,telephone,may,mon,301,1,999,0,nonexistent,1.1,93.994,-36.4,4.857,5191.0,no
56,entrepreneur,married,unknown,unknown,yes,no,telephone,may,mon,46,1,999,0,nonexistent,1.1,93.994,-36.4,4.857,5191.0,no
39,services,divorced,high.school,unknown,yes,no,telephone,may,mon,52,1,999,0,nonexistent,1.1,93.994,-36.4,4.857,5191.0,no
56,entrepreneur,married,unknown,unknown,no,no,telephone,may,mon,204,1,999,0,nonexistent,1.1,93.994,-36.4,4.857,5191.0,no
40,blue-collar,married,unknown,no,yes,yes,telephone,may,mon,155,1,999,0,nonexistent,1.1,93.994,-36.4,4.857,5191.0,no
51,blue-collar,married,unknown,unknown,yes,no,telephone,may,mon,71,1,999,0,nonexistent,1.1,93.994,-36.4,4.857,5191.0,no
51,blue-collar,married,unknown,unknown,no,no,telephone,may,mon,243,1,999,0,nonexistent,1.1,93.994,-36.4,4.857,5191.0,no
43,technician,single,professional.course,no,yes,no,telephone,may,mon,186,2,999,0,nonexistent,1.1,93.994,-36.4,4.857,5191.0,no
24,management,single,university.degree,no,yes,no,telephone,may,mon,165,2,999,0,nonexistent,1.1,93.994,-36.4,4.857,5191.0,no
37,blue-collar,single,basic.9y,unknown,yes,yes,telephone,may,mon,163,2,999,0,nonexistent,1.1,93.994,-36.4,4.857,5191.0,no
40,blue-collar,married,basic.9y,unknown,no,no,telephone,may,mon,46,1,999,0,nonexistent,1.1,93.994,-36.4,4.857,5191.0,no
42,blue-collar,married,basic.9y,unknown,no,no,telephone,may,mon,559,3,999,0,nonexistent,1.1,93.994,-36.4,4.857,5191.0,no
39,services,divorced,high.school,unknown,no,no,telephone,may,mon,2033,1,999,0,nonexistent,1.1,93.994,-36.4,4.857,5191.0,no
37,entrepreneur,married,basic.6y,no,no,no,telephone,may,mon,85,1,999,0,nonexistent,1.1,93.994,-36.4,4.857,5191.0,no
38,services,married,high.school,no,yes,yes,telephone,may,mon,506,1,999,0,nonexistent,1.1,93.994,-36.4,4.857,5191.0,no
56,admin.,divorced,unknown,unknown,no,no,telephone,may,mon,114,2,999,0,nonexistent,1.1,93.994,-36.4,4.857,5191.0,no
40,blue-collar,married,unknown,no,no,no,telephone,may,mon,114,2,999,0,nonexistent,1.1,93.994,-36.4,4.857,5191.0,no
54,management,divorced,university.degree,no,yes,no,telephone,may,mon,843,2,999,0,nonexistent,1.1,93.994,-36.4,4.857,5191.0,no
43,blue-collar,married,high.school,unknown,no,yes,telephone,may,mon,181,1,999,0,nonexistent,1.1,93.994,-36.4,4.857,5191.0,no
36,services,married,high.school,unknown,no,no,telephone,may,mon,427,1,999,0,nonexistent,1.1,93.994,-36.4,4.857,5191.0,no
45,technician,married,university.degree,no,yes,yes,telephone,may,mon,292,1,999,0,nonexistent,1.1,93.994,-36.4,4.857,5191.0,no
42,admin.,single,university.degree,unknown,no,no,telephone,may,mon,192,1,999,0,nonexistent,1.1,93.994,-36.4,4.857,5191.0,no
46,management,married,basic.9y,no,no,no,telephone,may,mon,128,2,999,0,nonexistent,1.1,93.994,-36.4,4.857,5191.0,no
44,services,married,high.school,no,yes,yes,telephone,may,mon,107,1,999,0,nonexistent,1.1,93.994,-36.4,4.857,5191.0,no
28,services,married,high.school,no,yes,no,telephone,may,mon,81,1,999,0,nonexistent,1.1,93.994,-36.4,4.857,5191.0,no
34,technician,married,high.school,no,no,no,telephone,may,mon,228,1,999,0,nonexistent,1.1,93.994,-36.4,4.857,5191.0,no
46,blue-collar,married,basic.6y,unknown,yes,no,telephone,may,mon,240,1,999,0,nonexistent,1.1,93.994,-36.4,4.857,5191.0,no
42,blue-collar,married,basic.9y,no,yes,yes,telephone,may,mon,673,2,999,0,nonexistent,1.1,93.994,-36.4,4.857,5191.0,yes
36,admin.,married,university.degree,no,yes,no,telephone,may,mon,233,3,999,0,nonexistent,1.1,93.994,-36.4,4.857,5191.0,no
57,management,married,university.degree,no,no,no,telephone,may,mon,461,1,999,0,nonexistent,1.1,93.994,-36.4,4.857,5191.0,no
51,technician,married,basic.6y,unknown,no,no,telephone,may,mon,250,1,999,0,nonexistent,1.1,93.994,-36.4,4.857,5191.0,no
34,admin.,married,university.degree,no,yes,no,telephone,may,mon,138,1,999,0,nonexistent,1.1,93.994,-36.4,4.857,5191.0,no
41,technician,married,professional.course,no,no,no,telephone,may,mon,412,1,999,0,nonexistent,1.1,93.994,-36.4,4.857,5191.0,no
45,management,divorced,university.degree,no,no,no,telephone,may,mon,19,2,999,0,nonexistent,1.1,93.994,-36.4,4.857,5191.0,no
42,technician,married,university.degree,no,no,no,telephone,may,mon,228,2,999,0,nonexistent,1.1,93.994,-36.4,4.857,5191.0,no
48,blue-collar,married,basic.4y,no,yes,no,telephone,may,mon,717,1,999,0,nonexistent,1.1,93.994,-36.4,4.857,5191.0,no
34,blue-collar,single,basic.9y,unknown,no,no,telephone,may,mon,289,1,999,0,nonexistent,1.1,93.994,-36.4,4.857,5191.0,no
40,admin.,married,basic.9y,unknown,yes,no,telephone,may,mon,683,2,999,0,nonexistent,1.1,93.994,-36.4,4.857,5191.0,no
43,blue-collar,married,basic.6y,no,yes,no,telephone,may,mon,1077,1,999,0,nonexistent,1.1,93.994,-36.4,4.857,5191.0,no
33,services,married,high.school,no,no,no,telephone,may,mon,146,2,999,0,nonexistent,1.1,93.994,-36.4,4.857,5191.0,no
32,services,single,basic.6y,no,no,no,telephone,may,mon,167,1,999,0,nonexistent,1.1,93.994,-36.4,4.857,5191.0,no
39,blue-collar,married,high.school,no,yes,no,telephone,may,mon,356,2,999,0,nonexistent,1.1,93.994,-36.4,4.857,5191.0,no
43,admin.,married,unknown,no,no,no,telephone,may,mon,277,1,999,0,nonexistent,1.1,93.994,-36.4,4.857,5191.0,no
44,blue-collar,married,basic.9y,no,yes,no,telephone,may,mon,172,1,999,0,nonexistent,1.1,93.994,-36.4,4.857,5191.0,no
35,student,single,university.degree,unknown,yes,yes,telephone,may,mon,217,1,999,0,nonexistent,1.1,93.994,-36.4,4.857,5191.0,no
35,unemployed,married,professional.course,no,no,no,telephone,may,mon,67,1,999,0,nonexistent,1.1,93.994,-36.4,4.857,5191.0,no
36,services,single,basic.4y,no,no,no,telephone,may,mon,291,1,999,0,nonexistent,1.1,93.994,-36.4,4.857,5191.0,no
35,student,single,university.degree,unknown,yes,no,telephone,may,mon,248,1,999,0,nonexistent,1.1,93.994,-36.4,4.857,5191.0,no
59,admin.,married,university.degree,no,no,no,telephone,may,mon,477,1,999,0,nonexistent,1.1,93.994,-36.4,4.857,5191.0,no
57,retired,married,unknown,unknown,no,no,telephone,may,mon,611,2,999,0,nonexistent,1.1,93.994,-36.4,4.857,5191.0,no
39,housemaid,married,basic.4y,unknown,yes,no,telephone,may,mon,381,2,999,0,nonexistent,1.1,93.994,-36.4,4.857,5191.0,no
30,blue-collar,single,unknown,no,yes,yes,telephone,may,mon,408,1,999,0,nonexistent,1.1,93.994,-36.4,4.857,5191.0,no
40,services,married,high.school,no,no,no,telephone,may,mon,322,3,999,0,nonexistent,1.1,93.994,-36.4,4.857,5191.0,no
35,admin.,married,high.school,no,yes,no,telephone,may,mon,216,2,999,0,nonexistent,1.1,93.994,-36.4,4.857,5191.0,no
43,technician,married,unknown,unknown,no,no,telephone,may,mon,366,2,999,0,nonexistent,1.1,93.994,-36.4,4.857,5191.0,no
36,services,single,basic.6y,unknown,yes,no,telephone,may,mon,210,1,999,0,nonexistent,1.1,93.994,-36.4,4.857,5191.0,no
40,technician,married,basic.9y,no,no,no,telephone,may,mon,168,1,999,0,nonexistent,1.1,93.994,-36.4,4.857,5191.0,no
58,retired,married,university.degree,no,no,no,telephone,may,mon,132,1,999,0,nonexistent,1.1,93.994,-36.4,4.857,5191.0,no
42,technician,married,university.degree,no,no,no,telephone,may,mon,64,2,999,0,nonexistent,1.1,93.994,-36.4,4.857,5191.0,no
43,retired,married,basic.4y,unknown,no,no,telephone,may,mon,410,3,999,0,nonexistent,1.1,93.994,-36.4,4.857,5191.0,no
45,blue-collar,married,basic.4y,no,yes,yes,telephone,may,mon,177,1,999,0,nonexistent,1.1,93.994,-36.4,4.857,5191.0,no
39,admin.,married,professional.course,no,yes,no,telephone,may,mon,580,2,999,0,nonexistent,1.1,93.994,-36.4,4.857,5191.0,no
50,services,divorced,professional.course,no,yes,no,telephone,may,mon,165,1,999,0,nonexistent,1.1,93.994,-36.4,4.857,5191.0,no
32,management,divorced,basic.4y,unknown,yes,no,telephone,may,mon,127,2,999,0,nonexistent,1.1,93.994,-36.4,4.857,5191.0,no
39,admin.,married,high.school,unknown,no,no,telephone,may,mon,357,1,999,0,nonexistent,1.1,93.994,-36.4,4.857,5191.0,no
52,self-employed,married,university.degree,unknown,no,no,telephone,may,mon,175,1,999,0,nonexistent,1.1,93.994,-36.4,4.857,5191.0,no
33,services,married,high.school,unknown,no,yes,telephone,may,mon,189,2,999,0,nonexistent,1.1,93.994,-36.4,4.857,5191.0,no
43,management,married,university.degree,unknown,no,yes,telephone,may,mon,213,3,999,0,nonexistent,1.1,93.994,-36.4,4.857,5191.0,no
57,retired,married,high.school,no,no,no,telephone,may,mon,238,2,999,0,nonexistent,1.1,93.994,-36.4,4.857,5191.0,no
36,technician,single,professional.course,no,no,no,telephone,may,mon,124,1,999,0,nonexistent,1.1,93.994,-36.4,4.857,5191.0,no
34,management,married,university.degree,no,yes,no,telephone,may,mon,18,1,999,0,nonexistent,1.1,93.994,-36.4,4.857,5191.0,no
34,services,single,basic.9y,no,no,no,telephone,may,mon,730,2,999,0,nonexistent,1.1,93.994,-36.4,4.857,5191.0,no
30,technician,married,university.degree,unknown,no,no,telephone,may,mon,40,1,999,0,nonexistent,1.1,93.994,-36.4,4.857,5191.0,no
33,services,divorced,unknown,no,no,no,telephone,may,mon,181,2,999,0,nonexistent,1.1,93.994,-36.4,4.857,5191.0,no
32,technician,single,professional.course,no,no,no,telephone,may,mon,79,1,999,0,nonexistent,1.1,93.994,-36.4,4.857,5191.0,no
36,technician,single,high.school,no,yes,no,telephone,may,mon,142,2,999,0,nonexistent,1.1,93.994,-36.4,4.857,5191.0,no
36,blue-collar,single,high.school,no,no,yes,telephone,may,mon,389,1,999,0,nonexistent,1.1,93.994,-36.4,4.857,5191.0,no
41,blue-collar,married,basic.4y,no,yes,no,telephone,may,mon,211,1,999,0,nonexistent,1.1,93.994,-36.4,4.857,5191.0,no
51,services,married,basic.6y,no,yes,no,telephone,may,mon,117,1,999,0,nonexistent,1.1,93.994,-36.4,4.857,5191.0,no
36,technician,married,professional.course,no,yes,no,telephone,may,mon,232,3,999,0,nonexistent,1.1,93.994,-36.4,4.857,5191.0,no
53,services,married,high.school,no,yes,yes,telephone,may,mon,370,3,999,0,nonexistent,1.1,93.994,-36.4,4.857,5191.0,no
58,blue-collar,married,basic.9y,unknown,yes,no,telephone,may,mon,179,2,999,0,nonexistent,1.1,93.994,-36.4,4.857,5191.0,no
43,technician,married,unknown,no,yes,no,telephone,may,mon,200,1,999,0,nonexistent,1.1,93.994,-36.4,4.857,5191.0,no
33,admin.,married,high.school,no,no,yes,telephone,may,mon,181,1,999,0,nonexistent,1.1,93.994,-36.4,4.857,5191.0,no
27,blue-collar,single,basic.6y,no,unknown,unknown,telephone,may,mon,119,1,999,0,nonexistent,1.1,93.994,-36.4,4.857,5191.0,no
42,technician,married,high.school,no,no,no,telephone,may,mon,361,1,999,0,nonexistent,1.1,93.994,-36.4,4.857,5191.0,no
43,admin.,divorced,basic.9y,no,no,no,telephone,may,mon,73,3,999,0,nonexistent,1.1,93.994,-36.4,4.857,5191.0,no
42,admin.,married,university.degree,no,no,no,telephone,may,mon,67,2,999,0,nonexistent,1.1,93.994,-36.4,4.857,5191.0,no
27,blue-collar,single,basic.6y,no,no,no,telephone,may,mon,350,1,999,0,nonexistent,1.1,93.994,-36.4,4.857,5191.0,no
34,self-employed,single,university.degree,no,yes,no,telephone,may,mon,150,2,999,0,nonexistent,1.1,93.994,-36.4,4.857,5191.0,no
31,student,single,university.degree,unknown,no,no,telephone,may,mon,332,2,999,0,nonexistent,1.1,93.994,-36.4,4.857,5191.0,no
40,self-employed,married,basic.4y,unknown,no,no,telephone,may,mon,58,3,999,0,nonexistent,1.1,93.994,-36.4,4.857,5191.0,no
52,unemployed,married,high.school,unknown,yes,no,telephone,may,mon,151,1,999,0,nonexistent,1.1,93.994,-36.4,4.857,5191.0,no
47,management,divorced,university.degree,no,no,no,telephone,may,mon,89,2,999,0,nonexistent,1.1,93.994,-36.4,4.857,5191.0,no
49,housemaid,married,basic.9y,unknown,no,no,telephone,may,mon,152,1,999,0,nonexistent,1.1,93.994,-36.4,4.857,5191.0,no
32,admin.,single,high.school,no,no,no,telephone,may,mon,611,2,999,0,nonexistent,1.1,93.994,-36.4,4.857,5191.0,no
49,housemaid,single,high.school,unknown,yes,yes,telephone,may,mon,110,2,999,0,nonexistent,1.1,93.994,-36.4,4.857,5191.0,no
50,blue-collar,married,basic.9y,unknown,no,no,telephone,may,mon,463,1,999,0,nonexistent,1.1,93.994,-36.4,4.857,5191.0,no
34,services,married,high.school,no,no,no,telephone,may,mon,962,1,999,0,nonexistent,1.1,93.994,-36.4,4.857,5191.0,no
55,blue-collar,married,basic.4y,unknown,no,no,telephone,may,mon,102,2,999,0,nonexistent,1.1,93.994,-36.4,4.857,5191.0,no
47,technician,single,basic.9y,no,no,no,telephone,may,mon,10,4,999,0,nonexistent,1.1,93.994,-36.4,4.857,5191.0,no
51,retired,married,professional.course,no,no,no,telephone,may,mon,118,3,999,0,nonexistent,1.1,93.994,-36.4,4.857,5191.0,no
47,blue-collar,married,basic.6y,no,no,no,telephone,may,mon,92,2,999,0,nonexistent,1.1,93.994,-36.4,4.857,5191.0,no
56,technician,married,basic.4y,no,yes,no,telephone,may,mon,143,3,999,0,nonexistent,1.1,93.994,-36.4,4.857,5191.0,no
53,admin.,married,basic.9y,no,no,no,telephone,may,mon,189,3,999,0,nonexistent,1.1,93.994,-36.4,4.857,5191.0,no
36,blue-collar,married,basic.9y,no,yes,no,telephone,may,mon,75,2,999,0,nonexistent,1.1,93.994,-36.4,4.857,5191.0,no
42,blue-collar,divorced,basic.9y,no,yes,no,telephone,may,mon,189,2,999,0,nonexistent,1.1,93.994,-36.4,4.857,5191.0,no
44,blue-collar,divorced,basic.6y,no,no,no,telephone,may,mon,55,2,999,0,nonexistent,1.1,93.994,-36.4,4.857,5191.0,no
39,housemaid,married,basic.9y,no,yes,no,telephone,may,mon,935,3,999,0,nonexistent,1.1,93.994,-36.4,4.857,5191.0,yes
36,services,married,high.school,no,no,no,telephone,may,mon,225,2,999,0,nonexistent,1.1,93.994,-36.4,4.857,5191.0,no
42,management,divorced,university.degree,no,yes,no,telephone,may,mon,125,2,999,0,nonexistent,1.1,93.994,-36.4,4.857,5191.0,no
31,admin.,married,high.school,no,yes,yes,telephone,may,mon,286,2,999,0,nonexistent,1.1,93.994,-36.4,4.857,5191.0,no
45,blue-collar,married,basic.4y,no,yes,no,telephone,may,mon,164,2,999,0,nonexistent,1.1,93.994,-36.4,4.857,5191.0,no
37,technician,single,professional.course,no,yes,no,telephone,may,mon,98,2,999,0,nonexistent,1.1,93.994,-36.4,4.857,5191.0,no
47,self-employed,married,professional.course,no,no,no,telephone,may,mon,446,2,999,0,nonexistent,1.1,93.994,-36.4,4.857,5191.0,no
49,blue-collar,divorced,high.school,no,no,yes,telephone,may,mon,742,2,999,0,nonexistent,1.1,93.994,-36.4,4.857,5191.0,no
36,admin.,married,university.degree,no,yes,no,telephone,may,mon,120,2,999,0,nonexistent,1.1,93.994,-36.4,4.857,5191.0,no
35,services,divorced,high.school,no,no,no,telephone,may,mon,122,3,999,0,nonexistent,1.1,93.994,-36.4,4.857,5191.0,no
38,unknown,married,unknown,unknown,no,no,telephone,may,mon,362,4,999,0,nonexistent,1.1,93.994,-36.4,4.857,5191.0,no
50,blue-collar,divorced,high.school,unknown,no,yes,telephone,may,mon,200,2,999,0,nonexistent,1.1,93.994,-36.4,4.857,5191.0,no
42,admin.,married,high.school,no,yes,no,telephone,may,mon,248,2,999,0,nonexistent,1.1,93.994,-36.4,4.857,5191.0,no
40,admin.,married,basic.6y,unknown,yes,no,telephone,may,mon,215,2,999,0,nonexistent,1.1,93.994,-36.4,4.857,5191.0,no
46,blue-collar,married,unknown,unknown,no,no,telephone,may,mon,209,2,999,0,nonexistent,1.1,93.994,-36.4,4.857,5191.0,no
57,housemaid,divorced,basic.4y,no,yes,yes,telephone,may,mon,205,2,999,0,nonexistent,1.1,93.994,-36.4,4.857,5191.0,no
42,admin.,married,university.degree,no,yes,no,telephone,may,mon,261,3,999,0,nonexistent,1.1,93.994,-36.4,4.857,5191.0,no
41,blue-collar,married,basic.4y,no,yes,no,telephone,may,mon,83,2,999,0,nonexistent,1.1,93.994,-36.4,4.857,5191.0,no
54,management,divorced,university.degree,no,yes,no,telephone,may,mon,106,3,999,0,nonexistent,1.1,93.994,-36.4,4.857,5191.0,no
27,admin.,single,university.degree,no,no,no,telephone,may,mon,106,2,999,0,nonexistent,1.1,93.994,-36.4,4.857,5191.0,no
36,admin.,married,high.school,no,no,no,telephone,may,mon,108,2,999,0,nonexistent,1.1,93.994,-36.4,4.857,5191.0,no
58,blue-collar,married,professional.course,unknown,yes,no,telephone,may,mon,214,2,999,0,nonexistent,1.1,93.994,-36.4,4.857,5191.0,no
40,management,married,university.degree,unknown,yes,no,telephone,may,mon,358,2,999,0,nonexistent,1.1,93.994,-36.4,4.857,5191.0,no
34,admin.,single,basic.9y,unknown,no,no,telephone,may,mon,453,2,999,0,nonexistent,1.1,93.994,-36.4,4.857,5191.0,no
33,admin.,divorced,high.school,no,no,no,telephone,may,mon,364,2,999,0,nonexistent,1.1,93.994,-36.4,4.857,5191.0,no
56,retired,married,basic.6y,no,no,no,telephone,may,mon,136,2,999,0,nonexistent,1.1,93.994,-36.4,4.857,5191.0,no
42,blue-collar,married,basic.9y,no,no,no,telephone,may,mon,173,2,999,0,nonexistent,1.1,93.994,-36.4,4.857,5191.0,no
43,services,married,high.school,no,yes,no,telephone,may,mon,241,2,999,0,nonexistent,1.1,93.994,-36.4,4.857,5191.0,no
53,admin.,single,basic.6y,no,yes,yes,telephone,may,mon,148,2,999,0,nonexistent,1.1,93.994,-36.4,4.857,5191.0,no
42,technician,single,unknown,no,no,no,telephone,may,mon,230,2,999,0,nonexistent,1.1,93.994,-36.4,4.857,5191.0,no
40,services,married,basic.6y,unknown,no,no,telephone,may,mon,199,3,999,0,nonexistent,1.1,93.994,-36.4,4.857,5191.0,no
54,technician,married,professional.course,no,yes,yes,telephone,may,mon,196,2,999,0,nonexistent,1.1,93.994,-36.4,4.857,5191.0,no
40,housemaid,single,professional.course,no,no,no,telephone,may,mon,111,4,999,0,nonexistent,1.1,93.994,-36.4,4.857,5191.0,no
26,admin.,single,university.degree,no,yes,no,telephone,may,mon,231,3,999,0,nonexistent,1.1,93.994,-36.4,4.857,5191.0,no
33,admin.,married,high.school,no,no,no,telephone,may,mon,316,3,999,0,nonexistent,1.1,93.994,-36.4,4.857,5191.0,no
36,admin.,married,high.school,no,no,no,telephone,may,mon,669,3,999,0,nonexistent,1.1,93.994,-36.4,4.857,5191.0,no
36,blue-collar,married,basic.9y,no,yes,no,telephone,may,mon,121,2,999,0,nonexistent,1.1,93.994,-36.4,4.857,5191.0,no
35,management,married,high.school,no,yes,no,telephone,may,mon,174,5,999,0,nonexistent,1.1,93.994,-36.4,4.857,5191.0,no
50,self-employed,single,university.degree,no,no,yes,telephone,may,mon,88,5,999,0,nonexistent,1.1,93.994,-36.4,4.857,5191.0,no
46,services,married,high.school,unknown,yes,no,telephone,may,mon,313,3,999,0,nonexistent,1.1,93.994,-36.4,4.857,5191.0,no
49,entrepreneur,married,high.school,no,yes,no,telephone,may,mon,135,4,999,0,nonexistent,1.1,93.994,-36.4,4.857,5191.0,no
42,technician,single,professional.course,unknown,yes,no,telephone,may,mon,152,2,999,0,nonexistent,1.1,93.994,-36.4,4.857,5191.0,no
55,blue-collar,married,basic.9y,unknown,yes,no,telephone,may,mon,221,2,999,0,nonexistent,1.1,93.994,-36.4,4.857,5191.0,no
41,management,married,university.degree,unknown,no,no,telephone,may,mon,213,2,999,0,nonexistent,1.1,93.994,-36.4,4.857,5191.0,no
57,management,married,professional.course,unknown,yes,no,telephone,may,mon,144,3,999,0,nonexistent,1.1,93.994,-36.4,4.857,5191.0,no
32,services,single,high.school,no,yes,no,telephone,may,mon,158,3,999,0,nonexistent,1.1,93.994,-36.4,4.857,5191.0,no
49,admin.,married,basic.9y,no,no,no,telephone,may,mon,220,3,999,0,nonexistent,1.1,93.994,-36.4,4.857,5191.0,no
57,unknown,married,unknown,unknown,yes,no,telephone,may,mon,325,2,999,0,nonexistent,1.1,93.994,-36.4,4.857,5191.0,no
58,blue-collar,divorced,basic.4y,no,yes,no,telephone,may,mon,254,2,999,0,nonexistent,1.1,93.994,-36.4,4.857,5191.0,no
52,technician,married,high.school,no,yes,no,telephone,may,mon,503,2,999,0,nonexistent,1.1,93.994,-36.4,4.857,5191.0,no
41,blue-collar,single,basic.9y,unknown,yes,no,telephone,may,mon,421,4,999,0,nonexistent,1.1,93.994,-36.4,4.857,5191.0,no
33,entrepreneur,married,university.degree,no,yes,no,telephone,may,mon,130,3,999,0,nonexistent,1.1,93.994,-36.4,4.857,5191.0,no
57,blue-collar,married,basic.4y,no,no,no,telephone,may,mon,164,2,999,0,nonexistent,1.1,93.994,-36.4,4.857,5191.0,no
55,technician,married,professional.course,no,no,no,telephone,may,mon,113,2,999,0,nonexistent,1.1,93.994,-36.4,4.857,5191.0,no
38,services,married,high.school,no,yes,no,telephone,may,mon,347,3,999,0,nonexistent,1.1,93.994,-36.4,4.857,5191.0,no
43,unemployed,single,university.degree,no,no,no,telephone,may,mon,404,4,999,0,nonexistent,1.1,93.994,-36.4,4.857,5191.0,no
36,blue-collar,single,high.school,no,no,no,telephone,may,mon,396,2,999,0,nonexistent,1.1,93.994,-36.4,4.857,5191.0,no
33,services,married,basic.4y,no,no,no,telephone,may,mon,229,3,999,0,nonexistent,1.1,93.994,-36.4,4.857,5191.0,no
40,unemployed,divorced,high.school,unknown,no,no,telephone,may,tue,88,3,999,0,nonexistent,1.1,93.994,-36.4,4.857,5191.0,no
57,management,married,university.degree,no,yes,no,telephone,may,tue,379,2,999,0,nonexistent,1.1,93.994,-36.4,4.857,5191.0,no
45,technician,married,high.school,no,yes,no,telephone,may,tue,168,3,999,0,nonexistent,1.1,93.994,-36.4,4.857,5191.0,no
42,blue-collar,married,basic.4y,unknown,yes,no,telephone,may,tue,190,3,999,0,nonexistent,1.1,93.994,-36.4,4.857,5191.0,no
46,admin.,married,university.degree,no,yes,no,telephone,may,tue,158,1,999,0,nonexistent,1.1,93.994,-36.4,4.857,5191.0,no
36,technician,married,university.degree,no,no,no,telephone,may,tue,210,1,999,0,nonexistent,1.1,93.994,-36.4,4.857,5191.0,no
41,self-employed,married,high.school,no,yes,no,telephone,may,tue,102,1,999,0,nonexistent,1.1,93.994,-36.4,4.857,5191.0,no
57,admin.,divorced,basic.9y,no,no,no,telephone,may,tue,306,1,999,0,nonexistent,1.1,93.994,-36.4,4.857,5191.0,no
49,blue-collar,married,basic.9y,unknown,yes,no,telephone,may,tue,64,1,999,0,nonexistent,1.1,93.994,-36.4,4.857,5191.0,no
56,management,divorced,high.school,no,no,no,telephone,may,tue,218,1,999,0,nonexistent,1.1,93.994,-36.4,4.857,5191.0,no
37,blue-collar,married,basic.9y,no,no,no,telephone,may,tue,77,1,999,0,nonexistent,1.1,93.994,-36.4,4.857,5191.0,no
37,blue-collar,married,basic.9y,no,no,yes,telephone,may,tue,54,1,999,0,nonexistent,1.1,93.994,-36.4,4.857,5191.0,no
46,admin.,single,high.school,no,yes,no,telephone,may,tue,344,1,999,0,nonexistent,1.1,93.994,-36.4,4.857,5191.0,no
22,blue-collar,single,basic.9y,no,yes,no,telephone,may,tue,195,1,999,0,nonexistent,1.1,93.994,-36.4,4.857,5191.0,no
43,services,married,high.school,no,no,no,telephone,may,tue,202,1,999,0,nonexistent,1.1,93.994,-36.4,4.857,5191.0,no
49,blue-collar,married,unknown,no,no,no,telephone,may,tue,286,1,999,0,nonexistent,1.1,93.994,-36.4,4.857,5191.0,no
41,technician,married,basic.6y,no,yes,no,telephone,may,tue,278,1,999,0,nonexistent,1.1,93.994,-36.4,4.857,5191.0,no
33,admin.,married,basic.9y,no,no,no,telephone,may,tue,83,1,999,0,nonexistent,1.1,93.994,-36.4,4.857,5191.0,no
49,admin.,married,university.degree,no,yes,yes,telephone,may,tue,18,1,999,0,nonexistent,1.1,93.994,-36.4,4.857,5191.0,no
30,blue-collar,single,unknown,no,no,no,telephone,may,tue,184,2,999,0,nonexistent,1.1,93.994,-36.4,4.857,5191.0,no
33,admin.,married,basic.9y,no,yes,no,telephone,may,tue,235,1,999,0,nonexistent,1.1,93.994,-36.4,4.857,5191.0,no
30,student,single,unknown,unknown,no,no,telephone,may,tue,133,1,999,0,nonexistent,1.1,93.994,-36.4,4.857,5191.0,no
59,management,married,basic.4y,unknown,yes,yes,telephone,may,tue,318,1,999,0,nonexistent,1.1,93.994,-36.4,4.857,5191.0,no
59,management,married,basic.4y,unknown,unknown,unknown,telephone,may,tue,437,1,999,0,nonexistent,1.1,93.994,-36.4,4.857,5191.0,no
28,unknown,single,unknown,unknown,yes,yes,telephone,may,tue,1201,1,999,0,nonexistent,1.1,93.994,-36.4,4.857,5191.0,yes
50,management,married,high.school,unknown,no,no,telephone,may,tue,149,1,999,0,nonexistent,1.1,93.994,-36.4,4.857,5191.0,no
35,admin.,married,university.degree,no,no,no,telephone,may,tue,144,1,999,0,nonexistent,1.1,93.994,-36.4,4.857,5191.0,no
42,admin.,married,high.school,no,no,no,telephone,may,tue,69,1,999,0,nonexistent,1.1,93.994,-36.4,4.857,5191.0,no
45,admin.,married,basic.9y,no,no,no,telephone,may,tue,243,1,999,0,nonexistent,1.1,93.994,-36.4,4.857,5191.0,no
36,technician,married,professional.course,no,no,no,telephone,may,tue,769,2,999,0,nonexistent,1.1,93.994,-36.4,4.857,5191.0,no
56,services,married,high.school,unknown,no,no,telephone,may,tue,135,3,999,0,nonexistent,1.1,93.994,-36.4,4.857,5191.0,no
29,blue-collar,divorced,basic.4y,no,no,no,telephone,may,tue,231,1,999,0,nonexistent,1.1,93.994,-36.4,4.857,5191.0,no
41,self-employed,married,university.degree,no,yes,yes,telephone,may,tue,442,2,999,0,nonexistent,1.1,93.994,-36.4,4.857,5191.0,no
42,blue-collar,married,basic.9y,unknown,no,no,telephone,may,tue,199,1,999,0,nonexistent,1.1,93.994,-36.4,4.857,5191.0,no
52,services,single,high.school,no,no,no,telephone,may,tue,455,1,999,0,nonexistent,1.1,93.994,-36.4,4.857,5191.0,no
48,services,married,high.school,unknown,unknown,unknown,telephone,may,tue,152,1,999,0,nonexistent,1.1,93.994,-36.4,4.857,5191.0,no
31,blue-collar,married,high.school,unknown,yes,no,telephone,may,tue,124,1,999,0,nonexistent,1.1,93.994,-36.4,4.857,5191.0,no
43,unemployed,married,university.degree,unknown,yes,no,telephone,may,tue,424,1,999,0,nonexistent,1.1,93.994,-36.4,4.857,5191.0,no
42,entrepreneur,married,university.degree,no,yes,no,telephone,may,tue,154,1,999,0,nonexistent,1.1,93.994,-36.4,4.857,5191.0,no
52,services,divorced,basic.6y,no,no,no,telephone,may,tue,393,1,999,0,nonexistent,1.1,93.994,-36.4,4.857,5191.0,no
36,services,married,high.school,no,no,yes,telephone,may,tue,140,2,999,0,nonexistent,1.1,93.994,-36.4,4.857,5191.0,no
42,blue-collar,married,basic.9y,unknown,yes,no,telephone,may,tue,326,1,999,0,nonexistent,1.1,93.994,-36.4,4.857,5191.0,no
41,admin.,married,high.school,no,no,no,telephone,may,tue,483,1,999,0,nonexistent,1.1,93.994,-36.4,4.857,5191.0,no
55,technician,married,basic.4y,no,no,yes,telephone,may,tue,259,1,999,0,nonexistent,1.1,93.994,-36.4,4.857,5191.0,no
57,retired,unknown,basic.4y,no,no,no,telephone,may,tue,673,1,999,0,nonexistent,1.1,93.994,-36.4,4.857,5191.0,no
45,entrepreneur,married,basic.4y,unknown,yes,no,telephone,may,tue,576,1,999,0,nonexistent,1.1,93.994,-36.4,4.857,5191.0,no
39,self-employed,single,basic.9y,unknown,yes,yes,telephone,may,tue,90,1,999,0,nonexistent,1.1,93.994,-36.4,4.857,5191.0,no
47,admin.,married,high.school,unknown,no,no,telephone,may,tue,505,1,999,0,nonexistent,1.1,93.994,-36.4,4.857,5191.0,no
27,services,married,high.school,no,yes,no,telephone,may,tue,245,1,999,0,nonexistent,1.1,93.994,-36.4,4.857,5191.0,no
34,technician,single,university.degree,no,yes,no,telephone,may,tue,186,1,999,0,nonexistent,1.1,93.994,-36.4,4.857,5191.0,no
57,blue-collar,married,basic.4y,unknown,yes,no,telephone,may,tue,208,1,999,0,nonexistent,1.1,93.994,-36.4,4.857,5191.0,no
43,entrepreneur,married,basic.4y,no,no,no,telephone,may,tue,623,1,999,0,nonexistent,1.1,93.994,-36.4,4.857,5191.0,no
49,blue-collar,married,basic.4y,unknown,no,no,telephone,may,tue,180,1,999,0,nonexistent,1.1,93.994,-36.4,4.857,5191.0,no
38,blue-collar,married,basic.4y,unknown,yes,no,telephone,may,tue,118,1,999,0,nonexistent,1.1,93.994,-36.4,4.857,5191.0,no
49,blue-collar,married,basic.9y,no,no,no,telephone,may,tue,102,2,999,0,nonexistent,1.1,93.994,-36.4,4.857,5191.0,no
58,management,married,basic.6y,no,no,no,telephone,may,tue,342,1,999,0,nonexistent,1.1,93.994,-36.4,4.857,5191.0,no
43,technician,married,professional.course,no,yes,no,telephone,may,tue,225,1,999,0,nonexistent,1.1,93.994,-36.4,4.857,5191.0,no
50,unknown,married,unknown,unknown,yes,no,telephone,may,tue,185,3,999,0,nonexistent,1.1,93.994,-36.4,4.857,5191.0,no
31,services,married,high.school,unknown,no,no,telephone,may,tue,276,1,999,0,nonexistent,1.1,93.994,-36.4,4.857,5191.0,no
43,self-employed,divorced,university.degree,no,no,no,telephone,may,tue,87,1,999,0,nonexistent,1.1,93.994,-36.4,4.857,5191.0,no
43,self-employed,married,basic.9y,unknown,no,no,telephone,may,tue,744,1,999,0,nonexistent,1.1,93.994,-36.4,4.857,5191.0,no
30,self-employed,single,university.degree,no,yes,no,telephone,may,tue,262,1,999,0,nonexistent,1.1,93.994,-36.4,4.857,5191.0,no
27,services,single,professional.course,no,yes,yes,telephone,may,tue,271,1,999,0,nonexistent,1.1,93.994,-36.4,4.857,5191.0,no
51,services,married,unknown,unknown,no,no,telephone,may,tue,141,1,999,0,nonexistent,1.1,93.994,-36.4,4.857,5191.0,no
46,housemaid,married,basic.9y,no,yes,no,telephone,may,tue,150,1,999,0,nonexistent,1.1,93.994,-36.4,4.857,5191.0,no
35,blue-collar,married,professional.course,no,no,no,telephone,may,tue,241,1,999,0,nonexistent,1.1,93.994,-36.4,4.857,5191.0,no
46,management,married,unknown,no,yes,no,telephone,may,tue,149,1,999,0,nonexistent,1.1,93.994,-36.4,4.857,5191.0,no
40,technician,married,professional.course,unknown,no,yes,telephone,may,tue,264,1,999,0,nonexistent,1.1,93.994,-36.4,4.857,5191.0,no
32,blue-collar,divorced,basic.9y,unknown,no,no,telephone,may,tue,309,2,999,0,nonexistent,1.1,93.994,-36.4,4.857,5191.0,no
45,management,married,university.degree,no,yes,no,telephone,may,tue,140,1,999,0,nonexistent,1.1,93.994,-36.4,4.857,5191.0,no
47,blue-collar,married,unknown,unknown,no,no,telephone,may,tue,136,1,999,0,nonexistent,1.1,93.994,-36.4,4.857,5191.0,no
42,technician,married,professional.course,no,no,no,telephone,may,tue,1623,1,999,0,nonexistent,1.1,93.994,-36.4,4.857,5191.0,yes
57,technician,married,basic.4y,unknown,no,yes,telephone,may,tue,50,1,999,0,nonexistent,1.1,93.994,-36.4,4.857,5191.0,no
38,blue-collar,married,basic.4y,no,no,yes,telephone,may,tue,144,1,999,0,nonexistent,1.1,93.994,-36.4,4.857,5191.0,no
57,technician,married,basic.4y,unknown,no,no,telephone,may,tue,238,1,999,0,nonexistent,1.1,93.994,-36.4,4.857,5191.0,no
28,student,single,basic.9y,unknown,yes,no,telephone,may,tue,354,1,999,0,nonexistent,1.1,93.994,-36.4,4.857,5191.0,no
60,management,married,university.degree,no,no,no,telephone,may,tue,451,2,999,0,nonexistent,1.1,93.994,-36.4,4.857,5191.0,no
47,technician,married,professional.course,no,yes,no,telephone,may,tue,170,1,999,0,nonexistent,1.1,93.994,-36.4,4.857,5191.0,no
40,admin.,married,high.school,no,no,no,telephone,may,tue,243,1,999,0,nonexistent,1.1,93.994,-36.4,4.857,5191.0,no
51,management,married,professional.course,unknown,yes,no,telephone,may,tue,141,2,999,0,nonexistent,1.1,93.994,-36.4,4.857,5191.0,no
48,unemployed,single,basic.4y,no,yes,no,telephone,may,tue,112,1,999,0,nonexistent,1.1,93.994,-36.4,4.857,5191.0,no
54,housemaid,married,basic.4y,no,no,no,telephone,may,tue,262,2,999,0,nonexistent,1.1,93.994,-36.4,4.857,5191.0,no
40,blue-collar,married,basic.6y,no,no,yes,telephone,may,tue,53,1,999,0,nonexistent,1.1,93.994,-36.4,4.857,5191.0,no
44,admin.,single,basic.9y,unknown,no,no,telephone,may,tue,134,1,999,0,nonexistent,1.1,93.994,-36.4,4.857,5191.0,no
52,self-employed,married,university.degree,no,yes,no,telephone,may,tue,678,1,999,0,nonexistent,1.1,93.994,-36.4,4.857,5191.0,no
31,blue-collar,single,basic.9y,no,yes,no,telephone,may,tue,182,1,999,0,nonexistent,1.1,93.994,-36.4,4.857,5191.0,no
32,services,married,high.school,no,no,no,telephone,may,tue,162,1,999,0,nonexistent,1.1,93.994,-36.4,4.857,5191.0,no
39,management,married,basic.6y,unknown,no,no,telephone,may,tue,27,1,999,0,nonexistent,1.1,93.994,-36.4,4.857,5191.0,no
57,management,married,professional.course,unknown,yes,no,telephone,may,tue,699,3,999,0,nonexistent,1.1,93.994,-36.4,4.857,5191.0,no
52,admin.,married,basic.4y,no,yes,no,telephone,may,tue,358,1,999,0,nonexistent,1.1,93.994,-36.4,4.857,5191.0,no
42,management,married,university.degree,no,no,no,telephone,may,tue,1677,1,999,0,nonexistent,1.1,93.994,-36.4,4.857,5191.0,yes
42,technician,single,professional.course,unknown,unknown,unknown,telephone,may,tue,529,1,999,0,nonexistent,1.1,93.994,-36.4,4.857,5191.0,no
43,management,married,professional.course,no,yes,no,telephone,may,tue,310,1,999,0,nonexistent,1.1,93.994,-36.4,4.857,5191.0,no
57,blue-collar,divorced,basic.4y,no,no,no,telephone,may,tue,30,2,999,0,nonexistent,1.1,93.994,-36.4,4.857,5191.0,no
59,unknown,married,unknown,unknown,no,no,telephone,may,tue,113,1,999,0,nonexistent,1.1,93.994,-36.4,4.857,5191.0,no
39,blue-collar,married,basic.4y,unknown,no,no,telephone,may,tue,114,1,999,0,nonexistent,1.1,93.994,-36.4,4.857,5191.0,no
41,management,married,unknown,unknown,no,no,telephone,may,tue,448,1,999,0,nonexistent,1.1,93.994,-36.4,4.857,5191.0,no
37,technician,single,high.school,unknown,no,yes,telephone,may,tue,264,1,999,0,nonexistent,1.1,93.994,-36.4,4.857,5191.0,no
38,services,married,high.school,no,yes,no,telephone,may,tue,169,1,999,0,nonexistent,1.1,93.994,-36.4,4.857,5191.0,no
42,retired,married,basic.4y,no,no,no,telephone,may,tue,145,1,999,0,nonexistent,1.1,93.994,-36.4,4.857,5191.0,no
49,unknown,married,unknown,unknown,yes,no,telephone,may,tue,288,1,999,0,nonexistent,1.1,93.994,-36.4,4.857,5191.0,no
36,admin.,married,university.degree,no,unknown,unknown,telephone,may,tue,176,2,999,0,nonexistent,1.1,93.994,-36.4,4.857,5191.0,no
32,admin.,single,university.degree,unknown,no,no,telephone,may,tue,215,1,999,0,nonexistent,1.1,93.994,-36.4,4.857,5191.0,no
35,technician,married,professional.course,no,yes,no,telephone,may,tue,278,1,999,0,nonexistent,1.1,93.994,-36.4,4.857,5191.0,no
45,housemaid,married,professional.course,unknown,no,no,telephone,may,tue,188,2,999,0,nonexistent,1.1,93.994,-36.4,4.857,5191.0,no
34,technician,married,university.degree,no,yes,no,telephone,may,tue,226,2,999,0,nonexistent,1.1,93.994,-36.4,4.857,5191.0,no
41,unemployed,married,basic.9y,unknown,no,no,telephone,may,tue,111,2,999,0,nonexistent,1.1,93.994,-36.4,4.857,5191.0,no
41,services,married,basic.9y,no,no,no,telephone,may,tue,157,2,999,0,nonexistent,1.1,93.994,-36.4,4.857,5191.0,no
36,blue-collar,married,basic.9y,unknown,no,no,telephone,may,tue,46,1,999,0,nonexistent,1.1,93.994,-36.4,4.857,5191.0,no
32,admin.,single,university.degree,unknown,unknown,unknown,telephone,may,tue,49,1,999,0,nonexistent,1.1,93.994,-36.4,4.857,5191.0,no
31,services,married,high.school,unknown,unknown,unknown,telephone,may,tue,374,1,999,0,nonexistent,1.1,93.994,-36.4,4.857,5191.0,no
38,technician,married,professional.course,no,yes,no,telephone,may,tue,349,1,999,0,nonexistent,1.1,93.994,-36.4,4.857,5191.0,no
35,admin.,divorced,university.degree,unknown,yes,no,telephone,may,tue,325,1,999,0,nonexistent,1.1,93.994,-36.4,4.857,5191.0,no
53,admin.,married,professional.course,no,yes,no,telephone,may,tue,233,2,999,0,nonexistent,1.1,93.994,-36.4,4.857,5191.0,no
51,admin.,married,basic.6y,unknown,yes,no,telephone,may,tue,531,1,999,0,nonexistent,1.1,93.994,-36.4,4.857,5191.0,no
56,entrepreneur,married,university.degree,unknown,no,no,telephone,may,tue,153,1,999,0,nonexistent,1.1,93.994,-36.4,4.857,5191.0,no
33,admin.,married,basic.9y,no,unknown,unknown,telephone,may,tue,80,1,999,0,nonexistent,1.1,93.994,-36.4,4.857,5191.0,no
33,admin.,married,basic.9y,no,no,no,telephone,may,tue,198,1,999,0,nonexistent,1.1,93.994,-36.4,4.857,5191.0,no
51,services,divorced,high.school,unknown,yes,no,telephone,may,tue,568,1,999,0,nonexistent,1.1,93.994,-36.4,4.857,5191.0,no
45,entrepreneur,married,university.degree,no,no,no,telephone,may,tue,82,1,999,0,nonexistent,1.1,93.994,-36.4,4.857,5191.0,no
40,technician,single,university.degree,no,no,no,telephone,may,tue,198,3,999,0,nonexistent,1.1,93.994,-36.4,4.857,5191.0,no
60,unknown,single,unknown,unknown,yes,no,telephone,may,tue,211,1,999,0,nonexistent,1.1,93.994,-36.4,4.857,5191.0,no
33,technician,married,university.degree,no,yes,no,telephone,may,tue,120,1,999,0,nonexistent,1.1,93.994,-36.4,4.857,5191.0,no
47,blue-collar,married,high.school,unknown,yes,no,telephone,may,tue,269,1,999,0,nonexistent,1.1,93.994,-36.4,4.857,5191.0,no
48,blue-collar,married,basic.4y,no,no,no,telephone,may,tue,128,1,999,0,nonexistent,1.1,93.994,-36.4,4.857,5191.0,no
43,entrepreneur,married,high.school,no,no,no,telephone,may,tue,166,2,999,0,nonexistent,1.1,93.994,-36.4,4.857,5191.0,no
37,management,married,university.degree,no,yes,no,telephone,may,tue,211,1,999,0,nonexistent,1.1,93.994,-36.4,4.857,5191.0,no
59,entrepreneur,married,high.school,no,yes,no,telephone,may,tue,91,1,999,0,nonexistent,1.1,93.994,-36.4,4.857,5191.0,no
32,technician,married,unknown,unknown,yes,no,telephone,may,tue,267,2,999,0,nonexistent,1.1,93.994,-36.4,4.857,5191.0,no
42,housemaid,single,basic.4y,unknown,yes,no,telephone,may,tue,198,1,999,0,nonexistent,1.1,93.994,-36.4,4.857,5191.0,no
52,blue-collar,married,basic.4y,no,no,no,telephone,may,tue,371,2,999,0,nonexistent,1.1,93.994,-36.4,4.857,5191.0,no
42,blue-collar,married,unknown,unknown,no,no,telephone,may,tue,288,2,999,0,nonexistent,1.1,93.994,-36.4,4.857,5191.0,no
42,admin.,married,unknown,no,no,no,telephone,may,tue,221,1,999,0,nonexistent,1.1,93.994,-36.4,4.857,5191.0,no
40,management,married,basic.9y,unknown,unknown,unknown,telephone,may,tue,427,1,999,0,nonexistent,1.1,93.994,-36.4,4.857,5191.0,no
38,blue-collar,married,basic.9y,no,no,no,telephone,may,tue,310,1,999,0,nonexistent,1.1,93.994,-36.4,4.857,5191.0,no
39,blue-collar,married,basic.6y,no,yes,no,telephone,may,tue,158,1,999,0,nonexistent,1.1,93.994,-36.4,4.857,5191.0,no
38,admin.,married,high.school,no,no,no,telephone,may,tue,145,1,999,0,nonexistent,1.1,93.994,-36.4,4.857,5191.0,no
47,admin.,single,unknown,unknown,yes,no,telephone,may,tue,247,1,999,0,nonexistent,1.1,93.994,-36.4,4.857,5191.0,no
30,services,single,high.school,no,no,no,telephone,may,tue,102,1,999,0,nonexistent,1.1,93.994,-36.4,4.857,5191.0,no
38,admin.,divorced,high.school,no,yes,yes,telephone,may,tue,179,2,999,0,nonexistent,1.1,93.994,-36.4,4.857,5191.0,no
39,technician,divorced,university.degree,no,no,no,telephone,may,tue,73,1,999,0,nonexistent,1.1,93.994,-36.4,4.857,5191.0,no
44,admin.,married,high.school,no,no,no,telephone,may,tue,263,2,999,0,nonexistent,1.1,93.994,-36.4,4.857,5191.0,no
36,admin.,married,high.school,no,no,no,telephone,may,tue,342,2,999,0,nonexistent,1.1,93.994,-36.4,4.857,5191.0,no
41,services,married,high.school,unknown,yes,yes,telephone,may,tue,41,1,999,0,nonexistent,1.1,93.994,-36.4,4.857,5191.0,no
41,blue-collar,married,basic.6y,no,no,no,telephone,may,tue,13,1,999,0,nonexistent,1.1,93.994,-36.4,4.857,5191.0,no
35,blue-collar,married,basic.9y,no,no,no,telephone,may,tue,79,2,999,0,nonexistent,1.1,93.994,-36.4,4.857,5191.0,no
41,technician,married,high.school,no,no,no,telephone,may,tue,358,1,999,0,nonexistent,1.1,93.994,-36.4,4.857,5191.0,no
36,services,married,high.school,unknown,no,no,telephone,may,tue,162,1,999,0,nonexistent,1.1,93.994,-36.4,4.857,5191.0,no
35,admin.,single,high.school,no,yes,yes,telephone,may,tue,150,1,999,0,nonexistent,1.1,93.994,-36.4,4.857,5191.0,no
33,blue-collar,single,basic.4y,unknown,no,no,telephone,may,tue,26,1,999,0,nonexistent,1.1,93.994,-36.4,4.857,5191.0,no
38,admin.,single,basic.6y,unknown,no,no,telephone,may,tue,250,1,999,0,nonexistent,1.1,93.994,-36.4,4.857,5191.0,no
55,self-employed,married,unknown,unknown,no,no,telephone,may,tue,146,1,999,0,nonexistent,1.1,93.994,-36.4,4.857,5191.0,no
36,blue-collar,single,basic.9y,unknown,no,no,telephone,may,tue,440,1,999,0,nonexistent,1.1,93.994,-36.4,4.857,5191.0,no
30,self-employed,single,high.school,no,yes,no,telephone,may,tue,123,1,999,0,nonexistent,1.1,93.994,-36.4,4.857,5191.0,no
46,admin.,married,university.degree,no,no,no,telephone,may,tue,268,2,999,0,nonexistent,1.1,93.994,-36.4,4.857,5191.0,no
34,admin.,single,university.degree,no,yes,yes,telephone,may,tue,26,1,999,0,nonexistent,1.1,93.994,-36.4,4.857,5191.0,no
50,blue-collar,married,basic.4y,unknown,unknown,unknown,telephone,may,tue,153,1,999,0,nonexistent,1.1,93.994,-36.4,4.857,5191.0,no
39,blue-collar,married,basic.9y,unknown,no,no,telephone,may,tue,375,1,999,0,nonexistent,1.1,93.994,-36.4,4.857,5191.0,no
42,entrepreneur,married,basic.6y,no,no,no,telephone,may,tue,179,2,999,0,nonexistent,1.1,93.994,-36.4,4.857,5191.0,no
57,retired,married,university.degree,no,yes,no,telephone,may,tue,383,1,999,0,nonexistent,1.1,93.994,-36.4,4.857,5191.0,no
40,technician,married,basic.4y,no,no,no,telephone,may,tue,217,1,999,0,nonexistent,1.1,93.994,-36.4,4.857,5191.0,no
38,blue-collar,single,basic.4y,unknown,no,no,telephone,may,tue,87,1,999,0,nonexistent,1.1,93.994,-36.4,4.857,5191.0,no
39,blue-collar,married,basic.6y,unknown,yes,yes,telephone,may,tue,427,1,999,0,nonexistent,1.1,93.994,-36.4,4.857,5191.0,no
41,blue-collar,married,basic.4y,no,no,no,telephone,may,tue,189,1,999,0,nonexistent,1.1,93.994,-36.4,4.857,5191.0,no
39,blue-collar,married,basic.6y,unknown,yes,no,telephone,may,tue,502,1,999,0,nonexistent,1.1,93.994,-36.4,4.857,5191.0,no
41,blue-collar,married,basic.4y,no,yes,yes,telephone,may,tue,260,1,999,0,nonexistent,1.1,93.994,-36.4,4.857,5191.0,no
45,admin.,married,university.degree,unknown,no,no,telephone,may,tue,209,1,999,0,nonexistent,1.1,93.994,-36.4,4.857,5191.0,no
35,admin.,married,basic.6y,no,yes,no,telephone,may,tue,179,1,999,0,nonexistent,1.1,93.994,-36.4,4.857,5191.0,no
49,blue-collar,married,high.school,unknown,no,no,telephone,may,tue,69,1,999,0,nonexistent,1.1,93.994,-36.4,4.857,5191.0,no
36,technician,married,unknown,no,no,no,telephone,may,tue,105,2,999,0,nonexistent,1.1,93.994,-36.4,4.857,5191.0,no
23,admin.,single,university.degree,no,no,no,telephone,may,tue,266,3,999,0,nonexistent,1.1,93.994,-36.4,4.857,5191.0,no
43,unemployed,married,university.degree,unknown,unknown,unknown,telephone,may,tue,87,2,999,0,nonexistent,1.1,93.994,-36.4,4.857,5191.0,no
49,entrepreneur,married,professional.course,no,unknown,unknown,telephone,may,tue,524,2,999,0,nonexistent,1.1,93.994,-36.4,4.857,5191.0,no
36,technician,married,professional.course,no,unknown,unknown,telephone,may,tue,155,2,999,0,nonexistent,1.1,93.994,-36.4,4.857,5191.0,no
51,blue-collar,married,basic.9y,unknown,yes,no,telephone,may,tue,162,2,999,0,nonexistent,1.1,93.994,-36.4,4.857,5191.0,no
45,housemaid,married,high.school,no,no,no,telephone,may,tue,352,2,999,0,nonexistent,1.1,93.994,-36.4,4.857,5191.0,no
42,admin.,married,high.school,no,no,no,telephone,may,tue,695,3,999,0,nonexistent,1.1,93.994,-36.4,4.857,5191.0,no
41,admin.,divorced,high.school,no,no,no,telephone,may,tue,76,4,999,0,nonexistent,1.1,93.994,-36.4,4.857,5191.0,no
46,management,married,university.degree,no,no,no,telephone,may,tue,310,2,999,0,nonexistent,1.1,93.994,-36.4,4.857,5191.0,no
37,blue-collar,married,unknown,no,no,no,telephone,may,tue,390,3,999,0,nonexistent,1.1,93.994,-36.4,4.857,5191.0,no
53,management,married,university.degree,unknown,no,no,telephone,may,tue,369,1,999,0,nonexistent,1.1,93.994,-36.4,4.857,5191.0,no
30,blue-collar,married,basic.4y,no,no,no,telephone,may,tue,112,2,999,0,nonexistent,1.1,93.994,-36.4,4.857,5191.0,no
45,unknown,married,unknown,unknown,no,no,telephone,may,tue,79,1,999,0,nonexistent,1.1,93.994,-36.4,4.857,5191.0,no
45,unknown,married,unknown,unknown,no,no,telephone,may,tue,315,1,999,0,nonexistent,1.1,93.994,-36.4,4.857,5191.0,no
34,admin.,single,university.degree,no,no,yes,telephone,may,tue,262,2,999,0,nonexistent,1.1,93.994,-36.4,4.857,5191.0,no
59,blue-collar,married,basic.4y,no,yes,no,telephone,may,tue,424,2,999,0,nonexistent,1.1,93.994,-36.4,4.857,5191.0,no
54,blue-collar,married,basic.6y,unknown,no,no,telephone,may,tue,36,5,999,0,nonexistent,1.1,93.994,-36.4,4.857,5191.0,no
32,technician,married,professional.course,no,no,no,telephone,may,tue,1906,3,999,0,nonexistent,1.1,93.994,-36.4,4.857,5191.0,no
33,technician,married,professional.course,no,yes,no,telephone,may,tue,219,2,999,0,nonexistent,1.1,93.994,-36.4,4.857,5191.0,no
32,admin.,married,university.degree,no,no,no,telephone,may,tue,135,1,999,0,nonexistent,1.1,93.994,-36.4,4.857,5191.0,no
34,services,single,high.school,no,unknown,unknown,telephone,may,tue,147,2,999,0,nonexistent,1.1,93.994,-36.4,4.857,5191.0,no
46,management,married,university.degree,no,no,no,telephone,may,tue,407,2,999,0,nonexistent,1.1,93.994,-36.4,4.857,5191.0,no
57,technician,married,professional.course,no,yes,no,telephone,may,tue,402,4,999,0,nonexistent,1.1,93.994,-36.4,4.857,5191.0,no
42,technician,married,basic.9y,no,no,no,telephone,may,tue,209,1,999,0,nonexistent,1.1,93.994,-36.4,4.857,5191.0,no
48,admin.,married,professional.course,no,yes,no,telephone,may,tue,92,2,999,0,nonexistent,1.1,93.994,-36.4,4.857,5191.0,no
34,services,married,high.school,no,no,no,telephone,may,tue,193,1,999,0,nonexistent,1.1,93.994,-36.4,4.857,5191.0,no
32,admin.,single,university.degree,no,yes,yes,telephone,may,tue,65,1,999,0,nonexistent,1.1,93.994,-36.4,4.857,5191.0,no
48,blue-collar,married,basic.9y,no,no,no,telephone,may,tue,284,2,999,0,nonexistent,1.1,93.994,-36.4,4.857,5191.0,no
47,blue-collar,married,basic.9y,no,no,no,telephone,may,tue,285,1,999,0,nonexistent,1.1,93.994,-36.4,4.857,5191.0,no
31,services,married,high.school,unknown,no,no,telephone,may,tue,231,1,999,0,nonexistent,1.1,93.994,-36.4,4.857,5191.0,no
32,admin.,single,university.degree,no,yes,no,telephone,may,tue,278,1,999,0,nonexistent,1.1,93.994,-36.4,4.857,5191.0,no
32,admin.,single,university.degree,no,no,no,telephone,may,tue,389,1,999,0,nonexistent,1.1,93.994,-36.4,4.857,5191.0,no
53,blue-collar,married,basic.4y,unknown,no,yes,telephone,may,tue,78,2,999,0,nonexistent,1.1,93.994,-36.4,4.857,5191.0,no
37,blue-collar,married,basic.9y,unknown,no,no,telephone,may,tue,258,5,999,0,nonexistent,1.1,93.994,-36.4,4.857,5191.0,no
50,services,married,high.school,no,no,no,telephone,may,tue,87,1,999,0,nonexistent,1.1,93.994,-36.4,4.857,5191.0,no
46,blue-collar,married,basic.6y,no,yes,no,telephone,may,tue,147,2,999,0,nonexistent,1.1,93.994,-36.4,4.857,5191.0,no
41,admin.,married,high.school,no,no,no,telephone,may,tue,635,1,999,0,nonexistent,1.1,93.994,-36.4,4.857,5191.0,no
43,blue-collar,single,basic.4y,no,no,no,telephone,may,tue,289,1,999,0,nonexistent,1.1,93.994,-36.4,4.857,5191.0,no
51,management,married,university.degree,no,yes,no,telephone,may,tue,170,3,999,0,nonexistent,1.1,93.994,-36.4,4.857,5191.0,no
38,admin.,married,university.degree,no,yes,no,telephone,may,tue,802,1,999,0,nonexistent,1.1,93.994,-36.4,4.857,5191.0,no
41,technician,married,basic.6y,no,yes,no,telephone,may,tue,381,2,999,0,nonexistent,1.1,93.994,-36.4,4.857,5191.0,no
39,services,married,high.school,unknown,no,no,telephone,may,tue,218,4,999,0,nonexistent,1.1,93.994,-36.4,4.857,5191.0,no
52,blue-collar,married,basic.4y,no,no,no,telephone,may,tue,57,2,999,0,nonexistent,1.1,93.994,-36.4,4.857,5191.0,no
37,technician,married,professional.course,no,yes,no,telephone,may,tue,304,2,999,0,nonexistent,1.1,93.994,-36.4,4.857,5191.0,no
41,admin.,married,basic.9y,no,yes,no,telephone,may,tue,241,3,999,0,nonexistent,1.1,93.994,-36.4,4.857,5191.0,no
46,admin.,divorced,university.degree,no,yes,yes,telephone,may,tue,230,1,999,0,nonexistent,1.1,93.994,-36.4,4.857,5191.0,no
47,technician,married,professional.course,no,no,no,telephone,may,tue,79,4,999,0,nonexistent,1.1,93.994,-36.4,4.857,5191.0,no
35,technician,married,professional.course,no,no,no,telephone,may,tue,262,3,999,0,nonexistent,1.1,93.994,-36.4,4.857,5191.0,no
38,services,married,high.school,unknown,no,no,telephone,may,tue,392,2,999,0,nonexistent,1.1,93.994,-36.4,4.857,5191.0,no
30,technician,married,professional.course,no,no,no,telephone,may,tue,252,1,999,0,nonexistent,1.1,93.994,-36.4,4.857,5191.0,no
35,services,single,basic.4y,no,no,no,telephone,may,tue,329,1,999,0,nonexistent,1.1,93.994,-36.4,4.857,5191.0,no
58,admin.,married,unknown,unknown,yes,no,telephone,may,tue,328,2,999,0,nonexistent,1.1,93.994,-36.4,4.857,5191.0,no
40,technician,married,professional.course,no,no,no,telephone,may,tue,191,2,999,0,nonexistent,1.1,93.994,-36.4,4.857,5191.0,no
34,technician,married,university.degree,no,no,no,telephone,may,tue,116,2,999,0,nonexistent,1.1,93.994,-36.4,4.857,5191.0,no
30,admin.,single,university.degree,no,no,no,telephone,may,tue,246,1,999,0,nonexistent,1.1,93.994,-36.4,4.857,5191.0,no
55,management,single,basic.4y,no,no,no,telephone,may,tue,293,1,999,0,nonexistent,1.1,93.994,-36.4,4.857,5191.0,no
55,management,married,university.degree,unknown,yes,no,telephone,may,tue,416,3,999,0,nonexistent,1.1,93.994,-36.4,4.857,5191.0,no
45,technician,single,professional.course,no,yes,no,telephone,may,tue,37,2,999,0,nonexistent,1.1,93.994,-36.4,4.857,5191.0,no
36,admin.,married,university.degree,no,yes,yes,telephone,may,tue,132,2,999,0,nonexistent,1.1,93.994,-36.4,4.857,5191.0,no
32,admin.,single,university.degree,no,no,no,telephone,may,tue,530,2,999,0,nonexistent,1.1,93.994,-36.4,4.857,5191.0,no
35,technician,married,unknown,unknown,yes,no,telephone,may,tue,175,3,999,0,nonexistent,1.1,93.994,-36.4,4.857,5191.0,no
55,management,divorced,university.degree,no,yes,no,telephone,may,tue,90,5,999,0,nonexistent,1.1,93.994,-36.4,4.857,5191.0,no
49,housemaid,married,basic.4y,unknown,unknown,unknown,telephone,may,tue,524,2,999,0,nonexistent,1.1,93.994,-36.4,4.857,5191.0,no
29,admin.,married,high.school,no,yes,no,telephone,may,tue,29,3,999,0,nonexistent,1.1,93.994,-36.4,4.857,5191.0,no
34,blue-collar,married,basic.4y,no,yes,no,telephone,may,tue,311,2,999,0,nonexistent,1.1,93.994,-36.4,4.857,5191.0,no
54,retired,married,high.school,unknown,yes,no,telephone,may,tue,412,1,999,0,nonexistent,1.1,93.994,-36.4,4.857,5191.0,no
36,technician,single,professional.course,no,no,no,telephone,may,tue,211,2,999,0,nonexistent,1.1,93.994,-36.4,4.857,5191.0,no
30,management,single,university.degree,no,yes,no,telephone,may,tue,312,3,999,0,nonexistent,1.1,93.994,-36.4,4.857,5191.0,no
33,housemaid,divorced,university.degree,no,no,no,telephone,may,tue,392,1,999,0,nonexistent,1.1,93.994,-36.4,4.857,5191.0,no
37,blue-collar,married,high.school,no,no,no,telephone,may,tue,191,1,999,0,nonexistent,1.1,93.994,-36.4,4.857,5191.0,no
32,housemaid,married,high.school,no,yes,no,telephone,may,tue,100,1,999,0,nonexistent,1.1,93.994,-36.4,4.857,5191.0,no
32,housemaid,married,high.school,no,no,no,telephone,may,tue,226,1,999,0,nonexistent,1.1,93.994,-36.4,4.857,5191.0,no
39,blue-collar,married,basic.9y,no,no,yes,telephone,may,tue,333,2,999,0,nonexistent,1.1,93.994,-36.4,4.857,5191.0,no
51,blue-collar,divorced,unknown,unknown,yes,yes,telephone,may,tue,128,2,999,0,nonexistent,1.1,93.994,-36.4,4.857,5191.0,no
33,services,married,high.school,no,no,no,telephone,may,tue,322,2,999,0,nonexistent,1.1,93.994,-36.4,4.857,5191.0,no
33,services,married,basic.4y,no,no,no,telephone,may,tue,202,4,999,0,nonexistent,1.1,93.994,-36.4,4.857,5191.0,no
56,management,married,university.degree,unknown,no,yes,telephone,may,tue,92,2,999,0,nonexistent,1.1,93.994,-36.4,4.857,5191.0,no
42,admin.,single,unknown,no,yes,no,telephone,may,tue,339,3,999,0,nonexistent,1.1,93.994,-36.4,4.857,5191.0,no
46,blue-collar,married,basic.6y,unknown,yes,no,telephone,may,tue,467,2,999,0,nonexistent,1.1,93.994,-36.4,4.857,5191.0,no
27,technician,married,basic.9y,no,no,yes,telephone,may,tue,245,2,999,0,nonexistent,1.1,93.994,-36.4,4.857,5191.0,no
47,admin.,divorced,university.degree,no,yes,no,telephone,may,tue,160,3,999,0,nonexistent,1.1,93.994,-36.4,4.857,5191.0,no
31,admin.,single,university.degree,no,no,no,telephone,may,tue,189,2,999,0,nonexistent,1.1,93.994,-36.4,4.857,5191.0,no
54,admin.,married,high.school,no,no,no,telephone,may,tue,65,3,999,0,nonexistent,1.1,93.994,-36.4,4.857,5191.0,no
56,management,married,university.degree,unknown,no,no,telephone,may,tue,191,1,999,0,nonexistent,1.1,93.994,-36.4,4.857,5191.0,no
48,services,single,high.school,unknown,yes,no,telephone,may,tue,196,2,999,0,nonexistent,1.1,93.994,-36.4,4.857,5191.0,no
44,admin.,married,high.school,no,yes,no,telephone,may,tue,221,2,999,0,nonexistent,1.1,93.994,-36.4,4.857,5191.0,no
46,admin.,married,high.school,no,no,yes,telephone,may,tue,197,2,999,0,nonexistent,1.1,93.994,-36.4,4.857,5191.0,no
45,services,married,high.school,no,yes,no,telephone,may,tue,178,2,999,0,nonexistent,1.1,93.994,-36.4,4.857,5191.0,no
43,admin.,married,professional.course,no,no,yes,telephone,may,tue,221,2,999,0,nonexistent,1.1,93.994,-36.4,4.857,5191.0,no
40,admin.,single,high.school,unknown,no,no,telephone,may,tue,64,2,999,0,nonexistent,1.1,93.994,-36.4,4.857,5191.0,no
56,management,married,university.degree,no,yes,no,telephone,may,tue,75,2,999,0,nonexistent,1.1,93.994,-36.4,4.857,5191.0,no
47,entrepreneur,married,professional.course,no,no,no,telephone,may,tue,400,2,999,0,nonexistent,1.1,93.994,-36.4,4.857,5191.0,no
39,management,divorced,university.degree,unknown,yes,no,telephone,may,tue,378,3,999,0,nonexistent,1.1,93.994,-36.4,4.857,5191.0,no
48,technician,married,basic.4y,unknown,no,no,telephone,may,tue,118,2,999,0,nonexistent,1.1,93.994,-36.4,4.857,5191.0,no
45,housemaid,married,professional.course,unknown,yes,no,telephone,may,tue,1597,2,999,0,nonexistent,1.1,93.994,-36.4,4.857,5191.0,yes
36,self-employed,married,university.degree,no,no,no,telephone,may,tue,346,2,999,0,nonexistent,1.1,93.994,-36.4,4.857,5191.0,no
49,management,married,professional.course,unknown,yes,no,telephone,may,tue,107,2,999,0,nonexistent,1.1,93.994,-36.4,4.857,5191.0,no
46,services,married,high.school,no,no,no,telephone,may,tue,60,3,999,0,nonexistent,1.1,93.994,-36.4,4.857,5191.0,no
38,blue-collar,married,basic.9y,no,yes,no,telephone,may,tue,276,2,999,0,nonexistent,1.1,93.994,-36.4,4.857,5191.0,no
50,housemaid,married,basic.4y,unknown,yes,no,telephone,may,tue,176,2,999,0,nonexistent,1.1,93.994,-36.4,4.857,5191.0,no
27,admin.,single,high.school,no,yes,no,telephone,may,tue,390,2,999,0,nonexistent,1.1,93.994,-36.4,4.857,5191.0,no
40,technician,married,professional.course,unknown,yes,no,telephone,may,tue,251,3,999,0,nonexistent,1.1,93.994,-36.4,4.857,5191.0,no
46,management,married,university.degree,no,yes,no,telephone,may,tue,716,2,999,0,nonexistent,1.1,93.994,-36.4,4.857,5191.0,no
40,admin.,divorced,university.degree,no,yes,no,telephone,may,tue,189,3,999,0,nonexistent,1.1,93.994,-36.4,4.857,5191.0,no
33,management,single,university.degree,no,no,no,telephone,may,tue,125,2,999,0,nonexistent,1.1,93.994,-36.4,4.857,5191.0,no
54,retired,married,high.school,no,yes,no,telephone,may,tue,234,2,999,0,nonexistent,1.1,93.994,-36.4,4.857,5191.0,no
52,blue-collar,married,basic.4y,unknown,yes,no,telephone,may,tue,79,2,999,0,nonexistent,1.1,93.994,-36.4,4.857,5191.0,no
53,admin.,married,university.degree,unknown,yes,no,telephone,may,tue,13,6,999,0,nonexistent,1.1,93.994,-36.4,4.857,5191.0,no
49,services,married,high.school,unknown,no,no,telephone,may,tue,296,3,999,0,nonexistent,1.1,93.994,-36.4,4.857,5191.0,no
40,entrepreneur,married,basic.9y,no,no,no,telephone,may,tue,109,2,999,0,nonexistent,1.1,93.994,-36.4,4.857,5191.0,no
59,admin.,married,university.degree,unknown,no,no,telephone,may,tue,132,2,999,0,nonexistent,1.1,93.994,-36.4,4.857,5191.0,no
51,self-employed,married,basic.9y,no,yes,no,telephone,may,tue,144,2,999,0,nonexistent,1.1,93.994,-36.4,4.857,5191.0,no
57,housemaid,married,basic.6y,unknown,yes,no,telephone,may,tue,121,2,999,0,nonexistent,1.1,93.994,-36.4,4.857,5191.0,no
26,unemployed,single,basic.9y,no,yes,no,telephone,may,tue,112,3,999,0,nonexistent,1.1,93.994,-36.4,4.857,5191.0,no
35,admin.,married,university.degree,no,yes,yes,telephone,may,tue,161,2,999,0,nonexistent,1.1,93.994,-36.4,4.857,5191.0,no
51,admin.,married,university.degree,no,no,no,telephone,may,tue,87,4,999,0,nonexistent,1.1,93.994,-36.4,4.857,5191.0,no
43,blue-collar,married,basic.4y,unknown,yes,yes,telephone,may,tue,593,2,999,0,nonexistent,1.1,93.994,-36.4,4.857,5191.0,no
42,admin.,married,high.school,unknown,yes,no,telephone,may,tue,99,2,999,0,nonexistent,1.1,93.994,-36.4,4.857,5191.0,no
36,blue-collar,married,basic.9y,no,yes,no,telephone,may,tue,285,2,999,0,nonexistent,1.1,93.994,-36.4,4.857,5191.0,no
57,management,married,university.degree,unknown,no,no,telephone,may,tue,190,3,999,0,nonexistent,1.1,93.994,-36.4,4.857,5191.0,no
35,student,single,university.degree,unknown,no,no,telephone,may,tue,172,5,999,0,nonexistent,1.1,93.994,-36.4,4.857,5191.0,no
30,admin.,married,university.degree,no,no,no,telephone,may,tue,178,2,999,0,nonexistent,1.1,93.994,-36.4,4.857,5191.0,no
40,technician,married,basic.9y,no,no,no,telephone,may,tue,631,2,999,0,nonexistent,1.1,93.994,-36.4,4.857,5191.0,no
45,technician,married,university.degree,no,no,no,telephone,may,tue,152,3,999,0,nonexistent,1.1,93.994,-36.4,4.857,5191.0,no
56,retired,married,high.school,no,no,no,telephone,may,tue,176,5,999,0,nonexistent,1.1,93.994,-36.4,4.857,5191.0,no
46,services,married,basic.6y,no,no,no,telephone,may,tue,32,3,999,0,nonexistent,1.1,93.994,-36.4,4.857,5191.0,no
41,blue-collar,married,basic.4y,no,yes,no,telephone,may,tue,1529,2,999,0,nonexistent,1.1,93.994,-36.4,4.857,5191.0,no
56,blue-collar,married,basic.4y,no,no,no,telephone,may,tue,214,2,999,0,nonexistent,1.1,93.994,-36.4,4.857,5191.0,no
43,entrepreneur,married,basic.4y,no,yes,no,telephone,may,tue,147,3,999,0,nonexistent,1.1,93.994,-36.4,4.857,5191.0,no
38,services,married,high.school,no,yes,no,telephone,may,tue,106,2,999,0,nonexistent,1.1,93.994,-36.4,4.857,5191.0,no
40,technician,married,basic.9y,no,no,no,telephone,may,tue,135,2,999,0,nonexistent,1.1,93.994,-36.4,4.857,5191.0,no
38,admin.,married,high.school,no,no,no,telephone,may,tue,112,4,999,0,nonexistent,1.1,93.994,-36.4,4.857,5191.0,no
48,entrepreneur,married,university.degree,no,yes,no,telephone,may,tue,222,2,999,0,nonexistent,1.1,93.994,-36.4,4.857,5191.0,no
47,admin.,single,unknown,unknown,yes,yes,telephone,may,tue,410,2,999,0,nonexistent,1.1,93.994,-36.4,4.857,5191.0,no
48,blue-collar,married,professional.course,unknown,no,no,telephone,may,tue,207,3,999,0,nonexistent,1.1,93.994,-36.4,4.857,5191.0,no
31,admin.,single,high.school,no,yes,yes,telephone,may,tue,239,2,999,0,nonexistent,1.1,93.994,-36.4,4.857,5191.0,no
39,self-employed,single,basic.4y,unknown,yes,no,telephone,may,tue,83,4,999,0,nonexistent,1.1,93.994,-36.4,4.857,5191.0,no
41,technician,single,university.degree,unknown,no,no,telephone,may,tue,160,3,999,0,nonexistent,1.1,93.994,-36.4,4.857,5191.0,no
49,blue-collar,married,basic.4y,unknown,yes,no,telephone,may,tue,42,3,999,0,nonexistent,1.1,93.994,-36.4,4.857,5191.0,no
56,retired,married,basic.4y,no,no,no,telephone,may,tue,55,2,999,0,nonexistent,1.1,93.994,-36.4,4.857,5191.0,no
49,admin.,married,high.school,no,no,no,telephone,may,tue,157,2,999,0,nonexistent,1.1,93.994,-36.4,4.857,5191.0,no
47,unemployed,divorced,university.degree,no,no,no,telephone,may,tue,303,3,999,0,nonexistent,1.1,93.994,-36.4,4.857,5191.0,no
44,blue-collar,married,unknown,unknown,yes,no,telephone,may,tue,336,3,999,0,nonexistent,1.1,93.994,-36.4,4.857,5191.0,no
48,admin.,divorced,high.school,no,no,no,telephone,may,tue,233,2,999,0,nonexistent,1.1,93.994,-36.4,4.857,5191.0,no
55,housemaid,married,basic.4y,no,yes,yes,telephone,may,tue,211,2,999,0,nonexistent,1.1,93.994,-36.4,4.857,5191.0,no
44,technician,single,professional.course,no,yes,yes,telephone,may,tue,139,2,999,0,nonexistent,1.1,93.994,-36.4,4.857,5191.0,no
39,blue-collar,divorced,basic.6y,unknown,yes,no,telephone,may,tue,305,2,999,0,nonexistent,1.1,93.994,-36.4,4.857,5191.0,no
38,unemployed,married,basic.4y,unknown,yes,yes,telephone,may,tue,206,2,999,0,nonexistent,1.1,93.994,-36.4,4.857,5191.0,no
36,services,married,high.school,no,yes,no,telephone,may,tue,128,2,999,0,nonexistent,1.1,93.994,-36.4,4.857,5191.0,no
29,admin.,single,university.degree,no,no,no,telephone,may,tue,122,3,999,0,nonexistent,1.1,93.994,-36.4,4.857,5191.0,no
31,technician,single,professional.course,no,yes,no,telephone,may,tue,343,3,999,0,nonexistent,1.1,93.994,-36.4,4.857,5191.0,no
30,services,divorced,basic.9y,no,no,yes,telephone,may,tue,126,2,999,0,nonexistent,1.1,93.994,-36.4,4.857,5191.0,no
36,blue-collar,married,basic.4y,no,yes,no,telephone,may,tue,249,3,999,0,nonexistent,1.1,93.994,-36.4,4.857,5191.0,no
60,blue-collar,married,professional.course,no,no,no,telephone,may,tue,59,3,999,0,nonexistent,1.1,93.994,-36.4,4.857,5191.0,no
36,admin.,married,university.degree,no,yes,no,telephone,may,tue,166,3,999,0,nonexistent,1.1,93.994,-36.4,4.857,5191.0,no
32,services,married,high.school,no,no,no,telephone,may,tue,190,3,999,0,nonexistent,1.1,93.994,-36.4,4.857,5191.0,no
39,blue-collar,married,basic.9y,unknown,yes,no,telephone,may,tue,216,2,999,0,nonexistent,1.1,93.994,-36.4,4.857,5191.0,no
30,services,married,university.degree,no,yes,no,telephone,may,wed,51,3,999,0,nonexistent,1.1,93.994,-36.4,4.856,5191.0,no
39,blue-collar,married,basic.4y,unknown,no,no,telephone,may,wed,169,3,999,0,nonexistent,1.1,93.994,-36.4,4.856,5191.0,no
37,blue-collar,married,basic.9y,unknown,yes,no,telephone,may,wed,148,3,999,0,nonexistent,1.1,93.994,-36.4,4.856,5191.0,no
46,blue-collar,married,basic.4y,no,no,no,telephone,may,wed,117,3,999,0,nonexistent,1.1,93.994,-36.4,4.856,5191.0,no
43,unemployed,married,basic.4y,no,no,no,telephone,may,wed,275,4,999,0,nonexistent,1.1,93.994,-36.4,4.856,5191.0,no
31,technician,married,university.degree,no,yes,no,telephone,may,wed,285,3,999,0,nonexistent,1.1,93.994,-36.4,4.856,5191.0,no
44,admin.,married,university.degree,no,no,no,telephone,may,wed,322,2,999,0,nonexistent,1.1,93.994,-36.4,4.856,5191.0,no
44,self-employed,married,university.degree,unknown,no,no,telephone,may,wed,202,2,999,0,nonexistent,1.1,93.994,-36.4,4.856,5191.0,no
38,technician,married,unknown,unknown,unknown,unknown,telephone,may,wed,162,2,999,0,nonexistent,1.1,93.994,-36.4,4.856,5191.0,no
30,student,single,high.school,unknown,no,no,telephone,may,wed,216,3,999,0,nonexistent,1.1,93.994,-36.4,4.856,5191.0,no
37,blue-collar,married,basic.4y,unknown,unknown,unknown,telephone,may,wed,195,2,999,0,nonexistent,1.1,93.994,-36.4,4.856,5191.0,no
54,housemaid,divorced,unknown,no,yes,no,telephone,may,wed,96,2,999,0,nonexistent,1.1,93.994,-36.4,4.856,5191.0,no
41,management,married,unknown,unknown,yes,no,telephone,may,wed,149,2,999,0,nonexistent,1.1,93.994,-36.4,4.856,5191.0,no
43,technician,married,professional.course,no,no,no,telephone,may,wed,720,2,999,0,nonexistent,1.1,93.994,-36.4,4.856,5191.0,no
38,housemaid,married,basic.9y,no,no,no,telephone,may,wed,92,2,999,0,nonexistent,1.1,93.994,-36.4,4.856,5191.0,no
41,blue-collar,married,basic.4y,no,yes,no,telephone,may,wed,188,2,999,0,nonexistent,1.1,93.994,-36.4,4.856,5191.0,no
38,blue-collar,single,unknown,unknown,no,yes,telephone,may,wed,70,2,999,0,nonexistent,1.1,93.994,-36.4,4.856,5191.0,no
33,blue-collar,married,basic.9y,no,unknown,unknown,telephone,may,wed,141,3,999,0,nonexistent,1.1,93.994,-36.4,4.856,5191.0,no
32,admin.,married,high.school,no,yes,no,telephone,may,wed,395,2,999,0,nonexistent,1.1,93.994,-36.4,4.856,5191.0,no
30,services,married,high.school,unknown,no,no,telephone,may,wed,629,2,999,0,nonexistent,1.1,93.994,-36.4,4.856,5191.0,no
30,services,married,high.school,unknown,yes,no,telephone,may,wed,502,1,999,0,nonexistent,1.1,93.994,-36.4,4.856,5191.0,no
36,technician,divorced,professional.course,no,no,no,telephone,may,wed,446,1,999,0,nonexistent,1.1,93.994,-36.4,4.856,5191.0,no
35,blue-collar,single,basic.6y,no,yes,no,telephone,may,wed,198,3,999,0,nonexistent,1.1,93.994,-36.4,4.856,5191.0,no
50,self-employed,married,university.degree,no,no,no,telephone,may,wed,312,1,999,0,nonexistent,1.1,93.994,-36.4,4.856,5191.0,no
38,blue-collar,married,basic.9y,no,yes,no,telephone,may,wed,275,6,999,0,nonexistent,1.1,93.994,-36.4,4.856,5191.0,no
58,admin.,married,basic.4y,unknown,no,yes,telephone,may,wed,120,2,999,0,nonexistent,1.1,93.994,-36.4,4.856,5191.0,no
33,blue-collar,single,basic.9y,unknown,no,no,telephone,may,wed,113,1,999,0,nonexistent,1.1,93.994,-36.4,4.856,5191.0,no
33,blue-collar,single,basic.9y,unknown,unknown,unknown,telephone,may,wed,150,1,999,0,nonexistent,1.1,93.994,-36.4,4.856,5191.0,no
31,management,married,high.school,no,no,no,telephone,may,wed,296,1,999,0,nonexistent,1.1,93.994,-36.4,4.856,5191.0,no
40,entrepreneur,married,basic.9y,no,no,no,telephone,may,wed,128,3,999,0,nonexistent,1.1,93.994,-36.4,4.856,5191.0,no
36,services,single,unknown,no,yes,no,telephone,may,wed,326,1,999,0,nonexistent,1.1,93.994,-36.4,4.856,5191.0,no
44,blue-collar,single,high.school,no,no,no,telephone,may,wed,292,1,999,0,nonexistent,1.1,93.994,-36.4,4.856,5191.0,no
38,blue-collar,divorced,unknown,no,yes,no,telephone,may,wed,215,1,999,0,nonexistent,1.1,93.994,-36.4,4.856,5191.0,no
33,blue-collar,married,basic.9y,no,unknown,unknown,telephone,may,wed,97,1,999,0,nonexistent,1.1,93.994,-36.4,4.856,5191.0,no
39,blue-collar,divorced,basic.6y,unknown,yes,yes,telephone,may,wed,32,1,999,0,nonexistent,1.1,93.994,-36.4,4.856,5191.0,no
47,blue-collar,single,basic.4y,unknown,yes,no,telephone,may,wed,162,1,999,0,nonexistent,1.1,93.994,-36.4,4.856,5191.0,no
47,services,divorced,high.school,no,no,no,telephone,may,wed,421,1,999,0,nonexistent,1.1,93.994,-36.4,4.856,5191.0,no
35,entrepreneur,single,professional.course,no,no,no,telephone,may,wed,268,1,999,0,nonexistent,1.1,93.994,-36.4,4.856,5191.0,no
42,admin.,divorced,university.degree,no,no,no,telephone,may,wed,232,1,999,0,nonexistent,1.1,93.994,-36.4,4.856,5191.0,no
36,admin.,married,high.school,no,no,no,telephone,may,wed,152,3,999,0,nonexistent,1.1,93.994,-36.4,4.856,5191.0,no
35,technician,married,basic.6y,no,no,no,telephone,may,wed,104,2,999,0,nonexistent,1.1,93.994,-36.4,4.856,5191.0,no
36,services,single,unknown,no,yes,no,telephone,may,wed,852,1,999,0,nonexistent,1.1,93.994,-36.4,4.856,5191.0,no
56,entrepreneur,married,university.degree,unknown,yes,no,telephone,may,wed,159,2,999,0,nonexistent,1.1,93.994,-36.4,4.856,5191.0,no
26,admin.,single,high.school,no,no,no,telephone,may,wed,416,2,999,0,nonexistent,1.1,93.994,-36.4,4.856,5191.0,no
31,admin.,single,university.degree,no,yes,yes,telephone,may,wed,174,1,999,0,nonexistent,1.1,93.994,-36.4,4.856,5191.0,no
43,blue-collar,married,high.school,no,yes,no,telephone,may,wed,294,1,999,0,nonexistent,1.1,93.994,-36.4,4.856,5191.0,no
50,admin.,married,university.degree,no,no,no,telephone,may,wed,102,1,999,0,nonexistent,1.1,93.994,-36.4,4.856,5191.0,no
39,blue-collar,divorced,basic.9y,no,no,no,telephone,may,wed,143,1,999,0,nonexistent,1.1,93.994,-36.4,4.856,5191.0,no
44,technician,single,unknown,unknown,yes,no,telephone,may,wed,231,1,999,0,nonexistent,1.1,93.994,-36.4,4.856,5191.0,no
36,housemaid,married,basic.4y,no,yes,no,telephone,may,wed,128,1,999,0,nonexistent,1.1,93.994,-36.4,4.856,5191.0,no
31,admin.,single,university.degree,no,no,no,telephone,may,wed,992,1,999,0,nonexistent,1.1,93.994,-36.4,4.856,5191.0,yes
31,admin.,married,university.degree,unknown,no,no,telephone,may,wed,168,1,999,0,nonexistent,1.1,93.994,-36.4,4.856,5191.0,no
28,blue-collar,married,basic.6y,no,no,no,telephone,may,wed,250,1,999,0,nonexistent,1.1,93.994,-36.4,4.856,5191.0,no
31,management,single,university.degree,no,yes,no,telephone,may,wed,254,1,999,0,nonexistent,1.1,93.994,-36.4,4.856,5191.0,no
30,management,divorced,high.school,no,no,yes,telephone,may,wed,149,1,999,0,nonexistent,1.1,93.994,-36.4,4.856,5191.0,no
37,technician,divorced,professional.course,no,no,no,telephone,may,wed,374,1,999,0,nonexistent,1.1,93.994,-36.4,4.856,5191.0,no
30,services,married,university.degree,no,yes,no,telephone,may,wed,425,6,999,0,nonexistent,1.1,93.994,-36.4,4.856,5191.0,no
45,blue-collar,married,basic.9y,unknown,yes,yes,telephone,may,wed,207,1,999,0,nonexistent,1.1,93.994,-36.4,4.856,5191.0,no
54,technician,married,university.degree,no,yes,no,telephone,may,wed,464,1,999,0,nonexistent,1.1,93.994,-36.4,4.856,5191.0,no
49,entrepreneur,married,basic.9y,no,yes,no,telephone,may,wed,439,1,999,0,nonexistent,1.1,93.994,-36.4,4.856,5191.0,no
44,admin.,married,high.school,no,no,no,telephone,may,wed,83,3,999,0,nonexistent,1.1,93.994,-36.4,4.856,5191.0,no
28,student,single,basic.9y,unknown,yes,yes,telephone,may,wed,732,2,999,0,nonexistent,1.1,93.994,-36.4,4.856,5191.0,yes
53,technician,married,high.school,no,yes,no,telephone,may,wed,149,1,999,0,nonexistent,1.1,93.994,-36.4,4.856,5191.0,no
45,blue-collar,married,basic.9y,unknown,no,no,telephone,may,wed,121,1,999,0,nonexistent,1.1,93.994,-36.4,4.856,5191.0,no
51,admin.,married,high.school,unknown,yes,no,telephone,may,wed,359,1,999,0,nonexistent,1.1,93.994,-36.4,4.856,5191.0,no
43,technician,married,professional.course,no,yes,no,telephone,may,wed,274,4,999,0,nonexistent,1.1,93.994,-36.4,4.856,5191.0,no
31,admin.,single,university.degree,no,yes,no,telephone,may,wed,325,2,999,0,nonexistent,1.1,93.994,-36.4,4.856,5191.0,no
38,technician,married,professional.course,no,no,no,telephone,may,wed,216,1,999,0,nonexistent,1.1,93.994,-36.4,4.856,5191.0,no
50,entrepreneur,married,basic.9y,no,yes,yes,telephone,may,wed,161,1,999,0,nonexistent,1.1,93.994,-36.4,4.856,5191.0,no
44,admin.,divorced,high.school,unknown,yes,no,telephone,may,wed,800,1,999,0,nonexistent,1.1,93.994,-36.4,4.856,5191.0,no
53,blue-collar,married,basic.9y,unknown,yes,yes,telephone,may,wed,615,1,999,0,nonexistent,1.1,93.994,-36.4,4.856,5191.0,no
34,admin.,single,high.school,no,yes,no,telephone,may,wed,359,1,999,0,nonexistent,1.1,93.994,-36.4,4.856,5191.0,no
40,technician,married,professional.course,no,yes,no,telephone,may,wed,327,3,999,0,nonexistent,1.1,93.994,-36.4,4.856,5191.0,no
57,management,divorced,university.degree,no,yes,no,telephone,may,wed,236,1,999,0,nonexistent,1.1,93.994,-36.4,4.856,5191.0,no
43,blue-collar,married,basic.4y,unknown,yes,no,telephone,may,wed,227,1,999,0,nonexistent,1.1,93.994,-36.4,4.856,5191.0,no
31,blue-collar,married,basic.6y,unknown,no,no,telephone,may,wed,109,1,999,0,nonexistent,1.1,93.994,-36.4,4.856,5191.0,no
31,blue-collar,married,basic.6y,unknown,yes,no,telephone,may,wed,298,1,999,0,nonexistent,1.1,93.994,-36.4,4.856,5191.0,no
38,admin.,married,university.degree,no,no,no,telephone,may,wed,241,2,999,0,nonexistent,1.1,93.994,-36.4,4.856,5191.0,no
41,entrepreneur,married,university.degree,no,yes,no,telephone,may,wed,1138,1,999,0,nonexistent,1.1,93.994,-36.4,4.856,5191.0,yes
47,blue-collar,married,professional.course,unknown,yes,no,telephone,may,wed,131,1,999,0,nonexistent,1.1,93.994,-36.4,4.856,5191.0,no
42,blue-collar,married,basic.6y,no,no,no,telephone,may,wed,123,1,999,0,nonexistent,1.1,93.994,-36.4,4.856,5191.0,no
35,blue-collar,single,unknown,no,yes,no,telephone,may,wed,125,1,999,0,nonexistent,1.1,93.994,-36.4,4.856,5191.0,no
40,management,married,university.degree,no,yes,no,telephone,may,wed,295,2,999,0,nonexistent,1.1,93.994,-36.4,4.856,5191.0,no
42,blue-collar,married,basic.6y,no,no,no,telephone,may,wed,287,1,999,0,nonexistent,1.1,93.994,-36.4,4.856,5191.0,no
34,technician,married,professional.course,unknown,yes,no,telephone,may,wed,109,1,999,0,nonexistent,1.1,93.994,-36.4,4.856,5191.0,no
48,admin.,single,university.degree,no,yes,no,telephone,may,wed,140,2,999,0,nonexistent,1.1,93.994,-36.4,4.856,5191.0,no
35,blue-collar,married,unknown,no,yes,yes,telephone,may,wed,52,1,999,0,nonexistent,1.1,93.994,-36.4,4.856,5191.0,no
37,technician,married,professional.course,no,yes,no,telephone,may,wed,254,1,999,0,nonexistent,1.1,93.994,-36.4,4.856,5191.0,no
43,technician,married,professional.course,no,yes,no,telephone,may,wed,255,1,999,0,nonexistent,1.1,93.994,-36.4,4.856,5191.0,no
42,admin.,single,unknown,unknown,no,no,telephone,may,wed,126,1,999,0,nonexistent,1.1,93.994,-36.4,4.856,5191.0,no
37,blue-collar,single,basic.9y,unknown,yes,no,telephone,may,wed,591,1,999,0,nonexistent,1.1,93.994,-36.4,4.856,5191.0,yes
40,blue-collar,married,high.school,no,yes,no,telephone,may,wed,294,1,999,0,nonexistent,1.1,93.994,-36.4,4.856,5191.0,no
40,blue-collar,married,high.school,no,yes,no,telephone,may,wed,285,1,999,0,nonexistent,1.1,93.994,-36.4,4.856,5191.0,no
59,entrepreneur,divorced,high.school,unknown,yes,no,telephone,may,wed,173,1,999,0,nonexistent,1.1,93.994,-36.4,4.856,5191.0,no
43,technician,single,university.degree,no,no,no,telephone,may,wed,336,1,999,0,nonexistent,1.1,93.994,-36.4,4.856,5191.0,no
44,blue-collar,married,basic.6y,no,yes,yes,telephone,may,wed,344,1,999,0,nonexistent,1.1,93.994,-36.4,4.856,5191.0,no
44,blue-collar,married,basic.4y,no,yes,no,telephone,may,wed,786,1,999,0,nonexistent,1.1,93.994,-36.4,4.856,5191.0,yes
41,admin.,married,university.degree,no,yes,no,telephone,may,wed,153,1,999,0,nonexistent,1.1,93.994,-36.4,4.856,5191.0,no
48,services,married,high.school,unknown,yes,no,telephone,may,wed,243,1,999,0,nonexistent,1.1,93.994,-36.4,4.856,5191.0,no
27,blue-collar,married,basic.9y,no,yes,no,telephone,may,wed,164,2,999,0,nonexistent,1.1,93.994,-36.4,4.856,5191.0,no
47,retired,married,basic.4y,unknown,yes,no,telephone,may,wed,47,1,999,0,nonexistent,1.1,93.994,-36.4,4.856,5191.0,no
40,blue-collar,divorced,unknown,no,yes,no,telephone,may,wed,110,2,999,0,nonexistent,1.1,93.994,-36.4,4.856,5191.0,no
43,unknown,married,high.school,unknown,no,no,telephone,may,wed,463,1,999,0,nonexistent,1.1,93.994,-36.4,4.856,5191.0,no
29,technician,married,professional.course,no,yes,no,telephone,may,wed,192,1,999,0,nonexistent,1.1,93.994,-36.4,4.856,5191.0,no
54,admin.,married,university.degree,no,no,no,telephone,may,wed,388,7,999,0,nonexistent,1.1,93.994,-36.4,4.856,5191.0,no
36,technician,married,professional.course,no,no,no,telephone,may,wed,221,1,999,0,nonexistent,1.1,93.994,-36.4,4.856,5191.0,no
30,admin.,single,university.degree,no,no,no,telephone,may,wed,25,1,999,0,nonexistent,1.1,93.994,-36.4,4.856,5191.0,no
38,services,single,unknown,unknown,yes,no,telephone,may,wed,256,6,999,0,nonexistent,1.1,93.994,-36.4,4.856,5191.0,no
33,blue-collar,married,basic.9y,no,no,no,telephone,may,wed,283,2,999,0,nonexistent,1.1,93.994,-36.4,4.856,5191.0,no
39,retired,single,high.school,no,yes,no,telephone,may,wed,448,1,999,0,nonexistent,1.1,93.994,-36.4,4.856,5191.0,no
44,admin.,married,high.school,no,yes,no,telephone,may,wed,378,1,999,0,nonexistent,1.1,93.994,-36.4,4.856,5191.0,no
33,blue-collar,married,basic.9y,no,yes,no,telephone,may,wed,67,1,999,0,nonexistent,1.1,93.994,-36.4,4.856,5191.0,no
37,blue-collar,married,basic.6y,no,no,no,telephone,may,wed,221,2,999,0,nonexistent,1.1,93.994,-36.4,4.856,5191.0,no
32,management,married,basic.6y,no,no,no,telephone,may,wed,150,1,999,0,nonexistent,1.1,93.994,-36.4,4.856,5191.0,no
46,technician,married,professional.course,no,yes,no,telephone,may,wed,144,2,999,0,nonexistent,1.1,93.994,-36.4,4.856,5191.0,no
34,technician,divorced,professional.course,no,yes,no,telephone,may,wed,296,2,999,0,nonexistent,1.1,93.994,-36.4,4.856,5191.0,no
52,technician,married,basic.4y,unknown,no,no,telephone,may,wed,161,1,999,0,nonexistent,1.1,93.994,-36.4,4.856,5191.0,no
46,blue-collar,married,basic.6y,unknown,no,no,telephone,may,wed,401,2,999,0,nonexistent,1.1,93.994,-36.4,4.856,5191.0,no
57,management,divorced,university.degree,no,unknown,unknown,telephone,may,wed,435,2,999,0,nonexistent,1.1,93.994,-36.4,4.856,5191.0,no
52,technician,married,basic.4y,unknown,no,yes,telephone,may,wed,388,1,999,0,nonexistent,1.1,93.994,-36.4,4.856,5191.0,no
32,technician,single,professional.course,no,no,no,telephone,may,wed,245,1,999,0,nonexistent,1.1,93.994,-36.4,4.856,5191.0,no
31,blue-collar,single,basic.9y,no,no,no,telephone,may,wed,143,1,999,0,nonexistent,1.1,93.994,-36.4,4.856,5191.0,no
46,admin.,divorced,basic.9y,unknown,no,no,telephone,may,wed,423,1,999,0,nonexistent,1.1,93.994,-36.4,4.856,5191.0,no
59,services,divorced,high.school,no,no,no,telephone,may,wed,231,1,999,0,nonexistent,1.1,93.994,-36.4,4.856,5191.0,no
38,blue-collar,married,unknown,unknown,no,yes,telephone,may,wed,181,1,999,0,nonexistent,1.1,93.994,-36.4,4.856,5191.0,no
42,blue-collar,divorced,basic.6y,unknown,yes,no,telephone,may,wed,107,1,999,0,nonexistent,1.1,93.994,-36.4,4.856,5191.0,no
40,blue-collar,married,basic.4y,no,no,no,telephone,may,wed,227,1,999,0,nonexistent,1.1,93.994,-36.4,4.856,5191.0,no
46,admin.,married,professional.course,no,no,no,telephone,may,wed,69,1,999,0,nonexistent,1.1,93.994,-36.4,4.856,5191.0,no
28,blue-collar,married,basic.9y,no,no,yes,telephone,may,wed,109,1,999,0,nonexistent,1.1,93.994,-36.4,4.856,5191.0,no
47,services,married,high.school,unknown,yes,no,telephone,may,wed,127,1,999,0,nonexistent,1.1,93.994,-36.4,4.856,5191.0,no
35,blue-collar,married,basic.4y,no,yes,no,telephone,may,wed,45,1,999,0,nonexistent,1.1,93.994,-36.4,4.856,5191.0,no
40,blue-collar,married,basic.6y,unknown,yes,no,telephone,may,wed,68,3,999,0,nonexistent,1.1,93.994,-36.4,4.856,5191.0,no
32,services,single,high.school,no,yes,no,telephone,may,wed,180,2,999,0,nonexistent,1.1,93.994,-36.4,4.856,5191.0,no
59,retired,divorced,basic.4y,no,yes,no,telephone,may,wed,112,3,999,0,nonexistent,1.1,93.994,-36.4,4.856,5191.0,no
48,entrepreneur,married,basic.9y,unknown,no,no,telephone,may,wed,444,1,999,0,nonexistent,1.1,93.994,-36.4,4.856,5191.0,no
49,blue-collar,single,basic.6y,no,yes,no,telephone,may,wed,148,4,999,0,nonexistent,1.1,93.994,-36.4,4.856,5191.0,no
51,admin.,married,university.degree,no,yes,no,telephone,may,wed,223,3,999,0,nonexistent,1.1,93.994,-36.4,4.856,5191.0,no
38,technician,single,university.degree,no,yes,no,telephone,may,wed,566,2,999,0,nonexistent,1.1,93.994,-36.4,4.856,5191.0,no
31,blue-collar,married,basic.9y,no,yes,yes,telephone,may,wed,97,2,999,0,nonexistent,1.1,93.994,-36.4,4.856,5191.0,no
36,services,married,high.school,unknown,yes,no,telephone,may,wed,376,2,999,0,nonexistent,1.1,93.994,-36.4,4.856,5191.0,no
54,retired,married,basic.4y,unknown,yes,no,telephone,may,wed,421,2,999,0,nonexistent,1.1,93.994,-36.4,4.856,5191.0,no
29,admin.,single,high.school,no,yes,no,telephone,may,wed,511,2,999,0,nonexistent,1.1,93.994,-36.4,4.856,5191.0,no
31,blue-collar,married,basic.6y,unknown,yes,no,telephone,may,wed,121,2,999,0,nonexistent,1.1,93.994,-36.4,4.856,5191.0,no
35,admin.,married,high.school,no,yes,no,telephone,may,wed,157,2,999,0,nonexistent,1.1,93.994,-36.4,4.856,5191.0,no
38,blue-collar,married,basic.9y,no,no,no,telephone,may,wed,101,1,999,0,nonexistent,1.1,93.994,-36.4,4.856,5191.0,no
54,management,married,high.school,unknown,yes,yes,telephone,may,wed,328,2,999,0,nonexistent,1.1,93.994,-36.4,4.856,5191.0,no
48,admin.,married,basic.9y,unknown,no,no,telephone,may,wed,19,1,999,0,nonexistent,1.1,93.994,-36.4,4.856,5191.0,no
48,management,divorced,university.degree,no,yes,no,telephone,may,wed,866,2,999,0,nonexistent,1.1,93.994,-36.4,4.856,5191.0,no
32,admin.,single,university.degree,unknown,yes,no,telephone,may,wed,229,3,999,0,nonexistent,1.1,93.994,-36.4,4.856,5191.0,no
34,technician,married,professional.course,unknown,yes,no,telephone,may,wed,154,2,999,0,nonexistent,1.1,93.994,-36.4,4.856,5191.0,no
49,technician,single,university.degree,unknown,yes,no,telephone,may,wed,56,1,999,0,nonexistent,1.1,93.994,-36.4,4.856,5191.0,no
42,services,divorced,high.school,unknown,no,no,telephone,may,wed,117,1,999,0,nonexistent,1.1,93.994,-36.4,4.856,5191.0,no
55,blue-collar,married,basic.4y,unknown,no,no,telephone,may,wed,1581,2,999,0,nonexistent,1.1,93.994,-36.4,4.856,5191.0,no
42,services,divorced,high.school,unknown,no,no,telephone,may,wed,185,1,999,0,nonexistent,1.1,93.994,-36.4,4.856,5191.0,no
44,admin.,married,university.degree,unknown,no,no,telephone,may,wed,202,1,999,0,nonexistent,1.1,93.994,-36.4,4.856,5191.0,no
51,blue-collar,married,basic.9y,no,no,no,telephone,may,wed,279,1,999,0,nonexistent,1.1,93.994,-36.4,4.856,5191.0,no
43,blue-collar,married,basic.4y,unknown,yes,no,telephone,may,wed,180,5,999,0,nonexistent,1.1,93.994,-36.4,4.856,5191.0,no
52,technician,married,high.school,no,yes,no,telephone,may,wed,530,2,999,0,nonexistent,1.1,93.994,-36.4,4.856,5191.0,no
45,blue-collar,single,basic.6y,no,yes,no,telephone,may,wed,129,5,999,0,nonexistent,1.1,93.994,-36.4,4.856,5191.0,no
41,services,divorced,high.school,no,yes,yes,telephone,may,wed,60,1,999,0,nonexistent,1.1,93.994,-36.4,4.856,5191.0,no
35,technician,divorced,unknown,no,yes,yes,telephone,may,wed,432,1,999,0,nonexistent,1.1,93.994,-36.4,4.856,5191.0,no
41,services,divorced,high.school,no,no,yes,telephone,may,wed,516,1,999,0,nonexistent,1.1,93.994,-36.4,4.856,5191.0,no
46,management,married,basic.9y,no,no,no,telephone,may,wed,617,1,999,0,nonexistent,1.1,93.994,-36.4,4.856,5191.0,no
43,blue-collar,married,basic.4y,unknown,yes,no,telephone,may,wed,396,2,999,0,nonexistent,1.1,93.994,-36.4,4.856,5191.0,no
38,blue-collar,single,basic.9y,unknown,no,no,telephone,may,wed,294,2,999,0,nonexistent,1.1,93.994,-36.4,4.856,5191.0,no
58,unknown,married,unknown,unknown,no,no,telephone,may,wed,118,3,999,0,nonexistent,1.1,93.994,-36.4,4.856,5191.0,no
48,blue-collar,married,professional.course,no,no,yes,telephone,may,wed,485,4,999,0,nonexistent,1.1,93.994,-36.4,4.856,5191.0,no
46,blue-collar,married,basic.9y,unknown,no,no,telephone,may,wed,406,2,999,0,nonexistent,1.1,93.994,-36.4,4.856,5191.0,no
31,blue-collar,married,basic.4y,no,yes,no,telephone,may,wed,287,1,999,0,nonexistent,1.1,93.994,-36.4,4.856,5191.0,no
44,admin.,married,university.degree,no,yes,no,telephone,may,wed,37,2,999,0,nonexistent,1.1,93.994,-36.4,4.856,5191.0,no
31,blue-collar,married,basic.4y,no,yes,no,telephone,may,wed,650,1,999,0,nonexistent,1.1,93.994,-36.4,4.856,5191.0,no
38,unemployed,divorced,professional.course,no,no,no,telephone,may,wed,590,3,999,0,nonexistent,1.1,93.994,-36.4,4.856,5191.0,no
33,management,single,unknown,no,yes,no,telephone,may,wed,371,2,999,0,nonexistent,1.1,93.994,-36.4,4.856,5191.0,no
37,admin.,divorced,university.degree,no,yes,no,telephone,may,wed,72,1,999,0,nonexistent,1.1,93.994,-36.4,4.856,5191.0,no
55,blue-collar,married,basic.9y,no,yes,no,telephone,may,wed,55,1,999,0,nonexistent,1.1,93.994,-36.4,4.856,5191.0,no
48,blue-collar,married,high.school,no,no,no,telephone,may,wed,144,1,999,0,nonexistent,1.1,93.994,-36.4,4.856,5191.0,no
34,entrepreneur,married,basic.4y,no,yes,no,telephone,may,wed,474,1,999,0,nonexistent,1.1,93.994,-36.4,4.856,5191.0,no
55,blue-collar,married,basic.4y,no,yes,yes,telephone,may,wed,1101,1,999,0,nonexistent,1.1,93.994,-36.4,4.856,5191.0,no
45,entrepreneur,single,university.degree,no,unknown,unknown,telephone,may,wed,229,3,999,0,nonexistent,1.1,93.994,-36.4,4.856,5191.0,no
48,management,divorced,university.degree,no,no,no,telephone,may,wed,236,2,999,0,nonexistent,1.1,93.994,-36.4,4.856,5191.0,no
34,blue-collar,married,basic.6y,no,yes,no,telephone,may,wed,164,1,999,0,nonexistent,1.1,93.994,-36.4,4.856,5191.0,no
46,admin.,divorced,university.degree,unknown,no,no,telephone,may,wed,93,1,999,0,nonexistent,1.1,93.994,-36.4,4.856,5191.0,no
51,unemployed,married,professional.course,unknown,no,no,telephone,may,wed,912,2,999,0,nonexistent,1.1,93.994,-36.4,4.856,5191.0,no
37,admin.,married,university.degree,no,no,no,telephone,may,wed,209,2,999,0,nonexistent,1.1,93.994,-36.4,4.856,5191.0,no
54,housemaid,divorced,basic.4y,no,no,no,telephone,may,wed,485,1,999,0,nonexistent,1.1,93.994,-36.4,4.856,5191.0,no
45,services,married,high.school,unknown,yes,no,telephone,may,wed,206,2,999,0,nonexistent,1.1,93.994,-36.4,4.856,5191.0,no
39,services,single,high.school,no,unknown,unknown,telephone,may,wed,239,2,999,0,nonexistent,1.1,93.994,-36.4,4.856,5191.0,no
39,blue-collar,married,basic.9y,no,no,no,telephone,may,wed,311,1,999,0,nonexistent,1.1,93.994,-36.4,4.856,5191.0,no
39,technician,single,basic.6y,unknown,no,no,telephone,may,wed,362,1,999,0,nonexistent,1.1,93.994,-36.4,4.856,5191.0,no
39,services,married,basic.9y,no,no,no,telephone,may,wed,274,1,999,0,nonexistent,1.1,93.994,-36.4,4.856,5191.0,no
32,entrepreneur,married,basic.6y,no,yes,no,telephone,may,wed,163,1,999,0,nonexistent,1.1,93.994,-36.4,4.856,5191.0,no
41,services,single,high.school,no,yes,yes,telephone,may,wed,345,1,999,0,nonexistent,1.1,93.994,-36.4,4.856,5191.0,no
59,housemaid,married,basic.6y,no,yes,no,telephone,may,wed,329,1,999,0,nonexistent,1.1,93.994,-36.4,4.856,5191.0,no
57,technician,married,basic.9y,no,yes,no,telephone,may,wed,68,1,999,0,nonexistent,1.1,93.994,-36.4,4.856,5191.0,no
30,services,married,unknown,no,no,no,telephone,may,wed,143,3,999,0,nonexistent,1.1,93.994,-36.4,4.856,5191.0,no
34,entrepreneur,married,basic.4y,no,no,no,telephone,may,wed,214,2,999,0,nonexistent,1.1,93.994,-36.4,4.856,5191.0,no
34,technician,married,high.school,no,no,no,telephone,may,wed,1062,1,999,0,nonexistent,1.1,93.994,-36.4,4.856,5191.0,no
38,blue-collar,divorced,unknown,no,no,no,telephone,may,wed,258,3,999,0,nonexistent,1.1,93.994,-36.4,4.856,5191.0,no
47,admin.,married,university.degree,no,unknown,unknown,telephone,may,wed,106,1,999,0,nonexistent,1.1,93.994,-36.4,4.856,5191.0,no
57,self-employed,single,high.school,unknown,no,no,telephone,may,wed,688,2,999,0,nonexistent,1.1,93.994,-36.4,4.856,5191.0,no
45,services,married,high.school,unknown,yes,no,telephone,may,wed,349,2,999,0,nonexistent,1.1,93.994,-36.4,4.856,5191.0,no
44,services,married,high.school,no,yes,no,telephone,may,wed,78,5,999,0,nonexistent,1.1,93.994,-36.4,4.856,5191.0,no
51,entrepreneur,married,university.degree,no,no,no,telephone,may,wed,98,1,999,0,nonexistent,1.1,93.994,-36.4,4.856,5191.0,no
38,blue-collar,single,basic.9y,no,no,no,telephone,may,wed,252,5,999,0,nonexistent,1.1,93.994,-36.4,4.856,5191.0,no
44,blue-collar,married,basic.4y,no,yes,no,telephone,may,wed,607,1,999,0,nonexistent,1.1,93.994,-36.4,4.856,5191.0,no
35,admin.,single,basic.4y,unknown,no,no,telephone,may,wed,331,1,999,0,nonexistent,1.1,93.994,-36.4,4.856,5191.0,no
35,admin.,single,basic.4y,unknown,yes,no,telephone,may,wed,398,1,999,0,nonexistent,1.1,93.994,-36.4,4.856,5191.0,no
32,admin.,single,high.school,no,no,no,telephone,may,wed,103,2,999,0,nonexistent,1.1,93.994,-36.4,4.856,5191.0,no
48,blue-collar,married,basic.9y,no,yes,no,telephone,may,wed,241,2,999,0,nonexistent,1.1,93.994,-36.4,4.856,5191.0,no
44,technician,married,professional.course,unknown,no,no,telephone,may,wed,203,1,999,0,nonexistent,1.1,93.994,-36.4,4.856,5191.0,no
43,technician,married,professional.course,no,no,no,telephone,may,wed,96,3,999,0,nonexistent,1.1,93.994,-36.4,4.856,5191.0,no
40,management,married,high.school,no,no,no,telephone,may,wed,238,3,999,0,nonexistent,1.1,93.994,-36.4,4.856,5191.0,no
44,technician,married,professional.course,unknown,yes,no,telephone,may,wed,481,1,999,0,nonexistent,1.1,93.994,-36.4,4.856,5191.0,no
37,blue-collar,single,basic.9y,unknown,no,no,telephone,may,wed,119,3,999,0,nonexistent,1.1,93.994,-36.4,4.856,5191.0,no
32,blue-collar,married,basic.4y,unknown,no,no,telephone,may,wed,421,2,999,0,nonexistent,1.1,93.994,-36.4,4.856,5191.0,no
30,services,married,high.school,no,no,yes,telephone,may,wed,198,2,999,0,nonexistent,1.1,93.994,-36.4,4.856,5191.0,no
28,admin.,married,high.school,no,yes,no,telephone,may,wed,175,1,999,0,nonexistent,1.1,93.994,-36.4,4.856,5191.0,no
40,blue-collar,married,basic.4y,unknown,unknown,unknown,telephone,may,wed,374,1,999,0,nonexistent,1.1,93.994,-36.4,4.856,5191.0,no
44,management,married,university.degree,no,no,no,telephone,may,wed,51,1,999,0,nonexistent,1.1,93.994,-36.4,4.856,5191.0,no
30,services,married,professional.course,unknown,yes,no,telephone,may,wed,263,1,999,0,nonexistent,1.1,93.994,-36.4,4.856,5191.0,no
30,services,married,professional.course,unknown,no,no,telephone,may,wed,257,1,999,0,nonexistent,1.1,93.994,-36.4,4.856,5191.0,no
28,technician,single,professional.course,no,yes,no,telephone,may,wed,229,2,999,0,nonexistent,1.1,93.994,-36.4,4.856,5191.0,no
58,housemaid,married,basic.4y,no,yes,no,telephone,may,wed,154,2,999,0,nonexistent,1.1,93.994,-36.4,4.856,5191.0,no
35,blue-collar,married,professional.course,no,no,no,telephone,may,wed,306,5,999,0,nonexistent,1.1,93.994,-36.4,4.856,5191.0,no
57,retired,divorced,high.school,no,no,no,telephone,may,wed,114,2,999,0,nonexistent,1.1,93.994,-36.4,4.856,5191.0,no
35,admin.,divorced,high.school,no,yes,no,telephone,may,wed,24,2,999,0,nonexistent,1.1,93.994,-36.4,4.856,5191.0,no
41,technician,single,university.degree,unknown,no,no,telephone,may,wed,79,8,999,0,nonexistent,1.1,93.994,-36.4,4.856,5191.0,no
42,services,married,high.school,unknown,no,no,telephone,may,wed,169,2,999,0,nonexistent,1.1,93.994,-36.4,4.856,5191.0,no
42,blue-collar,married,basic.4y,unknown,no,no,telephone,may,wed,332,2,999,0,nonexistent,1.1,93.994,-36.4,4.856,5191.0,no
51,blue-collar,married,basic.4y,unknown,yes,no,telephone,may,wed,263,6,999,0,nonexistent,1.1,93.994,-36.4,4.856,5191.0,no
47,retired,married,basic.4y,unknown,unknown,unknown,telephone,may,wed,441,2,999,0,nonexistent,1.1,93.994,-36.4,4.856,5191.0,no
44,services,married,basic.6y,unknown,no,no,telephone,may,wed,266,2,999,0,nonexistent,1.1,93.994,-36.4,4.856,5191.0,no
52,housemaid,divorced,professional.course,no,yes,no,telephone,may,wed,222,4,999,0,nonexistent,1.1,93.994,-36.4,4.856,5191.0,no
51,blue-collar,married,basic.4y,no,yes,no,telephone,may,wed,1009,3,999,0,nonexistent,1.1,93.994,-36.4,4.856,5191.0,no
49,services,married,high.school,no,no,no,telephone,may,wed,105,2,999,0,nonexistent,1.1,93.994,-36.4,4.856,5191.0,no
35,admin.,single,basic.4y,unknown,yes,no,telephone,may,wed,381,2,999,0,nonexistent,1.1,93.994,-36.4,4.856,5191.0,no
44,admin.,married,high.school,no,no,no,telephone,may,wed,228,3,999,0,nonexistent,1.1,93.994,-36.4,4.856,5191.0,no
37,admin.,married,high.school,no,yes,no,telephone,may,wed,128,2,999,0,nonexistent,1.1,93.994,-36.4,4.856,5191.0,no
43,management,married,professional.course,no,no,no,telephone,may,wed,764,3,999,0,nonexistent,1.1,93.994,-36.4,4.856,5191.0,no
40,blue-collar,married,basic.9y,unknown,yes,no,telephone,may,wed,113,3,999,0,nonexistent,1.1,93.994,-36.4,4.856,5191.0,no
32,management,divorced,basic.4y,unknown,no,no,telephone,may,wed,396,4,999,0,nonexistent,1.1,93.994,-36.4,4.856,5191.0,no
42,blue-collar,married,basic.4y,unknown,unknown,unknown,telephone,may,wed,42,2,999,0,nonexistent,1.1,93.994,-36.4,4.856,5191.0,no
42,self-employed,married,university.degree,no,yes,no,telephone,may,wed,234,4,999,0,nonexistent,1.1,93.994,-36.4,4.856,5191.0,no
32,housemaid,married,basic.4y,no,no,no,telephone,may,wed,110,2,999,0,nonexistent,1.1,93.994,-36.4,4.856,5191.0,no
30,services,married,unknown,no,yes,no,telephone,may,wed,274,4,999,0,nonexistent,1.1,93.994,-36.4,4.856,5191.0,no
42,blue-collar,married,basic.4y,unknown,yes,no,telephone,may,wed,191,4,999,0,nonexistent,1.1,93.994,-36.4,4.856,5191.0,no
35,blue-collar,married,basic.6y,no,yes,yes,telephone,may,wed,305,3,999,0,nonexistent,1.1,93.994,-36.4,4.856,5191.0,no
56,retired,married,basic.4y,no,no,no,telephone,may,wed,134,2,999,0,nonexistent,1.1,93.994,-36.4,4.856,5191.0,no
40,blue-collar,married,basic.9y,unknown,no,no,telephone,may,wed,112,4,999,0,nonexistent,1.1,93.994,-36.4,4.856,5191.0,no
26,admin.,single,university.degree,no,yes,no,telephone,may,wed,217,2,999,0,nonexistent,1.1,93.994,-36.4,4.856,5191.0,no
57,management,divorced,university.degree,no,no,no,telephone,may,wed,283,3,999,0,nonexistent,1.1,93.994,-36.4,4.856,5191.0,no
51,blue-collar,married,basic.4y,no,no,no,telephone,may,wed,353,4,999,0,nonexistent,1.1,93.994,-36.4,4.856,5191.0,no
31,technician,married,professional.course,no,no,no,telephone,may,wed,212,2,999,0,nonexistent,1.1,93.994,-36.4,4.856,5191.0,no
31,admin.,married,university.degree,no,no,no,telephone,may,wed,225,2,999,0,nonexistent,1.1,93.994,-36.4,4.856,5191.0,no
60,services,married,unknown,no,no,no,telephone,may,wed,283,1,999,0,nonexistent,1.1,93.994,-36.4,4.856,5191.0,no
29,admin.,single,university.degree,no,yes,no,telephone,may,wed,1273,1,999,0,nonexistent,1.1,93.994,-36.4,4.856,5191.0,no
44,entrepreneur,married,basic.4y,unknown,no,no,telephone,may,wed,1574,2,999,0,nonexistent,1.1,93.994,-36.4,4.856,5191.0,yes
26,technician,single,basic.9y,no,yes,no,telephone,may,wed,139,3,999,0,nonexistent,1.1,93.994,-36.4,4.856,5191.0,no
54,blue-collar,married,basic.4y,no,yes,no,telephone,may,wed,62,5,999,0,nonexistent,1.1,93.994,-36.4,4.856,5191.0,no
29,admin.,single,high.school,no,yes,no,telephone,may,wed,245,2,999,0,nonexistent,1.1,93.994,-36.4,4.856,5191.0,no
33,admin.,divorced,high.school,no,yes,no,telephone,may,wed,161,2,999,0,nonexistent,1.1,93.994,-36.4,4.856,5191.0,no
42,management,married,basic.6y,no,yes,yes,telephone,may,wed,89,3,999,0,nonexistent,1.1,93.994,-36.4,4.856,5191.0,no
51,technician,married,professional.course,no,yes,no,telephone,may,wed,113,2,999,0,nonexistent,1.1,93.994,-36.4,4.856,5191.0,no
59,retired,divorced,basic.4y,no,yes,no,telephone,may,wed,517,3,999,0,nonexistent,1.1,93.994,-36.4,4.856,5191.0,no
51,admin.,married,basic.6y,unknown,no,no,telephone,may,wed,193,3,999,0,nonexistent,1.1,93.994,-36.4,4.856,5191.0,no
36,blue-collar,married,basic.9y,no,yes,no,telephone,may,wed,231,2,999,0,nonexistent,1.1,93.994,-36.4,4.856,5191.0,no
47,technician,divorced,professional.course,unknown,no,no,telephone,may,wed,348,3,999,0,nonexistent,1.1,93.994,-36.4,4.856,5191.0,no
51,admin.,married,university.degree,no,no,no,telephone,may,wed,299,2,999,0,nonexistent,1.1,93.994,-36.4,4.856,5191.0,no
42,admin.,married,university.degree,unknown,yes,no,telephone,may,wed,103,4,999,0,nonexistent,1.1,93.994,-36.4,4.856,5191.0,no
40,technician,married,professional.course,no,yes,no,telephone,may,wed,253,8,999,0,nonexistent,1.1,93.994,-36.4,4.856,5191.0,no
45,technician,married,professional.course,no,yes,no,telephone,may,wed,164,5,999,0,nonexistent,1.1,93.994,-36.4,4.856,5191.0,no
51,blue-collar,married,basic.4y,unknown,yes,no,telephone,may,wed,244,7,999,0,nonexistent,1.1,93.994,-36.4,4.856,5191.0,no
42,services,married,high.school,no,no,no,telephone,may,wed,191,2,999,0,nonexistent,1.1,93.994,-36.4,4.856,5191.0,no
31,technician,married,professional.course,no,yes,no,telephone,may,wed,157,6,999,0,nonexistent,1.1,93.994,-36.4,4.856,5191.0,no
38,blue-collar,married,basic.4y,no,no,no,telephone,may,wed,548,2,999,0,nonexistent,1.1,93.994,-36.4,4.856,5191.0,no
51,services,divorced,basic.6y,unknown,no,yes,telephone,may,wed,114,3,999,0,nonexistent,1.1,93.994,-36.4,4.856,5191.0,no
39,entrepreneur,married,high.school,no,yes,no,telephone,may,wed,126,5,999,0,nonexistent,1.1,93.994,-36.4,4.856,5191.0,no
36,blue-collar,married,unknown,unknown,yes,yes,telephone,may,wed,161,3,999,0,nonexistent,1.1,93.994,-36.4,4.856,5191.0,no
60,services,married,unknown,no,yes,no,telephone,may,wed,333,1,999,0,nonexistent,1.1,93.994,-36.4,4.856,5191.0,no
41,blue-collar,married,basic.4y,no,yes,no,telephone,may,wed,152,3,999,0,nonexistent,1.1,93.994,-36.4,4.856,5191.0,no
36,blue-collar,married,basic.9y,no,no,no,telephone,may,wed,66,3,999,0,nonexistent,1.1,93.994,-36.4,4.856,5191.0,no
44,blue-collar,married,basic.4y,no,yes,no,telephone,may,wed,248,3,999,0,nonexistent,1.1,93.994,-36.4,4.856,5191.0,no
30,blue-collar,married,basic.6y,no,no,no,telephone,may,wed,275,2,999,0,nonexistent,1.1,93.994,-36.4,4.856,5191.0,no
34,management,married,university.degree,no,no,no,telephone,may,wed,984,1,999,0,nonexistent,1.1,93.994,-36.4,4.856,5191.0,no
54,admin.,divorced,university.degree,no,no,no,telephone,may,wed,1689,4,999,0,nonexistent,1.1,93.994,-36.4,4.856,5191.0,yes
58,self-employed,married,professional.course,no,yes,no,telephone,may,wed,84,2,999,0,nonexistent,1.1,93.994,-36.4,4.856,5191.0,no
29,services,married,high.school,no,yes,yes,telephone,may,wed,27,3,999,0,nonexistent,1.1,93.994,-36.4,4.856,5191.0,no
41,entrepreneur,married,university.degree,no,no,no,telephone,may,wed,130,4,999,0,nonexistent,1.1,93.994,-36.4,4.856,5191.0,no
53,blue-collar,married,basic.9y,unknown,yes,no,telephone,may,wed,489,2,999,0,nonexistent,1.1,93.994,-36.4,4.856,5191.0,no
35,admin.,married,university.degree,no,no,no,telephone,may,wed,41,3,999,0,nonexistent,1.1,93.994,-36.4,4.856,5191.0,no
34,blue-collar,single,basic.9y,no,no,no,telephone,may,wed,159,3,999,0,nonexistent,1.1,93.994,-36.4,4.856,5191.0,no
36,blue-collar,single,unknown,no,yes,no,telephone,may,wed,276,4,999,0,nonexistent,1.1,93.994,-36.4,4.856,5191.0,no
31,blue-collar,married,basic.9y,no,no,no,telephone,may,wed,196,2,999,0,nonexistent,1.1,93.994,-36.4,4.856,5191.0,no
59,retired,married,basic.4y,unknown,no,no,telephone,may,wed,81,2,999,0,nonexistent,1.1,93.994,-36.4,4.856,5191.0,no
49,technician,married,professional.course,unknown,unknown,unknown,telephone,may,wed,865,2,999,0,nonexistent,1.1,93.994,-36.4,4.856,5191.0,no
37,management,married,high.school,unknown,no,no,telephone,may,wed,149,1,999,0,nonexistent,1.1,93.994,-36.4,4.856,5191.0,no
50,management,married,university.degree,no,yes,no,telephone,may,wed,281,2,999,0,nonexistent,1.1,93.994,-36.4,4.856,5191.0,no
34,services,married,high.school,no,no,no,telephone,may,wed,122,5,999,0,nonexistent,1.1,93.994,-36.4,4.856,5191.0,no
32,admin.,married,university.degree,unknown,no,no,telephone,may,wed,361,2,999,0,nonexistent,1.1,93.994,-36.4,4.856,5191.0,no
45,blue-collar,married,basic.9y,unknown,yes,no,telephone,may,wed,944,3,999,0,nonexistent,1.1,93.994,-36.4,4.856,5191.0,no
39,management,married,university.degree,no,yes,no,telephone,may,wed,319,3,999,0,nonexistent,1.1,93.994,-36.4,4.856,5191.0,no
43,blue-collar,married,basic.4y,unknown,no,no,telephone,may,wed,143,2,999,0,nonexistent,1.1,93.994,-36.4,4.856,5191.0,no
52,blue-collar,married,basic.9y,unknown,no,no,telephone,may,wed,22,2,999,0,nonexistent,1.1,93.994,-36.4,4.856,5191.0,no
54,blue-collar,married,basic.9y,no,yes,no,telephone,may,wed,90,2,999,0,nonexistent,1.1,93.994,-36.4,4.856,5191.0,no
54,blue-collar,married,basic.9y,no,yes,no,telephone,may,wed,505,2,999,0,nonexistent,1.1,93.994,-36.4,4.856,5191.0,no
31,services,single,high.school,no,yes,no,telephone,may,wed,17,2,999,0,nonexistent,1.1,93.994,-36.4,4.856,5191.0,no
35,blue-collar,married,basic.6y,no,no,no,telephone,may,wed,404,5,999,0,nonexistent,1.1,93.994,-36.4,4.856,5191.0,no
28,admin.,married,high.school,no,yes,no,telephone,may,wed,238,2,999,0,nonexistent,1.1,93.994,-36.4,4.856,5191.0,no
35,admin.,single,basic.4y,unknown,no,no,telephone,may,wed,309,2,999,0,nonexistent,1.1,93.994,-36.4,4.856,5191.0,no
45,blue-collar,married,basic.9y,unknown,no,no,telephone,may,wed,408,3,999,0,nonexistent,1.1,93.994,-36.4,4.856,5191.0,no
38,entrepreneur,married,basic.9y,no,no,no,telephone,may,wed,157,3,999,0,nonexistent,1.1,93.994,-36.4,4.856,5191.0,no
42,technician,married,professional.course,no,yes,no,telephone,may,wed,280,3,999,0,nonexistent,1.1,93.994,-36.4,4.856,5191.0,no
58,admin.,divorced,university.degree,no,yes,no,telephone,may,wed,365,4,999,0,nonexistent,1.1,93.994,-36.4,4.856,5191.0,no
43,admin.,divorced,high.school,no,yes,no,telephone,may,thu,177,3,999,0,nonexistent,1.1,93.994,-36.4,4.855,5191.0,no
45,blue-collar,married,basic.9y,unknown,no,no,telephone,may,thu,31,2,999,0,nonexistent,1.1,93.994,-36.4,4.855,5191.0,no
41,admin.,married,high.school,no,yes,yes,telephone,may,thu,223,2,999,0,nonexistent,1.1,93.994,-36.4,4.855,5191.0,no
33,admin.,married,university.degree,no,yes,no,telephone,may,thu,239,2,999,0,nonexistent,1.1,93.994,-36.4,4.855,5191.0,no
30,admin.,single,high.school,no,no,no,telephone,may,thu,308,3,999,0,nonexistent,1.1,93.994,-36.4,4.855,5191.0,no
28,services,single,high.school,no,no,no,telephone,may,thu,137,2,999,0,nonexistent,1.1,93.994,-36.4,4.855,5191.0,no
58,admin.,married,university.degree,no,no,yes,telephone,may,thu,162,2,999,0,nonexistent,1.1,93.994,-36.4,4.855,5191.0,no
43,blue-collar,married,basic.4y,no,no,no,telephone,may,thu,134,1,999,0,nonexistent,1.1,93.994,-36.4,4.855,5191.0,no
25,services,married,professional.course,unknown,no,no,telephone,may,thu,125,3,999,0,nonexistent,1.1,93.994,-36.4,4.855,5191.0,no
39,admin.,single,unknown,no,no,no,telephone,may,thu,211,3,999,0,nonexistent,1.1,93.994,-36.4,4.855,5191.0,no
42,retired,married,basic.9y,unknown,yes,no,telephone,may,thu,180,1,999,0,nonexistent,1.1,93.994,-36.4,4.855,5191.0,no
43,admin.,married,high.school,no,yes,no,telephone,may,thu,67,1,999,0,nonexistent,1.1,93.994,-36.4,4.855,5191.0,no
43,admin.,married,high.school,no,no,no,telephone,may,thu,196,1,999,0,nonexistent,1.1,93.994,-36.4,4.855,5191.0,no
33,admin.,single,university.degree,no,no,no,telephone,may,thu,342,1,999,0,nonexistent,1.1,93.994,-36.4,4.855,5191.0,no
52,unknown,married,basic.4y,no,no,no,telephone,may,thu,156,1,999,0,nonexistent,1.1,93.994,-36.4,4.855,5191.0,no
42,services,married,professional.course,no,yes,no,telephone,may,thu,813,1,999,0,nonexistent,1.1,93.994,-36.4,4.855,5191.0,yes
53,blue-collar,married,basic.4y,unknown,no,no,telephone,may,thu,178,1,999,0,nonexistent,1.1,93.994,-36.4,4.855,5191.0,no
41,housemaid,married,basic.6y,no,no,no,telephone,may,thu,142,1,999,0,nonexistent,1.1,93.994,-36.4,4.855,5191.0,no
48,blue-collar,married,professional.course,no,yes,no,telephone,may,thu,194,1,999,0,nonexistent,1.1,93.994,-36.4,4.855,5191.0,no
40,admin.,single,high.school,no,yes,no,telephone,may,thu,132,1,999,0,nonexistent,1.1,93.994,-36.4,4.855,5191.0,no
39,technician,married,professional.course,no,no,no,telephone,may,thu,31,1,999,0,nonexistent,1.1,93.994,-36.4,4.855,5191.0,no
35,blue-collar,married,basic.9y,no,no,yes,telephone,may,thu,220,1,999,0,nonexistent,1.1,93.994,-36.4,4.855,5191.0,no
50,housemaid,divorced,basic.4y,unknown,no,no,telephone,may,thu,489,1,999,0,nonexistent,1.1,93.994,-36.4,4.855,5191.0,no
41,unemployed,married,basic.9y,unknown,no,no,telephone,may,thu,314,1,999,0,nonexistent,1.1,93.994,-36.4,4.855,5191.0,no
44,technician,married,professional.course,unknown,no,no,telephone,may,thu,203,1,999,0,nonexistent,1.1,93.994,-36.4,4.855,5191.0,no
39,admin.,married,basic.6y,unknown,no,no,telephone,may,thu,328,2,999,0,nonexistent,1.1,93.994,-36.4,4.855,5191.0,no
44,unknown,married,basic.6y,no,no,no,telephone,may,thu,207,1,999,0,nonexistent,1.1,93.994,-36.4,4.855,5191.0,no
51,technician,married,professional.course,no,no,yes,telephone,may,thu,193,1,999,0,nonexistent,1.1,93.994,-36.4,4.855,5191.0,no
41,technician,married,high.school,no,yes,yes,telephone,may,thu,177,2,999,0,nonexistent,1.1,93.994,-36.4,4.855,5191.0,no
31,technician,married,professional.course,no,no,no,telephone,may,thu,528,1,999,0,nonexistent,1.1,93.994,-36.4,4.855,5191.0,no
48,blue-collar,married,basic.6y,no,no,yes,telephone,may,thu,61,1,999,0,nonexistent,1.1,93.994,-36.4,4.855,5191.0,no
32,admin.,married,high.school,no,no,no,telephone,may,thu,70,1,999,0,nonexistent,1.1,93.994,-36.4,4.855,5191.0,no
46,blue-collar,single,basic.9y,no,yes,no,telephone,may,thu,541,3,999,0,nonexistent,1.1,93.994,-36.4,4.855,5191.0,yes
49,housemaid,married,basic.4y,unknown,no,no,telephone,may,thu,41,1,999,0,nonexistent,1.1,93.994,-36.4,4.855,5191.0,no
47,blue-collar,married,basic.6y,no,yes,yes,telephone,may,thu,93,1,999,0,nonexistent,1.1,93.994,-36.4,4.855,5191.0,no
28,blue-collar,married,basic.6y,unknown,no,no,telephone,may,thu,149,1,999,0,nonexistent,1.1,93.994,-36.4,4.855,5191.0,no
28,blue-collar,married,basic.6y,unknown,no,no,telephone,may,thu,262,1,999,0,nonexistent,1.1,93.994,-36.4,4.855,5191.0,no
50,blue-collar,married,basic.9y,no,yes,no,telephone,may,thu,135,2,999,0,nonexistent,1.1,93.994,-36.4,4.855,5191.0,no
38,admin.,single,university.degree,unknown,yes,yes,telephone,may,thu,221,1,999,0,nonexistent,1.1,93.994,-36.4,4.855,5191.0,no
48,blue-collar,married,basic.6y,no,yes,no,telephone,may,thu,604,1,999,0,nonexistent,1.1,93.994,-36.4,4.855,5191.0,no
34,blue-collar,single,basic.4y,no,no,no,telephone,may,thu,380,3,999,0,nonexistent,1.1,93.994,-36.4,4.855,5191.0,no
36,blue-collar,married,basic.6y,no,yes,no,telephone,may,thu,11,1,999,0,nonexistent,1.1,93.994,-36.4,4.855,5191.0,no
41,management,married,university.degree,unknown,no,no,telephone,may,thu,184,2,999,0,nonexistent,1.1,93.994,-36.4,4.855,5191.0,no
40,blue-collar,married,basic.6y,unknown,no,no,telephone,may,thu,405,1,999,0,nonexistent,1.1,93.994,-36.4,4.855,5191.0,no
35,unknown,married,basic.9y,no,yes,yes,telephone,may,thu,20,1,999,0,nonexistent,1.1,93.994,-36.4,4.855,5191.0,no
35,unknown,married,basic.9y,no,yes,no,telephone,may,thu,235,1,999,0,nonexistent,1.1,93.994,-36.4,4.855,5191.0,no
32,management,single,university.degree,no,no,no,telephone,may,thu,75,1,999,0,nonexistent,1.1,93.994,-36.4,4.855,5191.0,no
34,admin.,married,university.degree,unknown,no,no,telephone,may,thu,134,1,999,0,nonexistent,1.1,93.994,-36.4,4.855,5191.0,no
35,blue-collar,married,basic.9y,no,yes,no,telephone,may,thu,255,1,999,0,nonexistent,1.1,93.994,-36.4,4.855,5191.0,no
28,admin.,single,professional.course,no,no,no,telephone,may,thu,462,1,999,0,nonexistent,1.1,93.994,-36.4,4.855,5191.0,no
30,services,married,high.school,unknown,no,no,telephone,may,thu,80,1,999,0,nonexistent,1.1,93.994,-36.4,4.855,5191.0,no
48,unemployed,married,basic.4y,no,yes,yes,telephone,may,thu,56,1,999,0,nonexistent,1.1,93.994,-36.4,4.855,5191.0,no
53,blue-collar,married,professional.course,no,yes,yes,telephone,may,thu,418,1,999,0,nonexistent,1.1,93.994,-36.4,4.855,5191.0,no
31,management,married,university.degree,no,yes,yes,telephone,may,thu,139,2,999,0,nonexistent,1.1,93.994,-36.4,4.855,5191.0,no
59,retired,married,unknown,no,yes,no,telephone,may,thu,96,2,999,0,nonexistent,1.1,93.994,-36.4,4.855,5191.0,no
51,unemployed,married,high.school,no,yes,no,telephone,may,thu,39,1,999,0,nonexistent,1.1,93.994,-36.4,4.855,5191.0,no
47,services,married,high.school,unknown,yes,no,telephone,may,thu,231,2,999,0,nonexistent,1.1,93.994,-36.4,4.855,5191.0,no
40,technician,married,university.degree,unknown,no,no,telephone,may,thu,66,2,999,0,nonexistent,1.1,93.994,-36.4,4.855,5191.0,no
42,entrepreneur,single,university.degree,no,yes,no,telephone,may,thu,204,1,999,0,nonexistent,1.1,93.994,-36.4,4.855,5191.0,no
30,housemaid,married,high.school,unknown,no,no,telephone,may,thu,159,1,999,0,nonexistent,1.1,93.994,-36.4,4.855,5191.0,no
40,blue-collar,married,basic.9y,no,no,no,telephone,may,thu,129,2,999,0,nonexistent,1.1,93.994,-36.4,4.855,5191.0,no
30,housemaid,married,high.school,unknown,no,no,telephone,may,thu,200,1,999,0,nonexistent,1.1,93.994,-36.4,4.855,5191.0,no
50,entrepreneur,married,basic.9y,no,yes,no,telephone,may,thu,187,3,999,0,nonexistent,1.1,93.994,-36.4,4.855,5191.0,no
36,blue-collar,married,basic.6y,unknown,no,no,telephone,may,thu,166,1,999,0,nonexistent,1.1,93.994,-36.4,4.855,5191.0,no
29,unemployed,single,university.degree,no,no,no,telephone,may,thu,144,1,999,0,nonexistent,1.1,93.994,-36.4,4.855,5191.0,no
43,blue-collar,married,basic.9y,no,no,no,telephone,may,thu,323,1,999,0,nonexistent,1.1,93.994,-36.4,4.855,5191.0,no
35,services,married,high.school,no,no,no,telephone,may,thu,194,1,999,0,nonexistent,1.1,93.994,-36.4,4.855,5191.0,no
35,unknown,single,basic.4y,unknown,no,no,telephone,may,thu,82,1,999,0,nonexistent,1.1,93.994,-36.4,4.855,5191.0,no
48,blue-collar,divorced,basic.4y,no,no,no,telephone,may,thu,521,7,999,0,nonexistent,1.1,93.994,-36.4,4.855,5191.0,no
49,technician,married,professional.course,no,no,no,telephone,may,thu,269,1,999,0,nonexistent,1.1,93.994,-36.4,4.855,5191.0,no
44,blue-collar,married,basic.6y,unknown,no,yes,telephone,may,thu,285,1,999,0,nonexistent,1.1,93.994,-36.4,4.855,5191.0,no
32,blue-collar,married,professional.course,no,no,no,telephone,may,thu,1119,1,999,0,nonexistent,1.1,93.994,-36.4,4.855,5191.0,yes
55,admin.,married,high.school,no,no,no,telephone,may,thu,294,1,999,0,nonexistent,1.1,93.994,-36.4,4.855,5191.0,no
41,admin.,married,basic.4y,unknown,no,yes,telephone,may,thu,106,1,999,0,nonexistent,1.1,93.994,-36.4,4.855,5191.0,no
27,student,single,high.school,unknown,no,no,telephone,may,thu,158,1,999,0,nonexistent,1.1,93.994,-36.4,4.855,5191.0,no
41,blue-collar,married,basic.9y,no,yes,no,telephone,may,thu,152,1,999,0,nonexistent,1.1,93.994,-36.4,4.855,5191.0,no
54,technician,married,basic.9y,no,no,no,telephone,may,thu,193,1,999,0,nonexistent,1.1,93.994,-36.4,4.855,5191.0,no
32,blue-collar,married,basic.6y,unknown,no,no,telephone,may,thu,60,1,999,0,nonexistent,1.1,93.994,-36.4,4.855,5191.0,no
33,management,married,university.degree,no,no,yes,telephone,may,thu,206,1,999,0,nonexistent,1.1,93.994,-36.4,4.855,5191.0,no
44,technician,single,high.school,no,no,no,telephone,may,thu,216,1,999,0,nonexistent,1.1,93.994,-36.4,4.855,5191.0,no
50,technician,married,professional.course,no,no,no,telephone,may,thu,103,3,999,0,nonexistent,1.1,93.994,-36.4,4.855,5191.0,no
43,blue-collar,married,basic.4y,unknown,yes,no,telephone,may,thu,219,1,999,0,nonexistent,1.1,93.994,-36.4,4.855,5191.0,no
40,admin.,divorced,professional.course,no,yes,no,telephone,may,thu,339,2,999,0,nonexistent,1.1,93.994,-36.4,4.855,5191.0,no
24,services,single,high.school,no,yes,yes,telephone,may,thu,198,1,999,0,nonexistent,1.1,93.994,-36.4,4.855,5191.0,no
32,technician,married,university.degree,no,no,yes,telephone,may,thu,141,1,999,0,nonexistent,1.1,93.994,-36.4,4.855,5191.0,no
43,technician,single,university.degree,no,yes,no,telephone,may,thu,1120,2,999,0,nonexistent,1.1,93.994,-36.4,4.855,5191.0,yes
35,admin.,married,university.degree,no,yes,yes,telephone,may,thu,369,1,999,0,nonexistent,1.1,93.994,-36.4,4.855,5191.0,no
48,technician,married,professional.course,unknown,yes,no,telephone,may,thu,306,1,999,0,nonexistent,1.1,93.994,-36.4,4.855,5191.0,no
52,housemaid,married,basic.4y,no,no,no,telephone,may,thu,249,1,999,0,nonexistent,1.1,93.994,-36.4,4.855,5191.0,no
49,blue-collar,married,basic.4y,unknown,yes,no,telephone,may,thu,143,1,999,0,nonexistent,1.1,93.994,-36.4,4.855,5191.0,no
30,admin.,married,high.school,no,yes,yes,telephone,may,thu,162,1,999,0,nonexistent,1.1,93.994,-36.4,4.855,5191.0,no
39,blue-collar,married,basic.6y,no,no,no,telephone,may,thu,393,1,999,0,nonexistent,1.1,93.994,-36.4,4.855,5191.0,no
31,admin.,married,high.school,no,no,no,telephone,may,thu,784,1,999,0,nonexistent,1.1,93.994,-36.4,4.855,5191.0,no
41,technician,married,professional.course,no,yes,yes,telephone,may,thu,87,2,999,0,nonexistent,1.1,93.994,-36.4,4.855,5191.0,no
55,retired,married,university.degree,unknown,no,no,telephone,may,thu,207,1,999,0,nonexistent,1.1,93.994,-36.4,4.855,5191.0,no
38,entrepreneur,married,basic.6y,no,yes,no,telephone,may,thu,196,1,999,0,nonexistent,1.1,93.994,-36.4,4.855,5191.0,no
52,blue-collar,married,basic.9y,no,yes,no,telephone,may,thu,149,1,999,0,nonexistent,1.1,93.994,-36.4,4.855,5191.0,no
38,entrepreneur,married,basic.6y,no,no,no,telephone,may,thu,229,1,999,0,nonexistent,1.1,93.994,-36.4,4.855,5191.0,no
44,technician,divorced,high.school,no,no,no,telephone,may,thu,21,1,999,0,nonexistent,1.1,93.994,-36.4,4.855,5191.0,no
42,blue-collar,married,basic.9y,unknown,yes,no,telephone,may,thu,191,1,999,0,nonexistent,1.1,93.994,-36.4,4.855,5191.0,no
25,services,divorced,high.school,no,yes,no,telephone,may,thu,147,1,999,0,nonexistent,1.1,93.994,-36.4,4.855,5191.0,no
32,admin.,married,basic.6y,no,no,no,telephone,may,thu,93,1,999,0,nonexistent,1.1,93.994,-36.4,4.855,5191.0,no
51,blue-collar,married,basic.4y,unknown,no,no,telephone,may,thu,665,1,999,0,nonexistent,1.1,93.994,-36.4,4.855,5191.0,no
28,admin.,single,university.degree,no,no,no,telephone,may,thu,131,1,999,0,nonexistent,1.1,93.994,-36.4,4.855,5191.0,no
27,housemaid,married,basic.9y,no,yes,no,telephone,may,thu,160,1,999,0,nonexistent,1.1,93.994,-36.4,4.855,5191.0,no
35,blue-collar,married,basic.9y,no,yes,no,telephone,may,thu,74,1,999,0,nonexistent,1.1,93.994,-36.4,4.855,5191.0,no
30,services,single,high.school,no,yes,no,telephone,may,thu,97,2,999,0,nonexistent,1.1,93.994,-36.4,4.855,5191.0,no
60,entrepreneur,married,basic.4y,no,yes,no,telephone,may,thu,82,1,999,0,nonexistent,1.1,93.994,-36.4,4.855,5191.0,no
28,services,single,unknown,no,yes,no,telephone,may,thu,475,1,999,0,nonexistent,1.1,93.994,-36.4,4.855,5191.0,no
45,blue-collar,married,basic.4y,unknown,no,yes,telephone,may,thu,111,1,999,0,nonexistent,1.1,93.994,-36.4,4.855,5191.0,no
37,unemployed,married,professional.course,no,no,no,telephone,may,thu,140,1,999,0,nonexistent,1.1,93.994,-36.4,4.855,5191.0,no
37,unemployed,married,professional.course,no,no,yes,telephone,may,thu,110,1,999,0,nonexistent,1.1,93.994,-36.4,4.855,5191.0,no
36,services,married,basic.6y,no,yes,no,telephone,may,thu,64,1,999,0,nonexistent,1.1,93.994,-36.4,4.855,5191.0,no
49,blue-collar,married,basic.4y,no,yes,no,telephone,may,thu,149,1,999,0,nonexistent,1.1,93.994,-36.4,4.855,5191.0,no
34,admin.,single,high.school,no,no,no,telephone,may,thu,63,3,999,0,nonexistent,1.1,93.994,-36.4,4.855,5191.0,no
31,blue-collar,married,basic.9y,no,no,no,telephone,may,thu,362,1,999,0,nonexistent,1.1,93.994,-36.4,4.855,5191.0,no
42,admin.,married,university.degree,unknown,yes,no,telephone,may,thu,712,1,999,0,nonexistent,1.1,93.994,-36.4,4.855,5191.0,no
39,blue-collar,married,basic.6y,no,yes,no,telephone,may,thu,338,2,999,0,nonexistent,1.1,93.994,-36.4,4.855,5191.0,no
33,services,married,university.degree,no,yes,no,telephone,may,thu,102,2,999,0,nonexistent,1.1,93.994,-36.4,4.855,5191.0,no
38,unemployed,married,high.school,no,no,yes,telephone,may,thu,446,1,999,0,nonexistent,1.1,93.994,-36.4,4.855,5191.0,no
30,admin.,divorced,university.degree,unknown,no,no,telephone,may,thu,249,2,999,0,nonexistent,1.1,93.994,-36.4,4.855,5191.0,no
37,blue-collar,married,unknown,unknown,yes,no,telephone,may,thu,266,1,999,0,nonexistent,1.1,93.994,-36.4,4.855,5191.0,no
48,blue-collar,married,basic.4y,unknown,no,no,telephone,may,thu,172,1,999,0,nonexistent,1.1,93.994,-36.4,4.855,5191.0,no
32,services,married,high.school,no,no,no,telephone,may,thu,175,1,999,0,nonexistent,1.1,93.994,-36.4,4.855,5191.0,no
48,blue-collar,married,basic.6y,no,yes,no,telephone,may,thu,211,2,999,0,nonexistent,1.1,93.994,-36.4,4.855,5191.0,no
37,technician,single,university.degree,no,yes,no,telephone,may,thu,237,1,999,0,nonexistent,1.1,93.994,-36.4,4.855,5191.0,no
37,technician,single,university.degree,no,no,no,telephone,may,thu,500,1,999,0,nonexistent,1.1,93.994,-36.4,4.855,5191.0,no
26,services,divorced,basic.6y,no,no,no,telephone,may,thu,186,1,999,0,nonexistent,1.1,93.994,-36.4,4.855,5191.0,no
33,management,married,high.school,unknown,no,no,telephone,may,thu,96,1,999,0,nonexistent,1.1,93.994,-36.4,4.855,5191.0,no
54,admin.,married,university.degree,no,yes,no,telephone,may,thu,98,1,999,0,nonexistent,1.1,93.994,-36.4,4.855,5191.0,no
37,blue-collar,married,basic.9y,unknown,yes,no,telephone,may,thu,364,4,999,0,nonexistent,1.1,93.994,-36.4,4.855,5191.0,no
35,entrepreneur,married,university.degree,no,yes,yes,telephone,may,thu,477,1,999,0,nonexistent,1.1,93.994,-36.4,4.855,5191.0,no
33,services,single,high.school,no,yes,no,telephone,may,thu,789,1,999,0,nonexistent,1.1,93.994,-36.4,4.855,5191.0,no
37,blue-collar,married,basic.4y,no,no,yes,telephone,may,thu,280,2,999,0,nonexistent,1.1,93.994,-36.4,4.855,5191.0,no
35,blue-collar,married,basic.9y,unknown,no,no,telephone,may,thu,170,1,999,0,nonexistent,1.1,93.994,-36.4,4.855,5191.0,no
33,blue-collar,divorced,basic.6y,unknown,yes,no,telephone,may,thu,365,1,999,0,nonexistent,1.1,93.994,-36.4,4.855,5191.0,no
49,technician,married,professional.course,no,no,no,telephone,may,thu,63,2,999,0,nonexistent,1.1,93.994,-36.4,4.855,5191.0,no
43,technician,married,university.degree,no,yes,no,telephone,may,thu,159,4,999,0,nonexistent,1.1,93.994,-36.4,4.855,5191.0,no
43,entrepreneur,married,university.degree,no,no,no,telephone,may,thu,177,2,999,0,nonexistent,1.1,93.994,-36.4,4.855,5191.0,no
39,blue-collar,married,basic.6y,no,no,no,telephone,may,thu,108,3,999,0,nonexistent,1.1,93.994,-36.4,4.855,5191.0,no
47,blue-collar,married,basic.9y,no,yes,no,telephone,may,thu,194,3,999,0,nonexistent,1.1,93.994,-36.4,4.855,5191.0,no
30,services,divorced,high.school,no,no,no,telephone,may,thu,366,2,999,0,nonexistent,1.1,93.994,-36.4,4.855,5191.0,no
51,admin.,divorced,university.degree,no,yes,no,telephone,may,thu,213,1,999,0,nonexistent,1.1,93.994,-36.4,4.855,5191.0,no
59,blue-collar,married,basic.6y,no,yes,no,telephone,may,thu,166,1,999,0,nonexistent,1.1,93.994,-36.4,4.855,5191.0,no
31,blue-collar,married,basic.9y,no,yes,no,telephone,may,thu,141,1,999,0,nonexistent,1.1,93.994,-36.4,4.855,5191.0,no
39,unemployed,married,university.degree,no,yes,no,telephone,may,thu,168,2,999,0,nonexistent,1.1,93.994,-36.4,4.855,5191.0,no
43,blue-collar,married,basic.6y,unknown,no,no,telephone,may,thu,468,1,999,0,nonexistent,1.1,93.994,-36.4,4.855,5191.0,no
37,blue-collar,married,professional.course,no,no,no,telephone,may,thu,195,1,999,0,nonexistent,1.1,93.994,-36.4,4.855,5191.0,no
42,blue-collar,married,basic.6y,no,no,no,telephone,may,thu,352,3,999,0,nonexistent,1.1,93.994,-36.4,4.855,5191.0,no
37,blue-collar,married,professional.course,no,yes,yes,telephone,may,thu,91,1,999,0,nonexistent,1.1,93.994,-36.4,4.855,5191.0,no
37,admin.,divorced,university.degree,no,yes,no,telephone,may,thu,93,2,999,0,nonexistent,1.1,93.994,-36.4,4.855,5191.0,no
36,management,single,basic.6y,no,no,no,telephone,may,thu,218,2,999,0,nonexistent,1.1,93.994,-36.4,4.855,5191.0,no
48,blue-collar,married,basic.9y,no,yes,yes,telephone,may,thu,289,1,999,0,nonexistent,1.1,93.994,-36.4,4.855,5191.0,no
43,services,married,high.school,no,no,no,telephone,may,thu,130,3,999,0,nonexistent,1.1,93.994,-36.4,4.855,5191.0,no
60,entrepreneur,married,basic.4y,no,yes,no,telephone,may,thu,442,2,999,0,nonexistent,1.1,93.994,-36.4,4.855,5191.0,no
31,blue-collar,married,basic.9y,no,no,no,telephone,may,thu,101,1,999,0,nonexistent,1.1,93.994,-36.4,4.855,5191.0,no
50,technician,married,high.school,no,yes,no,telephone,may,thu,756,1,999,0,nonexistent,1.1,93.994,-36.4,4.855,5191.0,yes
36,blue-collar,married,basic.9y,no,yes,no,telephone,may,thu,342,1,999,0,nonexistent,1.1,93.994,-36.4,4.855,5191.0,no
50,unemployed,married,professional.course,no,no,no,telephone,may,thu,189,1,999,0,nonexistent,1.1,93.994,-36.4,4.855,5191.0,no
54,entrepreneur,married,basic.4y,unknown,no,yes,telephone,may,thu,108,1,999,0,nonexistent,1.1,93.994,-36.4,4.855,5191.0,no
20,entrepreneur,single,high.school,no,no,no,telephone,may,thu,238,1,999,0,nonexistent,1.1,93.994,-36.4,4.855,5191.0,no
24,blue-collar,married,basic.9y,unknown,yes,no,telephone,may,thu,226,1,999,0,nonexistent,1.1,93.994,-36.4,4.855,5191.0,no
55,housemaid,married,basic.4y,no,yes,no,telephone,may,thu,14,1,999,0,nonexistent,1.1,93.994,-36.4,4.855,5191.0,no
25,blue-collar,married,high.school,no,no,no,telephone,may,thu,250,1,999,0,nonexistent,1.1,93.994,-36.4,4.855,5191.0,no
41,admin.,married,basic.9y,unknown,yes,no,telephone,may,thu,161,1,999,0,nonexistent,1.1,93.994,-36.4,4.855,5191.0,no
39,blue-collar,married,basic.6y,no,yes,no,telephone,may,thu,269,3,999,0,nonexistent,1.1,93.994,-36.4,4.855,5191.0,no
27,blue-collar,married,basic.9y,no,yes,no,telephone,may,thu,491,1,999,0,nonexistent,1.1,93.994,-36.4,4.855,5191.0,no
27,blue-collar,married,basic.9y,no,no,no,telephone,may,thu,44,1,999,0,nonexistent,1.1,93.994,-36.4,4.855,5191.0,no
34,blue-collar,married,basic.6y,unknown,yes,yes,telephone,may,thu,26,1,999,0,nonexistent,1.1,93.994,-36.4,4.855,5191.0,no
25,technician,single,professional.course,no,no,no,telephone,may,thu,22,1,999,0,nonexistent,1.1,93.994,-36.4,4.855,5191.0,no
48,management,married,university.degree,unknown,yes,no,telephone,may,thu,293,2,999,0,nonexistent,1.1,93.994,-36.4,4.855,5191.0,no
36,blue-collar,single,basic.6y,no,no,no,telephone,may,thu,989,1,999,0,nonexistent,1.1,93.994,-36.4,4.855,5191.0,no
36,blue-collar,married,basic.9y,no,no,no,telephone,may,thu,147,5,999,0,nonexistent,1.1,93.994,-36.4,4.855,5191.0,no
27,blue-collar,married,basic.9y,no,no,yes,telephone,may,thu,1170,1,999,0,nonexistent,1.1,93.994,-36.4,4.855,5191.0,no
45,management,married,university.degree,no,yes,yes,telephone,may,thu,807,2,999,0,nonexistent,1.1,93.994,-36.4,4.855,5191.0,no
28,blue-collar,married,basic.6y,unknown,yes,no,telephone,may,thu,347,2,999,0,nonexistent,1.1,93.994,-36.4,4.855,5191.0,no
32,admin.,single,high.school,no,unknown,unknown,telephone,may,thu,155,2,999,0,nonexistent,1.1,93.994,-36.4,4.855,5191.0,no
35,blue-collar,married,basic.9y,no,no,no,telephone,may,thu,343,2,999,0,nonexistent,1.1,93.994,-36.4,4.855,5191.0,no
43,admin.,married,high.school,no,yes,no,telephone,may,thu,152,2,999,0,nonexistent,1.1,93.994,-36.4,4.855,5191.0,no
35,unknown,married,basic.9y,no,no,no,telephone,may,thu,461,3,999,0,nonexistent,1.1,93.994,-36.4,4.855,5191.0,no
36,admin.,married,high.school,no,yes,no,telephone,may,thu,389,2,999,0,nonexistent,1.1,93.994,-36.4,4.855,5191.0,no
48,admin.,married,high.school,unknown,no,no,telephone,may,thu,314,3,999,0,nonexistent,1.1,93.994,-36.4,4.855,5191.0,no
38,blue-collar,single,basic.4y,unknown,no,no,telephone,may,thu,28,3,999,0,nonexistent,1.1,93.994,-36.4,4.855,5191.0,no
38,blue-collar,single,basic.9y,unknown,no,no,telephone,may,thu,30,2,999,0,nonexistent,1.1,93.994,-36.4,4.855,5191.0,no
45,admin.,married,high.school,no,yes,no,telephone,may,thu,103,4,999,0,nonexistent,1.1,93.994,-36.4,4.855,5191.0,no
35,technician,married,professional.course,no,no,yes,telephone,may,thu,32,2,999,0,nonexistent,1.1,93.994,-36.4,4.855,5191.0,no
42,services,married,high.school,unknown,no,yes,telephone,may,thu,252,2,999,0,nonexistent,1.1,93.994,-36.4,4.855,5191.0,no
56,blue-collar,married,basic.4y,unknown,no,no,telephone,may,thu,20,2,999,0,nonexistent,1.1,93.994,-36.4,4.855,5191.0,no
30,technician,married,professional.course,no,no,no,telephone,may,thu,369,2,999,0,nonexistent,1.1,93.994,-36.4,4.855,5191.0,no
45,blue-collar,married,basic.4y,unknown,yes,no,telephone,may,thu,116,1,999,0,nonexistent,1.1,93.994,-36.4,4.855,5191.0,no
34,blue-collar,married,basic.9y,no,no,no,telephone,may,thu,210,1,999,0,nonexistent,1.1,93.994,-36.4,4.855,5191.0,no
36,self-employed,single,basic.6y,no,no,no,telephone,may,thu,180,2,999,0,nonexistent,1.1,93.994,-36.4,4.855,5191.0,no
33,management,married,high.school,unknown,no,no,telephone,may,thu,234,1,999,0,nonexistent,1.1,93.994,-36.4,4.855,5191.0,no
43,unemployed,married,basic.4y,no,no,no,telephone,may,thu,92,1,999,0,nonexistent,1.1,93.994,-36.4,4.855,5191.0,no
31,services,married,basic.6y,no,no,no,telephone,may,thu,2087,2,999,0,nonexistent,1.1,93.994,-36.4,4.855,5191.0,yes
35,blue-collar,married,basic.6y,no,no,no,telephone,may,thu,102,1,999,0,nonexistent,1.1,93.994,-36.4,4.855,5191.0,no
42,admin.,married,university.degree,no,no,no,telephone,may,thu,193,1,999,0,nonexistent,1.1,93.994,-36.4,4.855,5191.0,no
44,blue-collar,married,basic.4y,unknown,no,no,telephone,may,thu,190,1,999,0,nonexistent,1.1,93.994,-36.4,4.855,5191.0,no
36,technician,divorced,professional.course,no,yes,no,telephone,may,thu,223,2,999,0,nonexistent,1.1,93.994,-36.4,4.855,5191.0,no
59,technician,married,professional.course,unknown,no,no,telephone,may,thu,206,2,999,0,nonexistent,1.1,93.994,-36.4,4.855,5191.0,no
29,blue-collar,single,high.school,unknown,unknown,unknown,telephone,may,thu,242,2,999,0,nonexistent,1.1,93.994,-36.4,4.855,5191.0,no
38,blue-collar,married,basic.9y,unknown,no,no,telephone,may,thu,173,2,999,0,nonexistent,1.1,93.994,-36.4,4.855,5191.0,no
45,management,single,university.degree,no,no,no,telephone,may,thu,477,2,999,0,nonexistent,1.1,93.994,-36.4,4.855,5191.0,no
28,self-employed,single,university.degree,no,no,no,telephone,may,thu,77,1,999,0,nonexistent,1.1,93.994,-36.4,4.855,5191.0,no
37,blue-collar,married,basic.4y,no,no,no,telephone,may,thu,219,2,999,0,nonexistent,1.1,93.994,-36.4,4.855,5191.0,no
38,entrepreneur,married,basic.6y,no,yes,yes,telephone,may,thu,205,2,999,0,nonexistent,1.1,93.994,-36.4,4.855,5191.0,no
28,admin.,single,basic.9y,no,yes,yes,telephone,may,thu,376,2,999,0,nonexistent,1.1,93.994,-36.4,4.855,5191.0,no
31,technician,divorced,professional.course,no,yes,yes,telephone,may,thu,453,2,999,0,nonexistent,1.1,93.994,-36.4,4.855,5191.0,no
37,blue-collar,married,basic.4y,no,yes,no,telephone,may,thu,151,2,999,0,nonexistent,1.1,93.994,-36.4,4.855,5191.0,no
54,housemaid,married,basic.9y,no,yes,no,telephone,may,thu,200,2,999,0,nonexistent,1.1,93.994,-36.4,4.855,5191.0,no
43,unemployed,married,basic.9y,no,yes,no,telephone,may,thu,305,2,999,0,nonexistent,1.1,93.994,-36.4,4.855,5191.0,no
49,admin.,married,high.school,no,no,yes,telephone,may,thu,627,3,999,0,nonexistent,1.1,93.994,-36.4,4.855,5191.0,no
32,self-employed,divorced,professional.course,no,no,no,telephone,may,thu,242,1,999,0,nonexistent,1.1,93.994,-36.4,4.855,5191.0,no
36,services,married,high.school,no,yes,no,telephone,may,thu,287,1,999,0,nonexistent,1.1,93.994,-36.4,4.855,5191.0,no
50,blue-collar,single,basic.9y,unknown,yes,yes,telephone,may,thu,184,1,999,0,nonexistent,1.1,93.994,-36.4,4.855,5191.0,no
38,blue-collar,married,basic.4y,no,yes,no,telephone,may,thu,403,2,999,0,nonexistent,1.1,93.994,-36.4,4.855,5191.0,no
44,self-employed,married,professional.course,no,no,no,telephone,may,thu,626,6,999,0,nonexistent,1.1,93.994,-36.4,4.855,5191.0,no
29,blue-collar,married,high.school,no,no,no,telephone,may,thu,12,1,999,0,nonexistent,1.1,93.994,-36.4,4.855,5191.0,no
32,unemployed,divorced,basic.4y,no,unknown,unknown,telephone,may,thu,23,4,999,0,nonexistent,1.1,93.994,-36.4,4.855,5191.0,no
43,blue-collar,divorced,basic.4y,unknown,no,no,telephone,may,thu,154,2,999,0,nonexistent,1.1,93.994,-36.4,4.855,5191.0,no
53,admin.,married,university.degree,no,no,no,telephone,may,thu,10,7,999,0,nonexistent,1.1,93.994,-36.4,4.855,5191.0,no
43,blue-collar,married,basic.6y,unknown,no,no,telephone,may,thu,301,2,999,0,nonexistent,1.1,93.994,-36.4,4.855,5191.0,no
35,services,single,basic.4y,no,no,yes,telephone,may,thu,240,3,999,0,nonexistent,1.1,93.994,-36.4,4.855,5191.0,no
49,admin.,divorced,basic.9y,no,yes,no,telephone,may,thu,312,3,999,0,nonexistent,1.1,93.994,-36.4,4.855,5191.0,no
35,blue-collar,married,basic.6y,unknown,yes,no,telephone,may,thu,224,2,999,0,nonexistent,1.1,93.994,-36.4,4.855,5191.0,no
40,services,single,professional.course,no,no,no,telephone,may,thu,202,2,999,0,nonexistent,1.1,93.994,-36.4,4.855,5191.0,no
29,services,divorced,high.school,no,no,no,telephone,may,thu,144,3,999,0,nonexistent,1.1,93.994,-36.4,4.855,5191.0,no
43,blue-collar,married,basic.4y,unknown,no,no,telephone,may,thu,263,2,999,0,nonexistent,1.1,93.994,-36.4,4.855,5191.0,no
47,blue-collar,married,basic.6y,no,no,no,telephone,may,thu,543,3,999,0,nonexistent,1.1,93.994,-36.4,4.855,5191.0,no
38,technician,married,university.degree,unknown,no,no,telephone,may,thu,257,2,999,0,nonexistent,1.1,93.994,-36.4,4.855,5191.0,no
48,technician,married,professional.course,no,yes,no,telephone,may,thu,237,2,999,0,nonexistent,1.1,93.994,-36.4,4.855,5191.0,no
53,retired,married,high.school,unknown,yes,no,telephone,may,thu,23,5,999,0,nonexistent,1.1,93.994,-36.4,4.855,5191.0,no
51,blue-collar,married,basic.9y,unknown,yes,no,telephone,may,thu,1178,2,999,0,nonexistent,1.1,93.994,-36.4,4.855,5191.0,yes
35,services,married,basic.9y,no,yes,yes,telephone,may,thu,442,2,999,0,nonexistent,1.1,93.994,-36.4,4.855,5191.0,no
31,entrepreneur,divorced,high.school,no,yes,no,telephone,may,thu,1120,2,999,0,nonexistent,1.1,93.994,-36.4,4.855,5191.0,yes
46,entrepreneur,married,basic.4y,no,no,no,telephone,may,thu,186,2,999,0,nonexistent,1.1,93.994,-36.4,4.855,5191.0,no
28,blue-collar,married,basic.6y,unknown,yes,yes,telephone,may,thu,318,2,999,0,nonexistent,1.1,93.994,-36.4,4.855,5191.0,no
38,admin.,married,basic.9y,unknown,yes,no,telephone,may,thu,617,2,999,0,nonexistent,1.1,93.994,-36.4,4.855,5191.0,no
28,self-employed,single,university.degree,no,yes,no,telephone,may,thu,226,1,999,0,nonexistent,1.1,93.994,-36.4,4.855,5191.0,no
50,technician,married,professional.course,no,yes,no,telephone,may,thu,275,1,999,0,nonexistent,1.1,93.994,-36.4,4.855,5191.0,no
32,management,single,university.degree,no,no,no,telephone,may,thu,81,2,999,0,nonexistent,1.1,93.994,-36.4,4.855,5191.0,no
31,blue-collar,divorced,basic.4y,no,yes,no,telephone,may,thu,74,7,999,0,nonexistent,1.1,93.994,-36.4,4.855,5191.0,no
41,blue-collar,married,basic.9y,no,no,yes,telephone,may,thu,261,5,999,0,nonexistent,1.1,93.994,-36.4,4.855,5191.0,no
54,blue-collar,married,basic.9y,unknown,no,yes,telephone,may,thu,422,2,999,0,nonexistent,1.1,93.994,-36.4,4.855,5191.0,no
34,blue-collar,married,basic.6y,unknown,no,yes,telephone,may,thu,159,2,999,0,nonexistent,1.1,93.994,-36.4,4.855,5191.0,no
51,services,married,high.school,unknown,yes,no,telephone,may,thu,102,2,999,0,nonexistent,1.1,93.994,-36.4,4.855,5191.0,no
45,blue-collar,single,basic.9y,no,no,no,telephone,may,thu,78,3,999,0,nonexistent,1.1,93.994,-36.4,4.855,5191.0,no
32,admin.,divorced,high.school,no,no,yes,telephone,may,thu,15,1,999,0,nonexistent,1.1,93.994,-36.4,4.855,5191.0,no
28,student,married,university.degree,no,no,yes,telephone,may,thu,352,2,999,0,nonexistent,1.1,93.994,-36.4,4.855,5191.0,no
55,admin.,divorced,university.degree,no,yes,no,telephone,may,thu,230,4,999,0,nonexistent,1.1,93.994,-36.4,4.855,5191.0,no
41,self-employed,single,university.degree,no,no,no,telephone,may,thu,296,1,999,0,nonexistent,1.1,93.994,-36.4,4.855,5191.0,no
57,services,divorced,high.school,unknown,no,yes,telephone,may,thu,185,2,999,0,nonexistent,1.1,93.994,-36.4,4.855,5191.0,no
44,entrepreneur,married,high.school,no,yes,no,telephone,may,thu,181,2,999,0,nonexistent,1.1,93.994,-36.4,4.855,5191.0,no
38,admin.,single,university.degree,no,no,no,telephone,may,thu,335,9,999,0,nonexistent,1.1,93.994,-36.4,4.855,5191.0,no
34,blue-collar,married,basic.4y,no,yes,no,telephone,may,thu,139,1,999,0,nonexistent,1.1,93.994,-36.4,4.855,5191.0,no
36,technician,single,university.degree,no,yes,no,telephone,may,thu,163,2,999,0,nonexistent,1.1,93.994,-36.4,4.855,5191.0,no
30,blue-collar,married,basic.9y,no,yes,yes,telephone,may,thu,166,2,999,0,nonexistent,1.1,93.994,-36.4,4.855,5191.0,no
35,services,married,basic.9y,no,no,no,telephone,may,thu,95,2,999,0,nonexistent,1.1,93.994,-36.4,4.855,5191.0,no
60,entrepreneur,married,basic.4y,no,no,no,telephone,may,thu,71,2,999,0,nonexistent,1.1,93.994,-36.4,4.855,5191.0,no
35,blue-collar,married,basic.9y,no,yes,no,telephone,may,thu,191,2,999,0,nonexistent,1.1,93.994,-36.4,4.855,5191.0,no
57,blue-collar,divorced,professional.course,no,no,no,telephone,may,thu,100,5,999,0,nonexistent,1.1,93.994,-36.4,4.855,5191.0,no
44,technician,divorced,unknown,no,no,yes,telephone,may,thu,233,2,999,0,nonexistent,1.1,93.994,-36.4,4.855,5191.0,no
40,entrepreneur,married,basic.9y,no,yes,no,telephone,may,thu,255,6,999,0,nonexistent,1.1,93.994,-36.4,4.855,5191.0,no
46,technician,divorced,basic.9y,no,yes,no,telephone,may,thu,128,2,999,0,nonexistent,1.1,93.994,-36.4,4.855,5191.0,no
50,technician,married,professional.course,unknown,yes,no,telephone,may,thu,56,2,999,0,nonexistent,1.1,93.994,-36.4,4.855,5191.0,no
57,services,married,basic.6y,no,no,no,telephone,may,thu,43,2,999,0,nonexistent,1.1,93.994,-36.4,4.855,5191.0,no
35,admin.,single,basic.6y,no,yes,no,telephone,may,thu,210,2,999,0,nonexistent,1.1,93.994,-36.4,4.855,5191.0,no
38,blue-collar,married,basic.6y,no,no,no,telephone,may,thu,21,9,999,0,nonexistent,1.1,93.994,-36.4,4.855,5191.0,no
30,services,divorced,high.school,no,yes,no,telephone,may,thu,67,2,999,0,nonexistent,1.1,93.994,-36.4,4.855,5191.0,no
25,services,divorced,high.school,no,no,no,telephone,may,thu,219,4,999,0,nonexistent,1.1,93.994,-36.4,4.855,5191.0,no
60,retired,divorced,high.school,no,yes,no,telephone,may,thu,223,2,999,0,nonexistent,1.1,93.994,-36.4,4.855,5191.0,no
42,blue-collar,married,basic.4y,unknown,no,no,telephone,may,thu,92,3,999,0,nonexistent,1.1,93.994,-36.4,4.855,5191.0,no
37,blue-collar,married,professional.course,no,yes,no,telephone,may,thu,112,3,999,0,nonexistent,1.1,93.994,-36.4,4.855,5191.0,no
43,services,married,high.school,no,no,no,telephone,may,thu,205,4,999,0,nonexistent,1.1,93.994,-36.4,4.855,5191.0,no
32,technician,married,professional.course,no,yes,yes,telephone,may,thu,105,2,999,0,nonexistent,1.1,93.994,-36.4,4.855,5191.0,no
41,technician,married,professional.course,no,no,no,telephone,may,thu,112,2,999,0,nonexistent,1.1,93.994,-36.4,4.855,5191.0,no
39,blue-collar,married,basic.9y,unknown,no,no,telephone,may,thu,193,2,999,0,nonexistent,1.1,93.994,-36.4,4.855,5191.0,no
38,blue-collar,married,basic.6y,unknown,no,no,telephone,may,thu,132,2,999,0,nonexistent,1.1,93.994,-36.4,4.855,5191.0,no
33,admin.,married,high.school,no,yes,yes,telephone,may,thu,10,2,999,0,nonexistent,1.1,93.994,-36.4,4.855,5191.0,no
41,services,divorced,high.school,no,yes,no,telephone,may,thu,985,2,999,0,nonexistent,1.1,93.994,-36.4,4.855,5191.0,yes
58,services,married,basic.4y,no,no,no,telephone,may,thu,249,5,999,0,nonexistent,1.1,93.994,-36.4,4.855,5191.0,no
44,blue-collar,single,basic.9y,unknown,no,no,telephone,may,thu,122,2,999,0,nonexistent,1.1,93.994,-36.4,4.855,5191.0,no
36,blue-collar,married,basic.9y,unknown,no,no,telephone,may,thu,300,2,999,0,nonexistent,1.1,93.994,-36.4,4.855,5191.0,no
33,admin.,married,high.school,no,yes,no,telephone,may,thu,672,3,999,0,nonexistent,1.1,93.994,-36.4,4.855,5191.0,no
30,technician,married,professional.course,no,no,no,telephone,may,thu,390,3,999,0,nonexistent,1.1,93.994,-36.4,4.855,5191.0,no
44,blue-collar,married,basic.9y,unknown,no,no,telephone,may,thu,116,2,999,0,nonexistent,1.1,93.994,-36.4,4.855,5191.0,no
32,admin.,married,high.school,no,yes,yes,telephone,may,thu,21,3,999,0,nonexistent,1.1,93.994,-36.4,4.855,5191.0,no
38,admin.,married,basic.9y,unknown,no,no,telephone,may,thu,192,2,999,0,nonexistent,1.1,93.994,-36.4,4.855,5191.0,no
41,blue-collar,married,professional.course,unknown,yes,no,telephone,may,thu,8,2,999,0,nonexistent,1.1,93.994,-36.4,4.855,5191.0,no
40,services,married,basic.9y,unknown,no,no,telephone,may,thu,13,2,999,0,nonexistent,1.1,93.994,-36.4,4.855,5191.0,no
33,blue-collar,married,basic.6y,unknown,yes,yes,telephone,may,thu,369,2,999,0,nonexistent,1.1,93.994,-36.4,4.855,5191.0,no
28,admin.,single,university.degree,no,yes,no,telephone,may,thu,393,2,999,0,nonexistent,1.1,93.994,-36.4,4.855,5191.0,no
46,blue-collar,married,basic.4y,no,no,no,telephone,may,thu,246,3,999,0,nonexistent,1.1,93.994,-36.4,4.855,5191.0,no
35,technician,married,university.degree,no,yes,no,telephone,may,thu,330,3,999,0,nonexistent,1.1,93.994,-36.4,4.855,5191.0,no
40,admin.,married,university.degree,unknown,yes,yes,telephone,may,thu,91,3,999,0,nonexistent,1.1,93.994,-36.4,4.855,5191.0,no
36,services,married,high.school,no,yes,no,telephone,may,thu,84,2,999,0,nonexistent,1.1,93.994,-36.4,4.855,5191.0,no
36,services,married,high.school,no,yes,no,telephone,may,thu,399,4,999,0,nonexistent,1.1,93.994,-36.4,4.855,5191.0,no
40,admin.,married,high.school,unknown,yes,no,telephone,may,thu,89,4,999,0,nonexistent,1.1,93.994,-36.4,4.855,5191.0,no
31,services,married,basic.9y,no,yes,no,telephone,may,thu,297,2,999,0,nonexistent,1.1,93.994,-36.4,4.855,5191.0,no
47,technician,married,professional.course,no,yes,no,telephone,may,thu,111,3,999,0,nonexistent,1.1,93.994,-36.4,4.855,5191.0,no
35,technician,single,professional.course,no,yes,no,telephone,may,thu,170,2,999,0,nonexistent,1.1,93.994,-36.4,4.855,5191.0,no
29,admin.,single,university.degree,no,no,no,telephone,may,thu,141,2,999,0,nonexistent,1.1,93.994,-36.4,4.855,5191.0,no
29,blue-collar,single,high.school,no,yes,yes,telephone,may,thu,886,2,999,0,nonexistent,1.1,93.994,-36.4,4.855,5191.0,no
35,self-employed,married,university.degree,no,no,yes,telephone,may,thu,49,4,999,0,nonexistent,1.1,93.994,-36.4,4.855,5191.0,no
33,services,single,basic.6y,unknown,no,no,telephone,may,thu,89,7,999,0,nonexistent,1.1,93.994,-36.4,4.855,5191.0,no
41,management,divorced,university.degree,unknown,yes,yes,telephone,may,thu,341,2,999,0,nonexistent,1.1,93.994,-36.4,4.855,5191.0,no
54,admin.,married,university.degree,no,yes,no,telephone,may,thu,461,3,999,0,nonexistent,1.1,93.994,-36.4,4.855,5191.0,no
31,admin.,single,university.degree,no,no,yes,telephone,may,thu,515,3,999,0,nonexistent,1.1,93.994,-36.4,4.855,5191.0,no
55,technician,married,university.degree,no,yes,no,telephone,may,thu,123,2,999,0,nonexistent,1.1,93.994,-36.4,4.855,5191.0,no
38,admin.,married,high.school,no,no,no,telephone,may,thu,179,5,999,0,nonexistent,1.1,93.994,-36.4,4.855,5191.0,no
41,services,married,high.school,no,no,yes,telephone,may,thu,102,4,999,0,nonexistent,1.1,93.994,-36.4,4.855,5191.0,no
39,services,married,high.school,no,yes,no,telephone,may,thu,17,3,999,0,nonexistent,1.1,93.994,-36.4,4.855,5191.0,no
39,services,divorced,high.school,no,yes,no,telephone,may,thu,209,3,999,0,nonexistent,1.1,93.994,-36.4,4.855,5191.0,no
37,services,married,high.school,no,no,no,telephone,may,thu,1187,2,999,0,nonexistent,1.1,93.994,-36.4,4.855,5191.0,no
40,management,married,high.school,no,no,no,telephone,may,thu,104,3,999,0,nonexistent,1.1,93.994,-36.4,4.855,5191.0,no
42,admin.,married,university.degree,no,yes,no,telephone,may,thu,117,3,999,0,nonexistent,1.1,93.994,-36.4,4.855,5191.0,no
47,services,single,high.school,no,no,no,telephone,may,thu,37,3,999,0,nonexistent,1.1,93.994,-36.4,4.855,5191.0,no
56,entrepreneur,married,university.degree,no,yes,no,telephone,may,thu,51,3,999,0,nonexistent,1.1,93.994,-36.4,4.855,5191.0,no
43,management,married,university.degree,no,no,no,telephone,may,thu,627,4,999,0,nonexistent,1.1,93.994,-36.4,4.855,5191.0,no
29,admin.,divorced,university.degree,no,no,no,telephone,may,thu,101,2,999,0,nonexistent,1.1,93.994,-36.4,4.855,5191.0,no
53,entrepreneur,married,university.degree,no,yes,no,telephone,may,thu,303,3,999,0,nonexistent,1.1,93.994,-36.4,4.855,5191.0,no
51,self-employed,married,university.degree,unknown,no,no,telephone,may,thu,826,3,999,0,nonexistent,1.1,93.994,-36.4,4.855,5191.0,no
20,entrepreneur,single,high.school,no,no,no,telephone,may,thu,598,3,999,0,nonexistent,1.1,93.994,-36.4,4.855,5191.0,no
41,blue-collar,married,professional.course,unknown,yes,no,telephone,may,thu,120,5,999,0,nonexistent,1.1,93.994,-36.4,4.855,5191.0,no
48,technician,married,professional.course,no,yes,no,telephone,may,thu,220,2,999,0,nonexistent,1.1,93.994,-36.4,4.855,5191.0,no
29,entrepreneur,married,university.degree,no,yes,no,telephone,may,thu,423,2,999,0,nonexistent,1.1,93.994,-36.4,4.855,5191.0,no
28,technician,single,professional.course,no,yes,yes,telephone,may,thu,337,4,999,0,nonexistent,1.1,93.994,-36.4,4.855,5191.0,no
31,blue-collar,single,professional.course,no,no,no,telephone,may,thu,99,3,999,0,nonexistent,1.1,93.994,-36.4,4.855,5191.0,no
42,blue-collar,married,basic.4y,unknown,yes,no,telephone,may,thu,160,3,999,0,nonexistent,1.1,93.994,-36.4,4.855,5191.0,no
33,management,married,university.degree,no,no,no,telephone,may,thu,166,3,999,0,nonexistent,1.1,93.994,-36.4,4.855,5191.0,no
33,services,single,professional.course,no,no,no,telephone,may,thu,182,1,999,0,nonexistent,1.1,93.994,-36.4,4.855,5191.0,no
36,admin.,married,high.school,no,yes,no,telephone,may,thu,103,3,999,0,nonexistent,1.1,93.994,-36.4,4.855,5191.0,no
35,admin.,married,university.degree,no,yes,no,telephone,may,thu,379,4,999,0,nonexistent,1.1,93.994,-36.4,4.855,5191.0,no
38,technician,divorced,professional.course,no,yes,no,telephone,may,thu,287,4,999,0,nonexistent,1.1,93.994,-36.4,4.855,5191.0,no
30,blue-collar,married,basic.6y,no,no,no,telephone,may,thu,126,3,999,0,nonexistent,1.1,93.994,-36.4,4.855,5191.0,no
42,admin.,single,university.degree,no,no,no,telephone,may,thu,172,4,999,0,nonexistent,1.1,93.994,-36.4,4.855,5191.0,no
27,technician,single,high.school,no,yes,no,telephone,may,thu,43,2,999,0,nonexistent,1.1,93.994,-36.4,4.855,5191.0,no
39,retired,single,high.school,no,no,no,telephone,may,thu,109,4,999,0,nonexistent,1.1,93.994,-36.4,4.855,5191.0,no
38,admin.,married,high.school,no,yes,no,telephone,may,thu,191,2,999,0,nonexistent,1.1,93.994,-36.4,4.855,5191.0,no
30,management,married,university.degree,no,yes,no,telephone,may,thu,117,2,999,0,nonexistent,1.1,93.994,-36.4,4.855,5191.0,no
52,housemaid,married,university.degree,no,yes,no,telephone,may,thu,64,1,999,0,nonexistent,1.1,93.994,-36.4,4.855,5191.0,no
38,admin.,married,high.school,no,yes,no,telephone,may,thu,260,5,999,0,nonexistent,1.1,93.994,-36.4,4.855,5191.0,no
54,technician,married,basic.9y,no,no,no,telephone,may,thu,207,3,999,0,nonexistent,1.1,93.994,-36.4,4.855,5191.0,no
29,admin.,single,university.degree,no,yes,no,telephone,may,thu,128,3,999,0,nonexistent,1.1,93.994,-36.4,4.855,5191.0,no
32,blue-collar,married,basic.9y,unknown,no,no,telephone,may,fri,180,2,999,0,nonexistent,1.1,93.994,-36.4,4.855,5191.0,no
28,admin.,married,high.school,no,no,no,telephone,may,fri,144,2,999,0,nonexistent,1.1,93.994,-36.4,4.855,5191.0,no
30,admin.,married,high.school,no,yes,no,telephone,may,fri,110,4,999,0,nonexistent,1.1,93.994,-36.4,4.855,5191.0,no
44,technician,married,professional.course,unknown,no,yes,telephone,may,fri,203,4,999,0,nonexistent,1.1,93.994,-36.4,4.855,5191.0,no
37,blue-collar,married,basic.4y,no,no,no,telephone,may,fri,85,2,999,0,nonexistent,1.1,93.994,-36.4,4.855,5191.0,no
48,admin.,married,professional.course,unknown,yes,no,telephone,may,fri,211,2,999,0,nonexistent,1.1,93.994,-36.4,4.855,5191.0,no
25,blue-collar,married,professional.course,unknown,no,no,telephone,may,fri,94,2,999,0,nonexistent,1.1,93.994,-36.4,4.855,5191.0,no
49,blue-collar,married,basic.4y,unknown,no,no,telephone,may,fri,122,4,999,0,nonexistent,1.1,93.994,-36.4,4.855,5191.0,no
29,admin.,single,high.school,no,no,no,telephone,may,fri,132,5,999,0,nonexistent,1.1,93.994,-36.4,4.855,5191.0,no
55,technician,married,basic.9y,unknown,unknown,unknown,telephone,may,fri,130,2,999,0,nonexistent,1.1,93.994,-36.4,4.855,5191.0,no
41,blue-collar,married,basic.9y,unknown,yes,no,telephone,may,fri,208,2,999,0,nonexistent,1.1,93.994,-36.4,4.855,5191.0,no
39,management,married,high.school,no,no,no,telephone,may,fri,205,1,999,0,nonexistent,1.1,93.994,-36.4,4.855,5191.0,no
31,admin.,married,university.degree,no,yes,no,telephone,may,fri,218,1,999,0,nonexistent,1.1,93.994,-36.4,4.855,5191.0,no
38,services,married,high.school,no,no,no,telephone,may,fri,62,1,999,0,nonexistent,1.1,93.994,-36.4,4.855,5191.0,no
32,technician,married,university.degree,no,yes,no,telephone,may,fri,93,5,999,0,nonexistent,1.1,93.994,-36.4,4.855,5191.0,no
37,admin.,married,high.school,no,unknown,unknown,telephone,may,fri,97,1,999,0,nonexistent,1.1,93.994,-36.4,4.855,5191.0,no
34,self-employed,married,professional.course,no,unknown,unknown,telephone,may,fri,252,4,999,0,nonexistent,1.1,93.994,-36.4,4.855,5191.0,no
31,admin.,married,high.school,no,yes,yes,telephone,may,fri,286,1,999,0,nonexistent,1.1,93.994,-36.4,4.855,5191.0,no
39,unemployed,married,high.school,no,no,no,telephone,may,fri,241,1,999,0,nonexistent,1.1,93.994,-36.4,4.855,5191.0,no
39,unemployed,married,high.school,no,yes,no,telephone,may,fri,283,1,999,0,nonexistent,1.1,93.994,-36.4,4.855,5191.0,no
39,unemployed,married,high.school,no,yes,no,telephone,may,fri,380,1,999,0,nonexistent,1.1,93.994,-36.4,4.855,5191.0,no
37,admin.,married,high.school,no,yes,no,telephone,may,fri,584,1,999,0,nonexistent,1.1,93.994,-36.4,4.855,5191.0,no
30,blue-collar,married,basic.4y,no,no,no,telephone,may,fri,371,1,999,0,nonexistent,1.1,93.994,-36.4,4.855,5191.0,no
37,technician,married,basic.9y,no,no,no,telephone,may,fri,71,3,999,0,nonexistent,1.1,93.994,-36.4,4.855,5191.0,no
27,blue-collar,married,university.degree,no,no,yes,telephone,may,fri,357,1,999,0,nonexistent,1.1,93.994,-36.4,4.855,5191.0,no
32,unknown,unknown,university.degree,no,no,no,telephone,may,fri,617,4,999,0,nonexistent,1.1,93.994,-36.4,4.855,5191.0,yes
47,blue-collar,single,basic.4y,no,no,no,telephone,may,fri,131,1,999,0,nonexistent,1.1,93.994,-36.4,4.855,5191.0,no
40,blue-collar,married,basic.9y,unknown,no,no,telephone,may,fri,188,1,999,0,nonexistent,1.1,93.994,-36.4,4.855,5191.0,no
38,blue-collar,married,basic.4y,unknown,yes,yes,telephone,may,fri,383,3,999,0,nonexistent,1.1,93.994,-36.4,4.855,5191.0,no
33,services,married,high.school,unknown,no,no,telephone,may,fri,483,3,999,0,nonexistent,1.1,93.994,-36.4,4.855,5191.0,yes
54,admin.,married,university.degree,no,no,no,telephone,may,fri,847,1,999,0,nonexistent,1.1,93.994,-36.4,4.855,5191.0,no
51,services,married,high.school,no,yes,no,telephone,may,fri,57,2,999,0,nonexistent,1.1,93.994,-36.4,4.855,5191.0,no
51,blue-collar,married,high.school,no,no,no,telephone,may,fri,147,1,999,0,nonexistent,1.1,93.994,-36.4,4.855,5191.0,no
39,admin.,single,high.school,no,yes,no,telephone,may,fri,59,1,999,0,nonexistent,1.1,93.994,-36.4,4.855,5191.0,no
37,self-employed,married,basic.9y,no,yes,yes,telephone,may,fri,24,1,999,0,nonexistent,1.1,93.994,-36.4,4.855,5191.0,no
33,management,married,university.degree,no,no,yes,telephone,may,fri,70,1,999,0,nonexistent,1.1,93.994,-36.4,4.855,5191.0,no
33,management,married,university.degree,no,no,no,telephone,may,fri,21,1,999,0,nonexistent,1.1,93.994,-36.4,4.855,5191.0,no
59,management,married,university.degree,no,no,no,telephone,may,fri,659,2,999,0,nonexistent,1.1,93.994,-36.4,4.855,5191.0,no
55,technician,married,basic.9y,unknown,yes,no,telephone,may,fri,327,2,999,0,nonexistent,1.1,93.994,-36.4,4.855,5191.0,no
53,blue-collar,married,basic.9y,unknown,yes,no,telephone,may,fri,267,1,999,0,nonexistent,1.1,93.994,-36.4,4.855,5191.0,no
36,services,married,basic.6y,no,no,no,telephone,may,fri,296,3,999,0,nonexistent,1.1,93.994,-36.4,4.855,5191.0,no
40,services,married,high.school,no,no,no,telephone,may,fri,307,1,999,0,nonexistent,1.1,93.994,-36.4,4.855,5191.0,no
37,technician,single,professional.course,no,no,no,telephone,may,fri,120,1,999,0,nonexistent,1.1,93.994,-36.4,4.855,5191.0,no
56,housemaid,divorced,high.school,no,no,no,telephone,may,fri,390,2,999,0,nonexistent,1.1,93.994,-36.4,4.855,5191.0,no
38,management,married,basic.9y,unknown,no,no,telephone,may,fri,772,1,999,0,nonexistent,1.1,93.994,-36.4,4.855,5191.0,yes
30,blue-collar,married,basic.9y,no,yes,no,telephone,may,fri,198,1,999,0,nonexistent,1.1,93.994,-36.4,4.855,5191.0,no
45,management,married,basic.4y,unknown,yes,no,telephone,may,fri,100,1,999,0,nonexistent,1.1,93.994,-36.4,4.855,5191.0,no
60,housemaid,married,high.school,unknown,no,no,telephone,may,fri,929,3,999,0,nonexistent,1.1,93.994,-36.4,4.855,5191.0,yes
39,unemployed,single,basic.9y,unknown,yes,no,telephone,may,fri,254,1,999,0,nonexistent,1.1,93.994,-36.4,4.855,5191.0,no
31,blue-collar,married,basic.9y,no,no,no,telephone,may,fri,93,1,999,0,nonexistent,1.1,93.994,-36.4,4.855,5191.0,no
20,entrepreneur,single,high.school,no,no,no,telephone,may,fri,217,2,999,0,nonexistent,1.1,93.994,-36.4,4.855,5191.0,no
42,blue-collar,married,basic.6y,no,no,no,telephone,may,fri,134,2,999,0,nonexistent,1.1,93.994,-36.4,4.855,5191.0,no
46,admin.,married,university.degree,no,yes,yes,telephone,may,fri,375,2,999,0,nonexistent,1.1,93.994,-36.4,4.855,5191.0,no
28,technician,single,university.degree,unknown,no,no,telephone,may,fri,352,1,999,0,nonexistent,1.1,93.994,-36.4,4.855,5191.0,no
41,admin.,single,university.degree,no,no,no,telephone,may,fri,45,1,999,0,nonexistent,1.1,93.994,-36.4,4.855,5191.0,no
33,admin.,divorced,basic.9y,no,no,no,telephone,may,fri,93,1,999,0,nonexistent,1.1,93.994,-36.4,4.855,5191.0,no
43,admin.,married,university.degree,unknown,yes,no,telephone,may,fri,165,1,999,0,nonexistent,1.1,93.994,-36.4,4.855,5191.0,no
47,unemployed,married,high.school,unknown,yes,no,telephone,may,fri,237,1,999,0,nonexistent,1.1,93.994,-36.4,4.855,5191.0,no
24,technician,single,professional.course,no,no,no,telephone,may,fri,410,1,999,0,nonexistent,1.1,93.994,-36.4,4.855,5191.0,no
31,blue-collar,married,basic.4y,no,no,no,telephone,may,fri,157,1,999,0,nonexistent,1.1,93.994,-36.4,4.855,5191.0,no
25,services,divorced,high.school,no,no,no,telephone,may,fri,72,2,999,0,nonexistent,1.1,93.994,-36.4,4.855,5191.0,no
35,blue-collar,married,basic.6y,no,unknown,unknown,telephone,may,fri,171,1,999,0,nonexistent,1.1,93.994,-36.4,4.855,5191.0,no
35,blue-collar,married,professional.course,no,yes,yes,telephone,may,fri,710,1,999,0,nonexistent,1.1,93.994,-36.4,4.855,5191.0,yes
35,blue-collar,married,basic.9y,no,no,no,telephone,may,fri,131,3,999,0,nonexistent,1.1,93.994,-36.4,4.855,5191.0,no
25,admin.,married,high.school,no,no,no,telephone,may,fri,498,1,999,0,nonexistent,1.1,93.994,-36.4,4.855,5191.0,no
31,blue-collar,married,basic.4y,no,no,no,telephone,may,fri,514,1,999,0,nonexistent,1.1,93.994,-36.4,4.855,5191.0,no
39,admin.,married,basic.9y,no,no,no,telephone,may,fri,127,1,999,0,nonexistent,1.1,93.994,-36.4,4.855,5191.0,no
39,blue-collar,married,basic.6y,unknown,yes,yes,telephone,may,fri,162,1,999,0,nonexistent,1.1,93.994,-36.4,4.855,5191.0,no
37,blue-collar,married,basic.9y,no,yes,yes,telephone,may,fri,198,1,999,0,nonexistent,1.1,93.994,-36.4,4.855,5191.0,no
45,unemployed,married,high.school,unknown,yes,no,telephone,may,fri,239,1,999,0,nonexistent,1.1,93.994,-36.4,4.855,5191.0,no
30,blue-collar,married,basic.9y,no,yes,yes,telephone,may,fri,117,1,999,0,nonexistent,1.1,93.994,-36.4,4.855,5191.0,no
37,admin.,divorced,university.degree,no,no,no,telephone,may,fri,18,1,999,0,nonexistent,1.1,93.994,-36.4,4.855,5191.0,no
28,services,single,high.school,no,yes,yes,telephone,may,fri,386,1,999,0,nonexistent,1.1,93.994,-36.4,4.855,5191.0,no
45,admin.,married,basic.9y,unknown,yes,no,telephone,may,fri,138,1,999,0,nonexistent,1.1,93.994,-36.4,4.855,5191.0,no
49,unemployed,single,professional.course,unknown,no,no,telephone,may,fri,339,2,999,0,nonexistent,1.1,93.994,-36.4,4.855,5191.0,no
36,services,divorced,university.degree,no,no,no,telephone,may,fri,208,1,999,0,nonexistent,1.1,93.994,-36.4,4.855,5191.0,no
33,technician,divorced,professional.course,no,yes,no,telephone,may,fri,44,1,999,0,nonexistent,1.1,93.994,-36.4,4.855,5191.0,no
27,services,single,high.school,unknown,no,no,telephone,may,fri,75,1,999,0,nonexistent,1.1,93.994,-36.4,4.855,5191.0,no
60,retired,married,university.degree,unknown,no,no,telephone,may,fri,485,1,999,0,nonexistent,1.1,93.994,-36.4,4.855,5191.0,no
27,services,single,high.school,unknown,no,no,telephone,may,fri,280,1,999,0,nonexistent,1.1,93.994,-36.4,4.855,5191.0,no
39,blue-collar,married,high.school,no,yes,no,telephone,may,fri,480,2,999,0,nonexistent,1.1,93.994,-36.4,4.855,5191.0,no
39,services,married,high.school,no,yes,no,telephone,may,fri,86,2,999,0,nonexistent,1.1,93.994,-36.4,4.855,5191.0,no
35,unknown,single,basic.4y,unknown,no,no,telephone,may,fri,121,4,999,0,nonexistent,1.1,93.994,-36.4,4.855,5191.0,no
56,admin.,single,high.school,no,no,no,telephone,may,fri,93,2,999,0,nonexistent,1.1,93.994,-36.4,4.855,5191.0,no
35,entrepreneur,married,basic.9y,no,no,no,telephone,may,fri,399,3,999,0,nonexistent,1.1,93.994,-36.4,4.855,5191.0,no
35,technician,divorced,high.school,no,no,no,telephone,may,fri,93,2,999,0,nonexistent,1.1,93.994,-36.4,4.855,5191.0,no
58,management,married,unknown,unknown,yes,no,telephone,may,fri,106,1,999,0,nonexistent,1.1,93.994,-36.4,4.855,5191.0,no
29,management,single,university.degree,no,yes,no,telephone,may,fri,123,1,999,0,nonexistent,1.1,93.994,-36.4,4.855,5191.0,no
35,management,married,university.degree,no,yes,yes,telephone,may,fri,219,1,999,0,nonexistent,1.1,93.994,-36.4,4.855,5191.0,no
26,admin.,married,high.school,no,yes,yes,telephone,may,fri,2462,1,999,0,nonexistent,1.1,93.994,-36.4,4.855,5191.0,no
31,technician,married,professional.course,no,no,no,telephone,may,fri,114,1,999,0,nonexistent,1.1,93.994,-36.4,4.855,5191.0,no
33,blue-collar,married,basic.6y,unknown,yes,yes,telephone,may,fri,1132,2,999,0,nonexistent,1.1,93.994,-36.4,4.855,5191.0,yes
39,blue-collar,divorced,basic.9y,no,yes,no,telephone,may,fri,249,3,999,0,nonexistent,1.1,93.994,-36.4,4.855,5191.0,no
49,blue-collar,married,basic.6y,unknown,yes,no,telephone,may,fri,210,1,999,0,nonexistent,1.1,93.994,-36.4,4.855,5191.0,no
31,admin.,married,high.school,no,no,no,telephone,may,fri,187,1,999,0,nonexistent,1.1,93.994,-36.4,4.855,5191.0,no
49,blue-collar,married,basic.4y,no,no,no,telephone,may,fri,122,1,999,0,nonexistent,1.1,93.994,-36.4,4.855,5191.0,no
49,blue-collar,married,basic.4y,no,no,no,telephone,may,fri,207,1,999,0,nonexistent,1.1,93.994,-36.4,4.855,5191.0,no
31,entrepreneur,married,basic.9y,unknown,no,no,telephone,may,fri,136,2,999,0,nonexistent,1.1,93.994,-36.4,4.855,5191.0,no
36,management,married,basic.9y,no,no,no,telephone,may,fri,117,2,999,0,nonexistent,1.1,93.994,-36.4,4.855,5191.0,no
52,management,married,professional.course,no,no,no,telephone,may,fri,393,1,999,0,nonexistent,1.1,93.994,-36.4,4.855,5191.0,no
36,blue-collar,single,basic.4y,no,no,no,telephone,may,fri,136,1,999,0,nonexistent,1.1,93.994,-36.4,4.855,5191.0,no
34,technician,single,professional.course,unknown,no,no,telephone,may,fri,384,2,999,0,nonexistent,1.1,93.994,-36.4,4.855,5191.0,no
39,management,single,university.degree,no,no,no,telephone,may,fri,38,1,999,0,nonexistent,1.1,93.994,-36.4,4.855,5191.0,no
39,management,single,university.degree,no,no,no,telephone,may,fri,164,1,999,0,nonexistent,1.1,93.994,-36.4,4.855,5191.0,no
58,retired,divorced,university.degree,no,yes,no,telephone,may,fri,825,1,999,0,nonexistent,1.1,93.994,-36.4,4.855,5191.0,no
56,services,married,high.school,unknown,no,no,telephone,may,fri,331,1,999,0,nonexistent,1.1,93.994,-36.4,4.855,5191.0,no
29,blue-collar,single,basic.9y,no,no,no,telephone,may,fri,479,2,999,0,nonexistent,1.1,93.994,-36.4,4.855,5191.0,no
39,admin.,married,high.school,no,no,no,telephone,may,fri,229,2,999,0,nonexistent,1.1,93.994,-36.4,4.855,5191.0,no
31,technician,married,professional.course,no,no,no,telephone,may,fri,258,2,999,0,nonexistent,1.1,93.994,-36.4,4.855,5191.0,no
60,management,married,university.degree,unknown,no,no,telephone,may,fri,490,1,999,0,nonexistent,1.1,93.994,-36.4,4.855,5191.0,no
45,unemployed,married,high.school,unknown,no,no,telephone,may,fri,545,2,999,0,nonexistent,1.1,93.994,-36.4,4.855,5191.0,no
32,blue-collar,married,high.school,unknown,yes,no,telephone,may,fri,109,1,999,0,nonexistent,1.1,93.994,-36.4,4.855,5191.0,no
41,technician,married,high.school,no,no,no,telephone,may,fri,257,6,999,0,nonexistent,1.1,93.994,-36.4,4.855,5191.0,no
32,services,married,high.school,no,no,no,telephone,may,fri,213,2,999,0,nonexistent,1.1,93.994,-36.4,4.855,5191.0,no
46,services,married,professional.course,no,no,no,telephone,may,fri,115,1,999,0,nonexistent,1.1,93.994,-36.4,4.855,5191.0,no
28,services,single,basic.9y,unknown,no,no,telephone,may,fri,646,1,999,0,nonexistent,1.1,93.994,-36.4,4.855,5191.0,no
51,blue-collar,married,basic.9y,no,no,no,telephone,may,fri,202,1,999,0,nonexistent,1.1,93.994,-36.4,4.855,5191.0,no
50,services,single,high.school,no,no,no,telephone,may,fri,106,1,999,0,nonexistent,1.1,93.994,-36.4,4.855,5191.0,no
35,admin.,married,professional.course,no,yes,yes,telephone,may,fri,95,2,999,0,nonexistent,1.1,93.994,-36.4,4.855,5191.0,no
24,services,single,high.school,no,yes,no,telephone,may,fri,64,1,999,0,nonexistent,1.1,93.994,-36.4,4.855,5191.0,no
51,blue-collar,married,basic.9y,no,no,yes,telephone,may,fri,653,1,999,0,nonexistent,1.1,93.994,-36.4,4.855,5191.0,yes
33,technician,married,professional.course,no,no,no,telephone,may,fri,205,1,999,0,nonexistent,1.1,93.994,-36.4,4.855,5191.0,no
24,services,single,high.school,no,no,no,telephone,may,fri,377,1,999,0,nonexistent,1.1,93.994,-36.4,4.855,5191.0,no
49,admin.,married,university.degree,unknown,no,no,telephone,may,fri,208,3,999,0,nonexistent,1.1,93.994,-36.4,4.855,5191.0,no
34,admin.,married,university.degree,no,yes,no,telephone,may,fri,211,2,999,0,nonexistent,1.1,93.994,-36.4,4.855,5191.0,no
25,technician,single,professional.course,no,yes,yes,telephone,may,fri,156,2,999,0,nonexistent,1.1,93.994,-36.4,4.855,5191.0,no
35,unemployed,married,basic.9y,unknown,no,no,telephone,may,fri,471,2,999,0,nonexistent,1.1,93.994,-36.4,4.855,5191.0,no
43,entrepreneur,married,high.school,unknown,yes,no,telephone,may,fri,206,2,999,0,nonexistent,1.1,93.994,-36.4,4.855,5191.0,no
36,unemployed,single,basic.4y,unknown,no,no,telephone,may,fri,544,1,999,0,nonexistent,1.1,93.994,-36.4,4.855,5191.0,no
36,unemployed,single,basic.4y,unknown,no,no,telephone,may,fri,143,1,999,0,nonexistent,1.1,93.994,-36.4,4.855,5191.0,no
37,technician,married,professional.course,unknown,yes,no,telephone,may,fri,200,3,999,0,nonexistent,1.1,93.994,-36.4,4.855,5191.0,no
36,self-employed,married,university.degree,no,no,no,telephone,may,fri,71,1,999,0,nonexistent,1.1,93.994,-36.4,4.855,5191.0,no
32,admin.,divorced,high.school,no,yes,no,telephone,may,fri,324,2,999,0,nonexistent,1.1,93.994,-36.4,4.855,5191.0,no
42,services,married,high.school,no,no,no,telephone,may,fri,137,3,999,0,nonexistent,1.1,93.994,-36.4,4.855,5191.0,no
37,admin.,married,high.school,no,yes,yes,telephone,may,fri,87,2,999,0,nonexistent,1.1,93.994,-36.4,4.855,5191.0,no
35,admin.,married,high.school,no,no,no,telephone,may,fri,91,2,999,0,nonexistent,1.1,93.994,-36.4,4.855,5191.0,no
50,admin.,married,high.school,unknown,yes,yes,telephone,may,fri,280,1,999,0,nonexistent,1.1,93.994,-36.4,4.855,5191.0,no
50,management,single,university.degree,no,yes,yes,telephone,may,fri,63,1,999,0,nonexistent,1.1,93.994,-36.4,4.855,5191.0,no
39,technician,divorced,professional.course,no,yes,no,telephone,may,fri,135,1,999,0,nonexistent,1.1,93.994,-36.4,4.855,5191.0,no
33,management,single,university.degree,no,no,no,telephone,may,fri,261,1,999,0,nonexistent,1.1,93.994,-36.4,4.855,5191.0,no
33,admin.,married,high.school,no,yes,no,telephone,may,fri,125,1,999,0,nonexistent,1.1,93.994,-36.4,4.855,5191.0,no
46,blue-collar,married,basic.4y,no,yes,no,telephone,may,fri,107,3,999,0,nonexistent,1.1,93.994,-36.4,4.855,5191.0,no
27,services,single,high.school,unknown,no,no,telephone,may,fri,108,2,999,0,nonexistent,1.1,93.994,-36.4,4.855,5191.0,no
42,admin.,single,basic.9y,no,no,no,telephone,may,fri,145,2,999,0,nonexistent,1.1,93.994,-36.4,4.855,5191.0,no
44,admin.,married,high.school,no,yes,no,telephone,may,fri,142,2,999,0,nonexistent,1.1,93.994,-36.4,4.855,5191.0,no
24,services,single,high.school,no,no,yes,telephone,may,fri,134,1,999,0,nonexistent,1.1,93.994,-36.4,4.855,5191.0,no
30,blue-collar,married,basic.6y,unknown,yes,no,telephone,may,fri,190,1,999,0,nonexistent,1.1,93.994,-36.4,4.855,5191.0,no
36,entrepreneur,married,university.degree,no,no,yes,telephone,may,fri,180,1,999,0,nonexistent,1.1,93.994,-36.4,4.855,5191.0,no
49,entrepreneur,married,high.school,no,no,no,telephone,may,fri,189,1,999,0,nonexistent,1.1,93.994,-36.4,4.855,5191.0,no
41,blue-collar,married,high.school,no,yes,no,telephone,may,fri,70,1,999,0,nonexistent,1.1,93.994,-36.4,4.855,5191.0,no
40,admin.,married,high.school,no,yes,yes,telephone,may,fri,1087,2,999,0,nonexistent,1.1,93.994,-36.4,4.855,5191.0,no
40,housemaid,married,basic.4y,no,yes,yes,telephone,may,fri,62,1,999,0,nonexistent,1.1,93.994,-36.4,4.855,5191.0,no
49,entrepreneur,married,high.school,no,no,no,telephone,may,fri,323,1,999,0,nonexistent,1.1,93.994,-36.4,4.855,5191.0,no
25,admin.,single,high.school,no,yes,no,telephone,may,fri,111,2,999,0,nonexistent,1.1,93.994,-36.4,4.855,5191.0,no
34,management,married,university.degree,no,yes,no,telephone,may,fri,197,4,999,0,nonexistent,1.1,93.994,-36.4,4.855,5191.0,no
34,technician,married,professional.course,no,yes,yes,telephone,may,fri,224,3,999,0,nonexistent,1.1,93.994,-36.4,4.855,5191.0,no
28,blue-collar,single,basic.6y,no,no,no,telephone,may,fri,557,1,999,0,nonexistent,1.1,93.994,-36.4,4.855,5191.0,no
39,admin.,married,basic.9y,no,yes,no,telephone,may,fri,150,2,999,0,nonexistent,1.1,93.994,-36.4,4.855,5191.0,no
34,technician,married,professional.course,no,no,yes,telephone,may,fri,388,2,999,0,nonexistent,1.1,93.994,-36.4,4.855,5191.0,no
36,technician,married,professional.course,no,no,no,telephone,may,fri,194,1,999,0,nonexistent,1.1,93.994,-36.4,4.855,5191.0,no
60,technician,divorced,professional.course,unknown,yes,no,telephone,may,fri,57,2,999,0,nonexistent,1.1,93.994,-36.4,4.855,5191.0,no
32,retired,married,high.school,no,no,no,telephone,may,fri,209,3,999,0,nonexistent,1.1,93.994,-36.4,4.855,5191.0,no
40,housemaid,divorced,high.school,no,no,no,telephone,may,fri,188,1,999,0,nonexistent,1.1,93.994,-36.4,4.855,5191.0,no
56,blue-collar,married,basic.6y,unknown,no,no,telephone,may,fri,342,1,999,0,nonexistent,1.1,93.994,-36.4,4.855,5191.0,no
36,technician,married,professional.course,no,yes,no,telephone,may,fri,84,1,999,0,nonexistent,1.1,93.994,-36.4,4.855,5191.0,no
27,entrepreneur,married,university.degree,no,no,no,telephone,may,fri,530,2,999,0,nonexistent,1.1,93.994,-36.4,4.855,5191.0,no
33,blue-collar,single,basic.9y,unknown,yes,yes,telephone,may,fri,97,1,999,0,nonexistent,1.1,93.994,-36.4,4.855,5191.0,no
36,technician,married,professional.course,no,no,yes,telephone,may,fri,365,1,999,0,nonexistent,1.1,93.994,-36.4,4.855,5191.0,no
47,blue-collar,married,basic.4y,no,no,no,telephone,may,fri,285,1,999,0,nonexistent,1.1,93.994,-36.4,4.855,5191.0,no
47,blue-collar,married,basic.4y,no,yes,no,telephone,may,fri,352,1,999,0,nonexistent,1.1,93.994,-36.4,4.855,5191.0,no
30,blue-collar,married,basic.9y,no,yes,no,telephone,may,fri,79,4,999,0,nonexistent,1.1,93.994,-36.4,4.855,5191.0,no
37,housemaid,married,basic.4y,unknown,yes,yes,telephone,may,fri,331,2,999,0,nonexistent,1.1,93.994,-36.4,4.855,5191.0,no
39,technician,married,professional.course,no,no,no,telephone,may,fri,126,2,999,0,nonexistent,1.1,93.994,-36.4,4.855,5191.0,no
58,blue-collar,married,basic.9y,no,no,no,telephone,may,fri,76,2,999,0,nonexistent,1.1,93.994,-36.4,4.855,5191.0,no
32,admin.,married,university.degree,no,no,yes,telephone,may,fri,1692,2,999,0,nonexistent,1.1,93.994,-36.4,4.855,5191.0,yes
34,blue-collar,married,basic.9y,unknown,yes,no,telephone,may,fri,24,1,999,0,nonexistent,1.1,93.994,-36.4,4.855,5191.0,no
43,blue-collar,married,basic.4y,unknown,no,no,telephone,may,fri,73,1,999,0,nonexistent,1.1,93.994,-36.4,4.855,5191.0,no
30,technician,married,professional.course,no,yes,no,telephone,may,fri,253,1,999,0,nonexistent,1.1,93.994,-36.4,4.855,5191.0,no
46,blue-collar,divorced,basic.9y,no,yes,no,telephone,may,fri,133,1,999,0,nonexistent,1.1,93.994,-36.4,4.855,5191.0,no
53,self-employed,married,university.degree,no,no,no,telephone,may,fri,404,2,999,0,nonexistent,1.1,93.994,-36.4,4.855,5191.0,no
45,blue-collar,married,basic.9y,unknown,no,no,telephone,may,fri,275,1,999,0,nonexistent,1.1,93.994,-36.4,4.855,5191.0,no
31,blue-collar,married,basic.9y,no,no,no,telephone,may,fri,109,1,999,0,nonexistent,1.1,93.994,-36.4,4.855,5191.0,no
51,technician,married,professional.course,no,no,no,telephone,may,fri,134,1,999,0,nonexistent,1.1,93.994,-36.4,4.855,5191.0,no
45,admin.,married,high.school,no,no,yes,telephone,may,fri,225,1,999,0,nonexistent,1.1,93.994,-36.4,4.855,5191.0,no
32,admin.,married,high.school,no,no,no,telephone,may,fri,129,1,999,0,nonexistent,1.1,93.994,-36.4,4.855,5191.0,no
43,admin.,married,high.school,no,yes,no,telephone,may,fri,93,3,999,0,nonexistent,1.1,93.994,-36.4,4.855,5191.0,no
34,admin.,married,high.school,no,yes,yes,telephone,may,fri,20,1,999,0,nonexistent,1.1,93.994,-36.4,4.855,5191.0,no
25,blue-collar,single,basic.4y,no,yes,no,telephone,may,fri,247,1,999,0,nonexistent,1.1,93.994,-36.4,4.855,5191.0,no
41,management,married,unknown,no,yes,no,telephone,may,fri,129,3,999,0,nonexistent,1.1,93.994,-36.4,4.855,5191.0,no
44,admin.,married,basic.9y,no,no,no,telephone,may,fri,163,2,999,0,nonexistent,1.1,93.994,-36.4,4.855,5191.0,no
59,admin.,married,university.degree,no,no,no,telephone,may,fri,279,2,999,0,nonexistent,1.1,93.994,-36.4,4.855,5191.0,no
39,technician,divorced,professional.course,no,no,no,telephone,may,fri,251,2,999,0,nonexistent,1.1,93.994,-36.4,4.855,5191.0,no
52,management,married,high.school,unknown,yes,no,telephone,may,fri,113,4,999,0,nonexistent,1.1,93.994,-36.4,4.855,5191.0,no
42,admin.,divorced,university.degree,no,yes,no,telephone,may,fri,125,3,999,0,nonexistent,1.1,93.994,-36.4,4.855,5191.0,no
49,services,married,high.school,no,yes,no,telephone,may,fri,344,2,999,0,nonexistent,1.1,93.994,-36.4,4.855,5191.0,no
44,blue-collar,single,basic.6y,unknown,yes,no,telephone,may,fri,665,2,999,0,nonexistent,1.1,93.994,-36.4,4.855,5191.0,yes
41,technician,married,university.degree,no,yes,no,telephone,may,fri,67,3,999,0,nonexistent,1.1,93.994,-36.4,4.855,5191.0,no
27,services,single,high.school,no,yes,no,telephone,may,fri,167,4,999,0,nonexistent,1.1,93.994,-36.4,4.855,5191.0,no
27,admin.,single,high.school,no,yes,no,telephone,may,fri,137,2,999,0,nonexistent,1.1,93.994,-36.4,4.855,5191.0,no
29,management,single,university.degree,no,no,no,telephone,may,fri,118,1,999,0,nonexistent,1.1,93.994,-36.4,4.855,5191.0,no
53,admin.,married,university.degree,unknown,yes,no,telephone,may,fri,231,2,999,0,nonexistent,1.1,93.994,-36.4,4.855,5191.0,no
29,management,single,university.degree,no,yes,no,telephone,may,fri,174,1,999,0,nonexistent,1.1,93.994,-36.4,4.855,5191.0,no
32,technician,single,university.degree,no,no,no,telephone,may,fri,195,1,999,0,nonexistent,1.1,93.994,-36.4,4.855,5191.0,no
55,admin.,divorced,university.degree,no,yes,no,telephone,may,fri,412,1,999,0,nonexistent,1.1,93.994,-36.4,4.855,5191.0,no
39,admin.,married,university.degree,no,yes,no,telephone,may,fri,127,1,999,0,nonexistent,1.1,93.994,-36.4,4.855,5191.0,no
37,blue-collar,single,high.school,no,no,no,telephone,may,fri,79,1,999,0,nonexistent,1.1,93.994,-36.4,4.855,5191.0,no
26,admin.,married,university.degree,no,yes,yes,telephone,may,fri,13,1,999,0,nonexistent,1.1,93.994,-36.4,4.855,5191.0,no
52,self-employed,married,university.degree,no,no,no,telephone,may,fri,61,1,999,0,nonexistent,1.1,93.994,-36.4,4.855,5191.0,no
28,admin.,single,university.degree,no,yes,no,telephone,may,fri,286,5,999,0,nonexistent,1.1,93.994,-36.4,4.855,5191.0,no
60,management,married,university.degree,unknown,no,no,telephone,may,fri,409,3,999,0,nonexistent,1.1,93.994,-36.4,4.855,5191.0,no
45,blue-collar,married,basic.4y,unknown,yes,yes,telephone,may,fri,325,1,999,0,nonexistent,1.1,93.994,-36.4,4.855,5191.0,no
32,admin.,single,university.degree,no,yes,yes,telephone,may,fri,144,2,999,0,nonexistent,1.1,93.994,-36.4,4.855,5191.0,no
50,unemployed,married,basic.9y,no,yes,no,telephone,may,fri,1713,1,999,0,nonexistent,1.1,93.994,-36.4,4.855,5191.0,no
47,management,divorced,basic.4y,no,no,no,telephone,may,fri,241,2,999,0,nonexistent,1.1,93.994,-36.4,4.855,5191.0,no
45,services,married,high.school,no,no,no,telephone,may,fri,182,1,999,0,nonexistent,1.1,93.994,-36.4,4.855,5191.0,no
43,management,married,unknown,no,no,no,telephone,may,fri,204,2,999,0,nonexistent,1.1,93.994,-36.4,4.855,5191.0,no
40,blue-collar,married,basic.6y,unknown,yes,no,telephone,may,fri,296,2,999,0,nonexistent,1.1,93.994,-36.4,4.855,5191.0,no
43,blue-collar,single,basic.9y,no,yes,no,telephone,may,fri,551,2,999,0,nonexistent,1.1,93.994,-36.4,4.855,5191.0,no
28,blue-collar,single,basic.9y,no,yes,no,telephone,may,fri,663,3,999,0,nonexistent,1.1,93.994,-36.4,4.855,5191.0,no
36,technician,married,professional.course,no,yes,no,telephone,may,fri,338,4,999,0,nonexistent,1.1,93.994,-36.4,4.855,5191.0,no
32,admin.,single,university.degree,no,no,no,telephone,may,fri,188,2,999,0,nonexistent,1.1,93.994,-36.4,4.855,5191.0,no
26,technician,married,high.school,no,yes,no,telephone,may,fri,305,2,999,0,nonexistent,1.1,93.994,-36.4,4.855,5191.0,no
56,admin.,married,university.degree,no,no,no,telephone,may,fri,1461,2,999,0,nonexistent,1.1,93.994,-36.4,4.855,5191.0,no
37,entrepreneur,single,university.degree,no,no,no,telephone,may,fri,129,2,999,0,nonexistent,1.1,93.994,-36.4,4.855,5191.0,no
41,housemaid,married,high.school,no,yes,no,telephone,may,fri,262,1,999,0,nonexistent,1.1,93.994,-36.4,4.855,5191.0,no
55,unemployed,single,basic.4y,unknown,unknown,unknown,telephone,may,fri,147,7,999,0,nonexistent,1.1,93.994,-36.4,4.855,5191.0,no
43,technician,single,professional.course,no,no,no,telephone,may,fri,150,1,999,0,nonexistent,1.1,93.994,-36.4,4.855,5191.0,no
31,services,married,high.school,no,yes,no,telephone,may,fri,332,2,999,0,nonexistent,1.1,93.994,-36.4,4.855,5191.0,no
39,admin.,single,university.degree,no,no,no,telephone,may,fri,94,1,999,0,nonexistent,1.1,93.994,-36.4,4.855,5191.0,no
38,blue-collar,single,basic.9y,unknown,yes,no,telephone,may,fri,455,1,999,0,nonexistent,1.1,93.994,-36.4,4.855,5191.0,no
56,admin.,married,high.school,no,yes,no,telephone,may,fri,49,1,999,0,nonexistent,1.1,93.994,-36.4,4.855,5191.0,no
36,entrepreneur,married,unknown,unknown,yes,no,telephone,may,fri,181,1,999,0,nonexistent,1.1,93.994,-36.4,4.855,5191.0,no
54,management,married,basic.4y,unknown,no,no,telephone,may,fri,345,9,999,0,nonexistent,1.1,93.994,-36.4,4.855,5191.0,no
34,admin.,married,university.degree,no,yes,no,telephone,may,fri,154,3,999,0,nonexistent,1.1,93.994,-36.4,4.855,5191.0,no
28,services,single,basic.9y,unknown,yes,no,telephone,may,fri,294,2,999,0,nonexistent,1.1,93.994,-36.4,4.855,5191.0,no
34,blue-collar,married,basic.4y,no,yes,no,telephone,may,fri,750,7,999,0,nonexistent,1.1,93.994,-36.4,4.855,5191.0,no
59,admin.,married,university.degree,no,yes,no,telephone,may,fri,191,2,999,0,nonexistent,1.1,93.994,-36.4,4.855,5191.0,no
46,blue-collar,married,professional.course,no,yes,no,telephone,may,fri,106,1,999,0,nonexistent,1.1,93.994,-36.4,4.855,5191.0,no
33,admin.,divorced,university.degree,no,no,yes,telephone,may,fri,128,1,999,0,nonexistent,1.1,93.994,-36.4,4.855,5191.0,no
27,admin.,married,university.degree,no,yes,no,telephone,may,fri,70,1,999,0,nonexistent,1.1,93.994,-36.4,4.855,5191.0,no
33,admin.,divorced,university.degree,no,no,no,telephone,may,fri,279,1,999,0,nonexistent,1.1,93.994,-36.4,4.855,5191.0,no
25,admin.,married,high.school,no,yes,no,telephone,may,fri,231,2,999,0,nonexistent,1.1,93.994,-36.4,4.855,5191.0,no
30,housemaid,married,high.school,unknown,yes,no,telephone,may,fri,175,2,999,0,nonexistent,1.1,93.994,-36.4,4.855,5191.0,no
38,blue-collar,divorced,basic.9y,no,no,yes,telephone,may,fri,70,4,999,0,nonexistent,1.1,93.994,-36.4,4.855,5191.0,no
37,self-employed,single,university.degree,unknown,yes,no,telephone,may,fri,179,2,999,0,nonexistent,1.1,93.994,-36.4,4.855,5191.0,no
28,blue-collar,married,basic.6y,unknown,no,no,telephone,may,fri,142,2,999,0,nonexistent,1.1,93.994,-36.4,4.855,5191.0,no
42,blue-collar,married,basic.9y,unknown,no,no,telephone,may,fri,119,2,999,0,nonexistent,1.1,93.994,-36.4,4.855,5191.0,no
36,technician,single,professional.course,unknown,no,no,telephone,may,fri,180,3,999,0,nonexistent,1.1,93.994,-36.4,4.855,5191.0,no
33,technician,single,high.school,no,no,yes,telephone,may,fri,213,2,999,0,nonexistent,1.1,93.994,-36.4,4.855,5191.0,no
33,management,single,university.degree,no,no,no,telephone,may,fri,136,2,999,0,nonexistent,1.1,93.994,-36.4,4.855,5191.0,no
29,blue-collar,single,high.school,unknown,no,no,telephone,may,fri,44,3,999,0,nonexistent,1.1,93.994,-36.4,4.855,5191.0,no
34,blue-collar,married,basic.9y,no,yes,no,telephone,may,fri,229,5,999,0,nonexistent,1.1,93.994,-36.4,4.855,5191.0,no
50,management,single,university.degree,no,yes,no,telephone,may,fri,184,2,999,0,nonexistent,1.1,93.994,-36.4,4.855,5191.0,no
33,services,married,high.school,no,no,no,telephone,may,fri,73,4,999,0,nonexistent,1.1,93.994,-36.4,4.855,5191.0,no
42,admin.,married,university.degree,no,no,no,telephone,may,fri,126,2,999,0,nonexistent,1.1,93.994,-36.4,4.855,5191.0,no
52,self-employed,married,university.degree,no,yes,no,telephone,may,fri,83,4,999,0,nonexistent,1.1,93.994,-36.4,4.855,5191.0,no
28,blue-collar,married,basic.9y,unknown,yes,no,telephone,may,fri,379,2,999,0,nonexistent,1.1,93.994,-36.4,4.855,5191.0,no
56,services,married,high.school,unknown,yes,no,telephone,may,fri,26,2,999,0,nonexistent,1.1,93.994,-36.4,4.855,5191.0,no
35,technician,married,professional.course,no,no,no,telephone,may,fri,169,2,999,0,nonexistent,1.1,93.994,-36.4,4.855,5191.0,no
32,blue-collar,married,basic.9y,no,yes,no,telephone,may,fri,280,1,999,0,nonexistent,1.1,93.994,-36.4,4.855,5191.0,no
50,retired,married,basic.4y,unknown,yes,no,telephone,may,fri,89,2,999,0,nonexistent,1.1,93.994,-36.4,4.855,5191.0,no
29,admin.,single,basic.9y,unknown,no,no,telephone,may,fri,210,3,999,0,nonexistent,1.1,93.994,-36.4,4.855,5191.0,no
30,technician,married,professional.course,no,no,yes,telephone,may,fri,393,2,999,0,nonexistent,1.1,93.994,-36.4,4.855,5191.0,no
46,blue-collar,married,basic.9y,no,yes,yes,telephone,may,fri,128,3,999,0,nonexistent,1.1,93.994,-36.4,4.855,5191.0,no
26,admin.,single,high.school,unknown,yes,no,telephone,may,fri,161,2,999,0,nonexistent,1.1,93.994,-36.4,4.855,5191.0,no
34,admin.,single,basic.9y,no,no,no,telephone,may,fri,1178,4,999,0,nonexistent,1.1,93.994,-36.4,4.855,5191.0,no
46,self-employed,married,basic.9y,unknown,yes,no,telephone,may,fri,182,7,999,0,nonexistent,1.1,93.994,-36.4,4.855,5191.0,no
33,management,married,high.school,no,yes,no,telephone,may,fri,178,2,999,0,nonexistent,1.1,93.994,-36.4,4.855,5191.0,no
50,housemaid,divorced,high.school,no,no,no,telephone,may,fri,177,2,999,0,nonexistent,1.1,93.994,-36.4,4.855,5191.0,no
31,technician,single,basic.9y,unknown,no,no,telephone,may,fri,191,2,999,0,nonexistent,1.1,93.994,-36.4,4.855,5191.0,no
48,blue-collar,married,professional.course,no,no,no,telephone,may,fri,245,4,999,0,nonexistent,1.1,93.994,-36.4,4.855,5191.0,no
57,entrepreneur,married,high.school,unknown,yes,no,telephone,may,fri,255,2,999,0,nonexistent,1.1,93.994,-36.4,4.855,5191.0,no
45,admin.,divorced,basic.9y,unknown,no,no,telephone,may,fri,488,2,999,0,nonexistent,1.1,93.994,-36.4,4.855,5191.0,no
50,services,married,professional.course,unknown,yes,no,telephone,may,fri,211,2,999,0,nonexistent,1.1,93.994,-36.4,4.855,5191.0,no
44,unknown,single,basic.9y,unknown,unknown,unknown,telephone,may,fri,226,2,999,0,nonexistent,1.1,93.994,-36.4,4.855,5191.0,no
44,services,married,high.school,no,no,no,telephone,may,fri,460,2,999,0,nonexistent,1.1,93.994,-36.4,4.855,5191.0,no
32,services,married,high.school,no,yes,no,telephone,may,fri,432,2,999,0,nonexistent,1.1,93.994,-36.4,4.855,5191.0,no
37,housemaid,single,basic.9y,unknown,yes,yes,telephone,may,fri,136,3,999,0,nonexistent,1.1,93.994,-36.4,4.855,5191.0,no
34,admin.,single,high.school,no,no,no,telephone,may,fri,176,2,999,0,nonexistent,1.1,93.994,-36.4,4.855,5191.0,no
27,services,married,basic.9y,no,yes,no,telephone,may,fri,162,2,999,0,nonexistent,1.1,93.994,-36.4,4.855,5191.0,no
29,admin.,married,high.school,no,yes,no,telephone,may,fri,44,2,999,0,nonexistent,1.1,93.994,-36.4,4.855,5191.0,no
34,blue-collar,married,basic.6y,unknown,yes,yes,telephone,may,fri,47,5,999,0,nonexistent,1.1,93.994,-36.4,4.855,5191.0,no
44,technician,single,professional.course,no,no,no,telephone,may,fri,182,3,999,0,nonexistent,1.1,93.994,-36.4,4.855,5191.0,no
33,admin.,single,university.degree,no,yes,no,telephone,may,fri,122,2,999,0,nonexistent,1.1,93.994,-36.4,4.855,5191.0,no
33,blue-collar,married,basic.4y,no,yes,no,telephone,may,fri,232,2,999,0,nonexistent,1.1,93.994,-36.4,4.855,5191.0,no
40,blue-collar,married,high.school,no,no,no,telephone,may,fri,51,3,999,0,nonexistent,1.1,93.994,-36.4,4.855,5191.0,no
59,retired,married,basic.4y,unknown,no,no,telephone,may,fri,260,4,999,0,nonexistent,1.1,93.994,-36.4,4.855,5191.0,no
38,technician,single,professional.course,no,no,no,telephone,may,fri,214,2,999,0,nonexistent,1.1,93.994,-36.4,4.855,5191.0,no
41,blue-collar,married,basic.6y,unknown,no,no,telephone,may,fri,407,4,999,0,nonexistent,1.1,93.994,-36.4,4.855,5191.0,no
36,admin.,married,high.school,no,yes,no,telephone,may,fri,31,3,999,0,nonexistent,1.1,93.994,-36.4,4.855,5191.0,no
48,admin.,married,basic.9y,no,no,yes,telephone,may,fri,145,3,999,0,nonexistent,1.1,93.994,-36.4,4.855,5191.0,no
44,services,divorced,high.school,unknown,yes,no,telephone,may,fri,115,2,999,0,nonexistent,1.1,93.994,-36.4,4.855,5191.0,no
50,blue-collar,divorced,basic.9y,no,no,no,telephone,may,fri,878,3,999,0,nonexistent,1.1,93.994,-36.4,4.855,5191.0,no
35,self-employed,married,professional.course,no,no,no,telephone,may,fri,268,2,999,0,nonexistent,1.1,93.994,-36.4,4.855,5191.0,no
24,blue-collar,married,basic.9y,no,yes,yes,telephone,may,fri,101,6,999,0,nonexistent,1.1,93.994,-36.4,4.855,5191.0,no
32,management,married,high.school,no,yes,no,telephone,may,fri,119,2,999,0,nonexistent,1.1,93.994,-36.4,4.855,5191.0,no
56,services,divorced,high.school,unknown,no,no,telephone,may,fri,185,2,999,0,nonexistent,1.1,93.994,-36.4,4.855,5191.0,no
38,blue-collar,married,high.school,no,no,no,telephone,may,fri,18,7,999,0,nonexistent,1.1,93.994,-36.4,4.855,5191.0,no
25,self-employed,single,university.degree,no,unknown,unknown,telephone,may,fri,317,2,999,0,nonexistent,1.1,93.994,-36.4,4.855,5191.0,no
28,services,single,high.school,no,unknown,unknown,telephone,may,fri,71,3,999,0,nonexistent,1.1,93.994,-36.4,4.855,5191.0,no
41,blue-collar,married,basic.4y,no,no,no,telephone,may,fri,43,2,999,0,nonexistent,1.1,93.994,-36.4,4.855,5191.0,no
34,blue-collar,married,unknown,unknown,unknown,unknown,telephone,may,fri,298,2,999,0,nonexistent,1.1,93.994,-36.4,4.855,5191.0,no
27,services,single,high.school,no,no,no,telephone,may,fri,86,4,999,0,nonexistent,1.1,93.994,-36.4,4.855,5191.0,no
31,admin.,married,university.degree,unknown,no,no,telephone,may,fri,255,2,999,0,nonexistent,1.1,93.994,-36.4,4.855,5191.0,no
39,housemaid,married,basic.4y,no,yes,yes,telephone,may,fri,83,3,999,0,nonexistent,1.1,93.994,-36.4,4.855,5191.0,no
37,blue-collar,married,basic.6y,unknown,yes,yes,telephone,may,fri,268,3,999,0,nonexistent,1.1,93.994,-36.4,4.855,5191.0,no
25,student,single,high.school,no,no,no,telephone,may,fri,97,1,999,0,nonexistent,1.1,93.994,-36.4,4.855,5191.0,no
33,services,married,high.school,no,yes,no,telephone,may,fri,263,5,999,0,nonexistent,1.1,93.994,-36.4,4.855,5191.0,no
40,blue-collar,married,unknown,no,no,no,telephone,may,fri,338,4,999,0,nonexistent,1.1,93.994,-36.4,4.855,5191.0,no
46,housemaid,married,basic.9y,no,no,no,telephone,may,fri,322,5,999,0,nonexistent,1.1,93.994,-36.4,4.855,5191.0,no
53,admin.,divorced,high.school,no,yes,no,telephone,may,fri,64,4,999,0,nonexistent,1.1,93.994,-36.4,4.855,5191.0,no
32,unemployed,married,basic.9y,no,no,no,telephone,may,fri,71,4,999,0,nonexistent,1.1,93.994,-36.4,4.855,5191.0,no
43,services,divorced,basic.9y,no,yes,no,telephone,may,fri,284,4,999,0,nonexistent,1.1,93.994,-36.4,4.855,5191.0,no
38,technician,single,professional.course,no,yes,no,telephone,may,fri,166,3,999,0,nonexistent,1.1,93.994,-36.4,4.855,5191.0,no
26,technician,married,professional.course,no,yes,no,telephone,may,fri,210,3,999,0,nonexistent,1.1,93.994,-36.4,4.855,5191.0,no
42,admin.,married,basic.9y,no,yes,no,telephone,may,fri,164,8,999,0,nonexistent,1.1,93.994,-36.4,4.855,5191.0,no
41,management,single,unknown,no,no,no,telephone,may,fri,154,2,999,0,nonexistent,1.1,93.994,-36.4,4.855,5191.0,no
26,services,single,high.school,no,no,no,telephone,may,fri,155,3,999,0,nonexistent,1.1,93.994,-36.4,4.855,5191.0,no
38,housemaid,married,basic.6y,unknown,yes,no,telephone,may,fri,153,4,999,0,nonexistent,1.1,93.994,-36.4,4.855,5191.0,no
54,technician,married,unknown,unknown,no,no,telephone,may,fri,111,2,999,0,nonexistent,1.1,93.994,-36.4,4.855,5191.0,no
41,blue-collar,divorced,basic.4y,no,no,no,telephone,may,fri,91,3,999,0,nonexistent,1.1,93.994,-36.4,4.855,5191.0,no
26,blue-collar,single,high.school,no,no,no,telephone,may,fri,213,4,999,0,nonexistent,1.1,93.994,-36.4,4.855,5191.0,no
43,management,married,basic.4y,no,yes,no,telephone,may,fri,257,3,999,0,nonexistent,1.1,93.994,-36.4,4.855,5191.0,no
28,technician,single,professional.course,no,yes,no,telephone,may,fri,315,4,999,0,nonexistent,1.1,93.994,-36.4,4.855,5191.0,no
35,technician,divorced,professional.course,no,no,yes,telephone,may,fri,102,3,999,0,nonexistent,1.1,93.994,-36.4,4.855,5191.0,no
40,admin.,married,high.school,no,no,no,telephone,may,fri,83,3,999,0,nonexistent,1.1,93.994,-36.4,4.855,5191.0,no
37,technician,married,professional.course,no,yes,no,telephone,may,fri,834,9,999,0,nonexistent,1.1,93.994,-36.4,4.855,5191.0,no
52,technician,married,university.degree,no,no,no,telephone,may,fri,244,5,999,0,nonexistent,1.1,93.994,-36.4,4.855,5191.0,no
36,admin.,married,high.school,no,yes,no,telephone,may,fri,143,3,999,0,nonexistent,1.1,93.994,-36.4,4.855,5191.0,no
40,blue-collar,married,basic.9y,unknown,yes,no,telephone,may,fri,277,3,999,0,nonexistent,1.1,93.994,-36.4,4.855,5191.0,no
43,blue-collar,married,basic.4y,no,yes,no,telephone,may,fri,1534,2,999,0,nonexistent,1.1,93.994,-36.4,4.855,5191.0,no
36,blue-collar,married,basic.6y,unknown,no,no,telephone,may,fri,291,4,999,0,nonexistent,1.1,93.994,-36.4,4.855,5191.0,no
43,blue-collar,married,basic.4y,unknown,yes,yes,telephone,may,mon,149,6,999,0,nonexistent,1.1,93.994,-36.4,4.857,5191.0,no
44,blue-collar,married,basic.9y,unknown,yes,no,telephone,may,mon,33,4,999,0,nonexistent,1.1,93.994,-36.4,4.857,5191.0,no
49,blue-collar,married,professional.course,unknown,no,no,telephone,may,mon,144,6,999,0,nonexistent,1.1,93.994,-36.4,4.857,5191.0,no
56,retired,married,basic.4y,unknown,yes,yes,telephone,may,mon,146,4,999,0,nonexistent,1.1,93.994,-36.4,4.857,5191.0,no
39,blue-collar,divorced,basic.9y,no,no,no,telephone,may,mon,40,3,999,0,nonexistent,1.1,93.994,-36.4,4.857,5191.0,no
41,admin.,single,university.degree,unknown,no,no,telephone,may,mon,112,2,999,0,nonexistent,1.1,93.994,-36.4,4.857,5191.0,no
47,admin.,married,university.degree,no,yes,no,telephone,may,mon,147,5,999,0,nonexistent,1.1,93.994,-36.4,4.857,5191.0,no
38,blue-collar,married,basic.6y,unknown,yes,no,telephone,may,mon,836,4,999,0,nonexistent,1.1,93.994,-36.4,4.857,5191.0,no
36,technician,married,high.school,no,yes,no,telephone,may,mon,290,5,999,0,nonexistent,1.1,93.994,-36.4,4.857,5191.0,no
46,technician,divorced,professional.course,no,yes,no,telephone,may,mon,148,2,999,0,nonexistent,1.1,93.994,-36.4,4.857,5191.0,no
47,services,divorced,high.school,no,yes,no,telephone,may,mon,289,5,999,0,nonexistent,1.1,93.994,-36.4,4.857,5191.0,no
47,blue-collar,single,basic.4y,no,yes,no,telephone,may,mon,345,2,999,0,nonexistent,1.1,93.994,-36.4,4.857,5191.0,no
42,self-employed,married,university.degree,no,yes,no,telephone,may,mon,1002,5,999,0,nonexistent,1.1,93.994,-36.4,4.857,5191.0,no
42,management,married,university.degree,unknown,yes,no,telephone,may,mon,181,4,999,0,nonexistent,1.1,93.994,-36.4,4.857,5191.0,no
33,unemployed,married,professional.course,unknown,yes,no,telephone,may,mon,129,2,999,0,nonexistent,1.1,93.994,-36.4,4.857,5191.0,no
48,entrepreneur,married,high.school,no,yes,no,telephone,may,mon,76,2,999,0,nonexistent,1.1,93.994,-36.4,4.857,5191.0,no
53,technician,single,professional.course,no,yes,no,telephone,may,mon,111,2,999,0,nonexistent,1.1,93.994,-36.4,4.857,5191.0,no
57,blue-collar,married,unknown,unknown,unknown,unknown,telephone,may,mon,98,3,999,0,nonexistent,1.1,93.994,-36.4,4.857,5191.0,no
34,services,married,high.school,unknown,yes,no,telephone,may,mon,221,2,999,0,nonexistent,1.1,93.994,-36.4,4.857,5191.0,no
51,services,divorced,professional.course,no,yes,no,telephone,may,mon,150,7,999,0,nonexistent,1.1,93.994,-36.4,4.857,5191.0,no
39,blue-collar,married,basic.6y,unknown,yes,no,telephone,may,mon,399,3,999,0,nonexistent,1.1,93.994,-36.4,4.857,5191.0,no
45,unknown,married,unknown,unknown,no,no,telephone,may,mon,139,6,999,0,nonexistent,1.1,93.994,-36.4,4.857,5191.0,no
37,admin.,married,high.school,no,yes,no,telephone,may,mon,115,4,999,0,nonexistent,1.1,93.994,-36.4,4.857,5191.0,no
44,blue-collar,married,basic.6y,no,yes,no,telephone,may,mon,149,5,999,0,nonexistent,1.1,93.994,-36.4,4.857,5191.0,no
48,admin.,married,university.degree,no,no,yes,telephone,may,mon,327,2,999,0,nonexistent,1.1,93.994,-36.4,4.857,5191.0,no
59,retired,married,university.degree,unknown,no,no,telephone,may,mon,92,4,999,0,nonexistent,1.1,93.994,-36.4,4.857,5191.0,no
44,admin.,single,high.school,no,no,no,telephone,may,mon,111,2,999,0,nonexistent,1.1,93.994,-36.4,4.857,5191.0,no
50,blue-collar,married,basic.9y,unknown,yes,no,telephone,may,mon,192,2,999,0,nonexistent,1.1,93.994,-36.4,4.857,5191.0,no
35,services,married,high.school,no,yes,no,telephone,may,mon,88,5,999,0,nonexistent,1.1,93.994,-36.4,4.857,5191.0,no
53,self-employed,married,university.degree,no,no,no,telephone,may,mon,592,2,999,0,nonexistent,1.1,93.994,-36.4,4.857,5191.0,no
41,technician,married,professional.course,unknown,no,no,telephone,may,mon,105,3,999,0,nonexistent,1.1,93.994,-36.4,4.857,5191.0,no
55,admin.,married,high.school,no,yes,yes,telephone,may,mon,62,2,999,0,nonexistent,1.1,93.994,-36.4,4.857,5191.0,no
37,blue-collar,married,basic.4y,no,yes,no,telephone,may,mon,59,4,999,0,nonexistent,1.1,93.994,-36.4,4.857,5191.0,no
36,management,divorced,high.school,no,no,no,telephone,may,mon,144,7,999,0,nonexistent,1.1,93.994,-36.4,4.857,5191.0,no
35,admin.,single,basic.6y,no,yes,no,telephone,may,mon,57,2,999,0,nonexistent,1.1,93.994,-36.4,4.857,5191.0,no
32,admin.,married,high.school,no,yes,no,telephone,may,mon,396,3,999,0,nonexistent,1.1,93.994,-36.4,4.857,5191.0,no
43,blue-collar,married,basic.6y,unknown,yes,no,telephone,may,mon,286,4,999,0,nonexistent,1.1,93.994,-36.4,4.857,5191.0,no
36,entrepreneur,married,university.degree,no,yes,no,telephone,may,mon,59,4,999,0,nonexistent,1.1,93.994,-36.4,4.857,5191.0,no
55,technician,divorced,professional.course,unknown,yes,no,telephone,may,mon,252,4,999,0,nonexistent,1.1,93.994,-36.4,4.857,5191.0,no
54,services,married,basic.4y,unknown,yes,no,telephone,may,mon,566,7,999,0,nonexistent,1.1,93.994,-36.4,4.857,5191.0,no
40,technician,married,professional.course,unknown,no,no,telephone,may,mon,127,2,999,0,nonexistent,1.1,93.994,-36.4,4.857,5191.0,no
49,services,married,high.school,unknown,unknown,unknown,telephone,may,mon,71,2,999,0,nonexistent,1.1,93.994,-36.4,4.857,5191.0,no
45,unemployed,married,high.school,unknown,no,no,telephone,may,mon,120,2,999,0,nonexistent,1.1,93.994,-36.4,4.857,5191.0,no
32,admin.,single,university.degree,no,no,no,telephone,may,mon,409,2,999,0,nonexistent,1.1,93.994,-36.4,4.857,5191.0,no
41,admin.,divorced,high.school,no,no,no,telephone,may,mon,177,4,999,0,nonexistent,1.1,93.994,-36.4,4.857,5191.0,no
49,management,divorced,high.school,unknown,yes,no,telephone,may,mon,145,1,999,0,nonexistent,1.1,93.994,-36.4,4.857,5191.0,no
59,retired,single,university.degree,no,no,no,telephone,may,mon,36,4,999,0,nonexistent,1.1,93.994,-36.4,4.857,5191.0,no
44,blue-collar,married,professional.course,no,no,no,telephone,may,mon,94,2,999,0,nonexistent,1.1,93.994,-36.4,4.857,5191.0,no
59,blue-collar,married,basic.4y,unknown,no,no,telephone,may,mon,24,1,999,0,nonexistent,1.1,93.994,-36.4,4.857,5191.0,no
36,unemployed,married,unknown,unknown,no,no,telephone,may,mon,33,2,999,0,nonexistent,1.1,93.994,-36.4,4.857,5191.0,no
49,technician,divorced,basic.9y,unknown,yes,no,telephone,may,mon,185,1,999,0,nonexistent,1.1,93.994,-36.4,4.857,5191.0,no
39,entrepreneur,divorced,high.school,no,no,no,telephone,may,mon,122,1,999,0,nonexistent,1.1,93.994,-36.4,4.857,5191.0,no
39,entrepreneur,divorced,high.school,no,no,no,telephone,may,mon,225,1,999,0,nonexistent,1.1,93.994,-36.4,4.857,5191.0,no
33,blue-collar,single,high.school,no,no,no,telephone,may,mon,165,1,999,0,nonexistent,1.1,93.994,-36.4,4.857,5191.0,no
42,blue-collar,married,professional.course,no,yes,no,telephone,may,mon,186,1,999,0,nonexistent,1.1,93.994,-36.4,4.857,5191.0,no
33,management,married,university.degree,no,no,no,telephone,may,mon,405,3,999,0,nonexistent,1.1,93.994,-36.4,4.857,5191.0,no
29,management,single,university.degree,no,yes,yes,telephone,may,mon,207,3,999,0,nonexistent,1.1,93.994,-36.4,4.857,5191.0,no
35,admin.,married,university.degree,no,yes,no,telephone,may,mon,325,3,999,0,nonexistent,1.1,93.994,-36.4,4.857,5191.0,no
29,student,single,high.school,unknown,no,no,telephone,may,mon,57,8,999,0,nonexistent,1.1,93.994,-36.4,4.857,5191.0,no
34,management,married,university.degree,unknown,no,no,telephone,may,mon,102,1,999,0,nonexistent,1.1,93.994,-36.4,4.857,5191.0,no
33,services,married,high.school,unknown,no,no,telephone,may,mon,164,3,999,0,nonexistent,1.1,93.994,-36.4,4.857,5191.0,no
54,management,divorced,university.degree,no,no,no,telephone,may,mon,288,2,999,0,nonexistent,1.1,93.994,-36.4,4.857,5191.0,no
56,services,divorced,high.school,unknown,no,no,telephone,may,mon,154,1,999,0,nonexistent,1.1,93.994,-36.4,4.857,5191.0,no
34,blue-collar,married,basic.4y,no,yes,no,telephone,may,mon,102,1,999,0,nonexistent,1.1,93.994,-36.4,4.857,5191.0,no
33,blue-collar,married,professional.course,no,no,no,telephone,may,mon,53,1,999,0,nonexistent,1.1,93.994,-36.4,4.857,5191.0,no
39,admin.,married,university.degree,no,no,no,telephone,may,mon,744,6,999,0,nonexistent,1.1,93.994,-36.4,4.857,5191.0,yes
32,blue-collar,married,professional.course,no,no,no,telephone,may,mon,202,1,999,0,nonexistent,1.1,93.994,-36.4,4.857,5191.0,no
37,admin.,married,university.degree,unknown,yes,no,telephone,may,mon,113,3,999,0,nonexistent,1.1,93.994,-36.4,4.857,5191.0,no
47,technician,divorced,university.degree,no,no,no,telephone,may,mon,130,3,999,0,nonexistent,1.1,93.994,-36.4,4.857,5191.0,no
26,technician,married,university.degree,no,no,no,telephone,may,mon,523,1,999,0,nonexistent,1.1,93.994,-36.4,4.857,5191.0,no
26,self-employed,married,university.degree,no,no,no,telephone,may,mon,231,1,999,0,nonexistent,1.1,93.994,-36.4,4.857,5191.0,no
52,entrepreneur,married,university.degree,unknown,no,no,telephone,may,mon,151,1,999,0,nonexistent,1.1,93.994,-36.4,4.857,5191.0,no
59,blue-collar,married,basic.4y,unknown,no,no,telephone,may,mon,293,1,999,0,nonexistent,1.1,93.994,-36.4,4.857,5191.0,no
39,blue-collar,divorced,high.school,no,no,no,telephone,may,mon,281,1,999,0,nonexistent,1.1,93.994,-36.4,4.857,5191.0,no
31,blue-collar,married,basic.4y,unknown,no,no,telephone,may,mon,363,2,999,0,nonexistent,1.1,93.994,-36.4,4.857,5191.0,no
56,housemaid,divorced,basic.4y,unknown,no,no,telephone,may,mon,86,1,999,0,nonexistent,1.1,93.994,-36.4,4.857,5191.0,no
36,technician,married,university.degree,no,yes,yes,telephone,may,mon,486,1,999,0,nonexistent,1.1,93.994,-36.4,4.857,5191.0,no
31,admin.,divorced,high.school,no,no,no,telephone,may,mon,170,2,999,0,nonexistent,1.1,93.994,-36.4,4.857,5191.0,no
40,housemaid,single,university.degree,no,no,yes,telephone,may,mon,539,1,999,0,nonexistent,1.1,93.994,-36.4,4.857,5191.0,no
34,technician,single,university.degree,unknown,no,no,telephone,may,mon,66,3,999,0,nonexistent,1.1,93.994,-36.4,4.857,5191.0,no
56,entrepreneur,married,basic.4y,no,no,no,telephone,may,mon,820,1,999,0,nonexistent,1.1,93.994,-36.4,4.857,5191.0,no
46,blue-collar,married,basic.4y,unknown,no,yes,telephone,may,mon,125,1,999,0,nonexistent,1.1,93.994,-36.4,4.857,5191.0,no
38,services,divorced,high.school,no,no,no,telephone,may,mon,398,1,999,0,nonexistent,1.1,93.994,-36.4,4.857,5191.0,no
42,management,married,university.degree,no,yes,no,telephone,may,mon,112,1,999,0,nonexistent,1.1,93.994,-36.4,4.857,5191.0,no
42,management,married,university.degree,no,no,no,telephone,may,mon,64,1,999,0,nonexistent,1.1,93.994,-36.4,4.857,5191.0,no
40,services,married,high.school,unknown,no,no,telephone,may,mon,255,1,999,0,nonexistent,1.1,93.994,-36.4,4.857,5191.0,no
47,blue-collar,married,basic.4y,unknown,no,no,telephone,may,mon,95,8,999,0,nonexistent,1.1,93.994,-36.4,4.857,5191.0,no
44,blue-collar,married,professional.course,unknown,yes,no,telephone,may,mon,140,3,999,0,nonexistent,1.1,93.994,-36.4,4.857,5191.0,no
48,services,married,high.school,no,no,no,telephone,may,mon,788,2,999,0,nonexistent,1.1,93.994,-36.4,4.857,5191.0,no
36,blue-collar,single,basic.9y,no,yes,no,telephone,may,mon,239,4,999,0,nonexistent,1.1,93.994,-36.4,4.857,5191.0,no
31,blue-collar,married,basic.9y,unknown,yes,no,telephone,may,mon,194,2,999,0,nonexistent,1.1,93.994,-36.4,4.857,5191.0,no
30,technician,married,university.degree,no,no,no,telephone,may,mon,165,4,999,0,nonexistent,1.1,93.994,-36.4,4.857,5191.0,no
29,admin.,single,basic.9y,unknown,no,no,telephone,may,mon,306,2,999,0,nonexistent,1.1,93.994,-36.4,4.857,5191.0,no
35,technician,married,professional.course,no,yes,no,telephone,may,mon,832,3,999,0,nonexistent,1.1,93.994,-36.4,4.857,5191.0,no
33,entrepreneur,married,high.school,no,no,no,telephone,may,mon,214,4,999,0,nonexistent,1.1,93.994,-36.4,4.857,5191.0,no
48,unemployed,married,high.school,unknown,yes,yes,telephone,may,mon,283,6,999,0,nonexistent,1.1,93.994,-36.4,4.857,5191.0,no
39,technician,married,professional.course,no,yes,no,telephone,may,mon,101,2,999,0,nonexistent,1.1,93.994,-36.4,4.857,5191.0,no
41,admin.,married,university.degree,no,yes,yes,telephone,may,mon,77,2,999,0,nonexistent,1.1,93.994,-36.4,4.857,5191.0,no
28,management,single,unknown,no,no,no,telephone,may,mon,290,6,999,0,nonexistent,1.1,93.994,-36.4,4.857,5191.0,no
34,housemaid,married,university.degree,no,no,no,telephone,may,mon,388,2,999,0,nonexistent,1.1,93.994,-36.4,4.857,5191.0,no
41,admin.,single,unknown,no,yes,yes,telephone,may,mon,1111,3,999,0,nonexistent,1.1,93.994,-36.4,4.857,5191.0,yes
27,admin.,single,high.school,unknown,unknown,unknown,telephone,may,mon,1495,4,999,0,nonexistent,1.1,93.994,-36.4,4.857,5191.0,no
27,blue-collar,married,basic.9y,unknown,no,no,telephone,may,mon,322,1,999,0,nonexistent,1.1,93.994,-36.4,4.857,5191.0,no
41,services,married,high.school,unknown,yes,yes,telephone,may,mon,146,3,999,0,nonexistent,1.1,93.994,-36.4,4.857,5191.0,no
34,admin.,single,university.degree,no,yes,no,telephone,may,mon,593,2,999,0,nonexistent,1.1,93.994,-36.4,4.857,5191.0,no
36,blue-collar,single,basic.9y,unknown,yes,no,telephone,may,mon,379,2,999,0,nonexistent,1.1,93.994,-36.4,4.857,5191.0,no
33,technician,married,basic.9y,no,yes,no,telephone,may,mon,315,1,999,0,nonexistent,1.1,93.994,-36.4,4.857,5191.0,no
36,technician,married,high.school,no,yes,no,telephone,may,mon,162,1,999,0,nonexistent,1.1,93.994,-36.4,4.857,5191.0,no
28,student,single,university.degree,unknown,yes,no,telephone,may,mon,225,1,999,0,nonexistent,1.1,93.994,-36.4,4.857,5191.0,no
28,student,single,university.degree,unknown,yes,no,telephone,may,mon,208,1,999,0,nonexistent,1.1,93.994,-36.4,4.857,5191.0,no
38,technician,married,professional.course,no,no,no,telephone,may,mon,80,4,999,0,nonexistent,1.1,93.994,-36.4,4.857,5191.0,no
50,management,divorced,professional.course,no,no,no,telephone,may,mon,39,3,999,0,nonexistent,1.1,93.994,-36.4,4.857,5191.0,no
32,management,married,high.school,no,yes,no,telephone,may,mon,132,1,999,0,nonexistent,1.1,93.994,-36.4,4.857,5191.0,no
45,blue-collar,married,basic.4y,no,no,no,telephone,may,mon,101,1,999,0,nonexistent,1.1,93.994,-36.4,4.857,5191.0,no
36,admin.,married,university.degree,no,no,no,telephone,may,mon,188,1,999,0,nonexistent,1.1,93.994,-36.4,4.857,5191.0,no
30,blue-collar,single,basic.9y,unknown,unknown,unknown,telephone,may,mon,386,2,999,0,nonexistent,1.1,93.994,-36.4,4.857,5191.0,no
41,blue-collar,married,basic.9y,unknown,no,no,telephone,may,mon,457,4,999,0,nonexistent,1.1,93.994,-36.4,4.857,5191.0,no
34,blue-collar,single,basic.6y,unknown,yes,no,telephone,may,mon,891,1,999,0,nonexistent,1.1,93.994,-36.4,4.857,5191.0,no
50,blue-collar,married,high.school,unknown,no,no,telephone,may,mon,326,1,999,0,nonexistent,1.1,93.994,-36.4,4.857,5191.0,no
32,blue-collar,married,basic.4y,unknown,no,no,telephone,may,mon,1083,2,999,0,nonexistent,1.1,93.994,-36.4,4.857,5191.0,no
57,retired,single,high.school,no,unknown,unknown,telephone,may,mon,1266,1,999,0,nonexistent,1.1,93.994,-36.4,4.857,5191.0,no
46,technician,married,basic.9y,no,no,no,telephone,may,mon,171,6,999,0,nonexistent,1.1,93.994,-36.4,4.857,5191.0,no
44,services,married,basic.4y,unknown,yes,no,telephone,may,mon,160,4,999,0,nonexistent,1.1,93.994,-36.4,4.857,5191.0,no
32,blue-collar,single,basic.9y,no,no,no,telephone,may,mon,178,2,999,0,nonexistent,1.1,93.994,-36.4,4.857,5191.0,no
38,unemployed,married,basic.9y,unknown,no,no,telephone,may,mon,200,2,999,0,nonexistent,1.1,93.994,-36.4,4.857,5191.0,no
33,technician,married,basic.9y,no,no,no,telephone,may,mon,154,2,999,0,nonexistent,1.1,93.994,-36.4,4.857,5191.0,no
37,blue-collar,divorced,basic.4y,unknown,yes,no,telephone,may,mon,391,1,999,0,nonexistent,1.1,93.994,-36.4,4.857,5191.0,no
52,management,married,university.degree,unknown,no,no,telephone,may,mon,268,4,999,0,nonexistent,1.1,93.994,-36.4,4.857,5191.0,no
39,blue-collar,married,basic.9y,no,no,no,telephone,may,mon,793,5,999,0,nonexistent,1.1,93.994,-36.4,4.857,5191.0,no
50,management,married,basic.9y,no,no,no,telephone,may,mon,219,4,999,0,nonexistent,1.1,93.994,-36.4,4.857,5191.0,no
53,retired,divorced,basic.4y,no,no,no,telephone,may,mon,460,1,999,0,nonexistent,1.1,93.994,-36.4,4.857,5191.0,no
40,admin.,single,university.degree,no,yes,no,telephone,may,mon,194,3,999,0,nonexistent,1.1,93.994,-36.4,4.857,5191.0,no
55,blue-collar,married,basic.4y,unknown,yes,no,telephone,may,mon,413,1,999,0,nonexistent,1.1,93.994,-36.4,4.857,5191.0,no
42,unemployed,married,basic.4y,unknown,yes,no,telephone,may,mon,574,6,999,0,nonexistent,1.1,93.994,-36.4,4.857,5191.0,no
47,admin.,divorced,university.degree,no,yes,no,telephone,may,mon,256,4,999,0,nonexistent,1.1,93.994,-36.4,4.857,5191.0,no
33,blue-collar,married,basic.9y,unknown,yes,no,telephone,may,mon,88,2,999,0,nonexistent,1.1,93.994,-36.4,4.857,5191.0,no
37,self-employed,divorced,university.degree,no,yes,yes,telephone,may,mon,146,1,999,0,nonexistent,1.1,93.994,-36.4,4.857,5191.0,no
37,self-employed,divorced,university.degree,no,yes,no,telephone,may,mon,596,1,999,0,nonexistent,1.1,93.994,-36.4,4.857,5191.0,no
45,blue-collar,married,basic.4y,unknown,yes,no,telephone,may,mon,170,2,999,0,nonexistent,1.1,93.994,-36.4,4.857,5191.0,no
30,admin.,single,high.school,no,unknown,unknown,telephone,may,mon,139,1,999,0,nonexistent,1.1,93.994,-36.4,4.857,5191.0,no
30,admin.,single,high.school,no,no,no,telephone,may,mon,577,1,999,0,nonexistent,1.1,93.994,-36.4,4.857,5191.0,no
38,blue-collar,married,basic.6y,no,no,no,telephone,may,mon,177,3,999,0,nonexistent,1.1,93.994,-36.4,4.857,5191.0,no
31,services,married,high.school,no,yes,no,telephone,may,mon,335,1,999,0,nonexistent,1.1,93.994,-36.4,4.857,5191.0,no
48,blue-collar,married,basic.9y,no,yes,no,telephone,may,mon,262,2,999,0,nonexistent,1.1,93.994,-36.4,4.857,5191.0,no
29,admin.,single,high.school,no,yes,no,telephone,may,mon,115,1,999,0,nonexistent,1.1,93.994,-36.4,4.857,5191.0,no
38,blue-collar,single,basic.9y,unknown,yes,no,telephone,may,mon,289,3,999,0,nonexistent,1.1,93.994,-36.4,4.857,5191.0,no
48,blue-collar,married,basic.9y,no,yes,no,telephone,may,mon,529,2,999,0,nonexistent,1.1,93.994,-36.4,4.857,5191.0,no
32,services,married,high.school,no,unknown,unknown,telephone,may,mon,72,2,999,0,nonexistent,1.1,93.994,-36.4,4.857,5191.0,no
56,admin.,married,high.school,no,yes,no,telephone,may,mon,166,2,999,0,nonexistent,1.1,93.994,-36.4,4.857,5191.0,no
39,technician,married,university.degree,no,yes,no,telephone,may,mon,320,3,999,0,nonexistent,1.1,93.994,-36.4,4.857,5191.0,no
31,admin.,married,high.school,no,no,no,telephone,may,mon,220,3,999,0,nonexistent,1.1,93.994,-36.4,4.857,5191.0,no
54,retired,divorced,professional.course,no,no,no,telephone,may,mon,241,3,999,0,nonexistent,1.1,93.994,-36.4,4.857,5191.0,no
26,services,divorced,professional.course,no,no,no,telephone,may,mon,241,1,999,0,nonexistent,1.1,93.994,-36.4,4.857,5191.0,no
54,blue-collar,married,professional.course,unknown,yes,yes,telephone,may,mon,198,3,999,0,nonexistent,1.1,93.994,-36.4,4.857,5191.0,no
45,management,married,professional.course,no,no,no,telephone,may,mon,98,2,999,0,nonexistent,1.1,93.994,-36.4,4.857,5191.0,no
35,admin.,single,university.degree,no,no,yes,telephone,may,mon,126,2,999,0,nonexistent,1.1,93.994,-36.4,4.857,5191.0,no
28,admin.,married,high.school,no,yes,no,telephone,may,mon,55,2,999,0,nonexistent,1.1,93.994,-36.4,4.857,5191.0,no
34,self-employed,married,university.degree,no,yes,yes,telephone,may,mon,86,4,999,0,nonexistent,1.1,93.994,-36.4,4.857,5191.0,no
35,admin.,married,high.school,unknown,no,no,telephone,may,mon,66,4,999,0,nonexistent,1.1,93.994,-36.4,4.857,5191.0,no
39,technician,married,basic.6y,no,no,yes,telephone,may,mon,155,3,999,0,nonexistent,1.1,93.994,-36.4,4.857,5191.0,no
30,services,married,professional.course,unknown,no,no,telephone,may,mon,311,3,999,0,nonexistent,1.1,93.994,-36.4,4.857,5191.0,no
58,management,married,university.degree,no,no,no,telephone,may,mon,236,10,999,0,nonexistent,1.1,93.994,-36.4,4.857,5191.0,no
34,blue-collar,married,basic.9y,no,no,yes,telephone,may,mon,92,3,999,0,nonexistent,1.1,93.994,-36.4,4.857,5191.0,no
29,management,single,university.degree,no,yes,no,telephone,may,mon,253,2,999,0,nonexistent,1.1,93.994,-36.4,4.857,5191.0,no
25,blue-collar,married,basic.9y,no,yes,no,telephone,may,mon,41,1,999,0,nonexistent,1.1,93.994,-36.4,4.857,5191.0,no
56,admin.,married,basic.9y,unknown,no,no,telephone,may,mon,10,11,999,0,nonexistent,1.1,93.994,-36.4,4.857,5191.0,no
27,blue-collar,married,basic.9y,unknown,no,no,telephone,may,mon,484,3,999,0,nonexistent,1.1,93.994,-36.4,4.857,5191.0,no
52,management,married,university.degree,unknown,no,no,telephone,may,mon,467,5,999,0,nonexistent,1.1,93.994,-36.4,4.857,5191.0,no
39,technician,married,university.degree,no,yes,no,telephone,may,mon,241,3,999,0,nonexistent,1.1,93.994,-36.4,4.857,5191.0,no
34,management,single,university.degree,no,no,no,telephone,may,mon,248,2,999,0,nonexistent,1.1,93.994,-36.4,4.857,5191.0,no
47,services,divorced,high.school,no,no,no,telephone,may,mon,198,3,999,0,nonexistent,1.1,93.994,-36.4,4.857,5191.0,no
33,admin.,married,high.school,no,yes,yes,telephone,may,mon,115,4,999,0,nonexistent,1.1,93.994,-36.4,4.857,5191.0,no
31,services,single,high.school,no,unknown,unknown,telephone,may,mon,456,6,999,0,nonexistent,1.1,93.994,-36.4,4.857,5191.0,no
36,blue-collar,married,basic.6y,unknown,yes,no,telephone,may,mon,145,4,999,0,nonexistent,1.1,93.994,-36.4,4.857,5191.0,no
39,blue-collar,married,basic.9y,no,no,no,telephone,may,mon,299,5,999,0,nonexistent,1.1,93.994,-36.4,4.857,5191.0,no
31,blue-collar,single,high.school,unknown,yes,no,telephone,may,mon,93,4,999,0,nonexistent,1.1,93.994,-36.4,4.857,5191.0,no
50,blue-collar,married,basic.4y,unknown,yes,no,telephone,may,mon,22,5,999,0,nonexistent,1.1,93.994,-36.4,4.857,5191.0,no
47,blue-collar,married,basic.4y,no,unknown,unknown,telephone,may,mon,170,8,999,0,nonexistent,1.1,93.994,-36.4,4.857,5191.0,no
37,admin.,married,unknown,no,no,no,telephone,may,mon,89,3,999,0,nonexistent,1.1,93.994,-36.4,4.857,5191.0,no
37,admin.,married,high.school,no,yes,no,telephone,may,mon,166,4,999,0,nonexistent,1.1,93.994,-36.4,4.857,5191.0,no
56,admin.,married,high.school,no,yes,yes,telephone,may,mon,197,3,999,0,nonexistent,1.1,93.994,-36.4,4.857,5191.0,no
36,services,married,high.school,unknown,yes,no,telephone,may,mon,395,3,999,0,nonexistent,1.1,93.994,-36.4,4.857,5191.0,no
51,technician,married,professional.course,no,yes,no,telephone,may,mon,220,2,999,0,nonexistent,1.1,93.994,-36.4,4.857,5191.0,no
54,technician,married,university.degree,unknown,no,yes,telephone,may,mon,123,7,999,0,nonexistent,1.1,93.994,-36.4,4.857,5191.0,no
41,blue-collar,married,basic.4y,unknown,no,no,telephone,may,mon,334,7,999,0,nonexistent,1.1,93.994,-36.4,4.857,5191.0,no
44,blue-collar,married,high.school,unknown,yes,no,telephone,may,mon,73,3,999,0,nonexistent,1.1,93.994,-36.4,4.857,5191.0,no
41,admin.,single,university.degree,unknown,yes,yes,telephone,may,mon,186,6,999,0,nonexistent,1.1,93.994,-36.4,4.857,5191.0,no
57,services,divorced,high.school,no,no,no,telephone,may,mon,78,3,999,0,nonexistent,1.1,93.994,-36.4,4.857,5191.0,no
44,blue-collar,married,high.school,no,no,no,telephone,may,mon,13,5,999,0,nonexistent,1.1,93.994,-36.4,4.857,5191.0,no
46,admin.,divorced,university.degree,unknown,no,no,telephone,may,mon,303,3,999,0,nonexistent,1.1,93.994,-36.4,4.857,5191.0,no
35,services,married,high.school,no,no,no,telephone,may,mon,159,3,999,0,nonexistent,1.1,93.994,-36.4,4.857,5191.0,no
54,unknown,married,unknown,unknown,no,no,telephone,may,mon,103,8,999,0,nonexistent,1.1,93.994,-36.4,4.857,5191.0,no
37,technician,married,basic.9y,unknown,yes,no,telephone,may,mon,46,3,999,0,nonexistent,1.1,93.994,-36.4,4.857,5191.0,no
52,housemaid,married,basic.4y,unknown,yes,no,telephone,may,mon,84,3,999,0,nonexistent,1.1,93.994,-36.4,4.857,5191.0,no
41,admin.,married,basic.9y,unknown,yes,no,telephone,may,mon,344,3,999,0,nonexistent,1.1,93.994,-36.4,4.857,5191.0,no
31,technician,married,professional.course,no,no,no,telephone,may,mon,157,5,999,0,nonexistent,1.1,93.994,-36.4,4.857,5191.0,no
40,blue-collar,divorced,basic.6y,no,no,no,telephone,may,mon,162,4,999,0,nonexistent,1.1,93.994,-36.4,4.857,5191.0,no
45,entrepreneur,married,basic.9y,no,no,no,telephone,may,mon,249,4,999,0,nonexistent,1.1,93.994,-36.4,4.857,5191.0,no
47,management,married,university.degree,no,no,no,telephone,may,mon,24,12,999,0,nonexistent,1.1,93.994,-36.4,4.857,5191.0,no
39,admin.,married,high.school,no,unknown,unknown,telephone,may,mon,185,4,999,0,nonexistent,1.1,93.994,-36.4,4.857,5191.0,no
45,admin.,divorced,university.degree,unknown,yes,no,telephone,may,mon,212,5,999,0,nonexistent,1.1,93.994,-36.4,4.857,5191.0,no
26,admin.,single,high.school,no,yes,no,telephone,may,mon,195,2,999,0,nonexistent,1.1,93.994,-36.4,4.857,5191.0,no
33,blue-collar,married,basic.9y,no,no,no,telephone,may,mon,68,2,999,0,nonexistent,1.1,93.994,-36.4,4.857,5191.0,no
38,management,married,university.degree,no,yes,no,telephone,may,mon,274,6,999,0,nonexistent,1.1,93.994,-36.4,4.857,5191.0,no
50,blue-collar,married,basic.4y,unknown,yes,no,telephone,may,mon,152,5,999,0,nonexistent,1.1,93.994,-36.4,4.857,5191.0,no
37,blue-collar,single,high.school,no,no,no,telephone,may,mon,325,4,999,0,nonexistent,1.1,93.994,-36.4,4.857,5191.0,no
39,blue-collar,married,basic.9y,no,no,no,telephone,may,mon,249,4,999,0,nonexistent,1.1,93.994,-36.4,4.857,5191.0,no
36,admin.,single,high.school,no,yes,yes,telephone,may,mon,111,4,999,0,nonexistent,1.1,93.994,-36.4,4.857,5191.0,no
31,blue-collar,married,basic.9y,no,yes,no,telephone,may,mon,181,4,999,0,nonexistent,1.1,93.994,-36.4,4.857,5191.0,no
31,unemployed,single,professional.course,no,no,no,telephone,may,tue,92,2,999,0,nonexistent,1.1,93.994,-36.4,4.856,5191.0,no
32,blue-collar,married,basic.9y,no,no,no,telephone,may,tue,85,2,999,0,nonexistent,1.1,93.994,-36.4,4.856,5191.0,no
39,blue-collar,divorced,basic.9y,no,yes,no,telephone,may,tue,182,6,999,0,nonexistent,1.1,93.994,-36.4,4.856,5191.0,no
25,services,married,high.school,no,yes,no,telephone,may,tue,530,7,999,0,nonexistent,1.1,93.994,-36.4,4.856,5191.0,no
40,housemaid,single,university.degree,no,no,no,telephone,may,tue,160,3,999,0,nonexistent,1.1,93.994,-36.4,4.856,5191.0,no
28,services,married,high.school,no,yes,no,telephone,may,tue,176,4,999,0,nonexistent,1.1,93.994,-36.4,4.856,5191.0,no
29,management,married,university.degree,no,no,no,telephone,may,tue,134,2,999,0,nonexistent,1.1,93.994,-36.4,4.856,5191.0,no
57,blue-collar,married,professional.course,unknown,unknown,unknown,telephone,may,tue,514,5,999,0,nonexistent,1.1,93.994,-36.4,4.856,5191.0,no
53,blue-collar,married,basic.9y,unknown,no,no,telephone,may,tue,181,5,999,0,nonexistent,1.1,93.994,-36.4,4.856,5191.0,no
39,blue-collar,married,basic.9y,unknown,no,no,telephone,may,tue,504,4,999,0,nonexistent,1.1,93.994,-36.4,4.856,5191.0,yes
60,technician,divorced,professional.course,unknown,yes,no,telephone,may,tue,160,3,999,0,nonexistent,1.1,93.994,-36.4,4.856,5191.0,no
42,blue-collar,married,basic.4y,unknown,no,no,telephone,may,tue,267,3,999,0,nonexistent,1.1,93.994,-36.4,4.856,5191.0,no
30,admin.,married,university.degree,no,yes,no,telephone,may,tue,907,2,999,0,nonexistent,1.1,93.994,-36.4,4.856,5191.0,no
34,technician,married,university.degree,no,no,no,telephone,may,tue,200,1,999,0,nonexistent,1.1,93.994,-36.4,4.856,5191.0,no
43,technician,single,professional.course,no,no,no,telephone,may,tue,139,1,999,0,nonexistent,1.1,93.994,-36.4,4.856,5191.0,no
38,blue-collar,married,basic.6y,no,yes,no,telephone,may,tue,147,1,999,0,nonexistent,1.1,93.994,-36.4,4.856,5191.0,no
35,admin.,single,university.degree,no,yes,no,telephone,may,tue,153,1,999,0,nonexistent,1.1,93.994,-36.4,4.856,5191.0,no
26,admin.,single,high.school,no,no,no,telephone,may,tue,109,1,999,0,nonexistent,1.1,93.994,-36.4,4.856,5191.0,no
55,unemployed,married,basic.4y,unknown,yes,no,telephone,may,tue,164,1,999,0,nonexistent,1.1,93.994,-36.4,4.856,5191.0,no
48,blue-collar,married,basic.9y,no,yes,no,telephone,may,tue,723,1,999,0,nonexistent,1.1,93.994,-36.4,4.856,5191.0,no
37,services,married,basic.9y,no,yes,no,telephone,may,tue,518,1,999,0,nonexistent,1.1,93.994,-36.4,4.856,5191.0,no
35,blue-collar,married,basic.6y,unknown,no,no,telephone,may,tue,147,1,999,0,nonexistent,1.1,93.994,-36.4,4.856,5191.0,no
30,admin.,single,high.school,no,yes,yes,telephone,may,tue,101,1,999,0,nonexistent,1.1,93.994,-36.4,4.856,5191.0,no
30,admin.,single,high.school,no,no,no,telephone,may,tue,142,1,999,0,nonexistent,1.1,93.994,-36.4,4.856,5191.0,no
53,admin.,married,high.school,no,yes,no,telephone,may,tue,520,1,999,0,nonexistent,1.1,93.994,-36.4,4.856,5191.0,no
51,unemployed,married,basic.9y,unknown,yes,no,telephone,may,tue,66,1,999,0,nonexistent,1.1,93.994,-36.4,4.856,5191.0,no
43,admin.,married,high.school,no,yes,no,telephone,may,tue,135,3,999,0,nonexistent,1.1,93.994,-36.4,4.856,5191.0,no
54,retired,divorced,basic.4y,no,yes,no,telephone,may,tue,276,2,999,0,nonexistent,1.1,93.994,-36.4,4.856,5191.0,no
45,services,single,professional.course,unknown,no,no,telephone,may,tue,449,1,999,0,nonexistent,1.1,93.994,-36.4,4.856,5191.0,no
46,management,single,university.degree,no,no,no,telephone,may,tue,98,1,999,0,nonexistent,1.1,93.994,-36.4,4.856,5191.0,no
34,admin.,divorced,university.degree,no,no,no,telephone,may,tue,382,2,999,0,nonexistent,1.1,93.994,-36.4,4.856,5191.0,no
48,admin.,married,high.school,no,yes,no,telephone,may,tue,116,1,999,0,nonexistent,1.1,93.994,-36.4,4.856,5191.0,no
37,unknown,married,university.degree,no,no,yes,telephone,may,tue,249,3,999,0,nonexistent,1.1,93.994,-36.4,4.856,5191.0,no
33,self-employed,married,university.degree,no,yes,no,telephone,may,tue,50,1,999,0,nonexistent,1.1,93.994,-36.4,4.856,5191.0,no
36,admin.,single,university.degree,no,no,yes,telephone,may,tue,138,1,999,0,nonexistent,1.1,93.994,-36.4,4.856,5191.0,no
48,unknown,married,basic.4y,unknown,no,no,telephone,may,tue,375,1,999,0,nonexistent,1.1,93.994,-36.4,4.856,5191.0,no
30,admin.,single,university.degree,no,yes,no,telephone,may,tue,178,2,999,0,nonexistent,1.1,93.994,-36.4,4.856,5191.0,no
31,management,single,university.degree,no,no,no,telephone,may,tue,169,1,999,0,nonexistent,1.1,93.994,-36.4,4.856,5191.0,no
51,unemployed,married,basic.9y,unknown,no,no,telephone,may,tue,1386,1,999,0,nonexistent,1.1,93.994,-36.4,4.856,5191.0,no
26,admin.,married,high.school,unknown,no,no,telephone,may,tue,155,1,999,0,nonexistent,1.1,93.994,-36.4,4.856,5191.0,no
40,blue-collar,married,basic.6y,unknown,no,no,telephone,may,tue,120,1,999,0,nonexistent,1.1,93.994,-36.4,4.856,5191.0,no
40,blue-collar,married,basic.6y,unknown,yes,no,telephone,may,tue,203,1,999,0,nonexistent,1.1,93.994,-36.4,4.856,5191.0,no
51,blue-collar,divorced,basic.4y,no,no,no,telephone,may,tue,244,1,999,0,nonexistent,1.1,93.994,-36.4,4.856,5191.0,no
30,blue-collar,single,basic.9y,no,yes,no,telephone,may,tue,428,1,999,0,nonexistent,1.1,93.994,-36.4,4.856,5191.0,no
34,entrepreneur,married,professional.course,no,yes,no,telephone,may,tue,53,1,999,0,nonexistent,1.1,93.994,-36.4,4.856,5191.0,no
57,blue-collar,married,basic.4y,unknown,no,yes,telephone,may,tue,500,2,999,0,nonexistent,1.1,93.994,-36.4,4.856,5191.0,no
33,technician,divorced,high.school,no,no,no,telephone,may,tue,207,1,999,0,nonexistent,1.1,93.994,-36.4,4.856,5191.0,no
22,blue-collar,single,basic.6y,unknown,unknown,unknown,telephone,may,tue,270,1,999,0,nonexistent,1.1,93.994,-36.4,4.856,5191.0,no
38,admin.,married,university.degree,no,unknown,unknown,telephone,may,tue,154,1,999,0,nonexistent,1.1,93.994,-36.4,4.856,5191.0,no
56,technician,married,basic.4y,unknown,unknown,unknown,telephone,may,tue,272,1,999,0,nonexistent,1.1,93.994,-36.4,4.856,5191.0,no
45,services,married,high.school,no,no,no,telephone,may,tue,229,1,999,0,nonexistent,1.1,93.994,-36.4,4.856,5191.0,no
50,technician,married,professional.course,no,no,no,telephone,may,tue,108,1,999,0,nonexistent,1.1,93.994,-36.4,4.856,5191.0,no
28,admin.,married,university.degree,no,yes,no,telephone,may,tue,210,1,999,0,nonexistent,1.1,93.994,-36.4,4.856,5191.0,no
53,technician,married,professional.course,unknown,yes,no,telephone,may,tue,383,1,999,0,nonexistent,1.1,93.994,-36.4,4.856,5191.0,no
39,self-employed,married,basic.4y,unknown,yes,no,telephone,may,tue,3366,3,999,0,nonexistent,1.1,93.994,-36.4,4.856,5191.0,no
33,technician,divorced,professional.course,no,no,no,telephone,may,tue,259,6,999,0,nonexistent,1.1,93.994,-36.4,4.856,5191.0,no
35,admin.,single,high.school,no,yes,yes,telephone,may,tue,618,1,999,0,nonexistent,1.1,93.994,-36.4,4.856,5191.0,yes
28,blue-collar,married,basic.9y,unknown,no,no,telephone,may,tue,237,1,999,0,nonexistent,1.1,93.994,-36.4,4.856,5191.0,no
30,technician,single,university.degree,unknown,no,no,telephone,may,tue,106,1,999,0,nonexistent,1.1,93.994,-36.4,4.856,5191.0,no
37,admin.,single,university.degree,no,no,no,telephone,may,tue,351,1,999,0,nonexistent,1.1,93.994,-36.4,4.856,5191.0,no
42,housemaid,married,high.school,unknown,yes,no,telephone,may,tue,218,1,999,0,nonexistent,1.1,93.994,-36.4,4.856,5191.0,no
48,admin.,divorced,high.school,no,no,yes,telephone,may,tue,284,2,999,0,nonexistent,1.1,93.994,-36.4,4.856,5191.0,no
41,technician,married,professional.course,unknown,yes,no,telephone,may,tue,190,1,999,0,nonexistent,1.1,93.994,-36.4,4.856,5191.0,no
26,blue-collar,married,basic.9y,no,no,no,telephone,may,tue,295,1,999,0,nonexistent,1.1,93.994,-36.4,4.856,5191.0,no
26,blue-collar,single,high.school,unknown,no,no,telephone,may,tue,106,1,999,0,nonexistent,1.1,93.994,-36.4,4.856,5191.0,no
47,blue-collar,married,basic.4y,unknown,no,yes,telephone,may,tue,93,1,999,0,nonexistent,1.1,93.994,-36.4,4.856,5191.0,no
58,retired,married,unknown,no,unknown,unknown,telephone,may,tue,174,1,999,0,nonexistent,1.1,93.994,-36.4,4.856,5191.0,no
58,retired,married,unknown,no,unknown,unknown,telephone,may,tue,124,1,999,0,nonexistent,1.1,93.994,-36.4,4.856,5191.0,no
54,management,divorced,university.degree,no,yes,no,telephone,may,tue,62,3,999,0,nonexistent,1.1,93.994,-36.4,4.856,5191.0,no
38,blue-collar,single,basic.9y,no,yes,no,telephone,may,tue,2231,1,999,0,nonexistent,1.1,93.994,-36.4,4.856,5191.0,yes
40,technician,divorced,university.degree,no,yes,no,telephone,may,tue,217,1,999,0,nonexistent,1.1,93.994,-36.4,4.856,5191.0,no
35,admin.,married,university.degree,no,yes,no,telephone,may,tue,343,1,999,0,nonexistent,1.1,93.994,-36.4,4.856,5191.0,no
35,blue-collar,married,basic.9y,no,no,no,telephone,may,tue,227,4,999,0,nonexistent,1.1,93.994,-36.4,4.856,5191.0,no
34,admin.,married,professional.course,no,yes,no,telephone,may,tue,248,2,999,0,nonexistent,1.1,93.994,-36.4,4.856,5191.0,no
28,technician,married,high.school,no,no,no,telephone,may,tue,180,1,999,0,nonexistent,1.1,93.994,-36.4,4.856,5191.0,no
36,services,single,basic.9y,no,yes,yes,telephone,may,tue,117,1,999,0,nonexistent,1.1,93.994,-36.4,4.856,5191.0,no
42,admin.,single,high.school,no,no,no,telephone,may,tue,205,1,999,0,nonexistent,1.1,93.994,-36.4,4.856,5191.0,no
37,technician,single,university.degree,no,yes,no,telephone,may,tue,370,1,999,0,nonexistent,1.1,93.994,-36.4,4.856,5191.0,no
45,services,married,basic.9y,no,no,no,telephone,may,tue,427,1,999,0,nonexistent,1.1,93.994,-36.4,4.856,5191.0,no
48,self-employed,married,basic.9y,unknown,yes,no,telephone,may,tue,289,2,999,0,nonexistent,1.1,93.994,-36.4,4.856,5191.0,no
53,technician,married,professional.course,unknown,yes,no,telephone,may,tue,170,1,999,0,nonexistent,1.1,93.994,-36.4,4.856,5191.0,no
42,technician,married,basic.6y,no,yes,no,telephone,may,tue,705,1,999,0,nonexistent,1.1,93.994,-36.4,4.856,5191.0,no
53,technician,married,professional.course,unknown,yes,no,telephone,may,tue,198,1,999,0,nonexistent,1.1,93.994,-36.4,4.856,5191.0,no
53,technician,married,professional.course,unknown,yes,yes,telephone,may,tue,247,1,999,0,nonexistent,1.1,93.994,-36.4,4.856,5191.0,no
33,blue-collar,divorced,basic.6y,unknown,yes,no,telephone,may,tue,226,1,999,0,nonexistent,1.1,93.994,-36.4,4.856,5191.0,no
30,unknown,single,university.degree,no,no,no,telephone,may,tue,213,1,999,0,nonexistent,1.1,93.994,-36.4,4.856,5191.0,no
34,admin.,married,university.degree,no,no,no,telephone,may,tue,373,1,999,0,nonexistent,1.1,93.994,-36.4,4.856,5191.0,no
49,services,divorced,basic.9y,no,yes,no,telephone,may,tue,259,1,999,0,nonexistent,1.1,93.994,-36.4,4.856,5191.0,no
48,technician,married,high.school,no,no,yes,telephone,may,tue,340,1,999,0,nonexistent,1.1,93.994,-36.4,4.856,5191.0,no
38,blue-collar,single,university.degree,unknown,no,no,telephone,may,tue,392,1,999,0,nonexistent,1.1,93.994,-36.4,4.856,5191.0,no
44,technician,married,professional.course,unknown,yes,no,telephone,may,tue,245,1,999,0,nonexistent,1.1,93.994,-36.4,4.856,5191.0,no
36,blue-collar,married,basic.9y,unknown,no,yes,telephone,may,tue,136,1,999,0,nonexistent,1.1,93.994,-36.4,4.856,5191.0,no
50,self-employed,married,university.degree,no,yes,yes,telephone,may,tue,137,1,999,0,nonexistent,1.1,93.994,-36.4,4.856,5191.0,no
38,blue-collar,single,university.degree,unknown,no,no,telephone,may,tue,456,1,999,0,nonexistent,1.1,93.994,-36.4,4.856,5191.0,no
41,technician,married,professional.course,no,yes,no,telephone,may,tue,107,1,999,0,nonexistent,1.1,93.994,-36.4,4.856,5191.0,no
45,blue-collar,married,basic.4y,no,no,no,telephone,may,tue,44,1,999,0,nonexistent,1.1,93.994,-36.4,4.856,5191.0,no
53,admin.,married,university.degree,no,yes,no,telephone,may,tue,118,1,999,0,nonexistent,1.1,93.994,-36.4,4.856,5191.0,no
45,services,married,high.school,no,yes,no,telephone,may,tue,276,1,999,0,nonexistent,1.1,93.994,-36.4,4.856,5191.0,no
37,blue-collar,married,professional.course,no,no,yes,telephone,may,tue,118,1,999,0,nonexistent,1.1,93.994,-36.4,4.856,5191.0,no
25,technician,single,university.degree,no,yes,no,telephone,may,tue,38,1,999,0,nonexistent,1.1,93.994,-36.4,4.856,5191.0,no
35,admin.,divorced,university.degree,no,no,yes,telephone,may,tue,232,3,999,0,nonexistent,1.1,93.994,-36.4,4.856,5191.0,no
34,admin.,married,university.degree,no,no,no,telephone,may,tue,1167,1,999,0,nonexistent,1.1,93.994,-36.4,4.856,5191.0,no
32,unknown,married,basic.6y,unknown,no,no,telephone,may,tue,39,2,999,0,nonexistent,1.1,93.994,-36.4,4.856,5191.0,no
32,admin.,divorced,high.school,no,no,no,telephone,may,tue,325,1,999,0,nonexistent,1.1,93.994,-36.4,4.856,5191.0,no
39,self-employed,single,university.degree,no,no,no,telephone,may,tue,311,1,999,0,nonexistent,1.1,93.994,-36.4,4.856,5191.0,no
36,admin.,married,high.school,no,no,yes,telephone,may,tue,147,1,999,0,nonexistent,1.1,93.994,-36.4,4.856,5191.0,no
46,entrepreneur,married,university.degree,no,yes,no,telephone,may,tue,125,1,999,0,nonexistent,1.1,93.994,-36.4,4.856,5191.0,no
56,entrepreneur,married,university.degree,no,no,no,telephone,may,tue,98,1,999,0,nonexistent,1.1,93.994,-36.4,4.856,5191.0,no
37,technician,single,basic.9y,unknown,no,no,telephone,may,tue,83,1,999,0,nonexistent,1.1,93.994,-36.4,4.856,5191.0,no
52,services,married,unknown,unknown,no,no,telephone,may,tue,77,1,999,0,nonexistent,1.1,93.994,-36.4,4.856,5191.0,no
39,services,married,unknown,unknown,no,no,telephone,may,tue,191,1,999,0,nonexistent,1.1,93.994,-36.4,4.856,5191.0,no
51,technician,married,professional.course,unknown,no,no,telephone,may,tue,20,1,999,0,nonexistent,1.1,93.994,-36.4,4.856,5191.0,no
42,technician,single,unknown,no,no,no,telephone,may,tue,27,1,999,0,nonexistent,1.1,93.994,-36.4,4.856,5191.0,no
28,blue-collar,married,basic.9y,no,yes,no,telephone,may,tue,260,3,999,0,nonexistent,1.1,93.994,-36.4,4.856,5191.0,no
43,self-employed,single,professional.course,unknown,yes,yes,telephone,may,tue,94,1,999,0,nonexistent,1.1,93.994,-36.4,4.856,5191.0,no
41,technician,single,professional.course,no,yes,no,telephone,may,tue,122,1,999,0,nonexistent,1.1,93.994,-36.4,4.856,5191.0,no
54,technician,married,professional.course,no,no,yes,telephone,may,tue,334,1,999,0,nonexistent,1.1,93.994,-36.4,4.856,5191.0,no
53,blue-collar,married,basic.9y,no,yes,no,telephone,may,tue,609,2,999,0,nonexistent,1.1,93.994,-36.4,4.856,5191.0,no
47,admin.,married,university.degree,unknown,no,no,telephone,may,tue,262,1,999,0,nonexistent,1.1,93.994,-36.4,4.856,5191.0,no
39,blue-collar,married,basic.9y,no,no,no,telephone,may,tue,302,1,999,0,nonexistent,1.1,93.994,-36.4,4.856,5191.0,no
35,services,divorced,professional.course,unknown,no,no,telephone,may,tue,806,1,999,0,nonexistent,1.1,93.994,-36.4,4.856,5191.0,no
56,admin.,divorced,unknown,unknown,yes,yes,telephone,may,tue,31,1,999,0,nonexistent,1.1,93.994,-36.4,4.856,5191.0,no
36,admin.,married,high.school,unknown,no,no,telephone,may,tue,21,1,999,0,nonexistent,1.1,93.994,-36.4,4.856,5191.0,no
45,blue-collar,married,basic.4y,unknown,yes,no,telephone,may,tue,334,2,999,0,nonexistent,1.1,93.994,-36.4,4.856,5191.0,no
38,technician,single,university.degree,no,yes,yes,telephone,may,tue,156,1,999,0,nonexistent,1.1,93.994,-36.4,4.856,5191.0,no
41,technician,married,professional.course,no,no,no,telephone,may,tue,92,1,999,0,nonexistent,1.1,93.994,-36.4,4.856,5191.0,no
37,blue-collar,married,professional.course,unknown,no,no,telephone,may,tue,128,2,999,0,nonexistent,1.1,93.994,-36.4,4.856,5191.0,no
45,admin.,single,university.degree,no,no,yes,telephone,may,tue,766,1,999,0,nonexistent,1.1,93.994,-36.4,4.856,5191.0,no
48,services,married,high.school,unknown,no,no,telephone,may,tue,162,1,999,0,nonexistent,1.1,93.994,-36.4,4.856,5191.0,no
29,admin.,single,basic.9y,unknown,no,no,telephone,may,tue,255,5,999,0,nonexistent,1.1,93.994,-36.4,4.856,5191.0,no
40,blue-collar,married,high.school,no,no,no,telephone,may,tue,110,1,999,0,nonexistent,1.1,93.994,-36.4,4.856,5191.0,no
38,blue-collar,single,university.degree,unknown,yes,no,telephone,may,tue,395,2,999,0,nonexistent,1.1,93.994,-36.4,4.856,5191.0,yes
42,blue-collar,married,basic.4y,no,no,no,telephone,may,tue,135,1,999,0,nonexistent,1.1,93.994,-36.4,4.856,5191.0,no
32,blue-collar,married,basic.9y,no,no,no,telephone,may,tue,102,4,999,0,nonexistent,1.1,93.994,-36.4,4.856,5191.0,no
56,admin.,married,unknown,unknown,yes,no,telephone,may,tue,705,1,999,0,nonexistent,1.1,93.994,-36.4,4.856,5191.0,no
54,services,married,unknown,no,no,no,telephone,may,tue,192,1,999,0,nonexistent,1.1,93.994,-36.4,4.856,5191.0,no
60,retired,married,basic.4y,unknown,no,no,telephone,may,tue,188,2,999,0,nonexistent,1.1,93.994,-36.4,4.856,5191.0,no
47,admin.,married,high.school,unknown,yes,no,telephone,may,tue,139,1,999,0,nonexistent,1.1,93.994,-36.4,4.856,5191.0,no
46,blue-collar,married,unknown,unknown,no,no,telephone,may,tue,131,1,999,0,nonexistent,1.1,93.994,-36.4,4.856,5191.0,no
55,blue-collar,married,basic.4y,unknown,yes,yes,telephone,may,tue,266,2,999,0,nonexistent,1.1,93.994,-36.4,4.856,5191.0,no
37,services,married,high.school,no,yes,no,telephone,may,tue,76,1,999,0,nonexistent,1.1,93.994,-36.4,4.856,5191.0,no
38,technician,single,university.degree,no,no,no,telephone,may,tue,1015,1,999,0,nonexistent,1.1,93.994,-36.4,4.856,5191.0,yes
45,technician,married,university.degree,unknown,yes,no,telephone,may,tue,122,1,999,0,nonexistent,1.1,93.994,-36.4,4.856,5191.0,no
32,blue-collar,married,basic.6y,no,no,yes,telephone,may,tue,60,1,999,0,nonexistent,1.1,93.994,-36.4,4.856,5191.0,no
37,blue-collar,married,professional.course,unknown,yes,yes,telephone,may,tue,111,3,999,0,nonexistent,1.1,93.994,-36.4,4.856,5191.0,no
36,blue-collar,married,high.school,no,no,yes,telephone,may,tue,100,1,999,0,nonexistent,1.1,93.994,-36.4,4.856,5191.0,no
51,admin.,single,basic.6y,no,no,no,telephone,may,tue,470,1,999,0,nonexistent,1.1,93.994,-36.4,4.856,5191.0,yes
48,blue-collar,divorced,basic.4y,unknown,no,no,telephone,may,tue,106,1,999,0,nonexistent,1.1,93.994,-36.4,4.856,5191.0,no
47,services,married,high.school,unknown,no,no,telephone,may,tue,127,2,999,0,nonexistent,1.1,93.994,-36.4,4.856,5191.0,no
41,blue-collar,married,basic.4y,unknown,yes,no,telephone,may,tue,320,1,999,0,nonexistent,1.1,93.994,-36.4,4.856,5191.0,no
53,retired,single,professional.course,unknown,yes,no,telephone,may,tue,145,1,999,0,nonexistent,1.1,93.994,-36.4,4.856,5191.0,no
55,retired,married,basic.4y,unknown,yes,no,telephone,may,tue,129,1,999,0,nonexistent,1.1,93.994,-36.4,4.856,5191.0,no
44,management,married,university.degree,unknown,no,no,telephone,may,tue,730,1,999,0,nonexistent,1.1,93.994,-36.4,4.856,5191.0,no
50,services,married,unknown,unknown,no,no,telephone,may,tue,521,1,999,0,nonexistent,1.1,93.994,-36.4,4.856,5191.0,no
34,blue-collar,married,basic.9y,no,no,no,telephone,may,tue,95,3,999,0,nonexistent,1.1,93.994,-36.4,4.856,5191.0,no
38,entrepreneur,married,basic.9y,no,no,no,telephone,may,tue,120,1,999,0,nonexistent,1.1,93.994,-36.4,4.856,5191.0,no
42,unemployed,single,university.degree,no,no,no,telephone,may,tue,349,1,999,0,nonexistent,1.1,93.994,-36.4,4.856,5191.0,no
57,retired,married,university.degree,no,yes,no,telephone,may,tue,768,1,999,0,nonexistent,1.1,93.994,-36.4,4.856,5191.0,no
58,blue-collar,divorced,basic.4y,no,yes,no,telephone,may,tue,277,1,999,0,nonexistent,1.1,93.994,-36.4,4.856,5191.0,no
48,management,married,university.degree,unknown,yes,no,telephone,may,tue,289,1,999,0,nonexistent,1.1,93.994,-36.4,4.856,5191.0,no
32,admin.,divorced,high.school,no,no,no,telephone,may,tue,473,1,999,0,nonexistent,1.1,93.994,-36.4,4.856,5191.0,no
55,retired,married,basic.6y,unknown,no,no,telephone,may,tue,129,1,999,0,nonexistent,1.1,93.994,-36.4,4.856,5191.0,no
47,blue-collar,married,basic.4y,no,yes,yes,telephone,may,tue,386,2,999,0,nonexistent,1.1,93.994,-36.4,4.856,5191.0,no
33,self-employed,divorced,basic.9y,no,yes,no,telephone,may,tue,355,1,999,0,nonexistent,1.1,93.994,-36.4,4.856,5191.0,no
27,admin.,single,university.degree,no,yes,yes,telephone,may,tue,194,2,999,0,nonexistent,1.1,93.994,-36.4,4.856,5191.0,no
45,technician,married,university.degree,no,yes,yes,telephone,may,tue,845,1,999,0,nonexistent,1.1,93.994,-36.4,4.856,5191.0,yes
34,management,divorced,university.degree,no,yes,no,telephone,may,tue,208,1,999,0,nonexistent,1.1,93.994,-36.4,4.856,5191.0,no
38,blue-collar,married,basic.4y,unknown,yes,no,telephone,may,tue,173,1,999,0,nonexistent,1.1,93.994,-36.4,4.856,5191.0,no
45,technician,single,professional.course,no,no,no,telephone,may,tue,113,2,999,0,nonexistent,1.1,93.994,-36.4,4.856,5191.0,no
54,blue-collar,married,basic.4y,unknown,no,no,telephone,may,tue,853,1,999,0,nonexistent,1.1,93.994,-36.4,4.856,5191.0,no
48,blue-collar,married,unknown,unknown,no,no,telephone,may,tue,124,2,999,0,nonexistent,1.1,93.994,-36.4,4.856,5191.0,no
28,admin.,married,university.degree,no,unknown,unknown,telephone,may,tue,203,2,999,0,nonexistent,1.1,93.994,-36.4,4.856,5191.0,no
60,retired,married,university.degree,unknown,unknown,unknown,telephone,may,tue,81,1,999,0,nonexistent,1.1,93.994,-36.4,4.856,5191.0,no
40,self-employed,married,professional.course,no,no,no,telephone,may,tue,119,1,999,0,nonexistent,1.1,93.994,-36.4,4.856,5191.0,no
58,unknown,married,basic.4y,no,no,yes,telephone,may,tue,295,3,999,0,nonexistent,1.1,93.994,-36.4,4.856,5191.0,no
36,blue-collar,married,basic.9y,unknown,no,no,telephone,may,tue,296,1,999,0,nonexistent,1.1,93.994,-36.4,4.856,5191.0,no
42,admin.,married,basic.6y,no,no,no,telephone,may,tue,60,2,999,0,nonexistent,1.1,93.994,-36.4,4.856,5191.0,no
35,student,single,university.degree,unknown,no,no,telephone,may,tue,443,1,999,0,nonexistent,1.1,93.994,-36.4,4.856,5191.0,no
37,blue-collar,married,high.school,no,yes,no,telephone,may,tue,262,2,999,0,nonexistent,1.1,93.994,-36.4,4.856,5191.0,no
39,blue-collar,married,basic.9y,unknown,yes,yes,telephone,may,tue,358,2,999,0,nonexistent,1.1,93.994,-36.4,4.856,5191.0,no
46,blue-collar,married,basic.9y,unknown,no,no,telephone,may,tue,565,2,999,0,nonexistent,1.1,93.994,-36.4,4.856,5191.0,no
36,admin.,married,high.school,no,no,no,telephone,may,tue,753,6,999,0,nonexistent,1.1,93.994,-36.4,4.856,5191.0,yes
35,technician,married,professional.course,no,no,no,telephone,may,tue,103,3,999,0,nonexistent,1.1,93.994,-36.4,4.856,5191.0,no
51,blue-collar,married,basic.4y,unknown,no,no,telephone,may,tue,708,2,999,0,nonexistent,1.1,93.994,-36.4,4.856,5191.0,no
40,blue-collar,divorced,basic.9y,unknown,yes,yes,telephone,may,tue,265,1,999,0,nonexistent,1.1,93.994,-36.4,4.856,5191.0,no
42,admin.,divorced,university.degree,no,no,no,telephone,may,tue,434,2,999,0,nonexistent,1.1,93.994,-36.4,4.856,5191.0,no
25,admin.,single,university.degree,no,no,no,telephone,may,tue,59,1,999,0,nonexistent,1.1,93.994,-36.4,4.856,5191.0,no
46,blue-collar,married,basic.6y,unknown,yes,no,telephone,may,tue,305,1,999,0,nonexistent,1.1,93.994,-36.4,4.856,5191.0,no
42,admin.,married,basic.6y,no,no,no,telephone,may,tue,155,2,999,0,nonexistent,1.1,93.994,-36.4,4.856,5191.0,no
30,management,single,university.degree,no,yes,no,telephone,may,tue,211,3,999,0,nonexistent,1.1,93.994,-36.4,4.856,5191.0,no
48,admin.,divorced,high.school,no,no,no,telephone,may,tue,31,2,999,0,nonexistent,1.1,93.994,-36.4,4.856,5191.0,no
45,management,married,unknown,unknown,yes,no,telephone,may,tue,213,5,999,0,nonexistent,1.1,93.994,-36.4,4.856,5191.0,no
58,retired,married,high.school,no,yes,no,telephone,may,tue,104,2,999,0,nonexistent,1.1,93.994,-36.4,4.856,5191.0,no
39,blue-collar,married,basic.9y,unknown,yes,no,telephone,may,tue,342,3,999,0,nonexistent,1.1,93.994,-36.4,4.856,5191.0,no
54,admin.,married,university.degree,no,no,no,telephone,may,tue,172,2,999,0,nonexistent,1.1,93.994,-36.4,4.856,5191.0,no
33,management,single,university.degree,no,yes,yes,telephone,may,tue,160,3,999,0,nonexistent,1.1,93.994,-36.4,4.856,5191.0,no
58,retired,divorced,professional.course,unknown,yes,no,telephone,may,tue,535,2,999,0,nonexistent,1.1,93.994,-36.4,4.856,5191.0,no
33,blue-collar,married,basic.9y,no,no,no,telephone,may,tue,176,3,999,0,nonexistent,1.1,93.994,-36.4,4.856,5191.0,no
40,housemaid,divorced,unknown,no,no,no,telephone,may,tue,20,1,999,0,nonexistent,1.1,93.994,-36.4,4.856,5191.0,no
49,services,married,high.school,no,yes,no,telephone,may,tue,161,1,999,0,nonexistent,1.1,93.994,-36.4,4.856,5191.0,no
50,housemaid,single,unknown,no,yes,no,telephone,may,tue,473,1,999,0,nonexistent,1.1,93.994,-36.4,4.856,5191.0,no
40,blue-collar,single,basic.9y,no,no,no,telephone,may,tue,245,4,999,0,nonexistent,1.1,93.994,-36.4,4.856,5191.0,no
50,services,married,unknown,unknown,no,no,telephone,may,tue,144,1,999,0,nonexistent,1.1,93.994,-36.4,4.856,5191.0,no
30,technician,married,university.degree,unknown,no,no,telephone,may,tue,123,1,999,0,nonexistent,1.1,93.994,-36.4,4.856,5191.0,no
32,admin.,married,university.degree,no,yes,no,telephone,may,tue,93,2,999,0,nonexistent,1.1,93.994,-36.4,4.856,5191.0,no
59,retired,married,basic.4y,unknown,no,no,telephone,may,tue,188,3,999,0,nonexistent,1.1,93.994,-36.4,4.856,5191.0,no
53,technician,married,professional.course,no,no,no,telephone,may,tue,332,1,999,0,nonexistent,1.1,93.994,-36.4,4.856,5191.0,no
43,admin.,divorced,basic.9y,no,unknown,unknown,telephone,may,tue,178,2,999,0,nonexistent,1.1,93.994,-36.4,4.856,5191.0,no
48,self-employed,married,basic.9y,unknown,yes,no,telephone,may,tue,318,2,999,0,nonexistent,1.1,93.994,-36.4,4.856,5191.0,no
47,unknown,divorced,basic.4y,unknown,no,no,telephone,may,tue,94,1,999,0,nonexistent,1.1,93.994,-36.4,4.856,5191.0,no
53,blue-collar,married,basic.9y,unknown,yes,no,telephone,may,tue,139,2,999,0,nonexistent,1.1,93.994,-36.4,4.856,5191.0,no
37,admin.,married,high.school,unknown,no,no,telephone,may,tue,152,1,999,0,nonexistent,1.1,93.994,-36.4,4.856,5191.0,no
26,services,single,high.school,no,yes,no,telephone,may,tue,188,1,999,0,nonexistent,1.1,93.994,-36.4,4.856,5191.0,no
38,technician,single,professional.course,no,yes,no,telephone,may,tue,94,2,999,0,nonexistent,1.1,93.994,-36.4,4.856,5191.0,no
36,admin.,married,university.degree,no,no,no,telephone,may,tue,54,3,999,0,nonexistent,1.1,93.994,-36.4,4.856,5191.0,no
45,admin.,married,basic.9y,no,yes,no,telephone,may,tue,29,1,999,0,nonexistent,1.1,93.994,-36.4,4.856,5191.0,no
36,technician,married,professional.course,no,no,yes,telephone,may,tue,95,1,999,0,nonexistent,1.1,93.994,-36.4,4.856,5191.0,no
31,management,married,university.degree,no,no,no,telephone,may,tue,190,1,999,0,nonexistent,1.1,93.994,-36.4,4.856,5191.0,no
42,technician,single,unknown,no,no,no,telephone,may,tue,162,4,999,0,nonexistent,1.1,93.994,-36.4,4.856,5191.0,no
41,services,married,basic.9y,no,yes,yes,telephone,may,tue,296,1,999,0,nonexistent,1.1,93.994,-36.4,4.856,5191.0,no
27,technician,single,professional.course,no,yes,no,telephone,may,tue,125,1,999,0,nonexistent,1.1,93.994,-36.4,4.856,5191.0,no
35,admin.,single,high.school,no,yes,no,telephone,may,tue,78,3,999,0,nonexistent,1.1,93.994,-36.4,4.856,5191.0,no
49,blue-collar,married,basic.4y,unknown,yes,no,telephone,may,tue,67,2,999,0,nonexistent,1.1,93.994,-36.4,4.856,5191.0,no
45,blue-collar,married,basic.4y,no,unknown,unknown,telephone,may,tue,93,1,999,0,nonexistent,1.1,93.994,-36.4,4.856,5191.0,no
50,technician,married,basic.6y,no,yes,no,telephone,may,tue,119,2,999,0,nonexistent,1.1,93.994,-36.4,4.856,5191.0,no
49,blue-collar,married,basic.9y,no,yes,no,telephone,may,tue,3,1,999,0,nonexistent,1.1,93.994,-36.4,4.856,5191.0,no
27,blue-collar,married,basic.9y,no,yes,no,telephone,may,tue,297,3,999,0,nonexistent,1.1,93.994,-36.4,4.856,5191.0,no
58,retired,married,professional.course,unknown,unknown,unknown,telephone,may,tue,179,1,999,0,nonexistent,1.1,93.994,-36.4,4.856,5191.0,no
39,services,married,high.school,no,no,no,telephone,may,tue,342,2,999,0,nonexistent,1.1,93.994,-36.4,4.856,5191.0,no
41,technician,married,basic.9y,no,yes,no,telephone,may,tue,420,1,999,0,nonexistent,1.1,93.994,-36.4,4.856,5191.0,no
45,services,married,high.school,unknown,yes,no,telephone,may,tue,378,1,999,0,nonexistent,1.1,93.994,-36.4,4.856,5191.0,no
48,blue-collar,married,basic.4y,unknown,yes,no,telephone,may,tue,190,1,999,0,nonexistent,1.1,93.994,-36.4,4.856,5191.0,no
49,blue-collar,married,basic.4y,unknown,no,no,telephone,may,tue,190,1,999,0,nonexistent,1.1,93.994,-36.4,4.856,5191.0,no
33,services,married,high.school,unknown,no,no,telephone,may,tue,131,1,999,0,nonexistent,1.1,93.994,-36.4,4.856,5191.0,no
46,blue-collar,married,basic.4y,unknown,no,no,telephone,may,tue,367,1,999,0,nonexistent,1.1,93.994,-36.4,4.856,5191.0,no
51,retired,married,basic.4y,unknown,yes,yes,telephone,may,tue,394,1,999,0,nonexistent,1.1,93.994,-36.4,4.856,5191.0,no
43,admin.,married,high.school,no,yes,no,telephone,may,tue,91,2,999,0,nonexistent,1.1,93.994,-36.4,4.856,5191.0,no
51,admin.,married,high.school,unknown,no,no,telephone,may,tue,280,1,999,0,nonexistent,1.1,93.994,-36.4,4.856,5191.0,no
43,blue-collar,married,basic.9y,no,no,no,telephone,may,tue,768,2,999,0,nonexistent,1.1,93.994,-36.4,4.856,5191.0,no
38,blue-collar,married,basic.6y,no,no,no,telephone,may,tue,184,1,999,0,nonexistent,1.1,93.994,-36.4,4.856,5191.0,no
56,unemployed,married,basic.9y,unknown,no,yes,telephone,may,tue,43,2,999,0,nonexistent,1.1,93.994,-36.4,4.856,5191.0,no
34,services,married,high.school,no,yes,yes,telephone,may,tue,108,2,999,0,nonexistent,1.1,93.994,-36.4,4.856,5191.0,no
35,admin.,single,university.degree,no,yes,yes,telephone,may,tue,195,2,999,0,nonexistent,1.1,93.994,-36.4,4.856,5191.0,no
45,admin.,married,basic.9y,unknown,yes,no,telephone,may,tue,109,1,999,0,nonexistent,1.1,93.994,-36.4,4.856,5191.0,no
49,unknown,married,unknown,no,no,no,telephone,may,tue,192,1,999,0,nonexistent,1.1,93.994,-36.4,4.856,5191.0,no
36,housemaid,married,high.school,no,no,no,telephone,may,tue,141,4,999,0,nonexistent,1.1,93.994,-36.4,4.856,5191.0,no
35,services,married,high.school,no,yes,no,telephone,may,tue,87,1,999,0,nonexistent,1.1,93.994,-36.4,4.856,5191.0,no
27,blue-collar,married,basic.9y,no,unknown,unknown,telephone,may,tue,169,2,999,0,nonexistent,1.1,93.994,-36.4,4.856,5191.0,no
54,retired,married,high.school,unknown,no,no,telephone,may,tue,119,10,999,0,nonexistent,1.1,93.994,-36.4,4.856,5191.0,no
31,admin.,married,high.school,unknown,yes,no,telephone,may,tue,101,13,999,0,nonexistent,1.1,93.994,-36.4,4.856,5191.0,no
33,blue-collar,married,basic.4y,unknown,no,no,telephone,may,tue,210,1,999,0,nonexistent,1.1,93.994,-36.4,4.856,5191.0,no
40,blue-collar,married,basic.6y,unknown,yes,no,telephone,may,tue,481,3,999,0,nonexistent,1.1,93.994,-36.4,4.856,5191.0,no
51,entrepreneur,married,basic.9y,no,yes,no,telephone,may,tue,142,2,999,0,nonexistent,1.1,93.994,-36.4,4.856,5191.0,no
39,technician,married,professional.course,no,no,no,telephone,may,tue,411,2,999,0,nonexistent,1.1,93.994,-36.4,4.856,5191.0,no
36,management,married,university.degree,no,no,no,telephone,may,tue,93,1,999,0,nonexistent,1.1,93.994,-36.4,4.856,5191.0,no
30,services,single,high.school,no,no,no,telephone,may,tue,65,1,999,0,nonexistent,1.1,93.994,-36.4,4.856,5191.0,no
36,blue-collar,divorced,high.school,no,no,no,telephone,may,tue,531,2,999,0,nonexistent,1.1,93.994,-36.4,4.856,5191.0,no
44,blue-collar,married,unknown,no,no,yes,telephone,may,tue,431,1,999,0,nonexistent,1.1,93.994,-36.4,4.856,5191.0,no
30,management,married,university.degree,no,no,no,telephone,may,tue,851,4,999,0,nonexistent,1.1,93.994,-36.4,4.856,5191.0,no
30,admin.,single,high.school,no,no,no,telephone,may,tue,315,3,999,0,nonexistent,1.1,93.994,-36.4,4.856,5191.0,no
33,technician,single,high.school,no,no,no,telephone,may,tue,214,1,999,0,nonexistent,1.1,93.994,-36.4,4.856,5191.0,no
54,management,divorced,university.degree,no,yes,no,telephone,may,tue,92,4,999,0,nonexistent,1.1,93.994,-36.4,4.856,5191.0,no
44,blue-collar,married,unknown,unknown,no,no,telephone,may,tue,73,3,999,0,nonexistent,1.1,93.994,-36.4,4.856,5191.0,no
39,blue-collar,single,unknown,unknown,no,no,telephone,may,tue,181,3,999,0,nonexistent,1.1,93.994,-36.4,4.856,5191.0,no
55,services,married,high.school,no,no,no,telephone,may,tue,165,2,999,0,nonexistent,1.1,93.994,-36.4,4.856,5191.0,no
36,technician,married,university.degree,no,no,no,telephone,may,tue,309,2,999,0,nonexistent,1.1,93.994,-36.4,4.856,5191.0,no
39,blue-collar,married,basic.6y,no,yes,no,telephone,may,tue,163,2,999,0,nonexistent,1.1,93.994,-36.4,4.856,5191.0,no
58,admin.,married,basic.6y,no,yes,no,telephone,may,tue,210,3,999,0,nonexistent,1.1,93.994,-36.4,4.856,5191.0,no
37,admin.,single,high.school,no,no,no,telephone,may,tue,165,3,999,0,nonexistent,1.1,93.994,-36.4,4.856,5191.0,no
28,blue-collar,single,basic.6y,unknown,yes,no,telephone,may,tue,331,2,999,0,nonexistent,1.1,93.994,-36.4,4.856,5191.0,no
34,management,married,university.degree,no,yes,no,telephone,may,tue,230,3,999,0,nonexistent,1.1,93.994,-36.4,4.856,5191.0,no
27,management,single,university.degree,no,yes,no,telephone,may,tue,134,2,999,0,nonexistent,1.1,93.994,-36.4,4.856,5191.0,no
31,entrepreneur,single,basic.9y,no,no,no,telephone,may,tue,185,6,999,0,nonexistent,1.1,93.994,-36.4,4.856,5191.0,no
48,blue-collar,married,basic.4y,no,no,no,telephone,may,tue,295,2,999,0,nonexistent,1.1,93.994,-36.4,4.856,5191.0,no
46,housemaid,married,basic.4y,no,no,no,telephone,may,tue,86,4,999,0,nonexistent,1.1,93.994,-36.4,4.856,5191.0,no
40,technician,single,high.school,no,no,no,telephone,may,tue,151,4,999,0,nonexistent,1.1,93.994,-36.4,4.856,5191.0,no
47,services,married,high.school,unknown,no,yes,telephone,may,tue,69,11,999,0,nonexistent,1.1,93.994,-36.4,4.856,5191.0,no
47,blue-collar,married,professional.course,unknown,yes,no,telephone,may,tue,15,11,999,0,nonexistent,1.1,93.994,-36.4,4.856,5191.0,no
58,entrepreneur,married,university.degree,unknown,no,no,telephone,may,tue,437,2,999,0,nonexistent,1.1,93.994,-36.4,4.856,5191.0,no
36,blue-collar,married,basic.9y,unknown,no,no,telephone,may,tue,267,2,999,0,nonexistent,1.1,93.994,-36.4,4.856,5191.0,no
36,admin.,married,high.school,no,yes,no,telephone,may,tue,259,5,999,0,nonexistent,1.1,93.994,-36.4,4.856,5191.0,no
36,blue-collar,single,university.degree,unknown,yes,no,telephone,may,tue,165,2,999,0,nonexistent,1.1,93.994,-36.4,4.856,5191.0,no
46,blue-collar,married,basic.4y,unknown,yes,no,telephone,may,tue,566,2,999,0,nonexistent,1.1,93.994,-36.4,4.856,5191.0,no
36,services,married,high.school,no,no,no,telephone,may,tue,168,2,999,0,nonexistent,1.1,93.994,-36.4,4.856,5191.0,no
25,self-employed,single,university.degree,no,no,no,telephone,may,tue,247,3,999,0,nonexistent,1.1,93.994,-36.4,4.856,5191.0,no
40,entrepreneur,married,university.degree,unknown,yes,no,telephone,may,tue,291,2,999,0,nonexistent,1.1,93.994,-36.4,4.856,5191.0,no
36,technician,married,unknown,no,yes,no,telephone,may,tue,322,2,999,0,nonexistent,1.1,93.994,-36.4,4.856,5191.0,no
37,services,married,high.school,unknown,yes,no,telephone,may,tue,194,2,999,0,nonexistent,1.1,93.994,-36.4,4.856,5191.0,no
46,blue-collar,married,unknown,unknown,yes,no,telephone,may,tue,379,2,999,0,nonexistent,1.1,93.994,-36.4,4.856,5191.0,no
49,services,married,high.school,no,no,yes,telephone,may,tue,151,2,999,0,nonexistent,1.1,93.994,-36.4,4.856,5191.0,no
42,technician,married,professional.course,unknown,no,no,telephone,may,tue,166,4,999,0,nonexistent,1.1,93.994,-36.4,4.856,5191.0,no
57,blue-collar,married,basic.4y,no,yes,yes,telephone,may,tue,647,7,999,0,nonexistent,1.1,93.994,-36.4,4.856,5191.0,no
39,services,married,basic.9y,no,yes,no,telephone,may,tue,322,3,999,0,nonexistent,1.1,93.994,-36.4,4.856,5191.0,no
28,admin.,married,high.school,no,no,no,telephone,may,tue,337,6,999,0,nonexistent,1.1,93.994,-36.4,4.856,5191.0,no
47,blue-collar,married,basic.4y,no,yes,no,telephone,may,tue,133,12,999,0,nonexistent,1.1,93.994,-36.4,4.856,5191.0,no
42,blue-collar,married,basic.9y,unknown,yes,no,telephone,may,tue,50,3,999,0,nonexistent,1.1,93.994,-36.4,4.856,5191.0,no
34,entrepreneur,married,professional.course,no,no,no,telephone,may,tue,87,2,999,0,nonexistent,1.1,93.994,-36.4,4.856,5191.0,no
51,blue-collar,married,professional.course,no,no,yes,telephone,may,tue,771,2,999,0,nonexistent,1.1,93.994,-36.4,4.856,5191.0,no
30,services,single,unknown,no,yes,no,telephone,may,tue,205,3,999,0,nonexistent,1.1,93.994,-36.4,4.856,5191.0,no
36,technician,married,basic.9y,unknown,no,no,telephone,may,tue,109,9,999,0,nonexistent,1.1,93.994,-36.4,4.856,5191.0,no
31,services,single,high.school,no,no,no,telephone,may,tue,209,2,999,0,nonexistent,1.1,93.994,-36.4,4.856,5191.0,no
45,services,single,professional.course,unknown,unknown,unknown,telephone,may,tue,271,2,999,0,nonexistent,1.1,93.994,-36.4,4.856,5191.0,no
34,blue-collar,single,basic.4y,no,yes,yes,telephone,may,tue,1093,3,999,0,nonexistent,1.1,93.994,-36.4,4.856,5191.0,no
33,services,divorced,high.school,no,no,no,telephone,may,tue,326,4,999,0,nonexistent,1.1,93.994,-36.4,4.856,5191.0,no
35,blue-collar,married,basic.6y,unknown,yes,no,telephone,may,tue,389,2,999,0,nonexistent,1.1,93.994,-36.4,4.856,5191.0,no
42,technician,single,high.school,unknown,no,no,telephone,may,tue,264,3,999,0,nonexistent,1.1,93.994,-36.4,4.856,5191.0,no
37,admin.,married,high.school,no,no,no,telephone,may,tue,1106,4,999,0,nonexistent,1.1,93.994,-36.4,4.856,5191.0,no
42,blue-collar,single,basic.9y,no,unknown,unknown,telephone,may,tue,195,5,999,0,nonexistent,1.1,93.994,-36.4,4.856,5191.0,no
48,technician,single,unknown,no,unknown,unknown,telephone,may,tue,69,19,999,0,nonexistent,1.1,93.994,-36.4,4.856,5191.0,no
29,admin.,married,high.school,no,no,no,telephone,may,tue,214,2,999,0,nonexistent,1.1,93.994,-36.4,4.856,5191.0,no
59,retired,married,basic.9y,no,yes,no,telephone,may,tue,87,9,999,0,nonexistent,1.1,93.994,-36.4,4.856,5191.0,no
32,blue-collar,single,basic.9y,no,no,no,telephone,may,tue,122,7,999,0,nonexistent,1.1,93.994,-36.4,4.856,5191.0,no
31,services,married,basic.9y,no,no,no,telephone,may,tue,945,2,999,0,nonexistent,1.1,93.994,-36.4,4.856,5191.0,yes
52,management,married,basic.4y,unknown,yes,no,telephone,may,tue,288,2,999,0,nonexistent,1.1,93.994,-36.4,4.856,5191.0,no
25,blue-collar,married,basic.9y,no,no,no,telephone,may,tue,816,3,999,0,nonexistent,1.1,93.994,-36.4,4.856,5191.0,no
36,entrepreneur,married,basic.6y,no,yes,no,telephone,may,tue,284,2,999,0,nonexistent,1.1,93.994,-36.4,4.856,5191.0,no
23,blue-collar,married,professional.course,no,yes,no,telephone,may,tue,116,4,999,0,nonexistent,1.1,93.994,-36.4,4.856,5191.0,no
42,admin.,single,university.degree,no,yes,no,telephone,may,tue,72,4,999,0,nonexistent,1.1,93.994,-36.4,4.856,5191.0,no
29,services,single,high.school,no,no,yes,telephone,may,tue,262,2,999,0,nonexistent,1.1,93.994,-36.4,4.856,5191.0,no
45,admin.,married,high.school,no,yes,no,telephone,may,tue,190,5,999,0,nonexistent,1.1,93.994,-36.4,4.856,5191.0,no
27,technician,single,high.school,unknown,no,yes,telephone,may,tue,351,2,999,0,nonexistent,1.1,93.994,-36.4,4.856,5191.0,no
35,admin.,married,high.school,no,yes,no,telephone,may,tue,166,2,999,0,nonexistent,1.1,93.994,-36.4,4.856,5191.0,no
35,technician,married,professional.course,no,no,no,telephone,may,tue,104,2,999,0,nonexistent,1.1,93.994,-36.4,4.856,5191.0,no
39,blue-collar,divorced,high.school,no,yes,yes,telephone,may,tue,163,3,999,0,nonexistent,1.1,93.994,-36.4,4.856,5191.0,no
29,technician,married,professional.course,no,no,no,telephone,may,tue,492,2,999,0,nonexistent,1.1,93.994,-36.4,4.856,5191.0,no
46,blue-collar,divorced,basic.4y,unknown,no,no,telephone,may,tue,152,3,999,0,nonexistent,1.1,93.994,-36.4,4.856,5191.0,no
39,admin.,married,university.degree,no,no,no,telephone,may,tue,109,4,999,0,nonexistent,1.1,93.994,-36.4,4.856,5191.0,no
34,blue-collar,married,basic.6y,no,no,no,telephone,may,tue,384,1,999,0,nonexistent,1.1,93.994,-36.4,4.856,5191.0,no
35,blue-collar,married,unknown,no,no,no,telephone,may,wed,128,2,999,0,nonexistent,1.1,93.994,-36.4,4.859,5191.0,no
41,blue-collar,single,basic.9y,unknown,no,no,telephone,may,wed,194,4,999,0,nonexistent,1.1,93.994,-36.4,4.859,5191.0,no
37,technician,married,university.degree,no,no,no,telephone,may,wed,360,2,999,0,nonexistent,1.1,93.994,-36.4,4.859,5191.0,no
40,admin.,single,university.degree,unknown,yes,no,telephone,may,wed,96,4,999,0,nonexistent,1.1,93.994,-36.4,4.859,5191.0,no
42,blue-collar,divorced,basic.9y,no,yes,no,telephone,may,wed,20,11,999,0,nonexistent,1.1,93.994,-36.4,4.859,5191.0,no
55,blue-collar,married,basic.9y,no,yes,no,telephone,may,wed,323,4,999,0,nonexistent,1.1,93.994,-36.4,4.859,5191.0,no
39,technician,married,professional.course,no,no,no,telephone,may,wed,151,2,999,0,nonexistent,1.1,93.994,-36.4,4.859,5191.0,no
40,blue-collar,married,high.school,no,no,no,telephone,may,wed,158,3,999,0,nonexistent,1.1,93.994,-36.4,4.859,5191.0,no
43,management,married,university.degree,no,unknown,unknown,telephone,may,wed,407,4,999,0,nonexistent,1.1,93.994,-36.4,4.859,5191.0,no
51,blue-collar,married,basic.4y,no,yes,no,telephone,may,wed,438,2,999,0,nonexistent,1.1,93.994,-36.4,4.859,5191.0,no
45,management,divorced,basic.9y,unknown,no,no,telephone,may,wed,174,3,999,0,nonexistent,1.1,93.994,-36.4,4.859,5191.0,no
40,management,divorced,university.degree,unknown,no,no,telephone,may,wed,175,3,999,0,nonexistent,1.1,93.994,-36.4,4.859,5191.0,no
28,student,single,high.school,unknown,yes,no,telephone,may,wed,313,4,999,0,nonexistent,1.1,93.994,-36.4,4.859,5191.0,no
33,admin.,single,high.school,no,unknown,unknown,telephone,may,wed,137,4,999,0,nonexistent,1.1,93.994,-36.4,4.859,5191.0,no
47,self-employed,married,unknown,unknown,no,no,telephone,may,wed,22,3,999,0,nonexistent,1.1,93.994,-36.4,4.859,5191.0,no
54,management,divorced,university.degree,no,yes,no,telephone,may,wed,328,4,999,0,nonexistent,1.1,93.994,-36.4,4.859,5191.0,no
36,admin.,married,high.school,no,no,no,telephone,may,wed,97,2,999,0,nonexistent,1.1,93.994,-36.4,4.859,5191.0,no
46,unemployed,married,professional.course,unknown,yes,no,telephone,may,wed,219,4,999,0,nonexistent,1.1,93.994,-36.4,4.859,5191.0,no
46,management,married,university.degree,no,no,yes,telephone,may,wed,103,6,999,0,nonexistent,1.1,93.994,-36.4,4.859,5191.0,no
30,services,married,unknown,no,no,no,telephone,may,wed,133,2,999,0,nonexistent,1.1,93.994,-36.4,4.859,5191.0,no
55,management,married,unknown,no,yes,yes,telephone,may,wed,77,2,999,0,nonexistent,1.1,93.994,-36.4,4.859,5191.0,no
45,admin.,married,basic.9y,unknown,yes,yes,telephone,may,wed,211,2,999,0,nonexistent,1.1,93.994,-36.4,4.859,5191.0,no
51,admin.,married,basic.4y,unknown,yes,no,telephone,may,wed,942,3,999,0,nonexistent,1.1,93.994,-36.4,4.859,5191.0,yes
31,admin.,single,university.degree,no,no,no,telephone,may,wed,89,2,999,0,nonexistent,1.1,93.994,-36.4,4.859,5191.0,no
33,admin.,married,unknown,no,yes,no,telephone,may,wed,108,4,999,0,nonexistent,1.1,93.994,-36.4,4.859,5191.0,no
45,services,divorced,high.school,unknown,yes,no,telephone,may,wed,101,2,999,0,nonexistent,1.1,93.994,-36.4,4.859,5191.0,no
52,blue-collar,married,basic.4y,unknown,yes,yes,telephone,may,wed,305,3,999,0,nonexistent,1.1,93.994,-36.4,4.859,5191.0,no
35,unemployed,married,university.degree,no,yes,no,telephone,may,wed,387,9,999,0,nonexistent,1.1,93.994,-36.4,4.859,5191.0,no
50,admin.,married,high.school,unknown,yes,no,telephone,may,wed,146,4,999,0,nonexistent,1.1,93.994,-36.4,4.859,5191.0,no
48,admin.,married,university.degree,no,yes,yes,telephone,may,wed,160,1,999,0,nonexistent,1.1,93.994,-36.4,4.859,5191.0,no
36,admin.,single,university.degree,unknown,no,no,telephone,may,wed,117,4,999,0,nonexistent,1.1,93.994,-36.4,4.859,5191.0,no
44,blue-collar,single,basic.4y,no,no,no,telephone,may,wed,381,1,999,0,nonexistent,1.1,93.994,-36.4,4.859,5191.0,no
38,blue-collar,single,university.degree,no,no,no,telephone,may,wed,109,1,999,0,nonexistent,1.1,93.994,-36.4,4.859,5191.0,no
53,blue-collar,married,basic.9y,no,no,no,telephone,may,wed,178,1,999,0,nonexistent,1.1,93.994,-36.4,4.859,5191.0,no
37,blue-collar,married,basic.9y,no,yes,no,telephone,may,wed,260,1,999,0,nonexistent,1.1,93.994,-36.4,4.859,5191.0,no
29,admin.,single,university.degree,no,no,no,telephone,may,wed,231,1,999,0,nonexistent,1.1,93.994,-36.4,4.859,5191.0,no
35,services,married,high.school,no,no,no,telephone,may,wed,188,1,999,0,nonexistent,1.1,93.994,-36.4,4.859,5191.0,no
59,entrepreneur,married,high.school,no,no,no,telephone,may,wed,145,1,999,0,nonexistent,1.1,93.994,-36.4,4.859,5191.0,no
38,technician,married,basic.6y,unknown,yes,yes,telephone,may,wed,163,3,999,0,nonexistent,1.1,93.994,-36.4,4.859,5191.0,no
34,technician,single,professional.course,no,no,no,telephone,may,wed,27,1,999,0,nonexistent,1.1,93.994,-36.4,4.859,5191.0,no
28,blue-collar,married,basic.9y,no,yes,no,telephone,may,wed,282,1,999,0,nonexistent,1.1,93.994,-36.4,4.859,5191.0,no
43,blue-collar,married,unknown,unknown,no,yes,telephone,may,wed,73,1,999,0,nonexistent,1.1,93.994,-36.4,4.859,5191.0,no
45,blue-collar,divorced,basic.9y,no,yes,yes,telephone,may,wed,48,1,999,0,nonexistent,1.1,93.994,-36.4,4.859,5191.0,no
34,blue-collar,married,basic.9y,no,no,no,telephone,may,wed,606,1,999,0,nonexistent,1.1,93.994,-36.4,4.859,5191.0,no
50,management,divorced,high.school,unknown,no,no,telephone,may,wed,82,7,999,0,nonexistent,1.1,93.994,-36.4,4.859,5191.0,no
41,technician,married,high.school,no,yes,no,telephone,may,wed,832,1,999,0,nonexistent,1.1,93.994,-36.4,4.859,5191.0,yes
29,blue-collar,married,basic.6y,no,no,yes,telephone,may,wed,168,3,999,0,nonexistent,1.1,93.994,-36.4,4.859,5191.0,no
45,technician,married,professional.course,unknown,no,no,telephone,may,wed,69,1,999,0,nonexistent,1.1,93.994,-36.4,4.859,5191.0,no
42,blue-collar,married,basic.4y,unknown,unknown,unknown,telephone,may,wed,200,1,999,0,nonexistent,1.1,93.994,-36.4,4.859,5191.0,no
41,blue-collar,married,basic.4y,no,no,no,telephone,may,wed,142,1,999,0,nonexistent,1.1,93.994,-36.4,4.859,5191.0,no
49,blue-collar,married,basic.4y,no,no,no,telephone,may,wed,283,8,999,0,nonexistent,1.1,93.994,-36.4,4.859,5191.0,no
46,blue-collar,married,basic.4y,unknown,no,no,telephone,may,wed,421,1,999,0,nonexistent,1.1,93.994,-36.4,4.859,5191.0,no
45,unknown,married,unknown,unknown,unknown,unknown,telephone,may,wed,179,1,999,0,nonexistent,1.1,93.994,-36.4,4.859,5191.0,no
48,management,married,basic.4y,unknown,no,no,telephone,may,wed,238,1,999,0,nonexistent,1.1,93.994,-36.4,4.859,5191.0,no
33,blue-collar,married,basic.9y,no,yes,yes,telephone,may,wed,110,2,999,0,nonexistent,1.1,93.994,-36.4,4.859,5191.0,no
52,blue-collar,married,basic.6y,no,yes,no,telephone,may,wed,138,3,999,0,nonexistent,1.1,93.994,-36.4,4.859,5191.0,no
44,management,married,university.degree,no,no,no,telephone,may,wed,158,2,999,0,nonexistent,1.1,93.994,-36.4,4.859,5191.0,no
33,unemployed,divorced,basic.9y,no,yes,no,telephone,may,wed,105,1,999,0,nonexistent,1.1,93.994,-36.4,4.859,5191.0,no
57,blue-collar,divorced,professional.course,no,no,no,telephone,may,wed,106,1,999,0,nonexistent,1.1,93.994,-36.4,4.859,5191.0,no
31,management,married,high.school,no,no,no,telephone,may,wed,217,1,999,0,nonexistent,1.1,93.994,-36.4,4.859,5191.0,no
52,admin.,married,high.school,no,unknown,unknown,telephone,may,wed,132,1,999,0,nonexistent,1.1,93.994,-36.4,4.859,5191.0,no
40,blue-collar,single,basic.9y,unknown,yes,no,telephone,may,wed,824,2,999,0,nonexistent,1.1,93.994,-36.4,4.859,5191.0,no
37,admin.,married,university.degree,no,no,yes,telephone,may,wed,243,1,999,0,nonexistent,1.1,93.994,-36.4,4.859,5191.0,no
39,blue-collar,married,basic.6y,no,no,no,telephone,may,wed,488,12,999,0,nonexistent,1.1,93.994,-36.4,4.859,5191.0,no
34,self-employed,single,university.degree,no,yes,no,telephone,may,wed,148,2,999,0,nonexistent,1.1,93.994,-36.4,4.859,5191.0,no
43,services,married,high.school,no,no,no,telephone,may,wed,124,1,999,0,nonexistent,1.1,93.994,-36.4,4.859,5191.0,no
33,blue-collar,married,basic.9y,no,no,yes,telephone,may,wed,452,1,999,0,nonexistent,1.1,93.994,-36.4,4.859,5191.0,no
50,housemaid,married,basic.9y,unknown,yes,yes,telephone,may,wed,125,1,999,0,nonexistent,1.1,93.994,-36.4,4.859,5191.0,no
45,blue-collar,married,basic.9y,unknown,no,yes,telephone,may,wed,145,2,999,0,nonexistent,1.1,93.994,-36.4,4.859,5191.0,no
27,admin.,single,high.school,no,yes,no,telephone,may,wed,1328,1,999,0,nonexistent,1.1,93.994,-36.4,4.859,5191.0,yes
50,admin.,married,university.degree,no,yes,no,telephone,may,wed,686,1,999,0,nonexistent,1.1,93.994,-36.4,4.859,5191.0,no
53,services,married,high.school,unknown,yes,no,telephone,may,wed,80,1,999,0,nonexistent,1.1,93.994,-36.4,4.859,5191.0,no
41,admin.,married,high.school,no,yes,no,telephone,may,wed,300,1,999,0,nonexistent,1.1,93.994,-36.4,4.859,5191.0,no
57,retired,married,university.degree,unknown,no,no,telephone,may,wed,203,1,999,0,nonexistent,1.1,93.994,-36.4,4.859,5191.0,no
29,housemaid,married,high.school,no,no,no,telephone,may,wed,534,1,999,0,nonexistent,1.1,93.994,-36.4,4.859,5191.0,no
39,unemployed,single,university.degree,no,no,yes,telephone,may,wed,243,1,999,0,nonexistent,1.1,93.994,-36.4,4.859,5191.0,no
51,services,married,high.school,unknown,yes,no,telephone,may,wed,127,3,999,0,nonexistent,1.1,93.994,-36.4,4.859,5191.0,no
36,admin.,married,university.degree,unknown,yes,no,telephone,may,wed,136,2,999,0,nonexistent,1.1,93.994,-36.4,4.859,5191.0,no
48,blue-collar,married,basic.4y,no,yes,no,telephone,may,wed,158,2,999,0,nonexistent,1.1,93.994,-36.4,4.859,5191.0,no
34,blue-collar,single,high.school,unknown,yes,yes,telephone,may,wed,257,1,999,0,nonexistent,1.1,93.994,-36.4,4.859,5191.0,no
54,management,married,university.degree,unknown,no,no,telephone,may,wed,110,1,999,0,nonexistent,1.1,93.994,-36.4,4.859,5191.0,no
40,housemaid,divorced,basic.6y,unknown,yes,no,telephone,may,wed,477,5,999,0,nonexistent,1.1,93.994,-36.4,4.859,5191.0,no
52,management,married,professional.course,no,yes,no,telephone,may,wed,456,9,999,0,nonexistent,1.1,93.994,-36.4,4.859,5191.0,no
33,unemployed,divorced,basic.9y,no,no,no,telephone,may,wed,1321,2,999,0,nonexistent,1.1,93.994,-36.4,4.859,5191.0,yes
35,blue-collar,married,basic.9y,no,yes,no,telephone,may,wed,298,1,999,0,nonexistent,1.1,93.994,-36.4,4.859,5191.0,no
38,services,married,high.school,no,no,no,telephone,may,wed,483,2,999,0,nonexistent,1.1,93.994,-36.4,4.859,5191.0,no
55,admin.,married,high.school,no,no,yes,telephone,may,wed,213,1,999,0,nonexistent,1.1,93.994,-36.4,4.859,5191.0,no
40,services,single,high.school,no,yes,no,telephone,may,wed,44,1,999,0,nonexistent,1.1,93.994,-36.4,4.859,5191.0,no
49,admin.,divorced,basic.9y,no,yes,no,telephone,may,wed,164,2,999,0,nonexistent,1.1,93.994,-36.4,4.859,5191.0,no
54,blue-collar,married,basic.9y,unknown,yes,no,telephone,may,wed,166,1,999,0,nonexistent,1.1,93.994,-36.4,4.859,5191.0,no
49,blue-collar,married,basic.6y,unknown,yes,yes,telephone,may,wed,220,2,999,0,nonexistent,1.1,93.994,-36.4,4.859,5191.0,no
37,services,married,high.school,no,yes,no,telephone,may,wed,178,1,999,0,nonexistent,1.1,93.994,-36.4,4.859,5191.0,no
54,blue-collar,married,basic.9y,no,no,no,telephone,may,wed,452,2,999,0,nonexistent,1.1,93.994,-36.4,4.859,5191.0,no
33,blue-collar,married,high.school,no,no,no,telephone,may,wed,858,1,999,0,nonexistent,1.1,93.994,-36.4,4.859,5191.0,yes
49,blue-collar,married,basic.9y,no,yes,no,telephone,may,wed,87,1,999,0,nonexistent,1.1,93.994,-36.4,4.859,5191.0,no
36,blue-collar,married,basic.6y,unknown,no,no,telephone,may,wed,97,1,999,0,nonexistent,1.1,93.994,-36.4,4.859,5191.0,no
48,entrepreneur,married,university.degree,no,yes,no,telephone,may,wed,122,1,999,0,nonexistent,1.1,93.994,-36.4,4.859,5191.0,no
35,technician,divorced,professional.course,no,no,no,telephone,may,wed,120,1,999,0,nonexistent,1.1,93.994,-36.4,4.859,5191.0,no
51,unemployed,married,professional.course,no,no,no,telephone,may,wed,122,1,999,0,nonexistent,1.1,93.994,-36.4,4.859,5191.0,no
50,admin.,divorced,basic.9y,no,yes,no,telephone,may,wed,179,1,999,0,nonexistent,1.1,93.994,-36.4,4.859,5191.0,no
35,admin.,married,high.school,unknown,unknown,unknown,telephone,may,wed,35,1,999,0,nonexistent,1.1,93.994,-36.4,4.859,5191.0,no
45,services,married,high.school,unknown,no,no,telephone,may,wed,156,1,999,0,nonexistent,1.1,93.994,-36.4,4.859,5191.0,no
46,management,divorced,university.degree,no,unknown,unknown,telephone,may,wed,201,1,999,0,nonexistent,1.1,93.994,-36.4,4.859,5191.0,no
29,services,married,high.school,unknown,unknown,unknown,telephone,may,wed,159,1,999,0,nonexistent,1.1,93.994,-36.4,4.859,5191.0,no
39,management,married,university.degree,no,yes,no,telephone,may,wed,68,1,999,0,nonexistent,1.1,93.994,-36.4,4.859,5191.0,no
34,entrepreneur,married,basic.4y,no,no,no,telephone,may,wed,75,1,999,0,nonexistent,1.1,93.994,-36.4,4.859,5191.0,no
37,admin.,married,high.school,no,yes,no,telephone,may,wed,191,1,999,0,nonexistent,1.1,93.994,-36.4,4.859,5191.0,no
26,services,single,high.school,no,no,no,telephone,may,wed,461,1,999,0,nonexistent,1.1,93.994,-36.4,4.859,5191.0,no
52,blue-collar,married,basic.9y,no,no,no,telephone,may,wed,188,1,999,0,nonexistent,1.1,93.994,-36.4,4.859,5191.0,no
42,admin.,married,basic.9y,no,yes,no,telephone,may,wed,117,6,999,0,nonexistent,1.1,93.994,-36.4,4.859,5191.0,no
44,blue-collar,divorced,basic.4y,unknown,yes,no,telephone,may,wed,546,1,999,0,nonexistent,1.1,93.994,-36.4,4.859,5191.0,no
55,blue-collar,married,basic.4y,unknown,yes,no,telephone,may,wed,171,1,999,0,nonexistent,1.1,93.994,-36.4,4.859,5191.0,no
53,services,married,high.school,no,no,no,telephone,may,wed,429,1,999,0,nonexistent,1.1,93.994,-36.4,4.859,5191.0,no
39,admin.,married,basic.4y,no,yes,no,telephone,may,wed,249,2,999,0,nonexistent,1.1,93.994,-36.4,4.859,5191.0,no
40,technician,married,professional.course,no,no,no,telephone,may,wed,568,1,999,0,nonexistent,1.1,93.994,-36.4,4.859,5191.0,no
42,services,married,professional.course,no,yes,no,telephone,may,wed,299,1,999,0,nonexistent,1.1,93.994,-36.4,4.859,5191.0,no
29,services,divorced,high.school,no,no,no,telephone,may,wed,282,1,999,0,nonexistent,1.1,93.994,-36.4,4.859,5191.0,no
30,blue-collar,divorced,basic.9y,no,yes,no,telephone,may,wed,211,1,999,0,nonexistent,1.1,93.994,-36.4,4.859,5191.0,no
41,housemaid,married,basic.6y,no,no,no,telephone,may,wed,77,1,999,0,nonexistent,1.1,93.994,-36.4,4.859,5191.0,no
30,blue-collar,divorced,basic.9y,no,yes,no,telephone,may,wed,283,1,999,0,nonexistent,1.1,93.994,-36.4,4.859,5191.0,no
52,blue-collar,married,basic.9y,no,yes,no,telephone,may,wed,263,1,999,0,nonexistent,1.1,93.994,-36.4,4.859,5191.0,no
41,housemaid,married,basic.6y,no,no,no,telephone,may,wed,189,1,999,0,nonexistent,1.1,93.994,-36.4,4.859,5191.0,no
34,technician,divorced,professional.course,no,no,no,telephone,may,wed,91,1,999,0,nonexistent,1.1,93.994,-36.4,4.859,5191.0,no
40,admin.,single,high.school,no,no,no,telephone,may,wed,32,1,999,0,nonexistent,1.1,93.994,-36.4,4.859,5191.0,no
34,blue-collar,married,basic.9y,no,no,no,telephone,may,wed,139,2,999,0,nonexistent,1.1,93.994,-36.4,4.859,5191.0,no
35,blue-collar,married,basic.9y,no,no,yes,telephone,may,wed,58,1,999,0,nonexistent,1.1,93.994,-36.4,4.859,5191.0,no
28,entrepreneur,married,university.degree,no,no,no,telephone,may,wed,152,1,999,0,nonexistent,1.1,93.994,-36.4,4.859,5191.0,no
29,services,divorced,high.school,no,no,no,telephone,may,wed,869,1,999,0,nonexistent,1.1,93.994,-36.4,4.859,5191.0,no
50,housemaid,divorced,basic.4y,unknown,no,no,telephone,may,wed,339,1,999,0,nonexistent,1.1,93.994,-36.4,4.859,5191.0,no
56,unemployed,divorced,high.school,no,yes,no,telephone,may,wed,267,1,999,0,nonexistent,1.1,93.994,-36.4,4.859,5191.0,no
48,admin.,divorced,high.school,no,yes,no,telephone,may,wed,34,1,999,0,nonexistent,1.1,93.994,-36.4,4.859,5191.0,no
29,admin.,single,university.degree,no,no,no,telephone,may,wed,153,2,999,0,nonexistent,1.1,93.994,-36.4,4.859,5191.0,no
42,blue-collar,married,basic.6y,no,no,no,telephone,may,wed,28,2,999,0,nonexistent,1.1,93.994,-36.4,4.859,5191.0,no
51,management,married,basic.4y,no,no,no,telephone,may,wed,216,1,999,0,nonexistent,1.1,93.994,-36.4,4.859,5191.0,no
29,technician,single,professional.course,no,no,no,telephone,may,wed,199,2,999,0,nonexistent,1.1,93.994,-36.4,4.859,5191.0,no
41,admin.,single,university.degree,no,yes,no,telephone,may,wed,139,1,999,0,nonexistent,1.1,93.994,-36.4,4.859,5191.0,no
28,services,single,high.school,no,no,no,telephone,may,wed,322,1,999,0,nonexistent,1.1,93.994,-36.4,4.859,5191.0,no
34,management,married,university.degree,no,yes,no,telephone,may,wed,189,1,999,0,nonexistent,1.1,93.994,-36.4,4.859,5191.0,no
31,admin.,married,university.degree,no,no,no,telephone,may,wed,197,2,999,0,nonexistent,1.1,93.994,-36.4,4.859,5191.0,no
40,blue-collar,married,basic.4y,unknown,yes,no,telephone,may,wed,160,1,999,0,nonexistent,1.1,93.994,-36.4,4.859,5191.0,no
31,blue-collar,married,basic.9y,no,no,no,telephone,may,wed,180,1,999,0,nonexistent,1.1,93.994,-36.4,4.859,5191.0,no
39,unemployed,married,university.degree,no,no,no,telephone,may,wed,191,1,999,0,nonexistent,1.1,93.994,-36.4,4.859,5191.0,no
52,blue-collar,married,basic.4y,unknown,yes,yes,telephone,may,wed,833,1,999,0,nonexistent,1.1,93.994,-36.4,4.859,5191.0,no
36,blue-collar,married,basic.6y,no,yes,no,telephone,may,wed,57,1,999,0,nonexistent,1.1,93.994,-36.4,4.859,5191.0,no
35,unknown,married,basic.9y,no,no,no,telephone,may,wed,89,1,999,0,nonexistent,1.1,93.994,-36.4,4.859,5191.0,no
29,admin.,single,university.degree,no,yes,no,telephone,may,wed,849,1,999,0,nonexistent,1.1,93.994,-36.4,4.859,5191.0,no
29,blue-collar,married,professional.course,no,yes,yes,telephone,may,wed,260,1,999,0,nonexistent,1.1,93.994,-36.4,4.859,5191.0,no
34,blue-collar,single,basic.9y,no,no,yes,telephone,may,wed,181,1,999,0,nonexistent,1.1,93.994,-36.4,4.859,5191.0,no
29,blue-collar,married,high.school,no,no,yes,telephone,may,wed,125,1,999,0,nonexistent,1.1,93.994,-36.4,4.859,5191.0,no
50,admin.,married,high.school,unknown,no,no,telephone,may,wed,225,1,999,0,nonexistent,1.1,93.994,-36.4,4.859,5191.0,no
39,blue-collar,married,basic.4y,unknown,yes,no,telephone,may,wed,829,1,999,0,nonexistent,1.1,93.994,-36.4,4.859,5191.0,no
29,blue-collar,married,professional.course,no,yes,no,telephone,may,wed,749,2,999,0,nonexistent,1.1,93.994,-36.4,4.859,5191.0,no
41,admin.,single,high.school,no,yes,yes,telephone,may,wed,166,2,999,0,nonexistent,1.1,93.994,-36.4,4.859,5191.0,no
43,technician,divorced,professional.course,unknown,unknown,unknown,telephone,may,wed,182,2,999,0,nonexistent,1.1,93.994,-36.4,4.859,5191.0,no
48,admin.,divorced,high.school,no,yes,no,telephone,may,wed,152,2,999,0,nonexistent,1.1,93.994,-36.4,4.859,5191.0,no
38,admin.,married,university.degree,no,no,no,telephone,may,wed,438,4,999,0,nonexistent,1.1,93.994,-36.4,4.859,5191.0,no
35,admin.,married,high.school,no,no,no,telephone,may,wed,100,3,999,0,nonexistent,1.1,93.994,-36.4,4.859,5191.0,no
47,blue-collar,married,basic.6y,no,no,yes,telephone,may,wed,191,2,999,0,nonexistent,1.1,93.994,-36.4,4.859,5191.0,no
41,entrepreneur,married,basic.4y,no,no,no,telephone,may,wed,109,1,999,0,nonexistent,1.1,93.994,-36.4,4.859,5191.0,no
41,management,married,unknown,no,no,no,telephone,may,wed,345,2,999,0,nonexistent,1.1,93.994,-36.4,4.859,5191.0,no
40,blue-collar,married,high.school,no,no,no,telephone,may,wed,1028,2,999,0,nonexistent,1.1,93.994,-36.4,4.859,5191.0,yes
43,unknown,married,university.degree,no,no,no,telephone,may,wed,566,2,999,0,nonexistent,1.1,93.994,-36.4,4.859,5191.0,no
35,services,married,high.school,no,no,no,telephone,may,wed,38,1,999,0,nonexistent,1.1,93.994,-36.4,4.859,5191.0,no
49,services,married,high.school,no,yes,no,telephone,may,wed,214,1,999,0,nonexistent,1.1,93.994,-36.4,4.859,5191.0,no
40,services,married,high.school,unknown,yes,no,telephone,may,wed,248,2,999,0,nonexistent,1.1,93.994,-36.4,4.859,5191.0,no
24,student,single,high.school,unknown,no,no,telephone,may,wed,246,1,999,0,nonexistent,1.1,93.994,-36.4,4.859,5191.0,no
49,blue-collar,married,basic.9y,unknown,yes,no,telephone,may,wed,170,2,999,0,nonexistent,1.1,93.994,-36.4,4.859,5191.0,no
41,management,married,university.degree,unknown,yes,no,telephone,may,wed,136,8,999,0,nonexistent,1.1,93.994,-36.4,4.859,5191.0,no
44,admin.,married,university.degree,no,yes,no,telephone,may,wed,98,1,999,0,nonexistent,1.1,93.994,-36.4,4.859,5191.0,no
28,services,divorced,high.school,no,yes,no,telephone,may,wed,225,2,999,0,nonexistent,1.1,93.994,-36.4,4.859,5191.0,no
41,blue-collar,married,basic.9y,no,no,no,telephone,may,wed,230,1,999,0,nonexistent,1.1,93.994,-36.4,4.859,5191.0,no
35,technician,married,university.degree,no,no,no,telephone,may,wed,364,1,999,0,nonexistent,1.1,93.994,-36.4,4.859,5191.0,no
35,blue-collar,single,basic.6y,unknown,yes,no,telephone,may,wed,784,1,999,0,nonexistent,1.1,93.994,-36.4,4.859,5191.0,no
32,blue-collar,married,basic.6y,unknown,yes,yes,telephone,may,wed,93,11,999,0,nonexistent,1.1,93.994,-36.4,4.859,5191.0,no
45,admin.,married,university.degree,no,no,no,telephone,may,wed,57,2,999,0,nonexistent,1.1,93.994,-36.4,4.859,5191.0,no
36,technician,married,professional.course,no,yes,no,telephone,may,wed,160,2,999,0,nonexistent,1.1,93.994,-36.4,4.859,5191.0,no
41,technician,married,basic.9y,no,yes,no,telephone,may,wed,210,2,999,0,nonexistent,1.1,93.994,-36.4,4.859,5191.0,no
40,admin.,single,high.school,no,yes,no,telephone,may,wed,222,2,999,0,nonexistent,1.1,93.994,-36.4,4.859,5191.0,no
41,admin.,single,university.degree,no,no,no,telephone,may,wed,265,2,999,0,nonexistent,1.1,93.994,-36.4,4.859,5191.0,no
43,blue-collar,single,basic.4y,unknown,no,no,telephone,may,wed,21,10,999,0,nonexistent,1.1,93.994,-36.4,4.859,5191.0,no
36,services,single,unknown,no,yes,no,telephone,may,wed,230,2,999,0,nonexistent,1.1,93.994,-36.4,4.859,5191.0,no
28,entrepreneur,married,basic.4y,unknown,no,no,telephone,may,wed,117,1,999,0,nonexistent,1.1,93.994,-36.4,4.859,5191.0,no
35,technician,married,professional.course,no,no,no,telephone,may,wed,161,2,999,0,nonexistent,1.1,93.994,-36.4,4.859,5191.0,no
56,management,married,university.degree,no,no,no,telephone,may,wed,350,2,999,0,nonexistent,1.1,93.994,-36.4,4.859,5191.0,no
25,blue-collar,single,basic.9y,no,yes,no,telephone,may,wed,155,1,999,0,nonexistent,1.1,93.994,-36.4,4.859,5191.0,no
28,entrepreneur,married,basic.4y,unknown,yes,no,telephone,may,wed,565,1,999,0,nonexistent,1.1,93.994,-36.4,4.859,5191.0,no
56,services,married,basic.9y,unknown,no,no,telephone,may,wed,44,5,999,0,nonexistent,1.1,93.994,-36.4,4.859,5191.0,no
33,admin.,single,university.degree,no,no,no,telephone,may,wed,337,1,999,0,nonexistent,1.1,93.994,-36.4,4.859,5191.0,no
36,admin.,divorced,high.school,no,yes,no,telephone,may,wed,416,2,999,0,nonexistent,1.1,93.994,-36.4,4.859,5191.0,no
41,technician,married,basic.9y,no,no,no,telephone,may,wed,102,2,999,0,nonexistent,1.1,93.994,-36.4,4.859,5191.0,no
24,services,single,high.school,no,yes,no,telephone,may,wed,977,1,999,0,nonexistent,1.1,93.994,-36.4,4.859,5191.0,no
35,self-employed,single,basic.6y,unknown,no,yes,telephone,may,wed,138,2,999,0,nonexistent,1.1,93.994,-36.4,4.859,5191.0,no
31,blue-collar,married,basic.6y,unknown,yes,no,telephone,may,wed,251,2,999,0,nonexistent,1.1,93.994,-36.4,4.859,5191.0,no
33,blue-collar,married,basic.6y,unknown,no,no,telephone,may,wed,75,1,999,0,nonexistent,1.1,93.994,-36.4,4.859,5191.0,no
33,management,married,high.school,unknown,yes,no,telephone,may,wed,110,1,999,0,nonexistent,1.1,93.994,-36.4,4.859,5191.0,no
42,admin.,married,professional.course,no,no,no,telephone,may,wed,230,2,999,0,nonexistent,1.1,93.994,-36.4,4.859,5191.0,no
34,services,married,high.school,unknown,no,no,telephone,may,wed,48,1,999,0,nonexistent,1.1,93.994,-36.4,4.859,5191.0,no
38,blue-collar,married,basic.9y,no,no,no,telephone,may,wed,136,1,999,0,nonexistent,1.1,93.994,-36.4,4.859,5191.0,no
45,blue-collar,married,basic.9y,unknown,no,no,telephone,may,wed,22,4,999,0,nonexistent,1.1,93.994,-36.4,4.859,5191.0,no
33,admin.,married,university.degree,no,yes,no,telephone,may,wed,174,2,999,0,nonexistent,1.1,93.994,-36.4,4.859,5191.0,no
36,services,married,basic.6y,no,no,no,telephone,may,wed,80,1,999,0,nonexistent,1.1,93.994,-36.4,4.859,5191.0,no
32,services,single,high.school,no,no,no,telephone,may,wed,380,4,999,0,nonexistent,1.1,93.994,-36.4,4.859,5191.0,no
37,admin.,married,university.degree,no,yes,no,telephone,may,wed,108,1,999,0,nonexistent,1.1,93.994,-36.4,4.859,5191.0,no
40,blue-collar,married,basic.6y,no,yes,no,telephone,may,wed,927,1,999,0,nonexistent,1.1,93.994,-36.4,4.859,5191.0,yes
26,blue-collar,married,basic.6y,no,no,no,telephone,may,wed,389,1,999,0,nonexistent,1.1,93.994,-36.4,4.859,5191.0,no
35,management,married,university.degree,no,yes,yes,telephone,may,wed,192,1,999,0,nonexistent,1.1,93.994,-36.4,4.859,5191.0,no
35,management,married,university.degree,no,no,no,telephone,may,wed,273,1,999,0,nonexistent,1.1,93.994,-36.4,4.859,5191.0,no
36,management,married,university.degree,no,yes,no,telephone,may,wed,8,1,999,0,nonexistent,1.1,93.994,-36.4,4.859,5191.0,no
26,student,single,university.degree,no,yes,no,telephone,may,wed,217,1,999,0,nonexistent,1.1,93.994,-36.4,4.859,5191.0,no
54,housemaid,divorced,basic.4y,unknown,no,no,telephone,may,wed,762,2,999,0,nonexistent,1.1,93.994,-36.4,4.859,5191.0,no
51,technician,married,professional.course,no,no,no,telephone,may,wed,302,2,999,0,nonexistent,1.1,93.994,-36.4,4.859,5191.0,no
45,blue-collar,single,basic.9y,no,yes,yes,telephone,may,wed,411,1,999,0,nonexistent,1.1,93.994,-36.4,4.859,5191.0,no
58,admin.,divorced,university.degree,no,no,no,telephone,may,wed,245,2,999,0,nonexistent,1.1,93.994,-36.4,4.859,5191.0,no
33,entrepreneur,married,high.school,no,no,no,telephone,may,wed,746,1,999,0,nonexistent,1.1,93.994,-36.4,4.859,5191.0,no
50,housemaid,married,basic.9y,unknown,no,no,telephone,may,wed,673,2,999,0,nonexistent,1.1,93.994,-36.4,4.859,5191.0,no
33,blue-collar,married,basic.4y,no,yes,yes,telephone,may,wed,220,7,999,0,nonexistent,1.1,93.994,-36.4,4.859,5191.0,no
31,services,married,high.school,no,no,no,telephone,may,wed,232,1,999,0,nonexistent,1.1,93.994,-36.4,4.859,5191.0,no
34,admin.,single,high.school,no,no,no,telephone,may,wed,106,4,999,0,nonexistent,1.1,93.994,-36.4,4.859,5191.0,no
34,unemployed,single,university.degree,no,no,no,telephone,may,wed,115,3,999,0,nonexistent,1.1,93.994,-36.4,4.859,5191.0,no
30,admin.,married,high.school,unknown,no,no,telephone,may,wed,485,2,999,0,nonexistent,1.1,93.994,-36.4,4.859,5191.0,no
27,student,single,university.degree,no,yes,no,telephone,may,wed,274,6,999,0,nonexistent,1.1,93.994,-36.4,4.859,5191.0,no
30,services,married,high.school,no,no,no,telephone,may,wed,106,5,999,0,nonexistent,1.1,93.994,-36.4,4.859,5191.0,no
23,services,single,high.school,no,no,no,telephone,may,wed,107,1,999,0,nonexistent,1.1,93.994,-36.4,4.859,5191.0,no
33,admin.,married,high.school,no,yes,yes,telephone,may,wed,1044,2,999,0,nonexistent,1.1,93.994,-36.4,4.859,5191.0,no
23,services,single,high.school,no,no,no,telephone,may,wed,354,1,999,0,nonexistent,1.1,93.994,-36.4,4.859,5191.0,no
36,blue-collar,married,basic.9y,no,yes,yes,telephone,may,wed,55,1,999,0,nonexistent,1.1,93.994,-36.4,4.859,5191.0,no
42,admin.,divorced,university.degree,no,no,no,telephone,may,wed,180,4,999,0,nonexistent,1.1,93.994,-36.4,4.859,5191.0,no
60,housemaid,married,high.school,no,unknown,unknown,telephone,may,wed,392,1,999,0,nonexistent,1.1,93.994,-36.4,4.859,5191.0,no
26,entrepreneur,single,high.school,no,no,no,telephone,may,wed,331,2,999,0,nonexistent,1.1,93.994,-36.4,4.859,5191.0,no
45,blue-collar,divorced,basic.4y,unknown,no,no,telephone,may,wed,123,1,999,0,nonexistent,1.1,93.994,-36.4,4.859,5191.0,no
32,admin.,married,university.degree,no,no,no,telephone,may,wed,148,3,999,0,nonexistent,1.1,93.994,-36.4,4.859,5191.0,no
37,services,married,high.school,no,no,no,telephone,may,wed,74,3,999,0,nonexistent,1.1,93.994,-36.4,4.859,5191.0,no
40,blue-collar,married,basic.4y,unknown,no,no,telephone,may,wed,267,7,999,0,nonexistent,1.1,93.994,-36.4,4.859,5191.0,no
48,admin.,married,university.degree,unknown,no,no,telephone,may,wed,149,2,999,0,nonexistent,1.1,93.994,-36.4,4.859,5191.0,no
37,technician,divorced,high.school,no,yes,no,telephone,may,wed,95,6,999,0,nonexistent,1.1,93.994,-36.4,4.859,5191.0,no
36,blue-collar,married,basic.9y,unknown,no,no,telephone,may,wed,229,2,999,0,nonexistent,1.1,93.994,-36.4,4.859,5191.0,no
56,blue-collar,divorced,basic.9y,no,yes,no,telephone,may,wed,286,9,999,0,nonexistent,1.1,93.994,-36.4,4.859,5191.0,no
43,blue-collar,married,basic.9y,no,no,yes,telephone,may,wed,335,1,999,0,nonexistent,1.1,93.994,-36.4,4.859,5191.0,no
30,technician,married,professional.course,unknown,no,no,telephone,may,wed,140,1,999,0,nonexistent,1.1,93.994,-36.4,4.859,5191.0,no
33,blue-collar,single,basic.9y,unknown,no,no,telephone,may,wed,159,3,999,0,nonexistent,1.1,93.994,-36.4,4.859,5191.0,no
33,technician,divorced,professional.course,no,no,no,telephone,may,wed,85,4,999,0,nonexistent,1.1,93.994,-36.4,4.859,5191.0,no
33,blue-collar,married,high.school,no,yes,no,telephone,may,wed,183,4,999,0,nonexistent,1.1,93.994,-36.4,4.859,5191.0,no
39,admin.,married,high.school,no,no,no,telephone,may,wed,726,2,999,0,nonexistent,1.1,93.994,-36.4,4.859,5191.0,no
37,blue-collar,married,basic.9y,no,no,no,telephone,may,wed,158,1,999,0,nonexistent,1.1,93.994,-36.4,4.859,5191.0,no
41,self-employed,married,basic.9y,no,yes,no,telephone,may,wed,514,2,999,0,nonexistent,1.1,93.994,-36.4,4.859,5191.0,no
47,technician,married,professional.course,unknown,no,no,telephone,may,wed,301,3,999,0,nonexistent,1.1,93.994,-36.4,4.859,5191.0,no
46,blue-collar,married,basic.4y,unknown,no,no,telephone,may,wed,153,3,999,0,nonexistent,1.1,93.994,-36.4,4.859,5191.0,no
28,technician,single,basic.9y,no,no,no,telephone,may,wed,161,2,999,0,nonexistent,1.1,93.994,-36.4,4.859,5191.0,no
50,admin.,married,high.school,no,no,yes,telephone,may,wed,49,1,999,0,nonexistent,1.1,93.994,-36.4,4.859,5191.0,no
31,technician,married,university.degree,no,no,no,telephone,may,wed,326,3,999,0,nonexistent,1.1,93.994,-36.4,4.859,5191.0,no
39,blue-collar,married,basic.9y,no,yes,no,telephone,may,wed,183,2,999,0,nonexistent,1.1,93.994,-36.4,4.859,5191.0,no
27,blue-collar,single,basic.6y,no,yes,no,telephone,may,wed,634,10,999,0,nonexistent,1.1,93.994,-36.4,4.859,5191.0,no
33,blue-collar,married,basic.9y,no,no,no,telephone,may,wed,339,1,999,0,nonexistent,1.1,93.994,-36.4,4.859,5191.0,no
47,services,divorced,high.school,no,no,no,telephone,may,wed,125,1,999,0,nonexistent,1.1,93.994,-36.4,4.859,5191.0,no
39,admin.,married,high.school,unknown,yes,no,telephone,may,wed,232,2,999,0,nonexistent,1.1,93.994,-36.4,4.859,5191.0,no
37,services,married,high.school,unknown,yes,no,telephone,may,wed,312,5,999,0,nonexistent,1.1,93.994,-36.4,4.859,5191.0,no
37,blue-collar,married,basic.4y,no,yes,no,telephone,may,wed,191,1,999,0,nonexistent,1.1,93.994,-36.4,4.859,5191.0,no
31,blue-collar,married,basic.9y,no,yes,yes,telephone,may,wed,248,1,999,0,nonexistent,1.1,93.994,-36.4,4.859,5191.0,no
59,retired,married,professional.course,unknown,yes,no,telephone,may,wed,125,2,999,0,nonexistent,1.1,93.994,-36.4,4.859,5191.0,no
48,technician,married,university.degree,unknown,yes,no,telephone,may,wed,234,1,999,0,nonexistent,1.1,93.994,-36.4,4.859,5191.0,no
48,services,married,high.school,no,no,no,telephone,may,wed,17,18,999,0,nonexistent,1.1,93.994,-36.4,4.859,5191.0,no
32,technician,married,professional.course,no,no,no,telephone,may,wed,546,1,999,0,nonexistent,1.1,93.994,-36.4,4.859,5191.0,no
34,entrepreneur,married,high.school,unknown,no,no,telephone,may,wed,436,1,999,0,nonexistent,1.1,93.994,-36.4,4.859,5191.0,no
54,services,divorced,high.school,unknown,no,no,telephone,may,wed,349,5,999,0,nonexistent,1.1,93.994,-36.4,4.859,5191.0,no
32,admin.,single,university.degree,no,no,no,telephone,may,wed,180,1,999,0,nonexistent,1.1,93.994,-36.4,4.859,5191.0,no
43,services,single,high.school,unknown,yes,no,telephone,may,wed,902,5,999,0,nonexistent,1.1,93.994,-36.4,4.859,5191.0,no
30,technician,married,professional.course,no,unknown,unknown,telephone,may,wed,137,2,999,0,nonexistent,1.1,93.994,-36.4,4.859,5191.0,no
26,unemployed,single,basic.9y,no,no,no,telephone,may,wed,282,1,999,0,nonexistent,1.1,93.994,-36.4,4.859,5191.0,no
33,self-employed,married,basic.9y,no,yes,no,telephone,may,wed,21,11,999,0,nonexistent,1.1,93.994,-36.4,4.859,5191.0,no
36,technician,married,professional.course,no,no,no,telephone,may,wed,246,4,999,0,nonexistent,1.1,93.994,-36.4,4.859,5191.0,no
44,blue-collar,married,basic.4y,no,no,no,telephone,may,wed,141,2,999,0,nonexistent,1.1,93.994,-36.4,4.859,5191.0,no
35,technician,married,professional.course,no,yes,yes,telephone,may,wed,427,1,999,0,nonexistent,1.1,93.994,-36.4,4.859,5191.0,no
42,blue-collar,married,basic.4y,no,yes,yes,telephone,may,wed,97,5,999,0,nonexistent,1.1,93.994,-36.4,4.859,5191.0,no
35,technician,married,professional.course,no,no,no,telephone,may,wed,402,1,999,0,nonexistent,1.1,93.994,-36.4,4.859,5191.0,no
54,self-employed,married,professional.course,unknown,no,no,telephone,may,wed,252,2,999,0,nonexistent,1.1,93.994,-36.4,4.859,5191.0,no
36,blue-collar,married,basic.9y,no,no,no,telephone,may,wed,360,2,999,0,nonexistent,1.1,93.994,-36.4,4.859,5191.0,no
26,student,single,high.school,no,no,no,telephone,may,wed,852,2,999,0,nonexistent,1.1,93.994,-36.4,4.859,5191.0,no
27,blue-collar,married,basic.9y,no,yes,no,telephone,may,wed,241,2,999,0,nonexistent,1.1,93.994,-36.4,4.859,5191.0,no
44,blue-collar,divorced,basic.6y,no,no,no,telephone,may,wed,133,4,999,0,nonexistent,1.1,93.994,-36.4,4.859,5191.0,no
28,services,married,unknown,no,no,no,telephone,may,wed,98,2,999,0,nonexistent,1.1,93.994,-36.4,4.859,5191.0,no
33,admin.,married,university.degree,no,no,no,telephone,may,wed,122,4,999,0,nonexistent,1.1,93.994,-36.4,4.859,5191.0,no
30,student,single,unknown,unknown,no,no,telephone,may,wed,166,4,999,0,nonexistent,1.1,93.994,-36.4,4.859,5191.0,no
29,admin.,single,high.school,no,yes,yes,telephone,may,wed,167,3,999,0,nonexistent,1.1,93.994,-36.4,4.859,5191.0,no
51,self-employed,married,basic.4y,unknown,no,yes,telephone,may,wed,91,7,999,0,nonexistent,1.1,93.994,-36.4,4.859,5191.0,no
39,blue-collar,divorced,basic.9y,no,yes,no,telephone,may,wed,86,2,999,0,nonexistent,1.1,93.994,-36.4,4.859,5191.0,no
49,management,married,university.degree,no,no,no,telephone,may,wed,166,3,999,0,nonexistent,1.1,93.994,-36.4,4.859,5191.0,no
39,blue-collar,divorced,unknown,no,no,no,telephone,may,wed,302,10,999,0,nonexistent,1.1,93.994,-36.4,4.859,5191.0,no
30,admin.,married,university.degree,no,yes,no,telephone,may,wed,303,4,999,0,nonexistent,1.1,93.994,-36.4,4.859,5191.0,no
31,services,married,high.school,no,no,no,telephone,may,wed,636,6,999,0,nonexistent,1.1,93.994,-36.4,4.859,5191.0,no
59,blue-collar,divorced,basic.4y,no,no,no,telephone,may,wed,341,5,999,0,nonexistent,1.1,93.994,-36.4,4.859,5191.0,no
33,blue-collar,single,high.school,no,no,no,telephone,may,wed,483,3,999,0,nonexistent,1.1,93.994,-36.4,4.859,5191.0,no
44,blue-collar,married,basic.4y,no,yes,no,telephone,may,wed,234,2,999,0,nonexistent,1.1,93.994,-36.4,4.859,5191.0,no
28,services,married,high.school,no,yes,yes,telephone,may,wed,211,3,999,0,nonexistent,1.1,93.994,-36.4,4.859,5191.0,no
26,blue-collar,single,basic.9y,no,no,no,telephone,may,wed,738,2,999,0,nonexistent,1.1,93.994,-36.4,4.859,5191.0,no
33,blue-collar,married,basic.9y,no,yes,no,telephone,may,wed,76,2,999,0,nonexistent,1.1,93.994,-36.4,4.859,5191.0,no
28,student,married,university.degree,no,no,no,telephone,may,wed,225,2,999,0,nonexistent,1.1,93.994,-36.4,4.859,5191.0,no
37,housemaid,married,university.degree,unknown,no,no,telephone,may,wed,567,3,999,0,nonexistent,1.1,93.994,-36.4,4.859,5191.0,no
34,blue-collar,single,basic.4y,unknown,no,yes,telephone,may,wed,135,2,999,0,nonexistent,1.1,93.994,-36.4,4.859,5191.0,no
31,blue-collar,married,basic.9y,no,no,yes,telephone,may,wed,582,2,999,0,nonexistent,1.1,93.994,-36.4,4.859,5191.0,no
33,management,married,high.school,no,no,no,telephone,may,wed,52,4,999,0,nonexistent,1.1,93.994,-36.4,4.859,5191.0,no
28,services,married,unknown,no,yes,no,telephone,may,wed,260,2,999,0,nonexistent,1.1,93.994,-36.4,4.859,5191.0,no
41,admin.,married,high.school,no,no,no,telephone,may,wed,254,2,999,0,nonexistent,1.1,93.994,-36.4,4.859,5191.0,no
29,technician,married,university.degree,no,yes,no,telephone,may,wed,1118,2,999,0,nonexistent,1.1,93.994,-36.4,4.859,5191.0,no
38,blue-collar,married,basic.4y,unknown,no,no,telephone,may,wed,76,9,999,0,nonexistent,1.1,93.994,-36.4,4.859,5191.0,no
46,admin.,married,high.school,no,yes,no,telephone,may,wed,79,3,999,0,nonexistent,1.1,93.994,-36.4,4.859,5191.0,no
36,blue-collar,married,unknown,no,no,no,telephone,may,wed,837,2,999,0,nonexistent,1.1,93.994,-36.4,4.859,5191.0,no
44,management,married,university.degree,unknown,no,yes,telephone,may,wed,245,7,999,0,nonexistent,1.1,93.994,-36.4,4.859,5191.0,no
34,technician,married,professional.course,unknown,no,yes,telephone,may,wed,187,4,999,0,nonexistent,1.1,93.994,-36.4,4.859,5191.0,no
36,technician,married,professional.course,no,no,no,telephone,may,wed,1423,3,999,0,nonexistent,1.1,93.994,-36.4,4.859,5191.0,yes
51,blue-collar,married,basic.6y,unknown,yes,no,telephone,may,wed,271,2,999,0,nonexistent,1.1,93.994,-36.4,4.859,5191.0,no
36,services,married,high.school,no,no,yes,telephone,may,wed,166,5,999,0,nonexistent,1.1,93.994,-36.4,4.859,5191.0,no
39,entrepreneur,married,high.school,unknown,no,yes,telephone,may,wed,173,7,999,0,nonexistent,1.1,93.994,-36.4,4.859,5191.0,no
42,blue-collar,married,basic.4y,unknown,no,yes,telephone,may,wed,367,3,999,0,nonexistent,1.1,93.994,-36.4,4.859,5191.0,no
46,blue-collar,married,basic.9y,unknown,no,yes,telephone,may,wed,227,4,999,0,nonexistent,1.1,93.994,-36.4,4.859,5191.0,no
46,admin.,divorced,university.degree,no,yes,no,telephone,may,wed,276,4,999,0,nonexistent,1.1,93.994,-36.4,4.859,5191.0,no
41,admin.,single,university.degree,no,no,no,telephone,may,wed,349,2,999,0,nonexistent,1.1,93.994,-36.4,4.859,5191.0,no
36,admin.,married,university.degree,no,no,no,telephone,may,wed,856,2,999,0,nonexistent,1.1,93.994,-36.4,4.859,5191.0,no
43,technician,divorced,basic.9y,no,no,yes,telephone,may,wed,143,3,999,0,nonexistent,1.1,93.994,-36.4,4.859,5191.0,no
43,admin.,married,university.degree,no,yes,yes,telephone,may,wed,37,3,999,0,nonexistent,1.1,93.994,-36.4,4.859,5191.0,no
37,admin.,married,high.school,unknown,yes,no,telephone,may,wed,260,3,999,0,nonexistent,1.1,93.994,-36.4,4.859,5191.0,no
52,self-employed,married,basic.4y,unknown,yes,no,telephone,may,wed,323,7,999,0,nonexistent,1.1,93.994,-36.4,4.859,5191.0,no
41,admin.,married,university.degree,no,yes,no,telephone,may,wed,187,3,999,0,nonexistent,1.1,93.994,-36.4,4.859,5191.0,no
39,services,single,high.school,unknown,no,no,telephone,may,wed,364,3,999,0,nonexistent,1.1,93.994,-36.4,4.859,5191.0,no
29,unemployed,single,university.degree,no,no,yes,telephone,may,wed,211,2,999,0,nonexistent,1.1,93.994,-36.4,4.859,5191.0,no
29,admin.,single,university.degree,no,yes,yes,telephone,may,wed,266,2,999,0,nonexistent,1.1,93.994,-36.4,4.859,5191.0,no
55,technician,married,professional.course,unknown,no,no,telephone,may,wed,806,2,999,0,nonexistent,1.1,93.994,-36.4,4.859,5191.0,no
33,blue-collar,single,basic.9y,no,no,no,telephone,may,wed,159,2,999,0,nonexistent,1.1,93.994,-36.4,4.859,5191.0,no
41,self-employed,single,university.degree,no,yes,no,telephone,may,wed,318,2,999,0,nonexistent,1.1,93.994,-36.4,4.859,5191.0,no
53,retired,divorced,professional.course,unknown,yes,yes,telephone,may,wed,104,3,999,0,nonexistent,1.1,93.994,-36.4,4.859,5191.0,no
43,technician,married,professional.course,no,yes,no,telephone,may,wed,747,3,999,0,nonexistent,1.1,93.994,-36.4,4.859,5191.0,no
51,services,divorced,basic.4y,unknown,yes,no,telephone,may,thu,95,4,999,0,nonexistent,1.1,93.994,-36.4,4.86,5191.0,no
31,blue-collar,married,basic.6y,unknown,no,no,telephone,may,thu,176,2,999,0,nonexistent,1.1,93.994,-36.4,4.86,5191.0,no
30,blue-collar,married,basic.9y,no,no,yes,telephone,may,thu,114,2,999,0,nonexistent,1.1,93.994,-36.4,4.86,5191.0,no
37,admin.,married,unknown,no,yes,no,telephone,may,thu,170,5,999,0,nonexistent,1.1,93.994,-36.4,4.86,5191.0,no
56,services,divorced,high.school,unknown,no,no,telephone,may,thu,311,5,999,0,nonexistent,1.1,93.994,-36.4,4.86,5191.0,no
29,admin.,single,high.school,no,yes,no,telephone,may,thu,362,3,999,0,nonexistent,1.1,93.994,-36.4,4.86,5191.0,no
30,services,married,high.school,no,no,no,telephone,may,thu,86,4,999,0,nonexistent,1.1,93.994,-36.4,4.86,5191.0,no
36,blue-collar,married,basic.9y,no,yes,no,telephone,may,thu,90,2,999,0,nonexistent,1.1,93.994,-36.4,4.86,5191.0,no
32,admin.,single,basic.9y,unknown,no,no,telephone,may,thu,44,3,999,0,nonexistent,1.1,93.994,-36.4,4.86,5191.0,no
41,admin.,married,basic.6y,no,no,no,telephone,may,thu,1013,3,999,0,nonexistent,1.1,93.994,-36.4,4.86,5191.0,no
35,blue-collar,married,unknown,no,yes,no,telephone,may,thu,76,7,999,0,nonexistent,1.1,93.994,-36.4,4.86,5191.0,no
45,blue-collar,married,basic.9y,unknown,no,no,telephone,may,thu,90,3,999,0,nonexistent,1.1,93.994,-36.4,4.86,5191.0,no
40,blue-collar,divorced,high.school,unknown,no,no,telephone,may,thu,155,6,999,0,nonexistent,1.1,93.994,-36.4,4.86,5191.0,no
34,admin.,single,university.degree,no,yes,no,telephone,may,thu,468,5,999,0,nonexistent,1.1,93.994,-36.4,4.86,5191.0,no
31,admin.,married,high.school,no,no,yes,telephone,may,thu,349,2,999,0,nonexistent,1.1,93.994,-36.4,4.86,5191.0,no
35,housemaid,married,basic.4y,no,no,no,telephone,may,thu,646,3,999,0,nonexistent,1.1,93.994,-36.4,4.86,5191.0,yes
58,blue-collar,married,basic.4y,unknown,yes,no,telephone,may,thu,148,3,999,0,nonexistent,1.1,93.994,-36.4,4.86,5191.0,no
38,management,married,basic.6y,unknown,yes,no,telephone,may,thu,243,1,999,0,nonexistent,1.1,93.994,-36.4,4.86,5191.0,no
39,admin.,single,university.degree,unknown,no,no,telephone,may,thu,391,2,999,0,nonexistent,1.1,93.994,-36.4,4.86,5191.0,no
38,blue-collar,married,basic.6y,unknown,unknown,unknown,telephone,may,thu,204,1,999,0,nonexistent,1.1,93.994,-36.4,4.86,5191.0,no
49,blue-collar,single,basic.4y,no,no,no,telephone,may,thu,236,4,999,0,nonexistent,1.1,93.994,-36.4,4.86,5191.0,no
60,unknown,married,university.degree,no,no,yes,telephone,may,thu,112,1,999,0,nonexistent,1.1,93.994,-36.4,4.86,5191.0,no
37,services,married,professional.course,unknown,no,no,telephone,may,thu,125,4,999,0,nonexistent,1.1,93.994,-36.4,4.86,5191.0,no
48,technician,married,university.degree,no,no,no,telephone,may,thu,360,1,999,0,nonexistent,1.1,93.994,-36.4,4.86,5191.0,no
37,admin.,divorced,basic.9y,unknown,no,no,telephone,may,thu,312,6,999,0,nonexistent,1.1,93.994,-36.4,4.86,5191.0,no
30,technician,divorced,professional.course,no,yes,no,telephone,may,thu,366,1,999,0,nonexistent,1.1,93.994,-36.4,4.86,5191.0,no
32,admin.,married,university.degree,no,yes,no,telephone,may,thu,70,1,999,0,nonexistent,1.1,93.994,-36.4,4.86,5191.0,no
30,entrepreneur,married,university.degree,no,no,no,telephone,may,thu,230,1,999,0,nonexistent,1.1,93.994,-36.4,4.86,5191.0,no
37,self-employed,married,basic.9y,no,yes,no,telephone,may,thu,65,1,999,0,nonexistent,1.1,93.994,-36.4,4.86,5191.0,no
41,blue-collar,married,basic.6y,no,no,no,telephone,may,thu,259,1,999,0,nonexistent,1.1,93.994,-36.4,4.86,5191.0,no
42,technician,divorced,basic.9y,no,no,no,telephone,may,thu,192,1,999,0,nonexistent,1.1,93.994,-36.4,4.86,5191.0,no
52,entrepreneur,married,university.degree,unknown,no,no,telephone,may,thu,189,1,999,0,nonexistent,1.1,93.994,-36.4,4.86,5191.0,no
42,technician,divorced,basic.9y,no,no,no,telephone,may,thu,263,1,999,0,nonexistent,1.1,93.994,-36.4,4.86,5191.0,no
58,management,divorced,university.degree,no,no,no,telephone,may,thu,415,7,999,0,nonexistent,1.1,93.994,-36.4,4.86,5191.0,no
32,services,married,basic.9y,no,no,no,telephone,may,thu,746,1,999,0,nonexistent,1.1,93.994,-36.4,4.86,5191.0,yes
26,technician,married,professional.course,no,no,no,telephone,may,thu,260,1,999,0,nonexistent,1.1,93.994,-36.4,4.86,5191.0,no
28,services,married,basic.9y,unknown,unknown,unknown,telephone,may,thu,71,1,999,0,nonexistent,1.1,93.994,-36.4,4.86,5191.0,no
31,blue-collar,single,unknown,no,no,no,telephone,may,thu,735,1,999,0,nonexistent,1.1,93.994,-36.4,4.86,5191.0,no
31,services,married,high.school,no,yes,no,telephone,may,thu,183,5,999,0,nonexistent,1.1,93.994,-36.4,4.86,5191.0,no
27,admin.,single,high.school,unknown,no,no,telephone,may,thu,75,1,999,0,nonexistent,1.1,93.994,-36.4,4.86,5191.0,no
37,blue-collar,married,basic.9y,no,yes,yes,telephone,may,thu,87,1,999,0,nonexistent,1.1,93.994,-36.4,4.86,5191.0,no
32,admin.,single,university.degree,no,no,no,telephone,may,thu,62,1,999,0,nonexistent,1.1,93.994,-36.4,4.86,5191.0,no
33,admin.,married,university.degree,no,yes,no,telephone,may,thu,139,2,999,0,nonexistent,1.1,93.994,-36.4,4.86,5191.0,no
32,housemaid,married,basic.4y,no,no,no,telephone,may,thu,244,1,999,0,nonexistent,1.1,93.994,-36.4,4.86,5191.0,no
43,unknown,married,high.school,unknown,yes,yes,telephone,may,thu,367,2,999,0,nonexistent,1.1,93.994,-36.4,4.86,5191.0,no
31,entrepreneur,single,basic.9y,no,no,no,telephone,may,thu,183,1,999,0,nonexistent,1.1,93.994,-36.4,4.86,5191.0,no
51,blue-collar,married,basic.9y,no,no,no,telephone,may,thu,552,11,999,0,nonexistent,1.1,93.994,-36.4,4.86,5191.0,no
38,technician,single,professional.course,unknown,yes,no,telephone,may,thu,121,1,999,0,nonexistent,1.1,93.994,-36.4,4.86,5191.0,no
40,admin.,divorced,professional.course,no,yes,no,telephone,may,thu,27,1,999,0,nonexistent,1.1,93.994,-36.4,4.86,5191.0,no
42,unemployed,divorced,high.school,unknown,yes,yes,telephone,may,thu,157,1,999,0,nonexistent,1.1,93.994,-36.4,4.86,5191.0,no
45,housemaid,married,basic.6y,unknown,no,no,telephone,may,thu,203,1,999,0,nonexistent,1.1,93.994,-36.4,4.86,5191.0,no
35,blue-collar,single,unknown,no,no,no,telephone,may,thu,104,1,999,0,nonexistent,1.1,93.994,-36.4,4.86,5191.0,no
40,services,married,high.school,no,no,no,telephone,may,thu,153,1,999,0,nonexistent,1.1,93.994,-36.4,4.86,5191.0,no
44,blue-collar,single,high.school,no,yes,no,telephone,may,thu,182,2,999,0,nonexistent,1.1,93.994,-36.4,4.86,5191.0,no
30,blue-collar,married,basic.9y,no,no,no,telephone,may,thu,644,2,999,0,nonexistent,1.1,93.994,-36.4,4.86,5191.0,no
28,blue-collar,married,basic.9y,unknown,no,no,telephone,may,thu,140,1,999,0,nonexistent,1.1,93.994,-36.4,4.86,5191.0,no
36,technician,married,professional.course,unknown,yes,no,telephone,may,thu,180,2,999,0,nonexistent,1.1,93.994,-36.4,4.86,5191.0,no
49,services,divorced,basic.6y,unknown,yes,no,telephone,may,thu,173,1,999,0,nonexistent,1.1,93.994,-36.4,4.86,5191.0,no
31,technician,married,professional.course,no,yes,no,telephone,may,thu,374,1,999,0,nonexistent,1.1,93.994,-36.4,4.86,5191.0,no
29,services,married,high.school,no,yes,no,telephone,may,thu,558,6,999,0,nonexistent,1.1,93.994,-36.4,4.86,5191.0,no
34,blue-collar,single,basic.9y,no,no,no,telephone,may,thu,1088,2,999,0,nonexistent,1.1,93.994,-36.4,4.86,5191.0,no
45,blue-collar,married,basic.4y,unknown,yes,no,telephone,may,thu,219,1,999,0,nonexistent,1.1,93.994,-36.4,4.86,5191.0,no
30,blue-collar,single,basic.4y,no,no,no,telephone,may,thu,41,1,999,0,nonexistent,1.1,93.994,-36.4,4.86,5191.0,no
38,technician,married,professional.course,no,no,no,telephone,may,thu,436,1,999,0,nonexistent,1.1,93.994,-36.4,4.86,5191.0,no
33,admin.,married,university.degree,no,no,no,telephone,may,thu,463,1,999,0,nonexistent,1.1,93.994,-36.4,4.86,5191.0,no
32,blue-collar,married,high.school,unknown,yes,no,telephone,may,thu,200,1,999,0,nonexistent,1.1,93.994,-36.4,4.86,5191.0,no
35,blue-collar,married,basic.9y,no,unknown,unknown,telephone,may,thu,34,1,999,0,nonexistent,1.1,93.994,-36.4,4.86,5191.0,no
44,technician,married,professional.course,no,yes,no,telephone,may,thu,160,1,999,0,nonexistent,1.1,93.994,-36.4,4.86,5191.0,no
35,technician,married,professional.course,no,no,no,telephone,may,thu,504,3,999,0,nonexistent,1.1,93.994,-36.4,4.86,5191.0,no
39,services,single,high.school,unknown,no,no,telephone,may,thu,206,1,999,0,nonexistent,1.1,93.994,-36.4,4.86,5191.0,no
52,blue-collar,married,basic.4y,no,yes,no,telephone,may,thu,36,1,999,0,nonexistent,1.1,93.994,-36.4,4.86,5191.0,no
44,blue-collar,married,basic.4y,unknown,no,no,telephone,may,thu,139,2,999,0,nonexistent,1.1,93.994,-36.4,4.86,5191.0,no
33,services,divorced,high.school,no,yes,no,telephone,may,thu,109,1,999,0,nonexistent,1.1,93.994,-36.4,4.86,5191.0,no
41,technician,single,university.degree,unknown,yes,no,telephone,may,thu,90,1,999,0,nonexistent,1.1,93.994,-36.4,4.86,5191.0,no
46,admin.,single,high.school,no,unknown,unknown,telephone,may,thu,257,1,999,0,nonexistent,1.1,93.994,-36.4,4.86,5191.0,no
38,blue-collar,married,basic.4y,unknown,no,no,telephone,may,thu,241,2,999,0,nonexistent,1.1,93.994,-36.4,4.86,5191.0,no
44,blue-collar,divorced,unknown,no,no,yes,telephone,may,thu,94,1,999,0,nonexistent,1.1,93.994,-36.4,4.86,5191.0,no
57,retired,unknown,basic.4y,no,yes,no,telephone,may,thu,171,10,999,0,nonexistent,1.1,93.994,-36.4,4.86,5191.0,no
55,unknown,married,unknown,unknown,yes,no,telephone,may,thu,285,2,999,0,nonexistent,1.1,93.994,-36.4,4.86,5191.0,no
38,blue-collar,divorced,unknown,no,yes,no,telephone,may,thu,451,2,999,0,nonexistent,1.1,93.994,-36.4,4.86,5191.0,no
42,services,divorced,basic.6y,no,yes,no,telephone,may,thu,1074,1,999,0,nonexistent,1.1,93.994,-36.4,4.86,5191.0,yes
56,technician,married,professional.course,unknown,no,no,telephone,may,thu,191,1,999,0,nonexistent,1.1,93.994,-36.4,4.86,5191.0,no
41,management,married,high.school,no,no,no,telephone,may,thu,77,1,999,0,nonexistent,1.1,93.994,-36.4,4.86,5191.0,no
49,blue-collar,married,basic.9y,no,no,no,telephone,may,thu,1036,1,999,0,nonexistent,1.1,93.994,-36.4,4.86,5191.0,no
31,admin.,married,high.school,no,no,no,telephone,may,thu,303,1,999,0,nonexistent,1.1,93.994,-36.4,4.86,5191.0,no
37,self-employed,married,professional.course,no,yes,no,telephone,may,thu,80,1,999,0,nonexistent,1.1,93.994,-36.4,4.86,5191.0,no
40,blue-collar,married,basic.6y,unknown,no,no,telephone,may,thu,322,1,999,0,nonexistent,1.1,93.994,-36.4,4.86,5191.0,no
43,blue-collar,married,basic.4y,no,no,no,telephone,may,thu,111,1,999,0,nonexistent,1.1,93.994,-36.4,4.86,5191.0,no
48,self-employed,married,university.degree,unknown,yes,no,telephone,may,thu,750,2,999,0,nonexistent,1.1,93.994,-36.4,4.86,5191.0,no
45,admin.,married,high.school,no,yes,no,telephone,may,thu,695,1,999,0,nonexistent,1.1,93.994,-36.4,4.86,5191.0,yes
49,technician,married,high.school,no,yes,no,telephone,may,thu,435,1,999,0,nonexistent,1.1,93.994,-36.4,4.86,5191.0,no
52,blue-collar,married,basic.9y,no,yes,no,telephone,may,thu,397,1,999,0,nonexistent,1.1,93.994,-36.4,4.86,5191.0,no
35,blue-collar,married,basic.9y,unknown,no,no,telephone,may,thu,95,3,999,0,nonexistent,1.1,93.994,-36.4,4.86,5191.0,no
52,technician,married,basic.9y,no,yes,no,telephone,may,thu,208,2,999,0,nonexistent,1.1,93.994,-36.4,4.86,5191.0,no
34,admin.,single,high.school,no,yes,no,telephone,may,thu,168,5,999,0,nonexistent,1.1,93.994,-36.4,4.86,5191.0,no
33,admin.,single,high.school,no,unknown,unknown,telephone,may,thu,161,3,999,0,nonexistent,1.1,93.994,-36.4,4.86,5191.0,no
34,services,married,basic.6y,no,yes,yes,telephone,may,thu,1000,1,999,0,nonexistent,1.1,93.994,-36.4,4.86,5191.0,no
46,blue-collar,married,basic.4y,no,no,yes,telephone,may,thu,599,2,999,0,nonexistent,1.1,93.994,-36.4,4.86,5191.0,no
35,entrepreneur,married,basic.9y,no,no,yes,telephone,may,thu,165,1,999,0,nonexistent,1.1,93.994,-36.4,4.86,5191.0,no
41,admin.,married,university.degree,no,yes,no,telephone,may,thu,55,1,999,0,nonexistent,1.1,93.994,-36.4,4.86,5191.0,no
39,blue-collar,married,basic.6y,unknown,no,no,telephone,may,thu,231,1,999,0,nonexistent,1.1,93.994,-36.4,4.86,5191.0,no
52,blue-collar,married,basic.4y,unknown,unknown,unknown,telephone,may,thu,191,1,999,0,nonexistent,1.1,93.994,-36.4,4.86,5191.0,no
46,entrepreneur,divorced,university.degree,no,no,no,telephone,may,thu,127,1,999,0,nonexistent,1.1,93.994,-36.4,4.86,5191.0,no
41,services,married,basic.9y,no,yes,yes,telephone,may,thu,75,1,999,0,nonexistent,1.1,93.994,-36.4,4.86,5191.0,no
54,admin.,married,university.degree,no,unknown,unknown,telephone,may,thu,202,3,999,0,nonexistent,1.1,93.994,-36.4,4.86,5191.0,no
38,services,single,high.school,unknown,no,yes,telephone,may,thu,1257,3,999,0,nonexistent,1.1,93.994,-36.4,4.86,5191.0,yes
48,admin.,married,high.school,no,no,yes,telephone,may,thu,221,1,999,0,nonexistent,1.1,93.994,-36.4,4.86,5191.0,no
59,admin.,married,high.school,no,yes,no,telephone,may,thu,285,1,999,0,nonexistent,1.1,93.994,-36.4,4.86,5191.0,no
45,unknown,married,unknown,no,no,yes,telephone,may,thu,93,1,999,0,nonexistent,1.1,93.994,-36.4,4.86,5191.0,no
50,admin.,married,high.school,no,no,no,telephone,may,thu,290,3,999,0,nonexistent,1.1,93.994,-36.4,4.86,5191.0,no
49,services,married,basic.6y,unknown,yes,no,telephone,may,thu,1165,1,999,0,nonexistent,1.1,93.994,-36.4,4.86,5191.0,no
36,services,married,high.school,no,no,no,telephone,may,thu,295,2,999,0,nonexistent,1.1,93.994,-36.4,4.86,5191.0,no
47,blue-collar,married,basic.4y,no,yes,no,telephone,may,thu,106,1,999,0,nonexistent,1.1,93.994,-36.4,4.86,5191.0,no
45,blue-collar,married,basic.4y,no,no,no,telephone,may,thu,219,1,999,0,nonexistent,1.1,93.994,-36.4,4.86,5191.0,no
44,blue-collar,married,basic.6y,unknown,no,no,telephone,may,thu,236,1,999,0,nonexistent,1.1,93.994,-36.4,4.86,5191.0,no
34,blue-collar,married,basic.9y,unknown,yes,no,telephone,may,thu,139,1,999,0,nonexistent,1.1,93.994,-36.4,4.86,5191.0,no
39,blue-collar,married,basic.9y,no,no,no,telephone,may,thu,651,23,999,0,nonexistent,1.1,93.994,-36.4,4.86,5191.0,yes
45,admin.,married,basic.6y,unknown,yes,no,telephone,may,thu,124,1,999,0,nonexistent,1.1,93.994,-36.4,4.86,5191.0,no
31,blue-collar,single,high.school,no,yes,no,telephone,may,thu,120,1,999,0,nonexistent,1.1,93.994,-36.4,4.86,5191.0,no
45,self-employed,married,basic.6y,unknown,no,no,telephone,may,thu,734,1,999,0,nonexistent,1.1,93.994,-36.4,4.86,5191.0,yes
40,unemployed,divorced,high.school,no,no,no,telephone,may,thu,101,1,999,0,nonexistent,1.1,93.994,-36.4,4.86,5191.0,no
34,blue-collar,married,basic.9y,no,no,no,telephone,may,thu,417,3,999,0,nonexistent,1.1,93.994,-36.4,4.86,5191.0,no
33,technician,married,professional.course,no,no,no,telephone,may,thu,191,4,999,0,nonexistent,1.1,93.994,-36.4,4.86,5191.0,no
40,admin.,married,high.school,unknown,no,no,telephone,may,thu,131,1,999,0,nonexistent,1.1,93.994,-36.4,4.86,5191.0,no
55,blue-collar,married,basic.9y,unknown,no,no,telephone,may,thu,97,1,999,0,nonexistent,1.1,93.994,-36.4,4.86,5191.0,no
30,management,married,university.degree,no,no,no,telephone,may,thu,221,2,999,0,nonexistent,1.1,93.994,-36.4,4.86,5191.0,no
38,admin.,married,basic.6y,no,yes,no,telephone,may,thu,229,1,999,0,nonexistent,1.1,93.994,-36.4,4.86,5191.0,no
36,blue-collar,single,basic.9y,no,no,no,telephone,may,thu,104,1,999,0,nonexistent,1.1,93.994,-36.4,4.86,5191.0,no
34,admin.,married,high.school,no,no,no,telephone,may,thu,122,1,999,0,nonexistent,1.1,93.994,-36.4,4.86,5191.0,no
34,blue-collar,married,basic.4y,no,no,yes,telephone,may,thu,23,1,999,0,nonexistent,1.1,93.994,-36.4,4.86,5191.0,no
33,services,married,basic.4y,no,no,no,telephone,may,thu,402,1,999,0,nonexistent,1.1,93.994,-36.4,4.86,5191.0,no
46,admin.,married,university.degree,no,no,no,telephone,may,thu,68,5,999,0,nonexistent,1.1,93.994,-36.4,4.86,5191.0,no
50,management,married,university.degree,unknown,no,no,telephone,may,thu,587,1,999,0,nonexistent,1.1,93.994,-36.4,4.86,5191.0,no
48,entrepreneur,married,basic.4y,no,no,no,telephone,may,thu,348,1,999,0,nonexistent,1.1,93.994,-36.4,4.86,5191.0,no
39,admin.,single,high.school,unknown,yes,no,telephone,may,thu,51,2,999,0,nonexistent,1.1,93.994,-36.4,4.86,5191.0,no
30,management,single,university.degree,no,unknown,unknown,telephone,may,thu,176,13,999,0,nonexistent,1.1,93.994,-36.4,4.86,5191.0,no
55,blue-collar,married,basic.9y,no,no,no,telephone,may,thu,203,2,999,0,nonexistent,1.1,93.994,-36.4,4.86,5191.0,no
42,unknown,divorced,high.school,no,no,no,telephone,may,thu,57,2,999,0,nonexistent,1.1,93.994,-36.4,4.86,5191.0,no
41,blue-collar,single,basic.9y,no,no,no,telephone,may,thu,74,1,999,0,nonexistent,1.1,93.994,-36.4,4.86,5191.0,no
36,blue-collar,single,basic.4y,no,no,no,telephone,may,thu,464,2,999,0,nonexistent,1.1,93.994,-36.4,4.86,5191.0,no
36,technician,single,university.degree,no,no,no,telephone,may,thu,738,7,999,0,nonexistent,1.1,93.994,-36.4,4.86,5191.0,no
46,management,married,basic.9y,no,yes,no,telephone,may,thu,126,1,999,0,nonexistent,1.1,93.994,-36.4,4.86,5191.0,no
57,technician,divorced,basic.4y,no,yes,no,telephone,may,thu,452,2,999,0,nonexistent,1.1,93.994,-36.4,4.86,5191.0,no
36,blue-collar,married,unknown,unknown,no,no,telephone,may,thu,230,7,999,0,nonexistent,1.1,93.994,-36.4,4.86,5191.0,no
48,blue-collar,married,basic.9y,no,no,no,telephone,may,thu,187,4,999,0,nonexistent,1.1,93.994,-36.4,4.86,5191.0,no
49,blue-collar,divorced,basic.4y,unknown,no,no,telephone,may,thu,920,2,999,0,nonexistent,1.1,93.994,-36.4,4.86,5191.0,yes
58,self-employed,married,university.degree,no,no,no,telephone,may,thu,136,1,999,0,nonexistent,1.1,93.994,-36.4,4.86,5191.0,no
36,unknown,single,basic.6y,unknown,no,no,telephone,may,thu,1244,3,999,0,nonexistent,1.1,93.994,-36.4,4.86,5191.0,no
34,admin.,single,high.school,no,no,no,telephone,may,thu,80,1,999,0,nonexistent,1.1,93.994,-36.4,4.86,5191.0,no
42,admin.,married,university.degree,no,no,no,telephone,may,thu,431,1,999,0,nonexistent,1.1,93.994,-36.4,4.86,5191.0,no
41,blue-collar,married,basic.9y,no,no,no,telephone,may,thu,500,1,999,0,nonexistent,1.1,93.994,-36.4,4.86,5191.0,yes
43,blue-collar,married,basic.4y,unknown,no,no,telephone,may,thu,115,3,999,0,nonexistent,1.1,93.994,-36.4,4.86,5191.0,no
59,technician,married,unknown,no,yes,no,telephone,may,thu,30,1,999,0,nonexistent,1.1,93.994,-36.4,4.86,5191.0,no
37,admin.,married,high.school,no,yes,no,telephone,may,thu,133,1,999,0,nonexistent,1.1,93.994,-36.4,4.86,5191.0,no
38,unknown,married,unknown,unknown,yes,no,telephone,may,thu,270,1,999,0,nonexistent,1.1,93.994,-36.4,4.86,5191.0,no
52,technician,married,high.school,no,yes,no,telephone,may,thu,355,1,999,0,nonexistent,1.1,93.994,-36.4,4.86,5191.0,no
40,admin.,married,high.school,unknown,yes,no,telephone,may,thu,299,1,999,0,nonexistent,1.1,93.994,-36.4,4.86,5191.0,no
45,unknown,married,unknown,no,no,yes,telephone,may,thu,160,1,999,0,nonexistent,1.1,93.994,-36.4,4.86,5191.0,no
55,blue-collar,married,basic.9y,unknown,yes,no,telephone,may,thu,172,4,999,0,nonexistent,1.1,93.994,-36.4,4.86,5191.0,no
54,management,divorced,university.degree,no,yes,no,telephone,may,thu,49,1,999,0,nonexistent,1.1,93.994,-36.4,4.86,5191.0,no
32,housemaid,single,basic.4y,no,yes,no,telephone,may,thu,117,1,999,0,nonexistent,1.1,93.994,-36.4,4.86,5191.0,no
36,admin.,divorced,university.degree,no,yes,no,telephone,may,thu,155,1,999,0,nonexistent,1.1,93.994,-36.4,4.86,5191.0,no
32,housemaid,single,basic.4y,no,no,no,telephone,may,thu,477,1,999,0,nonexistent,1.1,93.994,-36.4,4.86,5191.0,no
37,services,married,high.school,no,no,no,telephone,may,thu,200,3,999,0,nonexistent,1.1,93.994,-36.4,4.86,5191.0,no
38,blue-collar,single,basic.4y,no,yes,no,telephone,may,thu,187,2,999,0,nonexistent,1.1,93.994,-36.4,4.86,5191.0,no
50,blue-collar,single,basic.9y,unknown,yes,no,telephone,may,thu,236,3,999,0,nonexistent,1.1,93.994,-36.4,4.86,5191.0,no
38,blue-collar,single,basic.6y,unknown,yes,no,telephone,may,thu,50,7,999,0,nonexistent,1.1,93.994,-36.4,4.86,5191.0,no
49,self-employed,married,professional.course,no,unknown,unknown,telephone,may,thu,104,2,999,0,nonexistent,1.1,93.994,-36.4,4.86,5191.0,no
37,admin.,divorced,high.school,no,no,no,telephone,may,thu,51,10,999,0,nonexistent,1.1,93.994,-36.4,4.86,5191.0,no
47,blue-collar,married,basic.9y,unknown,yes,no,telephone,may,thu,221,4,999,0,nonexistent,1.1,93.994,-36.4,4.86,5191.0,no
33,blue-collar,married,basic.4y,unknown,no,no,telephone,may,thu,98,2,999,0,nonexistent,1.1,93.994,-36.4,4.86,5191.0,no
31,services,married,high.school,no,no,no,telephone,may,thu,253,2,999,0,nonexistent,1.1,93.994,-36.4,4.86,5191.0,no
45,entrepreneur,married,university.degree,no,no,no,telephone,may,thu,71,1,999,0,nonexistent,1.1,93.994,-36.4,4.86,5191.0,no
36,blue-collar,married,basic.9y,no,no,no,telephone,may,thu,127,2,999,0,nonexistent,1.1,93.994,-36.4,4.86,5191.0,no
49,self-employed,married,basic.9y,no,yes,no,telephone,may,thu,74,2,999,0,nonexistent,1.1,93.994,-36.4,4.86,5191.0,no
39,technician,married,professional.course,no,no,no,telephone,may,thu,173,2,999,0,nonexistent,1.1,93.994,-36.4,4.86,5191.0,no
36,blue-collar,married,basic.4y,no,no,no,telephone,may,thu,544,2,999,0,nonexistent,1.1,93.994,-36.4,4.86,5191.0,no
31,admin.,single,university.degree,no,yes,no,telephone,may,thu,309,2,999,0,nonexistent,1.1,93.994,-36.4,4.86,5191.0,no
54,blue-collar,divorced,basic.4y,no,no,no,telephone,may,thu,138,2,999,0,nonexistent,1.1,93.994,-36.4,4.86,5191.0,no
39,admin.,married,university.degree,no,no,no,telephone,may,thu,73,1,999,0,nonexistent,1.1,93.994,-36.4,4.86,5191.0,no
32,admin.,married,university.degree,unknown,yes,no,telephone,may,thu,71,2,999,0,nonexistent,1.1,93.994,-36.4,4.86,5191.0,no
43,technician,divorced,professional.course,no,yes,no,telephone,may,thu,193,5,999,0,nonexistent,1.1,93.994,-36.4,4.86,5191.0,no
53,blue-collar,married,basic.4y,no,no,no,telephone,may,thu,198,3,999,0,nonexistent,1.1,93.994,-36.4,4.86,5191.0,no
28,admin.,single,high.school,no,yes,no,telephone,may,thu,243,4,999,0,nonexistent,1.1,93.994,-36.4,4.86,5191.0,no
50,blue-collar,single,basic.9y,unknown,yes,no,telephone,may,thu,57,2,999,0,nonexistent,1.1,93.994,-36.4,4.86,5191.0,no
44,admin.,single,university.degree,unknown,no,no,telephone,may,thu,49,1,999,0,nonexistent,1.1,93.994,-36.4,4.86,5191.0,no
56,admin.,divorced,unknown,unknown,yes,no,telephone,may,thu,719,1,999,0,nonexistent,1.1,93.994,-36.4,4.86,5191.0,no
35,unemployed,divorced,basic.4y,no,yes,no,telephone,may,thu,98,1,999,0,nonexistent,1.1,93.994,-36.4,4.86,5191.0,no
31,housemaid,married,basic.4y,unknown,no,no,telephone,may,thu,196,2,999,0,nonexistent,1.1,93.994,-36.4,4.86,5191.0,no
47,management,divorced,university.degree,no,yes,no,telephone,may,thu,243,1,999,0,nonexistent,1.1,93.994,-36.4,4.86,5191.0,no
39,admin.,single,high.school,unknown,no,no,telephone,may,thu,344,2,999,0,nonexistent,1.1,93.994,-36.4,4.86,5191.0,no
35,admin.,single,university.degree,no,no,no,telephone,may,thu,135,1,999,0,nonexistent,1.1,93.994,-36.4,4.86,5191.0,no
31,entrepreneur,married,high.school,no,yes,no,telephone,may,thu,168,1,999,0,nonexistent,1.1,93.994,-36.4,4.86,5191.0,no
45,blue-collar,married,basic.9y,unknown,no,no,telephone,may,thu,525,1,999,0,nonexistent,1.1,93.994,-36.4,4.86,5191.0,no
39,blue-collar,single,basic.4y,no,no,no,telephone,may,thu,122,6,999,0,nonexistent,1.1,93.994,-36.4,4.86,5191.0,no
60,management,married,university.degree,unknown,yes,no,telephone,may,thu,152,2,999,0,nonexistent,1.1,93.994,-36.4,4.86,5191.0,no
45,admin.,married,basic.9y,unknown,yes,no,telephone,may,thu,111,2,999,0,nonexistent,1.1,93.994,-36.4,4.86,5191.0,no
35,technician,married,university.degree,unknown,yes,no,telephone,may,thu,133,2,999,0,nonexistent,1.1,93.994,-36.4,4.86,5191.0,no
53,retired,divorced,high.school,no,no,yes,telephone,may,thu,504,5,999,0,nonexistent,1.1,93.994,-36.4,4.86,5191.0,no
54,blue-collar,divorced,basic.4y,no,no,no,telephone,may,thu,192,3,999,0,nonexistent,1.1,93.994,-36.4,4.86,5191.0,no
36,services,single,basic.6y,unknown,yes,no,telephone,may,thu,164,2,999,0,nonexistent,1.1,93.994,-36.4,4.86,5191.0,no
39,services,divorced,basic.9y,no,yes,no,telephone,may,thu,51,1,999,0,nonexistent,1.1,93.994,-36.4,4.86,5191.0,no
32,admin.,married,university.degree,no,no,no,telephone,may,thu,99,2,999,0,nonexistent,1.1,93.994,-36.4,4.86,5191.0,no
42,admin.,single,university.degree,no,no,no,telephone,may,thu,236,3,999,0,nonexistent,1.1,93.994,-36.4,4.86,5191.0,no
36,blue-collar,married,basic.9y,no,no,no,telephone,may,thu,815,1,999,0,nonexistent,1.1,93.994,-36.4,4.86,5191.0,no
38,admin.,divorced,high.school,no,no,no,telephone,may,thu,134,1,999,0,nonexistent,1.1,93.994,-36.4,4.86,5191.0,no
34,entrepreneur,single,unknown,unknown,yes,no,telephone,may,thu,318,1,999,0,nonexistent,1.1,93.994,-36.4,4.86,5191.0,no
34,management,married,university.degree,no,yes,no,telephone,may,thu,118,1,999,0,nonexistent,1.1,93.994,-36.4,4.86,5191.0,no
30,admin.,married,university.degree,no,yes,no,telephone,may,thu,911,2,999,0,nonexistent,1.1,93.994,-36.4,4.86,5191.0,yes
36,technician,single,professional.course,no,yes,no,telephone,may,thu,238,1,999,0,nonexistent,1.1,93.994,-36.4,4.86,5191.0,no
32,management,married,basic.6y,no,yes,no,telephone,may,thu,490,3,999,0,nonexistent,1.1,93.994,-36.4,4.86,5191.0,no
51,admin.,married,high.school,no,unknown,unknown,telephone,may,thu,89,1,999,0,nonexistent,1.1,93.994,-36.4,4.86,5191.0,no
29,services,married,high.school,no,yes,yes,telephone,may,thu,286,2,999,0,nonexistent,1.1,93.994,-36.4,4.86,5191.0,no
44,blue-collar,divorced,unknown,no,no,no,telephone,may,thu,76,3,999,0,nonexistent,1.1,93.994,-36.4,4.86,5191.0,no
38,blue-collar,married,basic.6y,no,yes,no,telephone,may,thu,176,2,999,0,nonexistent,1.1,93.994,-36.4,4.86,5191.0,no
59,retired,married,professional.course,no,no,no,telephone,may,thu,422,3,999,0,nonexistent,1.1,93.994,-36.4,4.86,5191.0,no
29,admin.,single,university.degree,no,no,no,telephone,may,thu,22,3,999,0,nonexistent,1.1,93.994,-36.4,4.86,5191.0,no
35,unemployed,married,basic.4y,unknown,unknown,unknown,telephone,may,thu,71,4,999,0,nonexistent,1.1,93.994,-36.4,4.86,5191.0,no
36,blue-collar,single,basic.9y,no,no,yes,telephone,may,thu,465,3,999,0,nonexistent,1.1,93.994,-36.4,4.86,5191.0,no
33,services,married,high.school,unknown,yes,no,telephone,may,thu,83,3,999,0,nonexistent,1.1,93.994,-36.4,4.86,5191.0,no
34,admin.,divorced,basic.9y,no,no,no,telephone,may,thu,973,2,999,0,nonexistent,1.1,93.994,-36.4,4.86,5191.0,no
48,management,married,university.degree,no,yes,no,telephone,may,thu,190,2,999,0,nonexistent,1.1,93.994,-36.4,4.86,5191.0,no
25,blue-collar,single,basic.9y,unknown,yes,no,telephone,may,thu,323,1,999,0,nonexistent,1.1,93.994,-36.4,4.86,5191.0,no
25,blue-collar,single,basic.9y,unknown,yes,no,telephone,may,thu,113,1,999,0,nonexistent,1.1,93.994,-36.4,4.86,5191.0,no
52,self-employed,married,basic.4y,unknown,yes,no,telephone,may,thu,228,1,999,0,nonexistent,1.1,93.994,-36.4,4.86,5191.0,no
34,blue-collar,single,basic.9y,unknown,no,yes,telephone,may,thu,110,1,999,0,nonexistent,1.1,93.994,-36.4,4.86,5191.0,no
27,unemployed,married,basic.9y,no,no,no,telephone,may,thu,84,14,999,0,nonexistent,1.1,93.994,-36.4,4.86,5191.0,no
44,blue-collar,married,basic.4y,no,no,yes,telephone,may,thu,59,1,999,0,nonexistent,1.1,93.994,-36.4,4.86,5191.0,no
36,blue-collar,married,basic.9y,no,no,no,telephone,may,thu,294,2,999,0,nonexistent,1.1,93.994,-36.4,4.86,5191.0,no
40,blue-collar,married,basic.9y,unknown,yes,no,telephone,may,thu,21,5,999,0,nonexistent,1.1,93.994,-36.4,4.86,5191.0,no
57,blue-collar,married,basic.4y,unknown,yes,no,telephone,may,thu,144,1,999,0,nonexistent,1.1,93.994,-36.4,4.86,5191.0,no
30,blue-collar,single,high.school,no,yes,no,telephone,may,thu,399,1,999,0,nonexistent,1.1,93.994,-36.4,4.86,5191.0,no
31,admin.,single,high.school,no,no,no,telephone,may,thu,132,22,999,0,nonexistent,1.1,93.994,-36.4,4.86,5191.0,no
40,admin.,married,unknown,no,no,no,telephone,may,thu,387,4,999,0,nonexistent,1.1,93.994,-36.4,4.86,5191.0,no
44,admin.,married,university.degree,unknown,yes,no,telephone,may,thu,344,2,999,0,nonexistent,1.1,93.994,-36.4,4.86,5191.0,no
42,management,divorced,university.degree,no,no,no,telephone,may,thu,279,9,999,0,nonexistent,1.1,93.994,-36.4,4.86,5191.0,no
28,student,single,basic.4y,no,no,no,telephone,may,thu,484,8,999,0,nonexistent,1.1,93.994,-36.4,4.86,5191.0,no
47,blue-collar,married,unknown,unknown,yes,no,telephone,may,thu,461,1,999,0,nonexistent,1.1,93.994,-36.4,4.86,5191.0,no
58,retired,divorced,university.degree,no,yes,no,telephone,may,thu,30,2,999,0,nonexistent,1.1,93.994,-36.4,4.86,5191.0,no
32,services,single,professional.course,no,yes,no,telephone,may,thu,561,1,999,0,nonexistent,1.1,93.994,-36.4,4.86,5191.0,no
53,technician,married,professional.course,unknown,yes,no,telephone,may,thu,920,2,999,0,nonexistent,1.1,93.994,-36.4,4.86,5191.0,yes
29,technician,single,professional.course,no,no,no,telephone,may,thu,388,2,999,0,nonexistent,1.1,93.994,-36.4,4.86,5191.0,no
34,technician,single,professional.course,no,no,no,telephone,may,thu,100,4,999,0,nonexistent,1.1,93.994,-36.4,4.86,5191.0,no
35,technician,married,unknown,unknown,no,no,telephone,may,thu,1224,2,999,0,nonexistent,1.1,93.994,-36.4,4.86,5191.0,yes
38,housemaid,married,high.school,unknown,no,no,telephone,may,thu,384,4,999,0,nonexistent,1.1,93.994,-36.4,4.86,5191.0,no
41,blue-collar,married,basic.4y,no,no,no,telephone,may,thu,52,1,999,0,nonexistent,1.1,93.994,-36.4,4.86,5191.0,no
58,management,married,university.degree,unknown,no,no,telephone,may,thu,205,2,999,0,nonexistent,1.1,93.994,-36.4,4.86,5191.0,no
24,services,single,high.school,no,no,no,telephone,may,thu,486,2,999,0,nonexistent,1.1,93.994,-36.4,4.86,5191.0,no
28,blue-collar,married,basic.9y,no,no,no,telephone,may,thu,523,5,999,0,nonexistent,1.1,93.994,-36.4,4.86,5191.0,no
55,blue-collar,married,basic.4y,unknown,yes,no,telephone,may,thu,186,5,999,0,nonexistent,1.1,93.994,-36.4,4.86,5191.0,no
38,blue-collar,single,basic.9y,no,no,no,telephone,may,thu,73,5,999,0,nonexistent,1.1,93.994,-36.4,4.86,5191.0,no
50,blue-collar,married,basic.6y,unknown,no,no,telephone,may,thu,544,3,999,0,nonexistent,1.1,93.994,-36.4,4.86,5191.0,no
35,admin.,married,university.degree,no,no,no,telephone,may,thu,420,4,999,0,nonexistent,1.1,93.994,-36.4,4.86,5191.0,no
30,technician,single,professional.course,no,no,no,telephone,may,thu,584,2,999,0,nonexistent,1.1,93.994,-36.4,4.86,5191.0,no
39,entrepreneur,married,basic.9y,unknown,no,no,telephone,may,thu,192,3,999,0,nonexistent,1.1,93.994,-36.4,4.86,5191.0,no
28,admin.,divorced,high.school,no,no,yes,telephone,may,thu,155,2,999,0,nonexistent,1.1,93.994,-36.4,4.86,5191.0,no
38,student,single,university.degree,no,no,no,telephone,may,thu,619,4,999,0,nonexistent,1.1,93.994,-36.4,4.86,5191.0,no
34,management,married,university.degree,no,no,yes,telephone,may,thu,298,3,999,0,nonexistent,1.1,93.994,-36.4,4.86,5191.0,no
44,technician,married,professional.course,no,yes,no,telephone,may,thu,515,2,999,0,nonexistent,1.1,93.994,-36.4,4.86,5191.0,no
36,management,married,basic.9y,no,yes,no,telephone,may,thu,21,6,999,0,nonexistent,1.1,93.994,-36.4,4.86,5191.0,no
40,admin.,married,university.degree,no,yes,no,telephone,may,thu,404,7,999,0,nonexistent,1.1,93.994,-36.4,4.86,5191.0,no
32,admin.,divorced,high.school,no,yes,no,telephone,may,thu,241,23,999,0,nonexistent,1.1,93.994,-36.4,4.86,5191.0,no
29,admin.,married,university.degree,no,yes,no,telephone,may,thu,302,1,999,0,nonexistent,1.1,93.994,-36.4,4.86,5191.0,no
50,unemployed,married,professional.course,no,no,no,telephone,may,thu,440,2,999,0,nonexistent,1.1,93.994,-36.4,4.86,5191.0,no
46,management,married,basic.4y,unknown,no,no,telephone,may,thu,319,7,999,0,nonexistent,1.1,93.994,-36.4,4.86,5191.0,no
45,blue-collar,married,basic.4y,no,yes,no,telephone,may,thu,276,3,999,0,nonexistent,1.1,93.994,-36.4,4.86,5191.0,no
32,blue-collar,married,basic.9y,no,unknown,unknown,telephone,may,thu,276,4,999,0,nonexistent,1.1,93.994,-36.4,4.86,5191.0,no
25,technician,single,university.degree,no,yes,no,telephone,may,thu,19,8,999,0,nonexistent,1.1,93.994,-36.4,4.86,5191.0,no
26,unemployed,single,basic.9y,no,no,yes,telephone,may,thu,546,8,999,0,nonexistent,1.1,93.994,-36.4,4.86,5191.0,no
34,admin.,married,university.degree,no,yes,no,telephone,may,thu,419,2,999,0,nonexistent,1.1,93.994,-36.4,4.86,5191.0,no
33,blue-collar,divorced,basic.9y,unknown,no,no,telephone,may,thu,1867,6,999,0,nonexistent,1.1,93.994,-36.4,4.86,5191.0,yes
37,technician,single,university.degree,no,no,no,telephone,may,thu,156,5,999,0,nonexistent,1.1,93.994,-36.4,4.86,5191.0,no
53,admin.,married,basic.9y,no,yes,yes,telephone,may,thu,548,1,999,0,nonexistent,1.1,93.994,-36.4,4.86,5191.0,no
48,blue-collar,married,basic.9y,no,yes,no,telephone,may,thu,244,2,999,0,nonexistent,1.1,93.994,-36.4,4.86,5191.0,no
36,blue-collar,married,basic.4y,unknown,yes,no,telephone,may,thu,328,4,999,0,nonexistent,1.1,93.994,-36.4,4.86,5191.0,no
54,admin.,married,high.school,no,yes,yes,telephone,may,thu,171,2,999,0,nonexistent,1.1,93.994,-36.4,4.86,5191.0,no
44,technician,married,professional.course,unknown,no,no,telephone,may,thu,284,5,999,0,nonexistent,1.1,93.994,-36.4,4.86,5191.0,no
44,services,married,high.school,unknown,yes,no,telephone,may,thu,1263,2,999,0,nonexistent,1.1,93.994,-36.4,4.86,5191.0,yes
56,management,married,basic.6y,no,no,yes,telephone,may,thu,92,3,999,0,nonexistent,1.1,93.994,-36.4,4.86,5191.0,no
43,admin.,married,university.degree,unknown,yes,no,telephone,may,thu,17,10,999,0,nonexistent,1.1,93.994,-36.4,4.86,5191.0,no
31,self-employed,married,basic.9y,no,no,no,telephone,may,thu,301,4,999,0,nonexistent,1.1,93.994,-36.4,4.86,5191.0,no
31,student,single,unknown,unknown,yes,no,telephone,may,thu,267,5,999,0,nonexistent,1.1,93.994,-36.4,4.86,5191.0,no
38,technician,married,university.degree,no,yes,no,telephone,may,thu,770,2,999,0,nonexistent,1.1,93.994,-36.4,4.86,5191.0,no
40,blue-collar,single,basic.4y,unknown,no,no,telephone,may,thu,487,4,999,0,nonexistent,1.1,93.994,-36.4,4.86,5191.0,no
44,services,married,high.school,no,no,no,telephone,may,thu,126,2,999,0,nonexistent,1.1,93.994,-36.4,4.86,5191.0,no
36,admin.,married,basic.6y,no,no,no,telephone,may,thu,114,1,999,0,nonexistent,1.1,93.994,-36.4,4.86,5191.0,no
48,technician,single,unknown,unknown,no,no,telephone,may,thu,257,7,999,0,nonexistent,1.1,93.994,-36.4,4.86,5191.0,no
35,self-employed,married,university.degree,unknown,yes,yes,telephone,may,thu,365,1,999,0,nonexistent,1.1,93.994,-36.4,4.86,5191.0,no
50,blue-collar,married,basic.9y,no,yes,no,telephone,may,thu,697,3,999,0,nonexistent,1.1,93.994,-36.4,4.86,5191.0,yes
49,management,married,university.degree,no,no,yes,telephone,may,thu,192,3,999,0,nonexistent,1.1,93.994,-36.4,4.86,5191.0,no
50,self-employed,married,basic.4y,unknown,no,no,telephone,may,thu,244,2,999,0,nonexistent,1.1,93.994,-36.4,4.86,5191.0,no
29,technician,single,professional.course,no,yes,yes,telephone,may,thu,118,4,999,0,nonexistent,1.1,93.994,-36.4,4.86,5191.0,no
29,blue-collar,married,basic.6y,no,no,no,telephone,may,thu,160,1,999,0,nonexistent,1.1,93.994,-36.4,4.86,5191.0,no
60,entrepreneur,married,basic.4y,no,unknown,unknown,telephone,may,thu,101,3,999,0,nonexistent,1.1,93.994,-36.4,4.86,5191.0,no
41,entrepreneur,married,high.school,unknown,no,no,telephone,may,thu,56,13,999,0,nonexistent,1.1,93.994,-36.4,4.86,5191.0,no
46,admin.,married,university.degree,no,no,no,telephone,may,thu,430,2,999,0,nonexistent,1.1,93.994,-36.4,4.86,5191.0,no
54,retired,divorced,professional.course,no,yes,no,telephone,may,thu,242,6,999,0,nonexistent,1.1,93.994,-36.4,4.86,5191.0,no
49,blue-collar,married,unknown,no,no,no,telephone,may,thu,809,3,999,0,nonexistent,1.1,93.994,-36.4,4.86,5191.0,no
41,admin.,married,high.school,no,yes,no,telephone,may,thu,317,7,999,0,nonexistent,1.1,93.994,-36.4,4.86,5191.0,no
26,unemployed,single,professional.course,no,no,no,telephone,may,thu,7,7,999,0,nonexistent,1.1,93.994,-36.4,4.86,5191.0,no
43,admin.,married,university.degree,no,yes,no,telephone,may,thu,493,2,999,0,nonexistent,1.1,93.994,-36.4,4.86,5191.0,no
40,services,single,high.school,unknown,yes,no,telephone,may,thu,381,7,999,0,nonexistent,1.1,93.994,-36.4,4.86,5191.0,no
35,management,married,university.degree,no,no,no,telephone,may,thu,112,2,999,0,nonexistent,1.1,93.994,-36.4,4.86,5191.0,no
36,admin.,divorced,university.degree,no,yes,no,telephone,may,thu,309,2,999,0,nonexistent,1.1,93.994,-36.4,4.86,5191.0,no
50,blue-collar,married,unknown,unknown,no,no,telephone,may,thu,184,2,999,0,nonexistent,1.1,93.994,-36.4,4.86,5191.0,no
45,technician,divorced,professional.course,no,yes,no,telephone,may,thu,850,6,999,0,nonexistent,1.1,93.994,-36.4,4.86,5191.0,no
49,technician,married,university.degree,no,yes,no,telephone,may,thu,420,2,999,0,nonexistent,1.1,93.994,-36.4,4.86,5191.0,no
35,blue-collar,married,basic.9y,no,no,no,telephone,may,thu,71,3,999,0,nonexistent,1.1,93.994,-36.4,4.86,5191.0,no
41,blue-collar,married,basic.9y,no,yes,no,telephone,may,thu,314,7,999,0,nonexistent,1.1,93.994,-36.4,4.86,5191.0,no
34,blue-collar,married,basic.9y,no,yes,no,telephone,may,thu,196,4,999,0,nonexistent,1.1,93.994,-36.4,4.86,5191.0,no
56,blue-collar,married,basic.9y,unknown,yes,no,telephone,may,thu,151,2,999,0,nonexistent,1.1,93.994,-36.4,4.86,5191.0,no
37,management,unknown,high.school,no,no,no,telephone,may,thu,95,6,999,0,nonexistent,1.1,93.994,-36.4,4.86,5191.0,no
46,blue-collar,married,basic.6y,unknown,yes,no,telephone,may,thu,516,9,999,0,nonexistent,1.1,93.994,-36.4,4.86,5191.0,no
50,retired,married,basic.4y,unknown,yes,no,telephone,may,thu,855,4,999,0,nonexistent,1.1,93.994,-36.4,4.86,5191.0,no
46,admin.,single,high.school,no,no,no,telephone,may,thu,78,4,999,0,nonexistent,1.1,93.994,-36.4,4.86,5191.0,no
39,blue-collar,married,basic.4y,unknown,no,yes,telephone,may,thu,875,5,999,0,nonexistent,1.1,93.994,-36.4,4.86,5191.0,no
59,technician,married,basic.6y,unknown,no,no,telephone,may,thu,24,16,999,0,nonexistent,1.1,93.994,-36.4,4.86,5191.0,no
55,blue-collar,divorced,basic.9y,no,yes,no,telephone,may,thu,190,6,999,0,nonexistent,1.1,93.994,-36.4,4.86,5191.0,no
36,admin.,single,university.degree,no,no,no,telephone,may,thu,53,3,999,0,nonexistent,1.1,93.994,-36.4,4.86,5191.0,no
57,management,married,university.degree,no,yes,no,telephone,may,thu,278,4,999,0,nonexistent,1.1,93.994,-36.4,4.86,5191.0,no
58,retired,married,basic.6y,unknown,no,no,telephone,may,thu,284,2,999,0,nonexistent,1.1,93.994,-36.4,4.86,5191.0,no
36,services,married,high.school,no,unknown,unknown,telephone,may,thu,262,4,999,0,nonexistent,1.1,93.994,-36.4,4.86,5191.0,no
42,blue-collar,married,basic.4y,unknown,no,no,telephone,may,thu,391,3,999,0,nonexistent,1.1,93.994,-36.4,4.86,5191.0,no
37,technician,married,university.degree,no,no,no,telephone,may,thu,263,4,999,0,nonexistent,1.1,93.994,-36.4,4.86,5191.0,no
34,services,married,high.school,no,no,no,telephone,may,thu,214,4,999,0,nonexistent,1.1,93.994,-36.4,4.86,5191.0,no
32,admin.,married,university.degree,no,no,no,telephone,may,thu,88,3,999,0,nonexistent,1.1,93.994,-36.4,4.86,5191.0,no
48,blue-collar,married,high.school,unknown,no,no,telephone,may,thu,202,4,999,0,nonexistent,1.1,93.994,-36.4,4.86,5191.0,no
25,admin.,single,high.school,no,no,yes,telephone,may,thu,311,3,999,0,nonexistent,1.1,93.994,-36.4,4.86,5191.0,no
28,student,single,basic.9y,unknown,yes,no,telephone,may,thu,213,2,999,0,nonexistent,1.1,93.994,-36.4,4.86,5191.0,no
55,unemployed,married,basic.4y,unknown,no,no,telephone,may,thu,214,4,999,0,nonexistent,1.1,93.994,-36.4,4.86,5191.0,no
31,blue-collar,married,basic.9y,no,unknown,unknown,telephone,may,thu,90,3,999,0,nonexistent,1.1,93.994,-36.4,4.86,5191.0,no
57,retired,single,high.school,no,yes,no,telephone,may,thu,448,4,999,0,nonexistent,1.1,93.994,-36.4,4.86,5191.0,no
42,technician,married,high.school,no,no,no,telephone,may,thu,70,6,999,0,nonexistent,1.1,93.994,-36.4,4.86,5191.0,no
44,admin.,single,high.school,no,yes,no,telephone,may,thu,347,4,999,0,nonexistent,1.1,93.994,-36.4,4.86,5191.0,no
30,admin.,single,high.school,no,no,yes,telephone,may,thu,892,4,999,0,nonexistent,1.1,93.994,-36.4,4.86,5191.0,yes
30,blue-collar,married,basic.9y,no,yes,no,telephone,may,thu,320,3,999,0,nonexistent,1.1,93.994,-36.4,4.86,5191.0,no
45,blue-collar,married,basic.4y,unknown,yes,no,telephone,may,thu,222,11,999,0,nonexistent,1.1,93.994,-36.4,4.86,5191.0,no
35,blue-collar,married,basic.4y,no,no,no,telephone,may,thu,98,2,999,0,nonexistent,1.1,93.994,-36.4,4.86,5191.0,no
43,management,married,professional.course,no,no,no,telephone,may,thu,734,5,999,0,nonexistent,1.1,93.994,-36.4,4.86,5191.0,no
32,services,married,high.school,unknown,yes,no,telephone,may,thu,177,3,999,0,nonexistent,1.1,93.994,-36.4,4.86,5191.0,no
47,blue-collar,divorced,basic.9y,unknown,yes,no,telephone,may,thu,65,7,999,0,nonexistent,1.1,93.994,-36.4,4.86,5191.0,no
31,services,single,high.school,no,yes,no,telephone,may,thu,543,12,999,0,nonexistent,1.1,93.994,-36.4,4.86,5191.0,no
49,blue-collar,married,basic.6y,no,yes,no,telephone,may,thu,374,5,999,0,nonexistent,1.1,93.994,-36.4,4.86,5191.0,no
40,blue-collar,single,basic.9y,no,yes,no,telephone,may,thu,137,2,999,0,nonexistent,1.1,93.994,-36.4,4.86,5191.0,no
47,services,married,high.school,no,unknown,unknown,telephone,may,thu,178,2,999,0,nonexistent,1.1,93.994,-36.4,4.86,5191.0,no
29,unemployed,single,university.degree,no,no,no,telephone,may,thu,297,1,999,0,nonexistent,1.1,93.994,-36.4,4.86,5191.0,no
37,blue-collar,married,basic.9y,no,yes,no,telephone,may,thu,377,4,999,0,nonexistent,1.1,93.994,-36.4,4.86,5191.0,no
33,blue-collar,single,basic.9y,unknown,yes,yes,telephone,may,fri,84,2,999,0,nonexistent,1.1,93.994,-36.4,4.859,5191.0,no
36,self-employed,married,basic.9y,no,yes,yes,telephone,may,fri,122,2,999,0,nonexistent,1.1,93.994,-36.4,4.859,5191.0,no
46,unemployed,married,high.school,unknown,no,no,telephone,may,fri,135,3,999,0,nonexistent,1.1,93.994,-36.4,4.859,5191.0,no
33,entrepreneur,married,basic.9y,unknown,no,no,telephone,may,fri,95,3,999,0,nonexistent,1.1,93.994,-36.4,4.859,5191.0,no
32,entrepreneur,married,high.school,no,no,no,telephone,may,fri,248,3,999,0,nonexistent,1.1,93.994,-36.4,4.859,5191.0,no
36,admin.,married,university.degree,no,yes,no,telephone,may,fri,336,2,999,0,nonexistent,1.1,93.994,-36.4,4.859,5191.0,no
28,blue-collar,single,basic.9y,no,no,yes,telephone,may,fri,28,4,999,0,nonexistent,1.1,93.994,-36.4,4.859,5191.0,no
47,entrepreneur,married,university.degree,no,yes,no,telephone,may,fri,329,3,999,0,nonexistent,1.1,93.994,-36.4,4.859,5191.0,no
51,admin.,married,basic.6y,unknown,yes,no,telephone,may,fri,343,1,999,0,nonexistent,1.1,93.994,-36.4,4.859,5191.0,no
34,blue-collar,single,university.degree,no,yes,yes,telephone,may,fri,266,6,999,0,nonexistent,1.1,93.994,-36.4,4.859,5191.0,no
42,admin.,married,unknown,no,no,no,telephone,may,fri,137,1,999,0,nonexistent,1.1,93.994,-36.4,4.859,5191.0,no
39,technician,married,professional.course,no,yes,no,telephone,may,fri,159,1,999,0,nonexistent,1.1,93.994,-36.4,4.859,5191.0,no
46,unemployed,divorced,high.school,unknown,yes,yes,telephone,may,fri,69,15,999,0,nonexistent,1.1,93.994,-36.4,4.859,5191.0,no
37,services,married,high.school,no,yes,no,telephone,may,fri,228,1,999,0,nonexistent,1.1,93.994,-36.4,4.859,5191.0,no
45,entrepreneur,married,university.degree,no,yes,yes,telephone,may,fri,515,1,999,0,nonexistent,1.1,93.994,-36.4,4.859,5191.0,yes
30,self-employed,single,high.school,no,yes,no,telephone,may,fri,144,1,999,0,nonexistent,1.1,93.994,-36.4,4.859,5191.0,no
38,services,married,high.school,no,yes,no,telephone,may,fri,512,1,999,0,nonexistent,1.1,93.994,-36.4,4.859,5191.0,no
35,admin.,single,high.school,no,no,yes,telephone,may,fri,813,1,999,0,nonexistent,1.1,93.994,-36.4,4.859,5191.0,yes
32,technician,single,professional.course,no,yes,no,telephone,may,fri,247,1,999,0,nonexistent,1.1,93.994,-36.4,4.859,5191.0,no
25,services,divorced,basic.4y,no,yes,no,telephone,may,fri,601,1,999,0,nonexistent,1.1,93.994,-36.4,4.859,5191.0,no
56,technician,married,professional.course,no,no,yes,telephone,may,fri,73,1,999,0,nonexistent,1.1,93.994,-36.4,4.859,5191.0,no
41,unemployed,married,basic.9y,unknown,yes,no,telephone,may,fri,144,4,999,0,nonexistent,1.1,93.994,-36.4,4.859,5191.0,no
39,admin.,married,university.degree,no,no,no,telephone,may,fri,230,3,999,0,nonexistent,1.1,93.994,-36.4,4.859,5191.0,no
40,services,divorced,high.school,no,no,no,telephone,may,fri,456,1,999,0,nonexistent,1.1,93.994,-36.4,4.859,5191.0,no
53,blue-collar,married,basic.9y,unknown,yes,no,telephone,may,fri,225,1,999,0,nonexistent,1.1,93.994,-36.4,4.859,5191.0,no
38,admin.,single,basic.9y,no,no,no,telephone,may,fri,387,1,999,0,nonexistent,1.1,93.994,-36.4,4.859,5191.0,no
42,technician,divorced,professional.course,unknown,no,yes,telephone,may,fri,286,3,999,0,nonexistent,1.1,93.994,-36.4,4.859,5191.0,no
26,admin.,single,high.school,no,yes,no,telephone,may,fri,448,2,999,0,nonexistent,1.1,93.994,-36.4,4.859,5191.0,no
50,management,married,high.school,unknown,no,yes,telephone,may,fri,223,3,999,0,nonexistent,1.1,93.994,-36.4,4.859,5191.0,no
50,management,married,university.degree,unknown,no,no,telephone,may,fri,136,1,999,0,nonexistent,1.1,93.994,-36.4,4.859,5191.0,no
39,admin.,single,unknown,no,no,no,telephone,may,fri,212,1,999,0,nonexistent,1.1,93.994,-36.4,4.859,5191.0,no
53,technician,married,high.school,no,no,no,telephone,may,fri,178,1,999,0,nonexistent,1.1,93.994,-36.4,4.859,5191.0,no
57,management,divorced,university.degree,no,no,no,telephone,may,fri,111,1,999,0,nonexistent,1.1,93.994,-36.4,4.859,5191.0,no
29,blue-collar,single,high.school,no,yes,no,telephone,may,fri,803,1,999,0,nonexistent,1.1,93.994,-36.4,4.859,5191.0,yes
35,admin.,married,university.degree,no,yes,no,telephone,may,fri,150,1,999,0,nonexistent,1.1,93.994,-36.4,4.859,5191.0,no
44,management,single,university.degree,unknown,yes,no,telephone,may,fri,844,1,999,0,nonexistent,1.1,93.994,-36.4,4.859,5191.0,yes
46,admin.,married,high.school,no,no,no,telephone,may,fri,297,1,999,0,nonexistent,1.1,93.994,-36.4,4.859,5191.0,no
57,retired,married,unknown,unknown,yes,no,telephone,may,fri,529,4,999,0,nonexistent,1.1,93.994,-36.4,4.859,5191.0,no
41,admin.,single,university.degree,unknown,no,no,telephone,may,fri,137,1,999,0,nonexistent,1.1,93.994,-36.4,4.859,5191.0,no
31,blue-collar,married,basic.6y,unknown,unknown,unknown,telephone,may,fri,676,1,999,0,nonexistent,1.1,93.994,-36.4,4.859,5191.0,yes
27,admin.,single,high.school,no,no,no,telephone,may,fri,656,2,999,0,nonexistent,1.1,93.994,-36.4,4.859,5191.0,no
43,admin.,divorced,high.school,no,yes,no,telephone,may,fri,88,6,999,0,nonexistent,1.1,93.994,-36.4,4.859,5191.0,no
51,blue-collar,married,basic.9y,unknown,no,no,telephone,may,fri,228,2,999,0,nonexistent,1.1,93.994,-36.4,4.859,5191.0,no
45,technician,married,university.degree,no,yes,no,telephone,may,fri,1143,3,999,0,nonexistent,1.1,93.994,-36.4,4.859,5191.0,yes
35,admin.,single,basic.4y,unknown,no,no,telephone,may,fri,283,1,999,0,nonexistent,1.1,93.994,-36.4,4.859,5191.0,no
59,retired,divorced,basic.4y,no,yes,no,telephone,may,fri,118,2,999,0,nonexistent,1.1,93.994,-36.4,4.859,5191.0,no
41,technician,single,professional.course,no,yes,no,telephone,may,fri,103,1,999,0,nonexistent,1.1,93.994,-36.4,4.859,5191.0,no
29,blue-collar,single,basic.6y,no,no,no,telephone,may,fri,213,1,999,0,nonexistent,1.1,93.994,-36.4,4.859,5191.0,no
50,housemaid,divorced,basic.4y,unknown,no,no,telephone,may,fri,132,1,999,0,nonexistent,1.1,93.994,-36.4,4.859,5191.0,no
35,admin.,married,university.degree,no,yes,no,telephone,may,fri,122,1,999,0,nonexistent,1.1,93.994,-36.4,4.859,5191.0,no
44,management,married,university.degree,no,no,no,telephone,may,fri,627,1,999,0,nonexistent,1.1,93.994,-36.4,4.859,5191.0,no
28,services,single,high.school,no,yes,no,telephone,may,fri,207,1,999,0,nonexistent,1.1,93.994,-36.4,4.859,5191.0,no
45,admin.,divorced,university.degree,no,no,no,telephone,may,fri,114,2,999,0,nonexistent,1.1,93.994,-36.4,4.859,5191.0,no
39,admin.,married,high.school,no,no,no,telephone,may,fri,216,1,999,0,nonexistent,1.1,93.994,-36.4,4.859,5191.0,no
28,admin.,single,university.degree,no,yes,no,telephone,may,fri,250,1,999,0,nonexistent,1.1,93.994,-36.4,4.859,5191.0,no
59,blue-collar,married,basic.4y,no,no,no,telephone,may,fri,159,1,999,0,nonexistent,1.1,93.994,-36.4,4.859,5191.0,no
24,student,single,high.school,no,unknown,unknown,telephone,may,fri,86,1,999,0,nonexistent,1.1,93.994,-36.4,4.859,5191.0,no
34,admin.,married,university.degree,no,yes,no,telephone,may,fri,37,1,999,0,nonexistent,1.1,93.994,-36.4,4.859,5191.0,no
39,blue-collar,married,high.school,no,no,no,telephone,may,fri,46,1,999,0,nonexistent,1.1,93.994,-36.4,4.859,5191.0,no
41,admin.,married,high.school,no,no,no,telephone,may,fri,356,2,999,0,nonexistent,1.1,93.994,-36.4,4.859,5191.0,no
39,blue-collar,married,basic.4y,no,no,no,telephone,may,fri,242,7,999,0,nonexistent,1.1,93.994,-36.4,4.859,5191.0,no
41,blue-collar,married,basic.4y,unknown,no,no,telephone,may,fri,134,3,999,0,nonexistent,1.1,93.994,-36.4,4.859,5191.0,no
48,admin.,divorced,basic.9y,no,yes,no,telephone,may,fri,274,2,999,0,nonexistent,1.1,93.994,-36.4,4.859,5191.0,no
52,management,divorced,university.degree,no,no,no,telephone,may,fri,355,2,999,0,nonexistent,1.1,93.994,-36.4,4.859,5191.0,no
35,technician,married,professional.course,no,yes,no,telephone,may,fri,149,1,999,0,nonexistent,1.1,93.994,-36.4,4.859,5191.0,no
56,blue-collar,single,basic.6y,no,yes,no,telephone,may,fri,346,1,999,0,nonexistent,1.1,93.994,-36.4,4.859,5191.0,no
54,blue-collar,divorced,unknown,unknown,yes,no,telephone,may,fri,370,1,999,0,nonexistent,1.1,93.994,-36.4,4.859,5191.0,no
60,entrepreneur,married,basic.4y,no,no,no,telephone,may,fri,261,1,999,0,nonexistent,1.1,93.994,-36.4,4.859,5191.0,no
26,blue-collar,single,basic.9y,no,no,no,telephone,may,fri,688,1,999,0,nonexistent,1.1,93.994,-36.4,4.859,5191.0,yes
39,blue-collar,married,basic.4y,unknown,unknown,unknown,telephone,may,fri,84,1,999,0,nonexistent,1.1,93.994,-36.4,4.859,5191.0,no
29,housemaid,single,high.school,no,no,no,telephone,may,fri,125,1,999,0,nonexistent,1.1,93.994,-36.4,4.859,5191.0,no
38,technician,married,professional.course,no,yes,no,telephone,may,fri,167,1,999,0,nonexistent,1.1,93.994,-36.4,4.859,5191.0,no
35,housemaid,married,basic.4y,no,no,no,telephone,may,fri,25,1,999,0,nonexistent,1.1,93.994,-36.4,4.859,5191.0,no
32,blue-collar,married,basic.9y,no,no,no,telephone,may,fri,244,1,999,0,nonexistent,1.1,93.994,-36.4,4.859,5191.0,no
47,blue-collar,married,high.school,unknown,no,no,telephone,may,fri,140,1,999,0,nonexistent,1.1,93.994,-36.4,4.859,5191.0,no
24,services,married,high.school,no,no,no,telephone,may,fri,122,1,999,0,nonexistent,1.1,93.994,-36.4,4.859,5191.0,no
53,blue-collar,married,basic.9y,no,no,no,telephone,may,fri,130,2,999,0,nonexistent,1.1,93.994,-36.4,4.859,5191.0,no
57,retired,married,high.school,unknown,yes,no,telephone,may,fri,42,2,999,0,nonexistent,1.1,93.994,-36.4,4.859,5191.0,no
26,student,single,unknown,unknown,no,no,telephone,may,fri,277,5,999,0,nonexistent,1.1,93.994,-36.4,4.859,5191.0,no
52,technician,married,professional.course,no,no,no,telephone,may,fri,145,1,999,0,nonexistent,1.1,93.994,-36.4,4.859,5191.0,no
40,admin.,married,university.degree,no,no,no,telephone,may,fri,214,1,999,0,nonexistent,1.1,93.994,-36.4,4.859,5191.0,no
28,management,married,high.school,unknown,no,no,telephone,may,fri,140,1,999,0,nonexistent,1.1,93.994,-36.4,4.859,5191.0,no
37,technician,single,university.degree,no,no,no,telephone,may,fri,132,1,999,0,nonexistent,1.1,93.994,-36.4,4.859,5191.0,no
45,technician,divorced,professional.course,no,yes,no,telephone,may,fri,117,1,999,0,nonexistent,1.1,93.994,-36.4,4.859,5191.0,no
26,blue-collar,single,high.school,unknown,no,no,telephone,may,fri,96,2,999,0,nonexistent,1.1,93.994,-36.4,4.859,5191.0,no
40,entrepreneur,married,university.degree,no,no,no,telephone,may,fri,803,1,999,0,nonexistent,1.1,93.994,-36.4,4.859,5191.0,yes
44,blue-collar,divorced,basic.4y,unknown,yes,no,telephone,may,fri,225,4,999,0,nonexistent,1.1,93.994,-36.4,4.859,5191.0,no
56,blue-collar,married,basic.9y,unknown,yes,no,telephone,may,fri,260,1,999,0,nonexistent,1.1,93.994,-36.4,4.859,5191.0,no
57,management,divorced,university.degree,no,yes,no,telephone,may,fri,754,1,999,0,nonexistent,1.1,93.994,-36.4,4.859,5191.0,no
35,admin.,divorced,university.degree,no,yes,no,telephone,may,fri,192,1,999,0,nonexistent,1.1,93.994,-36.4,4.859,5191.0,no
48,technician,single,high.school,no,yes,no,telephone,may,fri,76,3,999,0,nonexistent,1.1,93.994,-36.4,4.859,5191.0,no
44,technician,single,university.degree,no,yes,no,telephone,may,fri,24,1,999,0,nonexistent,1.1,93.994,-36.4,4.859,5191.0,no
52,blue-collar,married,basic.9y,no,yes,no,telephone,may,fri,171,2,999,0,nonexistent,1.1,93.994,-36.4,4.859,5191.0,no
43,blue-collar,married,basic.4y,unknown,no,no,telephone,may,fri,42,8,999,0,nonexistent,1.1,93.994,-36.4,4.859,5191.0,no
39,admin.,married,high.school,no,yes,no,telephone,may,fri,343,1,999,0,nonexistent,1.1,93.994,-36.4,4.859,5191.0,no
46,services,married,high.school,unknown,yes,no,telephone,may,fri,111,1,999,0,nonexistent,1.1,93.994,-36.4,4.859,5191.0,no
50,blue-collar,married,basic.9y,no,yes,no,telephone,may,fri,77,1,999,0,nonexistent,1.1,93.994,-36.4,4.859,5191.0,no
37,admin.,married,university.degree,unknown,no,no,telephone,may,fri,268,6,999,0,nonexistent,1.1,93.994,-36.4,4.859,5191.0,no
29,entrepreneur,married,basic.6y,no,no,no,telephone,may,fri,217,2,999,0,nonexistent,1.1,93.994,-36.4,4.859,5191.0,no
40,technician,married,professional.course,unknown,yes,no,telephone,may,fri,360,1,999,0,nonexistent,1.1,93.994,-36.4,4.859,5191.0,no
36,services,married,high.school,unknown,yes,no,telephone,may,fri,47,1,999,0,nonexistent,1.1,93.994,-36.4,4.859,5191.0,no
25,blue-collar,single,basic.4y,no,no,no,telephone,may,fri,196,1,999,0,nonexistent,1.1,93.994,-36.4,4.859,5191.0,no
33,blue-collar,single,basic.9y,unknown,yes,no,telephone,may,fri,601,1,999,0,nonexistent,1.1,93.994,-36.4,4.859,5191.0,no
32,admin.,married,university.degree,no,no,no,telephone,may,fri,178,2,999,0,nonexistent,1.1,93.994,-36.4,4.859,5191.0,no
52,services,divorced,unknown,unknown,yes,yes,telephone,may,fri,306,1,999,0,nonexistent,1.1,93.994,-36.4,4.859,5191.0,no
52,self-employed,single,basic.4y,unknown,yes,no,telephone,may,fri,362,22,999,0,nonexistent,1.1,93.994,-36.4,4.859,5191.0,no
28,admin.,single,high.school,no,yes,no,telephone,may,fri,265,1,999,0,nonexistent,1.1,93.994,-36.4,4.859,5191.0,no
41,management,married,university.degree,no,no,no,telephone,may,fri,172,4,999,0,nonexistent,1.1,93.994,-36.4,4.859,5191.0,no
35,services,married,high.school,unknown,no,no,telephone,may,fri,184,2,999,0,nonexistent,1.1,93.994,-36.4,4.859,5191.0,no
59,blue-collar,married,basic.4y,unknown,no,no,telephone,may,fri,424,1,999,0,nonexistent,1.1,93.994,-36.4,4.859,5191.0,no
34,blue-collar,married,basic.4y,no,no,no,telephone,may,fri,359,1,999,0,nonexistent,1.1,93.994,-36.4,4.859,5191.0,no
49,admin.,divorced,high.school,no,yes,no,telephone,may,fri,787,1,999,0,nonexistent,1.1,93.994,-36.4,4.859,5191.0,yes
39,management,married,university.degree,no,no,no,telephone,may,fri,169,1,999,0,nonexistent,1.1,93.994,-36.4,4.859,5191.0,no
24,services,married,high.school,no,no,yes,telephone,may,fri,241,1,999,0,nonexistent,1.1,93.994,-36.4,4.859,5191.0,no
53,unemployed,married,basic.4y,unknown,no,no,telephone,may,fri,141,1,999,0,nonexistent,1.1,93.994,-36.4,4.859,5191.0,no
29,admin.,single,university.degree,no,yes,no,telephone,may,fri,22,4,999,0,nonexistent,1.1,93.994,-36.4,4.859,5191.0,no
26,blue-collar,single,high.school,no,yes,no,telephone,may,fri,326,1,999,0,nonexistent,1.1,93.994,-36.4,4.859,5191.0,no
53,blue-collar,divorced,basic.4y,unknown,no,no,telephone,may,fri,317,1,999,0,nonexistent,1.1,93.994,-36.4,4.859,5191.0,no
35,admin.,married,high.school,no,yes,yes,telephone,may,fri,196,3,999,0,nonexistent,1.1,93.994,-36.4,4.859,5191.0,no
32,services,married,high.school,no,no,yes,telephone,may,fri,270,1,999,0,nonexistent,1.1,93.994,-36.4,4.859,5191.0,no
37,management,married,university.degree,no,unknown,unknown,telephone,may,fri,107,1,999,0,nonexistent,1.1,93.994,-36.4,4.859,5191.0,no
32,blue-collar,married,basic.9y,unknown,yes,no,telephone,may,fri,184,1,999,0,nonexistent,1.1,93.994,-36.4,4.859,5191.0,no
33,admin.,married,university.degree,no,yes,no,telephone,may,fri,576,1,999,0,nonexistent,1.1,93.994,-36.4,4.859,5191.0,no
28,admin.,married,university.degree,no,no,no,telephone,may,fri,161,3,999,0,nonexistent,1.1,93.994,-36.4,4.859,5191.0,no
41,housemaid,married,high.school,no,no,no,telephone,may,fri,206,2,999,0,nonexistent,1.1,93.994,-36.4,4.859,5191.0,no
26,admin.,single,high.school,no,no,no,telephone,may,fri,619,2,999,0,nonexistent,1.1,93.994,-36.4,4.859,5191.0,yes
40,blue-collar,married,basic.6y,unknown,no,no,telephone,may,fri,33,1,999,0,nonexistent,1.1,93.994,-36.4,4.859,5191.0,no
59,retired,divorced,basic.9y,unknown,yes,no,telephone,may,fri,124,1,999,0,nonexistent,1.1,93.994,-36.4,4.859,5191.0,no
29,blue-collar,single,basic.9y,no,yes,no,telephone,may,fri,107,2,999,0,nonexistent,1.1,93.994,-36.4,4.859,5191.0,no
32,services,married,professional.course,no,yes,no,telephone,may,fri,379,1,999,0,nonexistent,1.1,93.994,-36.4,4.859,5191.0,no
53,blue-collar,married,basic.6y,no,yes,no,telephone,may,fri,95,1,999,0,nonexistent,1.1,93.994,-36.4,4.859,5191.0,no
48,technician,married,high.school,unknown,yes,no,telephone,may,fri,42,3,999,0,nonexistent,1.1,93.994,-36.4,4.859,5191.0,no
56,blue-collar,married,basic.4y,unknown,yes,no,telephone,may,fri,197,1,999,0,nonexistent,1.1,93.994,-36.4,4.859,5191.0,no
37,services,single,basic.9y,no,yes,no,telephone,may,fri,320,2,999,0,nonexistent,1.1,93.994,-36.4,4.859,5191.0,no
46,blue-collar,married,basic.6y,no,no,no,telephone,may,fri,230,1,999,0,nonexistent,1.1,93.994,-36.4,4.859,5191.0,no
28,blue-collar,single,basic.9y,no,no,no,telephone,may,fri,489,2,999,0,nonexistent,1.1,93.994,-36.4,4.859,5191.0,no
44,housemaid,married,basic.9y,no,no,no,telephone,may,fri,98,1,999,0,nonexistent,1.1,93.994,-36.4,4.859,5191.0,no
38,blue-collar,single,university.degree,unknown,no,no,telephone,may,fri,894,1,999,0,nonexistent,1.1,93.994,-36.4,4.859,5191.0,yes
31,admin.,single,basic.9y,no,yes,no,telephone,may,fri,38,3,999,0,nonexistent,1.1,93.994,-36.4,4.859,5191.0,no
36,technician,married,professional.course,no,no,yes,telephone,may,fri,335,1,999,0,nonexistent,1.1,93.994,-36.4,4.859,5191.0,no
51,admin.,single,basic.6y,no,yes,no,telephone,may,fri,161,1,999,0,nonexistent,1.1,93.994,-36.4,4.859,5191.0,no
29,technician,married,university.degree,no,no,no,telephone,may,fri,410,3,999,0,nonexistent,1.1,93.994,-36.4,4.859,5191.0,no
49,self-employed,married,professional.course,no,no,no,telephone,may,fri,374,2,999,0,nonexistent,1.1,93.994,-36.4,4.859,5191.0,no
30,technician,married,university.degree,no,yes,no,telephone,may,fri,193,8,999,0,nonexistent,1.1,93.994,-36.4,4.859,5191.0,no
36,blue-collar,married,basic.4y,unknown,yes,no,telephone,may,fri,865,1,999,0,nonexistent,1.1,93.994,-36.4,4.859,5191.0,no
57,blue-collar,married,basic.4y,unknown,no,no,telephone,may,fri,258,2,999,0,nonexistent,1.1,93.994,-36.4,4.859,5191.0,no
40,blue-collar,married,basic.4y,unknown,no,no,telephone,may,fri,215,1,999,0,nonexistent,1.1,93.994,-36.4,4.859,5191.0,no
52,blue-collar,married,basic.4y,no,no,no,telephone,may,fri,136,2,999,0,nonexistent,1.1,93.994,-36.4,4.859,5191.0,no
29,blue-collar,single,unknown,no,no,no,telephone,may,fri,299,2,999,0,nonexistent,1.1,93.994,-36.4,4.859,5191.0,no
55,retired,married,basic.4y,unknown,no,no,telephone,may,fri,197,1,999,0,nonexistent,1.1,93.994,-36.4,4.859,5191.0,no
52,management,married,university.degree,no,yes,no,telephone,may,fri,412,1,999,0,nonexistent,1.1,93.994,-36.4,4.859,5191.0,no
44,blue-collar,divorced,basic.4y,unknown,yes,yes,telephone,may,fri,393,2,999,0,nonexistent,1.1,93.994,-36.4,4.859,5191.0,no
46,services,divorced,high.school,no,no,no,telephone,may,fri,56,3,999,0,nonexistent,1.1,93.994,-36.4,4.859,5191.0,no
25,student,single,high.school,no,no,no,telephone,may,fri,112,4,999,0,nonexistent,1.1,93.994,-36.4,4.859,5191.0,no
33,blue-collar,single,basic.9y,no,yes,no,telephone,may,fri,155,3,999,0,nonexistent,1.1,93.994,-36.4,4.859,5191.0,no
29,services,single,basic.9y,no,no,no,telephone,may,fri,703,4,999,0,nonexistent,1.1,93.994,-36.4,4.859,5191.0,no
44,admin.,single,university.degree,no,yes,no,telephone,may,fri,141,2,999,0,nonexistent,1.1,93.994,-36.4,4.859,5191.0,no
41,blue-collar,married,basic.9y,unknown,no,no,telephone,may,fri,475,2,999,0,nonexistent,1.1,93.994,-36.4,4.859,5191.0,no
50,technician,married,professional.course,no,no,no,telephone,may,fri,121,2,999,0,nonexistent,1.1,93.994,-36.4,4.859,5191.0,no
41,blue-collar,married,basic.9y,unknown,no,no,telephone,may,fri,471,2,999,0,nonexistent,1.1,93.994,-36.4,4.859,5191.0,no
48,admin.,single,university.degree,no,no,yes,telephone,may,fri,121,1,999,0,nonexistent,1.1,93.994,-36.4,4.859,5191.0,no
26,services,single,high.school,no,no,no,telephone,may,fri,177,4,999,0,nonexistent,1.1,93.994,-36.4,4.859,5191.0,no
48,unknown,married,basic.4y,unknown,no,no,telephone,may,fri,344,2,999,0,nonexistent,1.1,93.994,-36.4,4.859,5191.0,no
47,blue-collar,married,basic.9y,unknown,yes,no,telephone,may,fri,229,1,999,0,nonexistent,1.1,93.994,-36.4,4.859,5191.0,no
36,admin.,married,university.degree,no,no,no,telephone,may,fri,404,1,999,0,nonexistent,1.1,93.994,-36.4,4.859,5191.0,no
54,technician,divorced,basic.9y,unknown,no,no,telephone,may,fri,287,4,999,0,nonexistent,1.1,93.994,-36.4,4.859,5191.0,no
26,admin.,single,university.degree,unknown,no,no,telephone,may,fri,329,1,999,0,nonexistent,1.1,93.994,-36.4,4.859,5191.0,no
54,services,divorced,high.school,unknown,yes,no,telephone,may,fri,216,1,999,0,nonexistent,1.1,93.994,-36.4,4.859,5191.0,no
51,services,married,basic.6y,no,no,no,telephone,may,fri,1340,1,999,0,nonexistent,1.1,93.994,-36.4,4.859,5191.0,yes
28,technician,single,professional.course,no,no,no,telephone,may,fri,323,2,999,0,nonexistent,1.1,93.994,-36.4,4.859,5191.0,no
31,admin.,married,basic.9y,unknown,yes,no,telephone,may,fri,199,4,999,0,nonexistent,1.1,93.994,-36.4,4.859,5191.0,no
46,admin.,divorced,university.degree,no,no,no,telephone,may,fri,897,1,999,0,nonexistent,1.1,93.994,-36.4,4.859,5191.0,yes
38,admin.,married,university.degree,no,yes,no,telephone,may,fri,80,2,999,0,nonexistent,1.1,93.994,-36.4,4.859,5191.0,no
31,admin.,married,university.degree,no,yes,no,telephone,may,fri,90,2,999,0,nonexistent,1.1,93.994,-36.4,4.859,5191.0,no
38,management,married,university.degree,no,no,no,telephone,may,fri,461,2,999,0,nonexistent,1.1,93.994,-36.4,4.859,5191.0,no
35,admin.,married,high.school,unknown,yes,no,telephone,may,fri,213,14,999,0,nonexistent,1.1,93.994,-36.4,4.859,5191.0,no
39,housemaid,married,high.school,no,yes,no,telephone,may,fri,193,11,999,0,nonexistent,1.1,93.994,-36.4,4.859,5191.0,no
39,self-employed,married,high.school,no,yes,no,telephone,may,fri,291,1,999,0,nonexistent,1.1,93.994,-36.4,4.859,5191.0,no
36,housemaid,married,high.school,no,no,no,telephone,may,fri,136,1,999,0,nonexistent,1.1,93.994,-36.4,4.859,5191.0,no
29,services,married,basic.9y,unknown,no,no,telephone,may,fri,124,1,999,0,nonexistent,1.1,93.994,-36.4,4.859,5191.0,no
37,management,married,university.degree,no,no,no,telephone,may,fri,214,4,999,0,nonexistent,1.1,93.994,-36.4,4.859,5191.0,no
28,blue-collar,married,basic.9y,no,yes,no,telephone,may,fri,239,3,999,0,nonexistent,1.1,93.994,-36.4,4.859,5191.0,no
41,management,married,unknown,no,no,no,telephone,may,fri,718,1,999,0,nonexistent,1.1,93.994,-36.4,4.859,5191.0,no
38,services,married,high.school,unknown,yes,no,telephone,may,fri,323,1,999,0,nonexistent,1.1,93.994,-36.4,4.859,5191.0,no
31,technician,married,university.degree,no,no,no,telephone,may,fri,94,1,999,0,nonexistent,1.1,93.994,-36.4,4.859,5191.0,no
50,blue-collar,married,basic.4y,unknown,yes,no,telephone,may,fri,74,1,999,0,nonexistent,1.1,93.994,-36.4,4.859,5191.0,no
36,admin.,married,basic.9y,no,no,no,telephone,may,fri,107,1,999,0,nonexistent,1.1,93.994,-36.4,4.859,5191.0,no
40,management,married,unknown,no,no,no,telephone,may,fri,97,3,999,0,nonexistent,1.1,93.994,-36.4,4.859,5191.0,no
37,admin.,married,university.degree,no,no,no,telephone,may,fri,51,1,999,0,nonexistent,1.1,93.994,-36.4,4.859,5191.0,no
50,services,divorced,basic.4y,unknown,unknown,unknown,telephone,may,fri,225,1,999,0,nonexistent,1.1,93.994,-36.4,4.859,5191.0,no
38,housemaid,married,basic.9y,no,no,no,telephone,may,fri,378,1,999,0,nonexistent,1.1,93.994,-36.4,4.859,5191.0,no
43,blue-collar,married,basic.9y,unknown,no,no,telephone,may,fri,217,1,999,0,nonexistent,1.1,93.994,-36.4,4.859,5191.0,no
37,technician,married,high.school,no,yes,no,telephone,may,fri,136,1,999,0,nonexistent,1.1,93.994,-36.4,4.859,5191.0,no
47,blue-collar,divorced,basic.9y,unknown,no,no,telephone,may,fri,1161,3,999,0,nonexistent,1.1,93.994,-36.4,4.859,5191.0,no
52,technician,married,high.school,unknown,no,no,telephone,may,fri,467,1,999,0,nonexistent,1.1,93.994,-36.4,4.859,5191.0,no
30,admin.,single,university.degree,no,no,no,telephone,may,fri,386,1,999,0,nonexistent,1.1,93.994,-36.4,4.859,5191.0,no
43,blue-collar,married,basic.4y,unknown,yes,no,telephone,may,fri,168,2,999,0,nonexistent,1.1,93.994,-36.4,4.859,5191.0,no
52,technician,married,basic.9y,no,no,no,telephone,may,fri,764,7,999,0,nonexistent,1.1,93.994,-36.4,4.859,5191.0,no
44,blue-collar,married,basic.6y,unknown,yes,no,telephone,may,fri,194,3,999,0,nonexistent,1.1,93.994,-36.4,4.859,5191.0,no
48,management,married,university.degree,no,yes,no,telephone,may,fri,16,23,999,0,nonexistent,1.1,93.994,-36.4,4.859,5191.0,no
40,admin.,divorced,professional.course,no,no,no,telephone,may,fri,148,18,999,0,nonexistent,1.1,93.994,-36.4,4.859,5191.0,no
35,student,single,high.school,no,no,yes,telephone,may,fri,2680,1,999,0,nonexistent,1.1,93.994,-36.4,4.859,5191.0,yes
56,management,married,basic.4y,unknown,unknown,unknown,telephone,may,fri,242,3,999,0,nonexistent,1.1,93.994,-36.4,4.859,5191.0,no
53,technician,married,high.school,no,no,no,telephone,may,fri,269,2,999,0,nonexistent,1.1,93.994,-36.4,4.859,5191.0,no
33,blue-collar,married,professional.course,no,yes,no,telephone,may,fri,208,2,999,0,nonexistent,1.1,93.994,-36.4,4.859,5191.0,no
54,retired,married,basic.9y,unknown,no,no,telephone,may,fri,370,2,999,0,nonexistent,1.1,93.994,-36.4,4.859,5191.0,no
35,technician,married,professional.course,no,no,no,telephone,may,fri,274,8,999,0,nonexistent,1.1,93.994,-36.4,4.859,5191.0,no
33,services,single,high.school,no,no,no,telephone,may,fri,326,1,999,0,nonexistent,1.1,93.994,-36.4,4.859,5191.0,no
36,services,single,basic.9y,no,yes,no,telephone,may,fri,337,2,999,0,nonexistent,1.1,93.994,-36.4,4.859,5191.0,no
41,housemaid,married,university.degree,unknown,no,no,telephone,may,fri,104,1,999,0,nonexistent,1.1,93.994,-36.4,4.859,5191.0,no
48,blue-collar,married,professional.course,no,no,no,telephone,may,fri,788,2,999,0,nonexistent,1.1,93.994,-36.4,4.859,5191.0,no
35,admin.,married,university.degree,no,no,no,telephone,may,fri,353,4,999,0,nonexistent,1.1,93.994,-36.4,4.859,5191.0,no
35,admin.,married,university.degree,no,yes,no,telephone,may,fri,698,9,999,0,nonexistent,1.1,93.994,-36.4,4.859,5191.0,no
34,admin.,married,high.school,no,yes,yes,telephone,may,fri,180,1,999,0,nonexistent,1.1,93.994,-36.4,4.859,5191.0,no
29,management,single,university.degree,no,yes,no,telephone,may,fri,257,2,999,0,nonexistent,1.1,93.994,-36.4,4.859,5191.0,no
32,admin.,single,university.degree,no,yes,no,telephone,may,fri,467,1,999,0,nonexistent,1.1,93.994,-36.4,4.859,5191.0,no
31,blue-collar,married,basic.9y,no,yes,yes,telephone,may,fri,233,1,999,0,nonexistent,1.1,93.994,-36.4,4.859,5191.0,no
46,blue-collar,married,basic.4y,no,yes,no,telephone,may,fri,218,2,999,0,nonexistent,1.1,93.994,-36.4,4.859,5191.0,no
25,blue-collar,single,basic.4y,no,yes,no,telephone,may,fri,304,2,999,0,nonexistent,1.1,93.994,-36.4,4.859,5191.0,no
28,admin.,single,university.degree,no,yes,no,telephone,may,fri,315,3,999,0,nonexistent,1.1,93.994,-36.4,4.859,5191.0,no
48,technician,single,university.degree,unknown,yes,no,telephone,may,fri,40,5,999,0,nonexistent,1.1,93.994,-36.4,4.859,5191.0,no
32,technician,divorced,professional.course,no,yes,no,telephone,may,fri,76,17,999,0,nonexistent,1.1,93.994,-36.4,4.859,5191.0,no
30,admin.,married,university.degree,no,yes,no,telephone,may,fri,355,2,999,0,nonexistent,1.1,93.994,-36.4,4.859,5191.0,no
32,services,single,high.school,no,no,no,telephone,may,fri,557,4,999,0,nonexistent,1.1,93.994,-36.4,4.859,5191.0,no
28,services,single,basic.9y,no,yes,no,telephone,may,fri,148,2,999,0,nonexistent,1.1,93.994,-36.4,4.859,5191.0,no
28,blue-collar,married,basic.9y,no,yes,no,telephone,may,fri,128,2,999,0,nonexistent,1.1,93.994,-36.4,4.859,5191.0,no
46,blue-collar,married,basic.9y,unknown,yes,no,telephone,may,fri,280,2,999,0,nonexistent,1.1,93.994,-36.4,4.859,5191.0,no
38,entrepreneur,married,basic.6y,no,no,no,telephone,may,fri,152,2,999,0,nonexistent,1.1,93.994,-36.4,4.859,5191.0,no
47,blue-collar,married,basic.4y,no,no,no,telephone,may,fri,283,2,999,0,nonexistent,1.1,93.994,-36.4,4.859,5191.0,no
37,services,married,high.school,no,no,no,telephone,may,fri,523,3,999,0,nonexistent,1.1,93.994,-36.4,4.859,5191.0,no
55,technician,married,basic.4y,unknown,yes,no,telephone,may,fri,316,7,999,0,nonexistent,1.1,93.994,-36.4,4.859,5191.0,no
28,admin.,single,university.degree,no,yes,no,telephone,may,fri,1128,3,999,0,nonexistent,1.1,93.994,-36.4,4.859,5191.0,no
43,blue-collar,single,basic.9y,no,yes,no,telephone,may,fri,171,4,999,0,nonexistent,1.1,93.994,-36.4,4.859,5191.0,no
56,unknown,married,unknown,unknown,yes,no,telephone,may,fri,174,15,999,0,nonexistent,1.1,93.994,-36.4,4.859,5191.0,no
33,management,single,university.degree,no,no,yes,telephone,may,fri,71,11,999,0,nonexistent,1.1,93.994,-36.4,4.859,5191.0,no
33,blue-collar,married,basic.9y,no,no,yes,telephone,may,fri,84,4,999,0,nonexistent,1.1,93.994,-36.4,4.859,5191.0,no
35,admin.,divorced,university.degree,no,yes,no,telephone,may,fri,221,2,999,0,nonexistent,1.1,93.994,-36.4,4.859,5191.0,no
41,blue-collar,divorced,basic.6y,no,unknown,unknown,telephone,may,fri,234,2,999,0,nonexistent,1.1,93.994,-36.4,4.859,5191.0,no
59,entrepreneur,divorced,high.school,unknown,yes,no,telephone,may,fri,138,2,999,0,nonexistent,1.1,93.994,-36.4,4.859,5191.0,no
29,services,single,university.degree,no,no,no,telephone,may,fri,339,5,999,0,nonexistent,1.1,93.994,-36.4,4.859,5191.0,no
51,retired,married,university.degree,no,yes,yes,telephone,may,fri,243,3,999,0,nonexistent,1.1,93.994,-36.4,4.859,5191.0,no
34,blue-collar,married,basic.9y,no,no,no,telephone,may,fri,344,4,999,0,nonexistent,1.1,93.994,-36.4,4.859,5191.0,no
46,technician,married,basic.9y,no,yes,no,telephone,may,fri,1135,2,999,0,nonexistent,1.1,93.994,-36.4,4.859,5191.0,no
31,technician,married,university.degree,no,no,no,telephone,may,fri,1106,3,999,0,nonexistent,1.1,93.994,-36.4,4.859,5191.0,no
37,technician,married,professional.course,unknown,yes,no,telephone,may,fri,312,3,999,0,nonexistent,1.1,93.994,-36.4,4.859,5191.0,no
30,self-employed,single,high.school,no,yes,yes,telephone,may,fri,292,8,999,0,nonexistent,1.1,93.994,-36.4,4.859,5191.0,no
41,blue-collar,married,high.school,no,yes,no,telephone,may,fri,293,3,999,0,nonexistent,1.1,93.994,-36.4,4.859,5191.0,no
27,services,single,high.school,no,yes,yes,telephone,may,fri,198,5,999,0,nonexistent,1.1,93.994,-36.4,4.859,5191.0,no
39,blue-collar,divorced,basic.6y,unknown,no,no,telephone,may,fri,827,2,999,0,nonexistent,1.1,93.994,-36.4,4.859,5191.0,no
32,services,married,high.school,no,no,no,telephone,may,fri,303,5,999,0,nonexistent,1.1,93.994,-36.4,4.859,5191.0,no
42,blue-collar,married,basic.4y,unknown,yes,yes,telephone,may,fri,588,3,999,0,nonexistent,1.1,93.994,-36.4,4.859,5191.0,no
37,services,married,high.school,no,no,no,telephone,may,fri,680,3,999,0,nonexistent,1.1,93.994,-36.4,4.859,5191.0,no
41,blue-collar,married,basic.6y,unknown,yes,no,telephone,may,fri,160,6,999,0,nonexistent,1.1,93.994,-36.4,4.859,5191.0,no
51,blue-collar,married,basic.9y,unknown,no,no,telephone,may,fri,21,3,999,0,nonexistent,1.1,93.994,-36.4,4.859,5191.0,no
48,technician,married,high.school,no,no,no,telephone,may,fri,251,3,999,0,nonexistent,1.1,93.994,-36.4,4.859,5191.0,no
50,management,single,university.degree,no,no,no,telephone,may,fri,81,6,999,0,nonexistent,1.1,93.994,-36.4,4.859,5191.0,no
25,admin.,married,high.school,no,yes,no,telephone,may,fri,4,2,999,0,nonexistent,1.1,93.994,-36.4,4.859,5191.0,no
49,blue-collar,married,basic.9y,unknown,no,no,telephone,may,fri,283,3,999,0,nonexistent,1.1,93.994,-36.4,4.859,5191.0,no
44,self-employed,single,basic.6y,unknown,yes,no,telephone,may,fri,248,2,999,0,nonexistent,1.1,93.994,-36.4,4.859,5191.0,no
48,admin.,divorced,professional.course,no,yes,no,telephone,may,fri,427,3,999,0,nonexistent,1.1,93.994,-36.4,4.859,5191.0,no
42,blue-collar,married,basic.9y,unknown,no,no,telephone,may,fri,148,9,999,0,nonexistent,1.1,93.994,-36.4,4.859,5191.0,no
35,management,married,university.degree,no,yes,no,telephone,may,fri,408,10,999,0,nonexistent,1.1,93.994,-36.4,4.859,5191.0,no
28,admin.,married,high.school,no,yes,no,telephone,may,fri,236,2,999,0,nonexistent,1.1,93.994,-36.4,4.859,5191.0,no
60,retired,married,basic.9y,unknown,yes,no,telephone,may,fri,32,3,999,0,nonexistent,1.1,93.994,-36.4,4.859,5191.0,no
37,admin.,married,high.school,no,no,yes,telephone,may,fri,851,2,999,0,nonexistent,1.1,93.994,-36.4,4.859,5191.0,no
38,entrepreneur,married,basic.9y,no,no,no,telephone,may,fri,522,5,999,0,nonexistent,1.1,93.994,-36.4,4.859,5191.0,no
41,self-employed,married,high.school,unknown,no,no,telephone,may,fri,165,4,999,0,nonexistent,1.1,93.994,-36.4,4.859,5191.0,no
57,services,divorced,high.school,no,yes,yes,telephone,may,fri,1193,5,999,0,nonexistent,1.1,93.994,-36.4,4.859,5191.0,yes
23,services,married,basic.9y,no,no,no,telephone,may,fri,1144,3,999,0,nonexistent,1.1,93.994,-36.4,4.859,5191.0,no
33,admin.,married,high.school,no,yes,no,telephone,may,fri,730,2,999,0,nonexistent,1.1,93.994,-36.4,4.859,5191.0,no
38,technician,married,university.degree,unknown,yes,no,telephone,may,fri,1023,4,999,0,nonexistent,1.1,93.994,-36.4,4.859,5191.0,no
32,blue-collar,married,basic.4y,unknown,yes,no,telephone,may,fri,469,2,999,0,nonexistent,1.1,93.994,-36.4,4.859,5191.0,no
31,management,married,high.school,no,no,no,telephone,may,fri,385,7,999,0,nonexistent,1.1,93.994,-36.4,4.859,5191.0,no
43,blue-collar,divorced,basic.9y,no,yes,no,telephone,may,fri,169,3,999,0,nonexistent,1.1,93.994,-36.4,4.859,5191.0,no
44,management,married,high.school,no,yes,no,telephone,may,fri,409,3,999,0,nonexistent,1.1,93.994,-36.4,4.859,5191.0,no
47,technician,married,professional.course,unknown,no,no,telephone,may,fri,261,6,999,0,nonexistent,1.1,93.994,-36.4,4.859,5191.0,no
30,admin.,married,university.degree,no,no,no,telephone,may,fri,294,4,999,0,nonexistent,1.1,93.994,-36.4,4.859,5191.0,no
28,admin.,single,high.school,no,no,no,telephone,may,fri,498,2,999,0,nonexistent,1.1,93.994,-36.4,4.859,5191.0,no
46,blue-collar,married,basic.9y,no,no,yes,telephone,may,fri,134,4,999,0,nonexistent,1.1,93.994,-36.4,4.859,5191.0,no
32,blue-collar,married,basic.4y,no,no,no,telephone,may,fri,230,2,999,0,nonexistent,1.1,93.994,-36.4,4.859,5191.0,no
36,retired,married,high.school,no,no,no,telephone,may,fri,192,20,999,0,nonexistent,1.1,93.994,-36.4,4.859,5191.0,no
24,student,single,university.degree,no,yes,yes,telephone,may,fri,65,3,999,0,nonexistent,1.1,93.994,-36.4,4.859,5191.0,no
35,blue-collar,married,basic.4y,no,yes,no,telephone,may,fri,237,3,999,0,nonexistent,1.1,93.994,-36.4,4.859,5191.0,no
31,admin.,single,university.degree,no,no,no,telephone,may,fri,239,2,999,0,nonexistent,1.1,93.994,-36.4,4.859,5191.0,no
51,admin.,divorced,university.degree,unknown,no,no,telephone,may,fri,196,6,999,0,nonexistent,1.1,93.994,-36.4,4.859,5191.0,no
33,admin.,married,university.degree,no,no,no,telephone,may,fri,243,2,999,0,nonexistent,1.1,93.994,-36.4,4.859,5191.0,no
28,services,single,basic.9y,no,yes,no,telephone,may,fri,393,2,999,0,nonexistent,1.1,93.994,-36.4,4.859,5191.0,no
43,blue-collar,married,unknown,unknown,no,no,telephone,may,fri,512,6,999,0,nonexistent,1.1,93.994,-36.4,4.859,5191.0,no
43,blue-collar,married,basic.6y,no,no,no,telephone,may,fri,218,3,999,0,nonexistent,1.1,93.994,-36.4,4.859,5191.0,no
33,self-employed,married,university.degree,no,yes,no,telephone,may,fri,215,3,999,0,nonexistent,1.1,93.994,-36.4,4.859,5191.0,no
31,services,married,basic.9y,no,yes,no,telephone,may,fri,186,5,999,0,nonexistent,1.1,93.994,-36.4,4.859,5191.0,no
52,self-employed,married,university.degree,no,yes,no,telephone,may,fri,107,3,999,0,nonexistent,1.1,93.994,-36.4,4.859,5191.0,no
24,student,single,high.school,unknown,yes,yes,telephone,may,fri,103,7,999,0,nonexistent,1.1,93.994,-36.4,4.859,5191.0,no
28,blue-collar,married,basic.9y,no,no,yes,telephone,may,fri,1064,4,999,0,nonexistent,1.1,93.994,-36.4,4.859,5191.0,yes
28,blue-collar,married,basic.9y,no,no,no,telephone,may,fri,90,7,999,0,nonexistent,1.1,93.994,-36.4,4.859,5191.0,no
41,technician,single,university.degree,unknown,yes,no,telephone,may,fri,59,5,999,0,nonexistent,1.1,93.994,-36.4,4.859,5191.0,no
39,blue-collar,married,basic.9y,no,no,no,telephone,may,fri,102,4,999,0,nonexistent,1.1,93.994,-36.4,4.859,5191.0,no
51,blue-collar,married,basic.4y,no,no,yes,telephone,may,fri,1187,4,999,0,nonexistent,1.1,93.994,-36.4,4.859,5191.0,no
50,management,married,university.degree,unknown,unknown,unknown,telephone,may,mon,93,4,999,0,nonexistent,1.1,93.994,-36.4,4.8580000000000005,5191.0,no
53,technician,married,high.school,no,no,yes,telephone,may,mon,119,2,999,0,nonexistent,1.1,93.994,-36.4,4.8580000000000005,5191.0,no
52,blue-collar,married,basic.4y,no,no,yes,telephone,may,mon,79,19,999,0,nonexistent,1.1,93.994,-36.4,4.8580000000000005,5191.0,no
41,blue-collar,married,basic.9y,unknown,no,no,telephone,may,mon,105,2,999,0,nonexistent,1.1,93.994,-36.4,4.8580000000000005,5191.0,no
43,admin.,divorced,high.school,no,no,no,telephone,may,mon,311,2,999,0,nonexistent,1.1,93.994,-36.4,4.8580000000000005,5191.0,no
39,self-employed,married,basic.4y,unknown,no,no,telephone,may,mon,179,4,999,0,nonexistent,1.1,93.994,-36.4,4.8580000000000005,5191.0,no
43,technician,divorced,university.degree,unknown,no,no,telephone,may,mon,62,2,999,0,nonexistent,1.1,93.994,-36.4,4.8580000000000005,5191.0,no
52,admin.,married,university.degree,no,no,yes,telephone,may,mon,134,2,999,0,nonexistent,1.1,93.994,-36.4,4.8580000000000005,5191.0,no
30,services,married,high.school,no,yes,no,telephone,may,mon,92,2,999,0,nonexistent,1.1,93.994,-36.4,4.8580000000000005,5191.0,no
36,housemaid,married,basic.4y,unknown,no,no,telephone,may,mon,501,3,999,0,nonexistent,1.1,93.994,-36.4,4.8580000000000005,5191.0,no
38,admin.,divorced,high.school,no,yes,no,telephone,may,mon,114,2,999,0,nonexistent,1.1,93.994,-36.4,4.8580000000000005,5191.0,no
38,blue-collar,married,basic.6y,no,yes,no,telephone,may,mon,221,2,999,0,nonexistent,1.1,93.994,-36.4,4.8580000000000005,5191.0,no
39,entrepreneur,divorced,university.degree,no,yes,no,telephone,may,mon,219,2,999,0,nonexistent,1.1,93.994,-36.4,4.8580000000000005,5191.0,no
34,management,married,high.school,no,no,no,telephone,may,mon,221,4,999,0,nonexistent,1.1,93.994,-36.4,4.8580000000000005,5191.0,no
35,unknown,single,basic.4y,unknown,yes,yes,telephone,may,mon,374,6,999,0,nonexistent,1.1,93.994,-36.4,4.8580000000000005,5191.0,no
59,retired,married,basic.4y,unknown,yes,no,telephone,may,mon,123,1,999,0,nonexistent,1.1,93.994,-36.4,4.8580000000000005,5191.0,no
32,blue-collar,married,basic.9y,no,yes,no,telephone,may,mon,166,1,999,0,nonexistent,1.1,93.994,-36.4,4.8580000000000005,5191.0,no
37,blue-collar,single,professional.course,no,no,no,telephone,may,mon,128,1,999,0,nonexistent,1.1,93.994,-36.4,4.8580000000000005,5191.0,no
52,self-employed,single,university.degree,unknown,yes,no,telephone,may,mon,37,1,999,0,nonexistent,1.1,93.994,-36.4,4.8580000000000005,5191.0,no
41,blue-collar,married,basic.4y,unknown,no,no,telephone,may,mon,88,5,999,0,nonexistent,1.1,93.994,-36.4,4.8580000000000005,5191.0,no
37,services,divorced,high.school,no,yes,no,telephone,may,mon,77,2,999,0,nonexistent,1.1,93.994,-36.4,4.8580000000000005,5191.0,no
46,admin.,married,high.school,unknown,yes,yes,telephone,may,mon,358,3,999,0,nonexistent,1.1,93.994,-36.4,4.8580000000000005,5191.0,no
46,admin.,divorced,university.degree,no,no,no,telephone,may,mon,134,3,999,0,nonexistent,1.1,93.994,-36.4,4.8580000000000005,5191.0,no
40,admin.,single,unknown,unknown,no,yes,telephone,may,mon,61,4,999,0,nonexistent,1.1,93.994,-36.4,4.8580000000000005,5191.0,no
32,student,single,university.degree,no,no,no,telephone,may,mon,258,1,999,0,nonexistent,1.1,93.994,-36.4,4.8580000000000005,5191.0,no
28,technician,divorced,professional.course,no,no,no,telephone,may,mon,71,1,999,0,nonexistent,1.1,93.994,-36.4,4.8580000000000005,5191.0,no
40,blue-collar,married,basic.6y,unknown,yes,no,telephone,may,mon,153,1,999,0,nonexistent,1.1,93.994,-36.4,4.8580000000000005,5191.0,no
32,admin.,single,professional.course,no,no,no,telephone,may,mon,131,1,999,0,nonexistent,1.1,93.994,-36.4,4.8580000000000005,5191.0,no
47,management,married,basic.4y,unknown,yes,no,telephone,may,mon,219,1,999,0,nonexistent,1.1,93.994,-36.4,4.8580000000000005,5191.0,no
38,blue-collar,married,basic.9y,no,yes,yes,telephone,may,mon,468,1,999,0,nonexistent,1.1,93.994,-36.4,4.8580000000000005,5191.0,no
32,management,single,high.school,no,yes,no,telephone,may,mon,326,2,999,0,nonexistent,1.1,93.994,-36.4,4.8580000000000005,5191.0,no
34,admin.,single,high.school,no,no,yes,telephone,may,mon,412,1,999,0,nonexistent,1.1,93.994,-36.4,4.8580000000000005,5191.0,no
53,technician,married,professional.course,unknown,yes,yes,telephone,may,mon,579,1,999,0,nonexistent,1.1,93.994,-36.4,4.8580000000000005,5191.0,no
36,technician,married,university.degree,no,yes,no,telephone,may,mon,277,3,999,0,nonexistent,1.1,93.994,-36.4,4.8580000000000005,5191.0,no
45,entrepreneur,married,basic.4y,unknown,no,no,telephone,may,mon,316,2,999,0,nonexistent,1.1,93.994,-36.4,4.8580000000000005,5191.0,no
47,management,married,basic.4y,unknown,no,no,telephone,may,mon,882,1,999,0,nonexistent,1.1,93.994,-36.4,4.8580000000000005,5191.0,yes
44,blue-collar,divorced,basic.6y,no,no,no,telephone,may,mon,380,1,999,0,nonexistent,1.1,93.994,-36.4,4.8580000000000005,5191.0,no
47,services,married,unknown,unknown,yes,yes,telephone,may,mon,122,6,999,0,nonexistent,1.1,93.994,-36.4,4.8580000000000005,5191.0,no
58,retired,divorced,university.degree,no,yes,no,telephone,may,mon,83,4,999,0,nonexistent,1.1,93.994,-36.4,4.8580000000000005,5191.0,no
28,services,single,high.school,no,yes,no,telephone,may,mon,318,1,999,0,nonexistent,1.1,93.994,-36.4,4.8580000000000005,5191.0,no
46,technician,married,professional.course,no,no,no,telephone,may,mon,29,3,999,0,nonexistent,1.1,93.994,-36.4,4.8580000000000005,5191.0,no
41,blue-collar,married,professional.course,no,no,no,telephone,may,mon,144,2,999,0,nonexistent,1.1,93.994,-36.4,4.8580000000000005,5191.0,no
48,technician,married,unknown,no,yes,no,telephone,may,mon,429,1,999,0,nonexistent,1.1,93.994,-36.4,4.8580000000000005,5191.0,no
49,management,married,university.degree,no,no,no,telephone,may,mon,27,1,999,0,nonexistent,1.1,93.994,-36.4,4.8580000000000005,5191.0,no
27,services,single,high.school,no,yes,no,telephone,may,mon,343,2,999,0,nonexistent,1.1,93.994,-36.4,4.8580000000000005,5191.0,no
55,blue-collar,married,basic.4y,unknown,yes,no,telephone,may,mon,385,1,999,0,nonexistent,1.1,93.994,-36.4,4.8580000000000005,5191.0,no
46,admin.,married,professional.course,no,no,no,telephone,may,mon,167,3,999,0,nonexistent,1.1,93.994,-36.4,4.8580000000000005,5191.0,no
47,technician,married,professional.course,no,unknown,unknown,telephone,may,mon,89,1,999,0,nonexistent,1.1,93.994,-36.4,4.8580000000000005,5191.0,no
42,admin.,divorced,university.degree,no,no,no,telephone,may,mon,95,1,999,0,nonexistent,1.1,93.994,-36.4,4.8580000000000005,5191.0,no
51,blue-collar,married,basic.9y,unknown,no,no,telephone,may,mon,289,1,999,0,nonexistent,1.1,93.994,-36.4,4.8580000000000005,5191.0,no
57,retired,married,basic.4y,unknown,yes,no,telephone,may,mon,156,1,999,0,nonexistent,1.1,93.994,-36.4,4.8580000000000005,5191.0,no
32,services,single,basic.6y,no,yes,yes,telephone,may,mon,112,1,999,0,nonexistent,1.1,93.994,-36.4,4.8580000000000005,5191.0,no
54,blue-collar,married,basic.4y,unknown,yes,yes,telephone,may,mon,351,1,999,0,nonexistent,1.1,93.994,-36.4,4.8580000000000005,5191.0,no
33,admin.,married,professional.course,no,no,no,telephone,may,mon,198,1,999,0,nonexistent,1.1,93.994,-36.4,4.8580000000000005,5191.0,no
50,blue-collar,married,basic.6y,no,no,no,telephone,may,mon,165,1,999,0,nonexistent,1.1,93.994,-36.4,4.8580000000000005,5191.0,no
45,services,divorced,high.school,unknown,yes,no,telephone,may,mon,25,1,999,0,nonexistent,1.1,93.994,-36.4,4.8580000000000005,5191.0,no
49,services,divorced,basic.9y,no,no,no,telephone,may,mon,134,2,999,0,nonexistent,1.1,93.994,-36.4,4.8580000000000005,5191.0,no
47,management,married,basic.4y,unknown,no,no,telephone,may,mon,268,6,999,0,nonexistent,1.1,93.994,-36.4,4.8580000000000005,5191.0,no
45,services,married,basic.9y,no,no,yes,telephone,may,mon,298,1,999,0,nonexistent,1.1,93.994,-36.4,4.8580000000000005,5191.0,no
36,technician,married,professional.course,no,yes,no,telephone,may,mon,188,2,999,0,nonexistent,1.1,93.994,-36.4,4.8580000000000005,5191.0,no
38,blue-collar,married,basic.4y,no,no,no,telephone,may,mon,241,1,999,0,nonexistent,1.1,93.994,-36.4,4.8580000000000005,5191.0,no
30,self-employed,single,high.school,no,yes,no,telephone,may,mon,201,1,999,0,nonexistent,1.1,93.994,-36.4,4.8580000000000005,5191.0,no
41,management,married,university.degree,unknown,yes,no,telephone,may,mon,27,1,999,0,nonexistent,1.1,93.994,-36.4,4.8580000000000005,5191.0,no
31,technician,single,university.degree,unknown,yes,yes,telephone,may,mon,206,1,999,0,nonexistent,1.1,93.994,-36.4,4.8580000000000005,5191.0,no
35,blue-collar,married,basic.6y,no,yes,yes,telephone,may,mon,68,1,999,0,nonexistent,1.1,93.994,-36.4,4.8580000000000005,5191.0,no
51,services,married,high.school,unknown,yes,yes,telephone,may,mon,94,2,999,0,nonexistent,1.1,93.994,-36.4,4.8580000000000005,5191.0,no
41,management,married,university.degree,no,no,no,telephone,may,mon,97,2,999,0,nonexistent,1.1,93.994,-36.4,4.8580000000000005,5191.0,no
37,blue-collar,married,basic.9y,no,yes,no,telephone,may,mon,138,1,999,0,nonexistent,1.1,93.994,-36.4,4.8580000000000005,5191.0,no
36,management,married,basic.9y,no,unknown,unknown,telephone,may,mon,285,2,999,0,nonexistent,1.1,93.994,-36.4,4.8580000000000005,5191.0,no
35,student,single,high.school,no,no,no,telephone,may,mon,135,1,999,0,nonexistent,1.1,93.994,-36.4,4.8580000000000005,5191.0,no
57,technician,married,professional.course,no,yes,no,telephone,may,mon,483,2,999,0,nonexistent,1.1,93.994,-36.4,4.8580000000000005,5191.0,yes
54,housemaid,divorced,basic.4y,no,no,no,telephone,may,mon,382,2,999,0,nonexistent,1.1,93.994,-36.4,4.8580000000000005,5191.0,no
43,blue-collar,married,basic.4y,unknown,no,yes,telephone,may,mon,18,1,999,0,nonexistent,1.1,93.994,-36.4,4.8580000000000005,5191.0,no
31,technician,married,university.degree,no,no,no,telephone,may,mon,95,1,999,0,nonexistent,1.1,93.994,-36.4,4.8580000000000005,5191.0,no
45,blue-collar,married,unknown,no,yes,yes,telephone,may,mon,943,2,999,0,nonexistent,1.1,93.994,-36.4,4.8580000000000005,5191.0,yes
42,blue-collar,married,basic.4y,no,yes,no,telephone,may,mon,798,1,999,0,nonexistent,1.1,93.994,-36.4,4.8580000000000005,5191.0,no
37,blue-collar,married,basic.6y,no,no,no,telephone,may,mon,168,1,999,0,nonexistent,1.1,93.994,-36.4,4.8580000000000005,5191.0,no
49,blue-collar,married,basic.4y,unknown,yes,no,telephone,may,mon,84,12,999,0,nonexistent,1.1,93.994,-36.4,4.8580000000000005,5191.0,no
34,blue-collar,married,basic.9y,unknown,yes,yes,telephone,may,mon,100,3,999,0,nonexistent,1.1,93.994,-36.4,4.8580000000000005,5191.0,no
47,services,divorced,high.school,no,no,no,telephone,may,mon,143,1,999,0,nonexistent,1.1,93.994,-36.4,4.8580000000000005,5191.0,no
44,unknown,married,basic.6y,no,yes,yes,telephone,may,mon,115,1,999,0,nonexistent,1.1,93.994,-36.4,4.8580000000000005,5191.0,no
42,blue-collar,married,basic.9y,no,yes,no,telephone,may,mon,23,1,999,0,nonexistent,1.1,93.994,-36.4,4.8580000000000005,5191.0,no
31,blue-collar,married,basic.9y,no,unknown,unknown,telephone,may,mon,73,1,999,0,nonexistent,1.1,93.994,-36.4,4.8580000000000005,5191.0,no
52,management,married,high.school,unknown,no,no,telephone,may,mon,31,1,999,0,nonexistent,1.1,93.994,-36.4,4.8580000000000005,5191.0,no
45,admin.,married,university.degree,no,no,no,telephone,may,mon,351,1,999,0,nonexistent,1.1,93.994,-36.4,4.8580000000000005,5191.0,no
31,self-employed,married,university.degree,no,no,yes,telephone,may,mon,179,1,999,0,nonexistent,1.1,93.994,-36.4,4.8580000000000005,5191.0,no
39,housemaid,married,university.degree,no,no,no,telephone,may,mon,237,1,999,0,nonexistent,1.1,93.994,-36.4,4.8580000000000005,5191.0,no
45,blue-collar,married,basic.6y,unknown,yes,no,telephone,may,mon,107,2,999,0,nonexistent,1.1,93.994,-36.4,4.8580000000000005,5191.0,no
46,self-employed,married,basic.9y,unknown,no,no,telephone,may,mon,529,3,999,0,nonexistent,1.1,93.994,-36.4,4.8580000000000005,5191.0,no
32,blue-collar,married,basic.6y,unknown,yes,no,telephone,may,mon,36,1,999,0,nonexistent,1.1,93.994,-36.4,4.8580000000000005,5191.0,no
29,management,single,university.degree,no,yes,yes,telephone,may,mon,122,2,999,0,nonexistent,1.1,93.994,-36.4,4.8580000000000005,5191.0,no
41,blue-collar,married,basic.9y,no,no,no,telephone,may,mon,198,1,999,0,nonexistent,1.1,93.994,-36.4,4.8580000000000005,5191.0,no
35,admin.,married,university.degree,no,yes,yes,telephone,may,mon,67,1,999,0,nonexistent,1.1,93.994,-36.4,4.8580000000000005,5191.0,no
34,admin.,married,university.degree,no,no,no,telephone,may,mon,81,1,999,0,nonexistent,1.1,93.994,-36.4,4.8580000000000005,5191.0,no
31,blue-collar,single,basic.9y,no,no,no,telephone,may,mon,496,3,999,0,nonexistent,1.1,93.994,-36.4,4.8580000000000005,5191.0,no
41,technician,married,university.degree,no,no,no,telephone,may,mon,156,5,999,0,nonexistent,1.1,93.994,-36.4,4.8580000000000005,5191.0,no
59,retired,married,basic.9y,unknown,no,no,telephone,may,mon,211,2,999,0,nonexistent,1.1,93.994,-36.4,4.8580000000000005,5191.0,no
45,unemployed,married,basic.6y,unknown,no,no,telephone,may,mon,265,1,999,0,nonexistent,1.1,93.994,-36.4,4.8580000000000005,5191.0,no
31,blue-collar,married,basic.9y,no,yes,no,telephone,may,mon,48,2,999,0,nonexistent,1.1,93.994,-36.4,4.8580000000000005,5191.0,no
25,services,married,high.school,unknown,yes,yes,telephone,may,mon,104,2,999,0,nonexistent,1.1,93.994,-36.4,4.8580000000000005,5191.0,no
38,management,married,unknown,no,no,no,telephone,may,mon,610,1,999,0,nonexistent,1.1,93.994,-36.4,4.8580000000000005,5191.0,no
32,blue-collar,divorced,basic.9y,no,no,no,telephone,may,mon,287,1,999,0,nonexistent,1.1,93.994,-36.4,4.8580000000000005,5191.0,no
37,blue-collar,married,professional.course,no,no,no,telephone,may,mon,336,1,999,0,nonexistent,1.1,93.994,-36.4,4.8580000000000005,5191.0,no
47,technician,married,professional.course,no,no,no,telephone,may,mon,202,1,999,0,nonexistent,1.1,93.994,-36.4,4.8580000000000005,5191.0,no
28,blue-collar,married,basic.6y,no,no,no,telephone,may,mon,228,1,999,0,nonexistent,1.1,93.994,-36.4,4.8580000000000005,5191.0,no
36,blue-collar,single,high.school,no,yes,yes,telephone,may,mon,260,1,999,0,nonexistent,1.1,93.994,-36.4,4.8580000000000005,5191.0,no
51,blue-collar,married,basic.4y,no,yes,yes,telephone,may,mon,387,1,999,0,nonexistent,1.1,93.994,-36.4,4.8580000000000005,5191.0,no
50,unemployed,married,basic.4y,unknown,yes,no,telephone,may,mon,272,1,999,0,nonexistent,1.1,93.994,-36.4,4.8580000000000005,5191.0,no
48,services,divorced,high.school,unknown,yes,yes,telephone,may,mon,158,2,999,0,nonexistent,1.1,93.994,-36.4,4.8580000000000005,5191.0,no
32,admin.,married,high.school,unknown,yes,no,telephone,may,mon,35,3,999,0,nonexistent,1.1,93.994,-36.4,4.8580000000000005,5191.0,no
48,blue-collar,married,basic.9y,no,no,no,telephone,may,mon,607,1,999,0,nonexistent,1.1,93.994,-36.4,4.8580000000000005,5191.0,yes
52,technician,divorced,basic.9y,no,yes,yes,telephone,may,mon,257,1,999,0,nonexistent,1.1,93.994,-36.4,4.8580000000000005,5191.0,no
36,blue-collar,single,basic.9y,no,no,no,telephone,may,mon,214,3,999,0,nonexistent,1.1,93.994,-36.4,4.8580000000000005,5191.0,no
48,admin.,married,university.degree,no,yes,no,telephone,may,mon,105,2,999,0,nonexistent,1.1,93.994,-36.4,4.8580000000000005,5191.0,no
25,blue-collar,single,basic.9y,unknown,yes,no,telephone,may,mon,260,9,999,0,nonexistent,1.1,93.994,-36.4,4.8580000000000005,5191.0,no
28,self-employed,single,basic.9y,no,no,no,telephone,may,mon,174,2,999,0,nonexistent,1.1,93.994,-36.4,4.8580000000000005,5191.0,no
34,blue-collar,married,basic.6y,no,no,no,telephone,may,mon,144,2,999,0,nonexistent,1.1,93.994,-36.4,4.8580000000000005,5191.0,no
39,admin.,married,basic.4y,no,no,no,telephone,may,mon,222,2,999,0,nonexistent,1.1,93.994,-36.4,4.8580000000000005,5191.0,no
42,services,married,professional.course,no,no,no,telephone,may,mon,136,2,999,0,nonexistent,1.1,93.994,-36.4,4.8580000000000005,5191.0,no
57,retired,married,basic.4y,no,yes,no,telephone,may,mon,546,12,999,0,nonexistent,1.1,93.994,-36.4,4.8580000000000005,5191.0,no
44,admin.,married,basic.4y,unknown,no,no,telephone,may,mon,49,2,999,0,nonexistent,1.1,93.994,-36.4,4.8580000000000005,5191.0,no
28,admin.,single,basic.9y,no,yes,yes,telephone,may,mon,335,4,999,0,nonexistent,1.1,93.994,-36.4,4.8580000000000005,5191.0,no
25,self-employed,single,university.degree,no,no,no,telephone,may,mon,105,1,999,0,nonexistent,1.1,93.994,-36.4,4.8580000000000005,5191.0,no
29,housemaid,single,high.school,no,no,no,telephone,may,mon,1203,3,999,0,nonexistent,1.1,93.994,-36.4,4.8580000000000005,5191.0,no
28,services,married,high.school,no,no,no,telephone,may,mon,1022,4,999,0,nonexistent,1.1,93.994,-36.4,4.8580000000000005,5191.0,yes
41,admin.,divorced,university.degree,unknown,yes,no,telephone,may,mon,128,1,999,0,nonexistent,1.1,93.994,-36.4,4.8580000000000005,5191.0,no
32,admin.,married,high.school,no,no,no,telephone,may,mon,199,1,999,0,nonexistent,1.1,93.994,-36.4,4.8580000000000005,5191.0,no
49,blue-collar,married,basic.4y,unknown,yes,no,telephone,may,mon,364,1,999,0,nonexistent,1.1,93.994,-36.4,4.8580000000000005,5191.0,no
43,management,married,university.degree,no,unknown,unknown,telephone,may,mon,193,3,999,0,nonexistent,1.1,93.994,-36.4,4.8580000000000005,5191.0,no
58,retired,married,basic.4y,unknown,no,no,telephone,may,mon,159,3,999,0,nonexistent,1.1,93.994,-36.4,4.8580000000000005,5191.0,no
54,blue-collar,married,basic.4y,unknown,no,no,telephone,may,mon,166,3,999,0,nonexistent,1.1,93.994,-36.4,4.8580000000000005,5191.0,no
25,blue-collar,married,basic.4y,no,no,no,telephone,may,mon,480,1,999,0,nonexistent,1.1,93.994,-36.4,4.8580000000000005,5191.0,no
49,housemaid,married,basic.4y,no,no,no,telephone,may,mon,13,1,999,0,nonexistent,1.1,93.994,-36.4,4.8580000000000005,5191.0,no
44,entrepreneur,married,professional.course,no,no,no,telephone,may,mon,259,1,999,0,nonexistent,1.1,93.994,-36.4,4.8580000000000005,5191.0,no
51,blue-collar,married,basic.4y,no,unknown,unknown,telephone,may,mon,162,1,999,0,nonexistent,1.1,93.994,-36.4,4.8580000000000005,5191.0,no
37,housemaid,married,high.school,no,yes,yes,telephone,may,mon,723,1,999,0,nonexistent,1.1,93.994,-36.4,4.8580000000000005,5191.0,no
41,blue-collar,married,basic.9y,no,no,no,telephone,may,mon,89,1,999,0,nonexistent,1.1,93.994,-36.4,4.8580000000000005,5191.0,no
40,blue-collar,married,basic.9y,no,yes,no,telephone,may,mon,257,2,999,0,nonexistent,1.1,93.994,-36.4,4.8580000000000005,5191.0,no
35,services,married,professional.course,unknown,yes,yes,telephone,may,mon,361,2,999,0,nonexistent,1.1,93.994,-36.4,4.8580000000000005,5191.0,no
24,services,single,professional.course,no,yes,no,telephone,may,mon,314,1,999,0,nonexistent,1.1,93.994,-36.4,4.8580000000000005,5191.0,no
30,blue-collar,married,basic.9y,no,no,no,telephone,may,mon,215,1,999,0,nonexistent,1.1,93.994,-36.4,4.8580000000000005,5191.0,no
48,services,married,high.school,unknown,yes,yes,telephone,may,mon,115,4,999,0,nonexistent,1.1,93.994,-36.4,4.8580000000000005,5191.0,no
27,blue-collar,married,basic.9y,no,yes,no,telephone,may,mon,147,3,999,0,nonexistent,1.1,93.994,-36.4,4.8580000000000005,5191.0,no
40,admin.,married,university.degree,unknown,yes,yes,telephone,may,mon,183,7,999,0,nonexistent,1.1,93.994,-36.4,4.8580000000000005,5191.0,no
35,admin.,single,high.school,no,yes,yes,telephone,may,mon,19,1,999,0,nonexistent,1.1,93.994,-36.4,4.8580000000000005,5191.0,no
26,admin.,married,high.school,no,no,yes,telephone,may,mon,346,1,999,0,nonexistent,1.1,93.994,-36.4,4.8580000000000005,5191.0,no
29,services,single,university.degree,unknown,yes,no,telephone,may,mon,78,1,999,0,nonexistent,1.1,93.994,-36.4,4.8580000000000005,5191.0,no
45,blue-collar,married,basic.4y,unknown,yes,yes,telephone,may,mon,133,1,999,0,nonexistent,1.1,93.994,-36.4,4.8580000000000005,5191.0,no
35,admin.,married,university.degree,no,yes,no,telephone,may,mon,193,6,999,0,nonexistent,1.1,93.994,-36.4,4.8580000000000005,5191.0,no
32,blue-collar,married,basic.9y,no,yes,no,telephone,may,mon,181,1,999,0,nonexistent,1.1,93.994,-36.4,4.8580000000000005,5191.0,no
33,services,single,high.school,no,no,yes,telephone,may,mon,109,2,999,0,nonexistent,1.1,93.994,-36.4,4.8580000000000005,5191.0,no
37,blue-collar,married,basic.9y,unknown,no,no,telephone,may,mon,263,1,999,0,nonexistent,1.1,93.994,-36.4,4.8580000000000005,5191.0,no
29,admin.,single,basic.9y,unknown,no,no,telephone,may,mon,333,1,999,0,nonexistent,1.1,93.994,-36.4,4.8580000000000005,5191.0,no
27,student,single,university.degree,no,yes,no,telephone,may,mon,104,1,999,0,nonexistent,1.1,93.994,-36.4,4.8580000000000005,5191.0,no
43,services,divorced,high.school,no,yes,no,telephone,may,mon,191,4,999,0,nonexistent,1.1,93.994,-36.4,4.8580000000000005,5191.0,no
47,blue-collar,married,professional.course,unknown,no,no,telephone,may,mon,571,1,999,0,nonexistent,1.1,93.994,-36.4,4.8580000000000005,5191.0,no
32,housemaid,single,high.school,no,unknown,unknown,telephone,may,mon,180,1,999,0,nonexistent,1.1,93.994,-36.4,4.8580000000000005,5191.0,no
26,unemployed,married,high.school,no,yes,no,telephone,may,mon,107,2,999,0,nonexistent,1.1,93.994,-36.4,4.8580000000000005,5191.0,no
48,blue-collar,married,professional.course,no,no,no,telephone,may,mon,219,2,999,0,nonexistent,1.1,93.994,-36.4,4.8580000000000005,5191.0,no
42,entrepreneur,married,university.degree,no,no,no,telephone,may,mon,148,1,999,0,nonexistent,1.1,93.994,-36.4,4.8580000000000005,5191.0,no
35,blue-collar,divorced,basic.9y,no,yes,yes,telephone,may,mon,400,2,999,0,nonexistent,1.1,93.994,-36.4,4.8580000000000005,5191.0,no
42,blue-collar,divorced,basic.6y,no,yes,no,telephone,may,mon,503,2,999,0,nonexistent,1.1,93.994,-36.4,4.8580000000000005,5191.0,no
36,blue-collar,single,basic.9y,unknown,no,no,telephone,may,mon,125,5,999,0,nonexistent,1.1,93.994,-36.4,4.8580000000000005,5191.0,no
32,technician,single,basic.9y,no,yes,no,telephone,may,mon,194,3,999,0,nonexistent,1.1,93.994,-36.4,4.8580000000000005,5191.0,no
28,blue-collar,divorced,high.school,no,yes,no,telephone,may,mon,7,1,999,0,nonexistent,1.1,93.994,-36.4,4.8580000000000005,5191.0,no
41,blue-collar,divorced,basic.9y,no,no,no,telephone,may,mon,53,1,999,0,nonexistent,1.1,93.994,-36.4,4.8580000000000005,5191.0,no
42,blue-collar,divorced,basic.9y,no,unknown,unknown,telephone,may,mon,100,1,999,0,nonexistent,1.1,93.994,-36.4,4.8580000000000005,5191.0,no
29,technician,single,university.degree,no,unknown,unknown,telephone,may,mon,104,1,999,0,nonexistent,1.1,93.994,-36.4,4.8580000000000005,5191.0,no
38,services,married,high.school,no,yes,no,telephone,may,mon,552,3,999,0,nonexistent,1.1,93.994,-36.4,4.8580000000000005,5191.0,yes
22,services,single,high.school,no,yes,no,telephone,may,mon,345,1,999,0,nonexistent,1.1,93.994,-36.4,4.8580000000000005,5191.0,no
34,blue-collar,married,basic.9y,no,no,no,telephone,may,mon,263,1,999,0,nonexistent,1.1,93.994,-36.4,4.8580000000000005,5191.0,no
52,entrepreneur,married,university.degree,no,no,no,telephone,may,mon,44,39,999,0,nonexistent,1.1,93.994,-36.4,4.8580000000000005,5191.0,no
55,services,divorced,high.school,no,no,yes,telephone,may,mon,207,3,999,0,nonexistent,1.1,93.994,-36.4,4.8580000000000005,5191.0,no
24,services,single,high.school,no,no,no,telephone,may,mon,401,2,999,0,nonexistent,1.1,93.994,-36.4,4.8580000000000005,5191.0,no
44,technician,divorced,high.school,no,yes,no,telephone,may,mon,457,5,999,0,nonexistent,1.1,93.994,-36.4,4.8580000000000005,5191.0,no
29,technician,single,university.degree,no,yes,no,telephone,may,mon,193,1,999,0,nonexistent,1.1,93.994,-36.4,4.8580000000000005,5191.0,no
32,technician,married,professional.course,no,no,yes,telephone,may,mon,142,3,999,0,nonexistent,1.1,93.994,-36.4,4.8580000000000005,5191.0,no
32,technician,single,high.school,no,yes,yes,telephone,may,mon,123,2,999,0,nonexistent,1.1,93.994,-36.4,4.8580000000000005,5191.0,no
48,technician,divorced,professional.course,no,no,yes,telephone,may,mon,65,3,999,0,nonexistent,1.1,93.994,-36.4,4.8580000000000005,5191.0,no
32,blue-collar,married,professional.course,no,yes,no,telephone,may,mon,100,2,999,0,nonexistent,1.1,93.994,-36.4,4.8580000000000005,5191.0,no
28,unemployed,single,high.school,no,yes,yes,telephone,may,mon,229,3,999,0,nonexistent,1.1,93.994,-36.4,4.8580000000000005,5191.0,no
46,blue-collar,married,basic.4y,no,unknown,unknown,telephone,may,mon,445,2,999,0,nonexistent,1.1,93.994,-36.4,4.8580000000000005,5191.0,no
46,management,married,basic.9y,unknown,no,no,telephone,may,mon,206,4,999,0,nonexistent,1.1,93.994,-36.4,4.8580000000000005,5191.0,no
27,admin.,single,university.degree,no,yes,no,telephone,may,mon,182,2,999,0,nonexistent,1.1,93.994,-36.4,4.8580000000000005,5191.0,no
26,blue-collar,married,basic.4y,no,yes,no,telephone,may,mon,183,2,999,0,nonexistent,1.1,93.994,-36.4,4.8580000000000005,5191.0,no
33,blue-collar,married,basic.9y,no,yes,no,telephone,may,mon,140,2,999,0,nonexistent,1.1,93.994,-36.4,4.8580000000000005,5191.0,no
28,management,married,university.degree,no,no,no,telephone,may,mon,134,3,999,0,nonexistent,1.1,93.994,-36.4,4.8580000000000005,5191.0,no
52,management,married,basic.4y,unknown,no,no,telephone,may,mon,88,35,999,0,nonexistent,1.1,93.994,-36.4,4.8580000000000005,5191.0,no
35,admin.,single,university.degree,no,no,no,telephone,may,mon,234,13,999,0,nonexistent,1.1,93.994,-36.4,4.8580000000000005,5191.0,no
33,blue-collar,married,basic.9y,no,unknown,unknown,telephone,may,mon,215,3,999,0,nonexistent,1.1,93.994,-36.4,4.8580000000000005,5191.0,no
46,blue-collar,married,basic.9y,no,yes,no,telephone,may,mon,194,5,999,0,nonexistent,1.1,93.994,-36.4,4.8580000000000005,5191.0,no
26,services,married,high.school,no,no,no,telephone,may,mon,394,2,999,0,nonexistent,1.1,93.994,-36.4,4.8580000000000005,5191.0,no
47,admin.,married,university.degree,no,no,no,telephone,may,mon,408,2,999,0,nonexistent,1.1,93.994,-36.4,4.8580000000000005,5191.0,no
26,blue-collar,married,basic.4y,no,no,yes,telephone,may,mon,114,2,999,0,nonexistent,1.1,93.994,-36.4,4.8580000000000005,5191.0,no
34,blue-collar,married,professional.course,no,yes,no,telephone,may,mon,210,2,999,0,nonexistent,1.1,93.994,-36.4,4.8580000000000005,5191.0,no
24,admin.,single,high.school,no,yes,no,telephone,may,mon,243,6,999,0,nonexistent,1.1,93.994,-36.4,4.8580000000000005,5191.0,no
31,technician,married,professional.course,no,no,no,telephone,may,mon,180,6,999,0,nonexistent,1.1,93.994,-36.4,4.8580000000000005,5191.0,no
34,blue-collar,married,basic.6y,no,yes,no,telephone,may,mon,1622,2,999,0,nonexistent,1.1,93.994,-36.4,4.8580000000000005,5191.0,yes
60,admin.,married,professional.course,no,yes,no,telephone,may,mon,324,2,999,0,nonexistent,1.1,93.994,-36.4,4.8580000000000005,5191.0,no
32,blue-collar,married,basic.6y,unknown,yes,no,telephone,may,mon,205,3,999,0,nonexistent,1.1,93.994,-36.4,4.8580000000000005,5191.0,no
24,blue-collar,married,basic.9y,no,yes,no,telephone,may,mon,194,2,999,0,nonexistent,1.1,93.994,-36.4,4.8580000000000005,5191.0,no
55,entrepreneur,divorced,university.degree,no,yes,yes,telephone,may,mon,86,7,999,0,nonexistent,1.1,93.994,-36.4,4.8580000000000005,5191.0,no
38,admin.,divorced,high.school,no,no,no,telephone,may,mon,160,2,999,0,nonexistent,1.1,93.994,-36.4,4.8580000000000005,5191.0,no
37,blue-collar,married,professional.course,no,yes,no,telephone,may,mon,492,6,999,0,nonexistent,1.1,93.994,-36.4,4.8580000000000005,5191.0,no
36,services,divorced,university.degree,no,no,no,telephone,may,mon,187,3,999,0,nonexistent,1.1,93.994,-36.4,4.8580000000000005,5191.0,no
47,technician,married,professional.course,unknown,yes,no,telephone,may,mon,197,4,999,0,nonexistent,1.1,93.994,-36.4,4.8580000000000005,5191.0,no
49,technician,married,professional.course,unknown,yes,no,telephone,may,mon,95,5,999,0,nonexistent,1.1,93.994,-36.4,4.8580000000000005,5191.0,no
52,services,married,high.school,unknown,yes,no,telephone,may,mon,967,6,999,0,nonexistent,1.1,93.994,-36.4,4.8580000000000005,5191.0,yes
36,services,married,high.school,unknown,yes,no,telephone,may,mon,260,3,999,0,nonexistent,1.1,93.994,-36.4,4.8580000000000005,5191.0,no
29,technician,married,professional.course,no,yes,no,telephone,may,mon,124,42,999,0,nonexistent,1.1,93.994,-36.4,4.8580000000000005,5191.0,no
51,services,married,professional.course,unknown,no,no,telephone,may,mon,158,5,999,0,nonexistent,1.1,93.994,-36.4,4.8580000000000005,5191.0,no
31,blue-collar,married,basic.9y,no,yes,no,telephone,may,mon,162,10,999,0,nonexistent,1.1,93.994,-36.4,4.8580000000000005,5191.0,no
36,admin.,married,high.school,no,no,no,telephone,may,mon,211,2,999,0,nonexistent,1.1,93.994,-36.4,4.8580000000000005,5191.0,no
30,technician,single,professional.course,no,yes,no,telephone,may,mon,220,3,999,0,nonexistent,1.1,93.994,-36.4,4.8580000000000005,5191.0,no
27,blue-collar,married,basic.9y,no,yes,no,telephone,may,mon,110,2,999,0,nonexistent,1.1,93.994,-36.4,4.8580000000000005,5191.0,no
47,management,married,basic.4y,unknown,no,no,telephone,may,mon,99,22,999,0,nonexistent,1.1,93.994,-36.4,4.8580000000000005,5191.0,no
56,blue-collar,married,basic.4y,unknown,yes,no,telephone,may,mon,112,7,999,0,nonexistent,1.1,93.994,-36.4,4.8580000000000005,5191.0,no
27,services,married,professional.course,no,yes,no,telephone,may,mon,283,3,999,0,nonexistent,1.1,93.994,-36.4,4.8580000000000005,5191.0,no
46,blue-collar,divorced,basic.4y,no,no,no,telephone,may,mon,235,7,999,0,nonexistent,1.1,93.994,-36.4,4.8580000000000005,5191.0,no
43,technician,single,professional.course,no,yes,no,telephone,may,mon,138,8,999,0,nonexistent,1.1,93.994,-36.4,4.8580000000000005,5191.0,no
44,technician,single,professional.course,unknown,no,no,telephone,may,mon,374,6,999,0,nonexistent,1.1,93.994,-36.4,4.8580000000000005,5191.0,no
52,self-employed,married,university.degree,unknown,yes,no,telephone,may,mon,353,4,999,0,nonexistent,1.1,93.994,-36.4,4.8580000000000005,5191.0,no
38,technician,single,professional.course,no,no,no,telephone,may,mon,147,2,999,0,nonexistent,1.1,93.994,-36.4,4.8580000000000005,5191.0,no
48,blue-collar,married,basic.6y,no,no,no,telephone,may,mon,332,10,999,0,nonexistent,1.1,93.994,-36.4,4.8580000000000005,5191.0,no
31,technician,married,basic.9y,unknown,yes,no,telephone,may,mon,179,9,999,0,nonexistent,1.1,93.994,-36.4,4.8580000000000005,5191.0,no
33,management,married,university.degree,no,yes,no,telephone,may,mon,396,9,999,0,nonexistent,1.1,93.994,-36.4,4.8580000000000005,5191.0,no
37,blue-collar,single,university.degree,no,yes,no,telephone,may,mon,492,9,999,0,nonexistent,1.1,93.994,-36.4,4.8580000000000005,5191.0,no
34,blue-collar,married,basic.9y,no,yes,no,telephone,may,mon,360,2,999,0,nonexistent,1.1,93.994,-36.4,4.8580000000000005,5191.0,no
59,housemaid,married,unknown,no,no,no,telephone,may,mon,175,2,999,0,nonexistent,1.1,93.994,-36.4,4.8580000000000005,5191.0,no
34,admin.,married,university.degree,no,yes,yes,telephone,may,mon,97,9,999,0,nonexistent,1.1,93.994,-36.4,4.8580000000000005,5191.0,no
34,blue-collar,single,basic.9y,no,no,no,telephone,may,mon,84,3,999,0,nonexistent,1.1,93.994,-36.4,4.8580000000000005,5191.0,no
29,blue-collar,single,professional.course,no,yes,no,telephone,may,mon,57,7,999,0,nonexistent,1.1,93.994,-36.4,4.8580000000000005,5191.0,no
46,entrepreneur,married,university.degree,no,yes,no,telephone,may,mon,105,11,999,0,nonexistent,1.1,93.994,-36.4,4.8580000000000005,5191.0,no
46,blue-collar,married,basic.9y,unknown,no,no,telephone,may,mon,886,3,999,0,nonexistent,1.1,93.994,-36.4,4.8580000000000005,5191.0,no
31,admin.,unknown,high.school,no,no,no,telephone,may,mon,182,8,999,0,nonexistent,1.1,93.994,-36.4,4.8580000000000005,5191.0,no
58,blue-collar,divorced,unknown,no,no,no,telephone,may,mon,467,4,999,0,nonexistent,1.1,93.994,-36.4,4.8580000000000005,5191.0,no
33,blue-collar,married,basic.4y,unknown,no,no,telephone,may,mon,21,11,999,0,nonexistent,1.1,93.994,-36.4,4.8580000000000005,5191.0,no
32,admin.,single,university.degree,no,no,no,telephone,may,mon,470,4,999,0,nonexistent,1.1,93.994,-36.4,4.8580000000000005,5191.0,no
38,services,single,high.school,unknown,yes,no,telephone,may,mon,85,3,999,0,nonexistent,1.1,93.994,-36.4,4.8580000000000005,5191.0,no
51,admin.,single,university.degree,no,no,no,telephone,may,mon,120,7,999,0,nonexistent,1.1,93.994,-36.4,4.8580000000000005,5191.0,no
34,services,married,high.school,no,no,no,telephone,may,mon,298,2,999,0,nonexistent,1.1,93.994,-36.4,4.8580000000000005,5191.0,no
39,blue-collar,married,professional.course,no,no,no,telephone,may,mon,87,5,999,0,nonexistent,1.1,93.994,-36.4,4.8580000000000005,5191.0,no
47,blue-collar,married,basic.4y,no,yes,no,telephone,may,mon,622,2,999,0,nonexistent,1.1,93.994,-36.4,4.8580000000000005,5191.0,no
49,self-employed,single,basic.9y,no,no,no,telephone,may,mon,58,10,999,0,nonexistent,1.1,93.994,-36.4,4.8580000000000005,5191.0,no
33,technician,divorced,professional.course,no,no,no,telephone,may,mon,1218,3,999,0,nonexistent,1.1,93.994,-36.4,4.8580000000000005,5191.0,yes
54,blue-collar,married,basic.9y,unknown,no,yes,telephone,may,mon,500,3,999,0,nonexistent,1.1,93.994,-36.4,4.8580000000000005,5191.0,no
42,management,married,basic.6y,unknown,yes,no,telephone,may,mon,3078,4,999,0,nonexistent,1.1,93.994,-36.4,4.8580000000000005,5191.0,no
36,technician,married,professional.course,no,no,no,telephone,may,tue,150,1,999,0,nonexistent,1.1,93.994,-36.4,4.856,5191.0,no
47,technician,single,professional.course,unknown,no,no,telephone,may,tue,148,5,999,0,nonexistent,1.1,93.994,-36.4,4.856,5191.0,no
43,services,married,basic.9y,unknown,no,no,telephone,may,tue,102,1,999,0,nonexistent,1.1,93.994,-36.4,4.856,5191.0,no
27,admin.,married,university.degree,no,yes,no,telephone,may,tue,91,1,999,0,nonexistent,1.1,93.994,-36.4,4.856,5191.0,no
40,housemaid,married,high.school,unknown,yes,no,telephone,may,tue,201,1,999,0,nonexistent,1.1,93.994,-36.4,4.856,5191.0,no
56,management,married,unknown,no,no,no,telephone,may,tue,70,1,999,0,nonexistent,1.1,93.994,-36.4,4.856,5191.0,no
59,admin.,married,basic.6y,no,yes,no,telephone,may,tue,19,15,999,0,nonexistent,1.1,93.994,-36.4,4.856,5191.0,no
40,blue-collar,married,basic.9y,unknown,no,no,telephone,may,tue,59,1,999,0,nonexistent,1.1,93.994,-36.4,4.856,5191.0,no
54,technician,divorced,professional.course,no,no,no,telephone,may,tue,182,1,999,0,nonexistent,1.1,93.994,-36.4,4.856,5191.0,no
43,housemaid,married,basic.4y,unknown,no,no,telephone,may,tue,365,4,999,0,nonexistent,1.1,93.994,-36.4,4.856,5191.0,no
53,technician,married,professional.course,no,yes,no,telephone,may,tue,280,1,999,0,nonexistent,1.1,93.994,-36.4,4.856,5191.0,no
53,technician,divorced,professional.course,no,no,no,telephone,may,tue,249,1,999,0,nonexistent,1.1,93.994,-36.4,4.856,5191.0,no
52,services,married,high.school,unknown,yes,no,telephone,may,tue,140,1,999,0,nonexistent,1.1,93.994,-36.4,4.856,5191.0,no
34,admin.,married,university.degree,no,no,no,telephone,may,tue,184,1,999,0,nonexistent,1.1,93.994,-36.4,4.856,5191.0,no
31,unemployed,single,professional.course,no,no,no,telephone,may,tue,20,12,999,0,nonexistent,1.1,93.994,-36.4,4.856,5191.0,no
45,blue-collar,married,basic.9y,unknown,no,no,telephone,may,tue,107,2,999,0,nonexistent,1.1,93.994,-36.4,4.856,5191.0,no
25,admin.,married,high.school,no,no,yes,telephone,may,tue,125,4,999,0,nonexistent,1.1,93.994,-36.4,4.856,5191.0,no
49,admin.,divorced,university.degree,no,no,no,telephone,may,tue,216,1,999,0,nonexistent,1.1,93.994,-36.4,4.856,5191.0,no
53,blue-collar,married,high.school,no,no,no,telephone,may,tue,109,1,999,0,nonexistent,1.1,93.994,-36.4,4.856,5191.0,no
40,admin.,married,professional.course,unknown,yes,no,telephone,may,tue,81,1,999,0,nonexistent,1.1,93.994,-36.4,4.856,5191.0,no
40,unemployed,married,basic.4y,unknown,yes,no,telephone,may,tue,146,1,999,0,nonexistent,1.1,93.994,-36.4,4.856,5191.0,no
48,technician,married,unknown,no,yes,yes,telephone,may,tue,83,1,999,0,nonexistent,1.1,93.994,-36.4,4.856,5191.0,no
58,retired,married,university.degree,no,no,yes,telephone,may,tue,226,1,999,0,nonexistent,1.1,93.994,-36.4,4.856,5191.0,no
30,technician,married,university.degree,unknown,no,no,telephone,may,tue,191,1,999,0,nonexistent,1.1,93.994,-36.4,4.856,5191.0,no
49,blue-collar,married,unknown,unknown,yes,no,telephone,may,tue,171,1,999,0,nonexistent,1.1,93.994,-36.4,4.856,5191.0,no
45,technician,single,professional.course,no,yes,yes,telephone,may,tue,133,1,999,0,nonexistent,1.1,93.994,-36.4,4.856,5191.0,no
34,services,married,high.school,no,yes,no,telephone,may,tue,656,1,999,0,nonexistent,1.1,93.994,-36.4,4.856,5191.0,no
32,services,single,basic.6y,no,no,yes,telephone,may,tue,1205,1,999,0,nonexistent,1.1,93.994,-36.4,4.856,5191.0,yes
52,blue-collar,single,basic.9y,unknown,yes,no,telephone,may,tue,202,1,999,0,nonexistent,1.1,93.994,-36.4,4.856,5191.0,no
37,admin.,married,high.school,unknown,yes,yes,telephone,may,tue,196,1,999,0,nonexistent,1.1,93.994,-36.4,4.856,5191.0,no
25,management,single,basic.4y,no,no,no,telephone,may,tue,186,4,999,0,nonexistent,1.1,93.994,-36.4,4.856,5191.0,no
50,blue-collar,married,basic.4y,no,yes,no,telephone,may,tue,532,1,999,0,nonexistent,1.1,93.994,-36.4,4.856,5191.0,no
43,blue-collar,married,basic.4y,no,yes,no,telephone,may,tue,97,2,999,0,nonexistent,1.1,93.994,-36.4,4.856,5191.0,no
34,management,married,university.degree,no,no,yes,telephone,may,tue,234,5,999,0,nonexistent,1.1,93.994,-36.4,4.856,5191.0,no
41,blue-collar,married,basic.9y,no,no,no,telephone,may,tue,216,1,999,0,nonexistent,1.1,93.994,-36.4,4.856,5191.0,no
31,blue-collar,single,high.school,no,no,no,telephone,may,tue,1882,2,999,0,nonexistent,1.1,93.994,-36.4,4.856,5191.0,yes
34,management,single,university.degree,no,no,no,telephone,may,tue,243,1,999,0,nonexistent,1.1,93.994,-36.4,4.856,5191.0,no
47,services,married,high.school,no,no,no,telephone,may,tue,98,1,999,0,nonexistent,1.1,93.994,-36.4,4.856,5191.0,no
52,self-employed,married,basic.4y,unknown,yes,no,telephone,may,tue,81,1,999,0,nonexistent,1.1,93.994,-36.4,4.856,5191.0,no
42,technician,divorced,university.degree,no,no,no,telephone,may,tue,190,1,999,0,nonexistent,1.1,93.994,-36.4,4.856,5191.0,no
28,admin.,married,high.school,no,no,no,telephone,may,tue,142,3,999,0,nonexistent,1.1,93.994,-36.4,4.856,5191.0,no
41,services,married,basic.9y,no,no,no,telephone,may,tue,335,1,999,0,nonexistent,1.1,93.994,-36.4,4.856,5191.0,no
53,admin.,married,university.degree,no,yes,no,telephone,may,tue,68,2,999,0,nonexistent,1.1,93.994,-36.4,4.856,5191.0,no
49,blue-collar,married,basic.4y,unknown,no,no,telephone,may,tue,217,1,999,0,nonexistent,1.1,93.994,-36.4,4.856,5191.0,no
45,blue-collar,married,basic.4y,unknown,yes,no,telephone,may,tue,68,1,999,0,nonexistent,1.1,93.994,-36.4,4.856,5191.0,no
45,blue-collar,married,basic.4y,unknown,yes,no,telephone,may,tue,160,1,999,0,nonexistent,1.1,93.994,-36.4,4.856,5191.0,no
30,unemployed,single,basic.9y,no,no,no,telephone,may,tue,294,10,999,0,nonexistent,1.1,93.994,-36.4,4.856,5191.0,no
49,technician,married,professional.course,no,yes,no,telephone,may,tue,57,1,999,0,nonexistent,1.1,93.994,-36.4,4.856,5191.0,no
38,technician,married,professional.course,no,yes,yes,telephone,may,tue,297,2,999,0,nonexistent,1.1,93.994,-36.4,4.856,5191.0,no
39,services,divorced,high.school,no,yes,no,telephone,may,tue,90,1,999,0,nonexistent,1.1,93.994,-36.4,4.856,5191.0,no
50,blue-collar,married,basic.4y,unknown,no,yes,telephone,may,tue,600,1,999,0,nonexistent,1.1,93.994,-36.4,4.856,5191.0,no
58,blue-collar,married,unknown,no,yes,no,telephone,may,tue,38,1,999,0,nonexistent,1.1,93.994,-36.4,4.856,5191.0,no
46,housemaid,married,high.school,unknown,no,no,telephone,may,tue,142,1,999,0,nonexistent,1.1,93.994,-36.4,4.856,5191.0,no
40,technician,married,professional.course,no,no,no,telephone,may,tue,26,1,999,0,nonexistent,1.1,93.994,-36.4,4.856,5191.0,no
36,admin.,married,high.school,no,no,no,telephone,may,tue,369,1,999,0,nonexistent,1.1,93.994,-36.4,4.856,5191.0,no
53,self-employed,married,basic.4y,no,no,no,telephone,may,tue,29,1,999,0,nonexistent,1.1,93.994,-36.4,4.856,5191.0,no
42,admin.,divorced,university.degree,no,no,no,telephone,may,tue,214,1,999,0,nonexistent,1.1,93.994,-36.4,4.856,5191.0,no
39,services,married,high.school,unknown,yes,no,telephone,may,tue,24,1,999,0,nonexistent,1.1,93.994,-36.4,4.856,5191.0,no
39,services,married,high.school,no,no,yes,telephone,may,tue,793,2,999,0,nonexistent,1.1,93.994,-36.4,4.856,5191.0,no
53,blue-collar,married,basic.4y,unknown,no,no,telephone,may,tue,182,2,999,0,nonexistent,1.1,93.994,-36.4,4.856,5191.0,yes
34,blue-collar,single,basic.9y,no,no,no,telephone,may,tue,71,1,999,0,nonexistent,1.1,93.994,-36.4,4.856,5191.0,no
39,services,married,high.school,unknown,yes,yes,telephone,may,tue,203,1,999,0,nonexistent,1.1,93.994,-36.4,4.856,5191.0,no
50,blue-collar,married,basic.9y,unknown,yes,yes,telephone,may,tue,166,1,999,0,nonexistent,1.1,93.994,-36.4,4.856,5191.0,no
56,technician,married,professional.course,unknown,no,no,telephone,may,tue,37,1,999,0,nonexistent,1.1,93.994,-36.4,4.856,5191.0,no
41,technician,married,professional.course,no,unknown,unknown,telephone,may,tue,154,1,999,0,nonexistent,1.1,93.994,-36.4,4.856,5191.0,no
36,blue-collar,married,unknown,unknown,no,no,telephone,may,tue,127,1,999,0,nonexistent,1.1,93.994,-36.4,4.856,5191.0,no
42,blue-collar,married,unknown,unknown,yes,yes,telephone,may,tue,264,1,999,0,nonexistent,1.1,93.994,-36.4,4.856,5191.0,no
30,services,divorced,basic.9y,no,yes,no,telephone,may,tue,320,1,999,0,nonexistent,1.1,93.994,-36.4,4.856,5191.0,no
42,technician,married,basic.9y,no,no,no,telephone,may,tue,618,1,999,0,nonexistent,1.1,93.994,-36.4,4.856,5191.0,no
38,technician,married,professional.course,no,no,no,telephone,may,tue,101,1,999,0,nonexistent,1.1,93.994,-36.4,4.856,5191.0,no
31,services,married,high.school,unknown,no,no,telephone,may,tue,110,1,999,0,nonexistent,1.1,93.994,-36.4,4.856,5191.0,no
33,blue-collar,married,basic.9y,no,no,no,telephone,may,tue,85,1,999,0,nonexistent,1.1,93.994,-36.4,4.856,5191.0,no
36,admin.,married,university.degree,unknown,yes,no,telephone,may,tue,265,1,999,0,nonexistent,1.1,93.994,-36.4,4.856,5191.0,no
41,services,married,high.school,unknown,yes,no,telephone,may,tue,171,1,999,0,nonexistent,1.1,93.994,-36.4,4.856,5191.0,no
31,admin.,married,high.school,unknown,no,no,telephone,may,tue,345,1,999,0,nonexistent,1.1,93.994,-36.4,4.856,5191.0,no
36,admin.,married,high.school,no,yes,yes,telephone,may,tue,224,1,999,0,nonexistent,1.1,93.994,-36.4,4.856,5191.0,no
21,admin.,single,basic.9y,no,yes,yes,telephone,may,tue,171,1,999,0,nonexistent,1.1,93.994,-36.4,4.856,5191.0,no
29,admin.,married,high.school,no,yes,no,telephone,may,tue,67,1,999,0,nonexistent,1.1,93.994,-36.4,4.856,5191.0,no
53,management,married,university.degree,unknown,yes,no,telephone,may,tue,186,1,999,0,nonexistent,1.1,93.994,-36.4,4.856,5191.0,no
39,blue-collar,married,basic.6y,no,no,yes,telephone,may,tue,269,1,999,0,nonexistent,1.1,93.994,-36.4,4.856,5191.0,no
44,admin.,divorced,university.degree,unknown,yes,yes,telephone,may,tue,273,1,999,0,nonexistent,1.1,93.994,-36.4,4.856,5191.0,no
38,admin.,single,basic.6y,unknown,no,no,telephone,may,tue,65,1,999,0,nonexistent,1.1,93.994,-36.4,4.856,5191.0,no
36,blue-collar,married,basic.9y,no,no,no,telephone,may,tue,148,1,999,0,nonexistent,1.1,93.994,-36.4,4.856,5191.0,no
27,blue-collar,single,basic.9y,no,no,no,telephone,may,tue,507,1,999,0,nonexistent,1.1,93.994,-36.4,4.856,5191.0,no
34,blue-collar,married,basic.4y,no,no,no,telephone,may,tue,27,1,999,0,nonexistent,1.1,93.994,-36.4,4.856,5191.0,no
50,blue-collar,married,basic.4y,unknown,no,no,telephone,may,tue,100,1,999,0,nonexistent,1.1,93.994,-36.4,4.856,5191.0,no
40,blue-collar,married,basic.4y,no,no,no,telephone,may,tue,116,1,999,0,nonexistent,1.1,93.994,-36.4,4.856,5191.0,no
40,admin.,married,university.degree,no,yes,no,telephone,may,tue,66,2,999,0,nonexistent,1.1,93.994,-36.4,4.856,5191.0,no
53,blue-collar,married,basic.4y,no,no,no,telephone,may,tue,233,2,999,0,nonexistent,1.1,93.994,-36.4,4.856,5191.0,no
40,admin.,divorced,university.degree,no,yes,no,telephone,may,tue,380,1,999,0,nonexistent,1.1,93.994,-36.4,4.856,5191.0,no
25,blue-collar,married,basic.9y,no,no,no,telephone,may,tue,90,1,999,0,nonexistent,1.1,93.994,-36.4,4.856,5191.0,no
42,admin.,married,university.degree,unknown,no,no,telephone,may,tue,258,1,999,0,nonexistent,1.1,93.994,-36.4,4.856,5191.0,no
47,admin.,divorced,professional.course,unknown,no,no,telephone,may,tue,92,2,999,0,nonexistent,1.1,93.994,-36.4,4.856,5191.0,no
46,admin.,divorced,university.degree,no,no,no,telephone,may,tue,423,1,999,0,nonexistent,1.1,93.994,-36.4,4.856,5191.0,no
35,technician,married,professional.course,no,no,no,telephone,may,tue,215,2,999,0,nonexistent,1.1,93.994,-36.4,4.856,5191.0,no
43,admin.,married,high.school,no,yes,no,telephone,may,tue,360,6,999,0,nonexistent,1.1,93.994,-36.4,4.856,5191.0,no
33,blue-collar,single,basic.9y,no,yes,no,telephone,may,tue,155,1,999,0,nonexistent,1.1,93.994,-36.4,4.856,5191.0,no
38,blue-collar,divorced,unknown,unknown,unknown,unknown,telephone,may,tue,81,2,999,0,nonexistent,1.1,93.994,-36.4,4.856,5191.0,no
32,unknown,unknown,university.degree,no,yes,yes,telephone,may,tue,40,1,999,0,nonexistent,1.1,93.994,-36.4,4.856,5191.0,no
49,technician,married,professional.course,no,yes,no,telephone,may,tue,447,1,999,0,nonexistent,1.1,93.994,-36.4,4.856,5191.0,no
36,services,single,unknown,no,no,no,telephone,may,tue,137,1,999,0,nonexistent,1.1,93.994,-36.4,4.856,5191.0,no
45,blue-collar,married,basic.9y,unknown,no,no,telephone,may,tue,121,1,999,0,nonexistent,1.1,93.994,-36.4,4.856,5191.0,no
36,admin.,divorced,high.school,no,no,no,telephone,may,tue,138,4,999,0,nonexistent,1.1,93.994,-36.4,4.856,5191.0,no
45,services,married,basic.9y,no,yes,no,telephone,may,tue,207,6,999,0,nonexistent,1.1,93.994,-36.4,4.856,5191.0,no
34,services,married,high.school,unknown,yes,no,telephone,may,tue,309,1,999,0,nonexistent,1.1,93.994,-36.4,4.856,5191.0,no
54,management,married,high.school,unknown,yes,no,telephone,may,tue,134,1,999,0,nonexistent,1.1,93.994,-36.4,4.856,5191.0,no
35,services,single,basic.4y,no,yes,no,telephone,may,tue,1777,1,999,0,nonexistent,1.1,93.994,-36.4,4.856,5191.0,yes
40,services,married,high.school,no,no,no,telephone,may,tue,70,2,999,0,nonexistent,1.1,93.994,-36.4,4.856,5191.0,no
46,admin.,married,basic.4y,no,no,no,telephone,may,tue,247,2,999,0,nonexistent,1.1,93.994,-36.4,4.856,5191.0,no
27,admin.,married,high.school,unknown,no,yes,telephone,may,tue,318,3,999,0,nonexistent,1.1,93.994,-36.4,4.856,5191.0,no
59,technician,married,university.degree,unknown,no,no,telephone,may,tue,126,3,999,0,nonexistent,1.1,93.994,-36.4,4.856,5191.0,no
39,admin.,single,unknown,no,no,no,telephone,may,tue,411,1,999,0,nonexistent,1.1,93.994,-36.4,4.856,5191.0,no
55,retired,divorced,professional.course,no,no,no,telephone,may,tue,85,1,999,0,nonexistent,1.1,93.994,-36.4,4.856,5191.0,no
43,unknown,married,university.degree,no,no,no,telephone,may,tue,378,1,999,0,nonexistent,1.1,93.994,-36.4,4.856,5191.0,no
42,self-employed,married,high.school,no,no,no,telephone,may,tue,83,1,999,0,nonexistent,1.1,93.994,-36.4,4.856,5191.0,no
42,admin.,single,university.degree,no,no,no,telephone,may,tue,71,3,999,0,nonexistent,1.1,93.994,-36.4,4.856,5191.0,no
56,management,married,unknown,no,yes,no,telephone,may,tue,102,2,999,0,nonexistent,1.1,93.994,-36.4,4.856,5191.0,no
45,services,married,high.school,no,yes,no,telephone,may,tue,869,2,999,0,nonexistent,1.1,93.994,-36.4,4.856,5191.0,no
38,blue-collar,single,basic.9y,no,no,yes,telephone,may,tue,208,2,999,0,nonexistent,1.1,93.994,-36.4,4.856,5191.0,no
51,admin.,married,basic.6y,unknown,no,no,telephone,may,tue,253,1,999,0,nonexistent,1.1,93.994,-36.4,4.856,5191.0,no
31,technician,divorced,basic.9y,no,no,no,telephone,may,tue,244,1,999,0,nonexistent,1.1,93.994,-36.4,4.856,5191.0,no
52,management,married,university.degree,unknown,yes,no,telephone,may,tue,311,1,999,0,nonexistent,1.1,93.994,-36.4,4.856,5191.0,no
57,retired,married,university.degree,no,yes,no,telephone,may,tue,177,1,999,0,nonexistent,1.1,93.994,-36.4,4.856,5191.0,no
47,blue-collar,married,basic.9y,no,yes,no,telephone,may,tue,217,2,999,0,nonexistent,1.1,93.994,-36.4,4.856,5191.0,no
42,blue-collar,married,basic.6y,no,yes,no,telephone,may,tue,189,1,999,0,nonexistent,1.1,93.994,-36.4,4.856,5191.0,no
31,admin.,single,university.degree,no,yes,no,telephone,may,tue,151,1,999,0,nonexistent,1.1,93.994,-36.4,4.856,5191.0,no
43,technician,single,university.degree,no,no,no,telephone,may,tue,24,1,999,0,nonexistent,1.1,93.994,-36.4,4.856,5191.0,no
59,entrepreneur,divorced,high.school,unknown,no,no,telephone,may,tue,184,1,999,0,nonexistent,1.1,93.994,-36.4,4.856,5191.0,no
57,blue-collar,married,unknown,unknown,yes,no,telephone,may,tue,473,2,999,0,nonexistent,1.1,93.994,-36.4,4.856,5191.0,no
41,blue-collar,married,high.school,unknown,yes,no,telephone,may,tue,485,1,999,0,nonexistent,1.1,93.994,-36.4,4.856,5191.0,no
32,services,married,high.school,no,no,no,telephone,may,tue,140,1,999,0,nonexistent,1.1,93.994,-36.4,4.856,5191.0,no
33,blue-collar,single,basic.4y,no,no,no,telephone,may,tue,172,1,999,0,nonexistent,1.1,93.994,-36.4,4.856,5191.0,no
54,entrepreneur,married,basic.6y,unknown,no,no,telephone,may,tue,77,2,999,0,nonexistent,1.1,93.994,-36.4,4.856,5191.0,no
22,blue-collar,single,basic.9y,no,yes,no,telephone,may,tue,396,1,999,0,nonexistent,1.1,93.994,-36.4,4.856,5191.0,no
36,management,married,university.degree,unknown,no,no,telephone,may,tue,274,2,999,0,nonexistent,1.1,93.994,-36.4,4.856,5191.0,no
56,retired,married,high.school,unknown,no,no,telephone,may,tue,88,2,999,0,nonexistent,1.1,93.994,-36.4,4.856,5191.0,no
41,management,married,high.school,no,no,yes,telephone,may,tue,129,2,999,0,nonexistent,1.1,93.994,-36.4,4.856,5191.0,no
46,blue-collar,married,professional.course,unknown,no,yes,telephone,may,tue,346,2,999,0,nonexistent,1.1,93.994,-36.4,4.856,5191.0,no
60,admin.,single,high.school,no,no,yes,telephone,may,tue,474,2,999,0,nonexistent,1.1,93.994,-36.4,4.856,5191.0,no
50,services,married,high.school,no,no,no,telephone,may,tue,268,2,999,0,nonexistent,1.1,93.994,-36.4,4.856,5191.0,no
47,admin.,married,university.degree,unknown,no,yes,telephone,may,tue,139,2,999,0,nonexistent,1.1,93.994,-36.4,4.856,5191.0,no
34,services,married,high.school,unknown,no,no,telephone,may,tue,1313,2,999,0,nonexistent,1.1,93.994,-36.4,4.856,5191.0,no
49,admin.,married,university.degree,unknown,no,no,telephone,may,tue,72,5,999,0,nonexistent,1.1,93.994,-36.4,4.856,5191.0,no
30,blue-collar,single,high.school,no,yes,no,telephone,may,tue,309,1,999,0,nonexistent,1.1,93.994,-36.4,4.856,5191.0,no
40,entrepreneur,married,basic.9y,unknown,yes,yes,telephone,may,tue,246,3,999,0,nonexistent,1.1,93.994,-36.4,4.856,5191.0,no
42,housemaid,married,high.school,no,no,no,telephone,may,tue,205,2,999,0,nonexistent,1.1,93.994,-36.4,4.856,5191.0,no
45,blue-collar,single,basic.9y,no,yes,yes,telephone,may,tue,347,6,999,0,nonexistent,1.1,93.994,-36.4,4.856,5191.0,no
40,blue-collar,married,basic.9y,no,yes,no,telephone,may,tue,381,2,999,0,nonexistent,1.1,93.994,-36.4,4.856,5191.0,no
57,blue-collar,divorced,professional.course,no,yes,no,telephone,may,tue,211,2,999,0,nonexistent,1.1,93.994,-36.4,4.856,5191.0,no
34,services,married,high.school,no,no,no,telephone,may,tue,211,1,999,0,nonexistent,1.1,93.994,-36.4,4.856,5191.0,no
40,management,married,university.degree,no,no,yes,telephone,may,tue,66,12,999,0,nonexistent,1.1,93.994,-36.4,4.856,5191.0,no
44,blue-collar,married,basic.4y,unknown,no,no,telephone,may,tue,1452,10,999,0,nonexistent,1.1,93.994,-36.4,4.856,5191.0,no
51,blue-collar,married,basic.9y,unknown,unknown,unknown,telephone,may,tue,487,2,999,0,nonexistent,1.1,93.994,-36.4,4.856,5191.0,no
42,technician,married,basic.9y,no,no,no,telephone,may,tue,610,2,999,0,nonexistent,1.1,93.994,-36.4,4.856,5191.0,no
33,blue-collar,married,basic.9y,no,yes,no,telephone,may,tue,464,2,999,0,nonexistent,1.1,93.994,-36.4,4.856,5191.0,no
43,blue-collar,married,basic.4y,unknown,yes,yes,telephone,may,tue,547,7,999,0,nonexistent,1.1,93.994,-36.4,4.856,5191.0,no
37,services,single,high.school,no,yes,no,telephone,may,tue,227,9,999,0,nonexistent,1.1,93.994,-36.4,4.856,5191.0,no
41,housemaid,married,basic.9y,unknown,yes,no,telephone,may,tue,129,2,999,0,nonexistent,1.1,93.994,-36.4,4.856,5191.0,no
37,admin.,married,university.degree,no,no,no,telephone,may,tue,1376,2,999,0,nonexistent,1.1,93.994,-36.4,4.856,5191.0,no
42,blue-collar,married,unknown,no,yes,no,telephone,may,tue,37,1,999,0,nonexistent,1.1,93.994,-36.4,4.856,5191.0,no
33,admin.,married,university.degree,no,no,no,telephone,may,tue,194,1,999,0,nonexistent,1.1,93.994,-36.4,4.856,5191.0,no
41,management,married,university.degree,no,yes,no,telephone,may,tue,182,1,999,0,nonexistent,1.1,93.994,-36.4,4.856,5191.0,no
31,technician,married,professional.course,no,no,no,telephone,may,tue,296,1,999,0,nonexistent,1.1,93.994,-36.4,4.856,5191.0,no
48,entrepreneur,married,basic.9y,unknown,yes,no,telephone,may,tue,201,1,999,0,nonexistent,1.1,93.994,-36.4,4.856,5191.0,no
51,unemployed,married,professional.course,no,no,no,telephone,may,tue,76,1,999,0,nonexistent,1.1,93.994,-36.4,4.856,5191.0,no
49,admin.,married,university.degree,unknown,yes,no,telephone,may,tue,79,1,999,0,nonexistent,1.1,93.994,-36.4,4.856,5191.0,no
31,entrepreneur,married,basic.9y,no,no,no,telephone,may,tue,359,2,999,0,nonexistent,1.1,93.994,-36.4,4.856,5191.0,no
45,self-employed,married,basic.4y,unknown,yes,no,telephone,may,tue,332,2,999,0,nonexistent,1.1,93.994,-36.4,4.856,5191.0,no
41,blue-collar,married,basic.6y,no,no,no,telephone,may,tue,592,1,999,0,nonexistent,1.1,93.994,-36.4,4.856,5191.0,no
51,retired,married,basic.9y,no,no,no,telephone,may,tue,166,1,999,0,nonexistent,1.1,93.994,-36.4,4.856,5191.0,no
46,admin.,divorced,university.degree,unknown,no,no,telephone,may,tue,245,1,999,0,nonexistent,1.1,93.994,-36.4,4.856,5191.0,no
48,self-employed,married,university.degree,unknown,no,no,telephone,may,tue,138,8,999,0,nonexistent,1.1,93.994,-36.4,4.856,5191.0,no
51,retired,married,basic.9y,no,yes,no,telephone,may,tue,369,1,999,0,nonexistent,1.1,93.994,-36.4,4.856,5191.0,no
44,services,married,high.school,no,unknown,unknown,telephone,may,tue,158,1,999,0,nonexistent,1.1,93.994,-36.4,4.856,5191.0,no
30,services,married,high.school,no,yes,no,telephone,may,tue,261,1,999,0,nonexistent,1.1,93.994,-36.4,4.856,5191.0,no
35,blue-collar,divorced,basic.9y,no,no,yes,telephone,may,tue,131,1,999,0,nonexistent,1.1,93.994,-36.4,4.856,5191.0,no
35,unemployed,married,university.degree,no,no,no,telephone,may,tue,592,1,999,0,nonexistent,1.1,93.994,-36.4,4.856,5191.0,no
57,technician,married,basic.9y,no,yes,no,telephone,may,tue,412,1,999,0,nonexistent,1.1,93.994,-36.4,4.856,5191.0,no
36,self-employed,married,basic.6y,unknown,yes,yes,telephone,may,tue,324,1,999,0,nonexistent,1.1,93.994,-36.4,4.856,5191.0,no
30,admin.,single,university.degree,no,no,no,telephone,may,tue,266,1,999,0,nonexistent,1.1,93.994,-36.4,4.856,5191.0,no
37,services,married,high.school,unknown,no,yes,telephone,may,tue,335,1,999,0,nonexistent,1.1,93.994,-36.4,4.856,5191.0,no
31,technician,divorced,basic.9y,no,no,no,telephone,may,tue,235,2,999,0,nonexistent,1.1,93.994,-36.4,4.856,5191.0,no
37,admin.,married,high.school,no,yes,yes,telephone,may,tue,697,2,999,0,nonexistent,1.1,93.994,-36.4,4.856,5191.0,no
38,technician,married,professional.course,no,unknown,unknown,telephone,may,tue,272,2,999,0,nonexistent,1.1,93.994,-36.4,4.856,5191.0,no
29,student,single,university.degree,no,yes,no,telephone,may,tue,1042,17,999,0,nonexistent,1.1,93.994,-36.4,4.856,5191.0,no
36,services,married,high.school,no,unknown,unknown,telephone,may,tue,271,1,999,0,nonexistent,1.1,93.994,-36.4,4.856,5191.0,no
41,management,married,basic.9y,no,yes,no,telephone,may,tue,378,3,999,0,nonexistent,1.1,93.994,-36.4,4.856,5191.0,no
42,blue-collar,married,basic.4y,unknown,yes,no,telephone,may,tue,78,2,999,0,nonexistent,1.1,93.994,-36.4,4.856,5191.0,no
44,management,married,university.degree,no,yes,no,telephone,may,tue,254,1,999,0,nonexistent,1.1,93.994,-36.4,4.856,5191.0,no
42,services,married,professional.course,no,no,no,telephone,may,tue,107,1,999,0,nonexistent,1.1,93.994,-36.4,4.856,5191.0,no
40,blue-collar,married,basic.6y,unknown,no,no,telephone,may,tue,85,2,999,0,nonexistent,1.1,93.994,-36.4,4.856,5191.0,no
42,blue-collar,married,basic.9y,unknown,yes,no,telephone,may,tue,163,2,999,0,nonexistent,1.1,93.994,-36.4,4.856,5191.0,no
50,admin.,married,basic.9y,no,yes,yes,telephone,may,tue,112,2,999,0,nonexistent,1.1,93.994,-36.4,4.856,5191.0,no
58,retired,married,basic.4y,no,yes,no,telephone,may,tue,188,3,999,0,nonexistent,1.1,93.994,-36.4,4.856,5191.0,no
34,technician,married,professional.course,no,yes,no,telephone,may,tue,148,1,999,0,nonexistent,1.1,93.994,-36.4,4.856,5191.0,no
40,admin.,single,university.degree,no,no,no,telephone,may,tue,145,2,999,0,nonexistent,1.1,93.994,-36.4,4.856,5191.0,no
46,management,married,basic.9y,no,yes,yes,telephone,may,tue,415,2,999,0,nonexistent,1.1,93.994,-36.4,4.856,5191.0,no
33,admin.,married,high.school,no,yes,no,telephone,may,tue,742,2,999,0,nonexistent,1.1,93.994,-36.4,4.856,5191.0,no
27,blue-collar,married,basic.6y,no,no,no,telephone,may,tue,37,9,999,0,nonexistent,1.1,93.994,-36.4,4.856,5191.0,no
41,management,single,high.school,no,no,no,telephone,may,tue,120,1,999,0,nonexistent,1.1,93.994,-36.4,4.856,5191.0,no
58,retired,married,basic.4y,unknown,no,no,telephone,may,tue,1045,1,999,0,nonexistent,1.1,93.994,-36.4,4.856,5191.0,yes
31,blue-collar,married,basic.9y,no,no,no,telephone,may,tue,204,1,999,0,nonexistent,1.1,93.994,-36.4,4.856,5191.0,no
48,blue-collar,divorced,professional.course,no,yes,no,telephone,may,tue,205,2,999,0,nonexistent,1.1,93.994,-36.4,4.856,5191.0,no
45,housemaid,married,professional.course,unknown,no,no,telephone,may,tue,74,2,999,0,nonexistent,1.1,93.994,-36.4,4.856,5191.0,no
58,management,married,basic.4y,no,no,no,telephone,may,tue,325,3,999,0,nonexistent,1.1,93.994,-36.4,4.856,5191.0,no
41,technician,married,professional.course,no,no,no,telephone,may,tue,148,2,999,0,nonexistent,1.1,93.994,-36.4,4.856,5191.0,no
32,admin.,married,university.degree,no,no,yes,telephone,may,tue,175,3,999,0,nonexistent,1.1,93.994,-36.4,4.856,5191.0,no
45,blue-collar,married,basic.4y,unknown,no,no,telephone,may,tue,97,8,999,0,nonexistent,1.1,93.994,-36.4,4.856,5191.0,no
33,management,married,professional.course,no,no,no,telephone,may,tue,282,2,999,0,nonexistent,1.1,93.994,-36.4,4.856,5191.0,no
27,blue-collar,married,basic.9y,unknown,yes,no,telephone,may,tue,304,2,999,0,nonexistent,1.1,93.994,-36.4,4.856,5191.0,no
57,retired,married,basic.4y,no,yes,yes,telephone,may,tue,438,2,999,0,nonexistent,1.1,93.994,-36.4,4.856,5191.0,no
32,blue-collar,married,basic.9y,no,yes,no,telephone,may,tue,999,3,999,0,nonexistent,1.1,93.994,-36.4,4.856,5191.0,no
33,blue-collar,divorced,basic.9y,no,no,no,telephone,may,tue,127,2,999,0,nonexistent,1.1,93.994,-36.4,4.856,5191.0,no
34,blue-collar,married,basic.4y,no,no,yes,telephone,may,tue,289,3,999,0,nonexistent,1.1,93.994,-36.4,4.856,5191.0,no
50,admin.,single,university.degree,no,yes,no,telephone,may,tue,169,1,999,0,nonexistent,1.1,93.994,-36.4,4.856,5191.0,no
44,blue-collar,married,basic.9y,no,yes,yes,telephone,may,tue,247,3,999,0,nonexistent,1.1,93.994,-36.4,4.856,5191.0,no
48,blue-collar,married,professional.course,no,yes,no,telephone,may,tue,140,1,999,0,nonexistent,1.1,93.994,-36.4,4.856,5191.0,no
56,retired,divorced,high.school,no,yes,no,telephone,may,tue,60,6,999,0,nonexistent,1.1,93.994,-36.4,4.856,5191.0,no
42,blue-collar,married,basic.6y,no,yes,yes,telephone,may,tue,99,1,999,0,nonexistent,1.1,93.994,-36.4,4.856,5191.0,no
37,blue-collar,married,high.school,unknown,no,no,telephone,may,tue,26,14,999,0,nonexistent,1.1,93.994,-36.4,4.856,5191.0,no
29,technician,married,professional.course,no,no,no,telephone,may,tue,128,6,999,0,nonexistent,1.1,93.994,-36.4,4.856,5191.0,no
32,services,married,professional.course,no,yes,no,telephone,may,tue,215,3,999,0,nonexistent,1.1,93.994,-36.4,4.856,5191.0,no
40,admin.,single,high.school,no,no,no,telephone,may,tue,64,1,999,0,nonexistent,1.1,93.994,-36.4,4.856,5191.0,no
39,management,married,high.school,no,yes,yes,telephone,may,tue,52,10,999,0,nonexistent,1.1,93.994,-36.4,4.856,5191.0,no
34,services,married,basic.6y,unknown,yes,no,telephone,may,tue,216,2,999,0,nonexistent,1.1,93.994,-36.4,4.856,5191.0,no
50,housemaid,divorced,basic.4y,unknown,yes,yes,telephone,may,tue,292,1,999,0,nonexistent,1.1,93.994,-36.4,4.856,5191.0,no
28,blue-collar,single,basic.4y,no,no,no,telephone,may,tue,129,7,999,0,nonexistent,1.1,93.994,-36.4,4.856,5191.0,no
43,housemaid,married,basic.4y,no,unknown,unknown,telephone,may,tue,201,4,999,0,nonexistent,1.1,93.994,-36.4,4.856,5191.0,no
27,admin.,married,high.school,no,yes,no,telephone,may,tue,210,2,999,0,nonexistent,1.1,93.994,-36.4,4.856,5191.0,no
38,services,married,basic.9y,no,unknown,unknown,telephone,may,tue,114,1,999,0,nonexistent,1.1,93.994,-36.4,4.856,5191.0,no
37,technician,married,professional.course,no,yes,no,telephone,may,tue,657,1,999,0,nonexistent,1.1,93.994,-36.4,4.856,5191.0,no
43,services,married,high.school,no,no,no,telephone,may,tue,443,1,999,0,nonexistent,1.1,93.994,-36.4,4.856,5191.0,no
55,technician,married,basic.9y,unknown,yes,yes,telephone,may,tue,73,1,999,0,nonexistent,1.1,93.994,-36.4,4.856,5191.0,no
35,admin.,married,university.degree,no,no,no,telephone,may,tue,127,8,999,0,nonexistent,1.1,93.994,-36.4,4.856,5191.0,no
27,blue-collar,married,basic.6y,unknown,unknown,unknown,telephone,may,tue,1063,2,999,0,nonexistent,1.1,93.994,-36.4,4.856,5191.0,yes
51,entrepreneur,married,basic.4y,no,no,no,telephone,may,tue,446,2,999,0,nonexistent,1.1,93.994,-36.4,4.856,5191.0,no
34,housemaid,married,high.school,no,no,no,telephone,may,tue,252,2,999,0,nonexistent,1.1,93.994,-36.4,4.856,5191.0,no
28,technician,married,professional.course,no,yes,no,telephone,may,tue,80,2,999,0,nonexistent,1.1,93.994,-36.4,4.856,5191.0,no
26,blue-collar,married,basic.4y,no,yes,yes,telephone,may,tue,144,2,999,0,nonexistent,1.1,93.994,-36.4,4.856,5191.0,no
50,admin.,married,basic.9y,unknown,yes,yes,telephone,may,tue,412,2,999,0,nonexistent,1.1,93.994,-36.4,4.856,5191.0,no
52,blue-collar,married,basic.9y,no,yes,yes,telephone,may,tue,29,16,999,0,nonexistent,1.1,93.994,-36.4,4.856,5191.0,no
37,blue-collar,married,unknown,no,no,no,telephone,may,tue,154,2,999,0,nonexistent,1.1,93.994,-36.4,4.856,5191.0,no
43,technician,married,basic.9y,unknown,yes,no,telephone,may,tue,202,3,999,0,nonexistent,1.1,93.994,-36.4,4.856,5191.0,no
46,admin.,married,high.school,no,yes,no,telephone,may,tue,723,2,999,0,nonexistent,1.1,93.994,-36.4,4.856,5191.0,no
45,unemployed,married,university.degree,no,no,no,telephone,may,tue,550,2,999,0,nonexistent,1.1,93.994,-36.4,4.856,5191.0,no
31,technician,married,professional.course,no,yes,no,telephone,may,tue,130,2,999,0,nonexistent,1.1,93.994,-36.4,4.856,5191.0,no
39,blue-collar,married,professional.course,unknown,no,no,telephone,may,tue,192,2,999,0,nonexistent,1.1,93.994,-36.4,4.856,5191.0,no
55,admin.,divorced,university.degree,no,no,no,telephone,may,tue,146,2,999,0,nonexistent,1.1,93.994,-36.4,4.856,5191.0,no
55,admin.,married,high.school,no,no,no,telephone,may,tue,239,2,999,0,nonexistent,1.1,93.994,-36.4,4.856,5191.0,no
38,self-employed,single,university.degree,no,unknown,unknown,telephone,may,tue,114,3,999,0,nonexistent,1.1,93.994,-36.4,4.856,5191.0,no
24,student,married,university.degree,no,no,no,telephone,may,tue,139,3,999,0,nonexistent,1.1,93.994,-36.4,4.856,5191.0,no
30,technician,married,university.degree,no,no,no,telephone,may,tue,169,4,999,0,nonexistent,1.1,93.994,-36.4,4.856,5191.0,no
28,self-employed,single,basic.9y,no,no,no,telephone,may,tue,125,3,999,0,nonexistent,1.1,93.994,-36.4,4.856,5191.0,no
60,admin.,married,university.degree,unknown,no,no,telephone,may,tue,266,2,999,0,nonexistent,1.1,93.994,-36.4,4.856,5191.0,no
38,technician,single,university.degree,no,yes,no,telephone,may,tue,446,12,999,0,nonexistent,1.1,93.994,-36.4,4.856,5191.0,no
42,admin.,married,basic.9y,no,yes,yes,telephone,may,tue,267,2,999,0,nonexistent,1.1,93.994,-36.4,4.856,5191.0,no
35,blue-collar,married,high.school,no,yes,yes,telephone,may,tue,6,2,999,0,nonexistent,1.1,93.994,-36.4,4.856,5191.0,no
53,retired,married,high.school,unknown,no,no,telephone,may,tue,15,13,999,0,nonexistent,1.1,93.994,-36.4,4.856,5191.0,no
24,admin.,single,high.school,no,no,no,telephone,may,tue,172,4,999,0,nonexistent,1.1,93.994,-36.4,4.856,5191.0,no
25,admin.,single,high.school,no,no,no,telephone,may,tue,268,3,999,0,nonexistent,1.1,93.994,-36.4,4.856,5191.0,no
59,entrepreneur,married,university.degree,unknown,yes,yes,telephone,may,tue,130,3,999,0,nonexistent,1.1,93.994,-36.4,4.856,5191.0,no
48,blue-collar,married,basic.4y,unknown,no,no,telephone,may,tue,70,4,999,0,nonexistent,1.1,93.994,-36.4,4.856,5191.0,no
43,technician,married,unknown,no,yes,no,telephone,may,tue,324,2,999,0,nonexistent,1.1,93.994,-36.4,4.856,5191.0,no
27,blue-collar,married,basic.9y,no,yes,yes,telephone,may,tue,274,2,999,0,nonexistent,1.1,93.994,-36.4,4.856,5191.0,no
31,blue-collar,divorced,professional.course,no,yes,no,telephone,may,tue,191,7,999,0,nonexistent,1.1,93.994,-36.4,4.856,5191.0,no
37,unemployed,married,high.school,no,no,no,telephone,may,tue,56,3,999,0,nonexistent,1.1,93.994,-36.4,4.856,5191.0,no
29,services,married,high.school,no,no,no,telephone,may,tue,189,2,999,0,nonexistent,1.1,93.994,-36.4,4.856,5191.0,no
57,technician,divorced,unknown,no,no,no,telephone,may,tue,137,2,999,0,nonexistent,1.1,93.994,-36.4,4.856,5191.0,no
43,services,married,professional.course,no,yes,no,telephone,may,tue,614,2,999,0,nonexistent,1.1,93.994,-36.4,4.856,5191.0,no
49,admin.,single,high.school,no,no,no,telephone,may,tue,363,5,999,0,nonexistent,1.1,93.994,-36.4,4.856,5191.0,no
50,technician,married,basic.6y,no,yes,no,telephone,may,tue,418,2,999,0,nonexistent,1.1,93.994,-36.4,4.856,5191.0,no
33,technician,married,university.degree,unknown,yes,no,telephone,may,tue,221,2,999,0,nonexistent,1.1,93.994,-36.4,4.856,5191.0,no
34,blue-collar,married,basic.9y,no,yes,no,telephone,may,tue,96,2,999,0,nonexistent,1.1,93.994,-36.4,4.856,5191.0,no
24,services,single,high.school,no,no,no,telephone,may,tue,119,3,999,0,nonexistent,1.1,93.994,-36.4,4.856,5191.0,no
43,blue-collar,married,basic.4y,unknown,yes,no,telephone,may,tue,103,3,999,0,nonexistent,1.1,93.994,-36.4,4.856,5191.0,no
44,admin.,married,university.degree,no,no,no,telephone,may,tue,10,17,999,0,nonexistent,1.1,93.994,-36.4,4.856,5191.0,no
37,technician,married,professional.course,no,yes,no,telephone,may,tue,216,2,999,0,nonexistent,1.1,93.994,-36.4,4.856,5191.0,no
39,blue-collar,married,basic.9y,no,yes,no,telephone,may,tue,484,2,999,0,nonexistent,1.1,93.994,-36.4,4.856,5191.0,no
46,blue-collar,married,basic.4y,unknown,yes,no,telephone,may,tue,404,2,999,0,nonexistent,1.1,93.994,-36.4,4.856,5191.0,no
39,blue-collar,married,basic.9y,no,yes,no,telephone,may,tue,175,2,999,0,nonexistent,1.1,93.994,-36.4,4.856,5191.0,no
28,admin.,single,university.degree,no,yes,no,telephone,may,tue,138,2,999,0,nonexistent,1.1,93.994,-36.4,4.856,5191.0,no
39,services,married,high.school,no,no,no,telephone,may,tue,919,2,999,0,nonexistent,1.1,93.994,-36.4,4.856,5191.0,no
31,blue-collar,married,basic.9y,no,no,no,telephone,may,tue,203,2,999,0,nonexistent,1.1,93.994,-36.4,4.856,5191.0,no
32,admin.,single,high.school,no,no,no,telephone,may,tue,247,2,999,0,nonexistent,1.1,93.994,-36.4,4.856,5191.0,no
32,services,married,high.school,unknown,no,yes,telephone,may,tue,89,2,999,0,nonexistent,1.1,93.994,-36.4,4.856,5191.0,no
41,admin.,married,unknown,unknown,no,no,telephone,may,tue,185,12,999,0,nonexistent,1.1,93.994,-36.4,4.856,5191.0,no
22,blue-collar,married,basic.4y,no,unknown,unknown,telephone,may,tue,777,3,999,0,nonexistent,1.1,93.994,-36.4,4.856,5191.0,no
29,admin.,single,high.school,no,no,no,telephone,may,tue,110,2,999,0,nonexistent,1.1,93.994,-36.4,4.856,5191.0,no
50,technician,married,professional.course,unknown,yes,no,telephone,may,tue,256,2,999,0,nonexistent,1.1,93.994,-36.4,4.856,5191.0,no
46,housemaid,married,basic.9y,no,no,no,telephone,may,tue,165,2,999,0,nonexistent,1.1,93.994,-36.4,4.856,5191.0,no
55,services,divorced,basic.4y,unknown,yes,no,telephone,may,tue,26,2,999,0,nonexistent,1.1,93.994,-36.4,4.856,5191.0,no
43,admin.,married,university.degree,no,no,no,telephone,may,tue,350,4,999,0,nonexistent,1.1,93.994,-36.4,4.856,5191.0,no
42,services,married,high.school,unknown,yes,no,telephone,may,tue,226,2,999,0,nonexistent,1.1,93.994,-36.4,4.856,5191.0,no
41,blue-collar,married,basic.6y,unknown,yes,no,telephone,may,tue,167,2,999,0,nonexistent,1.1,93.994,-36.4,4.856,5191.0,no
31,technician,single,university.degree,no,no,no,telephone,may,tue,47,3,999,0,nonexistent,1.1,93.994,-36.4,4.856,5191.0,no
56,blue-collar,married,basic.4y,unknown,yes,no,telephone,may,tue,214,10,999,0,nonexistent,1.1,93.994,-36.4,4.856,5191.0,no
40,blue-collar,married,basic.4y,unknown,yes,no,telephone,may,tue,446,7,999,0,nonexistent,1.1,93.994,-36.4,4.856,5191.0,no
46,management,married,basic.9y,no,yes,no,telephone,may,tue,153,2,999,0,nonexistent,1.1,93.994,-36.4,4.856,5191.0,no
56,admin.,divorced,high.school,no,yes,no,telephone,may,tue,181,6,999,0,nonexistent,1.1,93.994,-36.4,4.856,5191.0,no
42,blue-collar,divorced,basic.4y,no,no,no,telephone,may,tue,747,5,999,0,nonexistent,1.1,93.994,-36.4,4.856,5191.0,no
41,admin.,single,high.school,no,yes,no,telephone,may,tue,214,1,999,0,nonexistent,1.1,93.994,-36.4,4.856,5191.0,no
53,admin.,married,university.degree,no,no,yes,telephone,may,tue,37,13,999,0,nonexistent,1.1,93.994,-36.4,4.856,5191.0,no
25,services,single,high.school,no,no,no,telephone,may,tue,72,3,999,0,nonexistent,1.1,93.994,-36.4,4.856,5191.0,no
42,admin.,married,high.school,no,no,no,telephone,may,tue,1392,2,999,0,nonexistent,1.1,93.994,-36.4,4.856,5191.0,yes
34,services,married,high.school,unknown,yes,yes,telephone,may,tue,441,9,999,0,nonexistent,1.1,93.994,-36.4,4.856,5191.0,no
41,technician,divorced,basic.4y,no,yes,no,telephone,may,tue,725,1,999,0,nonexistent,1.1,93.994,-36.4,4.856,5191.0,no
38,admin.,married,high.school,no,no,no,telephone,may,tue,213,3,999,0,nonexistent,1.1,93.994,-36.4,4.856,5191.0,no
31,technician,single,high.school,no,no,yes,telephone,may,tue,177,10,999,0,nonexistent,1.1,93.994,-36.4,4.856,5191.0,no
46,services,married,professional.course,no,yes,no,telephone,may,tue,273,4,999,0,nonexistent,1.1,93.994,-36.4,4.856,5191.0,no
58,retired,married,university.degree,no,no,no,telephone,may,tue,98,2,999,0,nonexistent,1.1,93.994,-36.4,4.856,5191.0,no
39,services,married,high.school,no,no,yes,telephone,may,tue,480,4,999,0,nonexistent,1.1,93.994,-36.4,4.856,5191.0,no
31,admin.,divorced,university.degree,no,yes,no,telephone,may,tue,204,2,999,0,nonexistent,1.1,93.994,-36.4,4.856,5191.0,no
40,services,single,high.school,no,yes,yes,telephone,may,tue,117,1,999,0,nonexistent,1.1,93.994,-36.4,4.856,5191.0,no
56,retired,divorced,basic.4y,no,no,no,telephone,may,tue,246,3,999,0,nonexistent,1.1,93.994,-36.4,4.856,5191.0,no
41,admin.,married,university.degree,no,no,no,telephone,may,tue,352,5,999,0,nonexistent,1.1,93.994,-36.4,4.856,5191.0,no
33,admin.,divorced,high.school,no,no,no,telephone,may,tue,190,1,999,0,nonexistent,1.1,93.994,-36.4,4.856,5191.0,no
55,technician,married,high.school,no,yes,no,telephone,may,tue,719,1,999,0,nonexistent,1.1,93.994,-36.4,4.856,5191.0,yes
33,admin.,divorced,high.school,no,no,no,telephone,may,tue,277,1,999,0,nonexistent,1.1,93.994,-36.4,4.856,5191.0,no
48,admin.,divorced,high.school,no,no,no,telephone,may,tue,315,1,999,0,nonexistent,1.1,93.994,-36.4,4.856,5191.0,no
28,blue-collar,married,basic.6y,unknown,yes,no,telephone,may,wed,289,1,999,0,nonexistent,1.1,93.994,-36.4,4.8580000000000005,5191.0,no
39,unemployed,married,university.degree,no,no,no,telephone,may,wed,225,1,999,0,nonexistent,1.1,93.994,-36.4,4.8580000000000005,5191.0,no
42,admin.,single,basic.9y,unknown,no,yes,telephone,may,wed,408,1,999,0,nonexistent,1.1,93.994,-36.4,4.8580000000000005,5191.0,no
35,technician,married,basic.9y,no,no,no,telephone,may,wed,24,1,999,0,nonexistent,1.1,93.994,-36.4,4.8580000000000005,5191.0,no
36,blue-collar,married,basic.6y,no,yes,no,telephone,may,wed,167,1,999,0,nonexistent,1.1,93.994,-36.4,4.8580000000000005,5191.0,no
33,unemployed,married,basic.9y,no,yes,no,telephone,may,wed,64,3,999,0,nonexistent,1.1,93.994,-36.4,4.8580000000000005,5191.0,no
54,management,divorced,basic.6y,unknown,yes,no,telephone,may,wed,151,1,999,0,nonexistent,1.1,93.994,-36.4,4.8580000000000005,5191.0,no
49,housemaid,married,basic.4y,unknown,no,yes,telephone,may,wed,801,1,999,0,nonexistent,1.1,93.994,-36.4,4.8580000000000005,5191.0,yes
46,housemaid,married,basic.4y,no,no,no,telephone,may,wed,336,1,999,0,nonexistent,1.1,93.994,-36.4,4.8580000000000005,5191.0,no
32,management,single,university.degree,no,no,no,telephone,may,wed,59,1,999,0,nonexistent,1.1,93.994,-36.4,4.8580000000000005,5191.0,no
42,blue-collar,divorced,basic.4y,no,no,no,telephone,may,wed,93,1,999,0,nonexistent,1.1,93.994,-36.4,4.8580000000000005,5191.0,no
47,blue-collar,married,basic.6y,no,no,no,telephone,may,wed,317,1,999,0,nonexistent,1.1,93.994,-36.4,4.8580000000000005,5191.0,no
38,blue-collar,married,basic.9y,no,yes,yes,telephone,may,wed,388,1,999,0,nonexistent,1.1,93.994,-36.4,4.8580000000000005,5191.0,no
39,housemaid,married,university.degree,no,no,no,telephone,may,wed,174,1,999,0,nonexistent,1.1,93.994,-36.4,4.8580000000000005,5191.0,no
55,admin.,married,high.school,no,yes,no,telephone,may,wed,72,1,999,0,nonexistent,1.1,93.994,-36.4,4.8580000000000005,5191.0,no
35,services,married,high.school,no,yes,no,telephone,may,wed,126,1,999,0,nonexistent,1.1,93.994,-36.4,4.8580000000000005,5191.0,no
32,blue-collar,married,basic.9y,unknown,yes,no,telephone,may,wed,162,1,999,0,nonexistent,1.1,93.994,-36.4,4.8580000000000005,5191.0,no
32,blue-collar,divorced,basic.9y,no,no,no,telephone,may,wed,129,1,999,0,nonexistent,1.1,93.994,-36.4,4.8580000000000005,5191.0,no
42,admin.,single,university.degree,no,yes,yes,telephone,may,wed,938,1,999,0,nonexistent,1.1,93.994,-36.4,4.8580000000000005,5191.0,yes
38,blue-collar,married,high.school,unknown,yes,no,telephone,may,wed,173,1,999,0,nonexistent,1.1,93.994,-36.4,4.8580000000000005,5191.0,no
56,self-employed,married,basic.4y,no,no,no,telephone,may,wed,222,1,999,0,nonexistent,1.1,93.994,-36.4,4.8580000000000005,5191.0,no
55,admin.,married,high.school,no,yes,yes,telephone,may,wed,692,1,999,0,nonexistent,1.1,93.994,-36.4,4.8580000000000005,5191.0,no
33,technician,married,professional.course,no,yes,yes,telephone,may,wed,262,2,999,0,nonexistent,1.1,93.994,-36.4,4.8580000000000005,5191.0,no
45,admin.,single,high.school,unknown,yes,yes,telephone,may,wed,78,1,999,0,nonexistent,1.1,93.994,-36.4,4.8580000000000005,5191.0,no
58,management,married,university.degree,unknown,no,no,telephone,may,wed,134,5,999,0,nonexistent,1.1,93.994,-36.4,4.8580000000000005,5191.0,no
50,self-employed,married,basic.4y,unknown,no,yes,telephone,may,wed,245,1,999,0,nonexistent,1.1,93.994,-36.4,4.8580000000000005,5191.0,no
33,blue-collar,married,basic.4y,unknown,yes,yes,telephone,may,wed,207,2,999,0,nonexistent,1.1,93.994,-36.4,4.8580000000000005,5191.0,no
26,admin.,married,university.degree,no,yes,yes,telephone,may,wed,56,1,999,0,nonexistent,1.1,93.994,-36.4,4.8580000000000005,5191.0,no
49,housemaid,single,high.school,unknown,yes,no,telephone,may,wed,85,2,999,0,nonexistent,1.1,93.994,-36.4,4.8580000000000005,5191.0,no
36,services,married,high.school,no,yes,yes,telephone,may,wed,201,1,999,0,nonexistent,1.1,93.994,-36.4,4.8580000000000005,5191.0,no
52,self-employed,single,university.degree,unknown,no,no,telephone,may,wed,353,1,999,0,nonexistent,1.1,93.994,-36.4,4.8580000000000005,5191.0,no
49,blue-collar,married,basic.4y,unknown,no,no,telephone,may,wed,432,1,999,0,nonexistent,1.1,93.994,-36.4,4.8580000000000005,5191.0,no
36,services,married,high.school,no,no,no,telephone,may,wed,361,1,999,0,nonexistent,1.1,93.994,-36.4,4.8580000000000005,5191.0,no
45,admin.,single,professional.course,no,yes,no,telephone,may,wed,565,1,999,0,nonexistent,1.1,93.994,-36.4,4.8580000000000005,5191.0,yes
41,technician,married,university.degree,no,no,no,telephone,may,wed,162,1,999,0,nonexistent,1.1,93.994,-36.4,4.8580000000000005,5191.0,no
49,admin.,married,high.school,unknown,no,no,telephone,may,wed,139,1,999,0,nonexistent,1.1,93.994,-36.4,4.8580000000000005,5191.0,no
31,services,married,professional.course,no,no,no,telephone,may,wed,287,3,999,0,nonexistent,1.1,93.994,-36.4,4.8580000000000005,5191.0,no
32,technician,married,professional.course,no,no,no,telephone,may,wed,147,1,999,0,nonexistent,1.1,93.994,-36.4,4.8580000000000005,5191.0,no
59,retired,married,professional.course,unknown,no,no,telephone,may,wed,905,1,999,0,nonexistent,1.1,93.994,-36.4,4.8580000000000005,5191.0,yes
22,services,single,basic.4y,no,no,no,telephone,may,wed,91,1,999,0,nonexistent,1.1,93.994,-36.4,4.8580000000000005,5191.0,no
43,blue-collar,married,basic.9y,no,no,no,telephone,may,wed,111,5,999,0,nonexistent,1.1,93.994,-36.4,4.8580000000000005,5191.0,no
35,blue-collar,married,basic.9y,no,yes,no,telephone,may,wed,162,1,999,0,nonexistent,1.1,93.994,-36.4,4.8580000000000005,5191.0,no
60,entrepreneur,married,basic.4y,no,yes,no,telephone,may,wed,236,1,999,0,nonexistent,1.1,93.994,-36.4,4.8580000000000005,5191.0,no
40,admin.,married,university.degree,no,no,no,telephone,may,wed,73,1,999,0,nonexistent,1.1,93.994,-36.4,4.8580000000000005,5191.0,no
37,unemployed,married,professional.course,no,yes,no,telephone,may,wed,123,1,999,0,nonexistent,1.1,93.994,-36.4,4.8580000000000005,5191.0,no
43,entrepreneur,married,basic.9y,no,yes,no,telephone,may,wed,139,2,999,0,nonexistent,1.1,93.994,-36.4,4.8580000000000005,5191.0,no
39,housemaid,married,basic.9y,no,yes,no,telephone,may,wed,164,1,999,0,nonexistent,1.1,93.994,-36.4,4.8580000000000005,5191.0,no
38,blue-collar,married,professional.course,no,no,no,telephone,may,wed,192,1,999,0,nonexistent,1.1,93.994,-36.4,4.8580000000000005,5191.0,no
54,blue-collar,married,basic.9y,unknown,no,no,telephone,may,wed,783,2,999,0,nonexistent,1.1,93.994,-36.4,4.8580000000000005,5191.0,yes
53,retired,married,high.school,unknown,no,no,telephone,may,wed,264,2,999,0,nonexistent,1.1,93.994,-36.4,4.8580000000000005,5191.0,no
38,services,married,basic.9y,no,no,no,telephone,may,wed,166,1,999,0,nonexistent,1.1,93.994,-36.4,4.8580000000000005,5191.0,no
33,management,married,high.school,unknown,no,no,telephone,may,wed,353,1,999,0,nonexistent,1.1,93.994,-36.4,4.8580000000000005,5191.0,no
39,blue-collar,married,basic.4y,unknown,yes,no,telephone,may,wed,85,1,999,0,nonexistent,1.1,93.994,-36.4,4.8580000000000005,5191.0,no
36,technician,single,professional.course,unknown,no,no,telephone,may,wed,1106,1,999,0,nonexistent,1.1,93.994,-36.4,4.8580000000000005,5191.0,no
35,blue-collar,married,basic.9y,no,no,no,telephone,may,wed,419,1,999,0,nonexistent,1.1,93.994,-36.4,4.8580000000000005,5191.0,no
55,admin.,single,university.degree,unknown,yes,yes,telephone,may,wed,415,1,999,0,nonexistent,1.1,93.994,-36.4,4.8580000000000005,5191.0,no
37,blue-collar,married,basic.4y,no,yes,no,telephone,may,wed,179,1,999,0,nonexistent,1.1,93.994,-36.4,4.8580000000000005,5191.0,no
53,blue-collar,married,basic.9y,unknown,no,no,telephone,may,wed,872,5,999,0,nonexistent,1.1,93.994,-36.4,4.8580000000000005,5191.0,no
36,admin.,married,high.school,no,unknown,unknown,telephone,may,wed,52,1,999,0,nonexistent,1.1,93.994,-36.4,4.8580000000000005,5191.0,no
32,blue-collar,married,basic.9y,no,no,no,telephone,may,wed,490,1,999,0,nonexistent,1.1,93.994,-36.4,4.8580000000000005,5191.0,no
42,admin.,married,high.school,no,yes,no,telephone,may,wed,63,1,999,0,nonexistent,1.1,93.994,-36.4,4.8580000000000005,5191.0,no
52,management,married,university.degree,no,yes,no,telephone,may,wed,27,10,999,0,nonexistent,1.1,93.994,-36.4,4.8580000000000005,5191.0,no
33,services,married,high.school,no,no,yes,telephone,may,wed,425,1,999,0,nonexistent,1.1,93.994,-36.4,4.8580000000000005,5191.0,no
51,admin.,married,professional.course,unknown,no,no,telephone,may,wed,12,11,999,0,nonexistent,1.1,93.994,-36.4,4.8580000000000005,5191.0,no
32,management,single,university.degree,no,yes,no,telephone,may,wed,350,1,999,0,nonexistent,1.1,93.994,-36.4,4.8580000000000005,5191.0,no
33,technician,divorced,professional.course,no,yes,no,telephone,may,wed,103,1,999,0,nonexistent,1.1,93.994,-36.4,4.8580000000000005,5191.0,no
34,services,married,high.school,no,no,no,telephone,may,wed,210,1,999,0,nonexistent,1.1,93.994,-36.4,4.8580000000000005,5191.0,no
55,admin.,divorced,university.degree,no,yes,no,telephone,may,wed,115,2,999,0,nonexistent,1.1,93.994,-36.4,4.8580000000000005,5191.0,no
34,blue-collar,married,basic.9y,no,yes,yes,telephone,may,wed,71,1,999,0,nonexistent,1.1,93.994,-36.4,4.8580000000000005,5191.0,no
52,services,married,university.degree,no,yes,no,telephone,may,wed,370,1,999,0,nonexistent,1.1,93.994,-36.4,4.8580000000000005,5191.0,no
55,technician,married,basic.9y,unknown,yes,no,telephone,may,wed,958,2,999,0,nonexistent,1.1,93.994,-36.4,4.8580000000000005,5191.0,yes
45,blue-collar,married,basic.4y,unknown,yes,no,telephone,may,wed,103,2,999,0,nonexistent,1.1,93.994,-36.4,4.8580000000000005,5191.0,no
34,blue-collar,married,basic.9y,unknown,yes,yes,telephone,may,wed,628,1,999,0,nonexistent,1.1,93.994,-36.4,4.8580000000000005,5191.0,no
53,self-employed,married,university.degree,no,yes,no,telephone,may,wed,232,1,999,0,nonexistent,1.1,93.994,-36.4,4.8580000000000005,5191.0,no
43,admin.,married,university.degree,no,no,no,telephone,may,wed,68,1,999,0,nonexistent,1.1,93.994,-36.4,4.8580000000000005,5191.0,no
33,management,married,basic.9y,no,yes,no,telephone,may,wed,192,1,999,0,nonexistent,1.1,93.994,-36.4,4.8580000000000005,5191.0,no
39,blue-collar,married,basic.9y,no,no,no,telephone,may,wed,494,3,999,0,nonexistent,1.1,93.994,-36.4,4.8580000000000005,5191.0,no
29,blue-collar,married,basic.9y,unknown,yes,no,telephone,may,wed,166,7,999,0,nonexistent,1.1,93.994,-36.4,4.8580000000000005,5191.0,no
35,self-employed,married,basic.9y,no,yes,no,telephone,may,wed,151,2,999,0,nonexistent,1.1,93.994,-36.4,4.8580000000000005,5191.0,no
45,blue-collar,married,basic.4y,no,yes,no,telephone,may,wed,204,1,999,0,nonexistent,1.1,93.994,-36.4,4.8580000000000005,5191.0,no
35,blue-collar,married,basic.9y,no,yes,no,telephone,may,wed,180,1,999,0,nonexistent,1.1,93.994,-36.4,4.8580000000000005,5191.0,no
37,technician,single,university.degree,no,no,no,telephone,may,wed,494,2,999,0,nonexistent,1.1,93.994,-36.4,4.8580000000000005,5191.0,no
35,retired,married,professional.course,no,no,no,telephone,may,wed,759,1,999,0,nonexistent,1.1,93.994,-36.4,4.8580000000000005,5191.0,no
36,technician,married,university.degree,no,no,no,telephone,may,wed,85,1,999,0,nonexistent,1.1,93.994,-36.4,4.8580000000000005,5191.0,no
30,blue-collar,married,basic.4y,no,no,no,telephone,may,wed,445,2,999,0,nonexistent,1.1,93.994,-36.4,4.8580000000000005,5191.0,no
53,entrepreneur,single,basic.9y,no,no,no,telephone,may,wed,345,1,999,0,nonexistent,1.1,93.994,-36.4,4.8580000000000005,5191.0,no
41,blue-collar,married,basic.4y,unknown,no,no,telephone,may,wed,16,1,999,0,nonexistent,1.1,93.994,-36.4,4.8580000000000005,5191.0,no
36,management,married,high.school,no,no,no,telephone,may,wed,29,1,999,0,nonexistent,1.1,93.994,-36.4,4.8580000000000005,5191.0,no
44,services,divorced,high.school,unknown,no,no,telephone,may,wed,220,1,999,0,nonexistent,1.1,93.994,-36.4,4.8580000000000005,5191.0,no
35,blue-collar,married,professional.course,no,yes,yes,telephone,may,wed,634,2,999,0,nonexistent,1.1,93.994,-36.4,4.8580000000000005,5191.0,no
35,management,married,university.degree,no,no,yes,telephone,may,wed,717,3,999,0,nonexistent,1.1,93.994,-36.4,4.8580000000000005,5191.0,no
43,housemaid,married,basic.4y,unknown,no,yes,telephone,may,wed,228,1,999,0,nonexistent,1.1,93.994,-36.4,4.8580000000000005,5191.0,no
30,entrepreneur,married,professional.course,no,no,no,telephone,may,wed,122,1,999,0,nonexistent,1.1,93.994,-36.4,4.8580000000000005,5191.0,no
36,student,single,university.degree,unknown,yes,no,telephone,may,wed,544,1,999,0,nonexistent,1.1,93.994,-36.4,4.8580000000000005,5191.0,no
40,blue-collar,married,basic.9y,no,yes,yes,telephone,may,wed,951,2,999,0,nonexistent,1.1,93.994,-36.4,4.8580000000000005,5191.0,no
35,technician,single,university.degree,no,yes,no,telephone,may,wed,412,1,999,0,nonexistent,1.1,93.994,-36.4,4.8580000000000005,5191.0,yes
27,admin.,single,basic.9y,no,yes,yes,telephone,may,wed,264,1,999,0,nonexistent,1.1,93.994,-36.4,4.8580000000000005,5191.0,no
42,technician,divorced,basic.9y,no,no,no,telephone,may,wed,211,1,999,0,nonexistent,1.1,93.994,-36.4,4.8580000000000005,5191.0,no
38,technician,married,professional.course,no,yes,yes,telephone,may,wed,192,1,999,0,nonexistent,1.1,93.994,-36.4,4.8580000000000005,5191.0,no
29,blue-collar,single,basic.6y,no,no,no,telephone,may,wed,244,1,999,0,nonexistent,1.1,93.994,-36.4,4.8580000000000005,5191.0,no
36,management,married,university.degree,no,yes,no,telephone,may,wed,578,2,999,0,nonexistent,1.1,93.994,-36.4,4.8580000000000005,5191.0,no
55,retired,divorced,high.school,unknown,yes,no,telephone,may,wed,359,1,999,0,nonexistent,1.1,93.994,-36.4,4.8580000000000005,5191.0,no
32,blue-collar,married,basic.9y,unknown,no,no,telephone,may,wed,111,1,999,0,nonexistent,1.1,93.994,-36.4,4.8580000000000005,5191.0,no
49,blue-collar,married,basic.4y,unknown,yes,no,telephone,may,wed,487,5,999,0,nonexistent,1.1,93.994,-36.4,4.8580000000000005,5191.0,no
48,admin.,married,university.degree,no,yes,no,telephone,may,wed,396,1,999,0,nonexistent,1.1,93.994,-36.4,4.8580000000000005,5191.0,no
30,blue-collar,single,basic.4y,no,no,no,telephone,may,wed,59,8,999,0,nonexistent,1.1,93.994,-36.4,4.8580000000000005,5191.0,no
53,retired,divorced,high.school,no,yes,no,telephone,may,wed,111,3,999,0,nonexistent,1.1,93.994,-36.4,4.8580000000000005,5191.0,no
40,housemaid,single,university.degree,no,no,yes,telephone,may,wed,502,1,999,0,nonexistent,1.1,93.994,-36.4,4.8580000000000005,5191.0,no
31,blue-collar,married,basic.6y,no,no,yes,telephone,may,wed,795,1,999,0,nonexistent,1.1,93.994,-36.4,4.8580000000000005,5191.0,yes
60,technician,divorced,professional.course,unknown,yes,no,telephone,may,wed,202,6,999,0,nonexistent,1.1,93.994,-36.4,4.8580000000000005,5191.0,no
45,blue-collar,married,basic.9y,no,no,no,telephone,may,wed,135,1,999,0,nonexistent,1.1,93.994,-36.4,4.8580000000000005,5191.0,no
56,management,married,university.degree,no,yes,no,telephone,may,wed,29,1,999,0,nonexistent,1.1,93.994,-36.4,4.8580000000000005,5191.0,no
31,blue-collar,married,basic.4y,no,no,no,telephone,may,wed,408,1,999,0,nonexistent,1.1,93.994,-36.4,4.8580000000000005,5191.0,no
56,management,married,university.degree,no,yes,yes,telephone,may,wed,136,1,999,0,nonexistent,1.1,93.994,-36.4,4.8580000000000005,5191.0,no
56,management,married,university.degree,no,no,yes,telephone,may,wed,171,1,999,0,nonexistent,1.1,93.994,-36.4,4.8580000000000005,5191.0,no
33,blue-collar,married,basic.6y,unknown,no,no,telephone,may,wed,229,2,999,0,nonexistent,1.1,93.994,-36.4,4.8580000000000005,5191.0,no
29,admin.,single,high.school,no,no,no,telephone,may,wed,93,1,999,0,nonexistent,1.1,93.994,-36.4,4.8580000000000005,5191.0,no
49,blue-collar,married,basic.4y,unknown,yes,no,telephone,may,wed,61,1,999,0,nonexistent,1.1,93.994,-36.4,4.8580000000000005,5191.0,no
53,admin.,married,basic.9y,no,no,no,telephone,may,wed,35,1,999,0,nonexistent,1.1,93.994,-36.4,4.8580000000000005,5191.0,no
43,blue-collar,single,professional.course,no,no,no,telephone,may,wed,51,2,999,0,nonexistent,1.1,93.994,-36.4,4.8580000000000005,5191.0,no
38,blue-collar,single,basic.4y,no,no,no,telephone,may,wed,17,7,999,0,nonexistent,1.1,93.994,-36.4,4.8580000000000005,5191.0,no
48,blue-collar,married,basic.4y,no,yes,no,telephone,may,wed,504,1,999,0,nonexistent,1.1,93.994,-36.4,4.8580000000000005,5191.0,no
43,admin.,married,high.school,no,no,no,telephone,may,wed,726,1,999,0,nonexistent,1.1,93.994,-36.4,4.8580000000000005,5191.0,no
30,blue-collar,married,basic.9y,no,no,no,telephone,may,wed,542,1,999,0,nonexistent,1.1,93.994,-36.4,4.8580000000000005,5191.0,no
31,technician,married,professional.course,no,no,no,telephone,may,wed,257,2,999,0,nonexistent,1.1,93.994,-36.4,4.8580000000000005,5191.0,no
42,blue-collar,married,basic.4y,unknown,yes,no,telephone,may,wed,250,2,999,0,nonexistent,1.1,93.994,-36.4,4.8580000000000005,5191.0,no
42,admin.,single,unknown,unknown,yes,yes,telephone,may,wed,303,3,999,0,nonexistent,1.1,93.994,-36.4,4.8580000000000005,5191.0,no
36,admin.,single,professional.course,no,yes,yes,telephone,may,wed,828,4,999,0,nonexistent,1.1,93.994,-36.4,4.8580000000000005,5191.0,yes
41,blue-collar,divorced,basic.6y,no,yes,yes,telephone,may,wed,343,1,999,0,nonexistent,1.1,93.994,-36.4,4.8580000000000005,5191.0,no
44,services,married,high.school,no,no,no,telephone,may,wed,206,1,999,0,nonexistent,1.1,93.994,-36.4,4.8580000000000005,5191.0,no
39,services,married,high.school,no,no,no,telephone,may,wed,178,1,999,0,nonexistent,1.1,93.994,-36.4,4.8580000000000005,5191.0,no
40,admin.,divorced,professional.course,no,no,no,telephone,may,wed,509,1,999,0,nonexistent,1.1,93.994,-36.4,4.8580000000000005,5191.0,no
33,blue-collar,married,professional.course,no,yes,no,telephone,may,wed,161,4,999,0,nonexistent,1.1,93.994,-36.4,4.8580000000000005,5191.0,no
57,services,divorced,high.school,no,yes,yes,telephone,may,wed,125,3,999,0,nonexistent,1.1,93.994,-36.4,4.8580000000000005,5191.0,no
31,admin.,married,high.school,no,yes,yes,telephone,may,wed,159,1,999,0,nonexistent,1.1,93.994,-36.4,4.8580000000000005,5191.0,no
57,housemaid,married,basic.4y,no,no,yes,telephone,may,wed,221,1,999,0,nonexistent,1.1,93.994,-36.4,4.8580000000000005,5191.0,no
48,blue-collar,married,basic.4y,no,yes,no,telephone,may,wed,211,1,999,0,nonexistent,1.1,93.994,-36.4,4.8580000000000005,5191.0,no
52,technician,married,high.school,unknown,no,no,telephone,may,wed,68,1,999,0,nonexistent,1.1,93.994,-36.4,4.8580000000000005,5191.0,no
37,blue-collar,single,unknown,unknown,no,no,telephone,may,wed,293,1,999,0,nonexistent,1.1,93.994,-36.4,4.8580000000000005,5191.0,no
42,technician,married,university.degree,unknown,no,no,telephone,may,wed,389,1,999,0,nonexistent,1.1,93.994,-36.4,4.8580000000000005,5191.0,no
33,admin.,single,high.school,no,no,no,telephone,may,wed,240,1,999,0,nonexistent,1.1,93.994,-36.4,4.8580000000000005,5191.0,no
36,services,single,high.school,unknown,no,no,telephone,may,wed,145,1,999,0,nonexistent,1.1,93.994,-36.4,4.8580000000000005,5191.0,no
57,management,married,basic.9y,unknown,yes,no,telephone,may,wed,59,2,999,0,nonexistent,1.1,93.994,-36.4,4.8580000000000005,5191.0,no
51,blue-collar,married,basic.9y,no,yes,yes,telephone,may,wed,39,2,999,0,nonexistent,1.1,93.994,-36.4,4.8580000000000005,5191.0,no
43,admin.,married,high.school,no,yes,no,telephone,may,wed,140,2,999,0,nonexistent,1.1,93.994,-36.4,4.8580000000000005,5191.0,no
41,blue-collar,married,basic.9y,unknown,yes,yes,telephone,may,wed,44,3,999,0,nonexistent,1.1,93.994,-36.4,4.8580000000000005,5191.0,no
27,admin.,single,high.school,unknown,yes,no,telephone,may,wed,212,2,999,0,nonexistent,1.1,93.994,-36.4,4.8580000000000005,5191.0,no
37,management,married,university.degree,unknown,no,no,telephone,may,wed,57,2,999,0,nonexistent,1.1,93.994,-36.4,4.8580000000000005,5191.0,no
37,blue-collar,married,basic.4y,no,no,no,telephone,may,wed,45,13,999,0,nonexistent,1.1,93.994,-36.4,4.8580000000000005,5191.0,no
40,admin.,single,high.school,no,yes,no,telephone,may,wed,738,3,999,0,nonexistent,1.1,93.994,-36.4,4.8580000000000005,5191.0,no
28,unknown,single,basic.9y,unknown,yes,no,telephone,may,wed,102,3,999,0,nonexistent,1.1,93.994,-36.4,4.8580000000000005,5191.0,no
32,services,married,high.school,no,yes,yes,telephone,may,wed,383,2,999,0,nonexistent,1.1,93.994,-36.4,4.8580000000000005,5191.0,no
32,services,married,high.school,no,yes,yes,telephone,may,wed,184,9,999,0,nonexistent,1.1,93.994,-36.4,4.8580000000000005,5191.0,no
36,technician,divorced,professional.course,no,yes,no,telephone,may,wed,137,2,999,0,nonexistent,1.1,93.994,-36.4,4.8580000000000005,5191.0,no
38,blue-collar,married,basic.9y,unknown,yes,no,telephone,may,wed,88,2,999,0,nonexistent,1.1,93.994,-36.4,4.8580000000000005,5191.0,no
46,blue-collar,divorced,basic.9y,no,no,no,telephone,may,wed,418,2,999,0,nonexistent,1.1,93.994,-36.4,4.8580000000000005,5191.0,no
39,self-employed,married,university.degree,no,no,no,telephone,may,wed,17,2,999,0,nonexistent,1.1,93.994,-36.4,4.8580000000000005,5191.0,no
58,management,single,professional.course,no,no,no,telephone,may,wed,233,1,999,0,nonexistent,1.1,93.994,-36.4,4.8580000000000005,5191.0,no
44,technician,divorced,professional.course,no,no,no,telephone,may,wed,445,1,999,0,nonexistent,1.1,93.994,-36.4,4.8580000000000005,5191.0,no
24,services,single,high.school,no,no,no,telephone,may,wed,260,1,999,0,nonexistent,1.1,93.994,-36.4,4.8580000000000005,5191.0,no
44,admin.,married,high.school,no,no,no,telephone,may,wed,650,2,999,0,nonexistent,1.1,93.994,-36.4,4.8580000000000005,5191.0,no
30,housemaid,married,high.school,no,yes,no,telephone,may,wed,207,1,999,0,nonexistent,1.1,93.994,-36.4,4.8580000000000005,5191.0,no
36,unemployed,single,basic.4y,unknown,yes,no,telephone,may,wed,226,1,999,0,nonexistent,1.1,93.994,-36.4,4.8580000000000005,5191.0,no
24,services,single,high.school,no,unknown,unknown,telephone,may,wed,1307,1,999,0,nonexistent,1.1,93.994,-36.4,4.8580000000000005,5191.0,no
32,technician,married,professional.course,no,yes,no,telephone,may,wed,104,1,999,0,nonexistent,1.1,93.994,-36.4,4.8580000000000005,5191.0,no
33,admin.,married,high.school,no,no,no,telephone,may,wed,143,1,999,0,nonexistent,1.1,93.994,-36.4,4.8580000000000005,5191.0,no
58,management,married,basic.9y,no,yes,no,telephone,may,wed,187,5,999,0,nonexistent,1.1,93.994,-36.4,4.8580000000000005,5191.0,no
40,blue-collar,married,basic.9y,unknown,no,no,telephone,may,wed,486,2,999,0,nonexistent,1.1,93.994,-36.4,4.8580000000000005,5191.0,no
52,retired,divorced,basic.4y,no,yes,yes,telephone,may,wed,485,1,999,0,nonexistent,1.1,93.994,-36.4,4.8580000000000005,5191.0,no
36,technician,married,university.degree,no,yes,no,telephone,may,wed,197,2,999,0,nonexistent,1.1,93.994,-36.4,4.8580000000000005,5191.0,no
29,blue-collar,married,basic.9y,no,no,no,telephone,may,wed,304,1,999,0,nonexistent,1.1,93.994,-36.4,4.8580000000000005,5191.0,no
46,entrepreneur,married,professional.course,no,yes,no,telephone,may,wed,51,2,999,0,nonexistent,1.1,93.994,-36.4,4.8580000000000005,5191.0,no
58,blue-collar,married,high.school,no,yes,no,telephone,may,wed,836,12,999,0,nonexistent,1.1,93.994,-36.4,4.8580000000000005,5191.0,no
45,blue-collar,married,basic.9y,unknown,no,no,telephone,may,wed,394,2,999,0,nonexistent,1.1,93.994,-36.4,4.8580000000000005,5191.0,no
53,unknown,married,high.school,unknown,yes,no,telephone,may,wed,125,1,999,0,nonexistent,1.1,93.994,-36.4,4.8580000000000005,5191.0,no
57,technician,married,high.school,no,no,no,telephone,may,wed,315,1,999,0,nonexistent,1.1,93.994,-36.4,4.8580000000000005,5191.0,no
46,housemaid,married,basic.4y,no,no,no,telephone,may,wed,506,2,999,0,nonexistent,1.1,93.994,-36.4,4.8580000000000005,5191.0,yes
40,technician,married,professional.course,unknown,no,no,telephone,may,wed,288,1,999,0,nonexistent,1.1,93.994,-36.4,4.8580000000000005,5191.0,no
29,blue-collar,married,high.school,no,yes,yes,telephone,may,wed,184,2,999,0,nonexistent,1.1,93.994,-36.4,4.8580000000000005,5191.0,no
33,admin.,married,university.degree,no,yes,no,telephone,may,wed,563,2,999,0,nonexistent,1.1,93.994,-36.4,4.8580000000000005,5191.0,no
35,technician,married,professional.course,no,no,no,telephone,may,wed,450,1,999,0,nonexistent,1.1,93.994,-36.4,4.8580000000000005,5191.0,no
47,admin.,married,university.degree,no,yes,no,telephone,may,wed,34,3,999,0,nonexistent,1.1,93.994,-36.4,4.8580000000000005,5191.0,no
26,blue-collar,single,basic.4y,no,yes,yes,telephone,may,wed,371,1,999,0,nonexistent,1.1,93.994,-36.4,4.8580000000000005,5191.0,no
34,blue-collar,married,professional.course,no,yes,no,telephone,may,wed,518,1,999,0,nonexistent,1.1,93.994,-36.4,4.8580000000000005,5191.0,no
38,admin.,married,university.degree,no,no,no,telephone,may,wed,111,4,999,0,nonexistent,1.1,93.994,-36.4,4.8580000000000005,5191.0,no
46,admin.,divorced,university.degree,no,yes,no,telephone,may,wed,176,4,999,0,nonexistent,1.1,93.994,-36.4,4.8580000000000005,5191.0,no
26,blue-collar,single,basic.4y,no,yes,yes,telephone,may,wed,196,1,999,0,nonexistent,1.1,93.994,-36.4,4.8580000000000005,5191.0,no
30,blue-collar,married,high.school,no,yes,no,telephone,may,wed,85,1,999,0,nonexistent,1.1,93.994,-36.4,4.8580000000000005,5191.0,no
35,blue-collar,married,basic.9y,unknown,no,no,telephone,may,wed,91,2,999,0,nonexistent,1.1,93.994,-36.4,4.8580000000000005,5191.0,no
40,services,divorced,high.school,no,no,no,telephone,may,wed,172,2,999,0,nonexistent,1.1,93.994,-36.4,4.8580000000000005,5191.0,no
35,technician,married,university.degree,unknown,no,no,telephone,may,wed,899,1,999,0,nonexistent,1.1,93.994,-36.4,4.8580000000000005,5191.0,no
36,blue-collar,married,basic.9y,unknown,yes,no,telephone,may,wed,588,2,999,0,nonexistent,1.1,93.994,-36.4,4.8580000000000005,5191.0,no
27,blue-collar,single,high.school,no,no,no,telephone,may,wed,393,1,999,0,nonexistent,1.1,93.994,-36.4,4.8580000000000005,5191.0,no
32,technician,single,university.degree,unknown,no,no,telephone,may,wed,857,1,999,0,nonexistent,1.1,93.994,-36.4,4.8580000000000005,5191.0,yes
26,services,divorced,basic.6y,no,yes,no,telephone,may,wed,205,2,999,0,nonexistent,1.1,93.994,-36.4,4.8580000000000005,5191.0,no
30,management,married,university.degree,no,unknown,unknown,telephone,may,wed,178,1,999,0,nonexistent,1.1,93.994,-36.4,4.8580000000000005,5191.0,no
33,technician,single,university.degree,no,no,no,telephone,may,wed,127,1,999,0,nonexistent,1.1,93.994,-36.4,4.8580000000000005,5191.0,no
50,unemployed,married,high.school,no,no,yes,telephone,may,wed,38,12,999,0,nonexistent,1.1,93.994,-36.4,4.8580000000000005,5191.0,no
38,technician,married,professional.course,no,no,no,telephone,may,wed,127,2,999,0,nonexistent,1.1,93.994,-36.4,4.8580000000000005,5191.0,no
36,unknown,single,basic.6y,unknown,yes,no,telephone,may,wed,660,1,999,0,nonexistent,1.1,93.994,-36.4,4.8580000000000005,5191.0,no
25,blue-collar,single,basic.4y,no,yes,no,telephone,may,wed,1681,1,999,0,nonexistent,1.1,93.994,-36.4,4.8580000000000005,5191.0,yes
35,technician,married,high.school,no,no,no,telephone,may,wed,208,3,999,0,nonexistent,1.1,93.994,-36.4,4.8580000000000005,5191.0,no
42,self-employed,married,university.degree,no,no,no,telephone,may,wed,518,2,999,0,nonexistent,1.1,93.994,-36.4,4.8580000000000005,5191.0,no
29,technician,single,university.degree,no,no,no,telephone,may,wed,171,1,999,0,nonexistent,1.1,93.994,-36.4,4.8580000000000005,5191.0,no
38,blue-collar,married,professional.course,no,yes,no,telephone,may,wed,143,2,999,0,nonexistent,1.1,93.994,-36.4,4.8580000000000005,5191.0,no
45,blue-collar,divorced,basic.9y,no,yes,no,telephone,may,wed,572,1,999,0,nonexistent,1.1,93.994,-36.4,4.8580000000000005,5191.0,no
58,admin.,divorced,university.degree,no,yes,no,telephone,may,wed,244,1,999,0,nonexistent,1.1,93.994,-36.4,4.8580000000000005,5191.0,no
39,technician,divorced,professional.course,no,no,no,telephone,may,wed,240,3,999,0,nonexistent,1.1,93.994,-36.4,4.8580000000000005,5191.0,no
44,unemployed,divorced,high.school,unknown,yes,no,telephone,may,wed,269,2,999,0,nonexistent,1.1,93.994,-36.4,4.8580000000000005,5191.0,no
25,blue-collar,married,basic.9y,unknown,yes,no,telephone,may,wed,488,1,999,0,nonexistent,1.1,93.994,-36.4,4.8580000000000005,5191.0,no
30,management,single,university.degree,no,yes,no,telephone,may,wed,83,1,999,0,nonexistent,1.1,93.994,-36.4,4.8580000000000005,5191.0,no
46,admin.,married,high.school,no,yes,no,telephone,may,wed,100,4,999,0,nonexistent,1.1,93.994,-36.4,4.8580000000000005,5191.0,no
34,blue-collar,married,basic.6y,unknown,yes,no,telephone,may,wed,811,2,999,0,nonexistent,1.1,93.994,-36.4,4.8580000000000005,5191.0,no
57,management,married,basic.9y,no,no,no,telephone,may,wed,890,26,999,0,nonexistent,1.1,93.994,-36.4,4.8580000000000005,5191.0,no
47,blue-collar,divorced,basic.9y,unknown,no,no,telephone,may,wed,159,2,999,0,nonexistent,1.1,93.994,-36.4,4.8580000000000005,5191.0,no
45,admin.,divorced,university.degree,no,no,no,telephone,may,wed,681,3,999,0,nonexistent,1.1,93.994,-36.4,4.8580000000000005,5191.0,yes
36,technician,married,basic.9y,no,no,no,telephone,may,wed,443,2,999,0,nonexistent,1.1,93.994,-36.4,4.8580000000000005,5191.0,no
45,blue-collar,divorced,basic.9y,no,no,no,telephone,may,wed,1162,2,999,0,nonexistent,1.1,93.994,-36.4,4.8580000000000005,5191.0,no
28,blue-collar,single,basic.6y,no,no,no,telephone,may,wed,244,2,999,0,nonexistent,1.1,93.994,-36.4,4.8580000000000005,5191.0,no
30,admin.,single,high.school,no,no,no,telephone,may,wed,860,2,999,0,nonexistent,1.1,93.994,-36.4,4.8580000000000005,5191.0,yes
49,housemaid,divorced,basic.6y,no,yes,no,telephone,may,wed,295,1,999,0,nonexistent,1.1,93.994,-36.4,4.8580000000000005,5191.0,no
44,technician,married,high.school,unknown,yes,no,telephone,may,wed,139,2,999,0,nonexistent,1.1,93.994,-36.4,4.8580000000000005,5191.0,no
60,retired,married,professional.course,unknown,no,no,telephone,may,wed,280,5,999,0,nonexistent,1.1,93.994,-36.4,4.8580000000000005,5191.0,no
26,admin.,married,basic.9y,no,yes,no,telephone,may,wed,86,2,999,0,nonexistent,1.1,93.994,-36.4,4.8580000000000005,5191.0,no
58,technician,married,professional.course,unknown,no,no,telephone,may,wed,113,2,999,0,nonexistent,1.1,93.994,-36.4,4.8580000000000005,5191.0,no
29,admin.,single,basic.9y,unknown,yes,no,telephone,may,wed,83,2,999,0,nonexistent,1.1,93.994,-36.4,4.8580000000000005,5191.0,no
48,management,married,university.degree,no,unknown,unknown,telephone,may,wed,291,2,999,0,nonexistent,1.1,93.994,-36.4,4.8580000000000005,5191.0,no
37,self-employed,married,high.school,no,no,yes,telephone,may,wed,394,2,999,0,nonexistent,1.1,93.994,-36.4,4.8580000000000005,5191.0,no
30,technician,married,university.degree,unknown,yes,no,telephone,may,wed,72,3,999,0,nonexistent,1.1,93.994,-36.4,4.8580000000000005,5191.0,no
27,blue-collar,married,basic.9y,unknown,no,no,telephone,may,wed,151,2,999,0,nonexistent,1.1,93.994,-36.4,4.8580000000000005,5191.0,no
57,services,divorced,high.school,no,yes,no,telephone,may,wed,312,2,999,0,nonexistent,1.1,93.994,-36.4,4.8580000000000005,5191.0,no
38,technician,single,professional.course,unknown,no,no,telephone,may,wed,474,2,999,0,nonexistent,1.1,93.994,-36.4,4.8580000000000005,5191.0,no
42,blue-collar,divorced,basic.9y,no,no,no,telephone,may,wed,189,2,999,0,nonexistent,1.1,93.994,-36.4,4.8580000000000005,5191.0,no
41,technician,married,professional.course,no,yes,no,telephone,may,wed,446,2,999,0,nonexistent,1.1,93.994,-36.4,4.8580000000000005,5191.0,no
38,admin.,married,high.school,no,no,no,telephone,may,wed,153,4,999,0,nonexistent,1.1,93.994,-36.4,4.8580000000000005,5191.0,no
57,services,divorced,high.school,no,yes,no,telephone,may,wed,72,3,999,0,nonexistent,1.1,93.994,-36.4,4.8580000000000005,5191.0,no
53,blue-collar,married,basic.4y,unknown,no,no,telephone,may,wed,559,2,999,0,nonexistent,1.1,93.994,-36.4,4.8580000000000005,5191.0,no
32,blue-collar,divorced,basic.9y,no,no,no,telephone,may,wed,205,2,999,0,nonexistent,1.1,93.994,-36.4,4.8580000000000005,5191.0,no
43,management,married,university.degree,no,no,no,telephone,may,wed,237,2,999,0,nonexistent,1.1,93.994,-36.4,4.8580000000000005,5191.0,no
24,unemployed,single,university.degree,no,no,no,telephone,may,wed,96,2,999,0,nonexistent,1.1,93.994,-36.4,4.8580000000000005,5191.0,no
53,self-employed,married,university.degree,no,yes,no,telephone,may,wed,162,3,999,0,nonexistent,1.1,93.994,-36.4,4.8580000000000005,5191.0,no
32,services,married,high.school,unknown,yes,no,telephone,may,wed,127,2,999,0,nonexistent,1.1,93.994,-36.4,4.8580000000000005,5191.0,no
53,admin.,single,university.degree,unknown,yes,no,telephone,may,wed,222,5,999,0,nonexistent,1.1,93.994,-36.4,4.8580000000000005,5191.0,no
31,technician,married,high.school,no,yes,no,telephone,may,wed,69,4,999,0,nonexistent,1.1,93.994,-36.4,4.8580000000000005,5191.0,no
36,services,single,basic.6y,unknown,yes,yes,telephone,may,wed,501,2,999,0,nonexistent,1.1,93.994,-36.4,4.8580000000000005,5191.0,no
56,admin.,married,university.degree,unknown,no,no,telephone,may,wed,192,1,999,0,nonexistent,1.1,93.994,-36.4,4.8580000000000005,5191.0,no
42,blue-collar,divorced,basic.4y,no,yes,no,telephone,may,wed,273,1,999,0,nonexistent,1.1,93.994,-36.4,4.8580000000000005,5191.0,no
49,blue-collar,married,basic.9y,no,yes,no,telephone,may,wed,281,1,999,0,nonexistent,1.1,93.994,-36.4,4.8580000000000005,5191.0,no
32,admin.,single,university.degree,no,yes,no,telephone,may,wed,175,2,999,0,nonexistent,1.1,93.994,-36.4,4.8580000000000005,5191.0,no
47,admin.,married,high.school,no,no,no,telephone,may,wed,465,11,999,0,nonexistent,1.1,93.994,-36.4,4.8580000000000005,5191.0,no
34,blue-collar,married,basic.6y,unknown,yes,no,telephone,may,wed,175,2,999,0,nonexistent,1.1,93.994,-36.4,4.8580000000000005,5191.0,no
28,admin.,single,high.school,no,yes,no,telephone,may,wed,292,2,999,0,nonexistent,1.1,93.994,-36.4,4.8580000000000005,5191.0,no
30,blue-collar,single,high.school,unknown,yes,no,telephone,may,wed,198,1,999,0,nonexistent,1.1,93.994,-36.4,4.8580000000000005,5191.0,no
38,admin.,married,high.school,no,unknown,unknown,telephone,may,wed,23,16,999,0,nonexistent,1.1,93.994,-36.4,4.8580000000000005,5191.0,no
39,technician,married,professional.course,no,unknown,unknown,telephone,may,wed,575,2,999,0,nonexistent,1.1,93.994,-36.4,4.8580000000000005,5191.0,no
31,blue-collar,married,basic.6y,unknown,unknown,unknown,telephone,may,wed,67,5,999,0,nonexistent,1.1,93.994,-36.4,4.8580000000000005,5191.0,no
29,admin.,single,university.degree,no,yes,no,telephone,may,wed,248,3,999,0,nonexistent,1.1,93.994,-36.4,4.8580000000000005,5191.0,no
25,self-employed,single,university.degree,no,yes,no,telephone,may,wed,373,3,999,0,nonexistent,1.1,93.994,-36.4,4.8580000000000005,5191.0,no
40,services,single,university.degree,no,no,no,telephone,may,wed,112,2,999,0,nonexistent,1.1,93.994,-36.4,4.8580000000000005,5191.0,no
35,blue-collar,single,basic.9y,unknown,no,no,telephone,may,wed,395,2,999,0,nonexistent,1.1,93.994,-36.4,4.8580000000000005,5191.0,no
36,services,married,high.school,no,yes,no,telephone,may,wed,229,2,999,0,nonexistent,1.1,93.994,-36.4,4.8580000000000005,5191.0,no
43,services,married,high.school,unknown,unknown,unknown,telephone,may,wed,54,4,999,0,nonexistent,1.1,93.994,-36.4,4.8580000000000005,5191.0,no
49,management,married,university.degree,no,yes,no,telephone,may,wed,135,2,999,0,nonexistent,1.1,93.994,-36.4,4.8580000000000005,5191.0,no
29,blue-collar,married,high.school,no,no,no,telephone,may,wed,357,2,999,0,nonexistent,1.1,93.994,-36.4,4.8580000000000005,5191.0,no
38,unemployed,divorced,university.degree,no,yes,no,telephone,may,wed,152,3,999,0,nonexistent,1.1,93.994,-36.4,4.8580000000000005,5191.0,no
32,blue-collar,married,basic.6y,no,no,yes,telephone,may,wed,36,2,999,0,nonexistent,1.1,93.994,-36.4,4.8580000000000005,5191.0,no
35,self-employed,married,university.degree,no,yes,no,telephone,may,wed,206,3,999,0,nonexistent,1.1,93.994,-36.4,4.8580000000000005,5191.0,no
39,self-employed,married,basic.4y,unknown,no,no,telephone,may,wed,389,2,999,0,nonexistent,1.1,93.994,-36.4,4.8580000000000005,5191.0,no
35,services,single,professional.course,unknown,no,no,telephone,may,wed,314,2,999,0,nonexistent,1.1,93.994,-36.4,4.8580000000000005,5191.0,no
54,admin.,married,high.school,no,no,no,telephone,may,wed,66,2,999,0,nonexistent,1.1,93.994,-36.4,4.8580000000000005,5191.0,no
35,admin.,married,university.degree,unknown,yes,no,telephone,may,wed,86,2,999,0,nonexistent,1.1,93.994,-36.4,4.8580000000000005,5191.0,no
32,technician,married,professional.course,no,no,no,telephone,may,wed,489,2,999,0,nonexistent,1.1,93.994,-36.4,4.8580000000000005,5191.0,no
55,technician,married,basic.6y,unknown,yes,no,telephone,may,wed,85,4,999,0,nonexistent,1.1,93.994,-36.4,4.8580000000000005,5191.0,no
30,blue-collar,married,basic.9y,no,no,yes,telephone,may,wed,117,3,999,0,nonexistent,1.1,93.994,-36.4,4.8580000000000005,5191.0,no
50,blue-collar,divorced,basic.9y,unknown,no,no,telephone,may,wed,832,2,999,0,nonexistent,1.1,93.994,-36.4,4.8580000000000005,5191.0,no
25,blue-collar,single,basic.4y,no,no,no,telephone,may,wed,149,3,999,0,nonexistent,1.1,93.994,-36.4,4.8580000000000005,5191.0,no
43,self-employed,married,basic.9y,no,no,no,telephone,may,wed,173,2,999,0,nonexistent,1.1,93.994,-36.4,4.8580000000000005,5191.0,no
38,blue-collar,married,basic.9y,no,yes,no,telephone,may,wed,151,1,999,0,nonexistent,1.1,93.994,-36.4,4.8580000000000005,5191.0,no
45,admin.,married,high.school,no,yes,no,telephone,may,wed,987,3,999,0,nonexistent,1.1,93.994,-36.4,4.8580000000000005,5191.0,no
33,admin.,single,university.degree,no,yes,no,telephone,may,wed,66,13,999,0,nonexistent,1.1,93.994,-36.4,4.8580000000000005,5191.0,no
30,blue-collar,married,basic.9y,no,yes,no,telephone,may,wed,139,2,999,0,nonexistent,1.1,93.994,-36.4,4.8580000000000005,5191.0,no
26,services,divorced,basic.6y,no,no,no,telephone,may,wed,281,15,999,0,nonexistent,1.1,93.994,-36.4,4.8580000000000005,5191.0,no
51,services,married,high.school,unknown,no,no,telephone,may,wed,132,1,999,0,nonexistent,1.1,93.994,-36.4,4.8580000000000005,5191.0,no
34,services,married,basic.9y,no,yes,yes,telephone,may,wed,369,2,999,0,nonexistent,1.1,93.994,-36.4,4.8580000000000005,5191.0,no
44,blue-collar,divorced,unknown,no,yes,yes,telephone,may,wed,799,1,999,0,nonexistent,1.1,93.994,-36.4,4.8580000000000005,5191.0,yes
43,blue-collar,married,high.school,unknown,unknown,unknown,telephone,may,wed,671,3,999,0,nonexistent,1.1,93.994,-36.4,4.8580000000000005,5191.0,no
48,services,married,high.school,unknown,yes,no,telephone,may,wed,397,9,999,0,nonexistent,1.1,93.994,-36.4,4.8580000000000005,5191.0,no
37,management,married,university.degree,no,yes,no,telephone,may,wed,189,2,999,0,nonexistent,1.1,93.994,-36.4,4.8580000000000005,5191.0,no
31,blue-collar,single,basic.9y,unknown,yes,no,telephone,may,wed,165,2,999,0,nonexistent,1.1,93.994,-36.4,4.8580000000000005,5191.0,no
38,entrepreneur,married,basic.6y,no,unknown,unknown,telephone,may,wed,234,2,999,0,nonexistent,1.1,93.994,-36.4,4.8580000000000005,5191.0,no
32,admin.,single,university.degree,no,no,no,telephone,may,wed,81,2,999,0,nonexistent,1.1,93.994,-36.4,4.8580000000000005,5191.0,no
35,admin.,single,high.school,no,yes,no,telephone,may,wed,59,2,999,0,nonexistent,1.1,93.994,-36.4,4.8580000000000005,5191.0,no
50,blue-collar,married,basic.4y,no,no,no,telephone,may,wed,233,3,999,0,nonexistent,1.1,93.994,-36.4,4.8580000000000005,5191.0,no
36,services,single,high.school,no,no,no,telephone,may,wed,173,3,999,0,nonexistent,1.1,93.994,-36.4,4.8580000000000005,5191.0,no
38,services,single,basic.9y,unknown,yes,no,telephone,may,wed,203,2,999,0,nonexistent,1.1,93.994,-36.4,4.8580000000000005,5191.0,no
36,services,single,high.school,no,no,no,telephone,may,wed,45,9,999,0,nonexistent,1.1,93.994,-36.4,4.8580000000000005,5191.0,no
46,entrepreneur,married,professional.course,no,no,no,telephone,may,wed,86,2,999,0,nonexistent,1.1,93.994,-36.4,4.8580000000000005,5191.0,no
44,unknown,married,basic.6y,no,no,no,telephone,may,wed,254,3,999,0,nonexistent,1.1,93.994,-36.4,4.8580000000000005,5191.0,no
26,admin.,married,university.degree,no,no,no,telephone,may,wed,239,4,999,0,nonexistent,1.1,93.994,-36.4,4.8580000000000005,5191.0,no
36,blue-collar,married,high.school,unknown,no,no,telephone,may,wed,713,4,999,0,nonexistent,1.1,93.994,-36.4,4.8580000000000005,5191.0,no
28,admin.,single,university.degree,no,no,no,telephone,may,wed,165,2,999,0,nonexistent,1.1,93.994,-36.4,4.8580000000000005,5191.0,no
50,admin.,married,high.school,no,no,no,telephone,may,wed,260,5,999,0,nonexistent,1.1,93.994,-36.4,4.8580000000000005,5191.0,no
32,blue-collar,married,basic.9y,no,no,no,telephone,may,wed,923,3,999,0,nonexistent,1.1,93.994,-36.4,4.8580000000000005,5191.0,yes
54,technician,married,professional.course,no,yes,no,telephone,may,wed,150,3,999,0,nonexistent,1.1,93.994,-36.4,4.8580000000000005,5191.0,no
37,services,married,basic.6y,no,no,no,telephone,may,wed,155,4,999,0,nonexistent,1.1,93.994,-36.4,4.8580000000000005,5191.0,no
46,entrepreneur,married,university.degree,unknown,no,no,telephone,may,wed,433,3,999,0,nonexistent,1.1,93.994,-36.4,4.8580000000000005,5191.0,no
49,admin.,divorced,high.school,no,yes,no,telephone,may,wed,202,3,999,0,nonexistent,1.1,93.994,-36.4,4.8580000000000005,5191.0,no
33,services,married,high.school,unknown,no,no,telephone,may,wed,227,3,999,0,nonexistent,1.1,93.994,-36.4,4.8580000000000005,5191.0,no
55,technician,married,high.school,no,no,no,telephone,may,wed,214,3,999,0,nonexistent,1.1,93.994,-36.4,4.8580000000000005,5191.0,no
50,blue-collar,divorced,high.school,no,no,no,telephone,may,wed,206,6,999,0,nonexistent,1.1,93.994,-36.4,4.8580000000000005,5191.0,no
36,admin.,married,university.degree,no,yes,yes,telephone,may,wed,362,5,999,0,nonexistent,1.1,93.994,-36.4,4.8580000000000005,5191.0,no
39,self-employed,married,basic.4y,unknown,yes,no,telephone,may,wed,315,3,999,0,nonexistent,1.1,93.994,-36.4,4.8580000000000005,5191.0,no
44,blue-collar,married,high.school,no,no,no,telephone,may,wed,250,4,999,0,nonexistent,1.1,93.994,-36.4,4.8580000000000005,5191.0,no
30,technician,married,professional.course,no,no,no,telephone,may,wed,700,3,999,0,nonexistent,1.1,93.994,-36.4,4.8580000000000005,5191.0,no
40,blue-collar,married,basic.6y,no,no,no,telephone,may,wed,154,5,999,0,nonexistent,1.1,93.994,-36.4,4.8580000000000005,5191.0,no
29,entrepreneur,married,basic.6y,no,yes,no,telephone,may,wed,190,5,999,0,nonexistent,1.1,93.994,-36.4,4.8580000000000005,5191.0,no
34,blue-collar,married,basic.6y,no,no,no,telephone,may,wed,20,8,999,0,nonexistent,1.1,93.994,-36.4,4.8580000000000005,5191.0,no
47,blue-collar,married,unknown,unknown,yes,no,telephone,may,wed,191,6,999,0,nonexistent,1.1,93.994,-36.4,4.8580000000000005,5191.0,no
58,admin.,divorced,university.degree,no,yes,yes,telephone,may,wed,363,6,999,0,nonexistent,1.1,93.994,-36.4,4.8580000000000005,5191.0,no
43,blue-collar,single,basic.4y,unknown,no,no,telephone,may,wed,339,3,999,0,nonexistent,1.1,93.994,-36.4,4.8580000000000005,5191.0,no
37,services,married,high.school,no,yes,yes,telephone,may,wed,521,3,999,0,nonexistent,1.1,93.994,-36.4,4.8580000000000005,5191.0,yes
34,admin.,single,university.degree,no,no,yes,telephone,may,wed,110,4,999,0,nonexistent,1.1,93.994,-36.4,4.8580000000000005,5191.0,no
36,technician,married,professional.course,no,no,no,telephone,may,wed,142,10,999,0,nonexistent,1.1,93.994,-36.4,4.8580000000000005,5191.0,no
48,blue-collar,married,basic.9y,unknown,yes,no,telephone,may,wed,173,6,999,0,nonexistent,1.1,93.994,-36.4,4.8580000000000005,5191.0,no
59,admin.,single,professional.course,no,no,no,telephone,may,wed,291,4,999,0,nonexistent,1.1,93.994,-36.4,4.8580000000000005,5191.0,no
32,technician,married,professional.course,no,no,no,telephone,may,wed,293,2,999,0,nonexistent,1.1,93.994,-36.4,4.8580000000000005,5191.0,no
50,blue-collar,married,basic.4y,no,no,no,telephone,may,wed,304,2,999,0,nonexistent,1.1,93.994,-36.4,4.8580000000000005,5191.0,no
42,blue-collar,married,basic.4y,unknown,no,no,telephone,may,wed,526,8,999,0,nonexistent,1.1,93.994,-36.4,4.8580000000000005,5191.0,no
45,technician,married,high.school,no,yes,no,telephone,may,fri,78,9,999,0,nonexistent,1.1,93.994,-36.4,4.857,5191.0,no
39,admin.,single,unknown,no,no,yes,telephone,may,fri,219,4,999,0,nonexistent,1.1,93.994,-36.4,4.857,5191.0,no
37,blue-collar,married,basic.4y,unknown,no,no,telephone,may,fri,72,3,999,0,nonexistent,1.1,93.994,-36.4,4.857,5191.0,no
57,blue-collar,married,basic.4y,unknown,yes,no,telephone,may,fri,42,3,999,0,nonexistent,1.1,93.994,-36.4,4.857,5191.0,no
48,blue-collar,married,basic.9y,no,no,no,telephone,may,fri,407,14,999,0,nonexistent,1.1,93.994,-36.4,4.857,5191.0,no
27,services,married,high.school,unknown,no,no,telephone,may,fri,136,2,999,0,nonexistent,1.1,93.994,-36.4,4.857,5191.0,no
38,blue-collar,single,high.school,unknown,yes,no,telephone,may,fri,158,3,999,0,nonexistent,1.1,93.994,-36.4,4.857,5191.0,no
46,technician,single,university.degree,no,yes,no,telephone,may,fri,417,6,999,0,nonexistent,1.1,93.994,-36.4,4.857,5191.0,no
40,blue-collar,single,unknown,unknown,yes,no,telephone,may,fri,48,5,999,0,nonexistent,1.1,93.994,-36.4,4.857,5191.0,no
38,housemaid,married,basic.6y,unknown,yes,no,telephone,may,fri,201,2,999,0,nonexistent,1.1,93.994,-36.4,4.857,5191.0,no
28,admin.,married,university.degree,no,yes,no,telephone,may,fri,101,3,999,0,nonexistent,1.1,93.994,-36.4,4.857,5191.0,no
56,blue-collar,married,basic.4y,unknown,no,no,telephone,may,fri,214,3,999,0,nonexistent,1.1,93.994,-36.4,4.857,5191.0,no
34,technician,single,professional.course,no,no,no,telephone,may,fri,350,5,999,0,nonexistent,1.1,93.994,-36.4,4.857,5191.0,no
39,admin.,married,high.school,no,yes,no,telephone,may,fri,433,3,999,0,nonexistent,1.1,93.994,-36.4,4.857,5191.0,no
37,entrepreneur,married,university.degree,no,no,yes,telephone,may,fri,253,2,999,0,nonexistent,1.1,93.994,-36.4,4.857,5191.0,no
45,blue-collar,married,basic.6y,unknown,yes,no,telephone,may,fri,329,2,999,0,nonexistent,1.1,93.994,-36.4,4.857,5191.0,no
38,blue-collar,married,basic.6y,no,yes,no,telephone,may,fri,110,3,999,0,nonexistent,1.1,93.994,-36.4,4.857,5191.0,no
36,services,married,high.school,no,yes,no,telephone,may,fri,260,3,999,0,nonexistent,1.1,93.994,-36.4,4.857,5191.0,no
39,technician,divorced,professional.course,no,yes,no,telephone,may,fri,363,2,999,0,nonexistent,1.1,93.994,-36.4,4.857,5191.0,no
26,services,single,basic.9y,no,no,yes,telephone,may,fri,83,4,999,0,nonexistent,1.1,93.994,-36.4,4.857,5191.0,no
41,blue-collar,divorced,basic.6y,no,no,no,telephone,may,fri,245,1,999,0,nonexistent,1.1,93.994,-36.4,4.857,5191.0,no
45,management,married,unknown,unknown,yes,yes,telephone,may,fri,260,1,999,0,nonexistent,1.1,93.994,-36.4,4.857,5191.0,no
33,services,single,high.school,no,unknown,unknown,telephone,may,fri,271,1,999,0,nonexistent,1.1,93.994,-36.4,4.857,5191.0,no
26,blue-collar,single,high.school,no,no,no,telephone,may,fri,203,1,999,0,nonexistent,1.1,93.994,-36.4,4.857,5191.0,no
41,blue-collar,married,basic.6y,unknown,yes,no,telephone,may,fri,621,1,999,0,nonexistent,1.1,93.994,-36.4,4.857,5191.0,no
35,services,married,high.school,no,no,no,telephone,may,fri,1349,5,999,0,nonexistent,1.1,93.994,-36.4,4.857,5191.0,yes
53,blue-collar,divorced,basic.4y,unknown,yes,no,telephone,may,fri,385,1,999,0,nonexistent,1.1,93.994,-36.4,4.857,5191.0,no
30,technician,single,professional.course,no,no,no,telephone,may,fri,509,1,999,0,nonexistent,1.1,93.994,-36.4,4.857,5191.0,no
57,retired,single,high.school,no,yes,no,telephone,may,fri,128,1,999,0,nonexistent,1.1,93.994,-36.4,4.857,5191.0,no
37,blue-collar,single,basic.9y,no,no,no,telephone,may,fri,136,1,999,0,nonexistent,1.1,93.994,-36.4,4.857,5191.0,no
46,admin.,divorced,high.school,no,no,no,telephone,may,fri,132,1,999,0,nonexistent,1.1,93.994,-36.4,4.857,5191.0,no
37,admin.,married,high.school,no,no,yes,telephone,may,fri,3,3,999,0,nonexistent,1.1,93.994,-36.4,4.857,5191.0,no
54,blue-collar,single,basic.4y,unknown,yes,no,telephone,may,fri,1171,1,999,0,nonexistent,1.1,93.994,-36.4,4.857,5191.0,no
47,blue-collar,married,basic.4y,unknown,no,no,telephone,may,fri,107,1,999,0,nonexistent,1.1,93.994,-36.4,4.857,5191.0,no
41,management,married,university.degree,no,no,yes,telephone,may,fri,359,4,999,0,nonexistent,1.1,93.994,-36.4,4.857,5191.0,no
49,technician,married,professional.course,no,no,no,telephone,may,fri,736,2,999,0,nonexistent,1.1,93.994,-36.4,4.857,5191.0,yes
51,unemployed,married,basic.9y,unknown,no,no,telephone,may,fri,217,1,999,0,nonexistent,1.1,93.994,-36.4,4.857,5191.0,no
53,admin.,married,basic.9y,no,no,no,telephone,may,fri,121,2,999,0,nonexistent,1.1,93.994,-36.4,4.857,5191.0,no
36,blue-collar,single,high.school,no,no,yes,telephone,may,fri,154,2,999,0,nonexistent,1.1,93.994,-36.4,4.857,5191.0,no
47,admin.,married,high.school,no,no,no,telephone,may,fri,189,1,999,0,nonexistent,1.1,93.994,-36.4,4.857,5191.0,no
25,services,married,high.school,unknown,no,no,telephone,may,fri,89,1,999,0,nonexistent,1.1,93.994,-36.4,4.857,5191.0,no
27,blue-collar,married,basic.9y,unknown,yes,no,telephone,may,fri,412,6,999,0,nonexistent,1.1,93.994,-36.4,4.857,5191.0,no
47,blue-collar,married,basic.4y,no,yes,no,telephone,may,fri,302,1,999,0,nonexistent,1.1,93.994,-36.4,4.857,5191.0,no
36,technician,married,professional.course,unknown,no,no,telephone,may,fri,90,1,999,0,nonexistent,1.1,93.994,-36.4,4.857,5191.0,no
50,admin.,divorced,basic.9y,no,no,no,telephone,may,fri,145,4,999,0,nonexistent,1.1,93.994,-36.4,4.857,5191.0,no
53,blue-collar,married,basic.9y,no,no,yes,telephone,may,fri,203,1,999,0,nonexistent,1.1,93.994,-36.4,4.857,5191.0,no
37,self-employed,married,professional.course,no,no,yes,telephone,may,fri,254,1,999,0,nonexistent,1.1,93.994,-36.4,4.857,5191.0,no
36,services,single,basic.9y,unknown,no,yes,telephone,may,fri,230,1,999,0,nonexistent,1.1,93.994,-36.4,4.857,5191.0,no
53,blue-collar,married,basic.9y,no,yes,no,telephone,may,fri,373,1,999,0,nonexistent,1.1,93.994,-36.4,4.857,5191.0,no
42,blue-collar,married,basic.4y,unknown,yes,no,telephone,may,fri,72,2,999,0,nonexistent,1.1,93.994,-36.4,4.857,5191.0,no
39,blue-collar,married,basic.4y,no,no,yes,telephone,may,fri,534,1,999,0,nonexistent,1.1,93.994,-36.4,4.857,5191.0,no
46,entrepreneur,married,high.school,no,no,yes,telephone,may,fri,225,4,999,0,nonexistent,1.1,93.994,-36.4,4.857,5191.0,no
28,technician,divorced,university.degree,no,no,no,telephone,may,fri,193,2,999,0,nonexistent,1.1,93.994,-36.4,4.857,5191.0,no
40,blue-collar,married,basic.9y,no,yes,no,telephone,may,fri,76,2,999,0,nonexistent,1.1,93.994,-36.4,4.857,5191.0,no
26,blue-collar,single,basic.9y,unknown,no,yes,telephone,may,fri,268,1,999,0,nonexistent,1.1,93.994,-36.4,4.857,5191.0,no
30,services,single,unknown,no,no,yes,telephone,may,fri,154,1,999,0,nonexistent,1.1,93.994,-36.4,4.857,5191.0,no
37,technician,single,basic.9y,no,no,yes,telephone,may,fri,298,1,999,0,nonexistent,1.1,93.994,-36.4,4.857,5191.0,no
39,self-employed,married,university.degree,no,no,no,telephone,may,fri,286,1,999,0,nonexistent,1.1,93.994,-36.4,4.857,5191.0,no
36,blue-collar,divorced,high.school,no,no,yes,telephone,may,fri,442,1,999,0,nonexistent,1.1,93.994,-36.4,4.857,5191.0,no
22,blue-collar,single,basic.6y,unknown,no,yes,telephone,may,fri,1073,1,999,0,nonexistent,1.1,93.994,-36.4,4.857,5191.0,yes
49,blue-collar,married,basic.4y,unknown,yes,no,telephone,may,fri,299,1,999,0,nonexistent,1.1,93.994,-36.4,4.857,5191.0,no
31,admin.,single,university.degree,no,no,no,telephone,may,fri,162,1,999,0,nonexistent,1.1,93.994,-36.4,4.857,5191.0,no
49,blue-collar,married,basic.4y,unknown,yes,no,telephone,may,fri,504,1,999,0,nonexistent,1.1,93.994,-36.4,4.857,5191.0,no
41,blue-collar,married,basic.4y,unknown,no,no,telephone,may,fri,488,1,999,0,nonexistent,1.1,93.994,-36.4,4.857,5191.0,no
47,management,married,basic.4y,unknown,no,no,telephone,may,fri,190,1,999,0,nonexistent,1.1,93.994,-36.4,4.857,5191.0,no
47,admin.,single,university.degree,no,yes,yes,telephone,may,fri,139,1,999,0,nonexistent,1.1,93.994,-36.4,4.857,5191.0,no
38,admin.,married,university.degree,no,no,no,telephone,may,fri,124,4,999,0,nonexistent,1.1,93.994,-36.4,4.857,5191.0,no
43,admin.,divorced,high.school,no,yes,no,telephone,may,fri,425,1,999,0,nonexistent,1.1,93.994,-36.4,4.857,5191.0,no
46,services,married,high.school,no,yes,no,telephone,may,fri,290,1,999,0,nonexistent,1.1,93.994,-36.4,4.857,5191.0,no
33,blue-collar,married,basic.6y,no,no,no,telephone,may,fri,152,1,999,0,nonexistent,1.1,93.994,-36.4,4.857,5191.0,no
27,blue-collar,single,basic.9y,no,yes,no,telephone,may,fri,168,1,999,0,nonexistent,1.1,93.994,-36.4,4.857,5191.0,no
53,technician,married,professional.course,unknown,yes,no,telephone,may,fri,204,1,999,0,nonexistent,1.1,93.994,-36.4,4.857,5191.0,no
30,management,divorced,university.degree,no,no,yes,telephone,may,fri,164,4,999,0,nonexistent,1.1,93.994,-36.4,4.857,5191.0,no
47,blue-collar,divorced,basic.9y,no,no,yes,telephone,may,fri,322,1,999,0,nonexistent,1.1,93.994,-36.4,4.857,5191.0,no
55,blue-collar,married,professional.course,unknown,yes,no,telephone,may,fri,530,1,999,0,nonexistent,1.1,93.994,-36.4,4.857,5191.0,no
48,technician,married,high.school,no,no,no,telephone,may,fri,700,1,999,0,nonexistent,1.1,93.994,-36.4,4.857,5191.0,no
42,blue-collar,divorced,basic.4y,no,no,no,telephone,may,fri,231,1,999,0,nonexistent,1.1,93.994,-36.4,4.857,5191.0,no
46,admin.,single,university.degree,no,yes,no,telephone,may,fri,135,1,999,0,nonexistent,1.1,93.994,-36.4,4.857,5191.0,no
29,technician,single,university.degree,no,yes,no,telephone,may,fri,256,1,999,0,nonexistent,1.1,93.994,-36.4,4.857,5191.0,no
50,blue-collar,married,high.school,unknown,yes,no,telephone,may,fri,106,3,999,0,nonexistent,1.1,93.994,-36.4,4.857,5191.0,no
33,admin.,married,unknown,no,yes,no,telephone,may,fri,134,1,999,0,nonexistent,1.1,93.994,-36.4,4.857,5191.0,no
37,management,single,university.degree,no,yes,no,telephone,may,fri,415,1,999,0,nonexistent,1.1,93.994,-36.4,4.857,5191.0,no
24,services,single,basic.9y,no,yes,yes,telephone,may,fri,816,2,999,0,nonexistent,1.1,93.994,-36.4,4.857,5191.0,no
38,blue-collar,married,basic.9y,no,yes,no,telephone,may,fri,100,1,999,0,nonexistent,1.1,93.994,-36.4,4.857,5191.0,no
36,blue-collar,married,university.degree,unknown,yes,yes,telephone,may,fri,297,1,999,0,nonexistent,1.1,93.994,-36.4,4.857,5191.0,no
38,blue-collar,married,basic.9y,no,no,no,telephone,may,fri,58,1,999,0,nonexistent,1.1,93.994,-36.4,4.857,5191.0,no
48,technician,married,high.school,no,no,no,telephone,may,fri,533,1,999,0,nonexistent,1.1,93.994,-36.4,4.857,5191.0,no
47,management,divorced,university.degree,no,no,no,telephone,may,fri,63,1,999,0,nonexistent,1.1,93.994,-36.4,4.857,5191.0,no
33,entrepreneur,married,university.degree,no,yes,no,telephone,may,fri,135,2,999,0,nonexistent,1.1,93.994,-36.4,4.857,5191.0,no
37,blue-collar,single,basic.9y,no,yes,no,telephone,may,fri,240,2,999,0,nonexistent,1.1,93.994,-36.4,4.857,5191.0,no
47,entrepreneur,divorced,university.degree,no,yes,no,telephone,may,fri,354,4,999,0,nonexistent,1.1,93.994,-36.4,4.857,5191.0,no
29,services,single,university.degree,no,yes,yes,telephone,may,fri,210,1,999,0,nonexistent,1.1,93.994,-36.4,4.857,5191.0,no
44,housemaid,married,high.school,unknown,no,no,telephone,may,fri,293,2,999,0,nonexistent,1.1,93.994,-36.4,4.857,5191.0,no
45,blue-collar,married,basic.4y,unknown,no,no,telephone,may,fri,108,5,999,0,nonexistent,1.1,93.994,-36.4,4.857,5191.0,no
38,entrepreneur,divorced,university.degree,unknown,yes,no,telephone,may,fri,275,2,999,0,nonexistent,1.1,93.994,-36.4,4.857,5191.0,no
25,housemaid,married,basic.9y,no,yes,no,telephone,may,fri,263,2,999,0,nonexistent,1.1,93.994,-36.4,4.857,5191.0,no
55,housemaid,married,professional.course,no,yes,yes,telephone,may,fri,85,1,999,0,nonexistent,1.1,93.994,-36.4,4.857,5191.0,no
56,retired,married,high.school,unknown,no,no,telephone,may,fri,319,3,999,0,nonexistent,1.1,93.994,-36.4,4.857,5191.0,no
44,blue-collar,married,basic.4y,no,yes,no,telephone,may,fri,242,3,999,0,nonexistent,1.1,93.994,-36.4,4.857,5191.0,no
36,technician,single,university.degree,unknown,no,no,telephone,may,fri,128,4,999,0,nonexistent,1.1,93.994,-36.4,4.857,5191.0,no
40,blue-collar,married,basic.9y,no,yes,no,telephone,may,fri,236,2,999,0,nonexistent,1.1,93.994,-36.4,4.857,5191.0,no
46,blue-collar,married,unknown,unknown,no,no,telephone,may,fri,67,1,999,0,nonexistent,1.1,93.994,-36.4,4.857,5191.0,no
40,self-employed,married,high.school,unknown,yes,no,telephone,may,fri,83,1,999,0,nonexistent,1.1,93.994,-36.4,4.857,5191.0,no
58,services,divorced,professional.course,no,yes,no,telephone,may,fri,293,1,999,0,nonexistent,1.1,93.994,-36.4,4.857,5191.0,no
50,technician,married,professional.course,no,yes,no,telephone,may,fri,245,1,999,0,nonexistent,1.1,93.994,-36.4,4.857,5191.0,no
55,retired,married,high.school,no,no,no,telephone,may,fri,924,1,999,0,nonexistent,1.1,93.994,-36.4,4.857,5191.0,yes
55,blue-collar,married,basic.4y,unknown,yes,no,telephone,may,fri,334,1,999,0,nonexistent,1.1,93.994,-36.4,4.857,5191.0,no
51,management,married,university.degree,no,yes,no,telephone,may,fri,317,1,999,0,nonexistent,1.1,93.994,-36.4,4.857,5191.0,no
45,admin.,married,university.degree,no,no,no,telephone,may,fri,134,2,999,0,nonexistent,1.1,93.994,-36.4,4.857,5191.0,no
39,technician,married,professional.course,no,no,yes,telephone,may,fri,110,2,999,0,nonexistent,1.1,93.994,-36.4,4.857,5191.0,no
47,blue-collar,divorced,basic.4y,no,no,yes,telephone,may,fri,37,1,999,0,nonexistent,1.1,93.994,-36.4,4.857,5191.0,no
41,services,married,high.school,no,no,no,telephone,may,fri,911,2,999,0,nonexistent,1.1,93.994,-36.4,4.857,5191.0,no
48,blue-collar,married,basic.6y,no,unknown,unknown,telephone,may,fri,379,1,999,0,nonexistent,1.1,93.994,-36.4,4.857,5191.0,no
41,technician,married,university.degree,no,no,no,telephone,may,fri,206,1,999,0,nonexistent,1.1,93.994,-36.4,4.857,5191.0,no
41,blue-collar,divorced,basic.6y,no,yes,no,telephone,may,fri,160,2,999,0,nonexistent,1.1,93.994,-36.4,4.857,5191.0,no
30,services,single,high.school,unknown,no,no,telephone,may,fri,156,2,999,0,nonexistent,1.1,93.994,-36.4,4.857,5191.0,no
32,entrepreneur,married,high.school,unknown,yes,no,telephone,may,fri,314,3,999,0,nonexistent,1.1,93.994,-36.4,4.857,5191.0,no
56,unemployed,divorced,university.degree,unknown,yes,no,telephone,may,fri,98,1,999,0,nonexistent,1.1,93.994,-36.4,4.857,5191.0,no
53,technician,married,professional.course,no,no,no,telephone,may,fri,260,1,999,0,nonexistent,1.1,93.994,-36.4,4.857,5191.0,no
39,admin.,married,university.degree,no,no,no,telephone,may,fri,78,1,999,0,nonexistent,1.1,93.994,-36.4,4.857,5191.0,no
48,technician,single,high.school,no,yes,yes,telephone,may,fri,115,2,999,0,nonexistent,1.1,93.994,-36.4,4.857,5191.0,no
42,admin.,divorced,high.school,no,yes,no,telephone,may,fri,99,3,999,0,nonexistent,1.1,93.994,-36.4,4.857,5191.0,no
36,blue-collar,married,basic.9y,no,yes,yes,telephone,may,fri,95,1,999,0,nonexistent,1.1,93.994,-36.4,4.857,5191.0,no
35,technician,married,professional.course,no,yes,yes,telephone,may,fri,14,2,999,0,nonexistent,1.1,93.994,-36.4,4.857,5191.0,no
47,admin.,married,unknown,no,no,no,telephone,may,fri,230,1,999,0,nonexistent,1.1,93.994,-36.4,4.857,5191.0,no
38,blue-collar,married,basic.4y,no,no,no,telephone,may,fri,438,1,999,0,nonexistent,1.1,93.994,-36.4,4.857,5191.0,no
59,retired,married,university.degree,no,no,no,telephone,may,fri,35,1,999,0,nonexistent,1.1,93.994,-36.4,4.857,5191.0,no
34,admin.,divorced,basic.6y,no,no,no,telephone,may,fri,111,2,999,0,nonexistent,1.1,93.994,-36.4,4.857,5191.0,no
47,management,married,basic.4y,unknown,no,no,telephone,may,fri,463,2,999,0,nonexistent,1.1,93.994,-36.4,4.857,5191.0,no
53,services,divorced,university.degree,no,no,yes,telephone,may,fri,252,1,999,0,nonexistent,1.1,93.994,-36.4,4.857,5191.0,no
44,self-employed,married,university.degree,unknown,unknown,unknown,telephone,may,fri,38,1,999,0,nonexistent,1.1,93.994,-36.4,4.857,5191.0,no
33,unemployed,married,basic.9y,no,yes,yes,telephone,may,fri,691,1,999,0,nonexistent,1.1,93.994,-36.4,4.857,5191.0,no
42,entrepreneur,married,high.school,no,yes,no,telephone,may,fri,81,1,999,0,nonexistent,1.1,93.994,-36.4,4.857,5191.0,no
45,services,single,basic.9y,unknown,yes,no,telephone,may,fri,270,1,999,0,nonexistent,1.1,93.994,-36.4,4.857,5191.0,no
55,technician,single,university.degree,unknown,yes,no,telephone,may,fri,390,1,999,0,nonexistent,1.1,93.994,-36.4,4.857,5191.0,no
32,services,single,professional.course,no,yes,yes,telephone,may,fri,249,1,999,0,nonexistent,1.1,93.994,-36.4,4.857,5191.0,no
42,blue-collar,married,basic.9y,unknown,no,no,telephone,may,fri,31,1,999,0,nonexistent,1.1,93.994,-36.4,4.857,5191.0,no
57,blue-collar,divorced,unknown,unknown,yes,no,telephone,may,fri,369,1,999,0,nonexistent,1.1,93.994,-36.4,4.857,5191.0,no
46,blue-collar,married,basic.9y,no,yes,no,telephone,may,fri,118,1,999,0,nonexistent,1.1,93.994,-36.4,4.857,5191.0,no
38,blue-collar,married,basic.9y,no,yes,no,telephone,may,fri,227,1,999,0,nonexistent,1.1,93.994,-36.4,4.857,5191.0,no
44,admin.,married,high.school,no,no,no,telephone,may,fri,465,1,999,0,nonexistent,1.1,93.994,-36.4,4.857,5191.0,no
29,admin.,single,university.degree,no,no,no,telephone,may,fri,98,1,999,0,nonexistent,1.1,93.994,-36.4,4.857,5191.0,no
56,retired,married,basic.4y,no,yes,no,telephone,may,fri,665,1,999,0,nonexistent,1.1,93.994,-36.4,4.857,5191.0,no
26,student,single,basic.9y,unknown,yes,yes,telephone,may,fri,164,1,999,0,nonexistent,1.1,93.994,-36.4,4.857,5191.0,no
39,management,married,university.degree,no,yes,yes,telephone,may,fri,145,1,999,0,nonexistent,1.1,93.994,-36.4,4.857,5191.0,no
42,unemployed,married,basic.9y,no,yes,yes,telephone,may,fri,76,2,999,0,nonexistent,1.1,93.994,-36.4,4.857,5191.0,no
57,blue-collar,married,basic.4y,unknown,yes,yes,telephone,may,fri,163,2,999,0,nonexistent,1.1,93.994,-36.4,4.857,5191.0,no
27,blue-collar,married,basic.9y,no,yes,yes,telephone,may,fri,152,2,999,0,nonexistent,1.1,93.994,-36.4,4.857,5191.0,no
59,technician,divorced,university.degree,no,no,no,telephone,may,fri,281,2,999,0,nonexistent,1.1,93.994,-36.4,4.857,5191.0,no
47,blue-collar,divorced,basic.9y,unknown,yes,no,telephone,may,fri,567,3,999,0,nonexistent,1.1,93.994,-36.4,4.857,5191.0,no
43,admin.,married,professional.course,no,no,no,telephone,may,fri,284,2,999,0,nonexistent,1.1,93.994,-36.4,4.857,5191.0,no
36,blue-collar,married,basic.6y,unknown,no,no,telephone,may,fri,378,2,999,0,nonexistent,1.1,93.994,-36.4,4.857,5191.0,no
47,management,divorced,basic.6y,unknown,yes,yes,telephone,may,fri,353,1,999,0,nonexistent,1.1,93.994,-36.4,4.857,5191.0,no
38,entrepreneur,married,basic.9y,no,no,no,telephone,may,fri,104,1,999,0,nonexistent,1.1,93.994,-36.4,4.857,5191.0,no
33,blue-collar,married,basic.9y,no,yes,no,telephone,may,fri,50,3,999,0,nonexistent,1.1,93.994,-36.4,4.857,5191.0,no
43,entrepreneur,married,basic.9y,unknown,yes,no,telephone,may,fri,536,2,999,0,nonexistent,1.1,93.994,-36.4,4.857,5191.0,no
39,blue-collar,married,unknown,no,no,no,telephone,may,fri,496,4,999,0,nonexistent,1.1,93.994,-36.4,4.857,5191.0,no
41,technician,single,professional.course,no,no,no,telephone,may,fri,139,2,999,0,nonexistent,1.1,93.994,-36.4,4.857,5191.0,no
37,blue-collar,single,unknown,no,no,no,telephone,may,fri,122,5,999,0,nonexistent,1.1,93.994,-36.4,4.857,5191.0,no
32,blue-collar,married,basic.9y,no,yes,no,telephone,may,fri,59,3,999,0,nonexistent,1.1,93.994,-36.4,4.857,5191.0,no
46,management,married,university.degree,no,yes,no,telephone,may,fri,258,5,999,0,nonexistent,1.1,93.994,-36.4,4.857,5191.0,no
42,admin.,divorced,university.degree,no,no,no,telephone,may,fri,254,1,999,0,nonexistent,1.1,93.994,-36.4,4.857,5191.0,no
23,services,married,basic.9y,no,yes,no,telephone,may,fri,250,1,999,0,nonexistent,1.1,93.994,-36.4,4.857,5191.0,no
39,blue-collar,married,basic.9y,unknown,no,no,telephone,may,fri,563,1,999,0,nonexistent,1.1,93.994,-36.4,4.857,5191.0,no
36,admin.,married,high.school,unknown,yes,no,telephone,may,fri,147,14,999,0,nonexistent,1.1,93.994,-36.4,4.857,5191.0,no
27,technician,married,university.degree,no,no,no,telephone,may,fri,125,3,999,0,nonexistent,1.1,93.994,-36.4,4.857,5191.0,no
37,entrepreneur,married,basic.6y,unknown,unknown,unknown,telephone,may,fri,71,1,999,0,nonexistent,1.1,93.994,-36.4,4.857,5191.0,no
49,housemaid,married,basic.4y,no,no,no,telephone,may,fri,556,1,999,0,nonexistent,1.1,93.994,-36.4,4.857,5191.0,no
55,blue-collar,married,basic.4y,no,no,yes,telephone,may,fri,119,1,999,0,nonexistent,1.1,93.994,-36.4,4.857,5191.0,no
42,management,married,unknown,unknown,no,no,telephone,may,fri,456,2,999,0,nonexistent,1.1,93.994,-36.4,4.857,5191.0,no
28,blue-collar,single,basic.6y,unknown,unknown,unknown,telephone,may,fri,159,2,999,0,nonexistent,1.1,93.994,-36.4,4.857,5191.0,no
36,admin.,single,high.school,no,no,yes,telephone,may,fri,148,2,999,0,nonexistent,1.1,93.994,-36.4,4.857,5191.0,no
51,blue-collar,single,basic.4y,unknown,no,no,telephone,may,fri,448,1,999,0,nonexistent,1.1,93.994,-36.4,4.857,5191.0,no
58,admin.,married,university.degree,no,no,yes,telephone,may,fri,160,1,999,0,nonexistent,1.1,93.994,-36.4,4.857,5191.0,no
45,technician,married,university.degree,no,yes,no,telephone,may,fri,240,1,999,0,nonexistent,1.1,93.994,-36.4,4.857,5191.0,no
27,blue-collar,single,basic.9y,unknown,yes,no,telephone,may,fri,115,4,999,0,nonexistent,1.1,93.994,-36.4,4.857,5191.0,no
35,admin.,married,high.school,unknown,no,no,telephone,may,fri,290,3,999,0,nonexistent,1.1,93.994,-36.4,4.857,5191.0,no
43,blue-collar,married,basic.6y,unknown,yes,no,telephone,may,fri,57,4,999,0,nonexistent,1.1,93.994,-36.4,4.857,5191.0,no
40,blue-collar,married,basic.9y,no,yes,no,telephone,may,fri,811,1,999,0,nonexistent,1.1,93.994,-36.4,4.857,5191.0,no
37,admin.,married,university.degree,no,yes,yes,telephone,may,fri,221,2,999,0,nonexistent,1.1,93.994,-36.4,4.857,5191.0,no
31,entrepreneur,married,basic.6y,no,yes,no,telephone,may,fri,108,3,999,0,nonexistent,1.1,93.994,-36.4,4.857,5191.0,no
29,admin.,married,high.school,no,no,no,telephone,may,fri,288,3,999,0,nonexistent,1.1,93.994,-36.4,4.857,5191.0,no
50,technician,married,professional.course,no,yes,no,telephone,may,fri,1003,1,999,0,nonexistent,1.1,93.994,-36.4,4.857,5191.0,no
30,admin.,married,university.degree,no,no,no,telephone,may,fri,542,2,999,0,nonexistent,1.1,93.994,-36.4,4.857,5191.0,no
35,admin.,single,high.school,no,yes,no,telephone,may,fri,541,2,999,0,nonexistent,1.1,93.994,-36.4,4.857,5191.0,no
43,admin.,divorced,high.school,no,no,no,telephone,may,fri,198,2,999,0,nonexistent,1.1,93.994,-36.4,4.857,5191.0,no
39,admin.,married,university.degree,unknown,no,no,telephone,may,fri,302,1,999,0,nonexistent,1.1,93.994,-36.4,4.857,5191.0,no
53,retired,married,basic.9y,no,yes,no,telephone,may,fri,154,2,999,0,nonexistent,1.1,93.994,-36.4,4.857,5191.0,no
37,management,married,university.degree,no,yes,no,telephone,may,fri,66,1,999,0,nonexistent,1.1,93.994,-36.4,4.857,5191.0,no
41,technician,married,professional.course,no,no,no,telephone,may,fri,216,2,999,0,nonexistent,1.1,93.994,-36.4,4.857,5191.0,no
29,technician,married,university.degree,no,yes,no,telephone,may,fri,206,3,999,0,nonexistent,1.1,93.994,-36.4,4.857,5191.0,no
30,management,married,university.degree,no,yes,no,telephone,may,fri,28,18,999,0,nonexistent,1.1,93.994,-36.4,4.857,5191.0,no
51,technician,married,basic.6y,unknown,yes,yes,telephone,may,fri,168,1,999,0,nonexistent,1.1,93.994,-36.4,4.857,5191.0,no
38,admin.,single,university.degree,no,yes,no,telephone,may,fri,186,1,999,0,nonexistent,1.1,93.994,-36.4,4.857,5191.0,no
36,blue-collar,married,basic.6y,no,no,no,telephone,may,fri,189,2,999,0,nonexistent,1.1,93.994,-36.4,4.857,5191.0,no
48,technician,divorced,professional.course,no,yes,yes,telephone,may,fri,215,2,999,0,nonexistent,1.1,93.994,-36.4,4.857,5191.0,no
35,blue-collar,married,basic.6y,unknown,no,no,telephone,may,fri,418,3,999,0,nonexistent,1.1,93.994,-36.4,4.857,5191.0,no
32,services,single,basic.6y,no,no,no,telephone,may,fri,361,1,999,0,nonexistent,1.1,93.994,-36.4,4.857,5191.0,no
34,blue-collar,married,high.school,no,yes,no,telephone,may,fri,116,2,999,0,nonexistent,1.1,93.994,-36.4,4.857,5191.0,no
41,self-employed,married,university.degree,no,yes,no,telephone,may,fri,150,6,999,0,nonexistent,1.1,93.994,-36.4,4.857,5191.0,no
32,services,divorced,high.school,no,yes,no,telephone,may,fri,228,2,999,0,nonexistent,1.1,93.994,-36.4,4.857,5191.0,no
38,admin.,married,university.degree,no,yes,no,telephone,may,fri,411,3,999,0,nonexistent,1.1,93.994,-36.4,4.857,5191.0,no
41,blue-collar,divorced,basic.6y,no,no,no,telephone,may,fri,253,2,999,0,nonexistent,1.1,93.994,-36.4,4.857,5191.0,no
27,services,single,high.school,no,no,no,telephone,may,fri,144,2,999,0,nonexistent,1.1,93.994,-36.4,4.857,5191.0,no
57,blue-collar,married,basic.9y,no,yes,no,telephone,may,fri,248,2,999,0,nonexistent,1.1,93.994,-36.4,4.857,5191.0,no
37,housemaid,married,high.school,no,no,no,telephone,may,fri,138,6,999,0,nonexistent,1.1,93.994,-36.4,4.857,5191.0,no
54,blue-collar,single,basic.4y,unknown,unknown,unknown,telephone,may,fri,824,2,999,0,nonexistent,1.1,93.994,-36.4,4.857,5191.0,no
43,blue-collar,married,basic.4y,unknown,yes,no,telephone,may,fri,345,3,999,0,nonexistent,1.1,93.994,-36.4,4.857,5191.0,no
37,admin.,single,high.school,no,yes,no,telephone,may,fri,773,2,999,0,nonexistent,1.1,93.994,-36.4,4.857,5191.0,no
37,blue-collar,married,basic.6y,unknown,no,yes,telephone,may,fri,574,5,999,0,nonexistent,1.1,93.994,-36.4,4.857,5191.0,no
50,admin.,divorced,university.degree,no,no,no,telephone,may,fri,122,6,999,0,nonexistent,1.1,93.994,-36.4,4.857,5191.0,no
41,admin.,married,basic.6y,no,no,no,telephone,may,fri,193,2,999,0,nonexistent,1.1,93.994,-36.4,4.857,5191.0,no
46,admin.,married,high.school,unknown,yes,no,telephone,may,fri,138,1,999,0,nonexistent,1.1,93.994,-36.4,4.857,5191.0,no
32,blue-collar,married,basic.6y,unknown,yes,no,telephone,may,fri,343,4,999,0,nonexistent,1.1,93.994,-36.4,4.857,5191.0,no
31,services,single,professional.course,no,no,no,telephone,may,fri,111,1,999,0,nonexistent,1.1,93.994,-36.4,4.857,5191.0,no
40,management,married,university.degree,no,no,no,telephone,may,fri,166,1,999,0,nonexistent,1.1,93.994,-36.4,4.857,5191.0,no
43,blue-collar,married,basic.4y,no,yes,no,telephone,may,fri,469,2,999,0,nonexistent,1.1,93.994,-36.4,4.857,5191.0,no
44,blue-collar,married,professional.course,no,unknown,unknown,telephone,may,fri,189,2,999,0,nonexistent,1.1,93.994,-36.4,4.857,5191.0,no
31,blue-collar,married,basic.6y,no,yes,no,telephone,may,fri,364,2,999,0,nonexistent,1.1,93.994,-36.4,4.857,5191.0,no
46,admin.,married,high.school,no,yes,no,telephone,may,fri,185,4,999,0,nonexistent,1.1,93.994,-36.4,4.857,5191.0,no
38,technician,married,university.degree,unknown,no,no,telephone,may,fri,224,4,999,0,nonexistent,1.1,93.994,-36.4,4.857,5191.0,no
27,blue-collar,married,unknown,no,yes,no,telephone,may,fri,187,1,999,0,nonexistent,1.1,93.994,-36.4,4.857,5191.0,no
31,blue-collar,married,basic.9y,no,no,no,telephone,may,fri,451,4,999,0,nonexistent,1.1,93.994,-36.4,4.857,5191.0,no
39,blue-collar,single,professional.course,no,no,no,telephone,may,fri,128,2,999,0,nonexistent,1.1,93.994,-36.4,4.857,5191.0,no
37,blue-collar,divorced,basic.4y,unknown,yes,yes,telephone,may,fri,301,2,999,0,nonexistent,1.1,93.994,-36.4,4.857,5191.0,no
52,technician,married,basic.9y,no,no,no,telephone,may,fri,97,1,999,0,nonexistent,1.1,93.994,-36.4,4.857,5191.0,no
49,admin.,divorced,university.degree,no,no,no,telephone,may,fri,24,1,999,0,nonexistent,1.1,93.994,-36.4,4.857,5191.0,no
39,admin.,married,professional.course,no,yes,no,telephone,may,fri,232,1,999,0,nonexistent,1.1,93.994,-36.4,4.857,5191.0,no
50,technician,married,high.school,no,yes,no,telephone,may,fri,893,3,999,0,nonexistent,1.1,93.994,-36.4,4.857,5191.0,yes
49,admin.,single,university.degree,no,no,no,telephone,may,fri,201,3,999,0,nonexistent,1.1,93.994,-36.4,4.857,5191.0,no
39,blue-collar,married,basic.9y,no,yes,no,telephone,may,fri,83,2,999,0,nonexistent,1.1,93.994,-36.4,4.857,5191.0,no
35,blue-collar,married,basic.9y,no,yes,no,telephone,may,fri,339,2,999,0,nonexistent,1.1,93.994,-36.4,4.857,5191.0,no
28,blue-collar,married,basic.9y,no,no,yes,telephone,may,fri,478,2,999,0,nonexistent,1.1,93.994,-36.4,4.857,5191.0,no
40,blue-collar,married,basic.6y,unknown,yes,yes,telephone,may,fri,13,5,999,0,nonexistent,1.1,93.994,-36.4,4.857,5191.0,no
40,blue-collar,married,basic.9y,unknown,yes,no,telephone,may,fri,242,3,999,0,nonexistent,1.1,93.994,-36.4,4.857,5191.0,no
53,services,single,high.school,unknown,no,yes,telephone,may,fri,55,4,999,0,nonexistent,1.1,93.994,-36.4,4.857,5191.0,no
49,blue-collar,married,basic.9y,unknown,yes,no,telephone,may,fri,281,27,999,0,nonexistent,1.1,93.994,-36.4,4.857,5191.0,no
36,blue-collar,single,high.school,no,yes,no,telephone,may,fri,423,2,999,0,nonexistent,1.1,93.994,-36.4,4.857,5191.0,no
36,blue-collar,married,basic.6y,unknown,yes,no,telephone,may,fri,109,2,999,0,nonexistent,1.1,93.994,-36.4,4.857,5191.0,no
46,admin.,married,basic.9y,unknown,no,no,telephone,may,fri,233,2,999,0,nonexistent,1.1,93.994,-36.4,4.857,5191.0,no
49,blue-collar,married,basic.4y,unknown,yes,no,telephone,may,fri,133,2,999,0,nonexistent,1.1,93.994,-36.4,4.857,5191.0,no
48,housemaid,divorced,basic.4y,unknown,no,yes,telephone,may,fri,209,3,999,0,nonexistent,1.1,93.994,-36.4,4.857,5191.0,no
49,blue-collar,divorced,basic.4y,no,yes,no,telephone,may,fri,114,4,999,0,nonexistent,1.1,93.994,-36.4,4.857,5191.0,no
49,technician,married,unknown,no,yes,no,telephone,may,fri,319,2,999,0,nonexistent,1.1,93.994,-36.4,4.857,5191.0,no
32,admin.,single,university.degree,no,no,no,telephone,may,fri,588,3,999,0,nonexistent,1.1,93.994,-36.4,4.857,5191.0,yes
25,self-employed,married,university.degree,no,yes,no,telephone,may,fri,274,2,999,0,nonexistent,1.1,93.994,-36.4,4.857,5191.0,no
33,technician,married,professional.course,no,yes,no,telephone,may,fri,83,3,999,0,nonexistent,1.1,93.994,-36.4,4.857,5191.0,no
37,admin.,single,high.school,no,yes,yes,telephone,may,fri,123,2,999,0,nonexistent,1.1,93.994,-36.4,4.857,5191.0,no
53,technician,divorced,professional.course,no,no,no,telephone,may,fri,327,2,999,0,nonexistent,1.1,93.994,-36.4,4.857,5191.0,no
38,entrepreneur,married,university.degree,no,yes,no,telephone,may,fri,167,4,999,0,nonexistent,1.1,93.994,-36.4,4.857,5191.0,no
48,blue-collar,married,high.school,no,no,no,telephone,may,fri,34,3,999,0,nonexistent,1.1,93.994,-36.4,4.857,5191.0,no
51,blue-collar,married,basic.9y,unknown,no,no,telephone,may,fri,304,2,999,0,nonexistent,1.1,93.994,-36.4,4.857,5191.0,no
35,housemaid,married,high.school,no,yes,no,telephone,may,fri,82,7,999,0,nonexistent,1.1,93.994,-36.4,4.857,5191.0,no
45,blue-collar,married,basic.6y,unknown,no,no,telephone,may,fri,131,1,999,0,nonexistent,1.1,93.994,-36.4,4.857,5191.0,no
35,blue-collar,married,basic.4y,unknown,no,no,telephone,may,fri,25,14,999,0,nonexistent,1.1,93.994,-36.4,4.857,5191.0,no
51,blue-collar,married,basic.9y,no,yes,no,telephone,may,fri,76,4,999,0,nonexistent,1.1,93.994,-36.4,4.857,5191.0,no
33,services,single,high.school,no,no,no,telephone,may,fri,777,2,999,0,nonexistent,1.1,93.994,-36.4,4.857,5191.0,yes
37,admin.,single,high.school,no,no,no,telephone,may,fri,147,1,999,0,nonexistent,1.1,93.994,-36.4,4.857,5191.0,no
34,blue-collar,married,basic.9y,no,yes,no,telephone,may,fri,243,1,999,0,nonexistent,1.1,93.994,-36.4,4.857,5191.0,no
53,entrepreneur,married,university.degree,unknown,no,yes,telephone,may,fri,199,2,999,0,nonexistent,1.1,93.994,-36.4,4.857,5191.0,no
32,technician,single,professional.course,no,no,no,telephone,may,fri,700,3,999,0,nonexistent,1.1,93.994,-36.4,4.857,5191.0,no
41,services,divorced,unknown,no,no,no,telephone,may,fri,211,3,999,0,nonexistent,1.1,93.994,-36.4,4.857,5191.0,no
35,student,single,high.school,no,yes,no,telephone,may,fri,160,3,999,0,nonexistent,1.1,93.994,-36.4,4.857,5191.0,no
47,admin.,married,university.degree,no,yes,no,telephone,may,fri,138,6,999,0,nonexistent,1.1,93.994,-36.4,4.857,5191.0,no
52,technician,married,unknown,unknown,yes,no,telephone,may,fri,553,2,999,0,nonexistent,1.1,93.994,-36.4,4.857,5191.0,no
33,self-employed,single,university.degree,no,no,no,telephone,may,fri,92,1,999,0,nonexistent,1.1,93.994,-36.4,4.857,5191.0,no
34,management,married,university.degree,no,yes,no,telephone,may,fri,247,1,999,0,nonexistent,1.1,93.994,-36.4,4.857,5191.0,no
38,services,married,high.school,unknown,no,no,telephone,may,fri,50,3,999,0,nonexistent,1.1,93.994,-36.4,4.857,5191.0,no
48,services,married,professional.course,no,yes,no,telephone,may,fri,253,1,999,0,nonexistent,1.1,93.994,-36.4,4.857,5191.0,no
38,admin.,single,university.degree,no,yes,no,telephone,may,fri,153,4,999,0,nonexistent,1.1,93.994,-36.4,4.857,5191.0,no
40,entrepreneur,married,high.school,no,no,yes,telephone,may,fri,241,2,999,0,nonexistent,1.1,93.994,-36.4,4.857,5191.0,no
26,services,single,high.school,no,no,no,telephone,may,fri,211,4,999,0,nonexistent,1.1,93.994,-36.4,4.857,5191.0,no
42,self-employed,married,university.degree,no,no,no,telephone,may,fri,493,2,999,0,nonexistent,1.1,93.994,-36.4,4.857,5191.0,no
60,retired,married,high.school,unknown,yes,no,telephone,may,fri,597,6,999,0,nonexistent,1.1,93.994,-36.4,4.857,5191.0,yes
35,student,single,university.degree,unknown,no,yes,telephone,may,fri,107,2,999,0,nonexistent,1.1,93.994,-36.4,4.857,5191.0,no
59,technician,married,professional.course,no,yes,no,telephone,may,fri,1438,2,999,0,nonexistent,1.1,93.994,-36.4,4.857,5191.0,no
43,management,married,high.school,no,no,no,telephone,may,fri,172,3,999,0,nonexistent,1.1,93.994,-36.4,4.857,5191.0,no
47,management,divorced,university.degree,no,yes,no,telephone,may,fri,29,3,999,0,nonexistent,1.1,93.994,-36.4,4.857,5191.0,no
30,blue-collar,single,high.school,no,no,no,telephone,may,fri,76,2,999,0,nonexistent,1.1,93.994,-36.4,4.857,5191.0,no
35,blue-collar,married,basic.4y,no,yes,no,telephone,may,fri,185,4,999,0,nonexistent,1.1,93.994,-36.4,4.857,5191.0,no
31,admin.,single,university.degree,no,yes,no,telephone,may,fri,569,3,999,0,nonexistent,1.1,93.994,-36.4,4.857,5191.0,no
45,blue-collar,married,illiterate,unknown,no,yes,telephone,may,fri,333,2,999,0,nonexistent,1.1,93.994,-36.4,4.857,5191.0,no
60,retired,married,basic.4y,unknown,yes,no,telephone,may,fri,557,2,999,0,nonexistent,1.1,93.994,-36.4,4.857,5191.0,no
56,management,married,unknown,no,yes,no,telephone,may,fri,335,3,999,0,nonexistent,1.1,93.994,-36.4,4.857,5191.0,no
28,services,single,high.school,no,yes,yes,telephone,may,fri,372,3,999,0,nonexistent,1.1,93.994,-36.4,4.857,5191.0,no
29,blue-collar,single,unknown,no,no,no,telephone,may,fri,92,3,999,0,nonexistent,1.1,93.994,-36.4,4.857,5191.0,no
26,blue-collar,single,basic.9y,no,yes,yes,telephone,may,fri,277,2,999,0,nonexistent,1.1,93.994,-36.4,4.857,5191.0,no
35,entrepreneur,married,high.school,no,no,no,telephone,may,fri,178,2,999,0,nonexistent,1.1,93.994,-36.4,4.857,5191.0,no
54,services,single,high.school,unknown,no,no,telephone,may,fri,85,2,999,0,nonexistent,1.1,93.994,-36.4,4.857,5191.0,no
43,blue-collar,married,professional.course,no,no,yes,telephone,may,fri,95,12,999,0,nonexistent,1.1,93.994,-36.4,4.857,5191.0,no
46,blue-collar,married,basic.9y,unknown,no,no,telephone,may,fri,134,10,999,0,nonexistent,1.1,93.994,-36.4,4.857,5191.0,no
37,admin.,single,university.degree,no,yes,yes,telephone,may,fri,138,4,999,0,nonexistent,1.1,93.994,-36.4,4.857,5191.0,no
28,admin.,married,university.degree,no,no,no,telephone,may,fri,63,2,999,0,nonexistent,1.1,93.994,-36.4,4.857,5191.0,no
30,housemaid,married,high.school,unknown,yes,no,telephone,may,fri,67,13,999,0,nonexistent,1.1,93.994,-36.4,4.857,5191.0,no
36,services,married,high.school,no,no,no,telephone,may,fri,77,3,999,0,nonexistent,1.1,93.994,-36.4,4.857,5191.0,no
50,blue-collar,married,basic.4y,no,yes,no,telephone,may,fri,292,2,999,0,nonexistent,1.1,93.994,-36.4,4.857,5191.0,no
37,technician,married,university.degree,unknown,no,no,telephone,may,fri,57,5,999,0,nonexistent,1.1,93.994,-36.4,4.857,5191.0,no
52,blue-collar,married,basic.4y,no,no,no,telephone,may,fri,151,9,999,0,nonexistent,1.1,93.994,-36.4,4.857,5191.0,no
46,blue-collar,married,basic.4y,no,yes,no,telephone,may,fri,1392,2,999,0,nonexistent,1.1,93.994,-36.4,4.857,5191.0,yes
27,services,married,high.school,unknown,no,yes,telephone,may,fri,100,4,999,0,nonexistent,1.1,93.994,-36.4,4.857,5191.0,no
44,blue-collar,married,basic.9y,unknown,no,no,telephone,may,fri,358,2,999,0,nonexistent,1.1,93.994,-36.4,4.857,5191.0,no
31,unemployed,married,professional.course,no,yes,no,telephone,may,fri,298,3,999,0,nonexistent,1.1,93.994,-36.4,4.857,5191.0,no
34,management,married,unknown,no,yes,no,telephone,may,fri,181,16,999,0,nonexistent,1.1,93.994,-36.4,4.857,5191.0,no
56,retired,divorced,basic.4y,no,yes,yes,telephone,may,fri,188,6,999,0,nonexistent,1.1,93.994,-36.4,4.857,5191.0,no
51,admin.,married,basic.9y,no,yes,no,telephone,may,fri,368,5,999,0,nonexistent,1.1,93.994,-36.4,4.857,5191.0,no
36,blue-collar,married,basic.6y,no,no,no,telephone,may,fri,203,5,999,0,nonexistent,1.1,93.994,-36.4,4.857,5191.0,no
39,housemaid,married,high.school,no,yes,no,telephone,may,fri,61,2,999,0,nonexistent,1.1,93.994,-36.4,4.857,5191.0,no
37,blue-collar,married,basic.6y,no,no,yes,telephone,may,fri,297,2,999,0,nonexistent,1.1,93.994,-36.4,4.857,5191.0,no
34,blue-collar,single,basic.9y,no,yes,no,telephone,may,fri,247,3,999,0,nonexistent,1.1,93.994,-36.4,4.857,5191.0,no
33,admin.,married,university.degree,no,no,no,telephone,may,fri,266,2,999,0,nonexistent,1.1,93.994,-36.4,4.857,5191.0,no
32,blue-collar,married,basic.9y,no,no,no,telephone,may,fri,559,3,999,0,nonexistent,1.1,93.994,-36.4,4.857,5191.0,no
35,admin.,married,high.school,unknown,yes,no,telephone,may,fri,162,3,999,0,nonexistent,1.1,93.994,-36.4,4.857,5191.0,no
32,admin.,married,university.degree,no,yes,no,telephone,may,fri,82,3,999,0,nonexistent,1.1,93.994,-36.4,4.857,5191.0,no
36,services,married,high.school,no,yes,no,telephone,may,fri,352,2,999,0,nonexistent,1.1,93.994,-36.4,4.857,5191.0,no
39,technician,single,professional.course,no,no,no,telephone,may,fri,1059,5,999,0,nonexistent,1.1,93.994,-36.4,4.857,5191.0,yes
42,blue-collar,married,unknown,no,no,yes,telephone,may,fri,248,4,999,0,nonexistent,1.1,93.994,-36.4,4.857,5191.0,no
32,management,divorced,basic.4y,unknown,yes,no,telephone,may,fri,259,2,999,0,nonexistent,1.1,93.994,-36.4,4.857,5191.0,no
43,technician,married,professional.course,no,no,yes,telephone,may,fri,703,2,999,0,nonexistent,1.1,93.994,-36.4,4.857,5191.0,no
31,admin.,divorced,high.school,no,no,yes,telephone,may,fri,100,4,999,0,nonexistent,1.1,93.994,-36.4,4.857,5191.0,no
25,blue-collar,married,basic.9y,no,yes,no,telephone,may,fri,348,2,999,0,nonexistent,1.1,93.994,-36.4,4.857,5191.0,no
39,services,married,high.school,no,yes,no,telephone,may,fri,430,6,999,0,nonexistent,1.1,93.994,-36.4,4.857,5191.0,yes
49,technician,married,professional.course,no,no,no,telephone,may,fri,146,6,999,0,nonexistent,1.1,93.994,-36.4,4.857,5191.0,no
53,blue-collar,divorced,basic.4y,no,yes,no,telephone,may,fri,34,2,999,0,nonexistent,1.1,93.994,-36.4,4.857,5191.0,no
26,admin.,single,high.school,no,yes,yes,telephone,may,fri,297,3,999,0,nonexistent,1.1,93.994,-36.4,4.857,5191.0,no
41,technician,married,professional.course,no,no,yes,telephone,may,fri,22,2,999,0,nonexistent,1.1,93.994,-36.4,4.857,5191.0,no
39,blue-collar,divorced,basic.9y,no,no,no,telephone,may,fri,106,3,999,0,nonexistent,1.1,93.994,-36.4,4.857,5191.0,no
33,admin.,divorced,university.degree,no,no,no,telephone,may,fri,465,4,999,0,nonexistent,1.1,93.994,-36.4,4.857,5191.0,no
45,blue-collar,married,basic.9y,unknown,yes,no,telephone,may,fri,104,5,999,0,nonexistent,1.1,93.994,-36.4,4.857,5191.0,no
56,admin.,married,university.degree,unknown,no,no,telephone,may,fri,213,4,999,0,nonexistent,1.1,93.994,-36.4,4.857,5191.0,no
39,housemaid,married,basic.4y,no,no,yes,telephone,may,fri,74,4,999,0,nonexistent,1.1,93.994,-36.4,4.857,5191.0,no
30,blue-collar,single,university.degree,no,no,no,telephone,may,fri,245,4,999,0,nonexistent,1.1,93.994,-36.4,4.857,5191.0,no
28,unknown,single,basic.9y,unknown,yes,no,telephone,may,fri,252,5,999,0,nonexistent,1.1,93.994,-36.4,4.857,5191.0,no
50,admin.,married,high.school,unknown,yes,no,telephone,may,fri,317,4,999,0,nonexistent,1.1,93.994,-36.4,4.857,5191.0,no
44,management,married,university.degree,no,no,yes,telephone,may,fri,93,8,999,0,nonexistent,1.1,93.994,-36.4,4.857,5191.0,no
55,blue-collar,married,basic.4y,unknown,yes,no,telephone,may,fri,116,5,999,0,nonexistent,1.1,93.994,-36.4,4.857,5191.0,no
40,blue-collar,married,basic.4y,no,no,no,telephone,may,fri,283,11,999,0,nonexistent,1.1,93.994,-36.4,4.857,5191.0,no
44,services,married,high.school,no,unknown,unknown,telephone,may,fri,146,4,999,0,nonexistent,1.1,93.994,-36.4,4.857,5191.0,no
27,technician,married,university.degree,no,no,yes,telephone,may,fri,215,4,999,0,nonexistent,1.1,93.994,-36.4,4.857,5191.0,no
56,services,married,high.school,unknown,no,yes,telephone,may,fri,90,3,999,0,nonexistent,1.1,93.994,-36.4,4.857,5191.0,no
31,admin.,divorced,high.school,no,no,no,telephone,may,fri,267,4,999,0,nonexistent,1.1,93.994,-36.4,4.857,5191.0,no
47,management,married,university.degree,no,yes,yes,telephone,may,fri,107,3,999,0,nonexistent,1.1,93.994,-36.4,4.857,5191.0,no
30,admin.,divorced,university.degree,no,no,yes,telephone,may,fri,164,3,999,0,nonexistent,1.1,93.994,-36.4,4.857,5191.0,no
37,services,married,high.school,no,no,no,telephone,may,fri,427,2,999,0,nonexistent,1.1,93.994,-36.4,4.857,5191.0,no
36,services,single,basic.6y,unknown,yes,no,telephone,may,fri,1222,5,999,0,nonexistent,1.1,93.994,-36.4,4.857,5191.0,no
33,services,single,basic.9y,no,no,yes,telephone,may,fri,426,9,999,0,nonexistent,1.1,93.994,-36.4,4.857,5191.0,no
38,technician,married,professional.course,no,yes,yes,telephone,may,fri,456,4,999,0,nonexistent,1.1,93.994,-36.4,4.857,5191.0,no
29,self-employed,married,basic.9y,unknown,yes,no,telephone,may,fri,40,7,999,0,nonexistent,1.1,93.994,-36.4,4.857,5191.0,no
46,admin.,single,university.degree,no,no,yes,telephone,may,fri,105,4,999,0,nonexistent,1.1,93.994,-36.4,4.857,5191.0,no
50,blue-collar,married,basic.9y,unknown,yes,no,telephone,may,fri,98,17,999,0,nonexistent,1.1,93.994,-36.4,4.857,5191.0,no
57,technician,married,professional.course,no,no,no,telephone,may,fri,27,7,999,0,nonexistent,1.1,93.994,-36.4,4.857,5191.0,no
33,self-employed,married,basic.9y,no,no,no,telephone,may,fri,100,4,999,0,nonexistent,1.1,93.994,-36.4,4.857,5191.0,no
32,management,married,university.degree,no,no,no,telephone,may,fri,159,3,999,0,nonexistent,1.1,93.994,-36.4,4.857,5191.0,no
38,blue-collar,single,basic.6y,no,yes,no,telephone,may,fri,331,6,999,0,nonexistent,1.1,93.994,-36.4,4.857,5191.0,no
37,admin.,single,high.school,unknown,yes,no,telephone,may,fri,159,5,999,0,nonexistent,1.1,93.994,-36.4,4.857,5191.0,no
42,housemaid,married,professional.course,no,yes,no,telephone,may,mon,117,2,999,0,nonexistent,1.1,93.994,-36.4,4.857,5191.0,no
35,blue-collar,married,unknown,no,yes,no,telephone,may,mon,85,2,999,0,nonexistent,1.1,93.994,-36.4,4.857,5191.0,no
49,technician,married,basic.9y,no,yes,no,telephone,may,mon,146,6,999,0,nonexistent,1.1,93.994,-36.4,4.857,5191.0,no
30,self-employed,married,professional.course,no,no,no,telephone,may,mon,260,5,999,0,nonexistent,1.1,93.994,-36.4,4.857,5191.0,no
35,blue-collar,married,high.school,no,yes,no,telephone,may,mon,193,1,999,0,nonexistent,1.1,93.994,-36.4,4.857,5191.0,no
40,technician,married,professional.course,no,yes,no,telephone,may,mon,373,2,999,0,nonexistent,1.1,93.994,-36.4,4.857,5191.0,no
42,admin.,married,university.degree,no,no,no,telephone,may,mon,336,1,999,0,nonexistent,1.1,93.994,-36.4,4.857,5191.0,no
51,blue-collar,married,high.school,no,yes,no,telephone,may,mon,200,2,999,0,nonexistent,1.1,93.994,-36.4,4.857,5191.0,no
49,admin.,single,high.school,no,no,no,telephone,may,mon,501,2,999,0,nonexistent,1.1,93.994,-36.4,4.857,5191.0,no
48,admin.,single,university.degree,no,no,no,telephone,may,mon,80,1,999,0,nonexistent,1.1,93.994,-36.4,4.857,5191.0,no
46,blue-collar,married,unknown,no,yes,no,telephone,may,mon,299,1,999,0,nonexistent,1.1,93.994,-36.4,4.857,5191.0,no
29,services,single,high.school,no,no,no,telephone,may,mon,207,1,999,0,nonexistent,1.1,93.994,-36.4,4.857,5191.0,no
44,technician,married,university.degree,no,no,no,telephone,may,mon,125,1,999,0,nonexistent,1.1,93.994,-36.4,4.857,5191.0,no
41,self-employed,married,high.school,no,no,no,telephone,may,mon,237,1,999,0,nonexistent,1.1,93.994,-36.4,4.857,5191.0,no
28,self-employed,married,professional.course,no,no,no,telephone,may,mon,185,5,999,0,nonexistent,1.1,93.994,-36.4,4.857,5191.0,no
42,technician,single,high.school,no,no,no,telephone,may,mon,224,1,999,0,nonexistent,1.1,93.994,-36.4,4.857,5191.0,no
38,blue-collar,married,unknown,no,yes,no,telephone,may,mon,183,1,999,0,nonexistent,1.1,93.994,-36.4,4.857,5191.0,no
41,blue-collar,divorced,basic.4y,unknown,yes,no,telephone,may,mon,63,1,999,0,nonexistent,1.1,93.994,-36.4,4.857,5191.0,no
43,services,married,high.school,no,yes,no,telephone,may,mon,312,1,999,0,nonexistent,1.1,93.994,-36.4,4.857,5191.0,no
47,blue-collar,married,basic.4y,unknown,yes,no,telephone,may,mon,897,5,999,0,nonexistent,1.1,93.994,-36.4,4.857,5191.0,no
47,admin.,divorced,university.degree,no,no,no,telephone,may,mon,168,1,999,0,nonexistent,1.1,93.994,-36.4,4.857,5191.0,no
42,admin.,married,basic.4y,no,no,no,telephone,may,mon,322,1,999,0,nonexistent,1.1,93.994,-36.4,4.857,5191.0,no
52,blue-collar,married,basic.9y,unknown,yes,no,telephone,may,mon,317,1,999,0,nonexistent,1.1,93.994,-36.4,4.857,5191.0,no
33,admin.,married,basic.9y,no,no,no,telephone,may,mon,511,1,999,0,nonexistent,1.1,93.994,-36.4,4.857,5191.0,no
26,blue-collar,married,basic.9y,no,yes,no,telephone,may,mon,161,3,999,0,nonexistent,1.1,93.994,-36.4,4.857,5191.0,no
35,services,married,high.school,no,yes,no,telephone,may,mon,368,6,999,0,nonexistent,1.1,93.994,-36.4,4.857,5191.0,no
39,entrepreneur,married,university.degree,no,yes,no,telephone,may,mon,247,1,999,0,nonexistent,1.1,93.994,-36.4,4.857,5191.0,no
46,self-employed,married,basic.9y,unknown,yes,yes,telephone,may,mon,88,1,999,0,nonexistent,1.1,93.994,-36.4,4.857,5191.0,no
48,self-employed,married,basic.9y,unknown,no,no,telephone,may,mon,31,1,999,0,nonexistent,1.1,93.994,-36.4,4.857,5191.0,no
52,services,divorced,high.school,no,no,no,telephone,may,mon,142,3,999,0,nonexistent,1.1,93.994,-36.4,4.857,5191.0,no
44,admin.,single,university.degree,no,yes,no,telephone,may,mon,158,7,999,0,nonexistent,1.1,93.994,-36.4,4.857,5191.0,no
36,services,single,basic.9y,no,yes,yes,telephone,may,mon,129,3,999,0,nonexistent,1.1,93.994,-36.4,4.857,5191.0,no
30,blue-collar,married,high.school,no,no,no,telephone,may,mon,122,4,999,0,nonexistent,1.1,93.994,-36.4,4.857,5191.0,no
41,technician,married,basic.9y,no,no,no,telephone,may,mon,180,2,999,0,nonexistent,1.1,93.994,-36.4,4.857,5191.0,no
32,services,single,basic.9y,no,yes,no,telephone,may,mon,329,1,999,0,nonexistent,1.1,93.994,-36.4,4.857,5191.0,no
42,entrepreneur,married,basic.6y,no,no,no,telephone,may,mon,204,1,999,0,nonexistent,1.1,93.994,-36.4,4.857,5191.0,no
44,blue-collar,married,basic.4y,unknown,yes,no,telephone,may,mon,181,1,999,0,nonexistent,1.1,93.994,-36.4,4.857,5191.0,no
32,blue-collar,divorced,basic.9y,unknown,yes,no,telephone,may,mon,460,1,999,0,nonexistent,1.1,93.994,-36.4,4.857,5191.0,no
55,admin.,married,high.school,no,yes,yes,telephone,may,mon,437,1,999,0,nonexistent,1.1,93.994,-36.4,4.857,5191.0,no
33,services,married,professional.course,no,no,no,telephone,may,mon,76,2,999,0,nonexistent,1.1,93.994,-36.4,4.857,5191.0,no
42,admin.,single,university.degree,no,yes,no,telephone,may,mon,422,5,999,0,nonexistent,1.1,93.994,-36.4,4.857,5191.0,no
32,entrepreneur,married,high.school,unknown,yes,no,telephone,may,mon,109,1,999,0,nonexistent,1.1,93.994,-36.4,4.857,5191.0,no
41,blue-collar,married,basic.9y,unknown,yes,no,telephone,may,mon,581,1,999,0,nonexistent,1.1,93.994,-36.4,4.857,5191.0,no
50,entrepreneur,divorced,university.degree,no,yes,no,telephone,may,mon,131,2,999,0,nonexistent,1.1,93.994,-36.4,4.857,5191.0,no
42,services,married,unknown,no,no,no,telephone,may,mon,50,2,999,0,nonexistent,1.1,93.994,-36.4,4.857,5191.0,no
42,admin.,divorced,university.degree,no,yes,no,telephone,may,mon,130,1,999,0,nonexistent,1.1,93.994,-36.4,4.857,5191.0,no
47,technician,married,professional.course,unknown,no,no,telephone,may,mon,194,1,999,0,nonexistent,1.1,93.994,-36.4,4.857,5191.0,no
36,management,married,university.degree,no,yes,no,telephone,may,mon,165,1,999,0,nonexistent,1.1,93.994,-36.4,4.857,5191.0,no
34,blue-collar,married,basic.4y,no,yes,no,telephone,may,mon,80,1,999,0,nonexistent,1.1,93.994,-36.4,4.857,5191.0,no
27,unemployed,married,high.school,no,yes,yes,telephone,may,mon,470,1,999,0,nonexistent,1.1,93.994,-36.4,4.857,5191.0,no
44,blue-collar,married,basic.4y,no,no,no,telephone,may,mon,281,1,999,0,nonexistent,1.1,93.994,-36.4,4.857,5191.0,no
44,services,married,high.school,no,yes,yes,telephone,may,mon,391,1,999,0,nonexistent,1.1,93.994,-36.4,4.857,5191.0,no
33,blue-collar,single,basic.9y,unknown,no,yes,telephone,may,mon,788,11,999,0,nonexistent,1.1,93.994,-36.4,4.857,5191.0,yes
38,technician,married,professional.course,unknown,yes,no,telephone,may,mon,210,1,999,0,nonexistent,1.1,93.994,-36.4,4.857,5191.0,no
28,admin.,married,high.school,no,unknown,unknown,telephone,may,mon,367,4,999,0,nonexistent,1.1,93.994,-36.4,4.857,5191.0,no
39,entrepreneur,married,basic.6y,unknown,yes,yes,telephone,may,mon,107,2,999,0,nonexistent,1.1,93.994,-36.4,4.857,5191.0,no
51,admin.,divorced,basic.9y,unknown,yes,no,telephone,may,mon,135,1,999,0,nonexistent,1.1,93.994,-36.4,4.857,5191.0,no
38,blue-collar,married,basic.6y,unknown,no,no,telephone,may,mon,85,1,999,0,nonexistent,1.1,93.994,-36.4,4.857,5191.0,no
39,management,divorced,university.degree,no,no,no,telephone,may,mon,290,2,999,0,nonexistent,1.1,93.994,-36.4,4.857,5191.0,no
41,admin.,single,high.school,no,no,no,telephone,may,mon,76,1,999,0,nonexistent,1.1,93.994,-36.4,4.857,5191.0,no
41,admin.,single,high.school,no,no,yes,telephone,may,mon,111,1,999,0,nonexistent,1.1,93.994,-36.4,4.857,5191.0,no
41,admin.,single,high.school,no,no,no,telephone,may,mon,168,1,999,0,nonexistent,1.1,93.994,-36.4,4.857,5191.0,no
44,blue-collar,married,basic.9y,unknown,no,no,telephone,may,mon,109,1,999,0,nonexistent,1.1,93.994,-36.4,4.857,5191.0,no
44,blue-collar,married,basic.9y,unknown,no,no,telephone,may,mon,219,1,999,0,nonexistent,1.1,93.994,-36.4,4.857,5191.0,no
39,admin.,married,university.degree,no,yes,no,telephone,may,mon,14,32,999,0,nonexistent,1.1,93.994,-36.4,4.857,5191.0,no
46,admin.,married,unknown,unknown,no,no,telephone,may,mon,285,1,999,0,nonexistent,1.1,93.994,-36.4,4.857,5191.0,no
36,technician,married,high.school,no,yes,no,telephone,may,mon,262,1,999,0,nonexistent,1.1,93.994,-36.4,4.857,5191.0,no
44,admin.,married,high.school,no,yes,no,telephone,may,mon,96,2,999,0,nonexistent,1.1,93.994,-36.4,4.857,5191.0,no
45,housemaid,married,professional.course,unknown,no,no,telephone,may,mon,166,2,999,0,nonexistent,1.1,93.994,-36.4,4.857,5191.0,no
44,admin.,married,high.school,no,yes,yes,telephone,may,mon,483,1,999,0,nonexistent,1.1,93.994,-36.4,4.857,5191.0,no
44,management,divorced,basic.9y,unknown,no,no,telephone,may,mon,129,1,999,0,nonexistent,1.1,93.994,-36.4,4.857,5191.0,no
42,housemaid,married,basic.4y,no,yes,no,telephone,may,mon,130,1,999,0,nonexistent,1.1,93.994,-36.4,4.857,5191.0,no
44,technician,married,professional.course,no,no,no,telephone,may,mon,754,1,999,0,nonexistent,1.1,93.994,-36.4,4.857,5191.0,no
59,retired,divorced,professional.course,no,no,no,telephone,may,mon,113,1,999,0,nonexistent,1.1,93.994,-36.4,4.857,5191.0,no
42,housemaid,married,basic.4y,no,yes,no,telephone,may,mon,364,1,999,0,nonexistent,1.1,93.994,-36.4,4.857,5191.0,no
32,admin.,single,university.degree,unknown,yes,no,telephone,may,mon,258,1,999,0,nonexistent,1.1,93.994,-36.4,4.857,5191.0,no
36,admin.,married,university.degree,no,no,no,telephone,may,mon,227,1,999,0,nonexistent,1.1,93.994,-36.4,4.857,5191.0,no
37,admin.,married,university.degree,no,no,no,telephone,may,mon,172,1,999,0,nonexistent,1.1,93.994,-36.4,4.857,5191.0,no
45,blue-collar,married,basic.4y,no,no,no,telephone,may,mon,164,1,999,0,nonexistent,1.1,93.994,-36.4,4.857,5191.0,no
54,housemaid,divorced,unknown,no,no,no,telephone,may,mon,167,1,999,0,nonexistent,1.1,93.994,-36.4,4.857,5191.0,no
46,management,married,university.degree,no,no,no,telephone,may,mon,103,1,999,0,nonexistent,1.1,93.994,-36.4,4.857,5191.0,no
39,blue-collar,single,unknown,unknown,no,no,telephone,may,mon,168,1,999,0,nonexistent,1.1,93.994,-36.4,4.857,5191.0,no
39,blue-collar,married,basic.6y,no,yes,no,telephone,may,mon,297,1,999,0,nonexistent,1.1,93.994,-36.4,4.857,5191.0,no
48,technician,single,unknown,no,unknown,unknown,telephone,may,mon,317,1,999,0,nonexistent,1.1,93.994,-36.4,4.857,5191.0,no
35,technician,single,high.school,no,no,no,telephone,may,mon,388,1,999,0,nonexistent,1.1,93.994,-36.4,4.857,5191.0,no
41,blue-collar,married,basic.9y,unknown,no,no,telephone,may,mon,62,1,999,0,nonexistent,1.1,93.994,-36.4,4.857,5191.0,no
37,services,married,high.school,no,no,no,telephone,may,mon,63,1,999,0,nonexistent,1.1,93.994,-36.4,4.857,5191.0,no
37,services,married,high.school,no,yes,no,telephone,may,mon,149,1,999,0,nonexistent,1.1,93.994,-36.4,4.857,5191.0,no
40,services,married,high.school,no,yes,no,telephone,may,mon,161,3,999,0,nonexistent,1.1,93.994,-36.4,4.857,5191.0,no
34,admin.,married,university.degree,no,no,yes,telephone,may,mon,165,2,999,0,nonexistent,1.1,93.994,-36.4,4.857,5191.0,no
41,unknown,single,basic.9y,no,no,yes,telephone,may,mon,369,1,999,0,nonexistent,1.1,93.994,-36.4,4.857,5191.0,no
38,technician,married,basic.9y,no,yes,no,telephone,may,mon,170,2,999,0,nonexistent,1.1,93.994,-36.4,4.857,5191.0,no
43,admin.,divorced,high.school,no,no,no,telephone,may,mon,974,1,999,0,nonexistent,1.1,93.994,-36.4,4.857,5191.0,no
51,blue-collar,married,basic.6y,unknown,unknown,unknown,telephone,may,mon,167,1,999,0,nonexistent,1.1,93.994,-36.4,4.857,5191.0,no
37,admin.,married,high.school,unknown,no,no,telephone,may,mon,74,1,999,0,nonexistent,1.1,93.994,-36.4,4.857,5191.0,no
33,admin.,married,university.degree,no,no,no,telephone,may,mon,96,1,999,0,nonexistent,1.1,93.994,-36.4,4.857,5191.0,no
30,admin.,single,university.degree,no,yes,no,telephone,may,mon,140,2,999,0,nonexistent,1.1,93.994,-36.4,4.857,5191.0,no
51,blue-collar,married,basic.6y,unknown,yes,no,telephone,may,mon,396,1,999,0,nonexistent,1.1,93.994,-36.4,4.857,5191.0,no
24,admin.,married,high.school,no,no,yes,telephone,may,mon,61,1,999,0,nonexistent,1.1,93.994,-36.4,4.857,5191.0,no
37,technician,married,university.degree,unknown,yes,no,telephone,may,mon,351,1,999,0,nonexistent,1.1,93.994,-36.4,4.857,5191.0,no
32,services,married,basic.9y,no,yes,no,telephone,may,mon,262,2,999,0,nonexistent,1.1,93.994,-36.4,4.857,5191.0,no
38,admin.,married,university.degree,no,no,yes,telephone,may,mon,206,1,999,0,nonexistent,1.1,93.994,-36.4,4.857,5191.0,no
50,services,married,high.school,no,yes,no,telephone,may,mon,248,1,999,0,nonexistent,1.1,93.994,-36.4,4.857,5191.0,no
45,services,divorced,high.school,unknown,no,no,telephone,may,mon,166,12,999,0,nonexistent,1.1,93.994,-36.4,4.857,5191.0,no
56,blue-collar,married,professional.course,no,yes,no,telephone,may,mon,621,4,999,0,nonexistent,1.1,93.994,-36.4,4.857,5191.0,yes
45,admin.,married,basic.9y,no,no,no,telephone,may,mon,367,2,999,0,nonexistent,1.1,93.994,-36.4,4.857,5191.0,no
46,admin.,divorced,university.degree,no,yes,no,telephone,may,mon,115,1,999,0,nonexistent,1.1,93.994,-36.4,4.857,5191.0,no
40,admin.,married,university.degree,unknown,no,yes,telephone,may,mon,61,1,999,0,nonexistent,1.1,93.994,-36.4,4.857,5191.0,no
40,admin.,married,university.degree,unknown,yes,no,telephone,may,mon,142,1,999,0,nonexistent,1.1,93.994,-36.4,4.857,5191.0,no
58,admin.,single,university.degree,no,no,no,telephone,may,mon,543,2,999,0,nonexistent,1.1,93.994,-36.4,4.857,5191.0,yes
50,blue-collar,married,basic.4y,unknown,yes,no,telephone,may,mon,133,1,999,0,nonexistent,1.1,93.994,-36.4,4.857,5191.0,no
44,blue-collar,single,basic.9y,unknown,no,no,telephone,may,mon,52,1,999,0,nonexistent,1.1,93.994,-36.4,4.857,5191.0,no
40,admin.,married,university.degree,unknown,no,no,telephone,may,mon,377,1,999,0,nonexistent,1.1,93.994,-36.4,4.857,5191.0,no
43,services,married,high.school,no,no,no,telephone,may,mon,77,1,999,0,nonexistent,1.1,93.994,-36.4,4.857,5191.0,no
28,services,single,high.school,no,no,yes,telephone,may,mon,200,1,999,0,nonexistent,1.1,93.994,-36.4,4.857,5191.0,no
37,blue-collar,married,basic.4y,unknown,no,no,telephone,may,mon,296,1,999,0,nonexistent,1.1,93.994,-36.4,4.857,5191.0,no
30,services,married,high.school,unknown,yes,no,telephone,may,mon,144,1,999,0,nonexistent,1.1,93.994,-36.4,4.857,5191.0,no
36,entrepreneur,married,university.degree,unknown,yes,yes,telephone,may,mon,473,5,999,0,nonexistent,1.1,93.994,-36.4,4.857,5191.0,no
29,technician,married,university.degree,no,yes,no,telephone,may,mon,90,4,999,0,nonexistent,1.1,93.994,-36.4,4.857,5191.0,no
44,services,divorced,high.school,no,no,no,telephone,may,mon,470,1,999,0,nonexistent,1.1,93.994,-36.4,4.857,5191.0,no
30,admin.,married,high.school,no,no,no,telephone,may,mon,302,1,999,0,nonexistent,1.1,93.994,-36.4,4.857,5191.0,no
26,services,divorced,basic.6y,no,no,yes,telephone,may,mon,81,8,999,0,nonexistent,1.1,93.994,-36.4,4.857,5191.0,no
43,blue-collar,single,basic.4y,unknown,yes,no,telephone,may,mon,225,1,999,0,nonexistent,1.1,93.994,-36.4,4.857,5191.0,no
29,technician,married,unknown,no,yes,no,telephone,may,mon,252,2,999,0,nonexistent,1.1,93.994,-36.4,4.857,5191.0,no
34,services,divorced,basic.9y,unknown,no,yes,telephone,may,mon,202,2,999,0,nonexistent,1.1,93.994,-36.4,4.857,5191.0,no
47,technician,married,professional.course,unknown,no,yes,telephone,may,mon,68,1,999,0,nonexistent,1.1,93.994,-36.4,4.857,5191.0,no
39,technician,single,high.school,no,yes,no,telephone,may,mon,247,1,999,0,nonexistent,1.1,93.994,-36.4,4.857,5191.0,no
29,student,single,high.school,no,no,yes,telephone,may,mon,630,1,999,0,nonexistent,1.1,93.994,-36.4,4.857,5191.0,yes
32,admin.,single,professional.course,no,yes,no,telephone,may,mon,16,11,999,0,nonexistent,1.1,93.994,-36.4,4.857,5191.0,no
41,admin.,married,high.school,no,no,yes,telephone,may,mon,863,1,999,0,nonexistent,1.1,93.994,-36.4,4.857,5191.0,no
36,blue-collar,married,basic.9y,unknown,yes,no,telephone,may,mon,131,4,999,0,nonexistent,1.1,93.994,-36.4,4.857,5191.0,no
38,admin.,married,high.school,unknown,yes,no,telephone,may,mon,265,9,999,0,nonexistent,1.1,93.994,-36.4,4.857,5191.0,no
39,admin.,married,university.degree,no,no,no,telephone,may,mon,104,1,999,0,nonexistent,1.1,93.994,-36.4,4.857,5191.0,no
57,blue-collar,married,basic.4y,unknown,no,no,telephone,may,mon,80,2,999,0,nonexistent,1.1,93.994,-36.4,4.857,5191.0,no
36,blue-collar,single,high.school,unknown,no,no,telephone,may,mon,90,2,999,0,nonexistent,1.1,93.994,-36.4,4.857,5191.0,no
44,blue-collar,married,high.school,no,yes,no,telephone,may,mon,592,4,999,0,nonexistent,1.1,93.994,-36.4,4.857,5191.0,no
36,housemaid,married,basic.4y,no,no,no,telephone,may,mon,85,1,999,0,nonexistent,1.1,93.994,-36.4,4.857,5191.0,no
24,services,married,professional.course,no,yes,no,telephone,may,mon,153,3,999,0,nonexistent,1.1,93.994,-36.4,4.857,5191.0,no
48,technician,married,basic.4y,unknown,yes,yes,telephone,may,mon,207,2,999,0,nonexistent,1.1,93.994,-36.4,4.857,5191.0,no
44,technician,single,unknown,unknown,yes,no,telephone,may,mon,440,1,999,0,nonexistent,1.1,93.994,-36.4,4.857,5191.0,no
35,student,single,high.school,no,yes,yes,telephone,may,mon,127,1,999,0,nonexistent,1.1,93.994,-36.4,4.857,5191.0,no
41,services,married,high.school,unknown,yes,no,telephone,may,mon,679,2,999,0,nonexistent,1.1,93.994,-36.4,4.857,5191.0,yes
38,housemaid,divorced,high.school,unknown,yes,no,telephone,may,mon,204,1,999,0,nonexistent,1.1,93.994,-36.4,4.857,5191.0,no
47,unknown,married,unknown,unknown,yes,no,telephone,may,mon,269,1,999,0,nonexistent,1.1,93.994,-36.4,4.857,5191.0,no
40,admin.,single,university.degree,no,yes,yes,telephone,may,mon,190,2,999,0,nonexistent,1.1,93.994,-36.4,4.857,5191.0,no
32,admin.,single,university.degree,no,no,no,telephone,may,mon,112,1,999,0,nonexistent,1.1,93.994,-36.4,4.857,5191.0,no
53,services,married,high.school,unknown,yes,no,telephone,may,mon,107,1,999,0,nonexistent,1.1,93.994,-36.4,4.857,5191.0,no
26,admin.,single,high.school,no,yes,no,telephone,may,mon,130,1,999,0,nonexistent,1.1,93.994,-36.4,4.857,5191.0,no
56,retired,married,high.school,no,yes,no,telephone,may,mon,167,3,999,0,nonexistent,1.1,93.994,-36.4,4.857,5191.0,no
30,services,married,high.school,unknown,no,no,telephone,may,mon,314,2,999,0,nonexistent,1.1,93.994,-36.4,4.857,5191.0,no
56,retired,married,high.school,unknown,yes,yes,telephone,may,mon,77,1,999,0,nonexistent,1.1,93.994,-36.4,4.857,5191.0,no
38,technician,married,professional.course,unknown,no,no,telephone,may,mon,407,2,999,0,nonexistent,1.1,93.994,-36.4,4.857,5191.0,no
56,blue-collar,married,basic.4y,unknown,no,no,telephone,may,mon,136,1,999,0,nonexistent,1.1,93.994,-36.4,4.857,5191.0,no
47,blue-collar,married,basic.4y,unknown,yes,no,telephone,may,mon,162,2,999,0,nonexistent,1.1,93.994,-36.4,4.857,5191.0,no
42,blue-collar,married,basic.4y,unknown,yes,yes,telephone,may,mon,105,1,999,0,nonexistent,1.1,93.994,-36.4,4.857,5191.0,no
54,retired,married,basic.9y,no,no,yes,telephone,may,mon,596,1,999,0,nonexistent,1.1,93.994,-36.4,4.857,5191.0,no
43,management,married,professional.course,no,yes,no,telephone,may,mon,134,1,999,0,nonexistent,1.1,93.994,-36.4,4.857,5191.0,no
28,admin.,single,university.degree,no,no,no,telephone,may,mon,108,1,999,0,nonexistent,1.1,93.994,-36.4,4.857,5191.0,no
31,blue-collar,married,basic.6y,unknown,yes,yes,telephone,may,mon,161,1,999,0,nonexistent,1.1,93.994,-36.4,4.857,5191.0,no
44,blue-collar,single,high.school,no,no,yes,telephone,may,mon,65,1,999,0,nonexistent,1.1,93.994,-36.4,4.857,5191.0,no
59,retired,married,unknown,unknown,no,no,telephone,may,mon,188,1,999,0,nonexistent,1.1,93.994,-36.4,4.857,5191.0,no
58,management,married,university.degree,no,no,yes,telephone,may,mon,312,1,999,0,nonexistent,1.1,93.994,-36.4,4.857,5191.0,no
31,admin.,single,university.degree,no,no,no,telephone,may,mon,237,1,999,0,nonexistent,1.1,93.994,-36.4,4.857,5191.0,no
37,admin.,married,basic.6y,no,no,no,telephone,may,mon,130,1,999,0,nonexistent,1.1,93.994,-36.4,4.857,5191.0,no
52,entrepreneur,divorced,high.school,no,no,no,telephone,may,mon,314,2,999,0,nonexistent,1.1,93.994,-36.4,4.857,5191.0,no
36,technician,married,professional.course,no,no,no,telephone,may,mon,175,2,999,0,nonexistent,1.1,93.994,-36.4,4.857,5191.0,no
41,services,married,basic.6y,unknown,yes,no,telephone,may,mon,150,2,999,0,nonexistent,1.1,93.994,-36.4,4.857,5191.0,no
41,management,divorced,basic.9y,no,yes,yes,telephone,may,mon,240,2,999,0,nonexistent,1.1,93.994,-36.4,4.857,5191.0,no
26,admin.,single,high.school,no,yes,no,telephone,may,mon,109,7,999,0,nonexistent,1.1,93.994,-36.4,4.857,5191.0,no
38,admin.,single,university.degree,no,no,no,telephone,may,mon,243,6,999,0,nonexistent,1.1,93.994,-36.4,4.857,5191.0,no
44,unemployed,married,basic.6y,no,yes,yes,telephone,may,mon,536,1,999,0,nonexistent,1.1,93.994,-36.4,4.857,5191.0,no
28,blue-collar,single,basic.9y,no,yes,no,telephone,may,mon,120,1,999,0,nonexistent,1.1,93.994,-36.4,4.857,5191.0,no
24,blue-collar,single,high.school,no,unknown,unknown,telephone,may,mon,70,3,999,0,nonexistent,1.1,93.994,-36.4,4.857,5191.0,no
51,services,single,high.school,unknown,no,no,telephone,may,mon,45,4,999,0,nonexistent,1.1,93.994,-36.4,4.857,5191.0,no
50,entrepreneur,married,basic.9y,no,yes,no,telephone,may,mon,215,2,999,0,nonexistent,1.1,93.994,-36.4,4.857,5191.0,no
57,management,divorced,university.degree,no,no,no,telephone,may,mon,222,2,999,0,nonexistent,1.1,93.994,-36.4,4.857,5191.0,no
28,blue-collar,single,basic.9y,no,no,no,telephone,may,mon,404,1,999,0,nonexistent,1.1,93.994,-36.4,4.857,5191.0,no
58,admin.,single,university.degree,no,no,no,telephone,may,mon,1234,3,999,0,nonexistent,1.1,93.994,-36.4,4.857,5191.0,yes
50,blue-collar,single,basic.4y,no,yes,no,telephone,may,mon,306,3,999,0,nonexistent,1.1,93.994,-36.4,4.857,5191.0,no
57,admin.,married,university.degree,unknown,yes,no,telephone,may,mon,506,2,999,0,nonexistent,1.1,93.994,-36.4,4.857,5191.0,no
30,admin.,single,university.degree,no,yes,no,telephone,may,mon,255,1,999,0,nonexistent,1.1,93.994,-36.4,4.857,5191.0,no
43,entrepreneur,married,high.school,no,no,yes,telephone,may,mon,127,2,999,0,nonexistent,1.1,93.994,-36.4,4.857,5191.0,no
39,admin.,single,university.degree,no,no,no,telephone,may,mon,140,2,999,0,nonexistent,1.1,93.994,-36.4,4.857,5191.0,no
39,admin.,married,high.school,no,no,no,telephone,may,mon,200,2,999,0,nonexistent,1.1,93.994,-36.4,4.857,5191.0,no
43,entrepreneur,married,high.school,no,yes,yes,telephone,may,mon,642,2,999,0,nonexistent,1.1,93.994,-36.4,4.857,5191.0,yes
43,blue-collar,single,basic.4y,unknown,yes,no,telephone,may,mon,181,2,999,0,nonexistent,1.1,93.994,-36.4,4.857,5191.0,no
36,admin.,married,university.degree,no,yes,no,telephone,may,mon,127,2,999,0,nonexistent,1.1,93.994,-36.4,4.857,5191.0,no
33,services,single,basic.6y,unknown,no,no,telephone,may,mon,916,2,999,0,nonexistent,1.1,93.994,-36.4,4.857,5191.0,no
31,blue-collar,married,basic.9y,no,yes,yes,telephone,may,mon,629,2,999,0,nonexistent,1.1,93.994,-36.4,4.857,5191.0,no
43,blue-collar,married,basic.4y,no,yes,no,telephone,may,mon,155,6,999,0,nonexistent,1.1,93.994,-36.4,4.857,5191.0,no
46,technician,married,professional.course,no,no,no,telephone,may,mon,290,2,999,0,nonexistent,1.1,93.994,-36.4,4.857,5191.0,no
45,blue-collar,married,basic.9y,no,no,no,telephone,may,mon,159,3,999,0,nonexistent,1.1,93.994,-36.4,4.857,5191.0,no
30,admin.,married,high.school,no,no,no,telephone,may,mon,111,1,999,0,nonexistent,1.1,93.994,-36.4,4.857,5191.0,no
41,unemployed,married,university.degree,unknown,no,no,telephone,may,mon,729,2,999,0,nonexistent,1.1,93.994,-36.4,4.857,5191.0,no
46,admin.,single,high.school,no,no,no,telephone,may,mon,218,2,999,0,nonexistent,1.1,93.994,-36.4,4.857,5191.0,no
43,entrepreneur,divorced,high.school,unknown,yes,no,telephone,may,mon,250,3,999,0,nonexistent,1.1,93.994,-36.4,4.857,5191.0,no
49,technician,married,university.degree,no,no,no,telephone,may,mon,107,3,999,0,nonexistent,1.1,93.994,-36.4,4.857,5191.0,no
38,technician,single,high.school,no,yes,no,telephone,may,mon,272,6,999,0,nonexistent,1.1,93.994,-36.4,4.857,5191.0,no
58,admin.,married,high.school,no,yes,no,telephone,may,mon,574,3,999,0,nonexistent,1.1,93.994,-36.4,4.857,5191.0,no
33,technician,divorced,professional.course,no,no,no,telephone,may,mon,133,3,999,0,nonexistent,1.1,93.994,-36.4,4.857,5191.0,no
31,management,single,high.school,no,no,no,telephone,may,mon,114,3,999,0,nonexistent,1.1,93.994,-36.4,4.857,5191.0,no
58,retired,married,basic.6y,unknown,no,no,telephone,may,mon,268,3,999,0,nonexistent,1.1,93.994,-36.4,4.857,5191.0,no
35,admin.,married,high.school,no,no,yes,telephone,may,mon,208,3,999,0,nonexistent,1.1,93.994,-36.4,4.857,5191.0,no
41,unemployed,married,basic.9y,unknown,yes,yes,telephone,may,mon,895,4,999,0,nonexistent,1.1,93.994,-36.4,4.857,5191.0,yes
34,blue-collar,married,basic.6y,no,no,yes,telephone,may,mon,99,3,999,0,nonexistent,1.1,93.994,-36.4,4.857,5191.0,no
30,technician,single,university.degree,no,no,no,telephone,may,mon,293,4,999,0,nonexistent,1.1,93.994,-36.4,4.857,5191.0,no
40,technician,married,professional.course,no,yes,no,telephone,may,mon,68,3,999,0,nonexistent,1.1,93.994,-36.4,4.857,5191.0,no
37,housemaid,married,high.school,no,yes,no,telephone,may,mon,124,2,999,0,nonexistent,1.1,93.994,-36.4,4.857,5191.0,no
41,admin.,single,high.school,unknown,yes,no,telephone,may,mon,519,2,999,0,nonexistent,1.1,93.994,-36.4,4.857,5191.0,no
40,blue-collar,married,high.school,no,no,yes,telephone,may,mon,150,1,999,0,nonexistent,1.1,93.994,-36.4,4.857,5191.0,no
42,technician,single,basic.9y,no,no,no,telephone,may,mon,504,2,999,0,nonexistent,1.1,93.994,-36.4,4.857,5191.0,no
42,blue-collar,married,unknown,no,yes,no,telephone,may,mon,175,1,999,0,nonexistent,1.1,93.994,-36.4,4.857,5191.0,no
44,management,married,university.degree,unknown,yes,no,telephone,may,mon,289,1,999,0,nonexistent,1.1,93.994,-36.4,4.857,5191.0,no
41,admin.,married,high.school,no,no,yes,telephone,may,mon,16,1,999,0,nonexistent,1.1,93.994,-36.4,4.857,5191.0,no
31,management,married,university.degree,no,no,no,telephone,may,mon,100,8,999,0,nonexistent,1.1,93.994,-36.4,4.857,5191.0,no
29,admin.,single,high.school,no,no,yes,telephone,may,mon,321,1,999,0,nonexistent,1.1,93.994,-36.4,4.857,5191.0,no
41,entrepreneur,married,university.degree,unknown,yes,no,telephone,may,mon,239,3,999,0,nonexistent,1.1,93.994,-36.4,4.857,5191.0,no
33,technician,married,professional.course,no,no,no,telephone,may,mon,614,2,999,0,nonexistent,1.1,93.994,-36.4,4.857,5191.0,no
37,blue-collar,single,basic.9y,unknown,yes,no,telephone,may,mon,248,2,999,0,nonexistent,1.1,93.994,-36.4,4.857,5191.0,no
27,services,single,basic.9y,no,no,no,telephone,may,mon,93,2,999,0,nonexistent,1.1,93.994,-36.4,4.857,5191.0,no
35,admin.,single,high.school,no,yes,no,telephone,may,mon,355,2,999,0,nonexistent,1.1,93.994,-36.4,4.857,5191.0,no
37,admin.,married,university.degree,no,yes,no,telephone,may,mon,245,3,999,0,nonexistent,1.1,93.994,-36.4,4.857,5191.0,no
48,management,married,university.degree,no,yes,no,telephone,may,mon,121,1,999,0,nonexistent,1.1,93.994,-36.4,4.857,5191.0,no
37,admin.,single,high.school,no,yes,no,telephone,may,mon,192,6,999,0,nonexistent,1.1,93.994,-36.4,4.857,5191.0,no
33,technician,divorced,professional.course,no,yes,no,telephone,may,mon,110,2,999,0,nonexistent,1.1,93.994,-36.4,4.857,5191.0,no
40,admin.,married,high.school,no,no,no,telephone,may,mon,160,3,999,0,nonexistent,1.1,93.994,-36.4,4.857,5191.0,no
47,services,married,high.school,unknown,yes,no,telephone,may,mon,16,1,999,0,nonexistent,1.1,93.994,-36.4,4.857,5191.0,no
38,unknown,married,basic.6y,no,yes,no,telephone,may,mon,240,1,999,0,nonexistent,1.1,93.994,-36.4,4.857,5191.0,no
35,blue-collar,married,basic.4y,no,no,no,telephone,may,mon,131,1,999,0,nonexistent,1.1,93.994,-36.4,4.857,5191.0,no
35,management,married,university.degree,no,no,no,telephone,may,mon,349,2,999,0,nonexistent,1.1,93.994,-36.4,4.857,5191.0,no
35,admin.,married,high.school,no,no,yes,telephone,may,mon,114,2,999,0,nonexistent,1.1,93.994,-36.4,4.857,5191.0,no
38,housemaid,married,basic.9y,no,yes,no,telephone,may,mon,445,2,999,0,nonexistent,1.1,93.994,-36.4,4.857,5191.0,no
46,technician,divorced,professional.course,no,yes,no,telephone,may,mon,144,3,999,0,nonexistent,1.1,93.994,-36.4,4.857,5191.0,no
35,blue-collar,married,professional.course,no,no,no,telephone,may,mon,341,12,999,0,nonexistent,1.1,93.994,-36.4,4.857,5191.0,no
41,self-employed,married,university.degree,no,yes,no,telephone,may,mon,796,1,999,0,nonexistent,1.1,93.994,-36.4,4.857,5191.0,no
51,blue-collar,married,unknown,unknown,no,yes,telephone,may,mon,76,3,999,0,nonexistent,1.1,93.994,-36.4,4.857,5191.0,no
47,admin.,married,basic.4y,no,no,no,telephone,may,mon,126,2,999,0,nonexistent,1.1,93.994,-36.4,4.857,5191.0,no
28,blue-collar,single,basic.4y,no,yes,no,telephone,may,mon,101,2,999,0,nonexistent,1.1,93.994,-36.4,4.857,5191.0,no
35,blue-collar,married,basic.9y,no,no,no,telephone,may,mon,91,2,999,0,nonexistent,1.1,93.994,-36.4,4.857,5191.0,no
34,admin.,single,high.school,no,no,no,telephone,may,mon,52,3,999,0,nonexistent,1.1,93.994,-36.4,4.857,5191.0,no
25,self-employed,single,university.degree,no,no,no,telephone,may,mon,78,2,999,0,nonexistent,1.1,93.994,-36.4,4.857,5191.0,no
33,technician,single,university.degree,no,no,yes,telephone,may,mon,471,1,999,0,nonexistent,1.1,93.994,-36.4,4.857,5191.0,no
51,retired,married,basic.9y,no,unknown,unknown,telephone,may,mon,99,1,999,0,nonexistent,1.1,93.994,-36.4,4.857,5191.0,no
27,blue-collar,married,basic.9y,unknown,no,no,telephone,may,mon,293,1,999,0,nonexistent,1.1,93.994,-36.4,4.857,5191.0,no
33,blue-collar,married,high.school,no,no,no,telephone,may,mon,333,1,999,0,nonexistent,1.1,93.994,-36.4,4.857,5191.0,no
38,blue-collar,married,basic.6y,unknown,no,no,telephone,may,mon,523,2,999,0,nonexistent,1.1,93.994,-36.4,4.857,5191.0,no
46,self-employed,married,basic.9y,unknown,no,no,telephone,may,mon,470,2,999,0,nonexistent,1.1,93.994,-36.4,4.857,5191.0,no
35,admin.,divorced,university.degree,no,no,no,telephone,may,mon,695,4,999,0,nonexistent,1.1,93.994,-36.4,4.857,5191.0,no
25,blue-collar,married,high.school,unknown,yes,yes,telephone,may,mon,741,6,999,0,nonexistent,1.1,93.994,-36.4,4.857,5191.0,yes
50,blue-collar,married,basic.6y,unknown,no,no,telephone,may,mon,151,3,999,0,nonexistent,1.1,93.994,-36.4,4.857,5191.0,no
36,blue-collar,married,basic.6y,unknown,no,no,telephone,may,mon,135,2,999,0,nonexistent,1.1,93.994,-36.4,4.857,5191.0,no
35,services,married,basic.6y,no,no,no,telephone,may,mon,70,6,999,0,nonexistent,1.1,93.994,-36.4,4.857,5191.0,no
52,unemployed,married,unknown,no,no,no,telephone,may,mon,472,3,999,0,nonexistent,1.1,93.994,-36.4,4.857,5191.0,no
43,technician,married,basic.9y,unknown,no,no,telephone,may,mon,258,2,999,0,nonexistent,1.1,93.994,-36.4,4.857,5191.0,no
36,self-employed,single,professional.course,no,yes,no,telephone,may,mon,113,4,999,0,nonexistent,1.1,93.994,-36.4,4.857,5191.0,no
33,services,single,basic.9y,no,no,no,telephone,may,mon,372,14,999,0,nonexistent,1.1,93.994,-36.4,4.857,5191.0,no
27,blue-collar,single,basic.6y,no,no,no,telephone,may,mon,603,1,999,0,nonexistent,1.1,93.994,-36.4,4.857,5191.0,no
41,admin.,single,high.school,no,yes,no,telephone,may,mon,85,2,999,0,nonexistent,1.1,93.994,-36.4,4.857,5191.0,no
36,admin.,married,high.school,no,no,no,telephone,may,mon,76,2,999,0,nonexistent,1.1,93.994,-36.4,4.857,5191.0,no
39,admin.,single,high.school,unknown,no,no,telephone,may,mon,399,2,999,0,nonexistent,1.1,93.994,-36.4,4.857,5191.0,no
55,services,married,high.school,unknown,yes,yes,telephone,may,mon,129,3,999,0,nonexistent,1.1,93.994,-36.4,4.857,5191.0,no
30,blue-collar,married,basic.9y,no,no,yes,telephone,may,mon,535,6,999,0,nonexistent,1.1,93.994,-36.4,4.857,5191.0,no
42,unemployed,married,high.school,unknown,no,no,telephone,may,mon,181,3,999,0,nonexistent,1.1,93.994,-36.4,4.857,5191.0,no
58,management,married,basic.6y,no,yes,no,telephone,may,mon,48,2,999,0,nonexistent,1.1,93.994,-36.4,4.857,5191.0,no
43,management,married,university.degree,no,yes,no,telephone,may,mon,114,2,999,0,nonexistent,1.1,93.994,-36.4,4.857,5191.0,no
45,admin.,single,unknown,unknown,no,no,telephone,may,mon,87,3,999,0,nonexistent,1.1,93.994,-36.4,4.857,5191.0,no
31,unemployed,married,professional.course,no,yes,yes,telephone,may,mon,169,4,999,0,nonexistent,1.1,93.994,-36.4,4.857,5191.0,no
30,technician,single,professional.course,no,yes,no,telephone,may,mon,116,4,999,0,nonexistent,1.1,93.994,-36.4,4.857,5191.0,no
31,admin.,single,high.school,no,yes,no,telephone,may,mon,100,2,999,0,nonexistent,1.1,93.994,-36.4,4.857,5191.0,no
42,services,married,high.school,no,yes,no,telephone,may,mon,304,4,999,0,nonexistent,1.1,93.994,-36.4,4.857,5191.0,no
30,student,single,unknown,unknown,yes,no,telephone,may,mon,114,2,999,0,nonexistent,1.1,93.994,-36.4,4.857,5191.0,no
31,services,married,high.school,no,no,no,telephone,may,mon,102,2,999,0,nonexistent,1.1,93.994,-36.4,4.857,5191.0,no
46,self-employed,married,basic.9y,unknown,no,yes,telephone,may,mon,291,2,999,0,nonexistent,1.1,93.994,-36.4,4.857,5191.0,no
51,entrepreneur,divorced,university.degree,unknown,no,yes,telephone,may,mon,112,2,999,0,nonexistent,1.1,93.994,-36.4,4.857,5191.0,no
43,services,married,high.school,no,no,no,telephone,may,mon,207,2,999,0,nonexistent,1.1,93.994,-36.4,4.857,5191.0,no
56,retired,married,basic.4y,unknown,yes,no,telephone,may,mon,103,2,999,0,nonexistent,1.1,93.994,-36.4,4.857,5191.0,no
57,unemployed,married,basic.9y,unknown,yes,no,telephone,may,mon,45,5,999,0,nonexistent,1.1,93.994,-36.4,4.857,5191.0,no
28,services,married,high.school,no,yes,yes,telephone,may,mon,114,2,999,0,nonexistent,1.1,93.994,-36.4,4.857,5191.0,no
38,self-employed,single,university.degree,no,no,no,telephone,may,mon,414,2,999,0,nonexistent,1.1,93.994,-36.4,4.857,5191.0,yes
35,admin.,single,high.school,no,yes,no,telephone,may,mon,319,4,999,0,nonexistent,1.1,93.994,-36.4,4.857,5191.0,no
26,blue-collar,married,professional.course,unknown,yes,no,telephone,may,mon,346,2,999,0,nonexistent,1.1,93.994,-36.4,4.857,5191.0,no
30,blue-collar,single,basic.9y,no,yes,no,telephone,may,mon,157,3,999,0,nonexistent,1.1,93.994,-36.4,4.857,5191.0,no
52,technician,married,professional.course,no,no,no,telephone,may,mon,160,11,999,0,nonexistent,1.1,93.994,-36.4,4.857,5191.0,no
47,technician,married,basic.9y,no,no,no,telephone,may,mon,83,3,999,0,nonexistent,1.1,93.994,-36.4,4.857,5191.0,no
51,entrepreneur,single,unknown,no,yes,no,telephone,may,mon,97,3,999,0,nonexistent,1.1,93.994,-36.4,4.857,5191.0,no
36,blue-collar,married,basic.9y,no,no,no,telephone,may,mon,98,4,999,0,nonexistent,1.1,93.994,-36.4,4.857,5191.0,no
36,services,married,high.school,no,yes,no,telephone,may,mon,133,4,999,0,nonexistent,1.1,93.994,-36.4,4.857,5191.0,no
31,admin.,single,university.degree,no,yes,no,telephone,may,mon,451,2,999,0,nonexistent,1.1,93.994,-36.4,4.857,5191.0,no
34,admin.,married,university.degree,no,no,no,telephone,may,mon,79,5,999,0,nonexistent,1.1,93.994,-36.4,4.857,5191.0,no
42,blue-collar,married,basic.6y,unknown,yes,no,telephone,may,mon,454,3,999,0,nonexistent,1.1,93.994,-36.4,4.857,5191.0,no
32,technician,single,university.degree,no,no,no,telephone,may,mon,251,3,999,0,nonexistent,1.1,93.994,-36.4,4.857,5191.0,no
51,admin.,divorced,university.degree,no,no,no,telephone,may,mon,122,5,999,0,nonexistent,1.1,93.994,-36.4,4.857,5191.0,no
37,self-employed,married,basic.9y,unknown,no,no,telephone,may,mon,166,2,999,0,nonexistent,1.1,93.994,-36.4,4.857,5191.0,no
45,blue-collar,married,basic.9y,unknown,yes,no,telephone,may,mon,816,2,999,0,nonexistent,1.1,93.994,-36.4,4.857,5191.0,no
28,admin.,single,university.degree,no,yes,no,telephone,may,mon,87,2,999,0,nonexistent,1.1,93.994,-36.4,4.857,5191.0,no
54,admin.,divorced,university.degree,no,yes,yes,telephone,may,mon,375,2,999,0,nonexistent,1.1,93.994,-36.4,4.857,5191.0,no
59,admin.,married,professional.course,no,no,no,telephone,may,mon,51,2,999,0,nonexistent,1.1,93.994,-36.4,4.857,5191.0,no
44,housemaid,married,basic.9y,unknown,yes,no,telephone,may,mon,118,4,999,0,nonexistent,1.1,93.994,-36.4,4.857,5191.0,no
33,services,single,high.school,no,no,no,telephone,may,mon,178,5,999,0,nonexistent,1.1,93.994,-36.4,4.857,5191.0,no
35,admin.,married,high.school,no,no,no,telephone,may,mon,165,5,999,0,nonexistent,1.1,93.994,-36.4,4.857,5191.0,no
48,admin.,married,university.degree,no,no,no,telephone,may,mon,155,2,999,0,nonexistent,1.1,93.994,-36.4,4.857,5191.0,no
50,technician,divorced,professional.course,no,no,no,telephone,may,mon,173,3,999,0,nonexistent,1.1,93.994,-36.4,4.857,5191.0,no
29,self-employed,married,high.school,no,no,no,telephone,may,mon,304,4,999,0,nonexistent,1.1,93.994,-36.4,4.857,5191.0,no
39,admin.,married,university.degree,no,no,no,telephone,may,mon,583,6,999,0,nonexistent,1.1,93.994,-36.4,4.857,5191.0,no
36,admin.,married,university.degree,no,yes,no,telephone,may,mon,138,2,999,0,nonexistent,1.1,93.994,-36.4,4.857,5191.0,no
52,management,married,unknown,unknown,yes,no,telephone,may,mon,250,2,999,0,nonexistent,1.1,93.994,-36.4,4.857,5191.0,no
52,blue-collar,married,basic.4y,unknown,yes,no,telephone,may,mon,748,3,999,0,nonexistent,1.1,93.994,-36.4,4.857,5191.0,yes
48,blue-collar,married,basic.4y,unknown,yes,yes,telephone,may,mon,14,11,999,0,nonexistent,1.1,93.994,-36.4,4.857,5191.0,no
35,blue-collar,married,high.school,no,yes,yes,telephone,may,mon,83,1,999,0,nonexistent,1.1,93.994,-36.4,4.857,5191.0,no
38,admin.,married,university.degree,no,no,no,telephone,may,mon,543,4,999,0,nonexistent,1.1,93.994,-36.4,4.857,5191.0,no
44,admin.,married,university.degree,unknown,yes,yes,telephone,may,mon,398,7,999,0,nonexistent,1.1,93.994,-36.4,4.857,5191.0,no
45,blue-collar,married,basic.9y,no,yes,no,telephone,may,mon,365,3,999,0,nonexistent,1.1,93.994,-36.4,4.857,5191.0,no
30,admin.,married,university.degree,unknown,yes,no,telephone,may,mon,304,3,999,0,nonexistent,1.1,93.994,-36.4,4.857,5191.0,no
38,blue-collar,single,basic.4y,no,no,no,telephone,may,mon,118,6,999,0,nonexistent,1.1,93.994,-36.4,4.857,5191.0,no
33,technician,single,professional.course,no,yes,yes,telephone,may,mon,469,2,999,0,nonexistent,1.1,93.994,-36.4,4.857,5191.0,no
31,admin.,divorced,high.school,no,no,no,telephone,may,mon,488,3,999,0,nonexistent,1.1,93.994,-36.4,4.857,5191.0,no
24,admin.,married,basic.9y,no,yes,no,telephone,may,mon,764,2,999,0,nonexistent,1.1,93.994,-36.4,4.857,5191.0,yes
55,management,married,university.degree,no,yes,yes,telephone,may,mon,411,3,999,0,nonexistent,1.1,93.994,-36.4,4.857,5191.0,no
28,blue-collar,single,high.school,unknown,yes,no,telephone,may,mon,149,7,999,0,nonexistent,1.1,93.994,-36.4,4.857,5191.0,no
33,blue-collar,married,basic.9y,unknown,yes,no,telephone,may,mon,125,3,999,0,nonexistent,1.1,93.994,-36.4,4.857,5191.0,no
36,admin.,divorced,high.school,no,yes,no,telephone,may,mon,84,3,999,0,nonexistent,1.1,93.994,-36.4,4.857,5191.0,no
44,blue-collar,single,professional.course,unknown,no,no,telephone,may,mon,29,2,999,0,nonexistent,1.1,93.994,-36.4,4.857,5191.0,no
39,blue-collar,married,basic.9y,no,yes,yes,telephone,may,mon,162,4,999,0,nonexistent,1.1,93.994,-36.4,4.857,5191.0,no
31,management,single,high.school,no,yes,no,telephone,may,mon,159,2,999,0,nonexistent,1.1,93.994,-36.4,4.857,5191.0,no
34,admin.,married,university.degree,no,yes,yes,telephone,may,mon,147,6,999,0,nonexistent,1.1,93.994,-36.4,4.857,5191.0,no
32,blue-collar,married,basic.9y,no,no,no,telephone,may,mon,90,5,999,0,nonexistent,1.1,93.994,-36.4,4.857,5191.0,no
35,technician,married,professional.course,no,no,no,telephone,may,mon,409,2,999,0,nonexistent,1.1,93.994,-36.4,4.857,5191.0,no
47,technician,single,university.degree,unknown,yes,yes,telephone,may,mon,118,6,999,0,nonexistent,1.1,93.994,-36.4,4.857,5191.0,no
44,admin.,married,high.school,no,yes,no,telephone,may,mon,175,5,999,0,nonexistent,1.1,93.994,-36.4,4.857,5191.0,no
38,services,married,high.school,no,no,no,telephone,may,mon,219,4,999,0,nonexistent,1.1,93.994,-36.4,4.857,5191.0,no
37,services,single,high.school,no,no,no,telephone,may,mon,96,5,999,0,nonexistent,1.1,93.994,-36.4,4.857,5191.0,no
57,technician,married,university.degree,unknown,no,yes,telephone,may,mon,76,5,999,0,nonexistent,1.1,93.994,-36.4,4.857,5191.0,no
39,entrepreneur,married,basic.6y,unknown,no,no,telephone,may,mon,66,3,999,0,nonexistent,1.1,93.994,-36.4,4.857,5191.0,no
30,services,single,high.school,no,no,no,telephone,may,mon,113,5,999,0,nonexistent,1.1,93.994,-36.4,4.857,5191.0,no
31,admin.,single,university.degree,no,yes,yes,telephone,may,mon,232,5,999,0,nonexistent,1.1,93.994,-36.4,4.857,5191.0,no
45,blue-collar,married,basic.9y,unknown,no,no,telephone,may,mon,129,3,999,0,nonexistent,1.1,93.994,-36.4,4.857,5191.0,no
37,blue-collar,divorced,basic.9y,unknown,no,no,telephone,may,mon,405,4,999,0,nonexistent,1.1,93.994,-36.4,4.857,5191.0,no
53,housemaid,married,basic.4y,unknown,no,no,telephone,may,mon,245,3,999,0,nonexistent,1.1,93.994,-36.4,4.857,5191.0,no
31,technician,single,professional.course,unknown,yes,no,telephone,may,mon,188,7,999,0,nonexistent,1.1,93.994,-36.4,4.857,5191.0,no
47,blue-collar,married,basic.9y,no,yes,no,telephone,may,mon,140,2,999,0,nonexistent,1.1,93.994,-36.4,4.857,5191.0,no
39,management,married,university.degree,no,no,no,telephone,may,mon,102,22,999,0,nonexistent,1.1,93.994,-36.4,4.857,5191.0,no
38,student,single,university.degree,no,yes,no,telephone,may,mon,763,6,999,0,nonexistent,1.1,93.994,-36.4,4.857,5191.0,no
32,blue-collar,married,basic.4y,no,no,no,telephone,may,mon,41,2,999,0,nonexistent,1.1,93.994,-36.4,4.857,5191.0,no
43,unknown,married,high.school,unknown,yes,yes,telephone,may,mon,329,2,999,0,nonexistent,1.1,93.994,-36.4,4.857,5191.0,no
27,blue-collar,married,basic.4y,no,yes,no,telephone,may,mon,51,5,999,0,nonexistent,1.1,93.994,-36.4,4.857,5191.0,no
54,retired,divorced,high.school,no,yes,no,telephone,may,mon,308,4,999,0,nonexistent,1.1,93.994,-36.4,4.857,5191.0,no
35,blue-collar,married,basic.9y,no,yes,no,telephone,may,mon,118,2,999,0,nonexistent,1.1,93.994,-36.4,4.857,5191.0,no
37,services,divorced,high.school,no,yes,yes,telephone,may,mon,125,4,999,0,nonexistent,1.1,93.994,-36.4,4.857,5191.0,no
41,blue-collar,single,high.school,no,yes,no,telephone,may,mon,193,5,999,0,nonexistent,1.1,93.994,-36.4,4.857,5191.0,no
44,technician,married,professional.course,no,yes,no,telephone,may,mon,200,3,999,0,nonexistent,1.1,93.994,-36.4,4.857,5191.0,no
33,technician,married,professional.course,no,yes,no,telephone,may,mon,349,4,999,0,nonexistent,1.1,93.994,-36.4,4.857,5191.0,no
23,blue-collar,married,basic.9y,no,no,no,telephone,may,mon,633,1,999,0,nonexistent,1.1,93.994,-36.4,4.857,5191.0,no
38,technician,married,professional.course,no,yes,no,telephone,may,tue,114,3,999,0,nonexistent,1.1,93.994,-36.4,4.857,5191.0,no
37,blue-collar,married,high.school,no,yes,yes,telephone,may,tue,172,7,999,0,nonexistent,1.1,93.994,-36.4,4.857,5191.0,no
39,admin.,married,professional.course,no,yes,no,telephone,may,tue,292,7,999,0,nonexistent,1.1,93.994,-36.4,4.857,5191.0,no
43,blue-collar,married,basic.4y,no,yes,no,telephone,may,tue,269,3,999,0,nonexistent,1.1,93.994,-36.4,4.857,5191.0,no
42,services,married,high.school,unknown,yes,yes,telephone,may,tue,220,6,999,0,nonexistent,1.1,93.994,-36.4,4.857,5191.0,no
55,housemaid,divorced,unknown,unknown,yes,no,telephone,may,tue,376,3,999,0,nonexistent,1.1,93.994,-36.4,4.857,5191.0,no
44,blue-collar,single,basic.6y,no,no,yes,telephone,may,tue,73,6,999,0,nonexistent,1.1,93.994,-36.4,4.857,5191.0,no
41,services,married,high.school,no,yes,no,telephone,may,tue,59,4,999,0,nonexistent,1.1,93.994,-36.4,4.857,5191.0,no
32,management,married,university.degree,no,yes,no,telephone,may,tue,64,3,999,0,nonexistent,1.1,93.994,-36.4,4.857,5191.0,no
38,entrepreneur,married,university.degree,no,no,no,telephone,may,tue,322,5,999,0,nonexistent,1.1,93.994,-36.4,4.857,5191.0,no
50,blue-collar,married,basic.6y,unknown,yes,yes,telephone,may,tue,67,3,999,0,nonexistent,1.1,93.994,-36.4,4.857,5191.0,no
41,blue-collar,married,basic.4y,no,no,no,telephone,may,tue,163,2,999,0,nonexistent,1.1,93.994,-36.4,4.857,5191.0,no
52,technician,divorced,university.degree,no,no,no,telephone,may,tue,99,3,999,0,nonexistent,1.1,93.994,-36.4,4.857,5191.0,no
31,blue-collar,married,high.school,unknown,yes,no,telephone,may,tue,27,2,999,0,nonexistent,1.1,93.994,-36.4,4.857,5191.0,no
34,technician,single,professional.course,no,yes,no,telephone,may,tue,119,2,999,0,nonexistent,1.1,93.994,-36.4,4.857,5191.0,no
56,entrepreneur,married,university.degree,no,yes,no,telephone,may,tue,148,4,999,0,nonexistent,1.1,93.994,-36.4,4.857,5191.0,no
51,admin.,single,basic.6y,no,no,no,telephone,may,tue,222,4,999,0,nonexistent,1.1,93.994,-36.4,4.857,5191.0,no
40,management,married,high.school,no,yes,yes,telephone,may,tue,265,2,999,0,nonexistent,1.1,93.994,-36.4,4.857,5191.0,no
39,blue-collar,married,basic.9y,no,yes,no,telephone,may,tue,214,2,999,0,nonexistent,1.1,93.994,-36.4,4.857,5191.0,no
28,admin.,single,university.degree,no,no,no,telephone,may,tue,75,2,999,0,nonexistent,1.1,93.994,-36.4,4.857,5191.0,no
32,management,married,high.school,no,yes,yes,telephone,may,tue,62,4,999,0,nonexistent,1.1,93.994,-36.4,4.857,5191.0,no
38,blue-collar,single,high.school,no,no,no,telephone,may,tue,112,3,999,0,nonexistent,1.1,93.994,-36.4,4.857,5191.0,no
46,blue-collar,married,basic.9y,no,yes,no,telephone,may,tue,220,6,999,0,nonexistent,1.1,93.994,-36.4,4.857,5191.0,no
42,management,married,unknown,unknown,no,no,telephone,may,tue,204,3,999,0,nonexistent,1.1,93.994,-36.4,4.857,5191.0,no
37,blue-collar,married,professional.course,no,yes,no,telephone,may,tue,160,6,999,0,nonexistent,1.1,93.994,-36.4,4.857,5191.0,no
31,admin.,married,high.school,unknown,no,no,telephone,may,tue,233,1,999,0,nonexistent,1.1,93.994,-36.4,4.857,5191.0,no
30,services,married,high.school,no,yes,no,telephone,may,tue,129,1,999,0,nonexistent,1.1,93.994,-36.4,4.857,5191.0,no
41,management,married,unknown,no,no,no,telephone,may,tue,172,1,999,0,nonexistent,1.1,93.994,-36.4,4.857,5191.0,no
34,blue-collar,married,basic.4y,no,yes,no,telephone,may,tue,578,2,999,0,nonexistent,1.1,93.994,-36.4,4.857,5191.0,no
46,blue-collar,divorced,basic.6y,no,no,no,telephone,may,tue,183,9,999,0,nonexistent,1.1,93.994,-36.4,4.857,5191.0,no
24,blue-collar,married,basic.9y,no,no,no,telephone,may,tue,154,1,999,0,nonexistent,1.1,93.994,-36.4,4.857,5191.0,no
36,admin.,married,high.school,no,yes,no,telephone,may,tue,111,1,999,0,nonexistent,1.1,93.994,-36.4,4.857,5191.0,no
47,management,married,professional.course,no,no,no,telephone,may,tue,195,1,999,0,nonexistent,1.1,93.994,-36.4,4.857,5191.0,no
39,admin.,single,university.degree,unknown,no,no,telephone,may,tue,125,3,999,0,nonexistent,1.1,93.994,-36.4,4.857,5191.0,no
38,housemaid,married,basic.9y,no,no,no,telephone,may,tue,287,4,999,0,nonexistent,1.1,93.994,-36.4,4.857,5191.0,no
37,technician,single,high.school,unknown,yes,yes,telephone,may,tue,277,4,999,0,nonexistent,1.1,93.994,-36.4,4.857,5191.0,no
30,technician,single,professional.course,no,no,no,telephone,may,tue,84,4,999,0,nonexistent,1.1,93.994,-36.4,4.857,5191.0,no
38,admin.,married,university.degree,no,yes,no,telephone,may,tue,47,5,999,0,nonexistent,1.1,93.994,-36.4,4.857,5191.0,no
37,blue-collar,married,basic.6y,no,yes,no,telephone,may,tue,130,2,999,0,nonexistent,1.1,93.994,-36.4,4.857,5191.0,no
32,blue-collar,married,basic.9y,no,yes,no,telephone,may,tue,955,1,999,0,nonexistent,1.1,93.994,-36.4,4.857,5191.0,no
35,admin.,married,high.school,unknown,yes,yes,telephone,may,tue,236,1,999,0,nonexistent,1.1,93.994,-36.4,4.857,5191.0,no
41,services,married,university.degree,no,yes,no,telephone,may,tue,336,2,999,0,nonexistent,1.1,93.994,-36.4,4.857,5191.0,no
52,unknown,married,basic.4y,no,no,no,telephone,may,tue,150,1,999,0,nonexistent,1.1,93.994,-36.4,4.857,5191.0,no
28,blue-collar,married,basic.9y,no,yes,no,telephone,may,tue,180,1,999,0,nonexistent,1.1,93.994,-36.4,4.857,5191.0,no
50,entrepreneur,married,basic.9y,no,no,no,telephone,may,tue,163,2,999,0,nonexistent,1.1,93.994,-36.4,4.857,5191.0,no
35,blue-collar,married,basic.6y,no,no,no,telephone,may,tue,197,1,999,0,nonexistent,1.1,93.994,-36.4,4.857,5191.0,no
39,blue-collar,married,basic.9y,no,no,no,telephone,may,tue,218,1,999,0,nonexistent,1.1,93.994,-36.4,4.857,5191.0,no
40,technician,married,basic.9y,no,yes,no,telephone,may,tue,34,3,999,0,nonexistent,1.1,93.994,-36.4,4.857,5191.0,no
34,admin.,single,high.school,no,yes,no,telephone,may,tue,386,11,999,0,nonexistent,1.1,93.994,-36.4,4.857,5191.0,no
33,blue-collar,married,basic.9y,no,no,yes,telephone,may,tue,159,2,999,0,nonexistent,1.1,93.994,-36.4,4.857,5191.0,no
39,entrepreneur,married,basic.9y,no,no,no,telephone,may,tue,157,2,999,0,nonexistent,1.1,93.994,-36.4,4.857,5191.0,no
26,technician,married,professional.course,no,no,no,telephone,may,tue,205,3,999,0,nonexistent,1.1,93.994,-36.4,4.857,5191.0,no
42,services,married,professional.course,no,yes,no,telephone,may,tue,1205,1,999,0,nonexistent,1.1,93.994,-36.4,4.857,5191.0,yes
36,management,married,university.degree,no,yes,no,telephone,may,tue,133,1,999,0,nonexistent,1.1,93.994,-36.4,4.857,5191.0,no
50,blue-collar,married,basic.4y,no,yes,no,telephone,may,tue,229,2,999,0,nonexistent,1.1,93.994,-36.4,4.857,5191.0,no
46,self-employed,single,high.school,no,yes,no,telephone,may,tue,147,1,999,0,nonexistent,1.1,93.994,-36.4,4.857,5191.0,no
57,retired,married,high.school,unknown,no,no,telephone,may,tue,147,1,999,0,nonexistent,1.1,93.994,-36.4,4.857,5191.0,no
40,services,single,high.school,no,yes,no,telephone,may,tue,179,1,999,0,nonexistent,1.1,93.994,-36.4,4.857,5191.0,no
28,services,single,high.school,no,yes,no,telephone,may,tue,185,1,999,0,nonexistent,1.1,93.994,-36.4,4.857,5191.0,no
51,unemployed,married,professional.course,no,no,no,telephone,may,tue,171,3,999,0,nonexistent,1.1,93.994,-36.4,4.857,5191.0,no
28,blue-collar,married,basic.6y,unknown,no,no,telephone,may,tue,228,1,999,0,nonexistent,1.1,93.994,-36.4,4.857,5191.0,no
38,admin.,single,university.degree,unknown,yes,no,telephone,may,tue,269,1,999,0,nonexistent,1.1,93.994,-36.4,4.857,5191.0,no
34,blue-collar,single,basic.9y,no,no,no,telephone,may,tue,156,2,999,0,nonexistent,1.1,93.994,-36.4,4.857,5191.0,no
34,technician,married,university.degree,no,no,no,telephone,may,tue,162,1,999,0,nonexistent,1.1,93.994,-36.4,4.857,5191.0,no
31,services,single,basic.9y,no,no,no,telephone,may,tue,674,1,999,0,nonexistent,1.1,93.994,-36.4,4.857,5191.0,no
35,services,single,high.school,unknown,no,yes,telephone,may,tue,234,1,999,0,nonexistent,1.1,93.994,-36.4,4.857,5191.0,no
41,blue-collar,divorced,basic.9y,unknown,no,no,telephone,may,tue,123,1,999,0,nonexistent,1.1,93.994,-36.4,4.857,5191.0,no
56,housemaid,divorced,basic.4y,unknown,no,no,telephone,may,tue,115,1,999,0,nonexistent,1.1,93.994,-36.4,4.857,5191.0,no
29,technician,single,university.degree,no,yes,no,telephone,may,tue,1051,1,999,0,nonexistent,1.1,93.994,-36.4,4.857,5191.0,yes
27,admin.,single,university.degree,no,yes,no,telephone,may,tue,142,1,999,0,nonexistent,1.1,93.994,-36.4,4.857,5191.0,no
42,blue-collar,married,basic.6y,unknown,no,no,telephone,may,tue,99,1,999,0,nonexistent,1.1,93.994,-36.4,4.857,5191.0,no
49,technician,married,professional.course,no,yes,no,telephone,may,tue,340,1,999,0,nonexistent,1.1,93.994,-36.4,4.857,5191.0,no
49,blue-collar,married,basic.4y,no,unknown,unknown,telephone,may,tue,47,1,999,0,nonexistent,1.1,93.994,-36.4,4.857,5191.0,no
40,blue-collar,married,basic.6y,unknown,no,no,telephone,may,tue,182,2,999,0,nonexistent,1.1,93.994,-36.4,4.857,5191.0,no
39,housemaid,married,university.degree,no,yes,no,telephone,may,tue,260,1,999,0,nonexistent,1.1,93.994,-36.4,4.857,5191.0,no
31,admin.,single,high.school,no,no,no,telephone,may,tue,35,1,999,0,nonexistent,1.1,93.994,-36.4,4.857,5191.0,no
46,blue-collar,married,basic.9y,no,no,no,telephone,may,tue,121,1,999,0,nonexistent,1.1,93.994,-36.4,4.857,5191.0,no
44,management,married,university.degree,no,yes,no,telephone,may,tue,143,1,999,0,nonexistent,1.1,93.994,-36.4,4.857,5191.0,no
33,blue-collar,single,basic.6y,no,no,no,telephone,may,tue,472,1,999,0,nonexistent,1.1,93.994,-36.4,4.857,5191.0,no
41,blue-collar,married,basic.9y,no,yes,no,telephone,may,tue,420,1,999,0,nonexistent,1.1,93.994,-36.4,4.857,5191.0,no
34,technician,divorced,professional.course,no,unknown,unknown,telephone,may,tue,532,2,999,0,nonexistent,1.1,93.994,-36.4,4.857,5191.0,no
32,blue-collar,married,professional.course,unknown,yes,no,telephone,may,tue,128,1,999,0,nonexistent,1.1,93.994,-36.4,4.857,5191.0,no
35,entrepreneur,married,high.school,no,no,no,telephone,may,tue,62,4,999,0,nonexistent,1.1,93.994,-36.4,4.857,5191.0,no
25,admin.,married,high.school,no,yes,yes,telephone,may,tue,275,4,999,0,nonexistent,1.1,93.994,-36.4,4.857,5191.0,no
34,blue-collar,married,basic.9y,no,no,no,telephone,may,tue,740,1,999,0,nonexistent,1.1,93.994,-36.4,4.857,5191.0,yes
34,technician,married,university.degree,no,no,no,telephone,may,tue,111,10,999,0,nonexistent,1.1,93.994,-36.4,4.857,5191.0,no
31,admin.,divorced,high.school,no,no,no,telephone,may,tue,271,3,999,0,nonexistent,1.1,93.994,-36.4,4.857,5191.0,no
38,management,married,high.school,no,no,no,telephone,may,tue,776,1,999,0,nonexistent,1.1,93.994,-36.4,4.857,5191.0,no
34,blue-collar,married,basic.6y,unknown,no,no,telephone,may,tue,299,1,999,0,nonexistent,1.1,93.994,-36.4,4.857,5191.0,no
35,services,married,basic.9y,unknown,yes,no,telephone,may,tue,181,1,999,0,nonexistent,1.1,93.994,-36.4,4.857,5191.0,no
44,technician,divorced,basic.9y,unknown,no,no,telephone,may,tue,472,1,999,0,nonexistent,1.1,93.994,-36.4,4.857,5191.0,no
27,technician,single,professional.course,no,no,no,telephone,may,tue,148,1,999,0,nonexistent,1.1,93.994,-36.4,4.857,5191.0,no
34,services,married,high.school,no,no,no,telephone,may,tue,514,1,999,0,nonexistent,1.1,93.994,-36.4,4.857,5191.0,no
43,management,married,basic.4y,no,yes,no,telephone,may,tue,224,1,999,0,nonexistent,1.1,93.994,-36.4,4.857,5191.0,no
37,unemployed,married,professional.course,no,no,no,telephone,may,tue,118,1,999,0,nonexistent,1.1,93.994,-36.4,4.857,5191.0,no
45,services,married,basic.9y,no,no,no,telephone,may,tue,255,1,999,0,nonexistent,1.1,93.994,-36.4,4.857,5191.0,no
30,technician,single,professional.course,no,no,no,telephone,may,tue,70,3,999,0,nonexistent,1.1,93.994,-36.4,4.857,5191.0,no
43,entrepreneur,married,basic.4y,no,yes,no,telephone,may,tue,296,2,999,0,nonexistent,1.1,93.994,-36.4,4.857,5191.0,no
47,services,divorced,high.school,no,yes,no,telephone,may,tue,313,1,999,0,nonexistent,1.1,93.994,-36.4,4.857,5191.0,no
53,housemaid,married,basic.4y,no,yes,no,telephone,may,tue,257,1,999,0,nonexistent,1.1,93.994,-36.4,4.857,5191.0,no
45,blue-collar,married,basic.4y,unknown,yes,no,telephone,may,tue,243,2,999,0,nonexistent,1.1,93.994,-36.4,4.857,5191.0,no
47,blue-collar,married,basic.4y,no,yes,no,telephone,may,tue,77,1,999,0,nonexistent,1.1,93.994,-36.4,4.857,5191.0,no
37,technician,single,university.degree,no,yes,no,telephone,may,tue,114,1,999,0,nonexistent,1.1,93.994,-36.4,4.857,5191.0,no
32,unknown,married,basic.6y,unknown,yes,no,telephone,may,tue,290,1,999,0,nonexistent,1.1,93.994,-36.4,4.857,5191.0,no
48,blue-collar,married,basic.4y,unknown,no,no,telephone,may,tue,86,1,999,0,nonexistent,1.1,93.994,-36.4,4.857,5191.0,no
26,technician,single,professional.course,no,no,no,telephone,may,tue,126,1,999,0,nonexistent,1.1,93.994,-36.4,4.857,5191.0,no
36,services,single,high.school,no,yes,yes,telephone,may,tue,188,1,999,0,nonexistent,1.1,93.994,-36.4,4.857,5191.0,no
46,housemaid,married,basic.4y,no,no,no,telephone,may,tue,106,2,999,0,nonexistent,1.1,93.994,-36.4,4.857,5191.0,no
50,admin.,divorced,high.school,no,no,no,telephone,may,tue,45,1,999,0,nonexistent,1.1,93.994,-36.4,4.857,5191.0,no
45,admin.,married,basic.6y,no,yes,yes,telephone,may,tue,25,1,999,0,nonexistent,1.1,93.994,-36.4,4.857,5191.0,no
45,admin.,married,basic.6y,no,yes,no,telephone,may,tue,114,1,999,0,nonexistent,1.1,93.994,-36.4,4.857,5191.0,no
33,entrepreneur,married,basic.9y,unknown,no,no,telephone,may,tue,82,1,999,0,nonexistent,1.1,93.994,-36.4,4.857,5191.0,no
29,admin.,single,university.degree,no,yes,no,telephone,may,tue,33,1,999,0,nonexistent,1.1,93.994,-36.4,4.857,5191.0,no
26,technician,single,professional.course,no,no,no,telephone,may,tue,446,1,999,0,nonexistent,1.1,93.994,-36.4,4.857,5191.0,no
57,self-employed,married,basic.9y,unknown,yes,yes,telephone,may,tue,122,1,999,0,nonexistent,1.1,93.994,-36.4,4.857,5191.0,no
46,services,divorced,high.school,no,yes,no,telephone,may,tue,78,1,999,0,nonexistent,1.1,93.994,-36.4,4.857,5191.0,no
39,blue-collar,married,basic.4y,unknown,no,no,telephone,may,tue,70,2,999,0,nonexistent,1.1,93.994,-36.4,4.857,5191.0,no
46,blue-collar,married,basic.4y,no,no,no,telephone,may,tue,115,1,999,0,nonexistent,1.1,93.994,-36.4,4.857,5191.0,no
42,admin.,divorced,university.degree,no,no,no,telephone,may,tue,305,1,999,0,nonexistent,1.1,93.994,-36.4,4.857,5191.0,no
45,blue-collar,single,basic.9y,no,no,no,telephone,may,tue,643,2,999,0,nonexistent,1.1,93.994,-36.4,4.857,5191.0,no
40,admin.,single,high.school,no,no,no,telephone,may,tue,371,2,999,0,nonexistent,1.1,93.994,-36.4,4.857,5191.0,no
39,admin.,married,university.degree,unknown,no,no,telephone,may,tue,363,3,999,0,nonexistent,1.1,93.994,-36.4,4.857,5191.0,no
49,blue-collar,married,basic.4y,no,no,no,telephone,may,tue,384,1,999,0,nonexistent,1.1,93.994,-36.4,4.857,5191.0,no
51,self-employed,single,university.degree,no,yes,no,telephone,may,tue,492,2,999,0,nonexistent,1.1,93.994,-36.4,4.857,5191.0,no
43,blue-collar,single,basic.4y,unknown,no,no,telephone,may,tue,222,2,999,0,nonexistent,1.1,93.994,-36.4,4.857,5191.0,no
46,blue-collar,married,basic.9y,unknown,no,no,telephone,may,tue,426,2,999,0,nonexistent,1.1,93.994,-36.4,4.857,5191.0,no
30,blue-collar,married,basic.9y,unknown,no,yes,telephone,may,tue,39,7,999,0,nonexistent,1.1,93.994,-36.4,4.857,5191.0,no
41,admin.,divorced,high.school,no,no,no,telephone,may,tue,293,2,999,0,nonexistent,1.1,93.994,-36.4,4.857,5191.0,no
37,admin.,married,high.school,no,no,no,telephone,may,tue,316,2,999,0,nonexistent,1.1,93.994,-36.4,4.857,5191.0,no
38,blue-collar,married,basic.6y,unknown,no,yes,telephone,may,tue,132,1,999,0,nonexistent,1.1,93.994,-36.4,4.857,5191.0,no
35,blue-collar,married,basic.9y,no,yes,no,telephone,may,tue,106,1,999,0,nonexistent,1.1,93.994,-36.4,4.857,5191.0,no
28,student,single,basic.9y,unknown,yes,yes,telephone,may,tue,68,5,999,0,nonexistent,1.1,93.994,-36.4,4.857,5191.0,no
31,blue-collar,divorced,basic.6y,no,no,no,telephone,may,tue,255,1,999,0,nonexistent,1.1,93.994,-36.4,4.857,5191.0,no
27,blue-collar,married,basic.9y,no,no,no,telephone,may,tue,189,1,999,0,nonexistent,1.1,93.994,-36.4,4.857,5191.0,no
33,admin.,divorced,high.school,unknown,no,no,telephone,may,tue,161,2,999,0,nonexistent,1.1,93.994,-36.4,4.857,5191.0,no
43,blue-collar,married,basic.9y,no,no,no,telephone,may,tue,155,1,999,0,nonexistent,1.1,93.994,-36.4,4.857,5191.0,no
44,blue-collar,married,basic.4y,unknown,yes,yes,telephone,may,tue,72,1,999,0,nonexistent,1.1,93.994,-36.4,4.857,5191.0,no
29,admin.,single,basic.9y,unknown,no,no,telephone,may,tue,62,4,999,0,nonexistent,1.1,93.994,-36.4,4.857,5191.0,no
37,blue-collar,single,professional.course,no,no,no,telephone,may,tue,137,2,999,0,nonexistent,1.1,93.994,-36.4,4.857,5191.0,no
60,unknown,married,university.degree,no,no,no,telephone,may,tue,310,1,999,0,nonexistent,1.1,93.994,-36.4,4.857,5191.0,no
30,technician,divorced,professional.course,no,yes,no,telephone,may,tue,169,1,999,0,nonexistent,1.1,93.994,-36.4,4.857,5191.0,no
36,services,married,high.school,no,no,no,telephone,may,tue,223,1,999,0,nonexistent,1.1,93.994,-36.4,4.857,5191.0,no
36,blue-collar,single,basic.9y,unknown,no,no,telephone,may,tue,201,2,999,0,nonexistent,1.1,93.994,-36.4,4.857,5191.0,no
37,technician,married,professional.course,no,no,no,telephone,may,tue,253,16,999,0,nonexistent,1.1,93.994,-36.4,4.857,5191.0,no
38,management,single,university.degree,no,no,no,telephone,may,tue,600,2,999,0,nonexistent,1.1,93.994,-36.4,4.857,5191.0,no
55,services,married,high.school,no,yes,no,telephone,may,tue,133,1,999,0,nonexistent,1.1,93.994,-36.4,4.857,5191.0,no
49,unknown,married,high.school,unknown,yes,no,telephone,may,tue,43,1,999,0,nonexistent,1.1,93.994,-36.4,4.857,5191.0,no
47,admin.,married,high.school,no,no,no,telephone,may,tue,731,3,999,0,nonexistent,1.1,93.994,-36.4,4.857,5191.0,yes
31,admin.,single,university.degree,no,yes,no,telephone,may,tue,659,4,999,0,nonexistent,1.1,93.994,-36.4,4.857,5191.0,no
56,retired,married,basic.4y,no,yes,yes,telephone,may,tue,112,1,999,0,nonexistent,1.1,93.994,-36.4,4.857,5191.0,no
35,entrepreneur,divorced,university.degree,no,no,no,telephone,may,tue,124,1,999,0,nonexistent,1.1,93.994,-36.4,4.857,5191.0,no
34,blue-collar,married,basic.9y,unknown,no,no,telephone,may,tue,59,1,999,0,nonexistent,1.1,93.994,-36.4,4.857,5191.0,no
29,self-employed,married,university.degree,unknown,yes,no,telephone,may,tue,121,1,999,0,nonexistent,1.1,93.994,-36.4,4.857,5191.0,no
57,blue-collar,married,basic.4y,unknown,no,no,telephone,may,tue,98,1,999,0,nonexistent,1.1,93.994,-36.4,4.857,5191.0,no
48,technician,married,basic.6y,no,no,yes,telephone,may,tue,175,1,999,0,nonexistent,1.1,93.994,-36.4,4.857,5191.0,no
53,self-employed,married,university.degree,no,no,yes,telephone,may,tue,202,1,999,0,nonexistent,1.1,93.994,-36.4,4.857,5191.0,no
37,admin.,married,high.school,no,no,no,telephone,may,tue,185,1,999,0,nonexistent,1.1,93.994,-36.4,4.857,5191.0,no
30,blue-collar,married,basic.4y,no,yes,no,telephone,may,tue,170,1,999,0,nonexistent,1.1,93.994,-36.4,4.857,5191.0,no
47,blue-collar,single,basic.4y,no,no,no,telephone,may,tue,184,1,999,0,nonexistent,1.1,93.994,-36.4,4.857,5191.0,no
26,technician,married,basic.6y,no,no,yes,telephone,may,tue,261,1,999,0,nonexistent,1.1,93.994,-36.4,4.857,5191.0,no
33,self-employed,married,high.school,no,yes,no,telephone,may,tue,103,1,999,0,nonexistent,1.1,93.994,-36.4,4.857,5191.0,no
43,blue-collar,married,high.school,unknown,yes,no,telephone,may,tue,190,1,999,0,nonexistent,1.1,93.994,-36.4,4.857,5191.0,no
29,blue-collar,single,unknown,no,no,no,telephone,may,tue,198,1,999,0,nonexistent,1.1,93.994,-36.4,4.857,5191.0,no
22,services,single,basic.9y,no,no,no,telephone,may,tue,170,1,999,0,nonexistent,1.1,93.994,-36.4,4.857,5191.0,no
51,retired,married,university.degree,no,yes,yes,telephone,may,tue,235,5,999,0,nonexistent,1.1,93.994,-36.4,4.857,5191.0,no
45,technician,married,basic.9y,unknown,no,no,telephone,may,tue,166,2,999,0,nonexistent,1.1,93.994,-36.4,4.857,5191.0,no
29,admin.,single,university.degree,no,no,no,telephone,may,tue,169,2,999,0,nonexistent,1.1,93.994,-36.4,4.857,5191.0,no
31,services,married,high.school,no,yes,no,telephone,may,tue,125,1,999,0,nonexistent,1.1,93.994,-36.4,4.857,5191.0,no
47,technician,married,professional.course,unknown,yes,no,telephone,may,tue,272,3,999,0,nonexistent,1.1,93.994,-36.4,4.857,5191.0,no
48,unemployed,married,basic.4y,no,yes,no,telephone,may,tue,265,2,999,0,nonexistent,1.1,93.994,-36.4,4.857,5191.0,no
38,technician,married,professional.course,no,yes,no,telephone,may,tue,233,2,999,0,nonexistent,1.1,93.994,-36.4,4.857,5191.0,no
50,blue-collar,single,basic.9y,unknown,yes,no,telephone,may,tue,307,2,999,0,nonexistent,1.1,93.994,-36.4,4.857,5191.0,no
31,admin.,married,high.school,no,yes,no,telephone,may,tue,246,1,999,0,nonexistent,1.1,93.994,-36.4,4.857,5191.0,no
27,admin.,divorced,high.school,no,no,no,telephone,may,tue,290,4,999,0,nonexistent,1.1,93.994,-36.4,4.857,5191.0,no
39,blue-collar,married,basic.4y,unknown,no,no,telephone,may,tue,56,2,999,0,nonexistent,1.1,93.994,-36.4,4.857,5191.0,no
35,admin.,married,basic.9y,no,no,no,telephone,may,tue,259,1,999,0,nonexistent,1.1,93.994,-36.4,4.857,5191.0,no
28,management,married,high.school,unknown,no,no,telephone,may,tue,375,1,999,0,nonexistent,1.1,93.994,-36.4,4.857,5191.0,no
34,entrepreneur,single,professional.course,no,no,no,telephone,may,tue,290,1,999,0,nonexistent,1.1,93.994,-36.4,4.857,5191.0,no
30,self-employed,married,basic.9y,no,no,no,telephone,may,tue,148,3,999,0,nonexistent,1.1,93.994,-36.4,4.857,5191.0,no
38,blue-collar,single,basic.9y,no,yes,no,telephone,may,tue,174,1,999,0,nonexistent,1.1,93.994,-36.4,4.857,5191.0,no
29,self-employed,married,basic.6y,unknown,yes,no,telephone,may,tue,32,1,999,0,nonexistent,1.1,93.994,-36.4,4.857,5191.0,no
35,blue-collar,divorced,basic.9y,unknown,no,no,telephone,may,tue,521,1,999,0,nonexistent,1.1,93.994,-36.4,4.857,5191.0,no
33,management,married,university.degree,no,yes,no,telephone,may,tue,316,1,999,0,nonexistent,1.1,93.994,-36.4,4.857,5191.0,no
50,services,single,high.school,unknown,no,no,telephone,may,tue,332,1,999,0,nonexistent,1.1,93.994,-36.4,4.857,5191.0,no
57,management,divorced,university.degree,no,no,no,telephone,may,tue,35,1,999,0,nonexistent,1.1,93.994,-36.4,4.857,5191.0,no
31,blue-collar,married,basic.9y,no,no,no,telephone,may,tue,935,1,999,0,nonexistent,1.1,93.994,-36.4,4.857,5191.0,yes
37,technician,single,university.degree,no,no,no,telephone,may,tue,144,1,999,0,nonexistent,1.1,93.994,-36.4,4.857,5191.0,no
39,blue-collar,married,basic.4y,unknown,yes,no,telephone,may,tue,395,2,999,0,nonexistent,1.1,93.994,-36.4,4.857,5191.0,no
52,management,divorced,university.degree,no,no,no,telephone,may,tue,313,1,999,0,nonexistent,1.1,93.994,-36.4,4.857,5191.0,no
33,admin.,single,university.degree,no,no,no,telephone,may,tue,147,1,999,0,nonexistent,1.1,93.994,-36.4,4.857,5191.0,no
35,blue-collar,married,basic.9y,no,yes,no,telephone,may,tue,93,10,999,0,nonexistent,1.1,93.994,-36.4,4.857,5191.0,no
29,admin.,single,university.degree,no,no,yes,telephone,may,tue,166,9,999,0,nonexistent,1.1,93.994,-36.4,4.857,5191.0,no
31,blue-collar,single,high.school,no,yes,no,telephone,may,tue,410,1,999,0,nonexistent,1.1,93.994,-36.4,4.857,5191.0,no
53,blue-collar,married,basic.9y,unknown,no,no,telephone,may,tue,755,1,999,0,nonexistent,1.1,93.994,-36.4,4.857,5191.0,no
26,technician,married,professional.course,no,no,no,telephone,may,tue,139,2,999,0,nonexistent,1.1,93.994,-36.4,4.857,5191.0,no
38,admin.,married,high.school,no,unknown,unknown,telephone,may,tue,145,2,999,0,nonexistent,1.1,93.994,-36.4,4.857,5191.0,no
49,blue-collar,married,basic.6y,no,no,no,telephone,may,tue,95,1,999,0,nonexistent,1.1,93.994,-36.4,4.857,5191.0,no
55,retired,divorced,high.school,unknown,yes,no,telephone,may,tue,193,1,999,0,nonexistent,1.1,93.994,-36.4,4.857,5191.0,no
37,blue-collar,married,professional.course,no,no,no,telephone,may,tue,318,1,999,0,nonexistent,1.1,93.994,-36.4,4.857,5191.0,no
39,unemployed,single,basic.9y,unknown,yes,no,telephone,may,tue,405,1,999,0,nonexistent,1.1,93.994,-36.4,4.857,5191.0,no
39,management,single,university.degree,no,yes,no,telephone,may,tue,751,1,999,0,nonexistent,1.1,93.994,-36.4,4.857,5191.0,yes
34,admin.,married,high.school,no,yes,no,telephone,may,tue,207,1,999,0,nonexistent,1.1,93.994,-36.4,4.857,5191.0,no
29,services,married,high.school,no,yes,no,telephone,may,tue,95,4,999,0,nonexistent,1.1,93.994,-36.4,4.857,5191.0,no
52,blue-collar,married,basic.9y,no,yes,no,telephone,may,tue,319,1,999,0,nonexistent,1.1,93.994,-36.4,4.857,5191.0,no
44,blue-collar,married,basic.4y,unknown,no,no,telephone,may,tue,272,2,999,0,nonexistent,1.1,93.994,-36.4,4.857,5191.0,no
55,management,married,university.degree,unknown,no,no,telephone,may,tue,142,2,999,0,nonexistent,1.1,93.994,-36.4,4.857,5191.0,no
53,admin.,single,basic.6y,no,yes,no,telephone,may,tue,27,1,999,0,nonexistent,1.1,93.994,-36.4,4.857,5191.0,no
32,management,single,university.degree,no,no,no,telephone,may,tue,237,2,999,0,nonexistent,1.1,93.994,-36.4,4.857,5191.0,no
43,blue-collar,married,basic.4y,unknown,yes,no,telephone,may,tue,193,1,999,0,nonexistent,1.1,93.994,-36.4,4.857,5191.0,no
46,housemaid,married,basic.4y,no,yes,no,telephone,may,tue,129,2,999,0,nonexistent,1.1,93.994,-36.4,4.857,5191.0,no
52,management,divorced,university.degree,no,no,yes,telephone,may,tue,116,3,999,0,nonexistent,1.1,93.994,-36.4,4.857,5191.0,no
48,blue-collar,married,basic.9y,no,yes,no,telephone,may,tue,99,1,999,0,nonexistent,1.1,93.994,-36.4,4.857,5191.0,no
37,technician,married,professional.course,unknown,no,no,telephone,may,tue,345,1,999,0,nonexistent,1.1,93.994,-36.4,4.857,5191.0,no
32,blue-collar,married,professional.course,no,no,yes,telephone,may,tue,151,1,999,0,nonexistent,1.1,93.994,-36.4,4.857,5191.0,no
28,services,married,high.school,no,yes,no,telephone,may,tue,485,1,999,0,nonexistent,1.1,93.994,-36.4,4.857,5191.0,no
32,blue-collar,married,basic.9y,unknown,no,no,telephone,may,tue,210,2,999,0,nonexistent,1.1,93.994,-36.4,4.857,5191.0,no
44,admin.,married,unknown,no,no,no,telephone,may,tue,277,1,999,0,nonexistent,1.1,93.994,-36.4,4.857,5191.0,no
39,services,married,high.school,unknown,no,no,telephone,may,tue,326,2,999,0,nonexistent,1.1,93.994,-36.4,4.857,5191.0,no
30,management,married,basic.9y,no,yes,no,telephone,may,tue,298,1,999,0,nonexistent,1.1,93.994,-36.4,4.857,5191.0,no
39,technician,married,professional.course,no,no,no,telephone,may,tue,125,1,999,0,nonexistent,1.1,93.994,-36.4,4.857,5191.0,no
55,admin.,married,high.school,no,no,no,telephone,may,tue,219,1,999,0,nonexistent,1.1,93.994,-36.4,4.857,5191.0,no
28,blue-collar,single,basic.9y,no,no,no,telephone,may,tue,222,1,999,0,nonexistent,1.1,93.994,-36.4,4.857,5191.0,no
52,housemaid,married,basic.4y,no,no,no,telephone,may,tue,513,1,999,0,nonexistent,1.1,93.994,-36.4,4.857,5191.0,no
38,blue-collar,married,professional.course,no,yes,no,telephone,may,tue,321,1,999,0,nonexistent,1.1,93.994,-36.4,4.857,5191.0,no
34,services,married,high.school,unknown,no,no,telephone,may,tue,355,1,999,0,nonexistent,1.1,93.994,-36.4,4.857,5191.0,no
22,admin.,married,high.school,no,no,no,telephone,may,tue,240,2,999,0,nonexistent,1.1,93.994,-36.4,4.857,5191.0,no
31,entrepreneur,divorced,high.school,no,yes,no,telephone,may,tue,383,2,999,0,nonexistent,1.1,93.994,-36.4,4.857,5191.0,no
31,blue-collar,married,basic.9y,no,no,no,telephone,may,tue,301,1,999,0,nonexistent,1.1,93.994,-36.4,4.857,5191.0,no
33,self-employed,married,university.degree,no,no,no,telephone,may,tue,367,5,999,0,nonexistent,1.1,93.994,-36.4,4.857,5191.0,no
31,technician,married,professional.course,no,no,no,telephone,may,tue,179,3,999,0,nonexistent,1.1,93.994,-36.4,4.857,5191.0,no
34,blue-collar,single,high.school,no,no,yes,telephone,may,tue,160,1,999,0,nonexistent,1.1,93.994,-36.4,4.857,5191.0,no
29,admin.,married,high.school,no,yes,no,telephone,may,tue,181,1,999,0,nonexistent,1.1,93.994,-36.4,4.857,5191.0,no
39,blue-collar,married,basic.6y,no,yes,no,telephone,may,tue,240,6,999,0,nonexistent,1.1,93.994,-36.4,4.857,5191.0,no
36,services,married,high.school,no,no,yes,telephone,may,tue,1590,2,999,0,nonexistent,1.1,93.994,-36.4,4.857,5191.0,no
35,blue-collar,married,basic.4y,no,yes,no,telephone,may,tue,125,4,999,0,nonexistent,1.1,93.994,-36.4,4.857,5191.0,no
31,management,single,university.degree,unknown,yes,no,telephone,may,tue,174,2,999,0,nonexistent,1.1,93.994,-36.4,4.857,5191.0,no
38,blue-collar,single,high.school,no,no,no,telephone,may,tue,280,3,999,0,nonexistent,1.1,93.994,-36.4,4.857,5191.0,no
47,blue-collar,married,high.school,unknown,no,no,telephone,may,tue,269,2,999,0,nonexistent,1.1,93.994,-36.4,4.857,5191.0,no
52,management,married,professional.course,no,yes,yes,telephone,may,tue,280,1,999,0,nonexistent,1.1,93.994,-36.4,4.857,5191.0,no
58,admin.,married,basic.9y,unknown,no,no,telephone,may,tue,228,1,999,0,nonexistent,1.1,93.994,-36.4,4.857,5191.0,no
52,management,married,professional.course,no,yes,no,telephone,may,tue,709,1,999,0,nonexistent,1.1,93.994,-36.4,4.857,5191.0,yes
31,blue-collar,married,basic.9y,no,no,no,telephone,may,tue,33,6,999,0,nonexistent,1.1,93.994,-36.4,4.857,5191.0,no
28,blue-collar,single,basic.9y,no,yes,no,telephone,may,tue,212,2,999,0,nonexistent,1.1,93.994,-36.4,4.857,5191.0,no
34,blue-collar,married,basic.9y,unknown,no,yes,telephone,may,tue,107,2,999,0,nonexistent,1.1,93.994,-36.4,4.857,5191.0,no
48,blue-collar,married,high.school,unknown,yes,yes,telephone,may,tue,299,1,999,0,nonexistent,1.1,93.994,-36.4,4.857,5191.0,no
37,self-employed,divorced,high.school,no,no,no,telephone,may,tue,182,1,999,0,nonexistent,1.1,93.994,-36.4,4.857,5191.0,no
36,services,married,high.school,unknown,no,no,telephone,may,tue,318,3,999,0,nonexistent,1.1,93.994,-36.4,4.857,5191.0,no
59,entrepreneur,married,university.degree,unknown,yes,no,telephone,may,tue,217,2,999,0,nonexistent,1.1,93.994,-36.4,4.857,5191.0,no
40,blue-collar,married,basic.6y,unknown,yes,no,telephone,may,tue,211,1,999,0,nonexistent,1.1,93.994,-36.4,4.857,5191.0,no
60,retired,married,university.degree,unknown,yes,no,telephone,may,tue,245,2,999,0,nonexistent,1.1,93.994,-36.4,4.857,5191.0,no
36,admin.,single,university.degree,no,no,no,telephone,may,tue,363,2,999,0,nonexistent,1.1,93.994,-36.4,4.857,5191.0,no
38,services,married,high.school,no,yes,no,telephone,may,tue,392,3,999,0,nonexistent,1.1,93.994,-36.4,4.857,5191.0,no
42,services,married,high.school,no,yes,no,telephone,may,tue,137,2,999,0,nonexistent,1.1,93.994,-36.4,4.857,5191.0,no
28,services,married,high.school,no,no,no,telephone,may,tue,498,1,999,0,nonexistent,1.1,93.994,-36.4,4.857,5191.0,no
49,admin.,divorced,high.school,no,yes,no,telephone,may,tue,142,1,999,0,nonexistent,1.1,93.994,-36.4,4.857,5191.0,no
32,blue-collar,married,high.school,unknown,no,no,telephone,may,tue,172,1,999,0,nonexistent,1.1,93.994,-36.4,4.857,5191.0,no
44,blue-collar,married,professional.course,no,no,no,telephone,may,tue,64,1,999,0,nonexistent,1.1,93.994,-36.4,4.857,5191.0,no
42,admin.,married,high.school,no,yes,no,telephone,may,tue,453,1,999,0,nonexistent,1.1,93.994,-36.4,4.857,5191.0,no
31,technician,single,professional.course,no,yes,no,telephone,may,tue,198,1,999,0,nonexistent,1.1,93.994,-36.4,4.857,5191.0,no
25,admin.,married,unknown,no,no,no,telephone,may,tue,389,1,999,0,nonexistent,1.1,93.994,-36.4,4.857,5191.0,no
54,technician,married,basic.4y,no,no,no,telephone,may,tue,120,2,999,0,nonexistent,1.1,93.994,-36.4,4.857,5191.0,no
35,services,married,high.school,unknown,yes,no,telephone,may,tue,146,8,999,0,nonexistent,1.1,93.994,-36.4,4.857,5191.0,no
49,blue-collar,married,basic.9y,unknown,no,no,telephone,may,tue,27,1,999,0,nonexistent,1.1,93.994,-36.4,4.857,5191.0,no
34,admin.,single,university.degree,no,yes,no,telephone,may,tue,40,3,999,0,nonexistent,1.1,93.994,-36.4,4.857,5191.0,no
57,management,divorced,high.school,no,no,no,telephone,may,tue,436,1,999,0,nonexistent,1.1,93.994,-36.4,4.857,5191.0,no
32,blue-collar,married,basic.9y,no,no,no,telephone,may,tue,59,4,999,0,nonexistent,1.1,93.994,-36.4,4.857,5191.0,no
39,admin.,married,high.school,no,yes,no,telephone,may,tue,0,4,999,0,nonexistent,1.1,93.994,-36.4,4.857,5191.0,no
38,blue-collar,single,high.school,no,no,no,telephone,may,tue,364,2,999,0,nonexistent,1.1,93.994,-36.4,4.857,5191.0,no
50,services,married,professional.course,unknown,no,yes,telephone,may,tue,111,3,999,0,nonexistent,1.1,93.994,-36.4,4.857,5191.0,no
26,technician,married,professional.course,no,yes,no,telephone,may,tue,345,2,999,0,nonexistent,1.1,93.994,-36.4,4.857,5191.0,no
34,blue-collar,married,basic.6y,unknown,no,yes,telephone,may,tue,294,2,999,0,nonexistent,1.1,93.994,-36.4,4.857,5191.0,no
53,technician,married,unknown,no,yes,no,telephone,may,tue,241,2,999,0,nonexistent,1.1,93.994,-36.4,4.857,5191.0,no
45,admin.,divorced,basic.9y,no,no,no,telephone,may,tue,233,2,999,0,nonexistent,1.1,93.994,-36.4,4.857,5191.0,no
50,blue-collar,married,basic.9y,no,yes,no,telephone,may,tue,149,2,999,0,nonexistent,1.1,93.994,-36.4,4.857,5191.0,no
46,admin.,divorced,university.degree,no,yes,no,telephone,may,tue,304,2,999,0,nonexistent,1.1,93.994,-36.4,4.857,5191.0,no
35,blue-collar,married,high.school,no,yes,no,telephone,may,tue,134,2,999,0,nonexistent,1.1,93.994,-36.4,4.857,5191.0,no
34,blue-collar,married,basic.9y,no,yes,no,telephone,may,tue,355,2,999,0,nonexistent,1.1,93.994,-36.4,4.857,5191.0,no
34,blue-collar,married,basic.9y,no,no,yes,telephone,may,tue,100,2,999,0,nonexistent,1.1,93.994,-36.4,4.857,5191.0,no
24,unemployed,single,university.degree,no,no,yes,telephone,may,tue,121,2,999,0,nonexistent,1.1,93.994,-36.4,4.857,5191.0,no
26,services,single,basic.9y,no,yes,yes,telephone,may,tue,22,2,999,0,nonexistent,1.1,93.994,-36.4,4.857,5191.0,no
38,entrepreneur,married,university.degree,unknown,no,no,telephone,may,tue,477,11,999,0,nonexistent,1.1,93.994,-36.4,4.857,5191.0,no
39,blue-collar,married,basic.9y,unknown,yes,no,telephone,may,tue,30,8,999,0,nonexistent,1.1,93.994,-36.4,4.857,5191.0,no
52,admin.,divorced,university.degree,no,no,no,telephone,may,tue,136,2,999,0,nonexistent,1.1,93.994,-36.4,4.857,5191.0,no
37,blue-collar,married,professional.course,no,no,no,telephone,may,tue,305,2,999,0,nonexistent,1.1,93.994,-36.4,4.857,5191.0,no
37,blue-collar,married,basic.4y,unknown,no,no,telephone,may,tue,123,1,999,0,nonexistent,1.1,93.994,-36.4,4.857,5191.0,no
29,blue-collar,married,high.school,unknown,no,no,telephone,may,tue,103,2,999,0,nonexistent,1.1,93.994,-36.4,4.857,5191.0,no
37,technician,married,university.degree,no,yes,no,telephone,may,tue,8,2,999,0,nonexistent,1.1,93.994,-36.4,4.857,5191.0,no
36,unemployed,single,basic.4y,unknown,yes,no,telephone,may,tue,267,1,999,0,nonexistent,1.1,93.994,-36.4,4.857,5191.0,no
39,services,married,high.school,unknown,yes,no,telephone,may,tue,399,2,999,0,nonexistent,1.1,93.994,-36.4,4.857,5191.0,no
30,self-employed,married,basic.9y,no,no,no,telephone,may,tue,3094,2,999,0,nonexistent,1.1,93.994,-36.4,4.857,5191.0,yes
29,technician,married,professional.course,no,no,no,telephone,may,tue,64,1,999,0,nonexistent,1.1,93.994,-36.4,4.857,5191.0,no
34,technician,single,professional.course,no,no,yes,telephone,may,tue,3,1,999,0,nonexistent,1.1,93.994,-36.4,4.857,5191.0,no
48,management,divorced,university.degree,no,yes,no,telephone,may,tue,159,5,999,0,nonexistent,1.1,93.994,-36.4,4.857,5191.0,no
42,technician,single,high.school,no,no,no,telephone,may,tue,359,6,999,0,nonexistent,1.1,93.994,-36.4,4.857,5191.0,no
40,blue-collar,married,basic.6y,no,no,yes,telephone,may,tue,89,2,999,0,nonexistent,1.1,93.994,-36.4,4.857,5191.0,no
37,admin.,married,unknown,no,yes,no,telephone,may,tue,220,2,999,0,nonexistent,1.1,93.994,-36.4,4.857,5191.0,no
30,blue-collar,married,basic.9y,no,no,yes,telephone,may,tue,179,5,999,0,nonexistent,1.1,93.994,-36.4,4.857,5191.0,no
46,self-employed,married,university.degree,no,yes,no,telephone,may,tue,151,5,999,0,nonexistent,1.1,93.994,-36.4,4.857,5191.0,no
47,blue-collar,married,basic.4y,unknown,unknown,unknown,telephone,may,tue,66,2,999,0,nonexistent,1.1,93.994,-36.4,4.857,5191.0,no
60,retired,divorced,basic.4y,unknown,yes,no,telephone,may,tue,135,5,999,0,nonexistent,1.1,93.994,-36.4,4.857,5191.0,no
31,services,married,high.school,no,no,no,telephone,may,tue,166,2,999,0,nonexistent,1.1,93.994,-36.4,4.857,5191.0,no
43,admin.,married,high.school,no,no,no,telephone,may,tue,132,6,999,0,nonexistent,1.1,93.994,-36.4,4.857,5191.0,no
38,admin.,married,university.degree,no,no,no,telephone,may,tue,141,3,999,0,nonexistent,1.1,93.994,-36.4,4.857,5191.0,no
55,technician,married,basic.6y,no,yes,no,telephone,may,tue,452,2,999,0,nonexistent,1.1,93.994,-36.4,4.857,5191.0,no
48,admin.,divorced,high.school,no,no,no,telephone,may,tue,62,2,999,0,nonexistent,1.1,93.994,-36.4,4.857,5191.0,no
30,technician,married,high.school,no,yes,no,telephone,may,tue,354,3,999,0,nonexistent,1.1,93.994,-36.4,4.857,5191.0,no
32,admin.,single,high.school,no,yes,no,telephone,may,tue,54,4,999,0,nonexistent,1.1,93.994,-36.4,4.857,5191.0,no
42,management,married,basic.6y,unknown,yes,no,telephone,may,tue,89,5,999,0,nonexistent,1.1,93.994,-36.4,4.857,5191.0,no
35,blue-collar,married,basic.4y,unknown,no,no,telephone,may,tue,580,2,999,0,nonexistent,1.1,93.994,-36.4,4.857,5191.0,no
35,admin.,married,basic.9y,no,no,no,telephone,may,tue,34,3,999,0,nonexistent,1.1,93.994,-36.4,4.857,5191.0,no
41,admin.,divorced,high.school,no,no,no,telephone,may,tue,72,3,999,0,nonexistent,1.1,93.994,-36.4,4.857,5191.0,no
34,management,married,university.degree,no,yes,no,telephone,may,tue,99,2,999,0,nonexistent,1.1,93.994,-36.4,4.857,5191.0,no
53,housemaid,married,basic.6y,no,unknown,unknown,telephone,may,tue,175,5,999,0,nonexistent,1.1,93.994,-36.4,4.857,5191.0,no
57,entrepreneur,married,university.degree,no,yes,no,telephone,may,tue,290,2,999,0,nonexistent,1.1,93.994,-36.4,4.857,5191.0,no
52,blue-collar,married,basic.4y,no,yes,no,telephone,may,tue,336,10,999,0,nonexistent,1.1,93.994,-36.4,4.857,5191.0,no
30,blue-collar,divorced,basic.9y,no,no,no,telephone,may,tue,29,2,999,0,nonexistent,1.1,93.994,-36.4,4.857,5191.0,no
41,admin.,single,university.degree,no,no,no,telephone,may,tue,266,4,999,0,nonexistent,1.1,93.994,-36.4,4.857,5191.0,no
44,admin.,married,unknown,no,no,no,telephone,may,tue,45,2,999,0,nonexistent,1.1,93.994,-36.4,4.857,5191.0,no
37,blue-collar,married,basic.9y,no,no,no,telephone,may,tue,298,3,999,0,nonexistent,1.1,93.994,-36.4,4.857,5191.0,no
31,admin.,married,high.school,no,no,no,telephone,may,tue,1043,2,999,0,nonexistent,1.1,93.994,-36.4,4.857,5191.0,no
30,admin.,married,university.degree,no,yes,no,telephone,may,tue,83,3,999,0,nonexistent,1.1,93.994,-36.4,4.857,5191.0,no
24,blue-collar,single,basic.9y,no,no,no,telephone,may,tue,282,2,999,0,nonexistent,1.1,93.994,-36.4,4.857,5191.0,no
31,blue-collar,single,high.school,no,no,yes,telephone,may,tue,209,2,999,0,nonexistent,1.1,93.994,-36.4,4.857,5191.0,no
38,blue-collar,married,basic.4y,no,yes,no,telephone,may,tue,106,2,999,0,nonexistent,1.1,93.994,-36.4,4.857,5191.0,no
42,admin.,married,university.degree,unknown,no,no,telephone,may,tue,42,4,999,0,nonexistent,1.1,93.994,-36.4,4.857,5191.0,no
33,admin.,single,university.degree,no,yes,no,telephone,may,tue,319,5,999,0,nonexistent,1.1,93.994,-36.4,4.857,5191.0,no
28,management,married,university.degree,no,no,no,telephone,may,tue,371,2,999,0,nonexistent,1.1,93.994,-36.4,4.857,5191.0,no
40,blue-collar,married,basic.6y,no,yes,no,telephone,may,tue,383,3,999,0,nonexistent,1.1,93.994,-36.4,4.857,5191.0,no
33,admin.,divorced,high.school,no,yes,no,telephone,may,tue,110,2,999,0,nonexistent,1.1,93.994,-36.4,4.857,5191.0,no
48,blue-collar,divorced,basic.4y,unknown,no,no,telephone,may,tue,88,2,999,0,nonexistent,1.1,93.994,-36.4,4.857,5191.0,no
41,admin.,married,basic.9y,no,no,no,telephone,may,tue,97,5,999,0,nonexistent,1.1,93.994,-36.4,4.857,5191.0,no
37,blue-collar,married,basic.9y,unknown,no,no,telephone,may,tue,335,3,999,0,nonexistent,1.1,93.994,-36.4,4.857,5191.0,no
39,management,married,university.degree,no,no,no,telephone,may,tue,15,10,999,0,nonexistent,1.1,93.994,-36.4,4.857,5191.0,no
28,self-employed,single,basic.9y,no,yes,no,telephone,may,tue,4,4,999,0,nonexistent,1.1,93.994,-36.4,4.857,5191.0,no
55,admin.,married,high.school,unknown,no,no,telephone,may,tue,5,3,999,0,nonexistent,1.1,93.994,-36.4,4.857,5191.0,no
50,admin.,married,high.school,unknown,no,no,telephone,may,tue,178,3,999,0,nonexistent,1.1,93.994,-36.4,4.857,5191.0,no
31,entrepreneur,married,basic.6y,no,yes,no,telephone,may,tue,256,5,999,0,nonexistent,1.1,93.994,-36.4,4.857,5191.0,no
40,technician,married,professional.course,unknown,yes,no,telephone,may,tue,284,1,999,0,nonexistent,1.1,93.994,-36.4,4.857,5191.0,no
40,technician,married,professional.course,unknown,yes,no,telephone,may,tue,264,1,999,0,nonexistent,1.1,93.994,-36.4,4.857,5191.0,no
32,blue-collar,single,high.school,no,yes,no,telephone,may,tue,124,2,999,0,nonexistent,1.1,93.994,-36.4,4.857,5191.0,no
50,admin.,married,high.school,no,yes,no,telephone,may,tue,20,19,999,0,nonexistent,1.1,93.994,-36.4,4.857,5191.0,no
35,blue-collar,married,basic.4y,unknown,yes,no,telephone,may,tue,15,13,999,0,nonexistent,1.1,93.994,-36.4,4.857,5191.0,no
24,blue-collar,single,basic.9y,no,yes,no,telephone,may,tue,112,4,999,0,nonexistent,1.1,93.994,-36.4,4.857,5191.0,no
45,technician,married,professional.course,no,yes,no,telephone,may,tue,350,4,999,0,nonexistent,1.1,93.994,-36.4,4.857,5191.0,no
56,technician,married,university.degree,unknown,yes,no,telephone,may,tue,240,3,999,0,nonexistent,1.1,93.994,-36.4,4.857,5191.0,no
33,unemployed,single,university.degree,no,yes,no,telephone,may,tue,127,2,999,0,nonexistent,1.1,93.994,-36.4,4.857,5191.0,no
43,admin.,married,high.school,no,no,no,telephone,may,tue,157,2,999,0,nonexistent,1.1,93.994,-36.4,4.857,5191.0,no
42,housemaid,single,basic.4y,unknown,yes,no,telephone,may,tue,662,7,999,0,nonexistent,1.1,93.994,-36.4,4.857,5191.0,no
43,blue-collar,married,basic.4y,unknown,yes,no,telephone,may,tue,124,2,999,0,nonexistent,1.1,93.994,-36.4,4.857,5191.0,no
45,admin.,married,basic.9y,no,yes,no,telephone,may,tue,165,2,999,0,nonexistent,1.1,93.994,-36.4,4.857,5191.0,no
47,services,married,university.degree,no,yes,no,telephone,may,tue,63,9,999,0,nonexistent,1.1,93.994,-36.4,4.857,5191.0,no
50,admin.,single,university.degree,no,no,no,telephone,may,tue,101,3,999,0,nonexistent,1.1,93.994,-36.4,4.857,5191.0,no
52,services,married,high.school,no,no,no,telephone,may,tue,145,5,999,0,nonexistent,1.1,93.994,-36.4,4.857,5191.0,no
38,unemployed,divorced,high.school,no,no,no,telephone,may,tue,349,3,999,0,nonexistent,1.1,93.994,-36.4,4.857,5191.0,no
51,technician,married,basic.9y,no,yes,no,telephone,may,tue,676,6,999,0,nonexistent,1.1,93.994,-36.4,4.857,5191.0,no
29,admin.,married,basic.9y,no,yes,no,telephone,may,tue,197,4,999,0,nonexistent,1.1,93.994,-36.4,4.857,5191.0,no
35,admin.,married,university.degree,no,no,no,telephone,may,tue,235,4,999,0,nonexistent,1.1,93.994,-36.4,4.857,5191.0,no
57,retired,married,unknown,unknown,no,no,telephone,may,tue,205,8,999,0,nonexistent,1.1,93.994,-36.4,4.857,5191.0,no
37,technician,single,university.degree,no,yes,no,telephone,may,tue,291,2,999,0,nonexistent,1.1,93.994,-36.4,4.857,5191.0,no
39,services,married,high.school,no,no,no,telephone,may,tue,132,2,999,0,nonexistent,1.1,93.994,-36.4,4.857,5191.0,no
29,housemaid,married,university.degree,no,no,no,telephone,may,tue,165,3,999,0,nonexistent,1.1,93.994,-36.4,4.857,5191.0,no
56,admin.,divorced,high.school,no,yes,no,telephone,may,tue,196,3,999,0,nonexistent,1.1,93.994,-36.4,4.857,5191.0,no
41,services,married,high.school,no,no,no,telephone,may,tue,177,2,999,0,nonexistent,1.1,93.994,-36.4,4.857,5191.0,no
36,blue-collar,married,basic.9y,unknown,yes,no,telephone,may,tue,547,3,999,0,nonexistent,1.1,93.994,-36.4,4.857,5191.0,no
39,services,single,high.school,unknown,yes,no,telephone,may,tue,62,2,999,0,nonexistent,1.1,93.994,-36.4,4.857,5191.0,no
50,self-employed,unknown,basic.6y,no,no,no,telephone,may,tue,398,3,999,0,nonexistent,1.1,93.994,-36.4,4.857,5191.0,no
52,management,divorced,university.degree,no,yes,no,telephone,may,tue,342,4,999,0,nonexistent,1.1,93.994,-36.4,4.857,5191.0,no
34,services,married,high.school,unknown,no,no,telephone,may,tue,198,2,999,0,nonexistent,1.1,93.994,-36.4,4.857,5191.0,no
39,admin.,married,university.degree,no,no,no,telephone,may,tue,160,3,999,0,nonexistent,1.1,93.994,-36.4,4.857,5191.0,no
35,admin.,single,professional.course,unknown,yes,no,telephone,may,tue,352,4,999,0,nonexistent,1.1,93.994,-36.4,4.857,5191.0,no
35,blue-collar,married,unknown,no,yes,no,telephone,may,tue,112,3,999,0,nonexistent,1.1,93.994,-36.4,4.857,5191.0,no
52,self-employed,married,basic.9y,unknown,yes,no,telephone,may,tue,90,4,999,0,nonexistent,1.1,93.994,-36.4,4.857,5191.0,no
53,services,divorced,university.degree,no,yes,no,telephone,may,tue,22,16,999,0,nonexistent,1.1,93.994,-36.4,4.857,5191.0,no
25,technician,single,university.degree,no,unknown,unknown,telephone,may,tue,230,3,999,0,nonexistent,1.1,93.994,-36.4,4.857,5191.0,no
30,services,married,university.degree,no,no,no,telephone,may,tue,143,8,999,0,nonexistent,1.1,93.994,-36.4,4.857,5191.0,no
29,blue-collar,married,high.school,no,yes,no,telephone,may,tue,102,3,999,0,nonexistent,1.1,93.994,-36.4,4.857,5191.0,no
28,admin.,single,high.school,no,yes,no,telephone,may,tue,42,3,999,0,nonexistent,1.1,93.994,-36.4,4.857,5191.0,no
53,entrepreneur,single,basic.9y,no,no,no,telephone,may,tue,144,7,999,0,nonexistent,1.1,93.994,-36.4,4.857,5191.0,no
36,blue-collar,married,basic.6y,unknown,yes,no,telephone,may,tue,306,5,999,0,nonexistent,1.1,93.994,-36.4,4.857,5191.0,no
29,services,divorced,high.school,no,yes,no,telephone,may,tue,50,3,999,0,nonexistent,1.1,93.994,-36.4,4.857,5191.0,no
34,blue-collar,married,basic.9y,no,yes,no,telephone,may,tue,132,8,999,0,nonexistent,1.1,93.994,-36.4,4.857,5191.0,no
35,blue-collar,married,high.school,no,no,yes,telephone,may,tue,108,3,999,0,nonexistent,1.1,93.994,-36.4,4.857,5191.0,no
45,admin.,single,professional.course,no,no,no,telephone,may,tue,265,4,999,0,nonexistent,1.1,93.994,-36.4,4.857,5191.0,no
54,retired,married,basic.4y,unknown,no,no,telephone,may,tue,107,2,999,0,nonexistent,1.1,93.994,-36.4,4.857,5191.0,no
59,retired,divorced,basic.4y,no,no,no,telephone,may,tue,167,3,999,0,nonexistent,1.1,93.994,-36.4,4.857,5191.0,no
26,blue-collar,single,basic.9y,no,yes,no,telephone,may,tue,145,2,999,0,nonexistent,1.1,93.994,-36.4,4.857,5191.0,no
50,admin.,married,university.degree,no,no,yes,telephone,may,tue,20,4,999,0,nonexistent,1.1,93.994,-36.4,4.857,5191.0,no
48,admin.,single,basic.6y,unknown,yes,no,telephone,may,tue,141,2,999,0,nonexistent,1.1,93.994,-36.4,4.857,5191.0,no
33,management,married,university.degree,unknown,yes,no,telephone,may,tue,346,3,999,0,nonexistent,1.1,93.994,-36.4,4.857,5191.0,no
34,services,single,basic.9y,unknown,yes,yes,telephone,may,tue,1168,2,999,0,nonexistent,1.1,93.994,-36.4,4.857,5191.0,no
29,blue-collar,single,high.school,unknown,yes,no,telephone,may,wed,74,3,999,0,nonexistent,1.1,93.994,-36.4,4.857,5191.0,no
39,housemaid,married,basic.4y,unknown,no,no,telephone,may,wed,125,12,999,0,nonexistent,1.1,93.994,-36.4,4.857,5191.0,no
25,technician,married,high.school,no,yes,no,telephone,may,wed,153,3,999,0,nonexistent,1.1,93.994,-36.4,4.857,5191.0,no
36,admin.,married,high.school,unknown,yes,no,telephone,may,wed,61,2,999,0,nonexistent,1.1,93.994,-36.4,4.857,5191.0,no
46,admin.,divorced,university.degree,unknown,yes,no,telephone,may,wed,318,6,999,0,nonexistent,1.1,93.994,-36.4,4.857,5191.0,no
40,services,single,high.school,unknown,no,no,telephone,may,wed,189,7,999,0,nonexistent,1.1,93.994,-36.4,4.857,5191.0,no
29,services,married,high.school,no,yes,no,telephone,may,wed,121,1,999,0,nonexistent,1.1,93.994,-36.4,4.857,5191.0,no
35,services,married,high.school,no,no,no,telephone,may,wed,110,2,999,0,nonexistent,1.1,93.994,-36.4,4.857,5191.0,no
50,management,single,university.degree,no,unknown,unknown,telephone,may,wed,372,2,999,0,nonexistent,1.1,93.994,-36.4,4.857,5191.0,no
32,blue-collar,married,basic.4y,unknown,yes,no,telephone,may,wed,223,1,999,0,nonexistent,1.1,93.994,-36.4,4.857,5191.0,no
49,services,divorced,high.school,no,no,no,telephone,may,wed,117,6,999,0,nonexistent,1.1,93.994,-36.4,4.857,5191.0,no
39,blue-collar,single,basic.4y,unknown,unknown,unknown,telephone,may,wed,64,1,999,0,nonexistent,1.1,93.994,-36.4,4.857,5191.0,no
56,services,married,high.school,unknown,no,no,telephone,may,wed,507,2,999,0,nonexistent,1.1,93.994,-36.4,4.857,5191.0,no
33,services,divorced,high.school,no,no,no,telephone,may,wed,201,1,999,0,nonexistent,1.1,93.994,-36.4,4.857,5191.0,no
47,admin.,married,university.degree,unknown,no,no,telephone,may,wed,91,3,999,0,nonexistent,1.1,93.994,-36.4,4.857,5191.0,no
32,management,married,university.degree,no,yes,no,telephone,may,wed,230,8,999,0,nonexistent,1.1,93.994,-36.4,4.857,5191.0,no
53,unknown,married,high.school,unknown,no,no,telephone,may,wed,249,2,999,0,nonexistent,1.1,93.994,-36.4,4.857,5191.0,no
38,technician,single,high.school,no,no,no,telephone,may,wed,152,1,999,0,nonexistent,1.1,93.994,-36.4,4.857,5191.0,no
41,technician,single,university.degree,unknown,no,no,telephone,may,wed,551,1,999,0,nonexistent,1.1,93.994,-36.4,4.857,5191.0,no
45,admin.,married,high.school,no,no,no,telephone,may,wed,215,2,999,0,nonexistent,1.1,93.994,-36.4,4.857,5191.0,no
42,technician,single,high.school,unknown,yes,no,telephone,may,wed,617,1,999,0,nonexistent,1.1,93.994,-36.4,4.857,5191.0,no
37,blue-collar,single,high.school,no,no,no,telephone,may,wed,332,1,999,0,nonexistent,1.1,93.994,-36.4,4.857,5191.0,no
29,admin.,single,basic.9y,unknown,yes,no,telephone,may,wed,198,1,999,0,nonexistent,1.1,93.994,-36.4,4.857,5191.0,no
52,admin.,divorced,university.degree,no,yes,no,telephone,may,wed,938,2,999,0,nonexistent,1.1,93.994,-36.4,4.857,5191.0,yes
47,admin.,married,university.degree,no,yes,no,telephone,may,wed,385,1,999,0,nonexistent,1.1,93.994,-36.4,4.857,5191.0,no
46,admin.,married,unknown,no,no,no,telephone,may,wed,181,2,999,0,nonexistent,1.1,93.994,-36.4,4.857,5191.0,no
45,blue-collar,divorced,basic.9y,no,yes,no,telephone,may,wed,193,1,999,0,nonexistent,1.1,93.994,-36.4,4.857,5191.0,no
35,admin.,single,high.school,no,yes,no,telephone,may,wed,195,4,999,0,nonexistent,1.1,93.994,-36.4,4.857,5191.0,no
33,blue-collar,married,basic.9y,unknown,yes,no,telephone,may,wed,254,1,999,0,nonexistent,1.1,93.994,-36.4,4.857,5191.0,no
31,management,divorced,basic.6y,no,no,no,telephone,may,wed,198,3,999,0,nonexistent,1.1,93.994,-36.4,4.857,5191.0,no
35,blue-collar,married,basic.9y,no,no,no,telephone,may,wed,79,6,999,0,nonexistent,1.1,93.994,-36.4,4.857,5191.0,no
32,blue-collar,divorced,basic.9y,no,no,no,telephone,may,wed,95,3,999,0,nonexistent,1.1,93.994,-36.4,4.857,5191.0,no
33,technician,single,university.degree,no,no,yes,telephone,may,wed,130,2,999,0,nonexistent,1.1,93.994,-36.4,4.857,5191.0,no
37,blue-collar,divorced,basic.9y,unknown,no,no,telephone,may,wed,454,1,999,0,nonexistent,1.1,93.994,-36.4,4.857,5191.0,no
49,blue-collar,married,basic.9y,no,yes,no,telephone,may,wed,102,1,999,0,nonexistent,1.1,93.994,-36.4,4.857,5191.0,no
45,blue-collar,married,basic.4y,unknown,yes,no,telephone,may,wed,185,1,999,0,nonexistent,1.1,93.994,-36.4,4.857,5191.0,no
38,blue-collar,single,basic.9y,unknown,yes,no,telephone,may,wed,189,1,999,0,nonexistent,1.1,93.994,-36.4,4.857,5191.0,no
37,housemaid,married,high.school,no,no,no,telephone,may,wed,132,1,999,0,nonexistent,1.1,93.994,-36.4,4.857,5191.0,no
52,services,divorced,high.school,unknown,yes,no,telephone,may,wed,103,4,999,0,nonexistent,1.1,93.994,-36.4,4.857,5191.0,no
52,entrepreneur,married,basic.9y,unknown,yes,no,telephone,may,wed,176,2,999,0,nonexistent,1.1,93.994,-36.4,4.857,5191.0,no
42,blue-collar,divorced,basic.4y,no,yes,yes,telephone,may,wed,738,1,999,0,nonexistent,1.1,93.994,-36.4,4.857,5191.0,no
57,admin.,divorced,basic.9y,no,no,no,telephone,may,wed,283,3,999,0,nonexistent,1.1,93.994,-36.4,4.857,5191.0,no
57,management,divorced,high.school,no,yes,no,telephone,may,wed,224,2,999,0,nonexistent,1.1,93.994,-36.4,4.857,5191.0,no
45,blue-collar,divorced,basic.4y,no,no,no,telephone,may,wed,519,1,999,0,nonexistent,1.1,93.994,-36.4,4.857,5191.0,no
37,admin.,divorced,university.degree,no,unknown,unknown,telephone,may,wed,128,2,999,0,nonexistent,1.1,93.994,-36.4,4.857,5191.0,no
39,blue-collar,single,professional.course,unknown,no,no,telephone,may,wed,480,2,999,0,nonexistent,1.1,93.994,-36.4,4.857,5191.0,no
39,self-employed,married,basic.4y,unknown,yes,no,telephone,may,wed,177,2,999,0,nonexistent,1.1,93.994,-36.4,4.857,5191.0,no
35,services,married,high.school,no,no,no,telephone,may,wed,102,1,999,0,nonexistent,1.1,93.994,-36.4,4.857,5191.0,no
50,services,married,high.school,no,yes,no,telephone,may,wed,49,3,999,0,nonexistent,1.1,93.994,-36.4,4.857,5191.0,no
56,retired,married,basic.4y,no,no,no,telephone,may,wed,88,2,999,0,nonexistent,1.1,93.994,-36.4,4.857,5191.0,no
38,blue-collar,married,basic.6y,no,no,no,telephone,may,wed,124,1,999,0,nonexistent,1.1,93.994,-36.4,4.857,5191.0,no
56,retired,married,university.degree,no,yes,no,telephone,may,wed,199,3,999,0,nonexistent,1.1,93.994,-36.4,4.857,5191.0,no
34,blue-collar,single,basic.9y,unknown,no,no,telephone,may,wed,576,3,999,0,nonexistent,1.1,93.994,-36.4,4.857,5191.0,yes
49,blue-collar,single,basic.4y,no,yes,no,telephone,may,wed,58,1,999,0,nonexistent,1.1,93.994,-36.4,4.857,5191.0,no
40,admin.,single,high.school,unknown,no,no,telephone,may,wed,261,6,999,0,nonexistent,1.1,93.994,-36.4,4.857,5191.0,no
41,entrepreneur,single,basic.4y,no,no,no,telephone,may,wed,430,1,999,0,nonexistent,1.1,93.994,-36.4,4.857,5191.0,no
32,admin.,single,university.degree,no,no,no,telephone,may,wed,674,2,999,0,nonexistent,1.1,93.994,-36.4,4.857,5191.0,no
43,blue-collar,single,basic.9y,no,yes,no,telephone,may,wed,112,7,999,0,nonexistent,1.1,93.994,-36.4,4.857,5191.0,no
53,technician,married,professional.course,no,yes,no,telephone,may,wed,248,6,999,0,nonexistent,1.1,93.994,-36.4,4.857,5191.0,no
31,admin.,married,high.school,no,no,no,telephone,may,wed,350,1,999,0,nonexistent,1.1,93.994,-36.4,4.857,5191.0,no
33,services,married,high.school,no,no,no,telephone,may,wed,147,1,999,0,nonexistent,1.1,93.994,-36.4,4.857,5191.0,no
43,blue-collar,married,basic.9y,no,yes,no,telephone,may,wed,141,2,999,0,nonexistent,1.1,93.994,-36.4,4.857,5191.0,no
34,blue-collar,married,basic.6y,unknown,yes,no,telephone,may,wed,256,2,999,0,nonexistent,1.1,93.994,-36.4,4.857,5191.0,no
32,blue-collar,married,basic.6y,no,no,no,telephone,may,wed,163,1,999,0,nonexistent,1.1,93.994,-36.4,4.857,5191.0,no
30,technician,married,professional.course,no,yes,yes,telephone,may,wed,195,3,999,0,nonexistent,1.1,93.994,-36.4,4.857,5191.0,no
53,blue-collar,married,basic.9y,no,yes,no,telephone,may,wed,61,1,999,0,nonexistent,1.1,93.994,-36.4,4.857,5191.0,no
36,admin.,divorced,university.degree,no,yes,no,telephone,may,wed,95,3,999,0,nonexistent,1.1,93.994,-36.4,4.857,5191.0,no
33,blue-collar,married,basic.9y,no,yes,no,telephone,may,wed,166,1,999,0,nonexistent,1.1,93.994,-36.4,4.857,5191.0,no
35,blue-collar,married,basic.6y,no,no,no,telephone,may,wed,39,1,999,0,nonexistent,1.1,93.994,-36.4,4.857,5191.0,no
33,services,married,basic.9y,unknown,yes,no,telephone,may,wed,861,2,999,0,nonexistent,1.1,93.994,-36.4,4.857,5191.0,no
36,blue-collar,single,high.school,no,yes,no,telephone,may,wed,212,1,999,0,nonexistent,1.1,93.994,-36.4,4.857,5191.0,no
41,services,married,high.school,no,yes,no,telephone,may,wed,55,1,999,0,nonexistent,1.1,93.994,-36.4,4.857,5191.0,no
59,technician,divorced,professional.course,no,no,no,telephone,may,wed,209,2,999,0,nonexistent,1.1,93.994,-36.4,4.857,5191.0,no
33,technician,married,basic.9y,no,no,no,telephone,may,wed,68,1,999,0,nonexistent,1.1,93.994,-36.4,4.857,5191.0,no
35,management,married,professional.course,no,yes,yes,telephone,may,wed,136,1,999,0,nonexistent,1.1,93.994,-36.4,4.857,5191.0,no
60,technician,divorced,professional.course,unknown,no,no,telephone,may,wed,390,1,999,0,nonexistent,1.1,93.994,-36.4,4.857,5191.0,no
35,management,married,professional.course,no,no,no,telephone,may,wed,373,1,999,0,nonexistent,1.1,93.994,-36.4,4.857,5191.0,no
35,blue-collar,divorced,basic.4y,unknown,no,no,telephone,may,wed,44,1,999,0,nonexistent,1.1,93.994,-36.4,4.857,5191.0,no
59,retired,married,basic.4y,unknown,yes,yes,telephone,may,wed,571,1,999,0,nonexistent,1.1,93.994,-36.4,4.857,5191.0,no
25,self-employed,single,university.degree,no,no,no,telephone,may,wed,199,2,999,0,nonexistent,1.1,93.994,-36.4,4.857,5191.0,no
27,admin.,single,university.degree,no,yes,no,telephone,may,wed,582,1,999,0,nonexistent,1.1,93.994,-36.4,4.857,5191.0,no
37,blue-collar,single,basic.9y,no,no,no,telephone,may,wed,210,1,999,0,nonexistent,1.1,93.994,-36.4,4.857,5191.0,no
34,technician,married,university.degree,no,no,yes,telephone,may,wed,217,1,999,0,nonexistent,1.1,93.994,-36.4,4.857,5191.0,no
33,self-employed,married,university.degree,no,yes,yes,telephone,may,wed,85,1,999,0,nonexistent,1.1,93.994,-36.4,4.857,5191.0,no
34,technician,married,university.degree,no,yes,no,telephone,may,wed,396,1,999,0,nonexistent,1.1,93.994,-36.4,4.857,5191.0,no
43,technician,single,professional.course,no,no,no,telephone,may,wed,58,1,999,0,nonexistent,1.1,93.994,-36.4,4.857,5191.0,no
41,management,married,high.school,no,no,no,telephone,may,wed,263,1,999,0,nonexistent,1.1,93.994,-36.4,4.857,5191.0,no
58,unknown,married,basic.4y,no,yes,no,telephone,may,wed,210,1,999,0,nonexistent,1.1,93.994,-36.4,4.857,5191.0,no
30,blue-collar,divorced,basic.9y,no,yes,no,telephone,may,wed,64,4,999,0,nonexistent,1.1,93.994,-36.4,4.857,5191.0,no
43,entrepreneur,divorced,high.school,no,yes,no,telephone,may,wed,181,1,999,0,nonexistent,1.1,93.994,-36.4,4.857,5191.0,no
45,services,married,high.school,unknown,yes,no,telephone,may,wed,171,6,999,0,nonexistent,1.1,93.994,-36.4,4.857,5191.0,no
34,technician,single,professional.course,no,no,no,telephone,may,wed,223,1,999,0,nonexistent,1.1,93.994,-36.4,4.857,5191.0,no
35,admin.,single,university.degree,no,no,no,telephone,may,wed,204,1,999,0,nonexistent,1.1,93.994,-36.4,4.857,5191.0,no
56,technician,married,basic.9y,no,yes,no,telephone,may,wed,52,2,999,0,nonexistent,1.1,93.994,-36.4,4.857,5191.0,no
34,admin.,single,high.school,no,yes,no,telephone,may,wed,199,1,999,0,nonexistent,1.1,93.994,-36.4,4.857,5191.0,no
34,admin.,single,high.school,no,no,yes,telephone,may,wed,195,1,999,0,nonexistent,1.1,93.994,-36.4,4.857,5191.0,no
47,admin.,married,high.school,no,no,yes,telephone,may,wed,139,1,999,0,nonexistent,1.1,93.994,-36.4,4.857,5191.0,no
34,admin.,divorced,university.degree,no,no,no,telephone,may,wed,63,2,999,0,nonexistent,1.1,93.994,-36.4,4.857,5191.0,no
57,blue-collar,divorced,basic.9y,no,yes,no,telephone,may,wed,543,2,999,0,nonexistent,1.1,93.994,-36.4,4.857,5191.0,yes
45,blue-collar,married,basic.4y,unknown,no,no,telephone,may,wed,154,3,999,0,nonexistent,1.1,93.994,-36.4,4.857,5191.0,no
30,services,married,high.school,no,no,no,telephone,may,wed,226,10,999,0,nonexistent,1.1,93.994,-36.4,4.857,5191.0,no
34,blue-collar,single,university.degree,no,yes,yes,telephone,may,wed,165,1,999,0,nonexistent,1.1,93.994,-36.4,4.857,5191.0,no
34,blue-collar,single,university.degree,no,no,no,telephone,may,wed,156,1,999,0,nonexistent,1.1,93.994,-36.4,4.857,5191.0,no
43,services,married,high.school,unknown,no,no,telephone,may,wed,297,1,999,0,nonexistent,1.1,93.994,-36.4,4.857,5191.0,no
42,unemployed,married,basic.9y,no,no,no,telephone,may,wed,174,1,999,0,nonexistent,1.1,93.994,-36.4,4.857,5191.0,no
38,technician,divorced,basic.9y,no,no,no,telephone,may,wed,221,1,999,0,nonexistent,1.1,93.994,-36.4,4.857,5191.0,no
34,blue-collar,married,basic.9y,no,yes,yes,telephone,may,wed,1479,4,999,0,nonexistent,1.1,93.994,-36.4,4.857,5191.0,yes
47,admin.,married,basic.9y,no,yes,no,telephone,may,wed,136,1,999,0,nonexistent,1.1,93.994,-36.4,4.857,5191.0,no
36,blue-collar,married,basic.4y,unknown,yes,no,telephone,may,wed,21,21,999,0,nonexistent,1.1,93.994,-36.4,4.857,5191.0,no
51,admin.,divorced,university.degree,no,yes,no,telephone,may,wed,72,18,999,0,nonexistent,1.1,93.994,-36.4,4.857,5191.0,no
41,blue-collar,single,high.school,no,yes,no,telephone,may,wed,125,2,999,0,nonexistent,1.1,93.994,-36.4,4.857,5191.0,no
38,admin.,married,university.degree,no,yes,yes,telephone,may,wed,154,2,999,0,nonexistent,1.1,93.994,-36.4,4.857,5191.0,no
36,blue-collar,married,professional.course,unknown,yes,yes,telephone,may,wed,236,1,999,0,nonexistent,1.1,93.994,-36.4,4.857,5191.0,no
33,blue-collar,single,high.school,no,yes,no,telephone,may,wed,202,2,999,0,nonexistent,1.1,93.994,-36.4,4.857,5191.0,no
44,admin.,married,university.degree,no,yes,yes,telephone,may,wed,143,2,999,0,nonexistent,1.1,93.994,-36.4,4.857,5191.0,no
31,services,married,high.school,no,yes,no,telephone,may,wed,119,5,999,0,nonexistent,1.1,93.994,-36.4,4.857,5191.0,no
45,services,single,high.school,no,yes,no,telephone,may,wed,268,1,999,0,nonexistent,1.1,93.994,-36.4,4.857,5191.0,no
48,admin.,divorced,high.school,no,yes,no,telephone,may,wed,507,1,999,0,nonexistent,1.1,93.994,-36.4,4.857,5191.0,no
25,management,single,university.degree,no,yes,no,telephone,may,wed,126,4,999,0,nonexistent,1.1,93.994,-36.4,4.857,5191.0,no
37,self-employed,married,professional.course,no,yes,yes,telephone,may,wed,268,1,999,0,nonexistent,1.1,93.994,-36.4,4.857,5191.0,no
27,services,single,high.school,no,yes,no,telephone,may,wed,386,1,999,0,nonexistent,1.1,93.994,-36.4,4.857,5191.0,no
35,blue-collar,married,basic.6y,unknown,no,no,telephone,may,wed,313,2,999,0,nonexistent,1.1,93.994,-36.4,4.857,5191.0,no
34,services,married,high.school,no,no,no,telephone,may,wed,63,1,999,0,nonexistent,1.1,93.994,-36.4,4.857,5191.0,no
38,blue-collar,single,basic.9y,no,yes,no,telephone,may,wed,75,1,999,0,nonexistent,1.1,93.994,-36.4,4.857,5191.0,no
46,blue-collar,married,basic.4y,no,no,no,telephone,may,wed,89,1,999,0,nonexistent,1.1,93.994,-36.4,4.857,5191.0,no
42,technician,married,professional.course,no,no,yes,telephone,may,wed,96,5,999,0,nonexistent,1.1,93.994,-36.4,4.857,5191.0,no
42,blue-collar,married,basic.9y,no,yes,no,telephone,may,wed,209,1,999,0,nonexistent,1.1,93.994,-36.4,4.857,5191.0,no
39,blue-collar,married,basic.6y,unknown,no,no,telephone,may,wed,181,1,999,0,nonexistent,1.1,93.994,-36.4,4.857,5191.0,no
38,admin.,married,high.school,unknown,no,no,telephone,may,wed,173,4,999,0,nonexistent,1.1,93.994,-36.4,4.857,5191.0,no
31,blue-collar,married,basic.6y,no,no,no,telephone,may,wed,439,2,999,0,nonexistent,1.1,93.994,-36.4,4.857,5191.0,no
28,self-employed,married,professional.course,no,yes,no,telephone,may,wed,119,1,999,0,nonexistent,1.1,93.994,-36.4,4.857,5191.0,no
29,admin.,single,university.degree,no,yes,no,telephone,may,wed,713,1,999,0,nonexistent,1.1,93.994,-36.4,4.857,5191.0,no
39,admin.,married,professional.course,no,yes,yes,telephone,may,wed,72,1,999,0,nonexistent,1.1,93.994,-36.4,4.857,5191.0,no
34,admin.,single,high.school,no,yes,no,telephone,may,wed,78,4,999,0,nonexistent,1.1,93.994,-36.4,4.857,5191.0,no
27,blue-collar,married,basic.9y,no,no,yes,telephone,may,wed,217,1,999,0,nonexistent,1.1,93.994,-36.4,4.857,5191.0,no
27,blue-collar,married,basic.9y,no,no,no,telephone,may,wed,392,1,999,0,nonexistent,1.1,93.994,-36.4,4.857,5191.0,no
30,technician,divorced,basic.9y,no,yes,no,telephone,may,wed,188,1,999,0,nonexistent,1.1,93.994,-36.4,4.857,5191.0,no
36,services,married,high.school,unknown,no,no,telephone,may,wed,130,1,999,0,nonexistent,1.1,93.994,-36.4,4.857,5191.0,no
39,blue-collar,married,basic.4y,no,yes,no,telephone,may,wed,151,3,999,0,nonexistent,1.1,93.994,-36.4,4.857,5191.0,no
37,blue-collar,single,basic.9y,no,no,no,telephone,may,wed,211,2,999,0,nonexistent,1.1,93.994,-36.4,4.857,5191.0,no
31,blue-collar,single,high.school,no,no,no,telephone,may,wed,249,11,999,0,nonexistent,1.1,93.994,-36.4,4.857,5191.0,no
20,entrepreneur,single,high.school,no,no,yes,telephone,may,wed,680,1,999,0,nonexistent,1.1,93.994,-36.4,4.857,5191.0,no
53,technician,divorced,university.degree,no,yes,no,telephone,may,wed,206,1,999,0,nonexistent,1.1,93.994,-36.4,4.857,5191.0,no
40,blue-collar,single,basic.9y,no,no,yes,telephone,may,wed,227,1,999,0,nonexistent,1.1,93.994,-36.4,4.857,5191.0,no
30,blue-collar,married,basic.6y,no,no,no,telephone,may,wed,124,1,999,0,nonexistent,1.1,93.994,-36.4,4.857,5191.0,no
50,housemaid,married,basic.9y,unknown,unknown,unknown,telephone,may,wed,66,7,999,0,nonexistent,1.1,93.994,-36.4,4.857,5191.0,no
30,services,married,basic.9y,no,yes,no,telephone,may,wed,821,2,999,0,nonexistent,1.1,93.994,-36.4,4.857,5191.0,no
41,services,divorced,basic.9y,no,yes,no,telephone,may,wed,189,3,999,0,nonexistent,1.1,93.994,-36.4,4.857,5191.0,no
53,technician,divorced,university.degree,no,yes,no,telephone,may,wed,352,1,999,0,nonexistent,1.1,93.994,-36.4,4.857,5191.0,no
36,admin.,single,university.degree,no,yes,no,telephone,may,wed,126,1,999,0,nonexistent,1.1,93.994,-36.4,4.857,5191.0,no
39,blue-collar,single,basic.4y,unknown,no,no,telephone,may,wed,565,2,999,0,nonexistent,1.1,93.994,-36.4,4.857,5191.0,no
56,blue-collar,married,basic.9y,unknown,no,no,telephone,may,wed,167,3,999,0,nonexistent,1.1,93.994,-36.4,4.857,5191.0,no
39,admin.,married,high.school,no,no,no,telephone,may,wed,211,4,999,0,nonexistent,1.1,93.994,-36.4,4.857,5191.0,no
40,admin.,single,high.school,no,yes,no,telephone,may,wed,742,3,999,0,nonexistent,1.1,93.994,-36.4,4.857,5191.0,no
33,blue-collar,married,basic.6y,no,yes,no,telephone,may,wed,134,1,999,0,nonexistent,1.1,93.994,-36.4,4.857,5191.0,no
47,blue-collar,married,basic.4y,unknown,yes,no,telephone,may,wed,615,1,999,0,nonexistent,1.1,93.994,-36.4,4.857,5191.0,no
29,admin.,single,high.school,no,yes,no,telephone,may,wed,143,2,999,0,nonexistent,1.1,93.994,-36.4,4.857,5191.0,no
38,admin.,single,university.degree,no,yes,no,telephone,may,wed,105,4,999,0,nonexistent,1.1,93.994,-36.4,4.857,5191.0,no
43,housemaid,married,basic.4y,unknown,yes,yes,telephone,may,wed,213,1,999,0,nonexistent,1.1,93.994,-36.4,4.857,5191.0,no
35,technician,single,university.degree,no,yes,no,telephone,may,wed,294,1,999,0,nonexistent,1.1,93.994,-36.4,4.857,5191.0,no
33,blue-collar,married,basic.6y,no,yes,no,telephone,may,wed,289,1,999,0,nonexistent,1.1,93.994,-36.4,4.857,5191.0,no
28,admin.,married,basic.6y,no,no,no,telephone,may,wed,461,1,999,0,nonexistent,1.1,93.994,-36.4,4.857,5191.0,no
34,admin.,married,university.degree,no,no,no,telephone,may,wed,162,1,999,0,nonexistent,1.1,93.994,-36.4,4.857,5191.0,no
27,blue-collar,single,basic.9y,no,yes,no,telephone,may,wed,185,1,999,0,nonexistent,1.1,93.994,-36.4,4.857,5191.0,no
35,technician,married,university.degree,unknown,no,no,telephone,may,wed,399,1,999,0,nonexistent,1.1,93.994,-36.4,4.857,5191.0,no
42,entrepreneur,married,high.school,no,yes,no,telephone,may,wed,67,2,999,0,nonexistent,1.1,93.994,-36.4,4.857,5191.0,no
31,services,single,high.school,unknown,yes,no,telephone,may,wed,317,1,999,0,nonexistent,1.1,93.994,-36.4,4.857,5191.0,no
50,services,married,basic.4y,unknown,yes,no,telephone,may,wed,507,1,999,0,nonexistent,1.1,93.994,-36.4,4.857,5191.0,yes
33,blue-collar,married,basic.6y,no,no,no,telephone,may,wed,1183,1,999,0,nonexistent,1.1,93.994,-36.4,4.857,5191.0,yes
35,management,married,basic.9y,no,yes,yes,telephone,may,wed,344,2,999,0,nonexistent,1.1,93.994,-36.4,4.857,5191.0,no
25,entrepreneur,single,university.degree,no,yes,no,telephone,may,wed,8,4,999,0,nonexistent,1.1,93.994,-36.4,4.857,5191.0,no
47,blue-collar,married,basic.4y,unknown,yes,no,telephone,may,wed,489,1,999,0,nonexistent,1.1,93.994,-36.4,4.857,5191.0,no
49,housemaid,married,basic.4y,unknown,no,no,telephone,may,wed,328,1,999,0,nonexistent,1.1,93.994,-36.4,4.857,5191.0,no
27,technician,married,high.school,no,no,no,telephone,may,wed,201,1,999,0,nonexistent,1.1,93.994,-36.4,4.857,5191.0,no
50,management,married,university.degree,no,yes,no,telephone,may,wed,117,2,999,0,nonexistent,1.1,93.994,-36.4,4.857,5191.0,no
48,entrepreneur,married,university.degree,no,no,no,telephone,may,wed,226,1,999,0,nonexistent,1.1,93.994,-36.4,4.857,5191.0,no
30,technician,single,high.school,no,no,no,telephone,may,wed,438,1,999,0,nonexistent,1.1,93.994,-36.4,4.857,5191.0,no
31,blue-collar,married,basic.6y,no,no,no,telephone,may,wed,174,1,999,0,nonexistent,1.1,93.994,-36.4,4.857,5191.0,no
49,management,divorced,university.degree,no,no,no,telephone,may,wed,675,1,999,0,nonexistent,1.1,93.994,-36.4,4.857,5191.0,no
43,blue-collar,married,basic.9y,no,no,no,telephone,may,wed,123,18,999,0,nonexistent,1.1,93.994,-36.4,4.857,5191.0,no
39,blue-collar,married,basic.9y,unknown,no,no,telephone,may,wed,257,2,999,0,nonexistent,1.1,93.994,-36.4,4.857,5191.0,no
35,technician,married,university.degree,unknown,no,no,telephone,may,wed,266,2,999,0,nonexistent,1.1,93.994,-36.4,4.857,5191.0,no
32,blue-collar,married,basic.9y,unknown,unknown,unknown,telephone,may,wed,195,2,999,0,nonexistent,1.1,93.994,-36.4,4.857,5191.0,no
36,management,single,university.degree,no,yes,no,telephone,may,wed,145,3,999,0,nonexistent,1.1,93.994,-36.4,4.857,5191.0,no
31,entrepreneur,single,basic.9y,no,no,no,telephone,may,wed,232,4,999,0,nonexistent,1.1,93.994,-36.4,4.857,5191.0,no
35,retired,married,professional.course,no,no,no,telephone,may,wed,97,2,999,0,nonexistent,1.1,93.994,-36.4,4.857,5191.0,no
56,retired,married,basic.6y,no,yes,no,telephone,may,wed,91,3,999,0,nonexistent,1.1,93.994,-36.4,4.857,5191.0,no
37,management,married,university.degree,no,no,no,telephone,may,wed,83,2,999,0,nonexistent,1.1,93.994,-36.4,4.857,5191.0,no
38,admin.,married,professional.course,no,no,no,telephone,may,wed,314,2,999,0,nonexistent,1.1,93.994,-36.4,4.857,5191.0,no
25,unemployed,single,high.school,unknown,no,no,telephone,may,wed,694,2,999,0,nonexistent,1.1,93.994,-36.4,4.857,5191.0,yes
35,blue-collar,married,unknown,no,no,no,telephone,may,wed,146,1,999,0,nonexistent,1.1,93.994,-36.4,4.857,5191.0,no
27,admin.,single,unknown,no,yes,no,telephone,may,wed,591,2,999,0,nonexistent,1.1,93.994,-36.4,4.857,5191.0,no
35,blue-collar,married,basic.4y,unknown,no,no,telephone,may,wed,36,1,999,0,nonexistent,1.1,93.994,-36.4,4.857,5191.0,no
49,services,married,high.school,unknown,yes,no,telephone,may,wed,191,2,999,0,nonexistent,1.1,93.994,-36.4,4.857,5191.0,no
46,blue-collar,married,unknown,no,no,no,telephone,may,wed,97,1,999,0,nonexistent,1.1,93.994,-36.4,4.857,5191.0,no
32,blue-collar,married,basic.6y,no,yes,no,telephone,may,wed,71,2,999,0,nonexistent,1.1,93.994,-36.4,4.857,5191.0,no
48,admin.,single,high.school,no,yes,no,telephone,may,wed,275,2,999,0,nonexistent,1.1,93.994,-36.4,4.857,5191.0,no
30,technician,single,university.degree,unknown,no,no,telephone,may,wed,187,4,999,0,nonexistent,1.1,93.994,-36.4,4.857,5191.0,no
30,technician,married,university.degree,no,yes,no,telephone,may,wed,170,5,999,0,nonexistent,1.1,93.994,-36.4,4.857,5191.0,no
49,retired,married,basic.4y,no,no,no,telephone,may,wed,177,3,999,0,nonexistent,1.1,93.994,-36.4,4.857,5191.0,no
50,blue-collar,married,basic.6y,unknown,no,no,telephone,may,wed,251,1,999,0,nonexistent,1.1,93.994,-36.4,4.857,5191.0,no
33,services,married,basic.4y,no,no,no,telephone,may,wed,152,1,999,0,nonexistent,1.1,93.994,-36.4,4.857,5191.0,no
45,blue-collar,married,basic.6y,unknown,no,no,telephone,may,wed,463,1,999,0,nonexistent,1.1,93.994,-36.4,4.857,5191.0,no
55,admin.,divorced,university.degree,no,yes,no,telephone,may,wed,74,2,999,0,nonexistent,1.1,93.994,-36.4,4.857,5191.0,no
27,blue-collar,single,basic.4y,unknown,no,yes,telephone,may,wed,179,2,999,0,nonexistent,1.1,93.994,-36.4,4.857,5191.0,no
38,blue-collar,married,basic.9y,no,yes,no,telephone,may,wed,160,3,999,0,nonexistent,1.1,93.994,-36.4,4.857,5191.0,no
45,admin.,married,high.school,no,no,no,telephone,may,wed,272,2,999,0,nonexistent,1.1,93.994,-36.4,4.857,5191.0,no
43,blue-collar,married,basic.4y,unknown,no,no,telephone,may,wed,296,1,999,0,nonexistent,1.1,93.994,-36.4,4.857,5191.0,no
31,technician,married,university.degree,no,no,yes,telephone,may,wed,125,2,999,0,nonexistent,1.1,93.994,-36.4,4.857,5191.0,no
45,technician,married,high.school,no,no,no,telephone,may,wed,81,2,999,0,nonexistent,1.1,93.994,-36.4,4.857,5191.0,no
44,technician,single,high.school,no,no,no,telephone,may,wed,189,3,999,0,nonexistent,1.1,93.994,-36.4,4.857,5191.0,no
36,blue-collar,married,basic.9y,no,yes,no,telephone,may,wed,597,3,999,0,nonexistent,1.1,93.994,-36.4,4.857,5191.0,no
33,blue-collar,married,basic.9y,no,no,no,telephone,may,wed,61,1,999,0,nonexistent,1.1,93.994,-36.4,4.857,5191.0,no
30,services,single,basic.9y,no,no,no,telephone,may,wed,53,1,999,0,nonexistent,1.1,93.994,-36.4,4.857,5191.0,no
31,blue-collar,married,basic.4y,no,yes,no,telephone,may,wed,159,2,999,0,nonexistent,1.1,93.994,-36.4,4.857,5191.0,no
54,admin.,married,high.school,no,unknown,unknown,telephone,may,wed,45,1,999,0,nonexistent,1.1,93.994,-36.4,4.857,5191.0,no
39,admin.,single,high.school,no,yes,no,telephone,may,wed,132,1,999,0,nonexistent,1.1,93.994,-36.4,4.857,5191.0,no
33,admin.,married,university.degree,no,no,no,telephone,may,wed,664,2,999,0,nonexistent,1.1,93.994,-36.4,4.857,5191.0,yes
45,services,married,high.school,unknown,no,no,telephone,may,wed,290,1,999,0,nonexistent,1.1,93.994,-36.4,4.857,5191.0,no
44,technician,married,professional.course,unknown,yes,yes,telephone,may,wed,184,2,999,0,nonexistent,1.1,93.994,-36.4,4.857,5191.0,no
42,unemployed,single,basic.4y,unknown,yes,no,telephone,may,wed,51,1,999,0,nonexistent,1.1,93.994,-36.4,4.857,5191.0,no
55,admin.,married,basic.9y,no,no,no,telephone,may,wed,119,1,999,0,nonexistent,1.1,93.994,-36.4,4.857,5191.0,no
40,services,married,basic.6y,unknown,yes,no,telephone,may,wed,260,1,999,0,nonexistent,1.1,93.994,-36.4,4.857,5191.0,no
51,entrepreneur,married,basic.9y,no,no,yes,telephone,may,wed,68,1,999,0,nonexistent,1.1,93.994,-36.4,4.857,5191.0,no
29,management,single,university.degree,no,no,no,telephone,may,wed,99,2,999,0,nonexistent,1.1,93.994,-36.4,4.857,5191.0,no
46,blue-collar,married,professional.course,no,no,no,telephone,may,wed,247,1,999,0,nonexistent,1.1,93.994,-36.4,4.857,5191.0,no
31,blue-collar,married,basic.9y,no,no,no,telephone,may,wed,81,4,999,0,nonexistent,1.1,93.994,-36.4,4.857,5191.0,no
52,services,married,unknown,unknown,no,no,telephone,may,wed,227,1,999,0,nonexistent,1.1,93.994,-36.4,4.857,5191.0,no
49,management,divorced,university.degree,unknown,no,yes,telephone,may,wed,289,2,999,0,nonexistent,1.1,93.994,-36.4,4.857,5191.0,no
46,housemaid,married,basic.4y,unknown,no,no,telephone,may,wed,183,1,999,0,nonexistent,1.1,93.994,-36.4,4.857,5191.0,no
29,services,married,high.school,unknown,no,no,telephone,may,wed,100,2,999,0,nonexistent,1.1,93.994,-36.4,4.857,5191.0,no
41,management,married,basic.6y,no,yes,no,telephone,may,wed,648,1,999,0,nonexistent,1.1,93.994,-36.4,4.857,5191.0,yes
42,retired,married,basic.9y,unknown,yes,no,telephone,may,wed,198,3,999,0,nonexistent,1.1,93.994,-36.4,4.857,5191.0,no
39,housemaid,married,university.degree,no,yes,no,telephone,may,wed,536,7,999,0,nonexistent,1.1,93.994,-36.4,4.857,5191.0,no
45,admin.,married,basic.9y,no,yes,no,telephone,may,wed,173,1,999,0,nonexistent,1.1,93.994,-36.4,4.857,5191.0,no
35,services,divorced,professional.course,unknown,no,no,telephone,may,wed,184,2,999,0,nonexistent,1.1,93.994,-36.4,4.857,5191.0,no
44,management,married,basic.9y,unknown,no,no,telephone,may,wed,282,2,999,0,nonexistent,1.1,93.994,-36.4,4.857,5191.0,no
32,technician,single,university.degree,no,yes,no,telephone,may,wed,269,2,999,0,nonexistent,1.1,93.994,-36.4,4.857,5191.0,no
43,management,married,basic.6y,unknown,no,no,telephone,may,wed,347,2,999,0,nonexistent,1.1,93.994,-36.4,4.857,5191.0,no
42,technician,married,basic.9y,no,yes,no,telephone,may,wed,88,3,999,0,nonexistent,1.1,93.994,-36.4,4.857,5191.0,no
39,blue-collar,married,basic.6y,no,yes,no,telephone,may,wed,279,2,999,0,nonexistent,1.1,93.994,-36.4,4.857,5191.0,no
35,services,divorced,professional.course,no,yes,yes,telephone,may,wed,294,3,999,0,nonexistent,1.1,93.994,-36.4,4.857,5191.0,no
30,blue-collar,single,basic.9y,unknown,no,no,telephone,may,wed,188,2,999,0,nonexistent,1.1,93.994,-36.4,4.857,5191.0,no
34,blue-collar,married,basic.4y,no,yes,no,telephone,may,wed,116,6,999,0,nonexistent,1.1,93.994,-36.4,4.857,5191.0,no
55,retired,divorced,professional.course,no,no,yes,telephone,may,wed,217,2,999,0,nonexistent,1.1,93.994,-36.4,4.857,5191.0,no
29,blue-collar,single,professional.course,no,no,no,telephone,may,wed,298,5,999,0,nonexistent,1.1,93.994,-36.4,4.857,5191.0,no
53,technician,married,professional.course,unknown,no,no,telephone,may,wed,864,2,999,0,nonexistent,1.1,93.994,-36.4,4.857,5191.0,yes
59,retired,divorced,basic.9y,unknown,no,yes,telephone,may,wed,139,2,999,0,nonexistent,1.1,93.994,-36.4,4.857,5191.0,no
33,admin.,married,high.school,no,yes,no,telephone,may,wed,67,2,999,0,nonexistent,1.1,93.994,-36.4,4.857,5191.0,no
36,blue-collar,married,basic.9y,unknown,no,no,telephone,may,wed,129,2,999,0,nonexistent,1.1,93.994,-36.4,4.857,5191.0,no
31,technician,married,professional.course,no,no,no,telephone,may,wed,89,5,999,0,nonexistent,1.1,93.994,-36.4,4.857,5191.0,no
31,admin.,divorced,university.degree,unknown,no,no,telephone,may,wed,346,2,999,0,nonexistent,1.1,93.994,-36.4,4.857,5191.0,no
27,blue-collar,married,basic.6y,unknown,no,no,telephone,may,wed,47,1,999,0,nonexistent,1.1,93.994,-36.4,4.857,5191.0,no
47,blue-collar,married,basic.4y,no,no,no,telephone,may,wed,136,1,999,0,nonexistent,1.1,93.994,-36.4,4.857,5191.0,no
42,admin.,single,university.degree,no,no,no,telephone,may,wed,110,5,999,0,nonexistent,1.1,93.994,-36.4,4.857,5191.0,no
35,blue-collar,divorced,basic.4y,no,yes,yes,telephone,may,wed,433,3,999,0,nonexistent,1.1,93.994,-36.4,4.857,5191.0,no
24,services,married,high.school,no,yes,no,telephone,may,wed,66,2,999,0,nonexistent,1.1,93.994,-36.4,4.857,5191.0,no
55,unemployed,married,basic.4y,unknown,yes,no,telephone,may,wed,140,2,999,0,nonexistent,1.1,93.994,-36.4,4.857,5191.0,no
49,blue-collar,married,basic.4y,no,yes,no,telephone,may,wed,89,1,999,0,nonexistent,1.1,93.994,-36.4,4.857,5191.0,no
36,services,married,high.school,no,yes,no,telephone,may,wed,54,1,999,0,nonexistent,1.1,93.994,-36.4,4.857,5191.0,no
34,blue-collar,married,basic.9y,no,yes,no,telephone,may,wed,172,1,999,0,nonexistent,1.1,93.994,-36.4,4.857,5191.0,no
28,services,single,high.school,no,no,no,telephone,may,wed,72,3,999,0,nonexistent,1.1,93.994,-36.4,4.857,5191.0,no
50,technician,married,professional.course,unknown,yes,yes,telephone,may,wed,124,1,999,0,nonexistent,1.1,93.994,-36.4,4.857,5191.0,no
27,blue-collar,married,basic.9y,unknown,yes,no,telephone,may,wed,118,1,999,0,nonexistent,1.1,93.994,-36.4,4.857,5191.0,no
42,blue-collar,married,basic.4y,no,yes,no,telephone,may,wed,24,1,999,0,nonexistent,1.1,93.994,-36.4,4.857,5191.0,no
52,blue-collar,single,basic.4y,no,unknown,unknown,telephone,may,wed,489,2,999,0,nonexistent,1.1,93.994,-36.4,4.857,5191.0,no
34,admin.,married,high.school,no,no,no,telephone,may,wed,357,1,999,0,nonexistent,1.1,93.994,-36.4,4.857,5191.0,no
44,admin.,single,high.school,no,no,no,telephone,may,wed,84,3,999,0,nonexistent,1.1,93.994,-36.4,4.857,5191.0,no
39,services,married,high.school,no,no,no,telephone,may,wed,239,2,999,0,nonexistent,1.1,93.994,-36.4,4.857,5191.0,no
27,blue-collar,married,basic.9y,unknown,yes,no,telephone,may,wed,466,1,999,0,nonexistent,1.1,93.994,-36.4,4.857,5191.0,no
50,management,married,university.degree,no,yes,no,telephone,may,wed,383,1,999,0,nonexistent,1.1,93.994,-36.4,4.857,5191.0,no
27,management,single,university.degree,no,no,yes,telephone,may,wed,413,1,999,0,nonexistent,1.1,93.994,-36.4,4.857,5191.0,no
33,services,single,basic.6y,unknown,yes,no,telephone,may,wed,101,2,999,0,nonexistent,1.1,93.994,-36.4,4.857,5191.0,no
49,blue-collar,married,basic.4y,unknown,no,no,telephone,may,wed,344,1,999,0,nonexistent,1.1,93.994,-36.4,4.857,5191.0,no
51,unemployed,married,basic.9y,unknown,yes,no,telephone,may,wed,360,1,999,0,nonexistent,1.1,93.994,-36.4,4.857,5191.0,no
46,blue-collar,married,basic.9y,unknown,no,no,telephone,may,wed,79,2,999,0,nonexistent,1.1,93.994,-36.4,4.857,5191.0,no
58,retired,divorced,university.degree,no,yes,no,telephone,may,wed,314,2,999,0,nonexistent,1.1,93.994,-36.4,4.857,5191.0,no
32,admin.,divorced,university.degree,no,no,no,telephone,may,wed,315,2,999,0,nonexistent,1.1,93.994,-36.4,4.857,5191.0,no
41,blue-collar,divorced,basic.6y,no,no,no,telephone,may,wed,229,2,999,0,nonexistent,1.1,93.994,-36.4,4.857,5191.0,no
46,retired,married,basic.4y,no,no,no,telephone,may,wed,94,1,999,0,nonexistent,1.1,93.994,-36.4,4.857,5191.0,no
30,services,married,unknown,no,yes,yes,telephone,may,wed,83,4,999,0,nonexistent,1.1,93.994,-36.4,4.857,5191.0,no
31,services,single,high.school,unknown,no,no,telephone,may,wed,491,1,999,0,nonexistent,1.1,93.994,-36.4,4.857,5191.0,no
46,blue-collar,married,basic.9y,unknown,no,no,telephone,may,wed,167,1,999,0,nonexistent,1.1,93.994,-36.4,4.857,5191.0,no
54,retired,married,basic.4y,unknown,no,no,telephone,may,wed,1730,1,999,0,nonexistent,1.1,93.994,-36.4,4.857,5191.0,yes
34,blue-collar,married,basic.4y,no,no,no,telephone,may,wed,193,2,999,0,nonexistent,1.1,93.994,-36.4,4.857,5191.0,no
41,admin.,married,high.school,no,no,no,telephone,may,wed,249,2,999,0,nonexistent,1.1,93.994,-36.4,4.857,5191.0,no
36,technician,married,professional.course,unknown,yes,no,telephone,may,wed,260,2,999,0,nonexistent,1.1,93.994,-36.4,4.857,5191.0,no
37,blue-collar,single,basic.9y,no,no,yes,telephone,may,wed,202,2,999,0,nonexistent,1.1,93.994,-36.4,4.857,5191.0,no
38,blue-collar,married,high.school,no,no,no,telephone,may,wed,471,5,999,0,nonexistent,1.1,93.994,-36.4,4.857,5191.0,no
25,self-employed,single,university.degree,no,no,no,telephone,may,wed,217,5,999,0,nonexistent,1.1,93.994,-36.4,4.857,5191.0,no
56,services,married,basic.9y,unknown,no,no,telephone,may,wed,300,3,999,0,nonexistent,1.1,93.994,-36.4,4.857,5191.0,no
28,services,single,high.school,no,no,no,telephone,may,wed,397,1,999,0,nonexistent,1.1,93.994,-36.4,4.857,5191.0,no
46,housemaid,married,basic.4y,no,yes,no,telephone,may,wed,238,8,999,0,nonexistent,1.1,93.994,-36.4,4.857,5191.0,no
36,blue-collar,married,basic.9y,no,no,no,telephone,may,wed,389,4,999,0,nonexistent,1.1,93.994,-36.4,4.857,5191.0,no
28,management,single,university.degree,no,no,no,telephone,may,wed,376,4,999,0,nonexistent,1.1,93.994,-36.4,4.857,5191.0,no
32,technician,single,university.degree,no,no,no,telephone,may,wed,23,16,999,0,nonexistent,1.1,93.994,-36.4,4.857,5191.0,no
40,services,married,high.school,unknown,yes,no,telephone,may,wed,133,1,999,0,nonexistent,1.1,93.994,-36.4,4.857,5191.0,no
41,services,married,basic.9y,no,yes,no,telephone,may,wed,251,3,999,0,nonexistent,1.1,93.994,-36.4,4.857,5191.0,no
34,blue-collar,divorced,professional.course,no,unknown,unknown,telephone,may,wed,209,1,999,0,nonexistent,1.1,93.994,-36.4,4.857,5191.0,no
34,services,single,basic.9y,unknown,yes,yes,telephone,may,wed,124,1,999,0,nonexistent,1.1,93.994,-36.4,4.857,5191.0,no
42,admin.,married,university.degree,unknown,no,no,telephone,may,wed,96,1,999,0,nonexistent,1.1,93.994,-36.4,4.857,5191.0,no
30,management,single,university.degree,no,no,yes,telephone,may,wed,691,5,999,0,nonexistent,1.1,93.994,-36.4,4.857,5191.0,yes
38,housemaid,married,basic.6y,unknown,yes,yes,telephone,may,wed,87,2,999,0,nonexistent,1.1,93.994,-36.4,4.857,5191.0,no
53,entrepreneur,married,unknown,no,yes,no,telephone,may,wed,126,2,999,0,nonexistent,1.1,93.994,-36.4,4.857,5191.0,no
28,blue-collar,single,basic.9y,no,no,no,telephone,may,wed,259,2,999,0,nonexistent,1.1,93.994,-36.4,4.857,5191.0,no
34,technician,married,university.degree,no,no,no,telephone,may,wed,198,3,999,0,nonexistent,1.1,93.994,-36.4,4.857,5191.0,no
59,entrepreneur,married,basic.9y,no,yes,yes,telephone,may,wed,429,10,999,0,nonexistent,1.1,93.994,-36.4,4.857,5191.0,no
32,blue-collar,married,high.school,unknown,yes,no,telephone,may,wed,44,7,999,0,nonexistent,1.1,93.994,-36.4,4.857,5191.0,no
28,admin.,single,unknown,no,yes,no,telephone,may,wed,279,2,999,0,nonexistent,1.1,93.994,-36.4,4.857,5191.0,no
55,technician,married,professional.course,unknown,no,no,telephone,may,wed,48,2,999,0,nonexistent,1.1,93.994,-36.4,4.857,5191.0,no
36,blue-collar,married,basic.4y,unknown,no,yes,telephone,may,wed,449,4,999,0,nonexistent,1.1,93.994,-36.4,4.857,5191.0,no
37,admin.,single,university.degree,no,no,no,telephone,may,wed,362,3,999,0,nonexistent,1.1,93.994,-36.4,4.857,5191.0,no
42,technician,single,basic.9y,no,yes,no,telephone,may,wed,99,2,999,0,nonexistent,1.1,93.994,-36.4,4.857,5191.0,no
36,technician,married,university.degree,no,no,no,telephone,may,wed,297,14,999,0,nonexistent,1.1,93.994,-36.4,4.857,5191.0,no
25,blue-collar,married,basic.9y,no,yes,no,telephone,may,wed,172,1,999,0,nonexistent,1.1,93.994,-36.4,4.857,5191.0,no
51,blue-collar,divorced,basic.4y,no,yes,no,telephone,may,wed,180,2,999,0,nonexistent,1.1,93.994,-36.4,4.857,5191.0,no
49,blue-collar,married,basic.4y,unknown,yes,no,telephone,may,wed,410,1,999,0,nonexistent,1.1,93.994,-36.4,4.857,5191.0,no
37,entrepreneur,married,high.school,no,yes,no,telephone,may,wed,57,4,999,0,nonexistent,1.1,93.994,-36.4,4.857,5191.0,no
35,admin.,single,university.degree,no,no,yes,telephone,may,wed,424,3,999,0,nonexistent,1.1,93.994,-36.4,4.857,5191.0,no
28,admin.,single,university.degree,unknown,no,yes,telephone,may,wed,74,2,999,0,nonexistent,1.1,93.994,-36.4,4.857,5191.0,no
39,blue-collar,married,basic.4y,unknown,yes,no,telephone,may,wed,96,4,999,0,nonexistent,1.1,93.994,-36.4,4.857,5191.0,no
21,technician,single,professional.course,no,no,yes,telephone,may,wed,109,2,999,0,nonexistent,1.1,93.994,-36.4,4.857,5191.0,no
39,entrepreneur,divorced,high.school,no,no,no,telephone,may,wed,52,2,999,0,nonexistent,1.1,93.994,-36.4,4.857,5191.0,no
57,retired,married,basic.9y,unknown,no,no,telephone,may,wed,506,2,999,0,nonexistent,1.1,93.994,-36.4,4.857,5191.0,no
27,admin.,married,high.school,unknown,no,no,telephone,may,wed,173,3,999,0,nonexistent,1.1,93.994,-36.4,4.857,5191.0,no
52,admin.,married,high.school,no,no,no,telephone,may,wed,643,2,999,0,nonexistent,1.1,93.994,-36.4,4.857,5191.0,no
42,technician,married,professional.course,no,yes,no,telephone,may,wed,77,3,999,0,nonexistent,1.1,93.994,-36.4,4.857,5191.0,no
30,management,single,university.degree,no,no,yes,telephone,may,wed,95,2,999,0,nonexistent,1.1,93.994,-36.4,4.857,5191.0,no
52,blue-collar,married,basic.9y,no,yes,no,telephone,may,wed,463,2,999,0,nonexistent,1.1,93.994,-36.4,4.857,5191.0,no
36,admin.,married,high.school,no,yes,no,telephone,may,wed,25,1,999,0,nonexistent,1.1,93.994,-36.4,4.857,5191.0,no
25,technician,single,professional.course,no,yes,no,telephone,may,wed,104,2,999,0,nonexistent,1.1,93.994,-36.4,4.857,5191.0,no
47,blue-collar,divorced,basic.9y,unknown,yes,no,telephone,may,wed,64,1,999,0,nonexistent,1.1,93.994,-36.4,4.857,5191.0,no
25,blue-collar,married,basic.9y,no,no,no,telephone,may,wed,340,3,999,0,nonexistent,1.1,93.994,-36.4,4.857,5191.0,no
53,management,married,basic.4y,unknown,no,no,telephone,may,wed,528,2,999,0,nonexistent,1.1,93.994,-36.4,4.857,5191.0,no
33,admin.,divorced,university.degree,no,yes,no,telephone,may,wed,1277,2,999,0,nonexistent,1.1,93.994,-36.4,4.857,5191.0,no
43,entrepreneur,married,university.degree,no,no,yes,telephone,may,wed,363,4,999,0,nonexistent,1.1,93.994,-36.4,4.857,5191.0,no
42,blue-collar,married,basic.4y,unknown,yes,no,telephone,may,wed,411,3,999,0,nonexistent,1.1,93.994,-36.4,4.857,5191.0,no
32,blue-collar,married,basic.6y,no,yes,no,telephone,may,wed,245,2,999,0,nonexistent,1.1,93.994,-36.4,4.857,5191.0,no
51,admin.,divorced,university.degree,no,unknown,unknown,telephone,may,wed,160,2,999,0,nonexistent,1.1,93.994,-36.4,4.857,5191.0,no
25,blue-collar,single,high.school,no,no,no,telephone,may,wed,313,2,999,0,nonexistent,1.1,93.994,-36.4,4.857,5191.0,no
40,blue-collar,married,basic.4y,no,yes,no,telephone,may,wed,140,5,999,0,nonexistent,1.1,93.994,-36.4,4.857,5191.0,no
30,blue-collar,divorced,basic.9y,no,yes,no,telephone,may,wed,25,2,999,0,nonexistent,1.1,93.994,-36.4,4.857,5191.0,no
45,blue-collar,married,basic.6y,unknown,yes,no,telephone,may,wed,157,3,999,0,nonexistent,1.1,93.994,-36.4,4.857,5191.0,no
34,admin.,married,university.degree,no,no,yes,telephone,may,wed,157,2,999,0,nonexistent,1.1,93.994,-36.4,4.857,5191.0,no
36,entrepreneur,married,university.degree,no,no,no,telephone,may,wed,386,3,999,0,nonexistent,1.1,93.994,-36.4,4.857,5191.0,no
34,technician,married,basic.9y,no,no,no,telephone,may,wed,593,2,999,0,nonexistent,1.1,93.994,-36.4,4.857,5191.0,no
44,blue-collar,single,basic.4y,unknown,no,no,telephone,may,wed,189,2,999,0,nonexistent,1.1,93.994,-36.4,4.857,5191.0,no
37,unemployed,married,university.degree,unknown,unknown,unknown,telephone,may,wed,302,2,999,0,nonexistent,1.1,93.994,-36.4,4.857,5191.0,no
31,services,married,university.degree,unknown,yes,no,telephone,may,wed,165,4,999,0,nonexistent,1.1,93.994,-36.4,4.857,5191.0,no
29,blue-collar,married,basic.9y,no,no,no,telephone,may,wed,48,5,999,0,nonexistent,1.1,93.994,-36.4,4.857,5191.0,no
39,management,married,university.degree,no,yes,no,telephone,may,wed,51,4,999,0,nonexistent,1.1,93.994,-36.4,4.857,5191.0,no
41,blue-collar,married,basic.4y,no,no,yes,telephone,may,wed,99,2,999,0,nonexistent,1.1,93.994,-36.4,4.857,5191.0,no
25,services,married,high.school,no,yes,no,telephone,may,wed,452,2,999,0,nonexistent,1.1,93.994,-36.4,4.857,5191.0,no
37,services,married,high.school,no,no,no,telephone,may,wed,110,8,999,0,nonexistent,1.1,93.994,-36.4,4.857,5191.0,no
43,blue-collar,single,unknown,unknown,no,no,telephone,may,wed,299,3,999,0,nonexistent,1.1,93.994,-36.4,4.857,5191.0,no
28,self-employed,married,professional.course,no,yes,yes,telephone,may,wed,85,3,999,0,nonexistent,1.1,93.994,-36.4,4.857,5191.0,no
31,blue-collar,married,basic.9y,no,no,yes,telephone,may,wed,234,3,999,0,nonexistent,1.1,93.994,-36.4,4.857,5191.0,no
50,admin.,married,high.school,no,no,no,telephone,may,wed,264,2,999,0,nonexistent,1.1,93.994,-36.4,4.857,5191.0,no
52,blue-collar,married,professional.course,no,no,yes,telephone,may,wed,611,3,999,0,nonexistent,1.1,93.994,-36.4,4.857,5191.0,no
60,retired,divorced,basic.4y,unknown,no,no,telephone,may,wed,478,2,999,0,nonexistent,1.1,93.994,-36.4,4.857,5191.0,no
42,blue-collar,married,basic.9y,no,no,no,telephone,may,wed,92,5,999,0,nonexistent,1.1,93.994,-36.4,4.857,5191.0,no
25,self-employed,single,university.degree,no,yes,no,telephone,may,wed,158,2,999,0,nonexistent,1.1,93.994,-36.4,4.857,5191.0,no
35,technician,single,professional.course,unknown,no,no,telephone,may,wed,198,2,999,0,nonexistent,1.1,93.994,-36.4,4.857,5191.0,no
37,management,single,high.school,no,no,no,telephone,may,wed,438,2,999,0,nonexistent,1.1,93.994,-36.4,4.857,5191.0,no
41,management,married,university.degree,no,yes,no,telephone,may,wed,205,7,999,0,nonexistent,1.1,93.994,-36.4,4.857,5191.0,no
35,blue-collar,married,basic.6y,no,no,no,telephone,may,wed,342,2,999,0,nonexistent,1.1,93.994,-36.4,4.857,5191.0,no
36,blue-collar,married,basic.9y,no,no,no,telephone,may,wed,75,6,999,0,nonexistent,1.1,93.994,-36.4,4.857,5191.0,no
45,services,single,professional.course,unknown,no,no,telephone,may,wed,225,4,999,0,nonexistent,1.1,93.994,-36.4,4.857,5191.0,no
48,entrepreneur,married,high.school,unknown,yes,no,telephone,may,wed,88,3,999,0,nonexistent,1.1,93.994,-36.4,4.857,5191.0,no
28,self-employed,single,university.degree,no,no,no,telephone,may,wed,314,5,999,0,nonexistent,1.1,93.994,-36.4,4.857,5191.0,no
42,management,married,university.degree,no,no,no,telephone,may,wed,109,3,999,0,nonexistent,1.1,93.994,-36.4,4.857,5191.0,no
42,blue-collar,married,basic.4y,no,no,no,telephone,may,wed,456,2,999,0,nonexistent,1.1,93.994,-36.4,4.857,5191.0,no
29,blue-collar,married,professional.course,no,no,no,telephone,may,wed,223,5,999,0,nonexistent,1.1,93.994,-36.4,4.857,5191.0,no
27,technician,married,professional.course,no,no,no,telephone,may,wed,148,3,999,0,nonexistent,1.1,93.994,-36.4,4.857,5191.0,no
35,technician,married,professional.course,no,yes,no,telephone,may,wed,205,3,999,0,nonexistent,1.1,93.994,-36.4,4.857,5191.0,no
40,blue-collar,married,high.school,no,no,no,telephone,may,wed,80,3,999,0,nonexistent,1.1,93.994,-36.4,4.857,5191.0,no
33,blue-collar,divorced,basic.9y,no,yes,no,telephone,may,wed,357,3,999,0,nonexistent,1.1,93.994,-36.4,4.857,5191.0,no
41,self-employed,single,university.degree,no,yes,yes,telephone,may,wed,23,17,999,0,nonexistent,1.1,93.994,-36.4,4.857,5191.0,no
39,admin.,married,university.degree,no,unknown,unknown,telephone,may,wed,513,2,999,0,nonexistent,1.1,93.994,-36.4,4.857,5191.0,no
43,admin.,single,high.school,no,no,yes,telephone,may,wed,171,5,999,0,nonexistent,1.1,93.994,-36.4,4.857,5191.0,no
31,admin.,single,university.degree,no,no,no,telephone,may,wed,90,8,999,0,nonexistent,1.1,93.994,-36.4,4.857,5191.0,no
40,technician,married,professional.course,no,no,yes,telephone,may,wed,51,2,999,0,nonexistent,1.1,93.994,-36.4,4.857,5191.0,no
59,retired,married,professional.course,no,no,no,telephone,may,wed,560,9,999,0,nonexistent,1.1,93.994,-36.4,4.857,5191.0,yes
27,admin.,single,university.degree,no,no,no,telephone,may,wed,245,2,999,0,nonexistent,1.1,93.994,-36.4,4.857,5191.0,no
47,admin.,married,high.school,no,yes,no,telephone,may,wed,318,2,999,0,nonexistent,1.1,93.994,-36.4,4.857,5191.0,no
45,management,married,university.degree,no,no,no,telephone,may,wed,105,2,999,0,nonexistent,1.1,93.994,-36.4,4.857,5191.0,no
51,blue-collar,married,basic.9y,unknown,no,yes,telephone,may,wed,261,2,999,0,nonexistent,1.1,93.994,-36.4,4.857,5191.0,no
45,admin.,married,basic.6y,unknown,yes,no,telephone,may,wed,200,4,999,0,nonexistent,1.1,93.994,-36.4,4.857,5191.0,no
52,entrepreneur,married,basic.9y,unknown,no,no,telephone,may,wed,267,4,999,0,nonexistent,1.1,93.994,-36.4,4.857,5191.0,no
40,blue-collar,married,basic.9y,no,yes,no,telephone,may,wed,82,4,999,0,nonexistent,1.1,93.994,-36.4,4.857,5191.0,no
32,unemployed,single,high.school,no,no,no,telephone,may,wed,153,3,999,0,nonexistent,1.1,93.994,-36.4,4.857,5191.0,no
24,blue-collar,single,basic.9y,unknown,no,no,telephone,may,wed,504,3,999,0,nonexistent,1.1,93.994,-36.4,4.857,5191.0,no
46,admin.,single,high.school,unknown,yes,no,telephone,may,wed,104,3,999,0,nonexistent,1.1,93.994,-36.4,4.857,5191.0,no
34,admin.,single,high.school,no,no,no,telephone,may,wed,194,3,999,0,nonexistent,1.1,93.994,-36.4,4.857,5191.0,no
29,blue-collar,married,basic.4y,unknown,yes,yes,telephone,may,wed,122,4,999,0,nonexistent,1.1,93.994,-36.4,4.857,5191.0,no
31,services,married,high.school,no,no,no,telephone,may,wed,185,6,999,0,nonexistent,1.1,93.994,-36.4,4.857,5191.0,no
26,admin.,single,high.school,no,no,no,telephone,may,wed,87,5,999,0,nonexistent,1.1,93.994,-36.4,4.857,5191.0,no
40,admin.,married,basic.9y,no,no,yes,telephone,may,wed,145,2,999,0,nonexistent,1.1,93.994,-36.4,4.857,5191.0,no
43,unemployed,married,high.school,no,yes,no,telephone,may,wed,585,3,999,0,nonexistent,1.1,93.994,-36.4,4.857,5191.0,no
34,blue-collar,married,basic.6y,no,no,no,telephone,may,wed,136,2,999,0,nonexistent,1.1,93.994,-36.4,4.857,5191.0,no
25,blue-collar,single,basic.6y,unknown,no,yes,telephone,may,wed,90,8,999,0,nonexistent,1.1,93.994,-36.4,4.857,5191.0,no
36,technician,married,university.degree,no,no,no,telephone,may,wed,146,2,999,0,nonexistent,1.1,93.994,-36.4,4.857,5191.0,no
34,blue-collar,married,basic.9y,no,yes,yes,telephone,may,wed,180,2,999,0,nonexistent,1.1,93.994,-36.4,4.857,5191.0,no
22,blue-collar,single,basic.9y,no,yes,no,telephone,may,thu,100,2,999,0,nonexistent,1.1,93.994,-36.4,4.86,5191.0,no
48,entrepreneur,divorced,basic.4y,no,no,no,telephone,may,thu,75,1,999,0,nonexistent,1.1,93.994,-36.4,4.86,5191.0,no
29,admin.,single,basic.9y,unknown,no,no,telephone,may,thu,93,1,999,0,nonexistent,1.1,93.994,-36.4,4.86,5191.0,no
46,retired,married,university.degree,no,no,no,telephone,may,thu,334,2,999,0,nonexistent,1.1,93.994,-36.4,4.86,5191.0,no
34,blue-collar,married,basic.9y,no,no,yes,telephone,may,thu,92,1,999,0,nonexistent,1.1,93.994,-36.4,4.86,5191.0,no
56,management,married,university.degree,no,no,no,telephone,may,thu,750,2,999,0,nonexistent,1.1,93.994,-36.4,4.86,5191.0,no
39,blue-collar,married,basic.4y,unknown,no,no,telephone,may,thu,332,1,999,0,nonexistent,1.1,93.994,-36.4,4.86,5191.0,no
36,blue-collar,single,basic.9y,no,no,no,telephone,may,thu,333,3,999,0,nonexistent,1.1,93.994,-36.4,4.86,5191.0,no
56,management,divorced,university.degree,no,yes,no,telephone,may,thu,118,2,999,0,nonexistent,1.1,93.994,-36.4,4.86,5191.0,no
36,blue-collar,married,basic.9y,no,no,no,telephone,may,thu,620,1,999,0,nonexistent,1.1,93.994,-36.4,4.86,5191.0,no
36,admin.,single,high.school,no,yes,no,telephone,may,thu,193,6,999,0,nonexistent,1.1,93.994,-36.4,4.86,5191.0,no
52,retired,married,basic.4y,no,yes,no,telephone,may,thu,138,1,999,0,nonexistent,1.1,93.994,-36.4,4.86,5191.0,no
35,student,single,university.degree,unknown,no,no,telephone,may,thu,297,1,999,0,nonexistent,1.1,93.994,-36.4,4.86,5191.0,no
59,admin.,married,university.degree,no,no,yes,telephone,may,thu,155,1,999,0,nonexistent,1.1,93.994,-36.4,4.86,5191.0,no
33,admin.,married,professional.course,no,yes,yes,telephone,may,thu,140,1,999,0,nonexistent,1.1,93.994,-36.4,4.86,5191.0,no
42,admin.,single,basic.9y,unknown,no,no,telephone,may,thu,42,7,999,0,nonexistent,1.1,93.994,-36.4,4.86,5191.0,no
54,management,married,university.degree,no,yes,no,telephone,may,thu,127,4,999,0,nonexistent,1.1,93.994,-36.4,4.86,5191.0,no
52,self-employed,single,basic.4y,unknown,yes,no,telephone,may,thu,61,1,999,0,nonexistent,1.1,93.994,-36.4,4.86,5191.0,no
35,services,married,high.school,unknown,no,no,telephone,may,thu,267,1,999,0,nonexistent,1.1,93.994,-36.4,4.86,5191.0,no
55,admin.,married,basic.9y,unknown,no,yes,telephone,may,thu,103,2,999,0,nonexistent,1.1,93.994,-36.4,4.86,5191.0,no
35,housemaid,married,basic.4y,unknown,no,yes,telephone,may,thu,205,5,999,0,nonexistent,1.1,93.994,-36.4,4.86,5191.0,no
26,blue-collar,married,basic.9y,unknown,yes,no,telephone,may,thu,132,3,999,0,nonexistent,1.1,93.994,-36.4,4.86,5191.0,no
36,blue-collar,single,basic.6y,unknown,yes,no,telephone,may,thu,275,1,999,0,nonexistent,1.1,93.994,-36.4,4.86,5191.0,no
40,technician,married,basic.9y,no,yes,no,telephone,may,thu,203,1,999,0,nonexistent,1.1,93.994,-36.4,4.86,5191.0,no
34,student,single,basic.4y,unknown,no,no,telephone,may,thu,95,1,999,0,nonexistent,1.1,93.994,-36.4,4.86,5191.0,no
40,admin.,single,unknown,unknown,yes,no,telephone,may,thu,177,1,999,0,nonexistent,1.1,93.994,-36.4,4.86,5191.0,no
42,blue-collar,married,basic.6y,unknown,no,no,telephone,may,thu,179,1,999,0,nonexistent,1.1,93.994,-36.4,4.86,5191.0,no
39,blue-collar,married,basic.6y,no,no,no,telephone,may,thu,128,7,999,0,nonexistent,1.1,93.994,-36.4,4.86,5191.0,no
58,blue-collar,married,basic.4y,no,yes,no,telephone,may,thu,184,1,999,0,nonexistent,1.1,93.994,-36.4,4.86,5191.0,no
37,services,married,high.school,unknown,no,yes,telephone,may,thu,284,1,999,0,nonexistent,1.1,93.994,-36.4,4.86,5191.0,no
33,services,married,basic.6y,no,yes,no,telephone,may,thu,148,1,999,0,nonexistent,1.1,93.994,-36.4,4.86,5191.0,no
30,self-employed,single,university.degree,no,yes,no,telephone,may,thu,244,2,999,0,nonexistent,1.1,93.994,-36.4,4.86,5191.0,no
30,admin.,single,high.school,no,no,no,telephone,may,thu,107,2,999,0,nonexistent,1.1,93.994,-36.4,4.86,5191.0,no
31,blue-collar,married,basic.9y,unknown,yes,no,telephone,may,thu,140,3,999,0,nonexistent,1.1,93.994,-36.4,4.86,5191.0,no
47,self-employed,married,university.degree,no,yes,no,telephone,may,thu,217,5,999,0,nonexistent,1.1,93.994,-36.4,4.86,5191.0,no
45,blue-collar,married,illiterate,unknown,no,no,telephone,may,thu,1196,1,999,0,nonexistent,1.1,93.994,-36.4,4.86,5191.0,no
45,blue-collar,married,basic.9y,no,no,no,telephone,may,thu,129,2,999,0,nonexistent,1.1,93.994,-36.4,4.86,5191.0,no
35,admin.,married,high.school,no,yes,no,telephone,may,thu,52,1,999,0,nonexistent,1.1,93.994,-36.4,4.86,5191.0,no
43,unemployed,married,high.school,no,yes,no,telephone,may,thu,285,1,999,0,nonexistent,1.1,93.994,-36.4,4.86,5191.0,no
56,admin.,divorced,unknown,unknown,yes,no,telephone,may,thu,134,1,999,0,nonexistent,1.1,93.994,-36.4,4.86,5191.0,no
29,blue-collar,single,professional.course,no,yes,no,telephone,may,thu,182,2,999,0,nonexistent,1.1,93.994,-36.4,4.86,5191.0,no
35,admin.,married,university.degree,no,yes,no,telephone,may,thu,162,5,999,0,nonexistent,1.1,93.994,-36.4,4.86,5191.0,no
53,entrepreneur,divorced,unknown,no,no,no,telephone,may,thu,184,1,999,0,nonexistent,1.1,93.994,-36.4,4.86,5191.0,no
34,services,married,high.school,no,no,no,telephone,may,thu,285,1,999,0,nonexistent,1.1,93.994,-36.4,4.86,5191.0,no
47,blue-collar,married,unknown,unknown,no,no,telephone,may,thu,361,1,999,0,nonexistent,1.1,93.994,-36.4,4.86,5191.0,no
40,technician,married,basic.9y,no,yes,no,telephone,may,thu,74,1,999,0,nonexistent,1.1,93.994,-36.4,4.86,5191.0,no
52,blue-collar,single,basic.9y,unknown,yes,no,telephone,may,thu,130,1,999,0,nonexistent,1.1,93.994,-36.4,4.86,5191.0,no
29,admin.,married,university.degree,no,yes,no,telephone,may,thu,203,1,999,0,nonexistent,1.1,93.994,-36.4,4.86,5191.0,no
42,technician,single,high.school,no,no,no,telephone,may,thu,186,1,999,0,nonexistent,1.1,93.994,-36.4,4.86,5191.0,no
37,admin.,married,high.school,unknown,yes,no,telephone,may,thu,37,1,999,0,nonexistent,1.1,93.994,-36.4,4.86,5191.0,no
39,blue-collar,married,basic.4y,unknown,no,no,telephone,may,thu,206,2,999,0,nonexistent,1.1,93.994,-36.4,4.86,5191.0,no
31,blue-collar,single,high.school,no,unknown,unknown,telephone,may,thu,230,4,999,0,nonexistent,1.1,93.994,-36.4,4.86,5191.0,no
28,entrepreneur,married,basic.9y,unknown,no,no,telephone,may,thu,73,1,999,0,nonexistent,1.1,93.994,-36.4,4.86,5191.0,no
35,services,married,high.school,no,no,no,telephone,may,thu,283,1,999,0,nonexistent,1.1,93.994,-36.4,4.86,5191.0,no
34,self-employed,married,professional.course,no,no,no,telephone,may,thu,205,1,999,0,nonexistent,1.1,93.994,-36.4,4.86,5191.0,no
37,blue-collar,married,basic.9y,no,no,no,telephone,may,thu,291,1,999,0,nonexistent,1.1,93.994,-36.4,4.86,5191.0,no
42,blue-collar,divorced,basic.9y,no,no,no,telephone,may,thu,159,1,999,0,nonexistent,1.1,93.994,-36.4,4.86,5191.0,no
42,admin.,married,basic.4y,no,no,no,telephone,may,thu,148,1,999,0,nonexistent,1.1,93.994,-36.4,4.86,5191.0,no
38,admin.,married,university.degree,no,yes,no,telephone,may,thu,744,1,999,0,nonexistent,1.1,93.994,-36.4,4.86,5191.0,no
45,admin.,married,basic.9y,no,yes,yes,telephone,may,thu,254,1,999,0,nonexistent,1.1,93.994,-36.4,4.86,5191.0,no
53,admin.,married,university.degree,no,yes,no,telephone,may,thu,135,1,999,0,nonexistent,1.1,93.994,-36.4,4.86,5191.0,no
50,self-employed,married,basic.4y,unknown,no,no,telephone,may,thu,23,1,999,0,nonexistent,1.1,93.994,-36.4,4.86,5191.0,no
30,blue-collar,single,basic.9y,unknown,yes,no,telephone,may,thu,578,3,999,0,nonexistent,1.1,93.994,-36.4,4.86,5191.0,no
38,technician,divorced,professional.course,no,yes,no,telephone,may,thu,1093,1,999,0,nonexistent,1.1,93.994,-36.4,4.86,5191.0,yes
36,technician,married,professional.course,no,yes,no,telephone,may,thu,247,1,999,0,nonexistent,1.1,93.994,-36.4,4.86,5191.0,no
46,blue-collar,married,basic.4y,unknown,yes,no,telephone,may,thu,114,9,999,0,nonexistent,1.1,93.994,-36.4,4.86,5191.0,no
42,admin.,divorced,high.school,no,yes,no,telephone,may,thu,119,1,999,0,nonexistent,1.1,93.994,-36.4,4.86,5191.0,no
32,management,married,university.degree,no,yes,no,telephone,may,thu,619,1,999,0,nonexistent,1.1,93.994,-36.4,4.86,5191.0,no
51,technician,married,professional.course,unknown,no,no,telephone,may,thu,337,1,999,0,nonexistent,1.1,93.994,-36.4,4.86,5191.0,no
45,services,divorced,high.school,unknown,yes,no,telephone,may,thu,561,1,999,0,nonexistent,1.1,93.994,-36.4,4.86,5191.0,no
44,blue-collar,single,basic.9y,no,no,no,telephone,may,thu,111,1,999,0,nonexistent,1.1,93.994,-36.4,4.86,5191.0,no
48,technician,married,high.school,no,no,no,telephone,may,thu,418,8,999,0,nonexistent,1.1,93.994,-36.4,4.86,5191.0,no
46,admin.,divorced,basic.9y,no,yes,no,telephone,may,thu,56,2,999,0,nonexistent,1.1,93.994,-36.4,4.86,5191.0,no
43,unemployed,married,university.degree,unknown,no,no,telephone,may,thu,456,1,999,0,nonexistent,1.1,93.994,-36.4,4.86,5191.0,no
49,blue-collar,married,basic.4y,unknown,yes,no,telephone,may,thu,109,1,999,0,nonexistent,1.1,93.994,-36.4,4.86,5191.0,no
44,admin.,married,university.degree,no,yes,no,telephone,may,thu,413,2,999,0,nonexistent,1.1,93.994,-36.4,4.86,5191.0,no
59,entrepreneur,married,university.degree,unknown,no,no,telephone,may,thu,146,1,999,0,nonexistent,1.1,93.994,-36.4,4.86,5191.0,no
53,unemployed,married,unknown,unknown,no,no,telephone,may,thu,202,1,999,0,nonexistent,1.1,93.994,-36.4,4.86,5191.0,no
33,services,married,university.degree,no,unknown,unknown,telephone,may,thu,73,1,999,0,nonexistent,1.1,93.994,-36.4,4.86,5191.0,no
57,blue-collar,married,basic.4y,unknown,no,no,telephone,may,thu,154,1,999,0,nonexistent,1.1,93.994,-36.4,4.86,5191.0,no
43,entrepreneur,married,basic.4y,no,yes,no,telephone,may,thu,199,1,999,0,nonexistent,1.1,93.994,-36.4,4.86,5191.0,no
45,unknown,married,unknown,no,no,no,telephone,may,thu,208,1,999,0,nonexistent,1.1,93.994,-36.4,4.86,5191.0,no
41,admin.,married,high.school,no,yes,no,telephone,may,thu,471,1,999,0,nonexistent,1.1,93.994,-36.4,4.86,5191.0,no
25,student,single,high.school,no,unknown,unknown,telephone,may,thu,360,5,999,0,nonexistent,1.1,93.994,-36.4,4.86,5191.0,no
33,management,single,university.degree,no,unknown,unknown,telephone,may,thu,131,1,999,0,nonexistent,1.1,93.994,-36.4,4.86,5191.0,no
56,blue-collar,married,basic.4y,unknown,unknown,unknown,telephone,may,thu,137,1,999,0,nonexistent,1.1,93.994,-36.4,4.86,5191.0,no
37,admin.,married,high.school,no,no,yes,telephone,may,thu,155,1,999,0,nonexistent,1.1,93.994,-36.4,4.86,5191.0,no
48,admin.,divorced,high.school,no,no,no,telephone,may,thu,66,2,999,0,nonexistent,1.1,93.994,-36.4,4.86,5191.0,no
32,services,married,professional.course,no,no,no,telephone,may,thu,103,7,999,0,nonexistent,1.1,93.994,-36.4,4.86,5191.0,no
47,admin.,single,university.degree,unknown,yes,yes,telephone,may,thu,656,1,999,0,nonexistent,1.1,93.994,-36.4,4.86,5191.0,no
32,technician,married,professional.course,no,no,no,telephone,may,thu,27,1,999,0,nonexistent,1.1,93.994,-36.4,4.86,5191.0,no
48,blue-collar,married,basic.6y,no,yes,no,telephone,may,thu,544,4,999,0,nonexistent,1.1,93.994,-36.4,4.86,5191.0,no
46,blue-collar,married,basic.9y,unknown,no,no,telephone,may,thu,346,6,999,0,nonexistent,1.1,93.994,-36.4,4.86,5191.0,no
50,services,married,high.school,no,no,no,telephone,may,thu,134,6,999,0,nonexistent,1.1,93.994,-36.4,4.86,5191.0,no
41,admin.,married,high.school,no,no,no,telephone,may,thu,135,2,999,0,nonexistent,1.1,93.994,-36.4,4.86,5191.0,no
42,technician,married,university.degree,unknown,no,no,telephone,may,thu,48,1,999,0,nonexistent,1.1,93.994,-36.4,4.86,5191.0,no
31,admin.,married,university.degree,no,yes,no,telephone,may,thu,359,2,999,0,nonexistent,1.1,93.994,-36.4,4.86,5191.0,no
40,technician,married,professional.course,unknown,yes,no,telephone,may,thu,105,1,999,0,nonexistent,1.1,93.994,-36.4,4.86,5191.0,no
37,technician,single,professional.course,no,no,no,telephone,may,thu,322,1,999,0,nonexistent,1.1,93.994,-36.4,4.86,5191.0,no
45,unknown,married,unknown,unknown,yes,no,telephone,may,thu,56,2,999,0,nonexistent,1.1,93.994,-36.4,4.86,5191.0,no
32,management,single,university.degree,no,unknown,unknown,telephone,may,thu,315,1,999,0,nonexistent,1.1,93.994,-36.4,4.86,5191.0,no
41,entrepreneur,married,university.degree,unknown,yes,no,telephone,may,thu,126,1,999,0,nonexistent,1.1,93.994,-36.4,4.86,5191.0,no
57,technician,married,basic.4y,unknown,no,no,telephone,may,thu,122,1,999,0,nonexistent,1.1,93.994,-36.4,4.86,5191.0,no
33,management,married,university.degree,no,yes,no,telephone,may,thu,144,2,999,0,nonexistent,1.1,93.994,-36.4,4.86,5191.0,no
36,admin.,married,university.degree,no,yes,no,telephone,may,thu,445,1,999,0,nonexistent,1.1,93.994,-36.4,4.86,5191.0,no
40,self-employed,married,high.school,unknown,yes,no,telephone,may,thu,144,1,999,0,nonexistent,1.1,93.994,-36.4,4.86,5191.0,no
31,admin.,married,university.degree,no,yes,no,telephone,may,thu,102,4,999,0,nonexistent,1.1,93.994,-36.4,4.86,5191.0,no
42,management,married,university.degree,unknown,no,no,telephone,may,thu,329,1,999,0,nonexistent,1.1,93.994,-36.4,4.86,5191.0,no
59,retired,divorced,basic.4y,unknown,yes,no,telephone,may,thu,247,1,999,0,nonexistent,1.1,93.994,-36.4,4.86,5191.0,no
52,admin.,married,basic.6y,no,yes,no,telephone,may,thu,152,1,999,0,nonexistent,1.1,93.994,-36.4,4.86,5191.0,no
30,services,divorced,basic.9y,no,yes,no,telephone,may,thu,49,1,999,0,nonexistent,1.1,93.994,-36.4,4.86,5191.0,no
52,technician,single,professional.course,unknown,no,no,telephone,may,thu,223,4,999,0,nonexistent,1.1,93.994,-36.4,4.86,5191.0,no
30,services,divorced,basic.9y,no,no,no,telephone,may,thu,177,1,999,0,nonexistent,1.1,93.994,-36.4,4.86,5191.0,no
38,services,married,high.school,unknown,no,yes,telephone,may,thu,77,1,999,0,nonexistent,1.1,93.994,-36.4,4.86,5191.0,no
44,blue-collar,single,basic.4y,no,yes,no,telephone,may,thu,106,1,999,0,nonexistent,1.1,93.994,-36.4,4.86,5191.0,no
47,admin.,married,basic.9y,no,yes,no,telephone,may,thu,146,1,999,0,nonexistent,1.1,93.994,-36.4,4.86,5191.0,no
38,blue-collar,married,basic.6y,unknown,yes,no,telephone,may,thu,125,1,999,0,nonexistent,1.1,93.994,-36.4,4.86,5191.0,no
41,blue-collar,married,basic.4y,no,no,no,telephone,may,thu,404,1,999,0,nonexistent,1.1,93.994,-36.4,4.86,5191.0,no
48,entrepreneur,married,university.degree,no,yes,no,telephone,may,thu,413,1,999,0,nonexistent,1.1,93.994,-36.4,4.86,5191.0,no
31,admin.,single,high.school,no,yes,no,telephone,may,thu,177,2,999,0,nonexistent,1.1,93.994,-36.4,4.86,5191.0,no
38,self-employed,married,unknown,no,yes,no,telephone,may,thu,118,1,999,0,nonexistent,1.1,93.994,-36.4,4.86,5191.0,no
52,services,divorced,high.school,no,yes,no,telephone,may,thu,201,1,999,0,nonexistent,1.1,93.994,-36.4,4.86,5191.0,no
43,blue-collar,married,basic.4y,no,yes,no,telephone,may,thu,609,2,999,0,nonexistent,1.1,93.994,-36.4,4.86,5191.0,no
46,technician,married,professional.course,no,no,no,telephone,may,thu,251,1,999,0,nonexistent,1.1,93.994,-36.4,4.86,5191.0,no
34,unemployed,single,university.degree,no,yes,yes,telephone,may,thu,35,1,999,0,nonexistent,1.1,93.994,-36.4,4.86,5191.0,no
35,services,married,basic.6y,no,yes,no,telephone,may,thu,473,1,999,0,nonexistent,1.1,93.994,-36.4,4.86,5191.0,no
29,entrepreneur,divorced,basic.9y,no,yes,no,telephone,may,thu,596,1,999,0,nonexistent,1.1,93.994,-36.4,4.86,5191.0,no
55,admin.,divorced,university.degree,no,no,no,telephone,may,thu,370,1,999,0,nonexistent,1.1,93.994,-36.4,4.86,5191.0,no
24,student,married,university.degree,no,no,no,telephone,may,thu,691,1,999,0,nonexistent,1.1,93.994,-36.4,4.86,5191.0,no
29,services,single,high.school,no,no,no,telephone,may,thu,70,2,999,0,nonexistent,1.1,93.994,-36.4,4.86,5191.0,no
39,entrepreneur,single,basic.6y,no,yes,no,telephone,may,thu,77,2,999,0,nonexistent,1.1,93.994,-36.4,4.86,5191.0,no
30,technician,married,high.school,no,yes,no,telephone,may,thu,212,6,999,0,nonexistent,1.1,93.994,-36.4,4.86,5191.0,no
30,technician,single,professional.course,no,yes,no,telephone,may,thu,245,4,999,0,nonexistent,1.1,93.994,-36.4,4.86,5191.0,no
33,blue-collar,married,basic.9y,no,no,no,telephone,may,thu,544,1,999,0,nonexistent,1.1,93.994,-36.4,4.86,5191.0,no
41,blue-collar,married,basic.9y,no,no,no,telephone,may,thu,410,5,999,0,nonexistent,1.1,93.994,-36.4,4.86,5191.0,no
41,blue-collar,married,basic.4y,unknown,no,no,telephone,may,thu,513,3,999,0,nonexistent,1.1,93.994,-36.4,4.86,5191.0,no
40,management,single,university.degree,no,no,no,telephone,may,thu,179,2,999,0,nonexistent,1.1,93.994,-36.4,4.86,5191.0,no
38,services,married,high.school,no,yes,no,telephone,may,thu,896,1,999,0,nonexistent,1.1,93.994,-36.4,4.86,5191.0,no
28,technician,divorced,professional.course,unknown,yes,no,telephone,may,thu,174,1,999,0,nonexistent,1.1,93.994,-36.4,4.86,5191.0,no
31,admin.,divorced,high.school,no,no,no,telephone,may,thu,1207,1,999,0,nonexistent,1.1,93.994,-36.4,4.86,5191.0,yes
41,services,married,university.degree,no,no,no,telephone,may,thu,158,1,999,0,nonexistent,1.1,93.994,-36.4,4.86,5191.0,no
47,blue-collar,married,basic.4y,unknown,no,no,telephone,may,thu,159,1,999,0,nonexistent,1.1,93.994,-36.4,4.86,5191.0,no
38,technician,married,professional.course,no,yes,no,telephone,may,thu,82,1,999,0,nonexistent,1.1,93.994,-36.4,4.86,5191.0,no
57,services,married,high.school,unknown,yes,no,telephone,may,thu,180,1,999,0,nonexistent,1.1,93.994,-36.4,4.86,5191.0,no
28,technician,divorced,high.school,no,yes,no,telephone,may,thu,206,1,999,0,nonexistent,1.1,93.994,-36.4,4.86,5191.0,no
28,blue-collar,married,basic.9y,unknown,no,no,telephone,may,thu,92,1,999,0,nonexistent,1.1,93.994,-36.4,4.86,5191.0,no
51,self-employed,married,basic.9y,no,yes,no,telephone,may,thu,162,2,999,0,nonexistent,1.1,93.994,-36.4,4.86,5191.0,no
41,management,married,unknown,no,yes,no,telephone,may,thu,347,1,999,0,nonexistent,1.1,93.994,-36.4,4.86,5191.0,no
36,blue-collar,married,unknown,unknown,no,no,telephone,may,thu,117,1,999,0,nonexistent,1.1,93.994,-36.4,4.86,5191.0,no
41,services,married,university.degree,no,yes,yes,telephone,may,thu,936,1,999,0,nonexistent,1.1,93.994,-36.4,4.86,5191.0,no
56,admin.,married,high.school,no,no,no,telephone,may,thu,162,2,999,0,nonexistent,1.1,93.994,-36.4,4.86,5191.0,no
41,blue-collar,married,basic.9y,unknown,no,no,telephone,may,thu,126,2,999,0,nonexistent,1.1,93.994,-36.4,4.86,5191.0,no
26,admin.,married,high.school,no,yes,no,telephone,may,thu,344,3,999,0,nonexistent,1.1,93.994,-36.4,4.86,5191.0,no
42,services,married,basic.6y,no,yes,no,telephone,may,thu,178,1,999,0,nonexistent,1.1,93.994,-36.4,4.86,5191.0,no
28,self-employed,single,university.degree,no,yes,no,telephone,may,thu,409,3,999,0,nonexistent,1.1,93.994,-36.4,4.86,5191.0,no
30,technician,single,university.degree,no,no,no,telephone,may,thu,272,5,999,0,nonexistent,1.1,93.994,-36.4,4.86,5191.0,no
45,technician,divorced,professional.course,no,no,no,telephone,may,thu,87,7,999,0,nonexistent,1.1,93.994,-36.4,4.86,5191.0,no
47,admin.,single,unknown,unknown,no,no,telephone,may,thu,127,1,999,0,nonexistent,1.1,93.994,-36.4,4.86,5191.0,no
33,management,married,high.school,unknown,yes,no,telephone,may,thu,202,1,999,0,nonexistent,1.1,93.994,-36.4,4.86,5191.0,no
36,services,married,high.school,unknown,yes,no,telephone,may,thu,117,1,999,0,nonexistent,1.1,93.994,-36.4,4.86,5191.0,no
41,blue-collar,married,basic.9y,no,no,no,telephone,may,thu,441,1,999,0,nonexistent,1.1,93.994,-36.4,4.86,5191.0,no
47,admin.,married,basic.4y,no,no,no,telephone,may,thu,175,1,999,0,nonexistent,1.1,93.994,-36.4,4.86,5191.0,no
52,services,married,basic.9y,unknown,no,no,telephone,may,thu,80,3,999,0,nonexistent,1.1,93.994,-36.4,4.86,5191.0,no
28,blue-collar,married,basic.4y,no,no,no,telephone,may,thu,932,3,999,0,nonexistent,1.1,93.994,-36.4,4.86,5191.0,no
26,self-employed,married,university.degree,no,no,no,telephone,may,thu,13,1,999,0,nonexistent,1.1,93.994,-36.4,4.86,5191.0,no
36,services,married,high.school,no,no,no,telephone,may,thu,139,3,999,0,nonexistent,1.1,93.994,-36.4,4.86,5191.0,no
38,management,married,high.school,unknown,no,no,telephone,may,thu,879,2,999,0,nonexistent,1.1,93.994,-36.4,4.86,5191.0,no
39,blue-collar,married,high.school,unknown,yes,no,telephone,may,thu,64,4,999,0,nonexistent,1.1,93.994,-36.4,4.86,5191.0,no
35,blue-collar,married,basic.9y,unknown,yes,no,telephone,may,thu,440,2,999,0,nonexistent,1.1,93.994,-36.4,4.86,5191.0,no
37,unemployed,married,university.degree,unknown,no,no,telephone,may,thu,76,3,999,0,nonexistent,1.1,93.994,-36.4,4.86,5191.0,no
38,admin.,married,high.school,no,yes,no,telephone,may,thu,26,3,999,0,nonexistent,1.1,93.994,-36.4,4.86,5191.0,no
45,technician,married,professional.course,no,no,no,telephone,may,thu,455,2,999,0,nonexistent,1.1,93.994,-36.4,4.86,5191.0,no
33,unemployed,divorced,basic.9y,no,yes,no,telephone,may,thu,180,2,999,0,nonexistent,1.1,93.994,-36.4,4.86,5191.0,no
34,management,married,university.degree,no,no,no,telephone,may,thu,200,2,999,0,nonexistent,1.1,93.994,-36.4,4.86,5191.0,no
31,blue-collar,married,basic.9y,no,no,no,telephone,may,thu,535,2,999,0,nonexistent,1.1,93.994,-36.4,4.86,5191.0,yes
46,self-employed,divorced,university.degree,no,yes,yes,telephone,may,thu,1026,2,999,0,nonexistent,1.1,93.994,-36.4,4.86,5191.0,no
39,admin.,single,university.degree,no,no,yes,telephone,may,thu,364,3,999,0,nonexistent,1.1,93.994,-36.4,4.86,5191.0,no
40,technician,married,basic.4y,no,yes,no,telephone,may,thu,153,1,999,0,nonexistent,1.1,93.994,-36.4,4.86,5191.0,no
34,services,divorced,professional.course,unknown,yes,no,telephone,may,thu,158,1,999,0,nonexistent,1.1,93.994,-36.4,4.86,5191.0,no
36,unemployed,divorced,professional.course,no,yes,no,telephone,may,thu,617,2,999,0,nonexistent,1.1,93.994,-36.4,4.86,5191.0,no
30,admin.,married,university.degree,no,no,no,telephone,may,thu,99,1,999,0,nonexistent,1.1,93.994,-36.4,4.86,5191.0,no
50,services,divorced,basic.4y,unknown,yes,yes,telephone,may,thu,217,1,999,0,nonexistent,1.1,93.994,-36.4,4.86,5191.0,no
42,admin.,married,university.degree,no,no,no,telephone,may,thu,129,2,999,0,nonexistent,1.1,93.994,-36.4,4.86,5191.0,no
59,entrepreneur,married,basic.9y,no,no,no,telephone,may,thu,200,4,999,0,nonexistent,1.1,93.994,-36.4,4.86,5191.0,no
59,blue-collar,married,basic.9y,unknown,yes,no,telephone,may,thu,105,2,999,0,nonexistent,1.1,93.994,-36.4,4.86,5191.0,no
51,admin.,married,high.school,no,yes,no,telephone,may,thu,431,2,999,0,nonexistent,1.1,93.994,-36.4,4.86,5191.0,no
49,technician,married,professional.course,no,no,no,telephone,may,thu,417,2,999,0,nonexistent,1.1,93.994,-36.4,4.86,5191.0,no
44,blue-collar,married,basic.9y,no,yes,no,telephone,may,thu,480,2,999,0,nonexistent,1.1,93.994,-36.4,4.86,5191.0,no
30,blue-collar,single,basic.4y,unknown,yes,yes,telephone,may,thu,331,4,999,0,nonexistent,1.1,93.994,-36.4,4.86,5191.0,no
39,services,married,high.school,no,no,no,telephone,may,thu,359,3,999,0,nonexistent,1.1,93.994,-36.4,4.86,5191.0,no
35,technician,married,university.degree,unknown,no,no,telephone,may,thu,215,1,999,0,nonexistent,1.1,93.994,-36.4,4.86,5191.0,no
59,admin.,married,university.degree,no,yes,yes,telephone,may,thu,535,2,999,0,nonexistent,1.1,93.994,-36.4,4.86,5191.0,no
59,entrepreneur,married,university.degree,unknown,no,no,telephone,may,thu,147,2,999,0,nonexistent,1.1,93.994,-36.4,4.86,5191.0,no
43,blue-collar,married,basic.9y,no,no,no,telephone,may,thu,13,3,999,0,nonexistent,1.1,93.994,-36.4,4.86,5191.0,no
29,services,single,high.school,no,no,no,telephone,may,thu,689,2,999,0,nonexistent,1.1,93.994,-36.4,4.86,5191.0,no
47,services,divorced,high.school,no,yes,no,telephone,may,thu,97,1,999,0,nonexistent,1.1,93.994,-36.4,4.86,5191.0,no
49,services,married,high.school,unknown,yes,no,telephone,may,thu,166,1,999,0,nonexistent,1.1,93.994,-36.4,4.86,5191.0,no
43,admin.,married,basic.9y,no,no,no,telephone,may,thu,207,1,999,0,nonexistent,1.1,93.994,-36.4,4.86,5191.0,no
31,housemaid,married,high.school,no,no,no,telephone,may,thu,480,10,999,0,nonexistent,1.1,93.994,-36.4,4.86,5191.0,no
29,self-employed,married,university.degree,no,no,no,telephone,may,thu,116,1,999,0,nonexistent,1.1,93.994,-36.4,4.86,5191.0,no
34,management,married,professional.course,unknown,no,no,telephone,may,thu,484,5,999,0,nonexistent,1.1,93.994,-36.4,4.86,5191.0,no
31,admin.,married,basic.9y,no,no,no,telephone,may,thu,112,1,999,0,nonexistent,1.1,93.994,-36.4,4.86,5191.0,no
45,blue-collar,married,basic.9y,unknown,no,no,telephone,may,thu,726,1,999,0,nonexistent,1.1,93.994,-36.4,4.86,5191.0,no
51,services,single,high.school,unknown,yes,no,telephone,may,thu,148,4,999,0,nonexistent,1.1,93.994,-36.4,4.86,5191.0,no
40,admin.,single,high.school,no,yes,no,telephone,may,thu,1047,2,999,0,nonexistent,1.1,93.994,-36.4,4.86,5191.0,yes
38,blue-collar,divorced,unknown,no,no,no,telephone,may,thu,362,5,999,0,nonexistent,1.1,93.994,-36.4,4.86,5191.0,no
37,admin.,married,university.degree,no,yes,no,telephone,may,thu,1059,2,999,0,nonexistent,1.1,93.994,-36.4,4.86,5191.0,yes
37,technician,single,high.school,unknown,yes,no,telephone,may,thu,54,2,999,0,nonexistent,1.1,93.994,-36.4,4.86,5191.0,no
36,admin.,married,university.degree,no,no,yes,telephone,may,thu,184,2,999,0,nonexistent,1.1,93.994,-36.4,4.86,5191.0,no
54,services,married,unknown,no,no,no,telephone,may,thu,114,3,999,0,nonexistent,1.1,93.994,-36.4,4.86,5191.0,no
34,services,divorced,basic.9y,no,yes,yes,telephone,may,thu,293,2,999,0,nonexistent,1.1,93.994,-36.4,4.86,5191.0,no
49,blue-collar,married,unknown,unknown,no,no,telephone,may,thu,246,2,999,0,nonexistent,1.1,93.994,-36.4,4.86,5191.0,no
42,self-employed,married,basic.6y,no,yes,yes,telephone,may,thu,195,2,999,0,nonexistent,1.1,93.994,-36.4,4.86,5191.0,no
55,technician,married,professional.course,no,yes,no,telephone,may,thu,166,3,999,0,nonexistent,1.1,93.994,-36.4,4.86,5191.0,no
50,entrepreneur,married,basic.9y,no,no,no,telephone,may,thu,85,6,999,0,nonexistent,1.1,93.994,-36.4,4.86,5191.0,no
31,blue-collar,married,basic.9y,unknown,no,no,telephone,may,thu,173,1,999,0,nonexistent,1.1,93.994,-36.4,4.86,5191.0,no
50,technician,divorced,basic.9y,no,no,yes,telephone,may,thu,48,5,999,0,nonexistent,1.1,93.994,-36.4,4.86,5191.0,no
51,management,married,university.degree,no,yes,no,telephone,may,thu,410,3,999,0,nonexistent,1.1,93.994,-36.4,4.86,5191.0,no
44,blue-collar,married,basic.4y,no,yes,no,telephone,may,thu,40,2,999,0,nonexistent,1.1,93.994,-36.4,4.86,5191.0,no
57,management,divorced,university.degree,no,yes,no,telephone,may,thu,81,1,999,0,nonexistent,1.1,93.994,-36.4,4.86,5191.0,no
30,blue-collar,married,university.degree,no,no,no,telephone,may,thu,558,13,999,0,nonexistent,1.1,93.994,-36.4,4.86,5191.0,no
54,technician,married,university.degree,unknown,no,no,telephone,may,thu,109,4,999,0,nonexistent,1.1,93.994,-36.4,4.86,5191.0,no
54,retired,divorced,basic.4y,no,yes,no,telephone,may,thu,77,3,999,0,nonexistent,1.1,93.994,-36.4,4.86,5191.0,no
24,services,single,high.school,no,yes,no,telephone,may,thu,70,7,999,0,nonexistent,1.1,93.994,-36.4,4.86,5191.0,no
39,blue-collar,divorced,unknown,unknown,no,yes,telephone,may,thu,145,2,999,0,nonexistent,1.1,93.994,-36.4,4.86,5191.0,no
36,admin.,single,university.degree,no,no,no,telephone,may,thu,792,3,999,0,nonexistent,1.1,93.994,-36.4,4.86,5191.0,yes
31,admin.,married,high.school,unknown,yes,no,telephone,may,thu,199,2,999,0,nonexistent,1.1,93.994,-36.4,4.86,5191.0,no
36,management,married,university.degree,unknown,yes,no,telephone,may,thu,488,1,999,0,nonexistent,1.1,93.994,-36.4,4.86,5191.0,no
51,services,married,basic.6y,no,yes,no,telephone,may,thu,176,3,999,0,nonexistent,1.1,93.994,-36.4,4.86,5191.0,no
48,housemaid,divorced,basic.4y,unknown,yes,yes,telephone,may,thu,123,4,999,0,nonexistent,1.1,93.994,-36.4,4.86,5191.0,no
51,blue-collar,married,basic.6y,unknown,yes,yes,telephone,may,thu,88,2,999,0,nonexistent,1.1,93.994,-36.4,4.86,5191.0,no
41,technician,married,professional.course,unknown,yes,no,telephone,may,thu,768,4,999,0,nonexistent,1.1,93.994,-36.4,4.86,5191.0,no
37,blue-collar,single,professional.course,no,yes,no,telephone,may,thu,105,3,999,0,nonexistent,1.1,93.994,-36.4,4.86,5191.0,no
46,blue-collar,married,basic.4y,unknown,yes,no,telephone,may,thu,101,4,999,0,nonexistent,1.1,93.994,-36.4,4.86,5191.0,no
54,retired,married,basic.4y,no,no,no,telephone,may,thu,225,3,999,0,nonexistent,1.1,93.994,-36.4,4.86,5191.0,no
49,admin.,single,unknown,unknown,yes,no,telephone,may,thu,122,2,999,0,nonexistent,1.1,93.994,-36.4,4.86,5191.0,no
41,blue-collar,married,basic.9y,unknown,unknown,unknown,telephone,may,thu,52,2,999,0,nonexistent,1.1,93.994,-36.4,4.86,5191.0,no
52,self-employed,single,university.degree,unknown,yes,no,telephone,may,thu,150,4,999,0,nonexistent,1.1,93.994,-36.4,4.86,5191.0,no
30,technician,married,university.degree,unknown,yes,no,telephone,may,thu,399,1,999,0,nonexistent,1.1,93.994,-36.4,4.86,5191.0,no
30,blue-collar,married,basic.9y,no,yes,no,telephone,may,thu,58,1,999,0,nonexistent,1.1,93.994,-36.4,4.86,5191.0,no
42,admin.,married,high.school,no,no,no,telephone,may,thu,260,1,999,0,nonexistent,1.1,93.994,-36.4,4.86,5191.0,no
37,technician,single,university.degree,no,yes,no,telephone,may,thu,199,3,999,0,nonexistent,1.1,93.994,-36.4,4.86,5191.0,no
35,unknown,married,basic.9y,no,no,no,telephone,may,thu,241,4,999,0,nonexistent,1.1,93.994,-36.4,4.86,5191.0,no
34,blue-collar,married,basic.9y,no,yes,no,telephone,may,thu,399,5,999,0,nonexistent,1.1,93.994,-36.4,4.86,5191.0,no
49,management,married,basic.4y,no,yes,no,telephone,may,thu,637,3,999,0,nonexistent,1.1,93.994,-36.4,4.86,5191.0,no
53,self-employed,married,basic.4y,no,no,no,telephone,may,thu,107,2,999,0,nonexistent,1.1,93.994,-36.4,4.86,5191.0,no
41,admin.,single,university.degree,unknown,yes,no,telephone,may,thu,137,1,999,0,nonexistent,1.1,93.994,-36.4,4.86,5191.0,no
35,blue-collar,married,basic.4y,no,no,no,telephone,may,thu,182,1,999,0,nonexistent,1.1,93.994,-36.4,4.86,5191.0,no
27,blue-collar,married,basic.4y,no,yes,no,telephone,may,thu,310,3,999,0,nonexistent,1.1,93.994,-36.4,4.86,5191.0,no
30,admin.,single,university.degree,no,yes,no,telephone,may,thu,206,3,999,0,nonexistent,1.1,93.994,-36.4,4.86,5191.0,no
33,blue-collar,single,basic.4y,no,no,no,telephone,may,thu,119,2,999,0,nonexistent,1.1,93.994,-36.4,4.86,5191.0,no
33,admin.,married,high.school,no,yes,no,telephone,may,thu,764,2,999,0,nonexistent,1.1,93.994,-36.4,4.86,5191.0,no
49,admin.,married,basic.6y,unknown,no,yes,telephone,may,thu,29,4,999,0,nonexistent,1.1,93.994,-36.4,4.86,5191.0,no
39,services,married,basic.4y,no,no,no,telephone,may,thu,126,2,999,0,nonexistent,1.1,93.994,-36.4,4.86,5191.0,no
25,admin.,married,university.degree,no,yes,no,telephone,may,thu,251,4,999,0,nonexistent,1.1,93.994,-36.4,4.86,5191.0,no
35,self-employed,married,university.degree,no,no,yes,telephone,may,thu,188,6,999,0,nonexistent,1.1,93.994,-36.4,4.86,5191.0,no
37,unemployed,married,professional.course,no,no,no,telephone,may,thu,368,2,999,0,nonexistent,1.1,93.994,-36.4,4.86,5191.0,no
34,technician,married,professional.course,no,no,no,telephone,may,thu,414,2,999,0,nonexistent,1.1,93.994,-36.4,4.86,5191.0,no
32,blue-collar,married,basic.9y,unknown,no,no,telephone,may,thu,128,3,999,0,nonexistent,1.1,93.994,-36.4,4.86,5191.0,no
38,services,single,high.school,no,yes,no,telephone,may,thu,685,2,999,0,nonexistent,1.1,93.994,-36.4,4.86,5191.0,no
37,self-employed,single,university.degree,unknown,yes,no,telephone,may,thu,512,5,999,0,nonexistent,1.1,93.994,-36.4,4.86,5191.0,no
45,admin.,married,basic.9y,no,yes,no,telephone,may,thu,1611,2,999,0,nonexistent,1.1,93.994,-36.4,4.86,5191.0,no
31,blue-collar,married,basic.9y,no,yes,no,telephone,may,thu,203,2,999,0,nonexistent,1.1,93.994,-36.4,4.86,5191.0,no
41,blue-collar,married,basic.6y,no,no,no,telephone,may,thu,74,2,999,0,nonexistent,1.1,93.994,-36.4,4.86,5191.0,no
29,self-employed,married,university.degree,no,no,no,telephone,may,thu,118,3,999,0,nonexistent,1.1,93.994,-36.4,4.86,5191.0,no
35,blue-collar,single,unknown,no,no,no,telephone,may,thu,725,3,999,0,nonexistent,1.1,93.994,-36.4,4.86,5191.0,no
50,blue-collar,married,basic.4y,unknown,yes,no,telephone,may,thu,100,5,999,0,nonexistent,1.1,93.994,-36.4,4.86,5191.0,no
56,technician,married,professional.course,unknown,yes,no,telephone,may,thu,124,3,999,0,nonexistent,1.1,93.994,-36.4,4.86,5191.0,no
50,admin.,married,basic.9y,no,no,no,telephone,may,thu,752,2,999,0,nonexistent,1.1,93.994,-36.4,4.86,5191.0,no
25,self-employed,single,university.degree,no,no,no,telephone,may,thu,241,3,999,0,nonexistent,1.1,93.994,-36.4,4.86,5191.0,no
33,self-employed,single,university.degree,no,yes,no,telephone,may,thu,67,2,999,0,nonexistent,1.1,93.994,-36.4,4.86,5191.0,no
34,student,single,basic.4y,unknown,yes,no,telephone,may,thu,1185,3,999,0,nonexistent,1.1,93.994,-36.4,4.86,5191.0,no
52,unemployed,married,high.school,unknown,no,no,telephone,may,thu,218,2,999,0,nonexistent,1.1,93.994,-36.4,4.86,5191.0,no
43,technician,married,university.degree,unknown,no,no,telephone,may,thu,84,2,999,0,nonexistent,1.1,93.994,-36.4,4.86,5191.0,no
25,services,single,high.school,no,no,no,telephone,may,thu,130,2,999,0,nonexistent,1.1,93.994,-36.4,4.86,5191.0,no
53,services,married,high.school,unknown,no,no,telephone,may,thu,113,2,999,0,nonexistent,1.1,93.994,-36.4,4.86,5191.0,no
59,admin.,married,high.school,no,yes,no,telephone,may,thu,76,4,999,0,nonexistent,1.1,93.994,-36.4,4.86,5191.0,no
46,entrepreneur,married,professional.course,unknown,yes,no,telephone,may,thu,187,3,999,0,nonexistent,1.1,93.994,-36.4,4.86,5191.0,no
57,self-employed,single,high.school,unknown,no,no,telephone,may,thu,587,4,999,0,nonexistent,1.1,93.994,-36.4,4.86,5191.0,no
45,technician,married,university.degree,no,yes,no,telephone,may,thu,336,3,999,0,nonexistent,1.1,93.994,-36.4,4.86,5191.0,no
37,admin.,married,university.degree,no,yes,no,telephone,may,thu,72,12,999,0,nonexistent,1.1,93.994,-36.4,4.86,5191.0,no
31,technician,married,professional.course,no,no,no,telephone,may,thu,127,2,999,0,nonexistent,1.1,93.994,-36.4,4.86,5191.0,no
28,technician,married,high.school,no,yes,no,telephone,may,thu,347,2,999,0,nonexistent,1.1,93.994,-36.4,4.86,5191.0,no
52,blue-collar,married,basic.4y,no,yes,no,telephone,may,thu,286,2,999,0,nonexistent,1.1,93.994,-36.4,4.86,5191.0,no
59,admin.,married,university.degree,no,yes,yes,telephone,may,thu,29,9,999,0,nonexistent,1.1,93.994,-36.4,4.86,5191.0,no
38,blue-collar,married,basic.4y,unknown,no,no,telephone,may,thu,211,6,999,0,nonexistent,1.1,93.994,-36.4,4.86,5191.0,no
25,services,single,unknown,no,yes,yes,telephone,may,thu,175,3,999,0,nonexistent,1.1,93.994,-36.4,4.86,5191.0,no
36,blue-collar,married,basic.9y,no,yes,no,telephone,may,thu,55,2,999,0,nonexistent,1.1,93.994,-36.4,4.86,5191.0,no
58,housemaid,married,basic.4y,unknown,no,no,telephone,may,thu,324,3,999,0,nonexistent,1.1,93.994,-36.4,4.86,5191.0,no
35,admin.,married,high.school,no,yes,no,telephone,may,thu,228,3,999,0,nonexistent,1.1,93.994,-36.4,4.86,5191.0,no
32,blue-collar,single,university.degree,no,yes,no,telephone,may,thu,128,2,999,0,nonexistent,1.1,93.994,-36.4,4.86,5191.0,no
27,student,single,high.school,unknown,yes,no,telephone,may,thu,38,9,999,0,nonexistent,1.1,93.994,-36.4,4.86,5191.0,no
50,blue-collar,married,basic.4y,unknown,no,no,telephone,may,thu,18,16,999,0,nonexistent,1.1,93.994,-36.4,4.86,5191.0,no
32,admin.,divorced,university.degree,no,yes,no,telephone,may,thu,147,4,999,0,nonexistent,1.1,93.994,-36.4,4.86,5191.0,no
37,admin.,single,university.degree,no,yes,no,telephone,may,thu,900,2,999,0,nonexistent,1.1,93.994,-36.4,4.86,5191.0,yes
53,management,married,university.degree,unknown,unknown,unknown,telephone,may,thu,135,2,999,0,nonexistent,1.1,93.994,-36.4,4.86,5191.0,no
33,admin.,married,university.degree,no,yes,no,telephone,may,thu,56,3,999,0,nonexistent,1.1,93.994,-36.4,4.86,5191.0,no
46,blue-collar,married,basic.6y,no,yes,no,telephone,may,thu,39,22,999,0,nonexistent,1.1,93.994,-36.4,4.86,5191.0,no
40,blue-collar,married,basic.4y,unknown,no,no,telephone,may,thu,144,5,999,0,nonexistent,1.1,93.994,-36.4,4.86,5191.0,no
51,unemployed,married,basic.4y,unknown,yes,no,telephone,may,thu,249,2,999,0,nonexistent,1.1,93.994,-36.4,4.86,5191.0,no
39,blue-collar,married,basic.6y,unknown,no,no,telephone,may,thu,286,3,999,0,nonexistent,1.1,93.994,-36.4,4.86,5191.0,no
52,blue-collar,married,basic.4y,unknown,no,no,telephone,may,thu,183,3,999,0,nonexistent,1.1,93.994,-36.4,4.86,5191.0,no
37,technician,married,university.degree,no,yes,no,telephone,may,thu,240,2,999,0,nonexistent,1.1,93.994,-36.4,4.86,5191.0,no
35,blue-collar,married,basic.9y,unknown,no,no,telephone,may,thu,225,3,999,0,nonexistent,1.1,93.994,-36.4,4.86,5191.0,no
41,blue-collar,married,basic.4y,unknown,yes,no,telephone,may,thu,151,2,999,0,nonexistent,1.1,93.994,-36.4,4.86,5191.0,no
33,services,single,high.school,no,no,no,telephone,may,thu,194,2,999,0,nonexistent,1.1,93.994,-36.4,4.86,5191.0,no
30,blue-collar,married,basic.9y,no,yes,no,telephone,may,thu,57,2,999,0,nonexistent,1.1,93.994,-36.4,4.86,5191.0,no
55,retired,married,university.degree,unknown,yes,no,telephone,may,thu,720,3,999,0,nonexistent,1.1,93.994,-36.4,4.86,5191.0,no
56,management,divorced,basic.9y,unknown,yes,no,telephone,may,thu,313,2,999,0,nonexistent,1.1,93.994,-36.4,4.86,5191.0,no
48,technician,married,professional.course,unknown,no,no,telephone,may,thu,142,7,999,0,nonexistent,1.1,93.994,-36.4,4.86,5191.0,no
38,blue-collar,single,basic.6y,no,no,no,telephone,may,thu,238,2,999,0,nonexistent,1.1,93.994,-36.4,4.86,5191.0,no
41,blue-collar,married,professional.course,no,no,no,telephone,may,thu,53,3,999,0,nonexistent,1.1,93.994,-36.4,4.86,5191.0,no
39,management,married,basic.6y,no,yes,no,telephone,may,thu,364,2,999,0,nonexistent,1.1,93.994,-36.4,4.86,5191.0,no
45,admin.,married,basic.9y,unknown,no,yes,telephone,may,thu,191,3,999,0,nonexistent,1.1,93.994,-36.4,4.86,5191.0,no
46,self-employed,married,basic.4y,unknown,no,no,telephone,may,thu,35,24,999,0,nonexistent,1.1,93.994,-36.4,4.86,5191.0,no
29,services,single,basic.4y,no,yes,no,telephone,may,thu,382,3,999,0,nonexistent,1.1,93.994,-36.4,4.86,5191.0,no
51,blue-collar,married,basic.9y,no,no,no,telephone,may,thu,191,5,999,0,nonexistent,1.1,93.994,-36.4,4.86,5191.0,no
54,blue-collar,single,basic.4y,no,no,no,telephone,may,thu,253,3,999,0,nonexistent,1.1,93.994,-36.4,4.86,5191.0,no
31,admin.,divorced,university.degree,no,yes,yes,telephone,may,thu,328,2,999,0,nonexistent,1.1,93.994,-36.4,4.86,5191.0,no
54,technician,divorced,university.degree,no,no,yes,telephone,may,thu,155,2,999,0,nonexistent,1.1,93.994,-36.4,4.86,5191.0,no
36,admin.,divorced,high.school,no,yes,no,telephone,may,thu,233,5,999,0,nonexistent,1.1,93.994,-36.4,4.86,5191.0,no
30,technician,single,university.degree,unknown,yes,no,telephone,may,thu,1109,3,999,0,nonexistent,1.1,93.994,-36.4,4.86,5191.0,yes
58,retired,married,basic.9y,unknown,yes,no,telephone,may,thu,828,3,999,0,nonexistent,1.1,93.994,-36.4,4.86,5191.0,yes
55,admin.,married,high.school,no,no,yes,telephone,may,thu,134,4,999,0,nonexistent,1.1,93.994,-36.4,4.86,5191.0,no
37,blue-collar,single,basic.9y,unknown,no,no,telephone,may,thu,96,5,999,0,nonexistent,1.1,93.994,-36.4,4.86,5191.0,no
39,blue-collar,married,basic.4y,no,yes,yes,telephone,may,thu,81,4,999,0,nonexistent,1.1,93.994,-36.4,4.86,5191.0,no
27,services,single,professional.course,no,no,no,telephone,may,thu,201,3,999,0,nonexistent,1.1,93.994,-36.4,4.86,5191.0,no
34,blue-collar,married,basic.6y,no,no,no,telephone,may,thu,248,3,999,0,nonexistent,1.1,93.994,-36.4,4.86,5191.0,no
53,services,married,high.school,unknown,no,no,telephone,may,thu,2260,2,999,0,nonexistent,1.1,93.994,-36.4,4.86,5191.0,no
52,retired,married,basic.9y,unknown,no,no,telephone,may,thu,91,7,999,0,nonexistent,1.1,93.994,-36.4,4.86,5191.0,no
51,blue-collar,divorced,basic.4y,no,yes,no,telephone,may,thu,660,2,999,0,nonexistent,1.1,93.994,-36.4,4.86,5191.0,no
49,technician,married,basic.9y,no,yes,no,telephone,may,thu,182,6,999,0,nonexistent,1.1,93.994,-36.4,4.86,5191.0,no
37,management,married,basic.9y,no,no,no,telephone,may,thu,30,2,999,0,nonexistent,1.1,93.994,-36.4,4.86,5191.0,no
53,retired,married,basic.4y,no,no,no,telephone,may,thu,101,23,999,0,nonexistent,1.1,93.994,-36.4,4.86,5191.0,no
53,housemaid,single,basic.4y,unknown,no,no,telephone,may,thu,54,15,999,0,nonexistent,1.1,93.994,-36.4,4.86,5191.0,no
55,technician,divorced,university.degree,unknown,no,no,telephone,may,thu,216,7,999,0,nonexistent,1.1,93.994,-36.4,4.86,5191.0,no
34,blue-collar,married,basic.9y,no,no,no,telephone,may,thu,76,4,999,0,nonexistent,1.1,93.994,-36.4,4.86,5191.0,no
37,services,married,high.school,unknown,yes,yes,telephone,may,thu,73,3,999,0,nonexistent,1.1,93.994,-36.4,4.86,5191.0,no
45,unknown,married,unknown,no,no,yes,telephone,may,thu,62,6,999,0,nonexistent,1.1,93.994,-36.4,4.86,5191.0,no
50,blue-collar,single,basic.4y,no,no,no,telephone,may,thu,152,2,999,0,nonexistent,1.1,93.994,-36.4,4.86,5191.0,no
35,services,married,high.school,no,no,no,telephone,may,thu,86,4,999,0,nonexistent,1.1,93.994,-36.4,4.86,5191.0,no
28,services,single,high.school,no,no,no,telephone,may,thu,95,6,999,0,nonexistent,1.1,93.994,-36.4,4.86,5191.0,no
36,entrepreneur,married,university.degree,no,yes,no,telephone,may,thu,23,15,999,0,nonexistent,1.1,93.994,-36.4,4.86,5191.0,no
37,housemaid,married,university.degree,unknown,yes,no,telephone,may,thu,25,11,999,0,nonexistent,1.1,93.994,-36.4,4.86,5191.0,no
35,services,single,high.school,no,yes,yes,telephone,may,thu,151,7,999,0,nonexistent,1.1,93.994,-36.4,4.86,5191.0,no
26,technician,single,professional.course,no,no,no,telephone,may,thu,95,3,999,0,nonexistent,1.1,93.994,-36.4,4.86,5191.0,no
32,services,married,high.school,no,yes,no,telephone,may,thu,52,8,999,0,nonexistent,1.1,93.994,-36.4,4.86,5191.0,no
32,blue-collar,married,basic.6y,no,yes,no,telephone,may,thu,52,3,999,0,nonexistent,1.1,93.994,-36.4,4.86,5191.0,no
59,admin.,single,university.degree,no,yes,yes,telephone,may,thu,421,3,999,0,nonexistent,1.1,93.994,-36.4,4.86,5191.0,no
45,blue-collar,married,basic.6y,unknown,yes,no,telephone,may,thu,322,11,999,0,nonexistent,1.1,93.994,-36.4,4.86,5191.0,no
30,services,single,high.school,no,yes,no,telephone,may,thu,52,4,999,0,nonexistent,1.1,93.994,-36.4,4.86,5191.0,no
27,blue-collar,married,basic.4y,unknown,no,no,telephone,may,thu,340,7,999,0,nonexistent,1.1,93.994,-36.4,4.86,5191.0,no
48,admin.,divorced,high.school,no,yes,no,telephone,may,thu,139,2,999,0,nonexistent,1.1,93.994,-36.4,4.86,5191.0,no
35,blue-collar,married,basic.9y,unknown,no,no,telephone,may,fri,288,3,999,0,nonexistent,1.1,93.994,-36.4,4.864,5191.0,no
35,blue-collar,single,university.degree,no,yes,yes,telephone,may,fri,231,3,999,0,nonexistent,1.1,93.994,-36.4,4.864,5191.0,no
37,blue-collar,married,basic.4y,no,no,no,telephone,may,fri,120,17,999,0,nonexistent,1.1,93.994,-36.4,4.864,5191.0,no
38,blue-collar,married,high.school,unknown,yes,no,telephone,may,fri,203,2,999,0,nonexistent,1.1,93.994,-36.4,4.864,5191.0,no
39,blue-collar,married,basic.9y,no,no,yes,telephone,may,fri,67,3,999,0,nonexistent,1.1,93.994,-36.4,4.864,5191.0,no
42,blue-collar,married,unknown,unknown,unknown,unknown,telephone,may,fri,311,4,999,0,nonexistent,1.1,93.994,-36.4,4.864,5191.0,no
57,technician,married,university.degree,no,no,no,telephone,may,fri,50,2,999,0,nonexistent,1.1,93.994,-36.4,4.864,5191.0,no
42,housemaid,single,basic.4y,no,yes,no,telephone,may,fri,86,3,999,0,nonexistent,1.1,93.994,-36.4,4.864,5191.0,no
25,blue-collar,single,high.school,no,yes,no,telephone,may,fri,139,3,999,0,nonexistent,1.1,93.994,-36.4,4.864,5191.0,no
54,self-employed,married,professional.course,unknown,no,no,telephone,may,fri,235,1,999,0,nonexistent,1.1,93.994,-36.4,4.864,5191.0,no
46,management,married,basic.9y,no,no,no,telephone,may,fri,43,1,999,0,nonexistent,1.1,93.994,-36.4,4.864,5191.0,no
34,entrepreneur,married,basic.4y,no,yes,no,telephone,may,fri,233,1,999,0,nonexistent,1.1,93.994,-36.4,4.864,5191.0,no
44,blue-collar,married,high.school,no,yes,no,telephone,may,fri,230,1,999,0,nonexistent,1.1,93.994,-36.4,4.864,5191.0,no
42,services,married,professional.course,no,no,no,telephone,may,fri,177,1,999,0,nonexistent,1.1,93.994,-36.4,4.864,5191.0,no
41,blue-collar,married,basic.9y,unknown,no,no,telephone,may,fri,121,1,999,0,nonexistent,1.1,93.994,-36.4,4.864,5191.0,no
41,management,single,high.school,no,yes,no,telephone,may,fri,324,1,999,0,nonexistent,1.1,93.994,-36.4,4.864,5191.0,no
48,blue-collar,married,basic.6y,no,no,no,telephone,may,fri,287,1,999,0,nonexistent,1.1,93.994,-36.4,4.864,5191.0,no
52,self-employed,married,university.degree,no,no,no,telephone,may,fri,151,3,999,0,nonexistent,1.1,93.994,-36.4,4.864,5191.0,no
31,technician,single,university.degree,no,yes,no,telephone,may,fri,57,2,999,0,nonexistent,1.1,93.994,-36.4,4.864,5191.0,no
39,admin.,single,university.degree,unknown,no,no,telephone,may,fri,31,1,999,0,nonexistent,1.1,93.994,-36.4,4.864,5191.0,no
35,blue-collar,married,basic.4y,unknown,no,no,telephone,may,fri,118,6,999,0,nonexistent,1.1,93.994,-36.4,4.864,5191.0,no
28,services,married,high.school,no,yes,no,telephone,may,fri,133,4,999,0,nonexistent,1.1,93.994,-36.4,4.864,5191.0,no
37,technician,single,university.degree,no,no,no,telephone,may,fri,62,3,999,0,nonexistent,1.1,93.994,-36.4,4.864,5191.0,no
36,blue-collar,single,basic.9y,unknown,no,no,telephone,may,fri,45,3,999,0,nonexistent,1.1,93.994,-36.4,4.864,5191.0,no
51,blue-collar,married,basic.6y,no,yes,no,telephone,may,fri,91,9,999,0,nonexistent,1.1,93.994,-36.4,4.864,5191.0,no
34,admin.,married,high.school,no,no,no,telephone,may,fri,172,2,999,0,nonexistent,1.1,93.994,-36.4,4.864,5191.0,no
40,admin.,married,high.school,no,yes,yes,telephone,may,fri,498,4,999,0,nonexistent,1.1,93.994,-36.4,4.864,5191.0,no
47,blue-collar,married,basic.9y,no,no,no,telephone,may,fri,85,7,999,0,nonexistent,1.1,93.994,-36.4,4.864,5191.0,no
34,housemaid,divorced,high.school,no,no,no,telephone,may,fri,553,3,999,0,nonexistent,1.1,93.994,-36.4,4.864,5191.0,yes
30,admin.,married,university.degree,no,yes,no,telephone,may,fri,242,3,999,0,nonexistent,1.1,93.994,-36.4,4.864,5191.0,no
35,blue-collar,divorced,basic.9y,no,no,yes,telephone,may,fri,192,6,999,0,nonexistent,1.1,93.994,-36.4,4.864,5191.0,no
45,technician,married,professional.course,unknown,no,no,telephone,may,fri,207,4,999,0,nonexistent,1.1,93.994,-36.4,4.864,5191.0,no
52,blue-collar,married,basic.4y,unknown,no,no,telephone,may,fri,711,1,999,0,nonexistent,1.1,93.994,-36.4,4.864,5191.0,no
36,admin.,single,university.degree,no,no,no,telephone,may,fri,147,5,999,0,nonexistent,1.1,93.994,-36.4,4.864,5191.0,no
42,admin.,single,university.degree,no,yes,no,telephone,may,fri,87,1,999,0,nonexistent,1.1,93.994,-36.4,4.864,5191.0,no
30,admin.,married,high.school,no,no,no,telephone,may,fri,199,2,999,0,nonexistent,1.1,93.994,-36.4,4.864,5191.0,no
37,blue-collar,unknown,basic.6y,unknown,no,yes,telephone,may,fri,34,2,999,0,nonexistent,1.1,93.994,-36.4,4.864,5191.0,no
35,blue-collar,single,basic.9y,no,yes,no,telephone,may,fri,65,7,999,0,nonexistent,1.1,93.994,-36.4,4.864,5191.0,no
33,entrepreneur,married,university.degree,no,yes,no,telephone,may,fri,150,1,999,0,nonexistent,1.1,93.994,-36.4,4.864,5191.0,no
38,blue-collar,married,basic.9y,no,yes,yes,telephone,may,fri,57,1,999,0,nonexistent,1.1,93.994,-36.4,4.864,5191.0,no
28,blue-collar,single,basic.9y,no,no,no,telephone,may,fri,521,2,999,0,nonexistent,1.1,93.994,-36.4,4.864,5191.0,no
39,admin.,married,university.degree,no,yes,no,telephone,may,fri,86,1,999,0,nonexistent,1.1,93.994,-36.4,4.864,5191.0,no
26,blue-collar,single,basic.9y,no,no,no,telephone,may,fri,204,4,999,0,nonexistent,1.1,93.994,-36.4,4.864,5191.0,no
36,housemaid,married,high.school,no,no,no,telephone,may,fri,222,1,999,0,nonexistent,1.1,93.994,-36.4,4.864,5191.0,no
35,admin.,single,high.school,no,no,no,telephone,may,fri,162,1,999,0,nonexistent,1.1,93.994,-36.4,4.864,5191.0,no
33,self-employed,married,basic.6y,no,no,no,telephone,may,fri,648,5,999,0,nonexistent,1.1,93.994,-36.4,4.864,5191.0,no
34,services,married,high.school,no,no,yes,telephone,may,fri,659,1,999,0,nonexistent,1.1,93.994,-36.4,4.864,5191.0,no
27,student,single,university.degree,unknown,no,no,telephone,may,fri,867,3,999,0,nonexistent,1.1,93.994,-36.4,4.864,5191.0,no
41,admin.,single,high.school,no,no,yes,telephone,may,fri,96,2,999,0,nonexistent,1.1,93.994,-36.4,4.864,5191.0,no
34,blue-collar,married,basic.9y,unknown,yes,no,telephone,may,fri,123,1,999,0,nonexistent,1.1,93.994,-36.4,4.864,5191.0,no
25,admin.,married,university.degree,no,no,no,telephone,may,fri,56,1,999,0,nonexistent,1.1,93.994,-36.4,4.864,5191.0,no
34,unemployed,married,unknown,no,yes,no,telephone,may,fri,54,3,999,0,nonexistent,1.1,93.994,-36.4,4.864,5191.0,no
50,admin.,married,university.degree,no,yes,no,telephone,may,fri,152,4,999,0,nonexistent,1.1,93.994,-36.4,4.864,5191.0,no
25,blue-collar,married,basic.6y,no,no,no,telephone,may,fri,25,4,999,0,nonexistent,1.1,93.994,-36.4,4.864,5191.0,no
26,admin.,married,high.school,unknown,no,no,telephone,may,fri,120,6,999,0,nonexistent,1.1,93.994,-36.4,4.864,5191.0,no
37,self-employed,divorced,university.degree,no,yes,no,telephone,may,fri,491,1,999,0,nonexistent,1.1,93.994,-36.4,4.864,5191.0,no
49,entrepreneur,married,university.degree,unknown,no,no,telephone,may,fri,379,17,999,0,nonexistent,1.1,93.994,-36.4,4.864,5191.0,no
37,blue-collar,married,basic.9y,unknown,no,no,telephone,may,fri,343,3,999,0,nonexistent,1.1,93.994,-36.4,4.864,5191.0,no
50,blue-collar,married,basic.4y,unknown,no,no,telephone,may,fri,574,1,999,0,nonexistent,1.1,93.994,-36.4,4.864,5191.0,no
51,services,married,high.school,unknown,yes,no,telephone,may,fri,85,1,999,0,nonexistent,1.1,93.994,-36.4,4.864,5191.0,no
55,unknown,married,unknown,unknown,no,no,telephone,may,fri,319,1,999,0,nonexistent,1.1,93.994,-36.4,4.864,5191.0,no
49,services,married,high.school,no,yes,yes,telephone,may,fri,108,1,999,0,nonexistent,1.1,93.994,-36.4,4.864,5191.0,no
52,blue-collar,single,unknown,unknown,no,no,telephone,may,fri,80,3,999,0,nonexistent,1.1,93.994,-36.4,4.864,5191.0,no
38,admin.,single,university.degree,no,yes,no,telephone,may,fri,198,1,999,0,nonexistent,1.1,93.994,-36.4,4.864,5191.0,no
52,self-employed,married,university.degree,no,yes,no,telephone,may,fri,135,2,999,0,nonexistent,1.1,93.994,-36.4,4.864,5191.0,no
34,services,married,high.school,no,yes,no,telephone,may,fri,69,1,999,0,nonexistent,1.1,93.994,-36.4,4.864,5191.0,no
44,admin.,divorced,university.degree,unknown,yes,no,telephone,may,fri,55,1,999,0,nonexistent,1.1,93.994,-36.4,4.864,5191.0,no
48,blue-collar,married,basic.6y,no,yes,no,telephone,may,fri,290,5,999,0,nonexistent,1.1,93.994,-36.4,4.864,5191.0,yes
28,services,married,unknown,no,no,yes,telephone,may,fri,135,1,999,0,nonexistent,1.1,93.994,-36.4,4.864,5191.0,no
31,entrepreneur,married,basic.9y,unknown,yes,no,telephone,may,fri,70,1,999,0,nonexistent,1.1,93.994,-36.4,4.864,5191.0,no
58,housemaid,married,basic.4y,unknown,yes,no,telephone,may,fri,652,2,999,0,nonexistent,1.1,93.994,-36.4,4.864,5191.0,no
43,housemaid,married,basic.4y,unknown,no,no,telephone,may,fri,246,1,999,0,nonexistent,1.1,93.994,-36.4,4.864,5191.0,no
37,technician,single,university.degree,no,yes,no,telephone,may,fri,295,1,999,0,nonexistent,1.1,93.994,-36.4,4.864,5191.0,no
37,technician,single,university.degree,no,no,no,telephone,may,fri,255,1,999,0,nonexistent,1.1,93.994,-36.4,4.864,5191.0,no
35,services,single,high.school,no,yes,no,telephone,may,fri,523,1,999,0,nonexistent,1.1,93.994,-36.4,4.864,5191.0,no
30,blue-collar,single,basic.4y,unknown,no,no,telephone,may,fri,130,1,999,0,nonexistent,1.1,93.994,-36.4,4.864,5191.0,no
34,services,married,high.school,no,no,no,telephone,may,fri,103,5,999,0,nonexistent,1.1,93.994,-36.4,4.864,5191.0,no
30,services,married,high.school,unknown,no,no,telephone,may,fri,205,2,999,0,nonexistent,1.1,93.994,-36.4,4.864,5191.0,no
38,blue-collar,married,high.school,no,yes,no,telephone,may,fri,107,1,999,0,nonexistent,1.1,93.994,-36.4,4.864,5191.0,no
30,admin.,married,university.degree,no,no,no,telephone,may,fri,864,1,999,0,nonexistent,1.1,93.994,-36.4,4.864,5191.0,yes
25,technician,single,professional.course,no,yes,no,telephone,may,fri,65,1,999,0,nonexistent,1.1,93.994,-36.4,4.864,5191.0,no
41,admin.,divorced,high.school,no,no,no,telephone,may,fri,556,1,999,0,nonexistent,1.1,93.994,-36.4,4.864,5191.0,no
25,student,single,high.school,no,no,no,telephone,may,fri,115,1,999,0,nonexistent,1.1,93.994,-36.4,4.864,5191.0,no
26,technician,married,professional.course,no,no,no,telephone,may,fri,180,1,999,0,nonexistent,1.1,93.994,-36.4,4.864,5191.0,no
44,management,divorced,basic.9y,unknown,no,no,telephone,may,fri,70,2,999,0,nonexistent,1.1,93.994,-36.4,4.864,5191.0,no
39,technician,married,professional.course,no,yes,no,telephone,may,fri,435,1,999,0,nonexistent,1.1,93.994,-36.4,4.864,5191.0,no
41,admin.,married,high.school,no,no,no,telephone,may,fri,312,1,999,0,nonexistent,1.1,93.994,-36.4,4.864,5191.0,no
33,admin.,married,high.school,no,no,no,telephone,may,fri,283,1,999,0,nonexistent,1.1,93.994,-36.4,4.864,5191.0,no
30,admin.,married,university.degree,no,yes,yes,telephone,may,fri,182,1,999,0,nonexistent,1.1,93.994,-36.4,4.864,5191.0,no
37,blue-collar,single,unknown,unknown,no,no,telephone,may,fri,379,1,999,0,nonexistent,1.1,93.994,-36.4,4.864,5191.0,no
33,management,married,basic.9y,unknown,no,no,telephone,may,fri,127,1,999,0,nonexistent,1.1,93.994,-36.4,4.864,5191.0,no
35,management,single,unknown,no,no,no,telephone,may,fri,126,1,999,0,nonexistent,1.1,93.994,-36.4,4.864,5191.0,no
35,housemaid,married,basic.4y,no,no,no,telephone,may,fri,91,2,999,0,nonexistent,1.1,93.994,-36.4,4.864,5191.0,no
45,blue-collar,divorced,basic.9y,no,unknown,unknown,telephone,may,fri,78,1,999,0,nonexistent,1.1,93.994,-36.4,4.864,5191.0,no
40,technician,married,university.degree,no,no,no,telephone,may,fri,417,1,999,0,nonexistent,1.1,93.994,-36.4,4.864,5191.0,no
39,technician,married,university.degree,unknown,yes,no,telephone,may,fri,407,1,999,0,nonexistent,1.1,93.994,-36.4,4.864,5191.0,no
45,blue-collar,divorced,basic.9y,no,no,no,telephone,may,fri,171,1,999,0,nonexistent,1.1,93.994,-36.4,4.864,5191.0,no
29,technician,married,professional.course,no,no,no,telephone,may,fri,210,1,999,0,nonexistent,1.1,93.994,-36.4,4.864,5191.0,no
25,blue-collar,married,basic.9y,unknown,yes,no,telephone,may,fri,763,1,999,0,nonexistent,1.1,93.994,-36.4,4.864,5191.0,yes
27,admin.,single,high.school,unknown,no,no,telephone,may,fri,682,1,999,0,nonexistent,1.1,93.994,-36.4,4.864,5191.0,yes
40,admin.,married,high.school,no,no,no,telephone,may,fri,171,1,999,0,nonexistent,1.1,93.994,-36.4,4.864,5191.0,no
46,housemaid,married,basic.4y,no,no,no,telephone,may,fri,68,2,999,0,nonexistent,1.1,93.994,-36.4,4.864,5191.0,no
30,services,single,professional.course,no,yes,no,telephone,may,fri,120,3,999,0,nonexistent,1.1,93.994,-36.4,4.864,5191.0,no
52,blue-collar,single,unknown,unknown,no,no,telephone,may,fri,67,2,999,0,nonexistent,1.1,93.994,-36.4,4.864,5191.0,no
36,admin.,married,high.school,no,no,no,telephone,may,fri,381,2,999,0,nonexistent,1.1,93.994,-36.4,4.864,5191.0,no
43,blue-collar,married,basic.4y,unknown,no,yes,telephone,may,fri,126,1,999,0,nonexistent,1.1,93.994,-36.4,4.864,5191.0,no
32,blue-collar,married,basic.9y,no,no,no,telephone,may,fri,197,1,999,0,nonexistent,1.1,93.994,-36.4,4.864,5191.0,no
43,blue-collar,married,basic.4y,unknown,yes,no,telephone,may,fri,38,3,999,0,nonexistent,1.1,93.994,-36.4,4.864,5191.0,no
40,management,divorced,university.degree,unknown,yes,yes,telephone,may,fri,201,3,999,0,nonexistent,1.1,93.994,-36.4,4.864,5191.0,no
30,blue-collar,married,basic.4y,unknown,yes,no,telephone,may,fri,176,4,999,0,nonexistent,1.1,93.994,-36.4,4.864,5191.0,no
26,admin.,married,high.school,no,yes,no,telephone,may,fri,61,2,999,0,nonexistent,1.1,93.994,-36.4,4.864,5191.0,no
42,unemployed,divorced,high.school,no,no,no,telephone,may,fri,275,2,999,0,nonexistent,1.1,93.994,-36.4,4.864,5191.0,no
32,blue-collar,married,basic.4y,no,no,no,telephone,may,fri,201,4,999,0,nonexistent,1.1,93.994,-36.4,4.864,5191.0,no
33,admin.,married,university.degree,no,no,no,telephone,may,fri,724,1,999,0,nonexistent,1.1,93.994,-36.4,4.864,5191.0,no
42,blue-collar,married,basic.9y,unknown,yes,no,telephone,may,fri,143,4,999,0,nonexistent,1.1,93.994,-36.4,4.864,5191.0,no
43,admin.,married,university.degree,no,no,no,telephone,may,fri,197,3,999,0,nonexistent,1.1,93.994,-36.4,4.864,5191.0,no
26,admin.,single,high.school,no,no,yes,telephone,may,fri,143,2,999,0,nonexistent,1.1,93.994,-36.4,4.864,5191.0,no
39,technician,married,professional.course,no,no,no,telephone,may,fri,197,12,999,0,nonexistent,1.1,93.994,-36.4,4.864,5191.0,no
26,services,single,unknown,no,yes,no,telephone,may,fri,536,2,999,0,nonexistent,1.1,93.994,-36.4,4.864,5191.0,no
48,blue-collar,married,professional.course,no,no,no,telephone,may,fri,120,2,999,0,nonexistent,1.1,93.994,-36.4,4.864,5191.0,no
47,blue-collar,married,basic.6y,unknown,yes,no,telephone,may,fri,604,2,999,0,nonexistent,1.1,93.994,-36.4,4.864,5191.0,yes
37,blue-collar,single,basic.9y,unknown,no,no,telephone,may,fri,121,1,999,0,nonexistent,1.1,93.994,-36.4,4.864,5191.0,no
24,technician,single,professional.course,unknown,yes,yes,telephone,may,fri,447,1,999,0,nonexistent,1.1,93.994,-36.4,4.864,5191.0,no
52,services,married,high.school,unknown,unknown,unknown,telephone,may,fri,854,2,999,0,nonexistent,1.1,93.994,-36.4,4.864,5191.0,yes
44,blue-collar,married,basic.4y,no,yes,no,telephone,may,fri,151,2,999,0,nonexistent,1.1,93.994,-36.4,4.864,5191.0,no
30,services,married,high.school,no,yes,yes,telephone,may,fri,114,2,999,0,nonexistent,1.1,93.994,-36.4,4.864,5191.0,no
50,technician,married,professional.course,no,yes,no,telephone,may,fri,855,2,999,0,nonexistent,1.1,93.994,-36.4,4.864,5191.0,yes
30,blue-collar,married,basic.9y,unknown,no,no,telephone,may,fri,115,1,999,0,nonexistent,1.1,93.994,-36.4,4.864,5191.0,no
30,services,married,high.school,no,no,no,telephone,may,fri,274,1,999,0,nonexistent,1.1,93.994,-36.4,4.864,5191.0,no
35,blue-collar,married,unknown,no,no,no,telephone,may,fri,100,2,999,0,nonexistent,1.1,93.994,-36.4,4.864,5191.0,no
27,services,single,high.school,no,no,no,telephone,may,fri,156,2,999,0,nonexistent,1.1,93.994,-36.4,4.864,5191.0,no
53,technician,married,professional.course,unknown,yes,no,telephone,may,fri,153,1,999,0,nonexistent,1.1,93.994,-36.4,4.864,5191.0,no
53,technician,married,professional.course,unknown,yes,no,telephone,may,fri,264,1,999,0,nonexistent,1.1,93.994,-36.4,4.864,5191.0,no
25,admin.,single,unknown,no,no,no,telephone,may,fri,48,4,999,0,nonexistent,1.1,93.994,-36.4,4.864,5191.0,no
47,admin.,single,university.degree,no,no,no,telephone,may,fri,104,3,999,0,nonexistent,1.1,93.994,-36.4,4.864,5191.0,no
28,technician,single,professional.course,no,yes,no,telephone,may,fri,65,13,999,0,nonexistent,1.1,93.994,-36.4,4.864,5191.0,no
44,technician,married,high.school,no,no,no,telephone,may,fri,75,1,999,0,nonexistent,1.1,93.994,-36.4,4.864,5191.0,no
46,blue-collar,divorced,basic.4y,no,yes,no,telephone,may,fri,157,3,999,0,nonexistent,1.1,93.994,-36.4,4.864,5191.0,no
38,blue-collar,single,basic.9y,unknown,yes,no,telephone,may,fri,565,2,999,0,nonexistent,1.1,93.994,-36.4,4.864,5191.0,no
29,admin.,married,university.degree,no,no,no,telephone,may,fri,165,1,999,0,nonexistent,1.1,93.994,-36.4,4.864,5191.0,no
46,unemployed,divorced,basic.9y,no,no,no,telephone,may,fri,314,1,999,0,nonexistent,1.1,93.994,-36.4,4.864,5191.0,no
41,admin.,divorced,high.school,no,yes,no,telephone,may,fri,109,1,999,0,nonexistent,1.1,93.994,-36.4,4.864,5191.0,no
38,blue-collar,single,basic.9y,no,yes,no,telephone,may,fri,219,1,999,0,nonexistent,1.1,93.994,-36.4,4.864,5191.0,no
25,admin.,single,unknown,no,no,no,telephone,may,fri,60,1,999,0,nonexistent,1.1,93.994,-36.4,4.864,5191.0,no
24,blue-collar,married,basic.9y,unknown,yes,no,telephone,may,fri,385,2,999,0,nonexistent,1.1,93.994,-36.4,4.864,5191.0,no
37,admin.,married,high.school,no,no,no,telephone,may,fri,868,1,999,0,nonexistent,1.1,93.994,-36.4,4.864,5191.0,no
38,technician,married,professional.course,no,no,no,telephone,may,fri,448,1,999,0,nonexistent,1.1,93.994,-36.4,4.864,5191.0,no
33,admin.,married,unknown,no,unknown,unknown,telephone,may,fri,137,1,999,0,nonexistent,1.1,93.994,-36.4,4.864,5191.0,no
47,admin.,married,university.degree,unknown,yes,no,telephone,may,fri,155,1,999,0,nonexistent,1.1,93.994,-36.4,4.864,5191.0,no
45,unknown,married,unknown,no,no,no,telephone,may,fri,633,1,999,0,nonexistent,1.1,93.994,-36.4,4.864,5191.0,no
55,technician,married,university.degree,no,no,no,telephone,may,fri,58,1,999,0,nonexistent,1.1,93.994,-36.4,4.864,5191.0,no
31,blue-collar,married,basic.9y,no,yes,no,telephone,may,fri,127,1,999,0,nonexistent,1.1,93.994,-36.4,4.864,5191.0,no
37,admin.,divorced,high.school,unknown,no,no,telephone,may,fri,99,8,999,0,nonexistent,1.1,93.994,-36.4,4.864,5191.0,no
39,admin.,married,university.degree,no,no,no,telephone,may,fri,208,2,999,0,nonexistent,1.1,93.994,-36.4,4.864,5191.0,no
30,blue-collar,married,unknown,unknown,yes,yes,telephone,may,fri,129,2,999,0,nonexistent,1.1,93.994,-36.4,4.864,5191.0,no
46,management,married,basic.9y,no,no,no,telephone,may,fri,134,3,999,0,nonexistent,1.1,93.994,-36.4,4.864,5191.0,no
43,admin.,married,university.degree,no,no,no,telephone,may,fri,129,3,999,0,nonexistent,1.1,93.994,-36.4,4.864,5191.0,no
54,services,married,unknown,no,no,no,telephone,may,fri,270,1,999,0,nonexistent,1.1,93.994,-36.4,4.864,5191.0,no
33,technician,married,high.school,no,yes,no,telephone,may,fri,136,2,999,0,nonexistent,1.1,93.994,-36.4,4.864,5191.0,no
36,unemployed,married,basic.9y,no,no,no,telephone,may,fri,363,8,999,0,nonexistent,1.1,93.994,-36.4,4.864,5191.0,no
38,blue-collar,married,unknown,no,yes,no,telephone,may,fri,63,2,999,0,nonexistent,1.1,93.994,-36.4,4.864,5191.0,no
59,entrepreneur,divorced,high.school,no,no,no,telephone,may,fri,143,1,999,0,nonexistent,1.1,93.994,-36.4,4.864,5191.0,no
36,blue-collar,single,basic.6y,no,yes,no,telephone,may,fri,56,2,999,0,nonexistent,1.1,93.994,-36.4,4.864,5191.0,no
43,blue-collar,married,basic.9y,unknown,yes,no,telephone,may,fri,226,2,999,0,nonexistent,1.1,93.994,-36.4,4.864,5191.0,no
49,blue-collar,married,basic.4y,unknown,yes,yes,telephone,may,fri,35,1,999,0,nonexistent,1.1,93.994,-36.4,4.864,5191.0,no
36,blue-collar,married,basic.9y,no,no,yes,telephone,may,fri,298,3,999,0,nonexistent,1.1,93.994,-36.4,4.864,5191.0,no
32,admin.,single,university.degree,no,no,no,telephone,may,fri,47,8,999,0,nonexistent,1.1,93.994,-36.4,4.864,5191.0,no
49,self-employed,single,basic.9y,no,yes,yes,telephone,may,fri,827,5,999,0,nonexistent,1.1,93.994,-36.4,4.864,5191.0,no
34,admin.,married,university.degree,no,no,no,telephone,may,fri,83,2,999,0,nonexistent,1.1,93.994,-36.4,4.864,5191.0,no
37,admin.,single,university.degree,no,no,yes,telephone,may,fri,570,2,999,0,nonexistent,1.1,93.994,-36.4,4.864,5191.0,no
41,admin.,married,professional.course,unknown,yes,no,telephone,may,fri,72,1,999,0,nonexistent,1.1,93.994,-36.4,4.864,5191.0,no
23,services,single,high.school,no,no,no,telephone,may,fri,557,2,999,0,nonexistent,1.1,93.994,-36.4,4.864,5191.0,no
26,technician,married,professional.course,no,no,no,telephone,may,fri,59,1,999,0,nonexistent,1.1,93.994,-36.4,4.864,5191.0,no
46,admin.,married,university.degree,unknown,no,no,telephone,may,fri,38,5,999,0,nonexistent,1.1,93.994,-36.4,4.864,5191.0,no
31,admin.,married,high.school,no,no,no,telephone,may,fri,170,1,999,0,nonexistent,1.1,93.994,-36.4,4.864,5191.0,no
54,housemaid,divorced,basic.4y,unknown,yes,no,telephone,may,fri,141,9,999,0,nonexistent,1.1,93.994,-36.4,4.864,5191.0,no
31,services,single,high.school,no,no,no,telephone,may,fri,76,3,999,0,nonexistent,1.1,93.994,-36.4,4.864,5191.0,no
41,entrepreneur,married,university.degree,no,yes,no,telephone,may,fri,691,10,999,0,nonexistent,1.1,93.994,-36.4,4.864,5191.0,yes
30,admin.,married,university.degree,no,yes,no,telephone,may,fri,238,3,999,0,nonexistent,1.1,93.994,-36.4,4.864,5191.0,no
56,blue-collar,married,basic.4y,unknown,no,no,telephone,may,fri,1097,15,999,0,nonexistent,1.1,93.994,-36.4,4.864,5191.0,yes
33,services,single,high.school,no,yes,no,telephone,may,fri,111,1,999,0,nonexistent,1.1,93.994,-36.4,4.864,5191.0,no
33,admin.,married,high.school,no,no,yes,telephone,may,fri,84,3,999,0,nonexistent,1.1,93.994,-36.4,4.864,5191.0,no
34,admin.,married,university.degree,no,no,no,telephone,may,fri,371,2,999,0,nonexistent,1.1,93.994,-36.4,4.864,5191.0,no
34,admin.,married,university.degree,no,yes,no,telephone,may,fri,103,2,999,0,nonexistent,1.1,93.994,-36.4,4.864,5191.0,no
39,blue-collar,married,basic.6y,no,no,no,telephone,may,fri,206,2,999,0,nonexistent,1.1,93.994,-36.4,4.864,5191.0,no
30,services,married,high.school,no,yes,no,telephone,may,fri,265,3,999,0,nonexistent,1.1,93.994,-36.4,4.864,5191.0,no
55,blue-collar,married,basic.6y,unknown,no,no,telephone,may,fri,567,2,999,0,nonexistent,1.1,93.994,-36.4,4.864,5191.0,no
28,blue-collar,married,basic.9y,no,no,no,telephone,may,fri,254,2,999,0,nonexistent,1.1,93.994,-36.4,4.864,5191.0,no
37,blue-collar,married,high.school,no,no,no,telephone,may,fri,1236,2,999,0,nonexistent,1.1,93.994,-36.4,4.864,5191.0,yes
33,technician,single,professional.course,unknown,yes,no,telephone,may,fri,613,2,999,0,nonexistent,1.1,93.994,-36.4,4.864,5191.0,no
25,blue-collar,single,high.school,no,no,no,telephone,may,fri,1212,3,999,0,nonexistent,1.1,93.994,-36.4,4.864,5191.0,no
32,admin.,single,university.degree,unknown,no,no,telephone,may,fri,96,3,999,0,nonexistent,1.1,93.994,-36.4,4.864,5191.0,no
38,blue-collar,single,basic.9y,unknown,no,no,telephone,may,fri,91,2,999,0,nonexistent,1.1,93.994,-36.4,4.864,5191.0,no
42,technician,married,professional.course,unknown,yes,no,telephone,may,fri,185,3,999,0,nonexistent,1.1,93.994,-36.4,4.864,5191.0,no
43,technician,divorced,professional.course,no,yes,no,telephone,may,fri,201,1,999,0,nonexistent,1.1,93.994,-36.4,4.864,5191.0,no
41,technician,single,university.degree,unknown,no,yes,telephone,may,fri,169,3,999,0,nonexistent,1.1,93.994,-36.4,4.864,5191.0,no
46,admin.,married,high.school,no,no,no,telephone,may,fri,515,2,999,0,nonexistent,1.1,93.994,-36.4,4.864,5191.0,no
44,technician,married,professional.course,unknown,yes,no,telephone,may,fri,388,7,999,0,nonexistent,1.1,93.994,-36.4,4.864,5191.0,no
35,blue-collar,married,basic.6y,no,yes,no,telephone,may,fri,178,2,999,0,nonexistent,1.1,93.994,-36.4,4.864,5191.0,no
53,housemaid,divorced,basic.4y,no,yes,no,telephone,may,fri,422,9,999,0,nonexistent,1.1,93.994,-36.4,4.864,5191.0,no
29,services,married,high.school,no,no,no,telephone,may,fri,76,2,999,0,nonexistent,1.1,93.994,-36.4,4.864,5191.0,no
29,technician,married,professional.course,no,no,no,telephone,may,fri,886,3,999,0,nonexistent,1.1,93.994,-36.4,4.864,5191.0,yes
51,retired,divorced,basic.9y,no,no,no,telephone,may,fri,296,2,999,0,nonexistent,1.1,93.994,-36.4,4.864,5191.0,no
33,technician,unknown,professional.course,unknown,yes,no,telephone,may,fri,378,1,999,0,nonexistent,1.1,93.994,-36.4,4.864,5191.0,no
41,technician,single,professional.course,no,unknown,unknown,telephone,may,fri,136,2,999,0,nonexistent,1.1,93.994,-36.4,4.864,5191.0,no
33,services,married,basic.4y,no,no,no,telephone,may,fri,58,1,999,0,nonexistent,1.1,93.994,-36.4,4.864,5191.0,no
35,admin.,married,university.degree,no,no,no,telephone,may,fri,60,1,999,0,nonexistent,1.1,93.994,-36.4,4.864,5191.0,no
56,blue-collar,married,professional.course,no,unknown,unknown,telephone,may,fri,340,1,999,0,nonexistent,1.1,93.994,-36.4,4.864,5191.0,no
39,management,married,basic.9y,no,yes,no,telephone,may,fri,159,1,999,0,nonexistent,1.1,93.994,-36.4,4.864,5191.0,no
25,admin.,single,high.school,no,no,no,telephone,may,fri,113,1,999,0,nonexistent,1.1,93.994,-36.4,4.864,5191.0,no
26,services,single,high.school,no,yes,no,telephone,may,fri,123,2,999,0,nonexistent,1.1,93.994,-36.4,4.864,5191.0,no
46,blue-collar,married,basic.9y,unknown,no,no,telephone,may,fri,306,1,999,0,nonexistent,1.1,93.994,-36.4,4.864,5191.0,no
59,retired,single,high.school,no,no,no,telephone,may,fri,475,4,999,0,nonexistent,1.1,93.994,-36.4,4.864,5191.0,no
38,admin.,divorced,high.school,no,yes,no,telephone,may,fri,224,5,999,0,nonexistent,1.1,93.994,-36.4,4.864,5191.0,no
48,entrepreneur,married,unknown,unknown,no,no,telephone,may,fri,509,2,999,0,nonexistent,1.1,93.994,-36.4,4.864,5191.0,no
49,blue-collar,divorced,high.school,no,no,no,telephone,may,fri,152,1,999,0,nonexistent,1.1,93.994,-36.4,4.864,5191.0,no
47,unknown,married,unknown,unknown,no,no,telephone,may,fri,147,1,999,0,nonexistent,1.1,93.994,-36.4,4.864,5191.0,no
39,blue-collar,divorced,basic.9y,no,yes,no,telephone,may,fri,113,3,999,0,nonexistent,1.1,93.994,-36.4,4.864,5191.0,no
31,admin.,married,basic.9y,no,yes,no,telephone,may,fri,465,3,999,0,nonexistent,1.1,93.994,-36.4,4.864,5191.0,no
31,admin.,married,university.degree,no,no,no,telephone,may,fri,294,3,999,0,nonexistent,1.1,93.994,-36.4,4.864,5191.0,no
48,admin.,divorced,university.degree,no,yes,no,telephone,may,fri,224,4,999,0,nonexistent,1.1,93.994,-36.4,4.864,5191.0,no
41,services,married,high.school,unknown,yes,no,telephone,may,fri,58,3,999,0,nonexistent,1.1,93.994,-36.4,4.864,5191.0,no
29,services,married,unknown,no,yes,no,telephone,may,fri,137,3,999,0,nonexistent,1.1,93.994,-36.4,4.864,5191.0,no
49,entrepreneur,married,university.degree,no,yes,no,telephone,may,fri,142,2,999,0,nonexistent,1.1,93.994,-36.4,4.864,5191.0,no
31,blue-collar,single,basic.9y,unknown,no,no,telephone,may,fri,312,7,999,0,nonexistent,1.1,93.994,-36.4,4.864,5191.0,no
48,admin.,married,professional.course,unknown,yes,no,telephone,may,fri,34,2,999,0,nonexistent,1.1,93.994,-36.4,4.864,5191.0,no
38,services,divorced,basic.6y,no,no,no,telephone,may,fri,825,2,999,0,nonexistent,1.1,93.994,-36.4,4.864,5191.0,no
46,blue-collar,married,basic.9y,no,yes,no,telephone,may,fri,116,6,999,0,nonexistent,1.1,93.994,-36.4,4.864,5191.0,no
38,self-employed,married,basic.9y,no,yes,no,telephone,may,fri,103,5,999,0,nonexistent,1.1,93.994,-36.4,4.864,5191.0,no
43,management,married,unknown,no,no,no,telephone,may,fri,38,2,999,0,nonexistent,1.1,93.994,-36.4,4.864,5191.0,no
53,admin.,married,basic.9y,unknown,yes,no,telephone,may,fri,168,3,999,0,nonexistent,1.1,93.994,-36.4,4.864,5191.0,no
36,blue-collar,married,basic.9y,no,yes,no,telephone,may,fri,31,6,999,0,nonexistent,1.1,93.994,-36.4,4.864,5191.0,no
34,management,married,university.degree,no,no,no,telephone,may,fri,66,2,999,0,nonexistent,1.1,93.994,-36.4,4.864,5191.0,no
41,blue-collar,married,basic.4y,no,no,no,telephone,may,fri,512,2,999,0,nonexistent,1.1,93.994,-36.4,4.864,5191.0,no
35,blue-collar,married,basic.9y,no,yes,no,telephone,may,fri,188,2,999,0,nonexistent,1.1,93.994,-36.4,4.864,5191.0,no
38,technician,single,university.degree,no,unknown,unknown,telephone,may,fri,214,2,999,0,nonexistent,1.1,93.994,-36.4,4.864,5191.0,no
49,entrepreneur,married,university.degree,unknown,yes,yes,telephone,may,fri,65,2,999,0,nonexistent,1.1,93.994,-36.4,4.864,5191.0,no
49,blue-collar,married,basic.6y,no,yes,no,telephone,may,fri,1980,2,999,0,nonexistent,1.1,93.994,-36.4,4.864,5191.0,yes
36,services,married,high.school,unknown,no,no,telephone,may,fri,358,4,999,0,nonexistent,1.1,93.994,-36.4,4.864,5191.0,no
54,management,married,basic.9y,no,yes,no,telephone,may,fri,398,5,999,0,nonexistent,1.1,93.994,-36.4,4.864,5191.0,no
29,blue-collar,married,high.school,no,yes,yes,telephone,may,fri,62,3,999,0,nonexistent,1.1,93.994,-36.4,4.864,5191.0,no
43,technician,married,professional.course,no,no,no,telephone,may,fri,265,2,999,0,nonexistent,1.1,93.994,-36.4,4.864,5191.0,no
31,management,single,professional.course,no,yes,no,telephone,may,fri,256,6,999,0,nonexistent,1.1,93.994,-36.4,4.864,5191.0,no
39,blue-collar,married,basic.9y,no,no,no,telephone,may,fri,199,3,999,0,nonexistent,1.1,93.994,-36.4,4.864,5191.0,no
38,services,married,high.school,no,no,no,telephone,may,fri,510,3,999,0,nonexistent,1.1,93.994,-36.4,4.864,5191.0,no
37,admin.,single,university.degree,no,yes,no,telephone,may,fri,355,2,999,0,nonexistent,1.1,93.994,-36.4,4.864,5191.0,no
47,technician,married,basic.9y,no,no,no,telephone,may,fri,150,5,999,0,nonexistent,1.1,93.994,-36.4,4.864,5191.0,no
39,blue-collar,married,basic.4y,no,yes,no,telephone,may,fri,159,4,999,0,nonexistent,1.1,93.994,-36.4,4.864,5191.0,no
34,housemaid,divorced,basic.6y,no,no,no,telephone,may,fri,243,3,999,0,nonexistent,1.1,93.994,-36.4,4.864,5191.0,no
52,self-employed,single,university.degree,unknown,yes,yes,telephone,may,fri,140,2,999,0,nonexistent,1.1,93.994,-36.4,4.864,5191.0,no
36,blue-collar,married,unknown,unknown,yes,no,telephone,may,fri,219,4,999,0,nonexistent,1.1,93.994,-36.4,4.864,5191.0,no
33,technician,unknown,professional.course,unknown,no,no,telephone,may,fri,112,2,999,0,nonexistent,1.1,93.994,-36.4,4.864,5191.0,no
47,admin.,married,university.degree,unknown,no,no,telephone,may,fri,216,3,999,0,nonexistent,1.1,93.994,-36.4,4.864,5191.0,no
38,technician,divorced,professional.course,no,yes,yes,telephone,may,fri,78,3,999,0,nonexistent,1.1,93.994,-36.4,4.864,5191.0,no
45,blue-collar,married,basic.9y,unknown,no,no,telephone,may,fri,222,9,999,0,nonexistent,1.1,93.994,-36.4,4.864,5191.0,no
41,technician,single,professional.course,no,no,no,telephone,may,fri,363,3,999,0,nonexistent,1.1,93.994,-36.4,4.864,5191.0,no
44,services,married,basic.9y,no,yes,no,telephone,may,fri,109,4,999,0,nonexistent,1.1,93.994,-36.4,4.864,5191.0,no
32,services,single,high.school,no,no,no,telephone,may,fri,67,2,999,0,nonexistent,1.1,93.994,-36.4,4.864,5191.0,no
55,technician,married,university.degree,no,no,no,telephone,may,fri,41,3,999,0,nonexistent,1.1,93.994,-36.4,4.864,5191.0,no
47,technician,divorced,high.school,no,no,no,telephone,may,fri,156,5,999,0,nonexistent,1.1,93.994,-36.4,4.864,5191.0,no
32,blue-collar,married,basic.9y,no,yes,no,telephone,may,fri,108,3,999,0,nonexistent,1.1,93.994,-36.4,4.864,5191.0,no
27,blue-collar,married,basic.6y,no,yes,no,telephone,may,fri,408,2,999,0,nonexistent,1.1,93.994,-36.4,4.864,5191.0,no
59,technician,married,basic.9y,no,no,no,telephone,may,fri,135,9,999,0,nonexistent,1.1,93.994,-36.4,4.864,5191.0,no
33,self-employed,single,basic.4y,no,yes,no,telephone,may,fri,742,2,999,0,nonexistent,1.1,93.994,-36.4,4.864,5191.0,no
36,blue-collar,married,basic.4y,unknown,yes,no,telephone,may,fri,166,2,999,0,nonexistent,1.1,93.994,-36.4,4.864,5191.0,no
37,blue-collar,married,basic.9y,unknown,yes,yes,telephone,may,fri,376,3,999,0,nonexistent,1.1,93.994,-36.4,4.864,5191.0,no
56,admin.,married,high.school,no,yes,no,telephone,may,fri,138,2,999,0,nonexistent,1.1,93.994,-36.4,4.864,5191.0,no
30,blue-collar,single,basic.9y,unknown,no,no,telephone,may,fri,16,18,999,0,nonexistent,1.1,93.994,-36.4,4.864,5191.0,no
42,services,married,high.school,no,no,no,telephone,may,fri,984,2,999,0,nonexistent,1.1,93.994,-36.4,4.864,5191.0,yes
44,technician,married,high.school,no,yes,no,telephone,may,fri,363,7,999,0,nonexistent,1.1,93.994,-36.4,4.864,5191.0,no
43,management,married,university.degree,no,yes,no,telephone,may,fri,339,4,999,0,nonexistent,1.1,93.994,-36.4,4.864,5191.0,no
29,housemaid,married,high.school,no,no,no,telephone,may,fri,161,12,999,0,nonexistent,1.1,93.994,-36.4,4.864,5191.0,no
40,admin.,single,university.degree,no,yes,no,telephone,may,fri,28,3,999,0,nonexistent,1.1,93.994,-36.4,4.864,5191.0,no
49,management,divorced,university.degree,no,no,no,telephone,may,fri,170,7,999,0,nonexistent,1.1,93.994,-36.4,4.864,5191.0,no
33,admin.,single,high.school,no,yes,no,telephone,may,fri,66,3,999,0,nonexistent,1.1,93.994,-36.4,4.864,5191.0,no
41,housemaid,married,university.degree,unknown,no,no,telephone,may,fri,199,3,999,0,nonexistent,1.1,93.994,-36.4,4.864,5191.0,no
27,services,single,high.school,no,yes,no,telephone,may,fri,274,2,999,0,nonexistent,1.1,93.994,-36.4,4.864,5191.0,no
45,services,divorced,high.school,no,no,no,telephone,may,fri,136,8,999,0,nonexistent,1.1,93.994,-36.4,4.864,5191.0,no
34,housemaid,single,university.degree,no,no,no,telephone,may,fri,62,2,999,0,nonexistent,1.1,93.994,-36.4,4.864,5191.0,no
35,technician,single,university.degree,no,no,no,telephone,may,fri,58,3,999,0,nonexistent,1.1,93.994,-36.4,4.864,5191.0,no
45,unknown,single,basic.4y,no,yes,no,telephone,may,fri,189,5,999,0,nonexistent,1.1,93.994,-36.4,4.864,5191.0,no
35,self-employed,married,basic.9y,no,yes,yes,telephone,may,fri,135,2,999,0,nonexistent,1.1,93.994,-36.4,4.864,5191.0,no
34,blue-collar,married,basic.9y,no,yes,no,telephone,may,fri,319,6,999,0,nonexistent,1.1,93.994,-36.4,4.864,5191.0,no
47,admin.,married,high.school,no,yes,no,telephone,may,fri,352,3,999,0,nonexistent,1.1,93.994,-36.4,4.864,5191.0,no
22,blue-collar,single,basic.6y,unknown,no,no,telephone,may,fri,178,2,999,0,nonexistent,1.1,93.994,-36.4,4.864,5191.0,no
36,blue-collar,married,basic.4y,unknown,no,no,telephone,may,fri,42,11,999,0,nonexistent,1.1,93.994,-36.4,4.864,5191.0,no
54,technician,married,professional.course,no,no,no,telephone,may,fri,171,2,999,0,nonexistent,1.1,93.994,-36.4,4.864,5191.0,no
51,admin.,married,university.degree,unknown,yes,no,telephone,may,fri,119,2,999,0,nonexistent,1.1,93.994,-36.4,4.864,5191.0,no
50,admin.,married,basic.6y,no,no,no,telephone,may,fri,66,4,999,0,nonexistent,1.1,93.994,-36.4,4.864,5191.0,no
44,admin.,married,high.school,no,no,no,telephone,may,fri,130,2,999,0,nonexistent,1.1,93.994,-36.4,4.864,5191.0,no
52,entrepreneur,married,basic.9y,no,yes,yes,telephone,may,fri,390,2,999,0,nonexistent,1.1,93.994,-36.4,4.864,5191.0,no
33,management,single,university.degree,no,no,no,telephone,may,fri,101,16,999,0,nonexistent,1.1,93.994,-36.4,4.864,5191.0,no
51,admin.,married,professional.course,no,yes,no,telephone,may,fri,78,2,999,0,nonexistent,1.1,93.994,-36.4,4.864,5191.0,no
30,admin.,single,high.school,no,yes,no,telephone,may,fri,100,3,999,0,nonexistent,1.1,93.994,-36.4,4.864,5191.0,no
42,blue-collar,divorced,basic.4y,no,no,no,telephone,may,fri,181,4,999,0,nonexistent,1.1,93.994,-36.4,4.864,5191.0,no
30,blue-collar,single,basic.6y,no,yes,no,telephone,may,fri,72,3,999,0,nonexistent,1.1,93.994,-36.4,4.864,5191.0,no
23,admin.,married,high.school,no,yes,no,telephone,may,fri,390,2,999,0,nonexistent,1.1,93.994,-36.4,4.864,5191.0,no
44,services,married,high.school,no,no,no,telephone,may,fri,324,3,999,0,nonexistent,1.1,93.994,-36.4,4.864,5191.0,no
28,admin.,single,university.degree,no,yes,yes,telephone,may,fri,163,3,999,0,nonexistent,1.1,93.994,-36.4,4.864,5191.0,no
39,services,married,high.school,no,no,no,telephone,may,fri,110,6,999,0,nonexistent,1.1,93.994,-36.4,4.864,5191.0,no
57,retired,married,high.school,unknown,no,no,telephone,may,fri,72,2,999,0,nonexistent,1.1,93.994,-36.4,4.864,5191.0,no
30,blue-collar,married,unknown,no,no,no,telephone,may,fri,85,2,999,0,nonexistent,1.1,93.994,-36.4,4.864,5191.0,no
52,unknown,married,basic.6y,no,no,no,telephone,may,fri,54,4,999,0,nonexistent,1.1,93.994,-36.4,4.864,5191.0,no
37,self-employed,married,high.school,no,no,no,telephone,may,fri,833,8,999,0,nonexistent,1.1,93.994,-36.4,4.864,5191.0,no
44,technician,married,professional.course,no,no,no,telephone,may,fri,124,3,999,0,nonexistent,1.1,93.994,-36.4,4.864,5191.0,no
35,technician,divorced,professional.course,no,no,no,telephone,may,fri,57,10,999,0,nonexistent,1.1,93.994,-36.4,4.864,5191.0,no
35,blue-collar,married,basic.6y,no,yes,no,telephone,may,fri,115,6,999,0,nonexistent,1.1,93.994,-36.4,4.864,5191.0,no
37,self-employed,married,professional.course,unknown,yes,no,telephone,may,fri,78,13,999,0,nonexistent,1.1,93.994,-36.4,4.864,5191.0,no
44,admin.,married,high.school,no,yes,no,telephone,may,fri,43,5,999,0,nonexistent,1.1,93.994,-36.4,4.864,5191.0,no
39,entrepreneur,married,high.school,no,no,yes,telephone,may,fri,229,3,999,0,nonexistent,1.1,93.994,-36.4,4.864,5191.0,no
31,blue-collar,single,unknown,no,yes,no,telephone,may,fri,273,2,999,0,nonexistent,1.1,93.994,-36.4,4.864,5191.0,no
28,admin.,married,high.school,no,no,yes,telephone,may,fri,30,18,999,0,nonexistent,1.1,93.994,-36.4,4.864,5191.0,no
57,services,divorced,high.school,no,yes,no,telephone,may,fri,288,2,999,0,nonexistent,1.1,93.994,-36.4,4.864,5191.0,no
34,admin.,married,university.degree,no,no,no,telephone,may,fri,85,4,999,0,nonexistent,1.1,93.994,-36.4,4.864,5191.0,no
48,admin.,married,university.degree,no,no,no,telephone,may,fri,76,9,999,0,nonexistent,1.1,93.994,-36.4,4.864,5191.0,no
47,admin.,married,basic.6y,unknown,yes,no,telephone,may,fri,85,6,999,0,nonexistent,1.1,93.994,-36.4,4.864,5191.0,no
36,management,married,university.degree,no,yes,no,telephone,may,fri,170,4,999,0,nonexistent,1.1,93.994,-36.4,4.864,5191.0,no
28,blue-collar,married,basic.6y,unknown,yes,no,telephone,may,fri,428,7,999,0,nonexistent,1.1,93.994,-36.4,4.864,5191.0,no
31,admin.,married,university.degree,no,no,no,telephone,may,fri,370,3,999,0,nonexistent,1.1,93.994,-36.4,4.864,5191.0,no
30,blue-collar,married,basic.9y,no,no,no,telephone,may,fri,137,3,999,0,nonexistent,1.1,93.994,-36.4,4.864,5191.0,no
38,services,married,high.school,unknown,no,no,telephone,may,fri,293,6,999,0,nonexistent,1.1,93.994,-36.4,4.864,5191.0,no
57,blue-collar,married,basic.9y,no,no,no,telephone,may,fri,153,3,999,0,nonexistent,1.1,93.994,-36.4,4.864,5191.0,no
45,blue-collar,divorced,basic.9y,no,yes,no,telephone,may,fri,281,4,999,0,nonexistent,1.1,93.994,-36.4,4.864,5191.0,no
42,technician,divorced,university.degree,no,yes,no,telephone,may,fri,46,3,999,0,nonexistent,1.1,93.994,-36.4,4.864,5191.0,no
31,admin.,single,high.school,no,yes,no,telephone,may,fri,26,25,999,0,nonexistent,1.1,93.994,-36.4,4.864,5191.0,no
30,technician,married,university.degree,no,yes,no,telephone,may,fri,104,6,999,0,nonexistent,1.1,93.994,-36.4,4.864,5191.0,no
37,housemaid,married,high.school,no,yes,yes,telephone,may,fri,205,6,999,0,nonexistent,1.1,93.994,-36.4,4.864,5191.0,no
32,admin.,single,high.school,no,yes,no,telephone,may,fri,891,4,999,0,nonexistent,1.1,93.994,-36.4,4.864,5191.0,yes
41,technician,married,professional.course,no,no,no,telephone,may,fri,34,2,999,0,nonexistent,1.1,93.994,-36.4,4.864,5191.0,no
34,entrepreneur,married,professional.course,no,yes,no,telephone,may,fri,292,4,999,0,nonexistent,1.1,93.994,-36.4,4.864,5191.0,no
47,technician,married,professional.course,no,no,no,telephone,may,fri,135,3,999,0,nonexistent,1.1,93.994,-36.4,4.864,5191.0,no
40,management,married,high.school,unknown,no,no,telephone,may,fri,45,2,999,0,nonexistent,1.1,93.994,-36.4,4.864,5191.0,no
43,services,married,high.school,unknown,yes,no,telephone,may,fri,99,6,999,0,nonexistent,1.1,93.994,-36.4,4.864,5191.0,no
48,blue-collar,single,basic.6y,unknown,no,no,telephone,may,fri,148,4,999,0,nonexistent,1.1,93.994,-36.4,4.864,5191.0,no
40,admin.,divorced,professional.course,no,yes,no,telephone,may,fri,539,12,999,0,nonexistent,1.1,93.994,-36.4,4.864,5191.0,yes
38,blue-collar,married,basic.9y,no,no,no,telephone,may,fri,84,9,999,0,nonexistent,1.1,93.994,-36.4,4.864,5191.0,no
37,unemployed,married,professional.course,no,yes,no,telephone,may,fri,3631,2,999,0,nonexistent,1.1,93.994,-36.4,4.864,5191.0,yes
55,blue-collar,married,basic.4y,no,no,no,telephone,may,fri,435,2,999,0,nonexistent,1.1,93.994,-36.4,4.864,5191.0,no
30,self-employed,single,university.degree,no,no,no,telephone,may,fri,510,5,999,0,nonexistent,1.1,93.994,-36.4,4.864,5191.0,no
31,services,single,basic.9y,no,no,no,telephone,may,fri,1044,5,999,0,nonexistent,1.1,93.994,-36.4,4.864,5191.0,yes
47,entrepreneur,married,university.degree,unknown,yes,no,telephone,may,fri,96,8,999,0,nonexistent,1.1,93.994,-36.4,4.864,5191.0,no
38,technician,married,professional.course,no,yes,no,telephone,may,fri,122,4,999,0,nonexistent,1.1,93.994,-36.4,4.864,5191.0,no
40,admin.,married,high.school,unknown,no,yes,telephone,may,fri,84,3,999,0,nonexistent,1.1,93.994,-36.4,4.864,5191.0,no
60,unknown,single,unknown,unknown,no,no,telephone,may,fri,33,4,999,0,nonexistent,1.1,93.994,-36.4,4.864,5191.0,no
50,blue-collar,married,basic.9y,no,no,no,telephone,may,fri,43,2,999,0,nonexistent,1.1,93.994,-36.4,4.864,5191.0,no
44,admin.,married,high.school,no,yes,no,telephone,may,fri,223,2,999,0,nonexistent,1.1,93.994,-36.4,4.864,5191.0,no
40,services,married,high.school,no,yes,no,telephone,may,fri,288,3,999,0,nonexistent,1.1,93.994,-36.4,4.864,5191.0,no
34,blue-collar,divorced,basic.4y,no,yes,no,telephone,may,fri,306,3,999,0,nonexistent,1.1,93.994,-36.4,4.864,5191.0,no
46,technician,married,basic.9y,unknown,no,no,telephone,may,fri,81,3,999,0,nonexistent,1.1,93.994,-36.4,4.864,5191.0,no
33,admin.,married,high.school,no,yes,no,telephone,may,fri,53,7,999,0,nonexistent,1.1,93.994,-36.4,4.864,5191.0,no
51,blue-collar,married,unknown,unknown,yes,no,telephone,may,fri,436,3,999,0,nonexistent,1.1,93.994,-36.4,4.864,5191.0,no
37,unemployed,married,professional.course,no,no,no,telephone,may,fri,41,8,999,0,nonexistent,1.1,93.994,-36.4,4.864,5191.0,no
30,services,married,high.school,no,no,no,telephone,may,fri,147,2,999,0,nonexistent,1.1,93.994,-36.4,4.864,5191.0,no
39,blue-collar,married,basic.9y,unknown,no,yes,telephone,may,fri,97,3,999,0,nonexistent,1.1,93.994,-36.4,4.864,5191.0,no
40,self-employed,married,basic.4y,unknown,yes,no,telephone,may,fri,82,2,999,0,nonexistent,1.1,93.994,-36.4,4.864,5191.0,no
40,services,married,high.school,no,yes,yes,telephone,may,fri,141,9,999,0,nonexistent,1.1,93.994,-36.4,4.864,5191.0,no
41,self-employed,married,high.school,no,yes,no,telephone,may,fri,206,3,999,0,nonexistent,1.1,93.994,-36.4,4.864,5191.0,no
42,unemployed,married,basic.4y,no,yes,no,telephone,may,fri,170,19,999,0,nonexistent,1.1,93.994,-36.4,4.864,5191.0,no
51,admin.,married,basic.9y,no,no,no,telephone,may,fri,25,5,999,0,nonexistent,1.1,93.994,-36.4,4.864,5191.0,no
33,technician,married,professional.course,no,no,no,telephone,may,fri,120,3,999,0,nonexistent,1.1,93.994,-36.4,4.864,5191.0,no
48,unemployed,married,basic.6y,no,no,yes,telephone,may,fri,58,3,999,0,nonexistent,1.1,93.994,-36.4,4.864,5191.0,no
24,entrepreneur,married,university.degree,unknown,no,no,telephone,may,fri,1193,2,999,0,nonexistent,1.1,93.994,-36.4,4.864,5191.0,no
26,management,single,university.degree,no,no,no,telephone,jun,mon,72,3,999,0,nonexistent,1.4,94.465,-41.8,4.865,5228.1,no
30,admin.,married,university.degree,no,no,no,telephone,jun,mon,100,2,999,0,nonexistent,1.4,94.465,-41.8,4.865,5228.1,no
55,technician,married,basic.9y,no,no,no,telephone,jun,mon,80,3,999,0,nonexistent,1.4,94.465,-41.8,4.865,5228.1,no
41,blue-collar,married,basic.4y,no,yes,no,telephone,jun,mon,132,2,999,0,nonexistent,1.4,94.465,-41.8,4.865,5228.1,no
47,blue-collar,divorced,basic.4y,no,no,no,telephone,jun,mon,140,3,999,0,nonexistent,1.4,94.465,-41.8,4.865,5228.1,no
42,admin.,married,university.degree,no,no,no,telephone,jun,mon,130,2,999,0,nonexistent,1.4,94.465,-41.8,4.865,5228.1,no
53,housemaid,married,professional.course,unknown,yes,no,telephone,jun,mon,251,4,999,0,nonexistent,1.4,94.465,-41.8,4.865,5228.1,no
45,services,married,basic.9y,no,no,no,telephone,jun,mon,71,2,999,0,nonexistent,1.4,94.465,-41.8,4.865,5228.1,no
54,technician,married,professional.course,unknown,yes,no,telephone,jun,mon,52,3,999,0,nonexistent,1.4,94.465,-41.8,4.865,5228.1,no
39,unemployed,married,university.degree,no,yes,no,telephone,jun,mon,108,4,999,0,nonexistent,1.4,94.465,-41.8,4.865,5228.1,no
52,technician,married,professional.course,no,yes,no,telephone,jun,mon,150,3,999,0,nonexistent,1.4,94.465,-41.8,4.865,5228.1,no
38,services,married,high.school,unknown,yes,no,telephone,jun,mon,25,7,999,0,nonexistent,1.4,94.465,-41.8,4.865,5228.1,no
58,blue-collar,married,basic.9y,no,no,no,telephone,jun,mon,90,3,999,0,nonexistent,1.4,94.465,-41.8,4.865,5228.1,no
37,technician,single,professional.course,unknown,unknown,unknown,telephone,jun,mon,51,4,999,0,nonexistent,1.4,94.465,-41.8,4.865,5228.1,no
29,services,divorced,high.school,no,no,yes,telephone,jun,mon,361,3,999,0,nonexistent,1.4,94.465,-41.8,4.865,5228.1,no
36,self-employed,divorced,university.degree,no,yes,yes,telephone,jun,mon,372,2,999,0,nonexistent,1.4,94.465,-41.8,4.865,5228.1,no
30,services,married,high.school,no,no,no,telephone,jun,mon,360,2,999,0,nonexistent,1.4,94.465,-41.8,4.865,5228.1,no
46,technician,married,professional.course,no,no,yes,telephone,jun,mon,63,1,999,0,nonexistent,1.4,94.465,-41.8,4.865,5228.1,no
38,unknown,divorced,high.school,unknown,yes,no,telephone,jun,mon,133,1,999,0,nonexistent,1.4,94.465,-41.8,4.865,5228.1,no
57,blue-collar,divorced,unknown,unknown,no,no,telephone,jun,mon,68,1,999,0,nonexistent,1.4,94.465,-41.8,4.865,5228.1,no
25,admin.,single,high.school,no,no,no,telephone,jun,mon,175,2,999,0,nonexistent,1.4,94.465,-41.8,4.865,5228.1,no
49,management,married,university.degree,no,no,no,telephone,jun,mon,202,1,999,0,nonexistent,1.4,94.465,-41.8,4.865,5228.1,no
38,blue-collar,married,high.school,no,yes,yes,telephone,jun,mon,192,8,999,0,nonexistent,1.4,94.465,-41.8,4.865,5228.1,no
59,retired,married,university.degree,unknown,yes,no,telephone,jun,mon,484,1,999,0,nonexistent,1.4,94.465,-41.8,4.865,5228.1,no
37,entrepreneur,married,university.degree,no,yes,no,telephone,jun,mon,403,1,999,0,nonexistent,1.4,94.465,-41.8,4.865,5228.1,no
34,blue-collar,divorced,basic.4y,unknown,no,no,telephone,jun,mon,178,1,999,0,nonexistent,1.4,94.465,-41.8,4.865,5228.1,no
46,admin.,married,university.degree,no,yes,no,telephone,jun,mon,502,5,999,0,nonexistent,1.4,94.465,-41.8,4.865,5228.1,yes
47,self-employed,married,professional.course,no,yes,no,telephone,jun,mon,338,2,999,0,nonexistent,1.4,94.465,-41.8,4.865,5228.1,no
26,services,single,basic.9y,no,yes,no,telephone,jun,mon,205,3,999,0,nonexistent,1.4,94.465,-41.8,4.865,5228.1,no
35,technician,single,high.school,no,yes,no,telephone,jun,mon,92,2,999,0,nonexistent,1.4,94.465,-41.8,4.865,5228.1,no
42,blue-collar,married,unknown,unknown,no,no,telephone,jun,mon,268,1,999,0,nonexistent,1.4,94.465,-41.8,4.865,5228.1,no
48,technician,married,high.school,no,no,no,telephone,jun,mon,185,2,999,0,nonexistent,1.4,94.465,-41.8,4.865,5228.1,no
55,technician,married,basic.9y,unknown,no,no,telephone,jun,mon,362,1,999,0,nonexistent,1.4,94.465,-41.8,4.865,5228.1,no
41,admin.,single,university.degree,no,no,no,telephone,jun,mon,367,3,999,0,nonexistent,1.4,94.465,-41.8,4.865,5228.1,no
46,admin.,married,university.degree,unknown,no,no,telephone,jun,mon,230,3,999,0,nonexistent,1.4,94.465,-41.8,4.865,5228.1,no
44,technician,married,basic.4y,no,no,no,telephone,jun,mon,26,1,999,0,nonexistent,1.4,94.465,-41.8,4.865,5228.1,no
38,admin.,married,basic.9y,unknown,no,no,telephone,jun,mon,63,2,999,0,nonexistent,1.4,94.465,-41.8,4.865,5228.1,no
30,admin.,married,university.degree,no,no,no,telephone,jun,mon,493,1,999,0,nonexistent,1.4,94.465,-41.8,4.865,5228.1,no
48,entrepreneur,married,basic.4y,no,no,yes,telephone,jun,mon,215,1,999,0,nonexistent,1.4,94.465,-41.8,4.865,5228.1,no
38,unemployed,married,basic.6y,no,no,no,telephone,jun,mon,947,4,999,0,nonexistent,1.4,94.465,-41.8,4.865,5228.1,yes
33,services,single,basic.6y,no,yes,no,telephone,jun,mon,177,2,999,0,nonexistent,1.4,94.465,-41.8,4.865,5228.1,no
44,self-employed,divorced,high.school,no,yes,no,telephone,jun,mon,123,1,999,0,nonexistent,1.4,94.465,-41.8,4.865,5228.1,no
39,admin.,single,university.degree,no,yes,yes,telephone,jun,mon,1075,2,999,0,nonexistent,1.4,94.465,-41.8,4.865,5228.1,no
40,technician,married,professional.course,unknown,no,no,telephone,jun,mon,21,1,999,0,nonexistent,1.4,94.465,-41.8,4.865,5228.1,no
43,unemployed,married,university.degree,unknown,no,no,telephone,jun,mon,114,1,999,0,nonexistent,1.4,94.465,-41.8,4.865,5228.1,no
60,management,married,university.degree,no,no,no,telephone,jun,mon,526,2,999,0,nonexistent,1.4,94.465,-41.8,4.865,5228.1,yes
56,retired,divorced,basic.4y,no,no,no,telephone,jun,mon,163,1,999,0,nonexistent,1.4,94.465,-41.8,4.865,5228.1,no
46,entrepreneur,married,basic.9y,no,no,no,telephone,jun,mon,245,1,999,0,nonexistent,1.4,94.465,-41.8,4.865,5228.1,no
30,services,divorced,basic.9y,no,no,no,telephone,jun,mon,394,1,999,0,nonexistent,1.4,94.465,-41.8,4.865,5228.1,yes
28,services,married,high.school,no,no,no,telephone,jun,mon,659,2,999,0,nonexistent,1.4,94.465,-41.8,4.865,5228.1,yes
40,admin.,married,university.degree,unknown,yes,no,telephone,jun,mon,417,1,999,0,nonexistent,1.4,94.465,-41.8,4.865,5228.1,no
34,services,single,professional.course,unknown,yes,no,telephone,jun,mon,40,1,999,0,nonexistent,1.4,94.465,-41.8,4.865,5228.1,no
40,admin.,married,university.degree,unknown,yes,no,telephone,jun,mon,527,1,999,0,nonexistent,1.4,94.465,-41.8,4.865,5228.1,no
35,services,single,basic.4y,no,no,no,telephone,jun,mon,651,1,999,0,nonexistent,1.4,94.465,-41.8,4.865,5228.1,no
43,retired,married,basic.4y,unknown,yes,no,telephone,jun,mon,129,1,999,0,nonexistent,1.4,94.465,-41.8,4.865,5228.1,no
33,blue-collar,married,high.school,no,no,no,telephone,jun,mon,283,1,999,0,nonexistent,1.4,94.465,-41.8,4.865,5228.1,no
35,admin.,divorced,university.degree,no,yes,no,telephone,jun,mon,144,2,999,0,nonexistent,1.4,94.465,-41.8,4.865,5228.1,no
25,blue-collar,married,basic.9y,unknown,no,no,telephone,jun,mon,97,4,999,0,nonexistent,1.4,94.465,-41.8,4.865,5228.1,no
50,services,divorced,basic.4y,unknown,yes,no,telephone,jun,mon,168,4,999,0,nonexistent,1.4,94.465,-41.8,4.865,5228.1,no
34,blue-collar,single,basic.4y,unknown,yes,no,telephone,jun,mon,101,1,999,0,nonexistent,1.4,94.465,-41.8,4.865,5228.1,no
47,technician,single,university.degree,no,no,yes,telephone,jun,mon,67,2,999,0,nonexistent,1.4,94.465,-41.8,4.865,5228.1,no
35,blue-collar,married,basic.6y,no,yes,yes,telephone,jun,mon,64,1,999,0,nonexistent,1.4,94.465,-41.8,4.865,5228.1,no
35,admin.,single,basic.4y,unknown,yes,no,telephone,jun,mon,143,1,999,0,nonexistent,1.4,94.465,-41.8,4.865,5228.1,no
39,entrepreneur,married,basic.9y,unknown,yes,no,telephone,jun,mon,70,1,999,0,nonexistent,1.4,94.465,-41.8,4.865,5228.1,no
42,blue-collar,married,basic.6y,no,yes,no,telephone,jun,mon,1036,1,999,0,nonexistent,1.4,94.465,-41.8,4.865,5228.1,yes
48,technician,married,professional.course,unknown,no,no,telephone,jun,mon,105,3,999,0,nonexistent,1.4,94.465,-41.8,4.865,5228.1,no
25,blue-collar,married,basic.9y,no,yes,yes,telephone,jun,mon,60,5,999,0,nonexistent,1.4,94.465,-41.8,4.865,5228.1,no
32,blue-collar,married,professional.course,no,yes,no,telephone,jun,mon,26,1,999,0,nonexistent,1.4,94.465,-41.8,4.865,5228.1,no
47,self-employed,divorced,professional.course,unknown,yes,no,telephone,jun,mon,364,13,999,0,nonexistent,1.4,94.465,-41.8,4.865,5228.1,no
47,technician,single,professional.course,unknown,yes,yes,telephone,jun,mon,227,1,999,0,nonexistent,1.4,94.465,-41.8,4.865,5228.1,no
30,services,married,high.school,no,no,no,telephone,jun,mon,151,3,999,0,nonexistent,1.4,94.465,-41.8,4.865,5228.1,no
31,self-employed,married,university.degree,no,yes,yes,telephone,jun,mon,464,1,999,0,nonexistent,1.4,94.465,-41.8,4.865,5228.1,no
35,management,single,university.degree,no,yes,no,telephone,jun,mon,68,21,999,0,nonexistent,1.4,94.465,-41.8,4.865,5228.1,no
40,blue-collar,single,basic.9y,no,yes,no,telephone,jun,mon,128,3,999,0,nonexistent,1.4,94.465,-41.8,4.865,5228.1,no
30,services,married,high.school,no,no,no,telephone,jun,mon,88,2,999,0,nonexistent,1.4,94.465,-41.8,4.865,5228.1,no
48,blue-collar,married,unknown,unknown,no,no,telephone,jun,mon,136,7,999,0,nonexistent,1.4,94.465,-41.8,4.865,5228.1,no
38,blue-collar,married,basic.6y,unknown,no,no,telephone,jun,mon,123,1,999,0,nonexistent,1.4,94.465,-41.8,4.865,5228.1,no
58,unemployed,married,basic.9y,no,no,no,telephone,jun,mon,266,2,999,0,nonexistent,1.4,94.465,-41.8,4.865,5228.1,no
39,blue-collar,married,basic.4y,unknown,yes,no,telephone,jun,mon,466,1,999,0,nonexistent,1.4,94.465,-41.8,4.865,5228.1,no
58,blue-collar,married,basic.6y,unknown,no,no,telephone,jun,mon,80,1,999,0,nonexistent,1.4,94.465,-41.8,4.865,5228.1,no
39,admin.,married,university.degree,no,yes,no,telephone,jun,mon,490,1,999,0,nonexistent,1.4,94.465,-41.8,4.865,5228.1,no
35,blue-collar,married,basic.9y,no,no,no,telephone,jun,mon,232,1,999,0,nonexistent,1.4,94.465,-41.8,4.865,5228.1,no
40,management,married,university.degree,no,unknown,unknown,telephone,jun,mon,61,2,999,0,nonexistent,1.4,94.465,-41.8,4.865,5228.1,no
49,admin.,divorced,high.school,no,yes,no,telephone,jun,mon,537,5,999,0,nonexistent,1.4,94.465,-41.8,4.865,5228.1,no
34,blue-collar,married,basic.9y,unknown,yes,no,telephone,jun,mon,197,1,999,0,nonexistent,1.4,94.465,-41.8,4.865,5228.1,no
49,unemployed,divorced,professional.course,no,no,no,telephone,jun,mon,464,2,999,0,nonexistent,1.4,94.465,-41.8,4.865,5228.1,no
44,admin.,single,high.school,no,no,no,telephone,jun,mon,164,1,999,0,nonexistent,1.4,94.465,-41.8,4.865,5228.1,no
35,blue-collar,married,high.school,no,no,no,telephone,jun,mon,184,1,999,0,nonexistent,1.4,94.465,-41.8,4.865,5228.1,no
38,technician,single,professional.course,unknown,yes,no,telephone,jun,mon,127,1,999,0,nonexistent,1.4,94.465,-41.8,4.865,5228.1,no
35,blue-collar,married,basic.9y,no,yes,no,telephone,jun,mon,373,2,999,0,nonexistent,1.4,94.465,-41.8,4.865,5228.1,no
33,technician,single,university.degree,no,yes,no,telephone,jun,mon,42,1,999,0,nonexistent,1.4,94.465,-41.8,4.865,5228.1,no
30,services,single,high.school,no,no,no,telephone,jun,mon,132,6,999,0,nonexistent,1.4,94.465,-41.8,4.865,5228.1,no
55,entrepreneur,divorced,university.degree,no,yes,yes,telephone,jun,mon,579,2,999,0,nonexistent,1.4,94.465,-41.8,4.865,5228.1,no
47,entrepreneur,married,university.degree,no,no,yes,telephone,jun,mon,180,1,999,0,nonexistent,1.4,94.465,-41.8,4.865,5228.1,no
51,blue-collar,married,basic.9y,no,yes,no,telephone,jun,mon,159,1,999,0,nonexistent,1.4,94.465,-41.8,4.865,5228.1,no
40,entrepreneur,married,professional.course,unknown,no,no,telephone,jun,mon,66,6,999,0,nonexistent,1.4,94.465,-41.8,4.865,5228.1,no
44,blue-collar,married,professional.course,no,no,no,telephone,jun,mon,239,1,999,0,nonexistent,1.4,94.465,-41.8,4.865,5228.1,no
41,blue-collar,married,basic.9y,no,no,no,telephone,jun,mon,95,1,999,0,nonexistent,1.4,94.465,-41.8,4.865,5228.1,no
40,services,single,high.school,unknown,yes,no,telephone,jun,mon,89,1,999,0,nonexistent,1.4,94.465,-41.8,4.865,5228.1,no
38,technician,married,basic.9y,no,no,no,telephone,jun,mon,59,3,999,0,nonexistent,1.4,94.465,-41.8,4.865,5228.1,no
32,admin.,single,university.degree,no,unknown,unknown,telephone,jun,mon,215,1,999,0,nonexistent,1.4,94.465,-41.8,4.865,5228.1,no
41,services,divorced,high.school,no,yes,yes,telephone,jun,mon,273,1,999,0,nonexistent,1.4,94.465,-41.8,4.865,5228.1,no
33,technician,married,basic.9y,no,no,no,telephone,jun,mon,76,1,999,0,nonexistent,1.4,94.465,-41.8,4.865,5228.1,no
24,services,single,high.school,no,yes,no,telephone,jun,mon,920,2,999,0,nonexistent,1.4,94.465,-41.8,4.865,5228.1,no
36,housemaid,married,basic.4y,no,no,no,telephone,jun,mon,152,2,999,0,nonexistent,1.4,94.465,-41.8,4.865,5228.1,no
35,blue-collar,divorced,basic.4y,unknown,yes,no,telephone,jun,mon,130,1,999,0,nonexistent,1.4,94.465,-41.8,4.865,5228.1,no
40,blue-collar,married,basic.6y,unknown,yes,yes,telephone,jun,mon,21,1,999,0,nonexistent,1.4,94.465,-41.8,4.865,5228.1,no
26,admin.,married,high.school,unknown,no,no,telephone,jun,mon,118,1,999,0,nonexistent,1.4,94.465,-41.8,4.865,5228.1,no
40,technician,divorced,university.degree,no,yes,no,telephone,jun,mon,113,2,999,0,nonexistent,1.4,94.465,-41.8,4.865,5228.1,no
45,management,married,university.degree,no,no,no,telephone,jun,mon,369,2,999,0,nonexistent,1.4,94.465,-41.8,4.865,5228.1,no
39,entrepreneur,married,high.school,no,unknown,unknown,telephone,jun,mon,122,1,999,0,nonexistent,1.4,94.465,-41.8,4.865,5228.1,no
41,technician,single,university.degree,unknown,no,no,telephone,jun,mon,47,2,999,0,nonexistent,1.4,94.465,-41.8,4.865,5228.1,no
32,admin.,married,high.school,no,no,no,telephone,jun,mon,142,4,999,0,nonexistent,1.4,94.465,-41.8,4.865,5228.1,no
47,admin.,married,professional.course,no,no,no,telephone,jun,mon,317,6,999,0,nonexistent,1.4,94.465,-41.8,4.865,5228.1,no
51,blue-collar,married,basic.4y,no,yes,yes,telephone,jun,mon,184,1,999,0,nonexistent,1.4,94.465,-41.8,4.865,5228.1,no
55,blue-collar,married,professional.course,unknown,yes,yes,telephone,jun,mon,354,1,999,0,nonexistent,1.4,94.465,-41.8,4.865,5228.1,no
33,blue-collar,married,basic.9y,no,no,no,telephone,jun,mon,209,2,999,0,nonexistent,1.4,94.465,-41.8,4.865,5228.1,no
53,admin.,divorced,university.degree,unknown,no,no,telephone,jun,mon,53,2,999,0,nonexistent,1.4,94.465,-41.8,4.865,5228.1,no
57,housemaid,married,basic.4y,no,yes,no,telephone,jun,mon,210,2,999,0,nonexistent,1.4,94.465,-41.8,4.865,5228.1,no
53,services,married,high.school,unknown,yes,no,telephone,jun,mon,381,2,999,0,nonexistent,1.4,94.465,-41.8,4.865,5228.1,no
25,admin.,married,unknown,no,no,no,telephone,jun,mon,112,1,999,0,nonexistent,1.4,94.465,-41.8,4.865,5228.1,no
26,admin.,single,high.school,no,no,no,telephone,jun,mon,278,1,999,0,nonexistent,1.4,94.465,-41.8,4.865,5228.1,no
46,management,married,university.degree,unknown,no,no,telephone,jun,mon,183,3,999,0,nonexistent,1.4,94.465,-41.8,4.865,5228.1,no
58,retired,married,high.school,unknown,no,no,telephone,jun,mon,389,1,999,0,nonexistent,1.4,94.465,-41.8,4.865,5228.1,no
56,technician,married,university.degree,no,no,yes,telephone,jun,mon,69,1,999,0,nonexistent,1.4,94.465,-41.8,4.865,5228.1,no
52,technician,married,high.school,no,unknown,unknown,telephone,jun,mon,24,1,999,0,nonexistent,1.4,94.465,-41.8,4.865,5228.1,no
43,technician,married,professional.course,no,no,no,telephone,jun,mon,143,2,999,0,nonexistent,1.4,94.465,-41.8,4.865,5228.1,no
45,blue-collar,single,high.school,unknown,no,no,telephone,jun,mon,68,1,999,0,nonexistent,1.4,94.465,-41.8,4.865,5228.1,no
36,blue-collar,married,basic.6y,unknown,no,no,telephone,jun,mon,183,5,999,0,nonexistent,1.4,94.465,-41.8,4.865,5228.1,no
55,admin.,divorced,unknown,unknown,yes,no,telephone,jun,mon,49,1,999,0,nonexistent,1.4,94.465,-41.8,4.865,5228.1,no
29,blue-collar,married,basic.4y,no,yes,no,telephone,jun,mon,148,2,999,0,nonexistent,1.4,94.465,-41.8,4.865,5228.1,no
47,admin.,married,university.degree,no,no,no,telephone,jun,mon,121,4,999,0,nonexistent,1.4,94.465,-41.8,4.865,5228.1,no
45,technician,single,professional.course,no,no,no,telephone,jun,mon,180,1,999,0,nonexistent,1.4,94.465,-41.8,4.865,5228.1,no
25,blue-collar,married,basic.9y,unknown,yes,no,telephone,jun,mon,283,5,999,0,nonexistent,1.4,94.465,-41.8,4.865,5228.1,no
41,services,divorced,basic.9y,no,yes,no,telephone,jun,mon,312,1,999,0,nonexistent,1.4,94.465,-41.8,4.865,5228.1,no
51,technician,married,professional.course,no,no,yes,telephone,jun,mon,147,1,999,0,nonexistent,1.4,94.465,-41.8,4.865,5228.1,no
41,technician,single,university.degree,unknown,yes,no,telephone,jun,mon,178,4,999,0,nonexistent,1.4,94.465,-41.8,4.865,5228.1,no
40,blue-collar,married,basic.9y,no,yes,no,telephone,jun,mon,154,2,999,0,nonexistent,1.4,94.465,-41.8,4.865,5228.1,no
28,admin.,single,university.degree,no,no,no,telephone,jun,mon,362,2,999,0,nonexistent,1.4,94.465,-41.8,4.865,5228.1,no
27,admin.,married,basic.9y,no,yes,no,telephone,jun,mon,72,3,999,0,nonexistent,1.4,94.465,-41.8,4.865,5228.1,no
25,admin.,married,university.degree,no,no,no,telephone,jun,mon,121,4,999,0,nonexistent,1.4,94.465,-41.8,4.865,5228.1,no
45,admin.,married,unknown,no,yes,no,telephone,jun,mon,1068,1,999,0,nonexistent,1.4,94.465,-41.8,4.865,5228.1,yes
49,blue-collar,married,basic.9y,unknown,yes,no,telephone,jun,mon,210,2,999,0,nonexistent,1.4,94.465,-41.8,4.865,5228.1,no
53,management,divorced,university.degree,no,no,no,telephone,jun,mon,306,4,999,0,nonexistent,1.4,94.465,-41.8,4.865,5228.1,no
31,blue-collar,married,basic.9y,no,yes,no,telephone,jun,mon,94,4,999,0,nonexistent,1.4,94.465,-41.8,4.865,5228.1,no
39,admin.,single,university.degree,unknown,no,no,telephone,jun,mon,658,2,999,0,nonexistent,1.4,94.465,-41.8,4.865,5228.1,no
38,blue-collar,married,basic.9y,unknown,yes,no,telephone,jun,mon,493,3,999,0,nonexistent,1.4,94.465,-41.8,4.865,5228.1,no
54,admin.,married,high.school,unknown,yes,no,telephone,jun,mon,490,12,999,0,nonexistent,1.4,94.465,-41.8,4.865,5228.1,no
54,management,married,university.degree,unknown,no,yes,telephone,jun,mon,140,4,999,0,nonexistent,1.4,94.465,-41.8,4.865,5228.1,no
47,management,divorced,university.degree,no,no,yes,telephone,jun,mon,302,1,999,0,nonexistent,1.4,94.465,-41.8,4.865,5228.1,no
29,services,single,high.school,no,yes,yes,telephone,jun,mon,46,2,999,0,nonexistent,1.4,94.465,-41.8,4.865,5228.1,no
37,services,married,high.school,no,no,no,telephone,jun,mon,88,1,999,0,nonexistent,1.4,94.465,-41.8,4.865,5228.1,no
41,admin.,married,high.school,unknown,no,no,telephone,jun,mon,118,3,999,0,nonexistent,1.4,94.465,-41.8,4.865,5228.1,no
26,blue-collar,married,basic.9y,no,no,no,telephone,jun,mon,230,3,999,0,nonexistent,1.4,94.465,-41.8,4.865,5228.1,yes
25,self-employed,single,university.degree,no,no,no,telephone,jun,mon,426,3,999,0,nonexistent,1.4,94.465,-41.8,4.865,5228.1,no
40,entrepreneur,married,university.degree,unknown,yes,no,telephone,jun,mon,169,1,999,0,nonexistent,1.4,94.465,-41.8,4.865,5228.1,no
36,management,married,university.degree,no,no,no,telephone,jun,mon,221,7,999,0,nonexistent,1.4,94.465,-41.8,4.865,5228.1,no
38,admin.,married,high.school,no,yes,no,telephone,jun,mon,169,1,999,0,nonexistent,1.4,94.465,-41.8,4.865,5228.1,no
28,blue-collar,single,high.school,no,yes,no,telephone,jun,mon,102,2,999,0,nonexistent,1.4,94.465,-41.8,4.865,5228.1,no
44,blue-collar,married,basic.9y,unknown,yes,no,telephone,jun,mon,147,1,999,0,nonexistent,1.4,94.465,-41.8,4.865,5228.1,no
39,admin.,married,university.degree,no,no,no,telephone,jun,mon,105,11,999,0,nonexistent,1.4,94.465,-41.8,4.865,5228.1,no
33,self-employed,single,university.degree,no,yes,no,telephone,jun,mon,171,2,999,0,nonexistent,1.4,94.465,-41.8,4.865,5228.1,no
49,unknown,married,unknown,unknown,yes,no,telephone,jun,mon,498,1,999,0,nonexistent,1.4,94.465,-41.8,4.865,5228.1,no
36,blue-collar,single,basic.4y,no,yes,no,telephone,jun,mon,50,2,999,0,nonexistent,1.4,94.465,-41.8,4.865,5228.1,no
39,self-employed,married,university.degree,no,yes,yes,telephone,jun,mon,31,3,999,0,nonexistent,1.4,94.465,-41.8,4.865,5228.1,no
55,blue-collar,married,basic.4y,unknown,yes,yes,telephone,jun,mon,266,2,999,0,nonexistent,1.4,94.465,-41.8,4.865,5228.1,no
48,blue-collar,divorced,basic.4y,unknown,yes,no,telephone,jun,mon,163,2,999,0,nonexistent,1.4,94.465,-41.8,4.865,5228.1,no
33,admin.,single,university.degree,no,yes,yes,telephone,jun,mon,304,2,999,0,nonexistent,1.4,94.465,-41.8,4.865,5228.1,no
28,admin.,married,university.degree,no,no,no,telephone,jun,mon,249,2,999,0,nonexistent,1.4,94.465,-41.8,4.865,5228.1,no
37,admin.,married,university.degree,no,no,no,telephone,jun,mon,85,8,999,0,nonexistent,1.4,94.465,-41.8,4.865,5228.1,no
45,technician,married,university.degree,no,no,no,telephone,jun,mon,79,3,999,0,nonexistent,1.4,94.465,-41.8,4.865,5228.1,no
43,technician,single,professional.course,no,yes,no,telephone,jun,mon,70,3,999,0,nonexistent,1.4,94.465,-41.8,4.865,5228.1,no
30,blue-collar,married,professional.course,no,no,no,telephone,jun,mon,758,3,999,0,nonexistent,1.4,94.465,-41.8,4.865,5228.1,no
34,services,divorced,professional.course,unknown,no,no,telephone,jun,mon,466,2,999,0,nonexistent,1.4,94.465,-41.8,4.865,5228.1,no
35,admin.,single,university.degree,no,yes,no,telephone,jun,mon,87,2,999,0,nonexistent,1.4,94.465,-41.8,4.865,5228.1,no
33,admin.,married,high.school,no,yes,no,telephone,jun,mon,966,3,999,0,nonexistent,1.4,94.465,-41.8,4.865,5228.1,no
37,blue-collar,married,basic.9y,no,no,no,telephone,jun,mon,430,2,999,0,nonexistent,1.4,94.465,-41.8,4.865,5228.1,no
49,technician,married,professional.course,no,no,no,telephone,jun,mon,147,1,999,0,nonexistent,1.4,94.465,-41.8,4.865,5228.1,no
39,blue-collar,married,basic.9y,no,no,no,telephone,jun,mon,131,2,999,0,nonexistent,1.4,94.465,-41.8,4.865,5228.1,no
45,admin.,married,university.degree,no,no,no,telephone,jun,mon,281,4,999,0,nonexistent,1.4,94.465,-41.8,4.865,5228.1,no
40,services,divorced,high.school,no,no,no,telephone,jun,mon,158,1,999,0,nonexistent,1.4,94.465,-41.8,4.865,5228.1,no
52,admin.,divorced,university.degree,no,no,no,telephone,jun,mon,201,3,999,0,nonexistent,1.4,94.465,-41.8,4.865,5228.1,no
41,admin.,married,high.school,no,no,no,telephone,jun,mon,56,3,999,0,nonexistent,1.4,94.465,-41.8,4.865,5228.1,no
43,admin.,married,high.school,unknown,yes,no,telephone,jun,mon,91,3,999,0,nonexistent,1.4,94.465,-41.8,4.865,5228.1,no
45,admin.,married,high.school,no,yes,no,telephone,jun,mon,221,2,999,0,nonexistent,1.4,94.465,-41.8,4.865,5228.1,no
33,blue-collar,single,basic.9y,unknown,yes,no,telephone,jun,mon,71,4,999,0,nonexistent,1.4,94.465,-41.8,4.865,5228.1,no
55,blue-collar,married,basic.4y,unknown,no,no,telephone,jun,mon,184,3,999,0,nonexistent,1.4,94.465,-41.8,4.865,5228.1,no
42,services,married,high.school,no,no,no,telephone,jun,mon,276,2,999,0,nonexistent,1.4,94.465,-41.8,4.865,5228.1,no
44,blue-collar,married,basic.6y,unknown,yes,no,telephone,jun,mon,41,5,999,0,nonexistent,1.4,94.465,-41.8,4.865,5228.1,no
36,services,married,high.school,unknown,no,no,telephone,jun,mon,145,2,999,0,nonexistent,1.4,94.465,-41.8,4.865,5228.1,no
41,blue-collar,married,unknown,no,no,no,telephone,jun,mon,424,2,999,0,nonexistent,1.4,94.465,-41.8,4.865,5228.1,no
35,unknown,married,basic.9y,no,no,no,telephone,jun,mon,612,2,999,0,nonexistent,1.4,94.465,-41.8,4.865,5228.1,no
58,admin.,divorced,university.degree,no,yes,no,telephone,jun,mon,282,7,999,0,nonexistent,1.4,94.465,-41.8,4.865,5228.1,no
58,retired,married,basic.9y,no,yes,no,telephone,jun,mon,198,1,999,0,nonexistent,1.4,94.465,-41.8,4.865,5228.1,no
32,admin.,married,university.degree,no,yes,no,telephone,jun,mon,102,2,999,0,nonexistent,1.4,94.465,-41.8,4.865,5228.1,no
33,technician,married,high.school,no,no,yes,telephone,jun,mon,60,9,999,0,nonexistent,1.4,94.465,-41.8,4.865,5228.1,no
56,management,divorced,university.degree,no,no,no,telephone,jun,mon,252,4,999,0,nonexistent,1.4,94.465,-41.8,4.865,5228.1,no
55,technician,married,professional.course,no,yes,no,telephone,jun,mon,555,5,999,0,nonexistent,1.4,94.465,-41.8,4.865,5228.1,yes
54,retired,divorced,basic.4y,no,no,no,telephone,jun,mon,157,3,999,0,nonexistent,1.4,94.465,-41.8,4.865,5228.1,no
42,admin.,married,high.school,no,no,yes,telephone,jun,mon,218,2,999,0,nonexistent,1.4,94.465,-41.8,4.865,5228.1,no
47,services,married,high.school,no,no,no,telephone,jun,mon,548,8,999,0,nonexistent,1.4,94.465,-41.8,4.865,5228.1,no
27,blue-collar,married,basic.9y,no,no,no,telephone,jun,mon,176,4,999,0,nonexistent,1.4,94.465,-41.8,4.865,5228.1,no
33,admin.,single,university.degree,no,no,no,telephone,jun,mon,335,2,999,0,nonexistent,1.4,94.465,-41.8,4.865,5228.1,no
34,technician,married,professional.course,no,yes,no,telephone,jun,mon,142,2,999,0,nonexistent,1.4,94.465,-41.8,4.865,5228.1,no
51,services,married,high.school,no,no,yes,telephone,jun,mon,267,1,999,0,nonexistent,1.4,94.465,-41.8,4.865,5228.1,no
30,management,single,university.degree,no,no,no,telephone,jun,mon,86,1,999,0,nonexistent,1.4,94.465,-41.8,4.865,5228.1,no
31,management,married,high.school,no,yes,no,telephone,jun,mon,322,5,999,0,nonexistent,1.4,94.465,-41.8,4.865,5228.1,no
33,admin.,married,high.school,no,yes,no,telephone,jun,mon,111,3,999,0,nonexistent,1.4,94.465,-41.8,4.865,5228.1,no
47,housemaid,married,basic.4y,no,yes,yes,telephone,jun,mon,106,2,999,0,nonexistent,1.4,94.465,-41.8,4.865,5228.1,no
35,blue-collar,single,unknown,no,no,no,telephone,jun,mon,136,1,999,0,nonexistent,1.4,94.465,-41.8,4.865,5228.1,no
45,admin.,divorced,university.degree,unknown,no,no,telephone,jun,mon,71,1,999,0,nonexistent,1.4,94.465,-41.8,4.865,5228.1,no
32,services,married,high.school,no,yes,no,telephone,jun,mon,29,32,999,0,nonexistent,1.4,94.465,-41.8,4.865,5228.1,no
53,blue-collar,married,basic.4y,unknown,yes,no,telephone,jun,mon,518,1,999,0,nonexistent,1.4,94.465,-41.8,4.865,5228.1,no
47,entrepreneur,single,university.degree,unknown,yes,no,telephone,jun,mon,42,1,999,0,nonexistent,1.4,94.465,-41.8,4.865,5228.1,no
52,blue-collar,married,basic.4y,no,yes,no,telephone,jun,mon,140,3,999,0,nonexistent,1.4,94.465,-41.8,4.865,5228.1,no
38,blue-collar,married,basic.6y,no,no,no,telephone,jun,mon,144,2,999,0,nonexistent,1.4,94.465,-41.8,4.865,5228.1,no
37,admin.,divorced,basic.9y,unknown,yes,no,telephone,jun,mon,303,2,999,0,nonexistent,1.4,94.465,-41.8,4.865,5228.1,no
36,housemaid,married,high.school,no,yes,no,telephone,jun,mon,171,1,999,0,nonexistent,1.4,94.465,-41.8,4.865,5228.1,no
28,blue-collar,married,basic.9y,no,yes,yes,telephone,jun,mon,288,1,999,0,nonexistent,1.4,94.465,-41.8,4.865,5228.1,no
44,blue-collar,divorced,unknown,no,no,yes,telephone,jun,mon,73,3,999,0,nonexistent,1.4,94.465,-41.8,4.865,5228.1,no
34,admin.,married,university.degree,no,no,no,telephone,jun,mon,230,4,999,0,nonexistent,1.4,94.465,-41.8,4.865,5228.1,no
33,blue-collar,married,basic.6y,no,yes,no,telephone,jun,mon,685,5,999,0,nonexistent,1.4,94.465,-41.8,4.865,5228.1,no
30,technician,married,professional.course,no,yes,yes,telephone,jun,mon,82,1,999,0,nonexistent,1.4,94.465,-41.8,4.865,5228.1,no
41,blue-collar,married,basic.9y,no,no,no,telephone,jun,mon,345,3,999,0,nonexistent,1.4,94.465,-41.8,4.865,5228.1,no
57,blue-collar,married,basic.4y,unknown,yes,no,telephone,jun,mon,75,5,999,0,nonexistent,1.4,94.465,-41.8,4.865,5228.1,no
60,retired,married,basic.4y,unknown,no,no,telephone,jun,mon,223,2,999,0,nonexistent,1.4,94.465,-41.8,4.865,5228.1,no
34,blue-collar,married,basic.6y,unknown,no,no,telephone,jun,mon,479,3,999,0,nonexistent,1.4,94.465,-41.8,4.865,5228.1,no
39,management,married,basic.6y,unknown,no,no,telephone,jun,mon,156,5,999,0,nonexistent,1.4,94.465,-41.8,4.865,5228.1,no
36,admin.,married,university.degree,no,yes,no,telephone,jun,mon,80,3,999,0,nonexistent,1.4,94.465,-41.8,4.865,5228.1,no
48,technician,divorced,professional.course,no,no,no,telephone,jun,mon,204,5,999,0,nonexistent,1.4,94.465,-41.8,4.865,5228.1,no
44,technician,married,high.school,no,no,no,telephone,jun,mon,360,3,999,0,nonexistent,1.4,94.465,-41.8,4.865,5228.1,no
34,technician,married,professional.course,no,yes,yes,telephone,jun,mon,126,1,999,0,nonexistent,1.4,94.465,-41.8,4.865,5228.1,no
42,technician,married,university.degree,no,yes,no,telephone,jun,mon,148,4,999,0,nonexistent,1.4,94.465,-41.8,4.865,5228.1,no
28,admin.,married,high.school,no,yes,no,telephone,jun,mon,267,10,999,0,nonexistent,1.4,94.465,-41.8,4.865,5228.1,no
30,technician,married,professional.course,no,yes,no,telephone,jun,mon,290,1,999,0,nonexistent,1.4,94.465,-41.8,4.865,5228.1,no
40,admin.,single,high.school,no,yes,no,telephone,jun,mon,136,4,999,0,nonexistent,1.4,94.465,-41.8,4.865,5228.1,no
38,technician,single,university.degree,no,no,no,telephone,jun,mon,127,6,999,0,nonexistent,1.4,94.465,-41.8,4.865,5228.1,no
52,technician,divorced,professional.course,unknown,yes,no,telephone,jun,mon,56,8,999,0,nonexistent,1.4,94.465,-41.8,4.865,5228.1,no
52,blue-collar,married,high.school,unknown,no,no,telephone,jun,mon,777,4,999,0,nonexistent,1.4,94.465,-41.8,4.865,5228.1,yes
36,admin.,single,high.school,no,yes,no,telephone,jun,mon,32,2,999,0,nonexistent,1.4,94.465,-41.8,4.865,5228.1,no
27,blue-collar,married,basic.6y,unknown,yes,no,telephone,jun,mon,235,1,999,0,nonexistent,1.4,94.465,-41.8,4.865,5228.1,no
53,services,divorced,basic.4y,unknown,no,no,telephone,jun,mon,91,1,999,0,nonexistent,1.4,94.465,-41.8,4.865,5228.1,no
38,admin.,single,university.degree,unknown,no,no,telephone,jun,mon,198,1,999,0,nonexistent,1.4,94.465,-41.8,4.865,5228.1,no
39,technician,married,professional.course,no,no,no,telephone,jun,mon,164,2,999,0,nonexistent,1.4,94.465,-41.8,4.865,5228.1,no
35,admin.,married,high.school,no,yes,yes,telephone,jun,mon,92,3,999,0,nonexistent,1.4,94.465,-41.8,4.865,5228.1,no
39,admin.,married,university.degree,no,no,no,telephone,jun,mon,178,1,999,0,nonexistent,1.4,94.465,-41.8,4.865,5228.1,no
41,blue-collar,single,basic.4y,no,no,no,telephone,jun,mon,532,2,999,0,nonexistent,1.4,94.465,-41.8,4.865,5228.1,no
50,retired,married,basic.4y,no,yes,no,telephone,jun,mon,35,6,999,0,nonexistent,1.4,94.465,-41.8,4.865,5228.1,no
32,entrepreneur,single,professional.course,no,no,no,telephone,jun,mon,20,20,999,0,nonexistent,1.4,94.465,-41.8,4.865,5228.1,no
31,blue-collar,married,basic.6y,no,no,yes,telephone,jun,mon,154,2,999,0,nonexistent,1.4,94.465,-41.8,4.865,5228.1,no
29,entrepreneur,married,professional.course,no,yes,no,telephone,jun,mon,930,1,999,0,nonexistent,1.4,94.465,-41.8,4.865,5228.1,no
44,unemployed,married,professional.course,no,no,no,telephone,jun,mon,392,3,999,0,nonexistent,1.4,94.465,-41.8,4.865,5228.1,no
41,blue-collar,married,basic.4y,unknown,no,no,telephone,jun,mon,213,2,999,0,nonexistent,1.4,94.465,-41.8,4.865,5228.1,no
30,housemaid,married,high.school,unknown,yes,yes,telephone,jun,mon,18,1,999,0,nonexistent,1.4,94.465,-41.8,4.865,5228.1,no
33,services,married,high.school,unknown,yes,no,telephone,jun,mon,393,3,999,0,nonexistent,1.4,94.465,-41.8,4.865,5228.1,no
56,services,married,basic.4y,unknown,no,no,telephone,jun,mon,746,2,999,0,nonexistent,1.4,94.465,-41.8,4.865,5228.1,no
49,blue-collar,married,basic.4y,unknown,no,no,telephone,jun,mon,174,2,999,0,nonexistent,1.4,94.465,-41.8,4.865,5228.1,no
40,admin.,single,high.school,unknown,yes,no,telephone,jun,mon,142,3,999,0,nonexistent,1.4,94.465,-41.8,4.865,5228.1,no
51,services,married,high.school,unknown,yes,no,telephone,jun,mon,229,8,999,0,nonexistent,1.4,94.465,-41.8,4.865,5228.1,no
48,blue-collar,married,basic.6y,no,yes,no,telephone,jun,mon,261,8,999,0,nonexistent,1.4,94.465,-41.8,4.865,5228.1,no
34,blue-collar,married,basic.9y,no,no,no,telephone,jun,mon,227,15,999,0,nonexistent,1.4,94.465,-41.8,4.865,5228.1,no
36,admin.,married,university.degree,no,yes,no,telephone,jun,mon,115,2,999,0,nonexistent,1.4,94.465,-41.8,4.865,5228.1,no
43,services,married,high.school,unknown,no,no,telephone,jun,mon,178,2,999,0,nonexistent,1.4,94.465,-41.8,4.865,5228.1,no
56,entrepreneur,married,unknown,unknown,no,no,telephone,jun,mon,41,2,999,0,nonexistent,1.4,94.465,-41.8,4.865,5228.1,no
39,housemaid,divorced,basic.9y,no,yes,no,telephone,jun,mon,154,2,999,0,nonexistent,1.4,94.465,-41.8,4.865,5228.1,no
43,technician,single,university.degree,no,yes,no,telephone,jun,mon,100,4,999,0,nonexistent,1.4,94.465,-41.8,4.865,5228.1,no
39,admin.,married,university.degree,no,no,no,telephone,jun,mon,61,7,999,0,nonexistent,1.4,94.465,-41.8,4.865,5228.1,no
59,management,married,basic.6y,unknown,yes,no,telephone,jun,mon,181,16,999,0,nonexistent,1.4,94.465,-41.8,4.865,5228.1,no
50,admin.,married,high.school,no,no,no,telephone,jun,mon,205,2,999,0,nonexistent,1.4,94.465,-41.8,4.865,5228.1,no
24,services,single,high.school,no,yes,no,telephone,jun,mon,468,8,999,0,nonexistent,1.4,94.465,-41.8,4.865,5228.1,no
41,technician,married,professional.course,unknown,yes,no,telephone,jun,mon,442,11,999,0,nonexistent,1.4,94.465,-41.8,4.865,5228.1,no
34,blue-collar,married,basic.6y,no,no,yes,telephone,jun,mon,1576,3,999,0,nonexistent,1.4,94.465,-41.8,4.865,5228.1,no
48,unemployed,single,basic.4y,no,yes,no,telephone,jun,mon,83,6,999,0,nonexistent,1.4,94.465,-41.8,4.865,5228.1,no
35,admin.,married,university.degree,unknown,yes,no,telephone,jun,mon,134,3,999,0,nonexistent,1.4,94.465,-41.8,4.865,5228.1,no
54,entrepreneur,divorced,university.degree,no,yes,yes,telephone,jun,mon,28,8,999,0,nonexistent,1.4,94.465,-41.8,4.865,5228.1,no
31,services,married,basic.6y,no,no,no,telephone,jun,mon,92,5,999,0,nonexistent,1.4,94.465,-41.8,4.865,5228.1,no
42,services,married,high.school,no,no,no,telephone,jun,mon,217,4,999,0,nonexistent,1.4,94.465,-41.8,4.865,5228.1,no
45,blue-collar,married,basic.6y,no,yes,no,telephone,jun,mon,134,8,999,0,nonexistent,1.4,94.465,-41.8,4.865,5228.1,no
24,services,single,basic.9y,unknown,no,yes,telephone,jun,mon,222,2,999,0,nonexistent,1.4,94.465,-41.8,4.865,5228.1,no
37,management,married,university.degree,unknown,no,yes,telephone,jun,mon,179,7,999,0,nonexistent,1.4,94.465,-41.8,4.865,5228.1,no
57,housemaid,married,professional.course,no,no,yes,telephone,jun,mon,110,3,999,0,nonexistent,1.4,94.465,-41.8,4.865,5228.1,no
35,student,single,university.degree,unknown,yes,yes,telephone,jun,mon,444,2,999,0,nonexistent,1.4,94.465,-41.8,4.865,5228.1,yes
41,admin.,married,high.school,no,unknown,unknown,telephone,jun,mon,548,2,999,0,nonexistent,1.4,94.465,-41.8,4.865,5228.1,no
33,unemployed,single,university.degree,no,no,yes,telephone,jun,mon,16,13,999,0,nonexistent,1.4,94.465,-41.8,4.865,5228.1,no
42,blue-collar,married,basic.9y,unknown,no,no,telephone,jun,mon,213,3,999,0,nonexistent,1.4,94.465,-41.8,4.865,5228.1,no
35,technician,single,professional.course,no,yes,yes,telephone,jun,mon,402,9,999,0,nonexistent,1.4,94.465,-41.8,4.865,5228.1,no
44,technician,married,professional.course,unknown,no,no,telephone,jun,mon,312,3,999,0,nonexistent,1.4,94.465,-41.8,4.865,5228.1,no
36,blue-collar,married,basic.9y,unknown,no,yes,telephone,jun,mon,280,2,999,0,nonexistent,1.4,94.465,-41.8,4.865,5228.1,no
57,blue-collar,divorced,basic.4y,no,no,no,telephone,jun,mon,716,4,999,0,nonexistent,1.4,94.465,-41.8,4.865,5228.1,no
41,management,divorced,university.degree,no,no,no,telephone,jun,mon,43,12,999,0,nonexistent,1.4,94.465,-41.8,4.865,5228.1,no
41,blue-collar,divorced,professional.course,no,no,no,telephone,jun,mon,39,10,999,0,nonexistent,1.4,94.465,-41.8,4.865,5228.1,no
36,technician,divorced,professional.course,unknown,no,no,telephone,jun,mon,90,4,999,0,nonexistent,1.4,94.465,-41.8,4.865,5228.1,no
38,student,single,university.degree,no,no,no,telephone,jun,mon,194,4,999,0,nonexistent,1.4,94.465,-41.8,4.865,5228.1,no
48,blue-collar,married,basic.4y,no,no,no,telephone,jun,mon,984,4,999,0,nonexistent,1.4,94.465,-41.8,4.865,5228.1,no
48,blue-collar,married,basic.4y,unknown,yes,no,telephone,jun,mon,153,9,999,0,nonexistent,1.4,94.465,-41.8,4.865,5228.1,no
33,admin.,married,university.degree,no,yes,no,telephone,jun,mon,20,8,999,0,nonexistent,1.4,94.465,-41.8,4.865,5228.1,no
59,retired,divorced,university.degree,no,no,no,telephone,jun,mon,605,6,999,0,nonexistent,1.4,94.465,-41.8,4.865,5228.1,yes
57,management,married,basic.9y,unknown,yes,no,telephone,jun,mon,30,4,999,0,nonexistent,1.4,94.465,-41.8,4.865,5228.1,no
33,services,married,high.school,no,no,no,telephone,jun,mon,94,14,999,0,nonexistent,1.4,94.465,-41.8,4.865,5228.1,no
39,entrepreneur,married,high.school,no,no,no,telephone,jun,mon,232,3,999,0,nonexistent,1.4,94.465,-41.8,4.865,5228.1,no
39,technician,single,professional.course,unknown,no,no,telephone,jun,mon,432,4,999,0,nonexistent,1.4,94.465,-41.8,4.865,5228.1,yes
28,services,married,high.school,no,no,no,telephone,jun,tue,152,6,999,0,nonexistent,1.4,94.465,-41.8,4.864,5228.1,no
60,unknown,married,basic.6y,unknown,no,no,telephone,jun,tue,104,7,999,0,nonexistent,1.4,94.465,-41.8,4.864,5228.1,no
44,blue-collar,married,basic.9y,unknown,no,no,telephone,jun,tue,154,5,999,0,nonexistent,1.4,94.465,-41.8,4.864,5228.1,no
36,services,single,basic.9y,no,no,no,telephone,jun,tue,70,10,999,0,nonexistent,1.4,94.465,-41.8,4.864,5228.1,no
26,admin.,married,high.school,no,no,no,telephone,jun,tue,48,2,999,0,nonexistent,1.4,94.465,-41.8,4.864,5228.1,no
40,admin.,married,high.school,no,no,no,telephone,jun,tue,201,3,999,0,nonexistent,1.4,94.465,-41.8,4.864,5228.1,no
48,blue-collar,married,basic.4y,unknown,no,no,telephone,jun,tue,182,5,999,0,nonexistent,1.4,94.465,-41.8,4.864,5228.1,no
40,blue-collar,married,basic.9y,unknown,yes,no,telephone,jun,tue,150,3,999,0,nonexistent,1.4,94.465,-41.8,4.864,5228.1,no
43,blue-collar,single,professional.course,no,yes,no,telephone,jun,tue,209,2,999,0,nonexistent,1.4,94.465,-41.8,4.864,5228.1,no
49,services,married,high.school,unknown,yes,no,telephone,jun,tue,86,5,999,0,nonexistent,1.4,94.465,-41.8,4.864,5228.1,no
32,technician,married,professional.course,no,yes,no,telephone,jun,tue,67,10,999,0,nonexistent,1.4,94.465,-41.8,4.864,5228.1,no
56,management,married,basic.4y,unknown,yes,no,telephone,jun,tue,197,5,999,0,nonexistent,1.4,94.465,-41.8,4.864,5228.1,no
48,housemaid,married,high.school,no,no,no,telephone,jun,tue,87,1,999,0,nonexistent,1.4,94.465,-41.8,4.864,5228.1,no
44,entrepreneur,married,basic.6y,unknown,no,yes,telephone,jun,tue,75,4,999,0,nonexistent,1.4,94.465,-41.8,4.864,5228.1,no
57,blue-collar,married,basic.9y,no,yes,no,telephone,jun,tue,450,3,999,0,nonexistent,1.4,94.465,-41.8,4.864,5228.1,no
30,technician,single,university.degree,no,no,no,telephone,jun,tue,174,1,999,0,nonexistent,1.4,94.465,-41.8,4.864,5228.1,no
34,blue-collar,married,basic.6y,unknown,no,no,telephone,jun,tue,180,1,999,0,nonexistent,1.4,94.465,-41.8,4.864,5228.1,no
34,technician,married,university.degree,no,no,no,telephone,jun,tue,20,8,999,0,nonexistent,1.4,94.465,-41.8,4.864,5228.1,no
46,unemployed,married,basic.6y,unknown,yes,no,telephone,jun,tue,179,1,999,0,nonexistent,1.4,94.465,-41.8,4.864,5228.1,no
32,services,married,high.school,no,yes,no,telephone,jun,tue,73,1,999,0,nonexistent,1.4,94.465,-41.8,4.864,5228.1,no
48,admin.,married,professional.course,unknown,no,no,telephone,jun,tue,55,1,999,0,nonexistent,1.4,94.465,-41.8,4.864,5228.1,no
46,blue-collar,married,basic.9y,unknown,no,no,telephone,jun,tue,222,1,999,0,nonexistent,1.4,94.465,-41.8,4.864,5228.1,no
38,technician,single,university.degree,no,yes,no,telephone,jun,tue,267,1,999,0,nonexistent,1.4,94.465,-41.8,4.864,5228.1,no
43,entrepreneur,married,basic.4y,no,yes,no,telephone,jun,tue,69,2,999,0,nonexistent,1.4,94.465,-41.8,4.864,5228.1,no
41,management,married,unknown,unknown,no,no,telephone,jun,tue,200,4,999,0,nonexistent,1.4,94.465,-41.8,4.864,5228.1,no
36,services,single,basic.6y,unknown,no,no,telephone,jun,tue,63,1,999,0,nonexistent,1.4,94.465,-41.8,4.864,5228.1,no
52,blue-collar,married,basic.9y,no,no,no,telephone,jun,tue,542,1,999,0,nonexistent,1.4,94.465,-41.8,4.864,5228.1,no
46,blue-collar,married,basic.9y,no,no,no,telephone,jun,tue,207,1,999,0,nonexistent,1.4,94.465,-41.8,4.864,5228.1,no
55,blue-collar,divorced,basic.4y,unknown,no,yes,telephone,jun,tue,115,3,999,0,nonexistent,1.4,94.465,-41.8,4.864,5228.1,no
44,blue-collar,single,basic.4y,no,yes,no,telephone,jun,tue,159,1,999,0,nonexistent,1.4,94.465,-41.8,4.864,5228.1,no
24,services,single,high.school,no,yes,no,telephone,jun,tue,117,1,999,0,nonexistent,1.4,94.465,-41.8,4.864,5228.1,no
58,retired,married,basic.4y,no,yes,no,telephone,jun,tue,159,4,999,0,nonexistent,1.4,94.465,-41.8,4.864,5228.1,no
41,unemployed,married,university.degree,unknown,no,no,telephone,jun,tue,238,2,999,0,nonexistent,1.4,94.465,-41.8,4.864,5228.1,no
29,management,single,university.degree,no,no,no,telephone,jun,tue,161,1,999,0,nonexistent,1.4,94.465,-41.8,4.864,5228.1,no
26,technician,single,university.degree,no,no,no,telephone,jun,tue,1173,3,999,0,nonexistent,1.4,94.465,-41.8,4.864,5228.1,yes
32,management,married,high.school,no,no,no,telephone,jun,tue,206,1,999,0,nonexistent,1.4,94.465,-41.8,4.864,5228.1,no
45,blue-collar,divorced,basic.9y,no,yes,no,telephone,jun,tue,250,1,999,0,nonexistent,1.4,94.465,-41.8,4.864,5228.1,no
33,technician,married,professional.course,no,no,yes,telephone,jun,tue,46,1,999,0,nonexistent,1.4,94.465,-41.8,4.864,5228.1,no
36,blue-collar,single,high.school,no,no,no,telephone,jun,tue,275,1,999,0,nonexistent,1.4,94.465,-41.8,4.864,5228.1,no
35,blue-collar,married,unknown,no,no,no,telephone,jun,tue,26,7,999,0,nonexistent,1.4,94.465,-41.8,4.864,5228.1,no
41,blue-collar,married,basic.6y,no,unknown,unknown,telephone,jun,tue,202,1,999,0,nonexistent,1.4,94.465,-41.8,4.864,5228.1,no
37,blue-collar,married,basic.6y,unknown,no,no,telephone,jun,tue,50,4,999,0,nonexistent,1.4,94.465,-41.8,4.864,5228.1,no
39,housemaid,married,basic.9y,no,no,no,telephone,jun,tue,236,2,999,0,nonexistent,1.4,94.465,-41.8,4.864,5228.1,no
33,technician,married,university.degree,unknown,yes,no,telephone,jun,tue,272,1,999,0,nonexistent,1.4,94.465,-41.8,4.864,5228.1,no
47,blue-collar,married,basic.4y,unknown,no,no,telephone,jun,tue,384,5,999,0,nonexistent,1.4,94.465,-41.8,4.864,5228.1,no
33,admin.,married,high.school,no,yes,no,telephone,jun,tue,361,1,999,0,nonexistent,1.4,94.465,-41.8,4.864,5228.1,no
40,blue-collar,married,basic.6y,unknown,yes,no,telephone,jun,tue,49,1,999,0,nonexistent,1.4,94.465,-41.8,4.864,5228.1,no
31,services,single,high.school,no,yes,no,telephone,jun,tue,953,1,999,0,nonexistent,1.4,94.465,-41.8,4.864,5228.1,no
34,admin.,married,university.degree,no,yes,no,telephone,jun,tue,148,2,999,0,nonexistent,1.4,94.465,-41.8,4.864,5228.1,no
39,blue-collar,married,basic.6y,no,yes,no,telephone,jun,tue,233,1,999,0,nonexistent,1.4,94.465,-41.8,4.864,5228.1,no
35,technician,married,university.degree,unknown,no,no,telephone,jun,tue,194,1,999,0,nonexistent,1.4,94.465,-41.8,4.864,5228.1,no
42,admin.,single,high.school,no,no,no,telephone,jun,tue,579,1,999,0,nonexistent,1.4,94.465,-41.8,4.864,5228.1,no
32,blue-collar,single,high.school,no,no,no,telephone,jun,tue,956,3,999,0,nonexistent,1.4,94.465,-41.8,4.864,5228.1,yes
48,admin.,married,high.school,no,no,yes,telephone,jun,tue,183,4,999,0,nonexistent,1.4,94.465,-41.8,4.864,5228.1,no
46,technician,married,professional.course,no,no,no,telephone,jun,tue,117,1,999,0,nonexistent,1.4,94.465,-41.8,4.864,5228.1,no
29,admin.,married,high.school,no,yes,no,telephone,jun,tue,186,1,999,0,nonexistent,1.4,94.465,-41.8,4.864,5228.1,no
38,student,single,university.degree,no,unknown,unknown,telephone,jun,tue,23,1,999,0,nonexistent,1.4,94.465,-41.8,4.864,5228.1,no
30,blue-collar,single,basic.4y,unknown,yes,no,telephone,jun,tue,256,1,999,0,nonexistent,1.4,94.465,-41.8,4.864,5228.1,no
38,unemployed,married,professional.course,no,no,no,telephone,jun,tue,68,1,999,0,nonexistent,1.4,94.465,-41.8,4.864,5228.1,no
50,self-employed,married,university.degree,no,yes,no,telephone,jun,tue,157,1,999,0,nonexistent,1.4,94.465,-41.8,4.864,5228.1,no
37,services,married,high.school,unknown,yes,no,telephone,jun,tue,132,1,999,0,nonexistent,1.4,94.465,-41.8,4.864,5228.1,no
30,blue-collar,married,basic.6y,no,no,no,telephone,jun,tue,131,1,999,0,nonexistent,1.4,94.465,-41.8,4.864,5228.1,no
52,management,divorced,university.degree,unknown,no,no,telephone,jun,tue,43,1,999,0,nonexistent,1.4,94.465,-41.8,4.864,5228.1,no
40,blue-collar,divorced,basic.9y,unknown,no,no,telephone,jun,tue,479,1,999,0,nonexistent,1.4,94.465,-41.8,4.864,5228.1,no
50,unknown,single,unknown,unknown,yes,no,telephone,jun,tue,363,1,999,0,nonexistent,1.4,94.465,-41.8,4.864,5228.1,no
36,entrepreneur,married,university.degree,no,yes,no,telephone,jun,tue,56,1,999,0,nonexistent,1.4,94.465,-41.8,4.864,5228.1,no
41,blue-collar,married,basic.9y,unknown,no,no,telephone,jun,tue,201,1,999,0,nonexistent,1.4,94.465,-41.8,4.864,5228.1,no
50,housemaid,single,unknown,no,no,yes,telephone,jun,tue,517,1,999,0,nonexistent,1.4,94.465,-41.8,4.864,5228.1,no
51,retired,divorced,university.degree,no,yes,yes,telephone,jun,tue,342,3,999,0,nonexistent,1.4,94.465,-41.8,4.864,5228.1,no
38,blue-collar,married,basic.4y,unknown,yes,no,telephone,jun,tue,119,2,999,0,nonexistent,1.4,94.465,-41.8,4.864,5228.1,no
55,management,married,university.degree,no,yes,no,telephone,jun,tue,22,1,999,0,nonexistent,1.4,94.465,-41.8,4.864,5228.1,no
58,technician,married,professional.course,no,yes,yes,telephone,jun,tue,150,1,999,0,nonexistent,1.4,94.465,-41.8,4.864,5228.1,no
41,blue-collar,married,basic.4y,no,no,yes,telephone,jun,tue,110,1,999,0,nonexistent,1.4,94.465,-41.8,4.864,5228.1,no
31,management,single,university.degree,no,no,no,telephone,jun,tue,166,1,999,0,nonexistent,1.4,94.465,-41.8,4.864,5228.1,no
36,management,married,university.degree,unknown,no,no,telephone,jun,tue,65,13,999,0,nonexistent,1.4,94.465,-41.8,4.864,5228.1,no
34,blue-collar,married,basic.4y,no,no,no,telephone,jun,tue,404,13,999,0,nonexistent,1.4,94.465,-41.8,4.864,5228.1,no
33,blue-collar,single,basic.9y,unknown,yes,no,telephone,jun,tue,280,1,999,0,nonexistent,1.4,94.465,-41.8,4.864,5228.1,no
35,blue-collar,married,basic.9y,no,yes,no,telephone,jun,tue,170,3,999,0,nonexistent,1.4,94.465,-41.8,4.864,5228.1,no
49,technician,married,high.school,no,yes,no,telephone,jun,tue,80,1,999,0,nonexistent,1.4,94.465,-41.8,4.864,5228.1,no
58,retired,married,basic.4y,no,no,no,telephone,jun,tue,164,1,999,0,nonexistent,1.4,94.465,-41.8,4.864,5228.1,no
51,self-employed,married,university.degree,unknown,yes,no,telephone,jun,tue,34,1,999,0,nonexistent,1.4,94.465,-41.8,4.864,5228.1,no
38,blue-collar,married,basic.6y,unknown,yes,no,telephone,jun,tue,258,1,999,0,nonexistent,1.4,94.465,-41.8,4.864,5228.1,no
35,blue-collar,married,basic.9y,no,yes,no,telephone,jun,tue,126,4,999,0,nonexistent,1.4,94.465,-41.8,4.864,5228.1,no
49,technician,married,basic.6y,unknown,no,no,telephone,jun,tue,88,2,999,0,nonexistent,1.4,94.465,-41.8,4.864,5228.1,no
56,management,married,basic.9y,no,yes,no,telephone,jun,tue,941,3,999,0,nonexistent,1.4,94.465,-41.8,4.864,5228.1,yes
60,retired,divorced,basic.4y,unknown,yes,no,telephone,jun,tue,131,1,999,0,nonexistent,1.4,94.465,-41.8,4.864,5228.1,no
37,admin.,single,high.school,no,yes,no,telephone,jun,tue,384,1,999,0,nonexistent,1.4,94.465,-41.8,4.864,5228.1,no
31,blue-collar,single,high.school,no,yes,yes,telephone,jun,tue,440,1,999,0,nonexistent,1.4,94.465,-41.8,4.864,5228.1,no
44,admin.,single,university.degree,no,no,yes,telephone,jun,tue,143,1,999,0,nonexistent,1.4,94.465,-41.8,4.864,5228.1,no
38,admin.,single,university.degree,no,yes,no,telephone,jun,tue,284,1,999,0,nonexistent,1.4,94.465,-41.8,4.864,5228.1,no
40,blue-collar,married,basic.4y,unknown,yes,no,telephone,jun,tue,161,3,999,0,nonexistent,1.4,94.465,-41.8,4.864,5228.1,no
30,self-employed,married,professional.course,no,yes,no,telephone,jun,tue,123,4,999,0,nonexistent,1.4,94.465,-41.8,4.864,5228.1,no
50,blue-collar,married,basic.6y,unknown,yes,no,telephone,jun,tue,103,2,999,0,nonexistent,1.4,94.465,-41.8,4.864,5228.1,no
28,admin.,single,high.school,no,no,no,telephone,jun,tue,132,5,999,0,nonexistent,1.4,94.465,-41.8,4.864,5228.1,no
50,services,married,high.school,unknown,yes,no,telephone,jun,tue,235,1,999,0,nonexistent,1.4,94.465,-41.8,4.864,5228.1,no
48,management,married,university.degree,no,yes,yes,telephone,jun,tue,1025,7,999,0,nonexistent,1.4,94.465,-41.8,4.864,5228.1,yes
57,blue-collar,divorced,basic.9y,no,yes,no,telephone,jun,tue,45,2,999,0,nonexistent,1.4,94.465,-41.8,4.864,5228.1,no
56,entrepreneur,married,university.degree,no,no,no,telephone,jun,tue,21,3,999,0,nonexistent,1.4,94.465,-41.8,4.864,5228.1,no
56,entrepreneur,married,unknown,unknown,yes,no,telephone,jun,tue,536,1,999,0,nonexistent,1.4,94.465,-41.8,4.864,5228.1,no
49,blue-collar,married,basic.4y,unknown,yes,yes,telephone,jun,tue,131,5,999,0,nonexistent,1.4,94.465,-41.8,4.864,5228.1,no
52,blue-collar,married,basic.4y,unknown,yes,no,telephone,jun,tue,316,1,999,0,nonexistent,1.4,94.465,-41.8,4.864,5228.1,no
35,blue-collar,married,basic.4y,unknown,yes,no,telephone,jun,tue,192,2,999,0,nonexistent,1.4,94.465,-41.8,4.864,5228.1,no
50,blue-collar,divorced,basic.9y,no,yes,no,telephone,jun,tue,288,2,999,0,nonexistent,1.4,94.465,-41.8,4.864,5228.1,no
29,admin.,single,basic.9y,unknown,no,yes,telephone,jun,tue,569,2,999,0,nonexistent,1.4,94.465,-41.8,4.864,5228.1,no
31,blue-collar,married,basic.9y,no,yes,no,telephone,jun,tue,23,1,999,0,nonexistent,1.4,94.465,-41.8,4.864,5228.1,no
57,blue-collar,married,high.school,unknown,no,no,telephone,jun,tue,171,3,999,0,nonexistent,1.4,94.465,-41.8,4.864,5228.1,no
31,admin.,single,university.degree,no,yes,no,telephone,jun,tue,116,1,999,0,nonexistent,1.4,94.465,-41.8,4.864,5228.1,no
30,blue-collar,married,unknown,no,no,yes,telephone,jun,tue,118,2,999,0,nonexistent,1.4,94.465,-41.8,4.864,5228.1,no
43,blue-collar,married,basic.9y,no,no,yes,telephone,jun,tue,75,1,999,0,nonexistent,1.4,94.465,-41.8,4.864,5228.1,no
35,blue-collar,married,high.school,no,yes,no,telephone,jun,tue,54,1,999,0,nonexistent,1.4,94.465,-41.8,4.864,5228.1,no
38,admin.,married,basic.9y,no,no,yes,telephone,jun,tue,404,4,999,0,nonexistent,1.4,94.465,-41.8,4.864,5228.1,no
46,blue-collar,married,basic.6y,no,no,yes,telephone,jun,tue,179,2,999,0,nonexistent,1.4,94.465,-41.8,4.864,5228.1,no
39,admin.,married,university.degree,no,no,no,telephone,jun,tue,102,1,999,0,nonexistent,1.4,94.465,-41.8,4.864,5228.1,no
42,blue-collar,married,basic.4y,no,no,no,telephone,jun,tue,110,4,999,0,nonexistent,1.4,94.465,-41.8,4.864,5228.1,no
57,technician,married,professional.course,no,yes,no,telephone,jun,tue,194,2,999,0,nonexistent,1.4,94.465,-41.8,4.864,5228.1,no
38,admin.,single,university.degree,unknown,yes,no,telephone,jun,tue,992,1,999,0,nonexistent,1.4,94.465,-41.8,4.864,5228.1,yes
47,management,married,basic.4y,unknown,yes,no,telephone,jun,tue,100,3,999,0,nonexistent,1.4,94.465,-41.8,4.864,5228.1,no
37,management,married,university.degree,no,no,no,telephone,jun,tue,303,1,999,0,nonexistent,1.4,94.465,-41.8,4.864,5228.1,no
41,blue-collar,married,basic.6y,no,yes,no,telephone,jun,tue,732,2,999,0,nonexistent,1.4,94.465,-41.8,4.864,5228.1,yes
42,technician,married,university.degree,unknown,no,no,telephone,jun,tue,228,1,999,0,nonexistent,1.4,94.465,-41.8,4.864,5228.1,no
38,blue-collar,married,basic.6y,unknown,no,no,telephone,jun,tue,14,1,999,0,nonexistent,1.4,94.465,-41.8,4.864,5228.1,no
46,admin.,single,university.degree,unknown,no,no,telephone,jun,tue,193,1,999,0,nonexistent,1.4,94.465,-41.8,4.864,5228.1,no
31,blue-collar,single,basic.9y,unknown,yes,no,telephone,jun,tue,409,1,999,0,nonexistent,1.4,94.465,-41.8,4.864,5228.1,no
32,technician,married,professional.course,no,yes,no,telephone,jun,tue,220,2,999,0,nonexistent,1.4,94.465,-41.8,4.864,5228.1,no
46,unemployed,divorced,basic.9y,no,yes,no,telephone,jun,tue,231,2,999,0,nonexistent,1.4,94.465,-41.8,4.864,5228.1,no
59,entrepreneur,married,unknown,no,no,no,telephone,jun,tue,242,2,999,0,nonexistent,1.4,94.465,-41.8,4.864,5228.1,no
55,unknown,married,basic.4y,unknown,yes,no,telephone,jun,tue,216,2,999,0,nonexistent,1.4,94.465,-41.8,4.864,5228.1,no
53,self-employed,married,university.degree,no,yes,no,telephone,jun,tue,119,4,999,0,nonexistent,1.4,94.465,-41.8,4.864,5228.1,no
43,unemployed,married,professional.course,no,no,no,telephone,jun,tue,41,5,999,0,nonexistent,1.4,94.465,-41.8,4.864,5228.1,no
49,blue-collar,married,basic.4y,no,yes,yes,telephone,jun,tue,495,3,999,0,nonexistent,1.4,94.465,-41.8,4.864,5228.1,no
50,blue-collar,married,basic.9y,no,no,no,telephone,jun,tue,128,6,999,0,nonexistent,1.4,94.465,-41.8,4.864,5228.1,no
26,blue-collar,single,high.school,no,no,no,telephone,jun,tue,185,1,999,0,nonexistent,1.4,94.465,-41.8,4.864,5228.1,no
30,technician,single,university.degree,unknown,no,no,telephone,jun,tue,722,2,999,0,nonexistent,1.4,94.465,-41.8,4.864,5228.1,no
40,blue-collar,married,basic.9y,unknown,no,no,telephone,jun,tue,240,5,999,0,nonexistent,1.4,94.465,-41.8,4.864,5228.1,no
43,retired,married,basic.9y,unknown,no,no,telephone,jun,tue,455,1,999,0,nonexistent,1.4,94.465,-41.8,4.864,5228.1,no
53,admin.,married,high.school,no,no,no,telephone,jun,tue,138,2,999,0,nonexistent,1.4,94.465,-41.8,4.864,5228.1,no
25,admin.,married,university.degree,unknown,yes,no,telephone,jun,tue,361,3,999,0,nonexistent,1.4,94.465,-41.8,4.864,5228.1,no
48,admin.,divorced,university.degree,no,no,no,telephone,jun,tue,418,2,999,0,nonexistent,1.4,94.465,-41.8,4.864,5228.1,no
53,admin.,married,high.school,no,no,no,telephone,jun,tue,177,26,999,0,nonexistent,1.4,94.465,-41.8,4.864,5228.1,no
44,self-employed,married,basic.9y,no,yes,no,telephone,jun,tue,249,1,999,0,nonexistent,1.4,94.465,-41.8,4.864,5228.1,no
54,management,married,university.degree,no,no,no,telephone,jun,tue,84,15,999,0,nonexistent,1.4,94.465,-41.8,4.864,5228.1,no
30,blue-collar,married,basic.6y,no,no,no,telephone,jun,tue,338,1,999,0,nonexistent,1.4,94.465,-41.8,4.864,5228.1,no
32,admin.,married,university.degree,no,yes,yes,telephone,jun,tue,299,1,999,0,nonexistent,1.4,94.465,-41.8,4.864,5228.1,no
29,entrepreneur,married,high.school,unknown,yes,no,telephone,jun,tue,284,3,999,0,nonexistent,1.4,94.465,-41.8,4.864,5228.1,no
43,management,married,university.degree,no,yes,yes,telephone,jun,tue,435,3,999,0,nonexistent,1.4,94.465,-41.8,4.864,5228.1,no
36,services,married,high.school,unknown,yes,no,telephone,jun,tue,120,2,999,0,nonexistent,1.4,94.465,-41.8,4.864,5228.1,no
34,services,married,high.school,no,no,no,telephone,jun,tue,51,2,999,0,nonexistent,1.4,94.465,-41.8,4.864,5228.1,no
38,services,married,high.school,unknown,no,no,telephone,jun,tue,253,2,999,0,nonexistent,1.4,94.465,-41.8,4.864,5228.1,no
57,technician,divorced,unknown,no,yes,yes,telephone,jun,tue,237,2,999,0,nonexistent,1.4,94.465,-41.8,4.864,5228.1,no
41,blue-collar,married,basic.9y,unknown,no,no,telephone,jun,tue,110,2,999,0,nonexistent,1.4,94.465,-41.8,4.864,5228.1,no
49,blue-collar,married,basic.4y,no,no,no,telephone,jun,tue,188,5,999,0,nonexistent,1.4,94.465,-41.8,4.864,5228.1,no
35,technician,married,unknown,unknown,yes,no,telephone,jun,tue,320,1,999,0,nonexistent,1.4,94.465,-41.8,4.864,5228.1,no
31,services,married,high.school,unknown,yes,no,telephone,jun,tue,170,1,999,0,nonexistent,1.4,94.465,-41.8,4.864,5228.1,no
50,admin.,married,high.school,no,no,no,telephone,jun,tue,58,1,999,0,nonexistent,1.4,94.465,-41.8,4.864,5228.1,no
30,admin.,married,high.school,no,yes,no,telephone,jun,tue,615,1,999,0,nonexistent,1.4,94.465,-41.8,4.864,5228.1,no
50,blue-collar,married,basic.4y,unknown,no,yes,telephone,jun,tue,676,5,999,0,nonexistent,1.4,94.465,-41.8,4.864,5228.1,no
49,management,divorced,university.degree,unknown,yes,no,telephone,jun,tue,165,3,999,0,nonexistent,1.4,94.465,-41.8,4.864,5228.1,no
47,blue-collar,divorced,basic.9y,unknown,no,yes,telephone,jun,tue,258,2,999,0,nonexistent,1.4,94.465,-41.8,4.864,5228.1,no
43,admin.,divorced,high.school,no,no,no,telephone,jun,tue,319,1,999,0,nonexistent,1.4,94.465,-41.8,4.864,5228.1,no
29,admin.,divorced,professional.course,no,yes,no,telephone,jun,tue,860,1,999,0,nonexistent,1.4,94.465,-41.8,4.864,5228.1,no
31,housemaid,married,high.school,no,no,no,telephone,jun,tue,680,2,999,0,nonexistent,1.4,94.465,-41.8,4.864,5228.1,no
38,entrepreneur,married,basic.6y,no,no,yes,telephone,jun,tue,165,2,999,0,nonexistent,1.4,94.465,-41.8,4.864,5228.1,no
43,admin.,divorced,university.degree,no,no,no,telephone,jun,tue,356,2,999,0,nonexistent,1.4,94.465,-41.8,4.864,5228.1,no
29,admin.,single,high.school,no,yes,no,telephone,jun,tue,235,2,999,0,nonexistent,1.4,94.465,-41.8,4.864,5228.1,no
54,technician,married,university.degree,unknown,no,no,telephone,jun,tue,294,2,999,0,nonexistent,1.4,94.465,-41.8,4.864,5228.1,no
57,blue-collar,divorced,basic.9y,no,yes,no,telephone,jun,tue,177,1,999,0,nonexistent,1.4,94.465,-41.8,4.864,5228.1,no
30,services,married,high.school,no,no,yes,telephone,jun,tue,220,1,999,0,nonexistent,1.4,94.465,-41.8,4.864,5228.1,no
43,unemployed,married,basic.9y,no,no,no,telephone,jun,tue,633,28,999,0,nonexistent,1.4,94.465,-41.8,4.864,5228.1,no
32,admin.,single,university.degree,no,no,no,telephone,jun,tue,94,1,999,0,nonexistent,1.4,94.465,-41.8,4.864,5228.1,no
34,admin.,single,university.degree,no,no,no,telephone,jun,tue,35,32,999,0,nonexistent,1.4,94.465,-41.8,4.864,5228.1,no
29,admin.,married,basic.9y,no,no,no,telephone,jun,tue,263,1,999,0,nonexistent,1.4,94.465,-41.8,4.864,5228.1,no
51,self-employed,married,university.degree,unknown,no,no,telephone,jun,tue,143,1,999,0,nonexistent,1.4,94.465,-41.8,4.864,5228.1,no
58,technician,married,university.degree,no,yes,no,telephone,jun,tue,108,12,999,0,nonexistent,1.4,94.465,-41.8,4.864,5228.1,no
52,admin.,divorced,university.degree,no,no,no,telephone,jun,tue,245,1,999,0,nonexistent,1.4,94.465,-41.8,4.864,5228.1,no
57,blue-collar,married,basic.4y,unknown,yes,no,telephone,jun,tue,43,5,999,0,nonexistent,1.4,94.465,-41.8,4.864,5228.1,no
24,admin.,single,high.school,no,no,no,telephone,jun,tue,768,1,999,0,nonexistent,1.4,94.465,-41.8,4.864,5228.1,yes
27,unemployed,married,high.school,no,no,no,telephone,jun,tue,327,2,999,0,nonexistent,1.4,94.465,-41.8,4.864,5228.1,no
42,admin.,married,university.degree,unknown,yes,no,telephone,jun,tue,215,3,999,0,nonexistent,1.4,94.465,-41.8,4.864,5228.1,no
30,services,married,university.degree,unknown,yes,no,telephone,jun,tue,200,1,999,0,nonexistent,1.4,94.465,-41.8,4.864,5228.1,no
31,unemployed,divorced,basic.4y,no,yes,no,telephone,jun,tue,801,1,999,0,nonexistent,1.4,94.465,-41.8,4.864,5228.1,yes
32,blue-collar,married,basic.6y,no,unknown,unknown,telephone,jun,tue,31,5,999,0,nonexistent,1.4,94.465,-41.8,4.864,5228.1,no
33,blue-collar,single,basic.9y,unknown,yes,no,telephone,jun,tue,114,3,999,0,nonexistent,1.4,94.465,-41.8,4.864,5228.1,no
42,management,married,university.degree,no,no,no,telephone,jun,tue,236,7,999,0,nonexistent,1.4,94.465,-41.8,4.864,5228.1,no
29,blue-collar,single,high.school,no,yes,no,telephone,jun,tue,201,2,999,0,nonexistent,1.4,94.465,-41.8,4.864,5228.1,no
30,blue-collar,married,basic.6y,unknown,yes,no,telephone,jun,tue,482,2,999,0,nonexistent,1.4,94.465,-41.8,4.864,5228.1,yes
40,blue-collar,married,basic.9y,no,no,yes,telephone,jun,tue,2456,2,999,0,nonexistent,1.4,94.465,-41.8,4.864,5228.1,yes
45,services,single,high.school,no,no,no,telephone,jun,tue,443,1,999,0,nonexistent,1.4,94.465,-41.8,4.864,5228.1,no
51,technician,married,professional.course,no,no,yes,telephone,jun,tue,72,3,999,0,nonexistent,1.4,94.465,-41.8,4.864,5228.1,no
35,technician,married,professional.course,no,yes,no,telephone,jun,tue,589,6,999,0,nonexistent,1.4,94.465,-41.8,4.864,5228.1,no
40,blue-collar,married,basic.9y,no,yes,yes,telephone,jun,tue,179,2,999,0,nonexistent,1.4,94.465,-41.8,4.864,5228.1,no
30,unemployed,married,basic.6y,unknown,no,no,telephone,jun,tue,215,10,999,0,nonexistent,1.4,94.465,-41.8,4.864,5228.1,no
40,technician,married,professional.course,no,no,no,telephone,jun,tue,61,2,999,0,nonexistent,1.4,94.465,-41.8,4.864,5228.1,no
46,admin.,married,high.school,no,no,no,telephone,jun,tue,107,3,999,0,nonexistent,1.4,94.465,-41.8,4.864,5228.1,no
45,admin.,married,unknown,no,no,no,telephone,jun,tue,242,6,999,0,nonexistent,1.4,94.465,-41.8,4.864,5228.1,no
39,blue-collar,married,basic.6y,no,no,no,telephone,jun,tue,1340,1,999,0,nonexistent,1.4,94.465,-41.8,4.864,5228.1,no
41,blue-collar,married,basic.9y,unknown,no,no,telephone,jun,tue,13,13,999,0,nonexistent,1.4,94.465,-41.8,4.864,5228.1,no
36,admin.,married,professional.course,no,yes,no,telephone,jun,tue,129,1,999,0,nonexistent,1.4,94.465,-41.8,4.864,5228.1,no
57,blue-collar,divorced,unknown,unknown,no,no,telephone,jun,tue,50,3,999,0,nonexistent,1.4,94.465,-41.8,4.864,5228.1,no
38,blue-collar,married,basic.9y,unknown,no,no,telephone,jun,tue,406,1,999,0,nonexistent,1.4,94.465,-41.8,4.864,5228.1,no
42,services,divorced,basic.6y,no,no,no,telephone,jun,tue,239,1,999,0,nonexistent,1.4,94.465,-41.8,4.864,5228.1,no
51,blue-collar,married,basic.9y,no,yes,no,telephone,jun,tue,81,6,999,0,nonexistent,1.4,94.465,-41.8,4.864,5228.1,no
32,blue-collar,married,basic.4y,unknown,yes,no,telephone,jun,tue,327,1,999,0,nonexistent,1.4,94.465,-41.8,4.864,5228.1,no
57,admin.,divorced,unknown,unknown,no,no,telephone,jun,tue,604,1,999,0,nonexistent,1.4,94.465,-41.8,4.864,5228.1,no
50,blue-collar,divorced,basic.9y,no,no,no,telephone,jun,tue,137,2,999,0,nonexistent,1.4,94.465,-41.8,4.864,5228.1,no
27,blue-collar,married,basic.9y,no,yes,no,telephone,jun,tue,72,1,999,0,nonexistent,1.4,94.465,-41.8,4.864,5228.1,no
38,technician,single,professional.course,no,no,yes,telephone,jun,tue,246,2,999,0,nonexistent,1.4,94.465,-41.8,4.864,5228.1,no
46,technician,married,high.school,no,no,no,telephone,jun,tue,372,1,999,0,nonexistent,1.4,94.465,-41.8,4.864,5228.1,no
26,blue-collar,single,high.school,no,yes,no,telephone,jun,tue,167,1,999,0,nonexistent,1.4,94.465,-41.8,4.864,5228.1,no
29,admin.,married,high.school,no,no,no,telephone,jun,tue,30,1,999,0,nonexistent,1.4,94.465,-41.8,4.864,5228.1,no
33,admin.,married,high.school,no,no,yes,telephone,jun,tue,277,1,999,0,nonexistent,1.4,94.465,-41.8,4.864,5228.1,no
33,admin.,married,university.degree,no,no,no,telephone,jun,tue,133,3,999,0,nonexistent,1.4,94.465,-41.8,4.864,5228.1,no
58,blue-collar,married,high.school,no,yes,no,telephone,jun,tue,183,2,999,0,nonexistent,1.4,94.465,-41.8,4.864,5228.1,no
32,admin.,single,university.degree,unknown,yes,no,telephone,jun,tue,211,5,999,0,nonexistent,1.4,94.465,-41.8,4.864,5228.1,no
50,services,divorced,basic.4y,unknown,no,no,telephone,jun,tue,80,4,999,0,nonexistent,1.4,94.465,-41.8,4.864,5228.1,no
46,management,married,basic.9y,unknown,yes,no,telephone,jun,tue,495,2,999,0,nonexistent,1.4,94.465,-41.8,4.864,5228.1,no
45,services,married,high.school,unknown,no,no,telephone,jun,tue,559,7,999,0,nonexistent,1.4,94.465,-41.8,4.864,5228.1,no
31,blue-collar,married,basic.9y,no,yes,no,telephone,jun,tue,441,3,999,0,nonexistent,1.4,94.465,-41.8,4.864,5228.1,no
31,technician,single,professional.course,no,no,no,telephone,jun,tue,662,5,999,0,nonexistent,1.4,94.465,-41.8,4.864,5228.1,no
31,housemaid,married,university.degree,no,no,yes,telephone,jun,tue,230,3,999,0,nonexistent,1.4,94.465,-41.8,4.864,5228.1,no
40,blue-collar,married,basic.9y,unknown,no,no,telephone,jun,tue,117,4,999,0,nonexistent,1.4,94.465,-41.8,4.864,5228.1,no
40,admin.,single,university.degree,unknown,yes,no,telephone,jun,tue,176,2,999,0,nonexistent,1.4,94.465,-41.8,4.864,5228.1,no
40,blue-collar,divorced,basic.9y,unknown,no,yes,telephone,jun,tue,1259,6,999,0,nonexistent,1.4,94.465,-41.8,4.864,5228.1,yes
58,self-employed,married,university.degree,no,no,no,telephone,jun,tue,380,4,999,0,nonexistent,1.4,94.465,-41.8,4.864,5228.1,no
31,management,single,university.degree,no,yes,no,telephone,jun,tue,214,2,999,0,nonexistent,1.4,94.465,-41.8,4.864,5228.1,no
60,retired,single,high.school,no,no,no,telephone,jun,tue,136,4,999,0,nonexistent,1.4,94.465,-41.8,4.864,5228.1,no
27,blue-collar,single,high.school,no,yes,no,telephone,jun,tue,56,5,999,0,nonexistent,1.4,94.465,-41.8,4.864,5228.1,no
59,technician,married,unknown,no,no,no,telephone,jun,tue,131,4,999,0,nonexistent,1.4,94.465,-41.8,4.864,5228.1,no
36,blue-collar,single,basic.9y,unknown,no,no,telephone,jun,tue,113,6,999,0,nonexistent,1.4,94.465,-41.8,4.864,5228.1,no
40,services,married,unknown,no,yes,no,telephone,jun,tue,71,2,999,0,nonexistent,1.4,94.465,-41.8,4.864,5228.1,no
58,retired,married,basic.4y,unknown,yes,no,telephone,jun,tue,137,3,999,0,nonexistent,1.4,94.465,-41.8,4.864,5228.1,no
35,blue-collar,married,basic.9y,no,no,no,telephone,jun,tue,497,2,999,0,nonexistent,1.4,94.465,-41.8,4.864,5228.1,no
54,services,married,high.school,no,yes,no,telephone,jun,tue,184,5,999,0,nonexistent,1.4,94.465,-41.8,4.864,5228.1,no
34,blue-collar,married,basic.4y,unknown,no,yes,telephone,jun,tue,276,2,999,0,nonexistent,1.4,94.465,-41.8,4.864,5228.1,no
36,blue-collar,married,basic.9y,no,yes,yes,telephone,jun,tue,11,18,999,0,nonexistent,1.4,94.465,-41.8,4.864,5228.1,no
33,blue-collar,married,basic.9y,no,no,no,telephone,jun,tue,164,2,999,0,nonexistent,1.4,94.465,-41.8,4.864,5228.1,no
29,admin.,single,university.degree,unknown,no,yes,telephone,jun,tue,816,2,999,0,nonexistent,1.4,94.465,-41.8,4.864,5228.1,no
40,blue-collar,married,basic.4y,no,no,no,telephone,jun,tue,1030,6,999,0,nonexistent,1.4,94.465,-41.8,4.864,5228.1,no
32,admin.,single,university.degree,unknown,no,no,telephone,jun,tue,56,12,999,0,nonexistent,1.4,94.465,-41.8,4.864,5228.1,no
30,admin.,single,high.school,no,yes,no,telephone,jun,tue,229,2,999,0,nonexistent,1.4,94.465,-41.8,4.864,5228.1,no
29,management,single,university.degree,no,no,no,telephone,jun,tue,342,2,999,0,nonexistent,1.4,94.465,-41.8,4.864,5228.1,no
35,entrepreneur,married,high.school,no,no,yes,telephone,jun,tue,340,2,999,0,nonexistent,1.4,94.465,-41.8,4.864,5228.1,no
37,housemaid,married,basic.4y,no,yes,no,telephone,jun,tue,59,2,999,0,nonexistent,1.4,94.465,-41.8,4.864,5228.1,no
47,self-employed,married,basic.4y,unknown,unknown,unknown,telephone,jun,tue,72,8,999,0,nonexistent,1.4,94.465,-41.8,4.864,5228.1,no
42,blue-collar,married,basic.9y,unknown,no,no,telephone,jun,tue,599,3,999,0,nonexistent,1.4,94.465,-41.8,4.864,5228.1,no
59,retired,married,professional.course,no,yes,no,telephone,jun,tue,77,8,999,0,nonexistent,1.4,94.465,-41.8,4.864,5228.1,no
45,technician,divorced,professional.course,no,yes,no,telephone,jun,tue,157,2,999,0,nonexistent,1.4,94.465,-41.8,4.864,5228.1,no
29,self-employed,single,professional.course,no,no,no,telephone,jun,tue,199,7,999,0,nonexistent,1.4,94.465,-41.8,4.864,5228.1,no
31,blue-collar,single,high.school,unknown,yes,no,telephone,jun,tue,187,2,999,0,nonexistent,1.4,94.465,-41.8,4.864,5228.1,no
34,blue-collar,married,basic.4y,unknown,yes,no,telephone,jun,tue,239,8,999,0,nonexistent,1.4,94.465,-41.8,4.864,5228.1,no
45,services,married,high.school,no,yes,no,telephone,jun,tue,118,7,999,0,nonexistent,1.4,94.465,-41.8,4.864,5228.1,no
32,self-employed,divorced,university.degree,no,no,yes,telephone,jun,tue,254,21,999,0,nonexistent,1.4,94.465,-41.8,4.864,5228.1,no
33,blue-collar,married,basic.9y,no,no,no,telephone,jun,tue,281,7,999,0,nonexistent,1.4,94.465,-41.8,4.864,5228.1,no
42,blue-collar,married,high.school,unknown,yes,no,telephone,jun,tue,94,2,999,0,nonexistent,1.4,94.465,-41.8,4.864,5228.1,no
38,services,divorced,basic.6y,no,no,no,telephone,jun,tue,269,2,999,0,nonexistent,1.4,94.465,-41.8,4.864,5228.1,no
47,admin.,married,university.degree,no,yes,no,telephone,jun,tue,203,9,999,0,nonexistent,1.4,94.465,-41.8,4.864,5228.1,no
41,management,married,university.degree,no,no,no,telephone,jun,tue,140,6,999,0,nonexistent,1.4,94.465,-41.8,4.864,5228.1,no
43,management,married,high.school,no,yes,no,telephone,jun,tue,583,1,999,0,nonexistent,1.4,94.465,-41.8,4.864,5228.1,no
34,services,single,high.school,no,no,no,telephone,jun,tue,172,2,999,0,nonexistent,1.4,94.465,-41.8,4.864,5228.1,no
34,blue-collar,married,basic.4y,unknown,no,no,telephone,jun,tue,60,5,999,0,nonexistent,1.4,94.465,-41.8,4.864,5228.1,no
52,unemployed,married,high.school,unknown,yes,no,telephone,jun,tue,70,6,999,0,nonexistent,1.4,94.465,-41.8,4.864,5228.1,no
37,technician,married,high.school,no,yes,no,telephone,jun,tue,267,3,999,0,nonexistent,1.4,94.465,-41.8,4.864,5228.1,no
41,blue-collar,married,basic.4y,unknown,no,no,telephone,jun,tue,88,4,999,0,nonexistent,1.4,94.465,-41.8,4.864,5228.1,no
47,technician,married,professional.course,no,no,no,telephone,jun,tue,19,20,999,0,nonexistent,1.4,94.465,-41.8,4.864,5228.1,no
46,admin.,married,high.school,unknown,no,no,telephone,jun,tue,490,6,999,0,nonexistent,1.4,94.465,-41.8,4.864,5228.1,no
42,admin.,married,university.degree,no,no,no,telephone,jun,tue,604,14,999,0,nonexistent,1.4,94.465,-41.8,4.864,5228.1,no
36,admin.,single,university.degree,no,yes,yes,telephone,jun,tue,78,3,999,0,nonexistent,1.4,94.465,-41.8,4.864,5228.1,no
49,admin.,married,university.degree,no,no,no,telephone,jun,tue,88,6,999,0,nonexistent,1.4,94.465,-41.8,4.864,5228.1,no
37,admin.,married,high.school,unknown,yes,no,telephone,jun,tue,113,4,999,0,nonexistent,1.4,94.465,-41.8,4.864,5228.1,no
35,entrepreneur,married,university.degree,no,no,no,telephone,jun,tue,52,1,999,0,nonexistent,1.4,94.465,-41.8,4.864,5228.1,no
42,blue-collar,married,basic.9y,no,no,no,telephone,jun,tue,235,3,999,0,nonexistent,1.4,94.465,-41.8,4.864,5228.1,no
36,admin.,married,university.degree,no,yes,no,telephone,jun,tue,120,11,999,0,nonexistent,1.4,94.465,-41.8,4.864,5228.1,no
45,entrepreneur,married,high.school,no,no,no,telephone,jun,tue,1516,2,999,0,nonexistent,1.4,94.465,-41.8,4.864,5228.1,no
57,admin.,divorced,unknown,unknown,no,no,telephone,jun,tue,28,19,999,0,nonexistent,1.4,94.465,-41.8,4.864,5228.1,no
46,unemployed,married,basic.9y,unknown,no,no,telephone,jun,tue,87,7,999,0,nonexistent,1.4,94.465,-41.8,4.864,5228.1,no
28,blue-collar,married,basic.6y,unknown,no,no,telephone,jun,tue,151,7,999,0,nonexistent,1.4,94.465,-41.8,4.864,5228.1,no
36,blue-collar,married,basic.9y,unknown,no,no,telephone,jun,tue,226,1,999,0,nonexistent,1.4,94.465,-41.8,4.864,5228.1,no
38,services,married,high.school,unknown,no,no,telephone,jun,tue,113,11,999,0,nonexistent,1.4,94.465,-41.8,4.864,5228.1,no
45,technician,married,university.degree,unknown,no,yes,telephone,jun,tue,1336,4,999,0,nonexistent,1.4,94.465,-41.8,4.864,5228.1,yes
35,services,married,high.school,unknown,no,no,telephone,jun,wed,173,14,999,0,nonexistent,1.4,94.465,-41.8,4.864,5228.1,no
30,blue-collar,single,basic.9y,no,no,no,telephone,jun,wed,83,11,999,0,nonexistent,1.4,94.465,-41.8,4.864,5228.1,no
35,blue-collar,married,basic.4y,unknown,yes,no,telephone,jun,wed,180,6,999,0,nonexistent,1.4,94.465,-41.8,4.864,5228.1,no
42,technician,single,high.school,no,yes,no,telephone,jun,wed,457,1,999,0,nonexistent,1.4,94.465,-41.8,4.864,5228.1,no
48,retired,married,basic.4y,unknown,no,no,telephone,jun,wed,145,8,999,0,nonexistent,1.4,94.465,-41.8,4.864,5228.1,no
26,admin.,single,high.school,no,yes,yes,telephone,jun,wed,622,1,999,0,nonexistent,1.4,94.465,-41.8,4.864,5228.1,no
30,services,divorced,basic.9y,no,no,no,telephone,jun,wed,89,1,999,0,nonexistent,1.4,94.465,-41.8,4.864,5228.1,no
56,blue-collar,married,basic.9y,unknown,no,no,telephone,jun,wed,99,6,999,0,nonexistent,1.4,94.465,-41.8,4.864,5228.1,no
26,blue-collar,married,basic.9y,no,yes,no,telephone,jun,wed,71,1,999,0,nonexistent,1.4,94.465,-41.8,4.864,5228.1,no
50,admin.,married,university.degree,no,yes,no,telephone,jun,wed,407,1,999,0,nonexistent,1.4,94.465,-41.8,4.864,5228.1,no
52,retired,married,basic.4y,no,no,no,telephone,jun,wed,633,1,999,0,nonexistent,1.4,94.465,-41.8,4.864,5228.1,yes
58,admin.,single,university.degree,no,no,yes,telephone,jun,wed,111,3,999,0,nonexistent,1.4,94.465,-41.8,4.864,5228.1,no
50,technician,married,professional.course,no,no,no,telephone,jun,wed,462,2,999,0,nonexistent,1.4,94.465,-41.8,4.864,5228.1,no
43,blue-collar,married,basic.4y,no,yes,no,telephone,jun,wed,28,4,999,0,nonexistent,1.4,94.465,-41.8,4.864,5228.1,no
46,blue-collar,married,professional.course,unknown,no,no,telephone,jun,wed,1138,1,999,0,nonexistent,1.4,94.465,-41.8,4.864,5228.1,no
45,blue-collar,married,basic.4y,unknown,yes,no,telephone,jun,wed,107,2,999,0,nonexistent,1.4,94.465,-41.8,4.864,5228.1,no
31,admin.,married,high.school,unknown,yes,yes,telephone,jun,wed,135,2,999,0,nonexistent,1.4,94.465,-41.8,4.864,5228.1,no
39,services,married,high.school,unknown,yes,no,telephone,jun,wed,96,3,999,0,nonexistent,1.4,94.465,-41.8,4.864,5228.1,no
31,technician,married,professional.course,no,yes,no,telephone,jun,wed,131,2,999,0,nonexistent,1.4,94.465,-41.8,4.864,5228.1,no
34,management,married,university.degree,unknown,no,yes,telephone,jun,wed,46,2,999,0,nonexistent,1.4,94.465,-41.8,4.864,5228.1,no
46,blue-collar,married,basic.6y,no,yes,no,telephone,jun,wed,267,2,999,0,nonexistent,1.4,94.465,-41.8,4.864,5228.1,no
37,technician,single,high.school,no,unknown,unknown,telephone,jun,wed,109,3,999,0,nonexistent,1.4,94.465,-41.8,4.864,5228.1,no
41,admin.,married,university.degree,no,no,no,telephone,jun,wed,129,4,999,0,nonexistent,1.4,94.465,-41.8,4.864,5228.1,no
48,admin.,divorced,high.school,no,no,no,telephone,jun,wed,89,3,999,0,nonexistent,1.4,94.465,-41.8,4.864,5228.1,no
41,self-employed,married,basic.4y,no,yes,no,telephone,jun,wed,105,3,999,0,nonexistent,1.4,94.465,-41.8,4.864,5228.1,no
57,blue-collar,married,basic.4y,unknown,yes,no,telephone,jun,wed,71,5,999,0,nonexistent,1.4,94.465,-41.8,4.864,5228.1,no
31,blue-collar,married,basic.6y,no,yes,no,telephone,jun,wed,406,2,999,0,nonexistent,1.4,94.465,-41.8,4.864,5228.1,no
41,unknown,single,unknown,unknown,yes,yes,telephone,jun,wed,66,2,999,0,nonexistent,1.4,94.465,-41.8,4.864,5228.1,no
54,admin.,divorced,unknown,unknown,no,no,telephone,jun,wed,38,2,999,0,nonexistent,1.4,94.465,-41.8,4.864,5228.1,no
42,blue-collar,single,basic.4y,no,no,no,telephone,jun,wed,166,2,999,0,nonexistent,1.4,94.465,-41.8,4.864,5228.1,no
47,admin.,divorced,university.degree,no,no,no,telephone,jun,wed,121,4,999,0,nonexistent,1.4,94.465,-41.8,4.864,5228.1,no
39,admin.,married,high.school,no,yes,no,telephone,jun,wed,1141,4,999,0,nonexistent,1.4,94.465,-41.8,4.864,5228.1,yes
36,entrepreneur,married,basic.6y,unknown,no,no,telephone,jun,wed,125,5,999,0,nonexistent,1.4,94.465,-41.8,4.864,5228.1,no
26,blue-collar,single,basic.6y,no,no,no,telephone,jun,wed,18,1,999,0,nonexistent,1.4,94.465,-41.8,4.864,5228.1,no
32,blue-collar,single,university.degree,no,no,no,telephone,jun,wed,355,1,999,0,nonexistent,1.4,94.465,-41.8,4.864,5228.1,no
29,unemployed,married,high.school,unknown,no,no,telephone,jun,wed,237,1,999,0,nonexistent,1.4,94.465,-41.8,4.864,5228.1,no
30,admin.,married,university.degree,no,yes,no,telephone,jun,wed,299,1,999,0,nonexistent,1.4,94.465,-41.8,4.864,5228.1,no
38,admin.,single,university.degree,no,no,yes,telephone,jun,wed,578,1,999,0,nonexistent,1.4,94.465,-41.8,4.864,5228.1,yes
25,admin.,single,high.school,no,yes,yes,telephone,jun,wed,109,1,999,0,nonexistent,1.4,94.465,-41.8,4.864,5228.1,no
33,admin.,married,university.degree,no,no,no,telephone,jun,wed,142,2,999,0,nonexistent,1.4,94.465,-41.8,4.864,5228.1,no
41,technician,married,basic.9y,unknown,no,no,telephone,jun,wed,102,1,999,0,nonexistent,1.4,94.465,-41.8,4.864,5228.1,no
29,admin.,married,high.school,no,yes,no,telephone,jun,wed,194,2,999,0,nonexistent,1.4,94.465,-41.8,4.864,5228.1,no
42,admin.,married,basic.6y,no,yes,yes,telephone,jun,wed,365,1,999,0,nonexistent,1.4,94.465,-41.8,4.864,5228.1,no
35,admin.,single,high.school,no,no,no,telephone,jun,wed,984,2,999,0,nonexistent,1.4,94.465,-41.8,4.864,5228.1,yes
58,blue-collar,divorced,unknown,no,yes,no,telephone,jun,wed,215,1,999,0,nonexistent,1.4,94.465,-41.8,4.864,5228.1,no
46,admin.,married,high.school,no,yes,yes,telephone,jun,wed,148,10,999,0,nonexistent,1.4,94.465,-41.8,4.864,5228.1,no
30,services,single,professional.course,no,no,no,telephone,jun,wed,386,1,999,0,nonexistent,1.4,94.465,-41.8,4.864,5228.1,no
31,blue-collar,married,basic.6y,unknown,no,no,telephone,jun,wed,91,4,999,0,nonexistent,1.4,94.465,-41.8,4.864,5228.1,no
34,admin.,single,university.degree,no,no,no,telephone,jun,wed,98,1,999,0,nonexistent,1.4,94.465,-41.8,4.864,5228.1,no
37,admin.,divorced,university.degree,no,no,no,telephone,jun,wed,193,2,999,0,nonexistent,1.4,94.465,-41.8,4.864,5228.1,no
24,student,single,high.school,no,no,no,telephone,jun,wed,132,1,999,0,nonexistent,1.4,94.465,-41.8,4.864,5228.1,no
58,services,married,basic.4y,no,yes,no,telephone,jun,wed,279,1,999,0,nonexistent,1.4,94.465,-41.8,4.864,5228.1,no
28,management,single,university.degree,no,no,no,telephone,jun,wed,361,1,999,0,nonexistent,1.4,94.465,-41.8,4.864,5228.1,no
31,blue-collar,married,basic.9y,no,no,no,telephone,jun,wed,204,1,999,0,nonexistent,1.4,94.465,-41.8,4.864,5228.1,no
34,technician,divorced,basic.9y,no,no,no,telephone,jun,wed,105,1,999,0,nonexistent,1.4,94.465,-41.8,4.864,5228.1,no
40,admin.,married,high.school,no,yes,yes,telephone,jun,wed,73,10,999,0,nonexistent,1.4,94.465,-41.8,4.864,5228.1,no
46,technician,married,professional.course,unknown,yes,no,telephone,jun,wed,77,8,999,0,nonexistent,1.4,94.465,-41.8,4.864,5228.1,no
25,blue-collar,married,high.school,no,no,yes,telephone,jun,wed,29,1,999,0,nonexistent,1.4,94.465,-41.8,4.864,5228.1,no
33,admin.,married,university.degree,no,yes,no,telephone,jun,wed,355,1,999,0,nonexistent,1.4,94.465,-41.8,4.864,5228.1,no
26,technician,single,professional.course,no,yes,no,telephone,jun,wed,153,1,999,0,nonexistent,1.4,94.465,-41.8,4.864,5228.1,no
32,admin.,single,university.degree,no,yes,yes,telephone,jun,wed,87,1,999,0,nonexistent,1.4,94.465,-41.8,4.864,5228.1,no
50,admin.,single,university.degree,no,no,no,telephone,jun,wed,178,6,999,0,nonexistent,1.4,94.465,-41.8,4.864,5228.1,no
32,admin.,single,university.degree,no,no,yes,telephone,jun,wed,174,1,999,0,nonexistent,1.4,94.465,-41.8,4.864,5228.1,no
26,technician,single,professional.course,no,yes,no,telephone,jun,wed,605,1,999,0,nonexistent,1.4,94.465,-41.8,4.864,5228.1,no
34,admin.,married,high.school,no,no,no,telephone,jun,wed,638,1,999,0,nonexistent,1.4,94.465,-41.8,4.864,5228.1,yes
31,services,single,high.school,no,yes,no,telephone,jun,wed,89,1,999,0,nonexistent,1.4,94.465,-41.8,4.864,5228.1,no
34,management,married,university.degree,no,no,no,telephone,jun,wed,121,2,999,0,nonexistent,1.4,94.465,-41.8,4.864,5228.1,no
31,services,single,high.school,no,yes,yes,telephone,jun,wed,216,1,999,0,nonexistent,1.4,94.465,-41.8,4.864,5228.1,no
42,blue-collar,married,basic.4y,unknown,yes,yes,telephone,jun,wed,317,9,999,0,nonexistent,1.4,94.465,-41.8,4.864,5228.1,no
27,self-employed,single,university.degree,no,yes,yes,telephone,jun,wed,161,1,999,0,nonexistent,1.4,94.465,-41.8,4.864,5228.1,no
30,blue-collar,married,high.school,no,no,no,telephone,jun,wed,301,1,999,0,nonexistent,1.4,94.465,-41.8,4.864,5228.1,no
50,admin.,married,high.school,no,no,no,telephone,jun,wed,276,1,999,0,nonexistent,1.4,94.465,-41.8,4.864,5228.1,no
55,retired,divorced,professional.course,no,no,no,telephone,jun,wed,182,1,999,0,nonexistent,1.4,94.465,-41.8,4.864,5228.1,no
50,self-employed,married,basic.9y,unknown,no,no,telephone,jun,wed,139,2,999,0,nonexistent,1.4,94.465,-41.8,4.864,5228.1,no
36,blue-collar,single,basic.9y,no,no,no,telephone,jun,wed,377,1,999,0,nonexistent,1.4,94.465,-41.8,4.864,5228.1,no
29,admin.,single,high.school,no,no,no,telephone,jun,wed,211,1,999,0,nonexistent,1.4,94.465,-41.8,4.864,5228.1,no
36,blue-collar,married,basic.4y,no,no,no,telephone,jun,wed,357,4,999,0,nonexistent,1.4,94.465,-41.8,4.864,5228.1,no
26,admin.,married,high.school,no,yes,yes,telephone,jun,wed,119,2,999,0,nonexistent,1.4,94.465,-41.8,4.864,5228.1,no
28,blue-collar,single,high.school,no,yes,yes,telephone,jun,wed,148,1,999,0,nonexistent,1.4,94.465,-41.8,4.864,5228.1,no
32,services,married,high.school,no,no,no,telephone,jun,wed,90,2,999,0,nonexistent,1.4,94.465,-41.8,4.864,5228.1,no
57,blue-collar,married,basic.9y,no,yes,yes,telephone,jun,wed,367,2,999,0,nonexistent,1.4,94.465,-41.8,4.864,5228.1,no
27,blue-collar,single,basic.6y,no,yes,yes,telephone,jun,wed,444,3,999,0,nonexistent,1.4,94.465,-41.8,4.864,5228.1,no
39,blue-collar,married,basic.6y,no,yes,yes,telephone,jun,wed,141,1,999,0,nonexistent,1.4,94.465,-41.8,4.864,5228.1,no
50,technician,married,professional.course,unknown,yes,yes,telephone,jun,wed,31,1,999,0,nonexistent,1.4,94.465,-41.8,4.864,5228.1,no
29,admin.,single,high.school,no,no,no,telephone,jun,wed,283,1,999,0,nonexistent,1.4,94.465,-41.8,4.864,5228.1,no
31,blue-collar,single,basic.9y,no,no,no,telephone,jun,wed,767,2,999,0,nonexistent,1.4,94.465,-41.8,4.864,5228.1,yes
25,services,single,high.school,no,no,no,telephone,jun,wed,123,1,999,0,nonexistent,1.4,94.465,-41.8,4.864,5228.1,no
38,blue-collar,married,basic.6y,unknown,no,no,telephone,jun,wed,236,1,999,0,nonexistent,1.4,94.465,-41.8,4.864,5228.1,no
38,blue-collar,single,high.school,unknown,yes,no,telephone,jun,wed,936,1,999,0,nonexistent,1.4,94.465,-41.8,4.864,5228.1,yes
53,technician,married,professional.course,unknown,yes,no,telephone,jun,wed,104,2,999,0,nonexistent,1.4,94.465,-41.8,4.864,5228.1,no
35,student,single,high.school,no,no,no,telephone,jun,wed,71,4,999,0,nonexistent,1.4,94.465,-41.8,4.864,5228.1,no
30,services,single,high.school,unknown,no,no,telephone,jun,wed,324,1,999,0,nonexistent,1.4,94.465,-41.8,4.864,5228.1,no
28,blue-collar,single,basic.9y,no,yes,no,telephone,jun,wed,525,1,999,0,nonexistent,1.4,94.465,-41.8,4.864,5228.1,no
33,admin.,single,university.degree,no,yes,yes,telephone,jun,wed,238,1,999,0,nonexistent,1.4,94.465,-41.8,4.864,5228.1,no
33,unemployed,married,basic.9y,no,no,no,telephone,jun,wed,563,1,999,0,nonexistent,1.4,94.465,-41.8,4.864,5228.1,yes
25,admin.,single,high.school,no,yes,yes,telephone,jun,wed,217,2,999,0,nonexistent,1.4,94.465,-41.8,4.864,5228.1,no
32,housemaid,married,university.degree,no,yes,no,telephone,jun,wed,52,1,999,0,nonexistent,1.4,94.465,-41.8,4.864,5228.1,no
25,admin.,married,university.degree,no,yes,no,telephone,jun,wed,149,8,999,0,nonexistent,1.4,94.465,-41.8,4.864,5228.1,no
31,admin.,single,university.degree,no,yes,no,telephone,jun,wed,357,2,999,0,nonexistent,1.4,94.465,-41.8,4.864,5228.1,no
42,admin.,divorced,university.degree,no,no,no,telephone,jun,wed,140,1,999,0,nonexistent,1.4,94.465,-41.8,4.864,5228.1,no
45,management,married,unknown,unknown,yes,no,telephone,jun,wed,171,3,999,0,nonexistent,1.4,94.465,-41.8,4.864,5228.1,no
52,blue-collar,married,basic.4y,no,no,no,telephone,jun,wed,154,2,999,0,nonexistent,1.4,94.465,-41.8,4.864,5228.1,no
26,student,single,high.school,no,no,no,telephone,jun,wed,219,1,999,0,nonexistent,1.4,94.465,-41.8,4.864,5228.1,no
40,housemaid,divorced,high.school,no,no,no,telephone,jun,wed,1449,6,999,0,nonexistent,1.4,94.465,-41.8,4.864,5228.1,yes
29,admin.,single,university.degree,no,no,yes,telephone,jun,wed,251,1,999,0,nonexistent,1.4,94.465,-41.8,4.864,5228.1,no
53,management,married,university.degree,no,unknown,unknown,telephone,jun,wed,232,1,999,0,nonexistent,1.4,94.465,-41.8,4.864,5228.1,no
56,admin.,married,university.degree,no,no,no,telephone,jun,wed,79,1,999,0,nonexistent,1.4,94.465,-41.8,4.864,5228.1,no
48,blue-collar,married,basic.9y,no,yes,no,telephone,jun,wed,103,2,999,0,nonexistent,1.4,94.465,-41.8,4.864,5228.1,no
27,technician,single,university.degree,no,no,yes,telephone,jun,wed,97,1,999,0,nonexistent,1.4,94.465,-41.8,4.864,5228.1,no
26,admin.,single,high.school,no,no,no,telephone,jun,wed,205,6,999,0,nonexistent,1.4,94.465,-41.8,4.864,5228.1,no
31,admin.,married,high.school,no,unknown,unknown,telephone,jun,wed,360,2,999,0,nonexistent,1.4,94.465,-41.8,4.864,5228.1,no
35,blue-collar,married,high.school,no,no,no,telephone,jun,wed,344,2,999,0,nonexistent,1.4,94.465,-41.8,4.864,5228.1,no
56,housemaid,married,basic.4y,no,no,no,telephone,jun,wed,204,1,999,0,nonexistent,1.4,94.465,-41.8,4.864,5228.1,no
39,admin.,single,high.school,no,no,no,telephone,jun,wed,213,1,999,0,nonexistent,1.4,94.465,-41.8,4.864,5228.1,no
31,admin.,married,university.degree,no,yes,no,telephone,jun,wed,153,6,999,0,nonexistent,1.4,94.465,-41.8,4.864,5228.1,no
49,admin.,married,university.degree,no,no,no,telephone,jun,wed,29,2,999,0,nonexistent,1.4,94.465,-41.8,4.864,5228.1,no
42,services,married,basic.9y,no,no,no,telephone,jun,wed,15,1,999,0,nonexistent,1.4,94.465,-41.8,4.864,5228.1,no
41,blue-collar,married,basic.4y,unknown,no,no,telephone,jun,wed,38,1,999,0,nonexistent,1.4,94.465,-41.8,4.864,5228.1,no
37,blue-collar,married,basic.6y,no,no,no,telephone,jun,wed,654,2,999,0,nonexistent,1.4,94.465,-41.8,4.864,5228.1,no
51,blue-collar,married,basic.4y,unknown,yes,no,telephone,jun,wed,1254,10,999,0,nonexistent,1.4,94.465,-41.8,4.864,5228.1,no
53,blue-collar,married,basic.4y,unknown,yes,no,telephone,jun,wed,597,7,999,0,nonexistent,1.4,94.465,-41.8,4.864,5228.1,no
25,unknown,single,university.degree,no,no,no,telephone,jun,wed,2203,2,999,0,nonexistent,1.4,94.465,-41.8,4.864,5228.1,yes
45,management,married,unknown,unknown,yes,no,telephone,jun,wed,61,6,999,0,nonexistent,1.4,94.465,-41.8,4.864,5228.1,no
61,retired,married,high.school,no,unknown,unknown,telephone,jun,wed,99,4,999,0,nonexistent,1.4,94.465,-41.8,4.864,5228.1,no
51,unemployed,married,basic.4y,no,no,yes,telephone,jun,wed,85,5,999,0,nonexistent,1.4,94.465,-41.8,4.864,5228.1,no
33,admin.,single,high.school,no,no,no,telephone,jun,wed,187,2,999,0,nonexistent,1.4,94.465,-41.8,4.864,5228.1,no
25,admin.,single,university.degree,no,no,no,telephone,jun,wed,188,2,999,0,nonexistent,1.4,94.465,-41.8,4.864,5228.1,no
23,blue-collar,married,basic.9y,no,yes,no,telephone,jun,wed,298,3,999,0,nonexistent,1.4,94.465,-41.8,4.864,5228.1,no
29,unemployed,single,university.degree,no,yes,no,telephone,jun,wed,201,2,999,0,nonexistent,1.4,94.465,-41.8,4.864,5228.1,no
42,blue-collar,married,basic.9y,no,yes,no,telephone,jun,wed,264,2,999,0,nonexistent,1.4,94.465,-41.8,4.864,5228.1,no
37,unemployed,married,professional.course,unknown,no,no,telephone,jun,wed,42,16,999,0,nonexistent,1.4,94.465,-41.8,4.864,5228.1,no
41,entrepreneur,married,basic.4y,no,yes,no,telephone,jun,wed,95,2,999,0,nonexistent,1.4,94.465,-41.8,4.864,5228.1,no
40,blue-collar,married,basic.4y,no,no,no,telephone,jun,wed,69,1,999,0,nonexistent,1.4,94.465,-41.8,4.864,5228.1,no
32,admin.,single,high.school,no,no,no,telephone,jun,wed,324,1,999,0,nonexistent,1.4,94.465,-41.8,4.864,5228.1,no
27,blue-collar,single,basic.9y,no,no,no,telephone,jun,wed,298,2,999,0,nonexistent,1.4,94.465,-41.8,4.864,5228.1,no
36,blue-collar,single,basic.9y,no,unknown,unknown,telephone,jun,wed,1224,7,999,0,nonexistent,1.4,94.465,-41.8,4.864,5228.1,no
45,services,married,basic.6y,no,unknown,unknown,telephone,jun,wed,173,10,999,0,nonexistent,1.4,94.465,-41.8,4.864,5228.1,no
35,technician,single,professional.course,no,yes,no,telephone,jun,wed,134,2,999,0,nonexistent,1.4,94.465,-41.8,4.864,5228.1,no
26,blue-collar,married,basic.9y,no,no,no,telephone,jun,wed,49,1,999,0,nonexistent,1.4,94.465,-41.8,4.864,5228.1,no
26,admin.,married,high.school,no,no,no,telephone,jun,wed,606,2,999,0,nonexistent,1.4,94.465,-41.8,4.864,5228.1,no
32,blue-collar,married,basic.4y,no,no,no,telephone,jun,wed,489,5,999,0,nonexistent,1.4,94.465,-41.8,4.864,5228.1,no
29,admin.,single,high.school,no,yes,no,telephone,jun,wed,184,2,999,0,nonexistent,1.4,94.465,-41.8,4.864,5228.1,no
26,self-employed,married,university.degree,no,yes,no,telephone,jun,wed,106,1,999,0,nonexistent,1.4,94.465,-41.8,4.864,5228.1,no
46,blue-collar,married,basic.9y,no,no,no,telephone,jun,wed,91,2,999,0,nonexistent,1.4,94.465,-41.8,4.864,5228.1,no
39,technician,married,professional.course,no,no,no,telephone,jun,wed,249,2,999,0,nonexistent,1.4,94.465,-41.8,4.864,5228.1,no
46,blue-collar,married,basic.9y,no,no,no,telephone,jun,wed,92,2,999,0,nonexistent,1.4,94.465,-41.8,4.864,5228.1,no
27,unemployed,single,university.degree,no,no,no,telephone,jun,wed,404,2,999,0,nonexistent,1.4,94.465,-41.8,4.864,5228.1,no
32,admin.,married,university.degree,no,no,no,telephone,jun,wed,135,3,999,0,nonexistent,1.4,94.465,-41.8,4.864,5228.1,no
48,admin.,divorced,professional.course,no,yes,no,telephone,jun,wed,37,1,999,0,nonexistent,1.4,94.465,-41.8,4.864,5228.1,no
42,blue-collar,married,basic.9y,unknown,no,no,telephone,jun,wed,141,6,999,0,nonexistent,1.4,94.465,-41.8,4.864,5228.1,no
32,technician,married,professional.course,no,no,no,telephone,jun,wed,117,1,999,0,nonexistent,1.4,94.465,-41.8,4.864,5228.1,no
23,services,single,high.school,no,no,no,telephone,jun,wed,174,9,999,0,nonexistent,1.4,94.465,-41.8,4.864,5228.1,no
35,unemployed,married,basic.9y,unknown,unknown,unknown,telephone,jun,wed,60,4,999,0,nonexistent,1.4,94.465,-41.8,4.864,5228.1,no
59,retired,married,basic.6y,unknown,no,no,telephone,jun,wed,235,5,999,0,nonexistent,1.4,94.465,-41.8,4.864,5228.1,no
27,blue-collar,married,basic.9y,no,yes,yes,telephone,jun,wed,285,4,999,0,nonexistent,1.4,94.465,-41.8,4.864,5228.1,no
53,admin.,divorced,university.degree,no,yes,no,telephone,jun,wed,112,1,999,0,nonexistent,1.4,94.465,-41.8,4.864,5228.1,no
50,blue-collar,married,basic.4y,unknown,no,no,telephone,jun,wed,99,2,999,0,nonexistent,1.4,94.465,-41.8,4.864,5228.1,no
41,blue-collar,married,basic.4y,unknown,no,no,telephone,jun,wed,132,2,999,0,nonexistent,1.4,94.465,-41.8,4.864,5228.1,no
36,entrepreneur,married,university.degree,no,yes,yes,telephone,jun,wed,135,1,999,0,nonexistent,1.4,94.465,-41.8,4.864,5228.1,no
38,admin.,single,university.degree,no,yes,no,telephone,jun,wed,126,1,999,0,nonexistent,1.4,94.465,-41.8,4.864,5228.1,no
25,blue-collar,married,basic.9y,unknown,yes,no,telephone,jun,wed,329,4,999,0,nonexistent,1.4,94.465,-41.8,4.864,5228.1,no
29,blue-collar,single,university.degree,no,no,no,telephone,jun,wed,126,2,999,0,nonexistent,1.4,94.465,-41.8,4.864,5228.1,no
29,services,married,high.school,no,no,no,telephone,jun,wed,209,2,999,0,nonexistent,1.4,94.465,-41.8,4.864,5228.1,no
45,admin.,single,high.school,no,no,no,telephone,jun,wed,192,6,999,0,nonexistent,1.4,94.465,-41.8,4.864,5228.1,no
47,blue-collar,married,unknown,unknown,no,yes,telephone,jun,wed,17,13,999,0,nonexistent,1.4,94.465,-41.8,4.864,5228.1,no
28,blue-collar,married,basic.6y,unknown,yes,no,telephone,jun,wed,167,1,999,0,nonexistent,1.4,94.465,-41.8,4.864,5228.1,no
53,management,married,basic.6y,unknown,yes,no,telephone,jun,wed,152,6,999,0,nonexistent,1.4,94.465,-41.8,4.864,5228.1,no
28,admin.,married,high.school,no,no,no,telephone,jun,wed,84,3,999,0,nonexistent,1.4,94.465,-41.8,4.864,5228.1,no
45,blue-collar,married,high.school,no,no,no,telephone,jun,wed,341,4,999,0,nonexistent,1.4,94.465,-41.8,4.864,5228.1,no
36,blue-collar,married,basic.9y,no,no,no,telephone,jun,wed,423,2,999,0,nonexistent,1.4,94.465,-41.8,4.864,5228.1,no
47,blue-collar,married,basic.9y,no,no,yes,telephone,jun,wed,65,3,999,0,nonexistent,1.4,94.465,-41.8,4.864,5228.1,no
36,technician,single,basic.9y,unknown,yes,no,telephone,jun,wed,227,2,999,0,nonexistent,1.4,94.465,-41.8,4.864,5228.1,no
44,blue-collar,divorced,basic.4y,no,no,no,telephone,jun,wed,34,2,999,0,nonexistent,1.4,94.465,-41.8,4.864,5228.1,no
24,technician,single,high.school,no,yes,no,telephone,jun,wed,169,2,999,0,nonexistent,1.4,94.465,-41.8,4.864,5228.1,no
45,entrepreneur,married,unknown,no,no,no,telephone,jun,wed,46,16,999,0,nonexistent,1.4,94.465,-41.8,4.864,5228.1,no
54,entrepreneur,married,university.degree,no,yes,no,telephone,jun,wed,39,2,999,0,nonexistent,1.4,94.465,-41.8,4.864,5228.1,no
35,blue-collar,single,basic.4y,unknown,yes,no,telephone,jun,wed,282,15,999,0,nonexistent,1.4,94.465,-41.8,4.864,5228.1,no
49,blue-collar,married,unknown,unknown,no,no,telephone,jun,wed,112,4,999,0,nonexistent,1.4,94.465,-41.8,4.864,5228.1,no
38,technician,married,university.degree,unknown,no,no,telephone,jun,wed,36,4,999,0,nonexistent,1.4,94.465,-41.8,4.864,5228.1,no
55,retired,divorced,professional.course,no,yes,no,telephone,jun,wed,69,4,999,0,nonexistent,1.4,94.465,-41.8,4.864,5228.1,no
27,technician,married,professional.course,no,yes,yes,telephone,jun,wed,299,2,999,0,nonexistent,1.4,94.465,-41.8,4.864,5228.1,no
54,technician,married,professional.course,no,yes,no,telephone,jun,wed,80,6,999,0,nonexistent,1.4,94.465,-41.8,4.864,5228.1,no
40,technician,married,professional.course,no,no,no,telephone,jun,wed,389,5,999,0,nonexistent,1.4,94.465,-41.8,4.864,5228.1,no
40,management,married,basic.6y,unknown,yes,no,telephone,jun,wed,229,6,999,0,nonexistent,1.4,94.465,-41.8,4.864,5228.1,no
47,blue-collar,married,basic.4y,unknown,no,no,telephone,jun,wed,624,2,999,0,nonexistent,1.4,94.465,-41.8,4.864,5228.1,no
46,admin.,divorced,university.degree,no,yes,no,telephone,jun,wed,165,2,999,0,nonexistent,1.4,94.465,-41.8,4.864,5228.1,no
46,blue-collar,married,high.school,no,yes,no,telephone,jun,wed,216,2,999,0,nonexistent,1.4,94.465,-41.8,4.864,5228.1,no
52,technician,married,high.school,unknown,yes,no,telephone,jun,wed,122,1,999,0,nonexistent,1.4,94.465,-41.8,4.864,5228.1,no
30,blue-collar,married,basic.6y,no,no,no,telephone,jun,wed,201,2,999,0,nonexistent,1.4,94.465,-41.8,4.864,5228.1,no
39,admin.,single,high.school,no,no,no,telephone,jun,wed,172,2,999,0,nonexistent,1.4,94.465,-41.8,4.864,5228.1,no
54,admin.,married,university.degree,unknown,yes,no,telephone,jun,wed,79,10,999,0,nonexistent,1.4,94.465,-41.8,4.864,5228.1,no
36,technician,married,basic.9y,no,yes,yes,telephone,jun,wed,702,2,999,0,nonexistent,1.4,94.465,-41.8,4.864,5228.1,no
33,blue-collar,married,basic.4y,no,yes,yes,telephone,jun,wed,112,4,999,0,nonexistent,1.4,94.465,-41.8,4.864,5228.1,no
37,blue-collar,single,unknown,no,no,no,telephone,jun,wed,65,10,999,0,nonexistent,1.4,94.465,-41.8,4.864,5228.1,no
37,blue-collar,married,basic.4y,no,yes,no,telephone,jun,wed,140,2,999,0,nonexistent,1.4,94.465,-41.8,4.864,5228.1,no
33,technician,divorced,professional.course,no,no,no,telephone,jun,wed,128,1,999,0,nonexistent,1.4,94.465,-41.8,4.864,5228.1,no
34,services,married,university.degree,no,no,no,telephone,jun,wed,175,1,999,0,nonexistent,1.4,94.465,-41.8,4.864,5228.1,no
38,technician,married,professional.course,no,no,no,telephone,jun,wed,147,1,999,0,nonexistent,1.4,94.465,-41.8,4.864,5228.1,no
42,blue-collar,married,basic.6y,no,no,yes,telephone,jun,wed,292,1,999,0,nonexistent,1.4,94.465,-41.8,4.864,5228.1,no
22,services,single,high.school,no,no,no,telephone,jun,wed,156,1,999,0,nonexistent,1.4,94.465,-41.8,4.864,5228.1,no
51,technician,divorced,professional.course,no,no,no,telephone,jun,thu,399,3,999,0,nonexistent,1.4,94.465,-41.8,4.8660000000000005,5228.1,no
40,unemployed,divorced,high.school,no,no,yes,telephone,jun,thu,243,1,999,0,nonexistent,1.4,94.465,-41.8,4.8660000000000005,5228.1,no
35,services,divorced,high.school,no,yes,no,telephone,jun,thu,74,1,999,0,nonexistent,1.4,94.465,-41.8,4.8660000000000005,5228.1,no
54,admin.,married,high.school,no,yes,no,telephone,jun,thu,243,1,999,0,nonexistent,1.4,94.465,-41.8,4.8660000000000005,5228.1,no
43,blue-collar,married,basic.9y,unknown,yes,no,telephone,jun,thu,88,1,999,0,nonexistent,1.4,94.465,-41.8,4.8660000000000005,5228.1,no
45,services,married,high.school,unknown,no,no,telephone,jun,thu,379,1,999,0,nonexistent,1.4,94.465,-41.8,4.8660000000000005,5228.1,no
32,self-employed,married,university.degree,no,no,no,telephone,jun,thu,178,1,999,0,nonexistent,1.4,94.465,-41.8,4.8660000000000005,5228.1,no
36,admin.,divorced,high.school,no,no,no,telephone,jun,thu,80,1,999,0,nonexistent,1.4,94.465,-41.8,4.8660000000000005,5228.1,no
44,entrepreneur,single,university.degree,no,no,no,telephone,jun,thu,75,1,999,0,nonexistent,1.4,94.465,-41.8,4.8660000000000005,5228.1,no
37,blue-collar,married,professional.course,no,yes,no,telephone,jun,thu,65,1,999,0,nonexistent,1.4,94.465,-41.8,4.8660000000000005,5228.1,no
37,blue-collar,married,professional.course,no,yes,no,telephone,jun,thu,168,1,999,0,nonexistent,1.4,94.465,-41.8,4.8660000000000005,5228.1,no
36,blue-collar,married,unknown,no,no,no,telephone,jun,thu,179,1,999,0,nonexistent,1.4,94.465,-41.8,4.8660000000000005,5228.1,no
46,self-employed,married,basic.9y,unknown,no,no,telephone,jun,thu,49,1,999,0,nonexistent,1.4,94.465,-41.8,4.8660000000000005,5228.1,no
58,blue-collar,married,professional.course,unknown,no,yes,telephone,jun,thu,25,1,999,0,nonexistent,1.4,94.465,-41.8,4.8660000000000005,5228.1,no
45,unknown,married,unknown,no,no,no,telephone,jun,thu,484,8,999,0,nonexistent,1.4,94.465,-41.8,4.8660000000000005,5228.1,no
43,technician,married,professional.course,no,no,no,telephone,jun,thu,119,2,999,0,nonexistent,1.4,94.465,-41.8,4.8660000000000005,5228.1,no
34,management,married,university.degree,no,yes,no,telephone,jun,thu,773,1,999,0,nonexistent,1.4,94.465,-41.8,4.8660000000000005,5228.1,no
23,services,single,professional.course,unknown,no,no,telephone,jun,thu,169,1,999,0,nonexistent,1.4,94.465,-41.8,4.8660000000000005,5228.1,no
33,admin.,single,professional.course,no,no,no,telephone,jun,thu,104,1,999,0,nonexistent,1.4,94.465,-41.8,4.8660000000000005,5228.1,no
45,self-employed,married,university.degree,no,yes,no,telephone,jun,thu,870,11,999,0,nonexistent,1.4,94.465,-41.8,4.8660000000000005,5228.1,no
52,blue-collar,married,basic.9y,no,yes,no,telephone,jun,thu,112,2,999,0,nonexistent,1.4,94.465,-41.8,4.8660000000000005,5228.1,no
34,admin.,married,university.degree,no,no,no,telephone,jun,thu,283,1,999,0,nonexistent,1.4,94.465,-41.8,4.8660000000000005,5228.1,no
31,services,single,professional.course,no,no,no,telephone,jun,thu,56,1,999,0,nonexistent,1.4,94.465,-41.8,4.8660000000000005,5228.1,no
31,services,single,professional.course,no,no,no,telephone,jun,thu,224,1,999,0,nonexistent,1.4,94.465,-41.8,4.8660000000000005,5228.1,no
54,admin.,divorced,university.degree,no,no,no,telephone,jun,thu,172,1,999,0,nonexistent,1.4,94.465,-41.8,4.8660000000000005,5228.1,no
35,blue-collar,married,basic.4y,no,no,no,telephone,jun,thu,636,1,999,0,nonexistent,1.4,94.465,-41.8,4.8660000000000005,5228.1,no
53,technician,married,unknown,no,no,no,telephone,jun,thu,40,1,999,0,nonexistent,1.4,94.465,-41.8,4.8660000000000005,5228.1,no
37,admin.,married,university.degree,no,no,no,telephone,jun,thu,63,1,999,0,nonexistent,1.4,94.465,-41.8,4.8660000000000005,5228.1,no
34,services,married,high.school,unknown,yes,no,telephone,jun,thu,396,1,999,0,nonexistent,1.4,94.465,-41.8,4.8660000000000005,5228.1,no
49,admin.,divorced,university.degree,no,no,no,telephone,jun,thu,487,1,999,0,nonexistent,1.4,94.465,-41.8,4.8660000000000005,5228.1,no
30,blue-collar,single,unknown,no,no,no,telephone,jun,thu,116,1,999,0,nonexistent,1.4,94.465,-41.8,4.8660000000000005,5228.1,no
30,blue-collar,single,unknown,no,yes,no,telephone,jun,thu,400,1,999,0,nonexistent,1.4,94.465,-41.8,4.8660000000000005,5228.1,no
35,blue-collar,married,unknown,no,no,yes,telephone,jun,thu,78,1,999,0,nonexistent,1.4,94.465,-41.8,4.8660000000000005,5228.1,no
35,blue-collar,married,basic.9y,no,no,no,telephone,jun,thu,92,1,999,0,nonexistent,1.4,94.465,-41.8,4.8660000000000005,5228.1,no
52,retired,married,high.school,no,no,no,telephone,jun,thu,48,2,999,0,nonexistent,1.4,94.465,-41.8,4.8660000000000005,5228.1,no
35,blue-collar,married,basic.9y,no,yes,yes,telephone,jun,thu,97,1,999,0,nonexistent,1.4,94.465,-41.8,4.8660000000000005,5228.1,no
58,blue-collar,married,basic.4y,no,no,no,telephone,jun,thu,69,1,999,0,nonexistent,1.4,94.465,-41.8,4.8660000000000005,5228.1,no
48,admin.,single,university.degree,no,yes,no,telephone,jun,thu,333,2,999,0,nonexistent,1.4,94.465,-41.8,4.8660000000000005,5228.1,no
28,admin.,single,university.degree,no,yes,no,telephone,jun,thu,78,6,999,0,nonexistent,1.4,94.465,-41.8,4.8660000000000005,5228.1,no
24,admin.,single,high.school,no,no,no,telephone,jun,thu,131,1,999,0,nonexistent,1.4,94.465,-41.8,4.8660000000000005,5228.1,no
32,blue-collar,married,basic.9y,no,yes,no,telephone,jun,thu,155,1,999,0,nonexistent,1.4,94.465,-41.8,4.8660000000000005,5228.1,no
40,housemaid,married,basic.4y,unknown,yes,no,telephone,jun,thu,397,1,999,0,nonexistent,1.4,94.465,-41.8,4.8660000000000005,5228.1,no
41,housemaid,married,high.school,no,yes,no,telephone,jun,thu,41,1,999,0,nonexistent,1.4,94.465,-41.8,4.8660000000000005,5228.1,no
29,services,single,high.school,no,yes,no,telephone,jun,thu,133,1,999,0,nonexistent,1.4,94.465,-41.8,4.8660000000000005,5228.1,no
46,admin.,single,university.degree,no,no,no,telephone,jun,thu,57,6,999,0,nonexistent,1.4,94.465,-41.8,4.8660000000000005,5228.1,no
48,admin.,married,high.school,no,yes,yes,telephone,jun,thu,89,1,999,0,nonexistent,1.4,94.465,-41.8,4.8660000000000005,5228.1,no
41,services,divorced,basic.9y,no,yes,no,telephone,jun,thu,163,1,999,0,nonexistent,1.4,94.465,-41.8,4.8660000000000005,5228.1,no
41,blue-collar,married,basic.9y,unknown,no,no,telephone,jun,thu,142,2,999,0,nonexistent,1.4,94.465,-41.8,4.8660000000000005,5228.1,no
28,technician,single,professional.course,unknown,no,no,telephone,jun,thu,492,2,999,0,nonexistent,1.4,94.465,-41.8,4.8660000000000005,5228.1,no
41,blue-collar,married,basic.9y,no,no,yes,telephone,jun,thu,327,2,999,0,nonexistent,1.4,94.465,-41.8,4.8660000000000005,5228.1,no
30,technician,married,university.degree,unknown,no,no,telephone,jun,thu,189,1,999,0,nonexistent,1.4,94.465,-41.8,4.8660000000000005,5228.1,no
42,blue-collar,married,basic.4y,unknown,yes,no,telephone,jun,thu,812,1,999,0,nonexistent,1.4,94.465,-41.8,4.8660000000000005,5228.1,yes
52,management,divorced,university.degree,no,yes,yes,telephone,jun,thu,73,1,999,0,nonexistent,1.4,94.465,-41.8,4.8660000000000005,5228.1,no
46,admin.,married,high.school,no,no,no,telephone,jun,thu,428,1,999,0,nonexistent,1.4,94.465,-41.8,4.8660000000000005,5228.1,no
41,technician,married,basic.6y,no,no,no,telephone,jun,thu,41,1,999,0,nonexistent,1.4,94.465,-41.8,4.8660000000000005,5228.1,no
23,services,single,professional.course,unknown,no,no,telephone,jun,thu,202,1,999,0,nonexistent,1.4,94.465,-41.8,4.8660000000000005,5228.1,no
33,self-employed,married,university.degree,no,yes,no,telephone,jun,thu,271,1,999,0,nonexistent,1.4,94.465,-41.8,4.8660000000000005,5228.1,no
38,services,married,high.school,unknown,no,no,telephone,jun,thu,305,5,999,0,nonexistent,1.4,94.465,-41.8,4.8660000000000005,5228.1,no
44,management,married,university.degree,no,no,no,telephone,jun,thu,175,1,999,0,nonexistent,1.4,94.465,-41.8,4.8660000000000005,5228.1,no
30,technician,single,professional.course,no,unknown,unknown,telephone,jun,thu,67,1,999,0,nonexistent,1.4,94.465,-41.8,4.8660000000000005,5228.1,no
26,blue-collar,married,basic.9y,unknown,no,yes,telephone,jun,thu,81,2,999,0,nonexistent,1.4,94.465,-41.8,4.8660000000000005,5228.1,no
57,retired,single,professional.course,no,no,no,telephone,jun,thu,647,1,999,0,nonexistent,1.4,94.465,-41.8,4.8660000000000005,5228.1,no
52,blue-collar,divorced,basic.4y,no,no,no,telephone,jun,thu,910,2,999,0,nonexistent,1.4,94.465,-41.8,4.8660000000000005,5228.1,yes
30,blue-collar,single,unknown,no,no,no,telephone,jun,thu,65,2,999,0,nonexistent,1.4,94.465,-41.8,4.8660000000000005,5228.1,no
35,admin.,married,university.degree,no,yes,yes,telephone,jun,thu,21,1,999,0,nonexistent,1.4,94.465,-41.8,4.8660000000000005,5228.1,no
58,admin.,married,unknown,unknown,no,no,telephone,jun,thu,292,1,999,0,nonexistent,1.4,94.465,-41.8,4.8660000000000005,5228.1,no
46,blue-collar,married,professional.course,no,no,no,telephone,jun,thu,1446,1,999,0,nonexistent,1.4,94.465,-41.8,4.8660000000000005,5228.1,yes
26,admin.,single,high.school,no,no,no,telephone,jun,thu,463,1,999,0,nonexistent,1.4,94.465,-41.8,4.8660000000000005,5228.1,no
52,self-employed,married,basic.4y,unknown,no,no,telephone,jun,thu,60,1,999,0,nonexistent,1.4,94.465,-41.8,4.8660000000000005,5228.1,no
45,admin.,married,basic.9y,unknown,yes,no,telephone,jun,thu,60,1,999,0,nonexistent,1.4,94.465,-41.8,4.8660000000000005,5228.1,no
49,blue-collar,married,basic.9y,unknown,no,no,telephone,jun,thu,1149,2,999,0,nonexistent,1.4,94.465,-41.8,4.8660000000000005,5228.1,yes
58,retired,married,basic.4y,unknown,yes,no,telephone,jun,thu,179,1,999,0,nonexistent,1.4,94.465,-41.8,4.8660000000000005,5228.1,no
31,blue-collar,divorced,basic.9y,no,yes,no,telephone,jun,thu,166,2,999,0,nonexistent,1.4,94.465,-41.8,4.8660000000000005,5228.1,no
41,technician,married,professional.course,no,no,no,telephone,jun,thu,67,2,999,0,nonexistent,1.4,94.465,-41.8,4.8660000000000005,5228.1,no
27,admin.,single,university.degree,no,no,yes,telephone,jun,thu,263,2,999,0,nonexistent,1.4,94.465,-41.8,4.8660000000000005,5228.1,no
40,entrepreneur,married,basic.9y,no,no,no,telephone,jun,thu,331,1,999,0,nonexistent,1.4,94.465,-41.8,4.8660000000000005,5228.1,no
36,self-employed,divorced,basic.4y,no,yes,no,telephone,jun,thu,174,1,999,0,nonexistent,1.4,94.465,-41.8,4.8660000000000005,5228.1,no
58,housemaid,married,basic.4y,no,yes,no,telephone,jun,thu,190,1,999,0,nonexistent,1.4,94.465,-41.8,4.8660000000000005,5228.1,no
43,unemployed,married,university.degree,unknown,yes,no,telephone,jun,thu,409,1,999,0,nonexistent,1.4,94.465,-41.8,4.8660000000000005,5228.1,no
31,admin.,married,basic.9y,no,no,no,telephone,jun,thu,145,1,999,0,nonexistent,1.4,94.465,-41.8,4.8660000000000005,5228.1,no
32,services,single,basic.9y,no,no,yes,telephone,jun,thu,139,1,999,0,nonexistent,1.4,94.465,-41.8,4.8660000000000005,5228.1,no
59,technician,married,unknown,unknown,unknown,unknown,telephone,jun,thu,247,2,999,0,nonexistent,1.4,94.465,-41.8,4.8660000000000005,5228.1,no
38,services,married,basic.4y,no,no,yes,telephone,jun,thu,90,1,999,0,nonexistent,1.4,94.465,-41.8,4.8660000000000005,5228.1,no
30,blue-collar,married,basic.9y,no,yes,no,telephone,jun,thu,52,1,999,0,nonexistent,1.4,94.465,-41.8,4.8660000000000005,5228.1,no
40,admin.,divorced,high.school,no,no,no,telephone,jun,thu,170,1,999,0,nonexistent,1.4,94.465,-41.8,4.8660000000000005,5228.1,no
45,blue-collar,married,basic.4y,unknown,yes,no,telephone,jun,thu,100,1,999,0,nonexistent,1.4,94.465,-41.8,4.8660000000000005,5228.1,no
46,admin.,married,basic.9y,unknown,yes,no,telephone,jun,thu,70,1,999,0,nonexistent,1.4,94.465,-41.8,4.8660000000000005,5228.1,no
41,blue-collar,married,basic.9y,unknown,no,no,telephone,jun,thu,89,1,999,0,nonexistent,1.4,94.465,-41.8,4.8660000000000005,5228.1,no
31,blue-collar,married,basic.9y,no,yes,no,telephone,jun,thu,91,1,999,0,nonexistent,1.4,94.465,-41.8,4.8660000000000005,5228.1,no
31,blue-collar,married,basic.9y,no,no,no,telephone,jun,thu,47,1,999,0,nonexistent,1.4,94.465,-41.8,4.8660000000000005,5228.1,no
41,management,married,university.degree,no,yes,no,telephone,jun,thu,52,8,999,0,nonexistent,1.4,94.465,-41.8,4.8660000000000005,5228.1,no
39,services,divorced,high.school,no,no,no,telephone,jun,thu,81,1,999,0,nonexistent,1.4,94.465,-41.8,4.8660000000000005,5228.1,no
30,self-employed,single,university.degree,no,no,no,telephone,jun,thu,39,1,999,0,nonexistent,1.4,94.465,-41.8,4.8660000000000005,5228.1,no
56,blue-collar,married,basic.4y,no,yes,yes,telephone,jun,thu,36,2,999,0,nonexistent,1.4,94.465,-41.8,4.8660000000000005,5228.1,no
43,blue-collar,married,basic.4y,unknown,no,no,telephone,jun,thu,287,1,999,0,nonexistent,1.4,94.465,-41.8,4.8660000000000005,5228.1,no
37,services,married,high.school,unknown,no,no,telephone,jun,thu,106,2,999,0,nonexistent,1.4,94.465,-41.8,4.8660000000000005,5228.1,no
52,technician,married,basic.9y,no,yes,no,telephone,jun,thu,166,2,999,0,nonexistent,1.4,94.465,-41.8,4.8660000000000005,5228.1,no
45,blue-collar,married,unknown,unknown,no,no,telephone,jun,thu,264,1,999,0,nonexistent,1.4,94.465,-41.8,4.8660000000000005,5228.1,no
57,technician,divorced,basic.9y,no,no,no,telephone,jun,thu,72,1,999,0,nonexistent,1.4,94.465,-41.8,4.8660000000000005,5228.1,no
36,management,married,university.degree,no,no,no,telephone,jun,thu,22,1,999,0,nonexistent,1.4,94.465,-41.8,4.8660000000000005,5228.1,no
50,blue-collar,married,basic.4y,no,yes,no,telephone,jun,thu,152,1,999,0,nonexistent,1.4,94.465,-41.8,4.8660000000000005,5228.1,no
40,entrepreneur,married,basic.6y,unknown,no,no,telephone,jun,thu,85,2,999,0,nonexistent,1.4,94.465,-41.8,4.8660000000000005,5228.1,no
39,blue-collar,married,basic.6y,unknown,no,no,telephone,jun,thu,247,1,999,0,nonexistent,1.4,94.465,-41.8,4.8660000000000005,5228.1,no
28,blue-collar,married,basic.9y,no,yes,yes,telephone,jun,thu,109,2,999,0,nonexistent,1.4,94.465,-41.8,4.8660000000000005,5228.1,no
39,blue-collar,married,basic.6y,unknown,yes,no,telephone,jun,thu,414,1,999,0,nonexistent,1.4,94.465,-41.8,4.8660000000000005,5228.1,no
32,entrepreneur,married,high.school,unknown,yes,no,telephone,jun,thu,107,1,999,0,nonexistent,1.4,94.465,-41.8,4.8660000000000005,5228.1,no
49,entrepreneur,married,basic.4y,unknown,no,no,telephone,jun,thu,285,1,999,0,nonexistent,1.4,94.465,-41.8,4.8660000000000005,5228.1,no
49,blue-collar,married,basic.4y,no,yes,no,telephone,jun,thu,290,1,999,0,nonexistent,1.4,94.465,-41.8,4.8660000000000005,5228.1,no
40,unemployed,divorced,high.school,no,no,yes,telephone,jun,thu,257,1,999,0,nonexistent,1.4,94.465,-41.8,4.8660000000000005,5228.1,no
57,services,married,high.school,unknown,no,yes,telephone,jun,thu,267,1,999,0,nonexistent,1.4,94.465,-41.8,4.8660000000000005,5228.1,no
42,housemaid,divorced,basic.4y,unknown,yes,no,telephone,jun,thu,150,2,999,0,nonexistent,1.4,94.465,-41.8,4.8660000000000005,5228.1,no
41,management,married,university.degree,no,no,no,telephone,jun,thu,21,1,999,0,nonexistent,1.4,94.465,-41.8,4.8660000000000005,5228.1,no
53,services,married,high.school,unknown,yes,no,telephone,jun,thu,108,1,999,0,nonexistent,1.4,94.465,-41.8,4.8660000000000005,5228.1,no
47,technician,married,professional.course,no,no,no,telephone,jun,thu,202,1,999,0,nonexistent,1.4,94.465,-41.8,4.8660000000000005,5228.1,no
56,retired,married,basic.9y,unknown,yes,no,telephone,jun,thu,60,20,999,0,nonexistent,1.4,94.465,-41.8,4.8660000000000005,5228.1,no
40,services,divorced,high.school,no,no,no,telephone,jun,thu,265,2,999,0,nonexistent,1.4,94.465,-41.8,4.8660000000000005,5228.1,no
31,blue-collar,single,basic.4y,no,no,no,telephone,jun,thu,590,3,999,0,nonexistent,1.4,94.465,-41.8,4.8660000000000005,5228.1,yes
45,housemaid,married,professional.course,unknown,yes,no,telephone,jun,thu,126,2,999,0,nonexistent,1.4,94.465,-41.8,4.8660000000000005,5228.1,no
56,technician,married,professional.course,unknown,no,no,telephone,jun,thu,48,2,999,0,nonexistent,1.4,94.465,-41.8,4.8660000000000005,5228.1,no
49,admin.,divorced,university.degree,no,yes,no,telephone,jun,thu,234,2,999,0,nonexistent,1.4,94.465,-41.8,4.8660000000000005,5228.1,no
29,entrepreneur,divorced,basic.9y,no,yes,no,telephone,jun,thu,53,1,999,0,nonexistent,1.4,94.465,-41.8,4.8660000000000005,5228.1,no
39,admin.,married,university.degree,no,no,no,telephone,jun,thu,370,2,999,0,nonexistent,1.4,94.465,-41.8,4.8660000000000005,5228.1,no
37,blue-collar,married,high.school,no,no,no,telephone,jun,thu,280,1,999,0,nonexistent,1.4,94.465,-41.8,4.8660000000000005,5228.1,no
59,retired,married,high.school,unknown,no,yes,telephone,jun,thu,222,1,999,0,nonexistent,1.4,94.465,-41.8,4.8660000000000005,5228.1,no
59,retired,married,high.school,unknown,yes,no,telephone,jun,thu,251,1,999,0,nonexistent,1.4,94.465,-41.8,4.8660000000000005,5228.1,no
31,admin.,single,university.degree,no,yes,no,telephone,jun,thu,237,3,999,0,nonexistent,1.4,94.465,-41.8,4.8660000000000005,5228.1,no
41,management,married,unknown,unknown,no,yes,telephone,jun,thu,636,1,999,0,nonexistent,1.4,94.465,-41.8,4.8660000000000005,5228.1,yes
55,retired,married,professional.course,no,yes,no,telephone,jun,thu,147,1,999,0,nonexistent,1.4,94.465,-41.8,4.8660000000000005,5228.1,no
41,blue-collar,single,basic.4y,no,no,no,telephone,jun,thu,83,2,999,0,nonexistent,1.4,94.465,-41.8,4.8660000000000005,5228.1,no
42,blue-collar,married,basic.4y,unknown,no,no,telephone,jun,thu,164,2,999,0,nonexistent,1.4,94.465,-41.8,4.8660000000000005,5228.1,no
47,blue-collar,married,basic.6y,no,no,no,telephone,jun,thu,103,2,999,0,nonexistent,1.4,94.465,-41.8,4.8660000000000005,5228.1,no
28,blue-collar,married,basic.4y,no,no,no,telephone,jun,thu,118,1,999,0,nonexistent,1.4,94.465,-41.8,4.8660000000000005,5228.1,no
54,admin.,married,university.degree,no,yes,yes,telephone,jun,thu,80,2,999,0,nonexistent,1.4,94.465,-41.8,4.8660000000000005,5228.1,no
32,technician,single,high.school,no,yes,no,telephone,jun,thu,127,3,999,0,nonexistent,1.4,94.465,-41.8,4.8660000000000005,5228.1,no
35,technician,married,professional.course,no,yes,no,telephone,jun,thu,160,1,999,0,nonexistent,1.4,94.465,-41.8,4.8660000000000005,5228.1,no
31,housemaid,divorced,high.school,no,no,no,telephone,jun,thu,57,1,999,0,nonexistent,1.4,94.465,-41.8,4.8660000000000005,5228.1,no
39,services,married,high.school,no,no,no,telephone,jun,thu,227,1,999,0,nonexistent,1.4,94.465,-41.8,4.8660000000000005,5228.1,no
36,blue-collar,married,high.school,no,yes,no,telephone,jun,thu,267,11,999,0,nonexistent,1.4,94.465,-41.8,4.8660000000000005,5228.1,no
34,blue-collar,married,basic.9y,no,no,no,telephone,jun,thu,761,2,999,0,nonexistent,1.4,94.465,-41.8,4.8660000000000005,5228.1,yes
39,entrepreneur,single,basic.6y,no,no,no,telephone,jun,thu,1053,2,999,0,nonexistent,1.4,94.465,-41.8,4.8660000000000005,5228.1,yes
54,technician,single,university.degree,unknown,no,no,telephone,jun,thu,594,3,999,0,nonexistent,1.4,94.465,-41.8,4.8660000000000005,5228.1,no
44,blue-collar,married,basic.4y,no,unknown,unknown,telephone,jun,thu,471,3,999,0,nonexistent,1.4,94.465,-41.8,4.8660000000000005,5228.1,no
44,technician,single,basic.9y,no,yes,no,telephone,jun,thu,113,3,999,0,nonexistent,1.4,94.465,-41.8,4.8660000000000005,5228.1,no
31,services,married,high.school,unknown,no,no,telephone,jun,thu,447,2,999,0,nonexistent,1.4,94.465,-41.8,4.8660000000000005,5228.1,no
56,entrepreneur,married,university.degree,unknown,yes,no,telephone,jun,thu,215,1,999,0,nonexistent,1.4,94.465,-41.8,4.8660000000000005,5228.1,no
31,admin.,married,high.school,unknown,no,no,telephone,jun,thu,185,1,999,0,nonexistent,1.4,94.465,-41.8,4.8660000000000005,5228.1,no
33,self-employed,single,university.degree,no,unknown,unknown,telephone,jun,thu,169,3,999,0,nonexistent,1.4,94.465,-41.8,4.8660000000000005,5228.1,no
44,admin.,married,university.degree,unknown,yes,no,telephone,jun,thu,18,2,999,0,nonexistent,1.4,94.465,-41.8,4.8660000000000005,5228.1,no
47,admin.,divorced,high.school,no,no,no,telephone,jun,thu,23,2,999,0,nonexistent,1.4,94.465,-41.8,4.8660000000000005,5228.1,no
37,blue-collar,single,basic.6y,unknown,no,no,telephone,jun,thu,27,8,999,0,nonexistent,1.4,94.465,-41.8,4.8660000000000005,5228.1,no
41,blue-collar,married,basic.4y,unknown,no,no,telephone,jun,thu,348,1,999,0,nonexistent,1.4,94.465,-41.8,4.8660000000000005,5228.1,no
27,admin.,single,university.degree,no,no,no,telephone,jun,thu,64,2,999,0,nonexistent,1.4,94.465,-41.8,4.8660000000000005,5228.1,no
49,blue-collar,married,basic.4y,unknown,no,no,telephone,jun,thu,57,2,999,0,nonexistent,1.4,94.465,-41.8,4.8660000000000005,5228.1,no
46,housemaid,married,basic.4y,no,yes,no,telephone,jun,thu,71,1,999,0,nonexistent,1.4,94.465,-41.8,4.8660000000000005,5228.1,no
42,blue-collar,married,basic.4y,no,yes,no,telephone,jun,thu,168,2,999,0,nonexistent,1.4,94.465,-41.8,4.8660000000000005,5228.1,no
46,self-employed,married,basic.9y,unknown,no,no,telephone,jun,thu,99,3,999,0,nonexistent,1.4,94.465,-41.8,4.8660000000000005,5228.1,no
41,blue-collar,married,basic.9y,unknown,no,no,telephone,jun,thu,237,2,999,0,nonexistent,1.4,94.465,-41.8,4.8660000000000005,5228.1,no
37,services,married,high.school,no,yes,no,telephone,jun,thu,52,1,999,0,nonexistent,1.4,94.465,-41.8,4.8660000000000005,5228.1,no
49,blue-collar,married,basic.4y,unknown,yes,no,telephone,jun,thu,27,2,999,0,nonexistent,1.4,94.465,-41.8,4.8660000000000005,5228.1,no
34,services,married,high.school,no,no,no,telephone,jun,thu,511,1,999,0,nonexistent,1.4,94.465,-41.8,4.8660000000000005,5228.1,no
37,services,married,high.school,no,no,no,telephone,jun,thu,201,1,999,0,nonexistent,1.4,94.465,-41.8,4.8660000000000005,5228.1,no
29,services,single,high.school,no,yes,no,telephone,jun,thu,170,2,999,0,nonexistent,1.4,94.465,-41.8,4.8660000000000005,5228.1,no
26,blue-collar,single,basic.9y,no,yes,no,telephone,jun,thu,61,2,999,0,nonexistent,1.4,94.465,-41.8,4.8660000000000005,5228.1,no
31,admin.,married,university.degree,no,no,no,telephone,jun,thu,256,2,999,0,nonexistent,1.4,94.465,-41.8,4.8660000000000005,5228.1,no
50,technician,married,professional.course,unknown,yes,no,telephone,jun,thu,87,1,999,0,nonexistent,1.4,94.465,-41.8,4.8660000000000005,5228.1,no
50,management,married,unknown,no,yes,no,telephone,jun,thu,1005,2,999,0,nonexistent,1.4,94.465,-41.8,4.8660000000000005,5228.1,no
52,management,divorced,university.degree,no,no,no,telephone,jun,thu,20,1,999,0,nonexistent,1.4,94.465,-41.8,4.8660000000000005,5228.1,no
39,services,married,high.school,no,no,no,telephone,jun,thu,387,1,999,0,nonexistent,1.4,94.465,-41.8,4.8660000000000005,5228.1,no
39,admin.,married,high.school,unknown,yes,no,telephone,jun,thu,1084,1,999,0,nonexistent,1.4,94.465,-41.8,4.8660000000000005,5228.1,no
38,services,married,basic.4y,no,yes,no,telephone,jun,thu,400,2,999,0,nonexistent,1.4,94.465,-41.8,4.8660000000000005,5228.1,no
60,retired,married,professional.course,no,yes,no,telephone,jun,thu,190,2,999,0,nonexistent,1.4,94.465,-41.8,4.8660000000000005,5228.1,no
34,technician,single,professional.course,no,no,no,telephone,jun,thu,432,8,999,0,nonexistent,1.4,94.465,-41.8,4.8660000000000005,5228.1,no
42,blue-collar,married,basic.4y,unknown,yes,no,telephone,jun,thu,34,1,999,0,nonexistent,1.4,94.465,-41.8,4.8660000000000005,5228.1,no
29,blue-collar,married,basic.9y,unknown,no,yes,telephone,jun,thu,586,3,999,0,nonexistent,1.4,94.465,-41.8,4.8660000000000005,5228.1,no
31,technician,married,university.degree,no,no,no,telephone,jun,thu,983,2,999,0,nonexistent,1.4,94.465,-41.8,4.8660000000000005,5228.1,yes
40,admin.,married,high.school,no,no,no,telephone,jun,thu,221,2,999,0,nonexistent,1.4,94.465,-41.8,4.8660000000000005,5228.1,no
58,entrepreneur,divorced,university.degree,no,no,no,telephone,jun,thu,40,2,999,0,nonexistent,1.4,94.465,-41.8,4.8660000000000005,5228.1,no
40,entrepreneur,married,university.degree,unknown,no,no,telephone,jun,thu,85,3,999,0,nonexistent,1.4,94.465,-41.8,4.8660000000000005,5228.1,no
48,blue-collar,married,basic.6y,no,no,no,telephone,jun,thu,313,2,999,0,nonexistent,1.4,94.465,-41.8,4.8660000000000005,5228.1,no
41,blue-collar,married,basic.4y,no,no,no,telephone,jun,thu,163,1,999,0,nonexistent,1.4,94.465,-41.8,4.8660000000000005,5228.1,no
36,blue-collar,single,basic.9y,no,yes,no,telephone,jun,thu,21,10,999,0,nonexistent,1.4,94.465,-41.8,4.8660000000000005,5228.1,no
41,blue-collar,married,basic.4y,no,no,no,telephone,jun,thu,17,1,999,0,nonexistent,1.4,94.465,-41.8,4.8660000000000005,5228.1,no
37,entrepreneur,married,university.degree,no,unknown,unknown,telephone,jun,thu,59,7,999,0,nonexistent,1.4,94.465,-41.8,4.8660000000000005,5228.1,no
33,admin.,married,university.degree,no,unknown,unknown,telephone,jun,thu,49,1,999,0,nonexistent,1.4,94.465,-41.8,4.8660000000000005,5228.1,no
38,housemaid,married,basic.9y,unknown,unknown,unknown,telephone,jun,thu,138,1,999,0,nonexistent,1.4,94.465,-41.8,4.8660000000000005,5228.1,no
38,admin.,married,university.degree,no,yes,no,telephone,jun,thu,197,1,999,0,nonexistent,1.4,94.465,-41.8,4.8660000000000005,5228.1,no
36,admin.,married,basic.9y,no,yes,no,telephone,jun,thu,622,4,999,0,nonexistent,1.4,94.465,-41.8,4.8660000000000005,5228.1,no
34,services,divorced,professional.course,unknown,yes,no,telephone,jun,thu,339,1,999,0,nonexistent,1.4,94.465,-41.8,4.8660000000000005,5228.1,no
45,unknown,married,unknown,unknown,no,yes,telephone,jun,thu,91,1,999,0,nonexistent,1.4,94.465,-41.8,4.8660000000000005,5228.1,no
52,management,married,university.degree,no,no,no,telephone,jun,thu,423,2,999,0,nonexistent,1.4,94.465,-41.8,4.8660000000000005,5228.1,no
35,blue-collar,married,professional.course,no,yes,no,telephone,jun,thu,181,2,999,0,nonexistent,1.4,94.465,-41.8,4.8660000000000005,5228.1,no
47,admin.,married,university.degree,unknown,no,no,telephone,jun,thu,49,2,999,0,nonexistent,1.4,94.465,-41.8,4.8660000000000005,5228.1,no
26,housemaid,married,university.degree,no,no,no,telephone,jun,thu,181,2,999,0,nonexistent,1.4,94.465,-41.8,4.8660000000000005,5228.1,no
35,blue-collar,divorced,basic.9y,no,no,no,telephone,jun,thu,77,2,999,0,nonexistent,1.4,94.465,-41.8,4.8660000000000005,5228.1,no
57,self-employed,married,university.degree,unknown,yes,no,telephone,jun,thu,318,3,999,0,nonexistent,1.4,94.465,-41.8,4.8660000000000005,5228.1,no
50,technician,married,professional.course,no,no,no,telephone,jun,thu,158,1,999,0,nonexistent,1.4,94.465,-41.8,4.8660000000000005,5228.1,no
43,admin.,married,unknown,no,yes,no,telephone,jun,thu,189,2,999,0,nonexistent,1.4,94.465,-41.8,4.8660000000000005,5228.1,no
41,blue-collar,divorced,professional.course,no,unknown,unknown,telephone,jun,thu,127,6,999,0,nonexistent,1.4,94.465,-41.8,4.8660000000000005,5228.1,no
47,blue-collar,married,basic.6y,unknown,yes,no,telephone,jun,thu,86,2,999,0,nonexistent,1.4,94.465,-41.8,4.8660000000000005,5228.1,no
48,blue-collar,divorced,basic.4y,unknown,yes,no,telephone,jun,thu,63,3,999,0,nonexistent,1.4,94.465,-41.8,4.8660000000000005,5228.1,no
45,technician,married,professional.course,no,no,no,telephone,jun,thu,517,3,999,0,nonexistent,1.4,94.465,-41.8,4.8660000000000005,5228.1,no
30,blue-collar,single,basic.9y,unknown,no,no,telephone,jun,thu,420,4,999,0,nonexistent,1.4,94.465,-41.8,4.8660000000000005,5228.1,no
45,blue-collar,married,basic.6y,unknown,no,no,telephone,jun,thu,333,1,999,0,nonexistent,1.4,94.465,-41.8,4.8660000000000005,5228.1,no
34,entrepreneur,married,basic.4y,no,no,no,telephone,jun,thu,26,24,999,0,nonexistent,1.4,94.465,-41.8,4.8660000000000005,5228.1,no
45,blue-collar,married,basic.6y,unknown,no,no,telephone,jun,thu,272,2,999,0,nonexistent,1.4,94.465,-41.8,4.8660000000000005,5228.1,no
40,blue-collar,married,basic.9y,unknown,no,no,telephone,jun,thu,101,11,999,0,nonexistent,1.4,94.465,-41.8,4.8660000000000005,5228.1,no
41,admin.,married,high.school,no,no,no,telephone,jun,thu,152,2,999,0,nonexistent,1.4,94.465,-41.8,4.8660000000000005,5228.1,no
32,services,married,high.school,unknown,no,no,telephone,jun,thu,97,2,999,0,nonexistent,1.4,94.465,-41.8,4.8660000000000005,5228.1,no
52,housemaid,married,basic.4y,unknown,no,no,telephone,jun,thu,92,2,999,0,nonexistent,1.4,94.465,-41.8,4.8660000000000005,5228.1,no
39,admin.,married,high.school,no,yes,no,telephone,jun,thu,337,2,999,0,nonexistent,1.4,94.465,-41.8,4.8660000000000005,5228.1,no
47,blue-collar,married,basic.9y,no,yes,no,telephone,jun,thu,955,4,999,0,nonexistent,1.4,94.465,-41.8,4.8660000000000005,5228.1,no
29,services,single,high.school,no,yes,no,telephone,jun,thu,1018,3,999,0,nonexistent,1.4,94.465,-41.8,4.8660000000000005,5228.1,yes
34,services,single,high.school,no,no,no,telephone,jun,thu,729,2,999,0,nonexistent,1.4,94.465,-41.8,4.8660000000000005,5228.1,no
35,technician,single,high.school,no,yes,no,telephone,jun,thu,159,2,999,0,nonexistent,1.4,94.465,-41.8,4.8660000000000005,5228.1,no
31,entrepreneur,married,university.degree,no,yes,no,telephone,jun,thu,130,2,999,0,nonexistent,1.4,94.465,-41.8,4.8660000000000005,5228.1,no
37,blue-collar,married,basic.9y,no,unknown,unknown,telephone,jun,thu,94,4,999,0,nonexistent,1.4,94.465,-41.8,4.8660000000000005,5228.1,no
40,admin.,married,high.school,no,no,no,telephone,jun,thu,314,2,999,0,nonexistent,1.4,94.465,-41.8,4.8660000000000005,5228.1,no
43,admin.,married,professional.course,no,yes,no,telephone,jun,thu,193,2,999,0,nonexistent,1.4,94.465,-41.8,4.8660000000000005,5228.1,no
30,blue-collar,married,basic.9y,no,no,no,telephone,jun,thu,53,29,999,0,nonexistent,1.4,94.465,-41.8,4.8660000000000005,5228.1,no
41,services,married,high.school,no,no,no,telephone,jun,thu,231,2,999,0,nonexistent,1.4,94.465,-41.8,4.8660000000000005,5228.1,no
46,admin.,divorced,university.degree,no,no,no,telephone,jun,thu,353,2,999,0,nonexistent,1.4,94.465,-41.8,4.8660000000000005,5228.1,no
32,technician,married,professional.course,no,no,no,telephone,jun,thu,805,2,999,0,nonexistent,1.4,94.465,-41.8,4.8660000000000005,5228.1,no
47,entrepreneur,married,professional.course,unknown,unknown,unknown,telephone,jun,thu,19,3,999,0,nonexistent,1.4,94.465,-41.8,4.8660000000000005,5228.1,no
37,entrepreneur,married,basic.9y,no,yes,yes,telephone,jun,thu,102,2,999,0,nonexistent,1.4,94.465,-41.8,4.8660000000000005,5228.1,no
27,blue-collar,single,basic.9y,no,no,yes,telephone,jun,thu,869,2,999,0,nonexistent,1.4,94.465,-41.8,4.8660000000000005,5228.1,no
39,admin.,married,university.degree,no,yes,no,telephone,jun,thu,65,3,999,0,nonexistent,1.4,94.465,-41.8,4.8660000000000005,5228.1,no
56,technician,married,professional.course,unknown,yes,no,telephone,jun,thu,150,2,999,0,nonexistent,1.4,94.465,-41.8,4.8660000000000005,5228.1,no
39,management,divorced,university.degree,unknown,no,no,telephone,jun,thu,91,2,999,0,nonexistent,1.4,94.465,-41.8,4.8660000000000005,5228.1,no
35,blue-collar,married,basic.6y,unknown,no,no,telephone,jun,thu,144,7,999,0,nonexistent,1.4,94.465,-41.8,4.8660000000000005,5228.1,no
36,management,divorced,professional.course,no,no,no,telephone,jun,thu,115,2,999,0,nonexistent,1.4,94.465,-41.8,4.8660000000000005,5228.1,no
40,entrepreneur,married,basic.9y,no,yes,no,telephone,jun,thu,561,3,999,0,nonexistent,1.4,94.465,-41.8,4.8660000000000005,5228.1,no
34,blue-collar,divorced,professional.course,no,no,no,telephone,jun,thu,884,4,999,0,nonexistent,1.4,94.465,-41.8,4.8660000000000005,5228.1,yes
51,admin.,married,university.degree,no,no,no,telephone,jun,thu,295,3,999,0,nonexistent,1.4,94.465,-41.8,4.8660000000000005,5228.1,no
34,admin.,single,basic.9y,unknown,yes,no,telephone,jun,thu,319,6,999,0,nonexistent,1.4,94.465,-41.8,4.8660000000000005,5228.1,no
47,admin.,married,unknown,unknown,yes,yes,telephone,jun,thu,323,3,999,0,nonexistent,1.4,94.465,-41.8,4.8660000000000005,5228.1,no
38,management,married,high.school,unknown,no,yes,telephone,jun,thu,70,2,999,0,nonexistent,1.4,94.465,-41.8,4.8660000000000005,5228.1,no
43,services,married,basic.9y,no,no,no,telephone,jun,thu,110,17,999,0,nonexistent,1.4,94.465,-41.8,4.8660000000000005,5228.1,no
46,blue-collar,married,basic.9y,unknown,no,no,telephone,jun,thu,162,2,999,0,nonexistent,1.4,94.465,-41.8,4.8660000000000005,5228.1,no
38,admin.,single,high.school,unknown,yes,no,telephone,jun,thu,67,2,999,0,nonexistent,1.4,94.465,-41.8,4.8660000000000005,5228.1,no
25,services,single,professional.course,no,yes,no,telephone,jun,thu,18,3,999,0,nonexistent,1.4,94.465,-41.8,4.8660000000000005,5228.1,no
46,admin.,divorced,university.degree,no,no,no,telephone,jun,thu,138,2,999,0,nonexistent,1.4,94.465,-41.8,4.8660000000000005,5228.1,no
52,blue-collar,married,unknown,unknown,yes,no,telephone,jun,thu,60,3,999,0,nonexistent,1.4,94.465,-41.8,4.8660000000000005,5228.1,no
34,admin.,single,university.degree,unknown,no,no,telephone,jun,thu,17,16,999,0,nonexistent,1.4,94.465,-41.8,4.8660000000000005,5228.1,no
40,admin.,married,university.degree,unknown,no,no,telephone,jun,thu,650,2,999,0,nonexistent,1.4,94.465,-41.8,4.8660000000000005,5228.1,no
45,self-employed,married,university.degree,unknown,no,no,telephone,jun,thu,108,2,999,0,nonexistent,1.4,94.465,-41.8,4.8660000000000005,5228.1,no
36,services,married,high.school,no,yes,no,telephone,jun,thu,394,2,999,0,nonexistent,1.4,94.465,-41.8,4.8660000000000005,5228.1,no
48,admin.,divorced,high.school,no,yes,yes,telephone,jun,thu,1011,2,999,0,nonexistent,1.4,94.465,-41.8,4.8660000000000005,5228.1,no
41,admin.,married,high.school,no,yes,yes,telephone,jun,thu,204,4,999,0,nonexistent,1.4,94.465,-41.8,4.8660000000000005,5228.1,no
42,admin.,married,university.degree,unknown,yes,no,telephone,jun,thu,160,2,999,0,nonexistent,1.4,94.465,-41.8,4.8660000000000005,5228.1,no
37,blue-collar,married,basic.4y,no,yes,no,telephone,jun,thu,222,2,999,0,nonexistent,1.4,94.465,-41.8,4.8660000000000005,5228.1,no
48,blue-collar,married,basic.4y,no,no,no,telephone,jun,thu,240,2,999,0,nonexistent,1.4,94.465,-41.8,4.8660000000000005,5228.1,no
38,unemployed,married,basic.4y,unknown,no,no,telephone,jun,thu,54,26,999,0,nonexistent,1.4,94.465,-41.8,4.8660000000000005,5228.1,no
35,technician,married,professional.course,no,yes,no,telephone,jun,thu,18,31,999,0,nonexistent,1.4,94.465,-41.8,4.8660000000000005,5228.1,no
39,blue-collar,married,basic.6y,no,no,no,telephone,jun,thu,31,5,999,0,nonexistent,1.4,94.465,-41.8,4.8660000000000005,5228.1,no
45,services,divorced,unknown,no,no,no,telephone,jun,thu,474,2,999,0,nonexistent,1.4,94.465,-41.8,4.8660000000000005,5228.1,no
23,blue-collar,married,high.school,no,no,yes,telephone,jun,thu,173,3,999,0,nonexistent,1.4,94.465,-41.8,4.8660000000000005,5228.1,no
42,unemployed,married,basic.6y,unknown,no,no,telephone,jun,thu,87,2,999,0,nonexistent,1.4,94.465,-41.8,4.8660000000000005,5228.1,no
31,services,married,high.school,unknown,yes,no,telephone,jun,thu,67,12,999,0,nonexistent,1.4,94.465,-41.8,4.8660000000000005,5228.1,no
43,blue-collar,married,basic.9y,no,no,no,telephone,jun,thu,246,2,999,0,nonexistent,1.4,94.465,-41.8,4.8660000000000005,5228.1,no
25,technician,single,university.degree,no,yes,yes,telephone,jun,thu,128,2,999,0,nonexistent,1.4,94.465,-41.8,4.8660000000000005,5228.1,no
36,admin.,married,high.school,no,yes,no,telephone,jun,thu,285,2,999,0,nonexistent,1.4,94.465,-41.8,4.8660000000000005,5228.1,no
46,technician,married,professional.course,unknown,yes,no,telephone,jun,thu,69,2,999,0,nonexistent,1.4,94.465,-41.8,4.8660000000000005,5228.1,no
57,technician,single,professional.course,no,yes,no,telephone,jun,thu,451,2,999,0,nonexistent,1.4,94.465,-41.8,4.8660000000000005,5228.1,no
41,blue-collar,married,basic.4y,no,no,no,telephone,jun,thu,96,2,999,0,nonexistent,1.4,94.465,-41.8,4.8660000000000005,5228.1,no
44,services,married,high.school,no,yes,no,telephone,jun,thu,172,3,999,0,nonexistent,1.4,94.465,-41.8,4.8660000000000005,5228.1,no
29,services,single,high.school,no,no,no,telephone,jun,thu,240,3,999,0,nonexistent,1.4,94.465,-41.8,4.8660000000000005,5228.1,no
45,housemaid,married,professional.course,unknown,no,no,telephone,jun,thu,210,3,999,0,nonexistent,1.4,94.465,-41.8,4.8660000000000005,5228.1,no
42,blue-collar,divorced,high.school,no,no,yes,telephone,jun,thu,175,7,999,0,nonexistent,1.4,94.465,-41.8,4.8660000000000005,5228.1,no
32,housemaid,single,high.school,no,no,no,telephone,jun,thu,406,2,999,0,nonexistent,1.4,94.465,-41.8,4.8660000000000005,5228.1,no
35,admin.,married,university.degree,no,yes,no,telephone,jun,fri,463,4,999,0,nonexistent,1.4,94.465,-41.8,4.967,5228.1,no
30,services,married,high.school,unknown,no,no,telephone,jun,fri,24,1,999,0,nonexistent,1.4,94.465,-41.8,4.967,5228.1,no
30,services,married,high.school,unknown,unknown,unknown,telephone,jun,fri,127,1,999,0,nonexistent,1.4,94.465,-41.8,4.967,5228.1,no
30,services,married,high.school,unknown,no,yes,telephone,jun,fri,105,1,999,0,nonexistent,1.4,94.465,-41.8,4.967,5228.1,no
31,services,married,high.school,no,yes,no,telephone,jun,fri,130,1,999,0,nonexistent,1.4,94.465,-41.8,4.967,5228.1,no
36,blue-collar,married,high.school,no,yes,no,telephone,jun,fri,178,1,999,0,nonexistent,1.4,94.465,-41.8,4.967,5228.1,no
48,admin.,divorced,university.degree,no,no,no,telephone,jun,fri,94,4,999,0,nonexistent,1.4,94.465,-41.8,4.967,5228.1,no
47,entrepreneur,married,unknown,unknown,no,no,telephone,jun,fri,1072,2,999,0,nonexistent,1.4,94.465,-41.8,4.967,5228.1,no
54,retired,married,professional.course,no,yes,no,telephone,jun,fri,40,2,999,0,nonexistent,1.4,94.465,-41.8,4.967,5228.1,no
33,blue-collar,single,basic.9y,unknown,yes,no,telephone,jun,fri,261,1,999,0,nonexistent,1.4,94.465,-41.8,4.967,5228.1,no
44,management,single,university.degree,unknown,no,no,telephone,jun,fri,215,1,999,0,nonexistent,1.4,94.465,-41.8,4.967,5228.1,no
38,blue-collar,divorced,unknown,no,no,no,telephone,jun,fri,278,1,999,0,nonexistent,1.4,94.465,-41.8,4.967,5228.1,no
46,blue-collar,married,high.school,unknown,no,no,telephone,jun,fri,116,3,999,0,nonexistent,1.4,94.465,-41.8,4.967,5228.1,no
35,blue-collar,married,basic.9y,no,no,yes,telephone,jun,fri,188,1,999,0,nonexistent,1.4,94.465,-41.8,4.967,5228.1,no
39,services,married,high.school,no,yes,no,telephone,jun,fri,554,1,999,0,nonexistent,1.4,94.465,-41.8,4.967,5228.1,yes
60,admin.,single,high.school,no,no,no,telephone,jun,fri,118,1,999,0,nonexistent,1.4,94.465,-41.8,4.967,5228.1,no
35,technician,married,university.degree,no,yes,no,telephone,jun,fri,246,3,999,0,nonexistent,1.4,94.465,-41.8,4.967,5228.1,no
32,management,married,high.school,no,no,no,telephone,jun,fri,143,2,999,0,nonexistent,1.4,94.465,-41.8,4.967,5228.1,no
30,blue-collar,married,basic.9y,no,unknown,unknown,telephone,jun,fri,361,1,999,0,nonexistent,1.4,94.465,-41.8,4.967,5228.1,no
34,services,married,high.school,unknown,no,no,telephone,jun,fri,453,2,999,0,nonexistent,1.4,94.465,-41.8,4.967,5228.1,no
54,entrepreneur,married,basic.9y,no,no,yes,telephone,jun,fri,249,6,999,0,nonexistent,1.4,94.465,-41.8,4.967,5228.1,no
41,housemaid,married,basic.6y,unknown,no,no,telephone,jun,fri,126,1,999,0,nonexistent,1.4,94.465,-41.8,4.967,5228.1,no
54,management,married,high.school,unknown,no,no,telephone,jun,fri,552,1,999,0,nonexistent,1.4,94.465,-41.8,4.967,5228.1,no
44,technician,married,basic.9y,no,yes,no,telephone,jun,fri,447,2,999,0,nonexistent,1.4,94.465,-41.8,4.967,5228.1,no
38,technician,married,professional.course,no,yes,no,telephone,jun,fri,220,2,999,0,nonexistent,1.4,94.465,-41.8,4.967,5228.1,no
37,blue-collar,married,basic.4y,no,no,no,telephone,jun,fri,26,3,999,0,nonexistent,1.4,94.465,-41.8,4.967,5228.1,no
49,technician,married,professional.course,no,yes,no,telephone,jun,fri,79,2,999,0,nonexistent,1.4,94.465,-41.8,4.967,5228.1,no
45,self-employed,married,basic.4y,unknown,no,no,telephone,jun,fri,339,1,999,0,nonexistent,1.4,94.465,-41.8,4.967,5228.1,no
40,technician,married,professional.course,no,no,no,telephone,jun,fri,18,1,999,0,nonexistent,1.4,94.465,-41.8,4.967,5228.1,no
41,blue-collar,married,basic.9y,unknown,yes,no,telephone,jun,fri,513,3,999,0,nonexistent,1.4,94.465,-41.8,4.967,5228.1,no
56,blue-collar,married,basic.4y,unknown,no,no,telephone,jun,fri,84,2,999,0,nonexistent,1.4,94.465,-41.8,4.967,5228.1,no
43,blue-collar,married,basic.9y,no,no,no,telephone,jun,fri,404,3,999,0,nonexistent,1.4,94.465,-41.8,4.967,5228.1,no
34,admin.,married,university.degree,no,yes,no,telephone,jun,fri,186,2,999,0,nonexistent,1.4,94.465,-41.8,4.967,5228.1,no
54,technician,married,university.degree,unknown,yes,yes,telephone,jun,fri,123,1,999,0,nonexistent,1.4,94.465,-41.8,4.967,5228.1,no
57,management,divorced,university.degree,no,yes,no,telephone,jun,fri,351,1,999,0,nonexistent,1.4,94.465,-41.8,4.967,5228.1,no
58,technician,married,unknown,no,yes,no,telephone,jun,fri,78,1,999,0,nonexistent,1.4,94.465,-41.8,4.967,5228.1,no
54,technician,married,university.degree,unknown,no,no,telephone,jun,fri,399,1,999,0,nonexistent,1.4,94.465,-41.8,4.967,5228.1,no
42,blue-collar,married,basic.6y,no,yes,no,telephone,jun,fri,60,1,999,0,nonexistent,1.4,94.465,-41.8,4.967,5228.1,no
47,technician,married,basic.9y,no,no,no,telephone,jun,fri,72,1,999,0,nonexistent,1.4,94.465,-41.8,4.967,5228.1,no
31,admin.,single,university.degree,no,no,no,telephone,jun,fri,19,1,999,0,nonexistent,1.4,94.465,-41.8,4.967,5228.1,no
36,management,married,university.degree,no,no,yes,telephone,jun,fri,49,5,999,0,nonexistent,1.4,94.465,-41.8,4.967,5228.1,no
39,blue-collar,married,basic.9y,unknown,yes,no,telephone,jun,fri,50,3,999,0,nonexistent,1.4,94.465,-41.8,4.967,5228.1,no
27,services,single,professional.course,no,no,no,telephone,jun,fri,106,5,999,0,nonexistent,1.4,94.465,-41.8,4.967,5228.1,no
33,admin.,married,professional.course,no,yes,yes,telephone,jun,fri,248,2,999,0,nonexistent,1.4,94.465,-41.8,4.967,5228.1,no
50,management,married,university.degree,no,no,no,telephone,jun,fri,114,5,999,0,nonexistent,1.4,94.465,-41.8,4.967,5228.1,no
41,admin.,single,high.school,no,yes,no,telephone,jun,fri,266,2,999,0,nonexistent,1.4,94.465,-41.8,4.967,5228.1,no
26,services,single,high.school,no,no,no,telephone,jun,fri,363,1,999,0,nonexistent,1.4,94.465,-41.8,4.967,5228.1,no
51,services,married,high.school,unknown,yes,no,telephone,jun,fri,246,2,999,0,nonexistent,1.4,94.465,-41.8,4.967,5228.1,no
44,blue-collar,married,basic.4y,no,yes,no,telephone,jun,fri,113,1,999,0,nonexistent,1.4,94.465,-41.8,4.967,5228.1,no
56,blue-collar,married,basic.4y,unknown,no,no,telephone,jun,fri,1276,2,999,0,nonexistent,1.4,94.465,-41.8,4.967,5228.1,yes
35,blue-collar,single,unknown,no,no,yes,telephone,jun,fri,1114,1,999,0,nonexistent,1.4,94.465,-41.8,4.967,5228.1,no
29,technician,married,professional.course,no,no,no,telephone,jun,fri,29,1,999,0,nonexistent,1.4,94.465,-41.8,4.967,5228.1,no
48,services,married,high.school,unknown,yes,no,telephone,jun,fri,329,1,999,0,nonexistent,1.4,94.465,-41.8,4.967,5228.1,no
33,blue-collar,married,basic.4y,unknown,no,no,telephone,jun,fri,420,2,999,0,nonexistent,1.4,94.465,-41.8,4.967,5228.1,no
31,blue-collar,single,high.school,no,no,no,telephone,jun,fri,672,2,999,0,nonexistent,1.4,94.465,-41.8,4.967,5228.1,no
52,self-employed,married,basic.4y,unknown,no,yes,telephone,jun,fri,381,2,999,0,nonexistent,1.4,94.465,-41.8,4.967,5228.1,yes
58,technician,divorced,basic.9y,no,no,no,telephone,jun,fri,80,3,999,0,nonexistent,1.4,94.465,-41.8,4.967,5228.1,no
45,blue-collar,married,basic.9y,unknown,yes,no,telephone,jun,fri,194,3,999,0,nonexistent,1.4,94.465,-41.8,4.967,5228.1,no
34,technician,married,professional.course,no,no,no,telephone,jun,fri,1994,2,999,0,nonexistent,1.4,94.465,-41.8,4.967,5228.1,no
35,blue-collar,married,basic.4y,no,no,no,telephone,jun,fri,183,1,999,0,nonexistent,1.4,94.465,-41.8,4.967,5228.1,no
32,technician,single,high.school,no,no,no,telephone,jun,fri,250,1,999,0,nonexistent,1.4,94.465,-41.8,4.967,5228.1,no
50,services,married,unknown,unknown,no,no,telephone,jun,fri,81,5,999,0,nonexistent,1.4,94.465,-41.8,4.967,5228.1,no
53,blue-collar,married,basic.4y,no,no,no,telephone,jun,fri,223,3,999,0,nonexistent,1.4,94.465,-41.8,4.967,5228.1,no
45,admin.,single,basic.9y,unknown,yes,no,telephone,jun,fri,172,2,999,0,nonexistent,1.4,94.465,-41.8,4.967,5228.1,no
52,technician,married,basic.9y,no,no,no,telephone,jun,fri,188,1,999,0,nonexistent,1.4,94.465,-41.8,4.967,5228.1,no
41,blue-collar,married,high.school,unknown,no,yes,telephone,jun,fri,320,1,999,0,nonexistent,1.4,94.465,-41.8,4.967,5228.1,no
50,technician,married,professional.course,no,no,yes,telephone,jun,fri,64,1,999,0,nonexistent,1.4,94.465,-41.8,4.967,5228.1,no
57,retired,married,basic.4y,no,no,no,telephone,jun,fri,83,3,999,0,nonexistent,1.4,94.465,-41.8,4.967,5228.1,no
34,admin.,single,high.school,no,yes,no,telephone,jun,fri,122,16,999,0,nonexistent,1.4,94.465,-41.8,4.967,5228.1,no
30,services,married,high.school,no,yes,no,telephone,jun,fri,51,1,999,0,nonexistent,1.4,94.465,-41.8,4.967,5228.1,no
33,self-employed,married,basic.9y,no,no,no,telephone,jun,fri,330,1,999,0,nonexistent,1.4,94.465,-41.8,4.967,5228.1,no
35,unemployed,married,university.degree,no,yes,yes,telephone,jun,fri,272,1,999,0,nonexistent,1.4,94.465,-41.8,4.967,5228.1,no
34,blue-collar,married,basic.9y,unknown,no,no,telephone,jun,fri,120,2,999,0,nonexistent,1.4,94.465,-41.8,4.967,5228.1,no
41,technician,married,basic.9y,no,yes,no,telephone,jun,fri,307,1,999,0,nonexistent,1.4,94.465,-41.8,4.967,5228.1,no
55,services,married,high.school,unknown,yes,no,telephone,jun,fri,315,1,999,0,nonexistent,1.4,94.465,-41.8,4.967,5228.1,no
40,services,divorced,basic.6y,no,no,yes,telephone,jun,fri,386,1,999,0,nonexistent,1.4,94.465,-41.8,4.967,5228.1,no
30,services,divorced,high.school,no,yes,no,telephone,jun,fri,56,2,999,0,nonexistent,1.4,94.465,-41.8,4.967,5228.1,no
56,blue-collar,married,high.school,unknown,yes,no,telephone,jun,fri,79,3,999,0,nonexistent,1.4,94.465,-41.8,4.967,5228.1,no
32,blue-collar,married,high.school,unknown,no,no,telephone,jun,fri,182,2,999,0,nonexistent,1.4,94.465,-41.8,4.967,5228.1,no
35,admin.,single,university.degree,no,yes,no,telephone,jun,fri,358,1,999,0,nonexistent,1.4,94.465,-41.8,4.967,5228.1,no
28,admin.,single,university.degree,no,no,no,telephone,jun,fri,227,1,999,0,nonexistent,1.4,94.465,-41.8,4.967,5228.1,no
52,unknown,married,basic.4y,no,yes,no,telephone,jun,fri,29,1,999,0,nonexistent,1.4,94.465,-41.8,4.967,5228.1,no
38,admin.,married,university.degree,no,no,no,telephone,jun,fri,52,13,999,0,nonexistent,1.4,94.465,-41.8,4.967,5228.1,no
35,unemployed,married,university.degree,no,no,no,telephone,jun,fri,360,2,999,0,nonexistent,1.4,94.465,-41.8,4.967,5228.1,no
58,services,married,high.school,unknown,yes,yes,telephone,jun,fri,136,13,999,0,nonexistent,1.4,94.465,-41.8,4.967,5228.1,no
35,entrepreneur,divorced,high.school,no,no,no,telephone,jun,fri,106,2,999,0,nonexistent,1.4,94.465,-41.8,4.967,5228.1,no
39,admin.,single,high.school,no,yes,no,telephone,jun,fri,141,3,999,0,nonexistent,1.4,94.465,-41.8,4.967,5228.1,no
37,blue-collar,married,basic.9y,no,yes,no,telephone,jun,fri,28,1,999,0,nonexistent,1.4,94.465,-41.8,4.967,5228.1,no
33,blue-collar,married,professional.course,no,yes,no,telephone,jun,fri,862,11,999,0,nonexistent,1.4,94.465,-41.8,4.967,5228.1,yes
35,blue-collar,married,high.school,no,no,no,telephone,jun,fri,107,1,999,0,nonexistent,1.4,94.465,-41.8,4.967,5228.1,no
42,blue-collar,married,basic.4y,unknown,no,no,telephone,jun,fri,94,1,999,0,nonexistent,1.4,94.465,-41.8,4.967,5228.1,no
26,entrepreneur,married,university.degree,no,yes,no,telephone,jun,fri,168,3,999,0,nonexistent,1.4,94.465,-41.8,4.967,5228.1,no
47,blue-collar,single,basic.4y,unknown,yes,no,telephone,jun,fri,44,1,999,0,nonexistent,1.4,94.465,-41.8,4.967,5228.1,no
28,admin.,married,high.school,no,no,yes,telephone,jun,fri,260,2,999,0,nonexistent,1.4,94.465,-41.8,4.967,5228.1,no
38,admin.,married,university.degree,no,no,no,telephone,jun,fri,460,4,999,0,nonexistent,1.4,94.465,-41.8,4.967,5228.1,yes
35,management,single,unknown,no,no,no,telephone,jun,fri,712,2,999,0,nonexistent,1.4,94.465,-41.8,4.967,5228.1,yes
36,blue-collar,married,basic.9y,unknown,yes,no,telephone,jun,fri,1567,2,999,0,nonexistent,1.4,94.465,-41.8,4.967,5228.1,no
28,entrepreneur,married,basic.9y,no,yes,yes,telephone,jun,fri,262,1,999,0,nonexistent,1.4,94.465,-41.8,4.967,5228.1,no
44,blue-collar,married,basic.9y,unknown,yes,yes,telephone,jun,fri,175,2,999,0,nonexistent,1.4,94.465,-41.8,4.967,5228.1,no
42,technician,single,professional.course,unknown,no,no,telephone,jun,fri,29,4,999,0,nonexistent,1.4,94.465,-41.8,4.967,5228.1,no
35,blue-collar,married,basic.9y,no,no,no,telephone,jun,fri,968,1,999,0,nonexistent,1.4,94.465,-41.8,4.967,5228.1,no
41,unknown,married,basic.6y,no,no,yes,telephone,jun,fri,220,4,999,0,nonexistent,1.4,94.465,-41.8,4.967,5228.1,no
32,blue-collar,married,basic.6y,no,no,no,telephone,jun,fri,642,2,999,0,nonexistent,1.4,94.465,-41.8,4.967,5228.1,yes
30,admin.,married,university.degree,no,no,yes,telephone,jun,fri,71,2,999,0,nonexistent,1.4,94.465,-41.8,4.967,5228.1,no
35,admin.,married,high.school,unknown,no,no,telephone,jun,fri,238,3,999,0,nonexistent,1.4,94.465,-41.8,4.967,5228.1,no
52,entrepreneur,married,university.degree,unknown,no,yes,telephone,jun,fri,60,3,999,0,nonexistent,1.4,94.465,-41.8,4.967,5228.1,no
35,retired,single,basic.6y,unknown,yes,no,telephone,jun,fri,133,3,999,0,nonexistent,1.4,94.465,-41.8,4.967,5228.1,no
44,technician,married,professional.course,unknown,no,no,telephone,jun,fri,45,1,999,0,nonexistent,1.4,94.465,-41.8,4.967,5228.1,no
33,admin.,single,university.degree,no,yes,no,telephone,jun,fri,136,1,999,0,nonexistent,1.4,94.465,-41.8,4.967,5228.1,no
47,admin.,married,high.school,unknown,unknown,unknown,telephone,jun,fri,136,1,999,0,nonexistent,1.4,94.465,-41.8,4.967,5228.1,no
30,admin.,divorced,university.degree,unknown,yes,no,telephone,jun,fri,40,1,999,0,nonexistent,1.4,94.465,-41.8,4.967,5228.1,no
47,admin.,married,high.school,unknown,no,yes,telephone,jun,fri,383,1,999,0,nonexistent,1.4,94.465,-41.8,4.967,5228.1,no
43,blue-collar,married,basic.9y,no,unknown,unknown,telephone,jun,fri,37,1,999,0,nonexistent,1.4,94.465,-41.8,4.967,5228.1,no
54,blue-collar,married,basic.9y,unknown,unknown,unknown,telephone,jun,fri,189,1,999,0,nonexistent,1.4,94.465,-41.8,4.967,5228.1,no
33,services,married,high.school,unknown,no,no,telephone,jun,fri,78,3,999,0,nonexistent,1.4,94.465,-41.8,4.967,5228.1,no
40,blue-collar,married,basic.9y,no,no,yes,telephone,jun,fri,176,2,999,0,nonexistent,1.4,94.465,-41.8,4.967,5228.1,no
40,blue-collar,married,basic.4y,unknown,no,yes,telephone,jun,fri,181,2,999,0,nonexistent,1.4,94.465,-41.8,4.967,5228.1,no
31,admin.,married,high.school,no,yes,yes,telephone,jun,fri,118,4,999,0,nonexistent,1.4,94.465,-41.8,4.967,5228.1,no
36,entrepreneur,married,university.degree,unknown,unknown,unknown,telephone,jun,fri,217,2,999,0,nonexistent,1.4,94.465,-41.8,4.967,5228.1,no
46,entrepreneur,married,unknown,unknown,yes,no,telephone,jun,fri,86,1,999,0,nonexistent,1.4,94.465,-41.8,4.967,5228.1,no
48,blue-collar,married,basic.6y,no,unknown,unknown,telephone,jun,fri,52,1,999,0,nonexistent,1.4,94.465,-41.8,4.967,5228.1,no
30,blue-collar,married,basic.9y,no,yes,no,telephone,jun,fri,185,1,999,0,nonexistent,1.4,94.465,-41.8,4.967,5228.1,no
40,blue-collar,married,professional.course,unknown,no,no,telephone,jun,fri,554,2,999,0,nonexistent,1.4,94.465,-41.8,4.967,5228.1,yes
58,services,married,basic.4y,no,no,no,telephone,jun,fri,247,1,999,0,nonexistent,1.4,94.465,-41.8,4.967,5228.1,no
58,services,married,basic.4y,no,unknown,unknown,telephone,jun,fri,250,1,999,0,nonexistent,1.4,94.465,-41.8,4.967,5228.1,no
48,blue-collar,married,basic.6y,no,no,no,telephone,jun,fri,800,1,999,0,nonexistent,1.4,94.465,-41.8,4.967,5228.1,no
43,blue-collar,married,basic.4y,no,no,no,telephone,jun,fri,216,3,999,0,nonexistent,1.4,94.465,-41.8,4.967,5228.1,no
27,self-employed,single,university.degree,no,no,no,telephone,jun,fri,46,2,999,0,nonexistent,1.4,94.465,-41.8,4.967,5228.1,no
51,admin.,married,basic.9y,no,no,yes,telephone,jun,fri,434,1,999,0,nonexistent,1.4,94.465,-41.8,4.967,5228.1,no
39,blue-collar,married,basic.9y,unknown,no,no,telephone,jun,fri,250,3,999,0,nonexistent,1.4,94.465,-41.8,4.967,5228.1,no
35,admin.,married,university.degree,no,no,no,telephone,jun,fri,230,2,999,0,nonexistent,1.4,94.465,-41.8,4.967,5228.1,no
42,blue-collar,married,basic.9y,no,yes,no,telephone,jun,fri,516,5,999,0,nonexistent,1.4,94.465,-41.8,4.967,5228.1,no
58,housemaid,married,high.school,unknown,unknown,unknown,telephone,jun,fri,153,4,999,0,nonexistent,1.4,94.465,-41.8,4.967,5228.1,no
44,self-employed,divorced,high.school,no,yes,no,telephone,jun,fri,1041,13,999,0,nonexistent,1.4,94.465,-41.8,4.967,5228.1,no
40,admin.,married,university.degree,no,yes,no,telephone,jun,fri,66,3,999,0,nonexistent,1.4,94.465,-41.8,4.967,5228.1,no
42,technician,married,basic.9y,no,no,no,telephone,jun,fri,100,2,999,0,nonexistent,1.4,94.465,-41.8,4.967,5228.1,no
47,services,married,high.school,no,no,no,telephone,jun,fri,341,2,999,0,nonexistent,1.4,94.465,-41.8,4.967,5228.1,no
46,technician,divorced,university.degree,no,no,no,telephone,jun,fri,1288,3,999,0,nonexistent,1.4,94.465,-41.8,4.967,5228.1,no
34,admin.,married,university.degree,no,no,no,telephone,jun,fri,178,2,999,0,nonexistent,1.4,94.465,-41.8,4.967,5228.1,no
58,management,married,basic.4y,unknown,no,no,telephone,jun,fri,301,2,999,0,nonexistent,1.4,94.465,-41.8,4.967,5228.1,no
37,technician,married,professional.course,no,no,no,telephone,jun,fri,140,5,999,0,nonexistent,1.4,94.465,-41.8,4.967,5228.1,no
39,unemployed,married,university.degree,no,no,no,telephone,jun,fri,212,1,999,0,nonexistent,1.4,94.465,-41.8,4.967,5228.1,no
45,unemployed,married,basic.4y,no,yes,yes,telephone,jun,fri,264,1,999,0,nonexistent,1.4,94.465,-41.8,4.967,5228.1,no
41,blue-collar,married,basic.9y,unknown,yes,no,telephone,jun,fri,326,1,999,0,nonexistent,1.4,94.465,-41.8,4.967,5228.1,no
29,admin.,married,high.school,no,no,no,telephone,jun,fri,319,4,999,0,nonexistent,1.4,94.465,-41.8,4.967,5228.1,no
33,technician,married,university.degree,no,yes,no,telephone,jun,fri,186,2,999,0,nonexistent,1.4,94.465,-41.8,4.967,5228.1,no
46,blue-collar,married,basic.4y,no,no,no,telephone,jun,fri,473,2,999,0,nonexistent,1.4,94.465,-41.8,4.967,5228.1,no
34,unemployed,married,basic.6y,unknown,no,yes,telephone,jun,fri,152,1,999,0,nonexistent,1.4,94.465,-41.8,4.967,5228.1,no
51,blue-collar,married,basic.4y,no,yes,yes,telephone,jun,fri,18,2,999,0,nonexistent,1.4,94.465,-41.8,4.967,5228.1,no
45,entrepreneur,married,university.degree,unknown,no,no,telephone,jun,fri,13,5,999,0,nonexistent,1.4,94.465,-41.8,4.967,5228.1,no
41,technician,divorced,basic.4y,no,no,no,telephone,jun,fri,639,2,999,0,nonexistent,1.4,94.465,-41.8,4.967,5228.1,no
47,admin.,divorced,university.degree,no,yes,no,telephone,jun,fri,2653,3,999,0,nonexistent,1.4,94.465,-41.8,4.967,5228.1,yes
34,blue-collar,married,basic.4y,no,yes,yes,telephone,jun,fri,426,2,999,0,nonexistent,1.4,94.465,-41.8,4.967,5228.1,no
37,entrepreneur,married,university.degree,unknown,yes,no,telephone,jun,fri,460,8,999,0,nonexistent,1.4,94.465,-41.8,4.967,5228.1,no
36,blue-collar,married,basic.6y,no,unknown,unknown,telephone,jun,fri,154,1,999,0,nonexistent,1.4,94.465,-41.8,4.967,5228.1,no
47,blue-collar,married,basic.4y,no,yes,no,telephone,jun,fri,252,2,999,0,nonexistent,1.4,94.465,-41.8,4.967,5228.1,no
32,housemaid,married,high.school,no,yes,yes,telephone,jun,fri,292,2,999,0,nonexistent,1.4,94.465,-41.8,4.967,5228.1,no
43,admin.,married,high.school,no,yes,no,telephone,jun,fri,44,2,999,0,nonexistent,1.4,94.465,-41.8,4.967,5228.1,no
48,management,married,basic.9y,no,yes,no,telephone,jun,fri,384,2,999,0,nonexistent,1.4,94.465,-41.8,4.967,5228.1,no
31,admin.,single,university.degree,no,no,no,telephone,jun,fri,213,2,999,0,nonexistent,1.4,94.465,-41.8,4.967,5228.1,no
34,admin.,married,university.degree,no,no,no,telephone,jun,fri,94,7,999,0,nonexistent,1.4,94.465,-41.8,4.967,5228.1,no
31,blue-collar,married,basic.4y,no,no,no,telephone,jun,fri,72,6,999,0,nonexistent,1.4,94.465,-41.8,4.967,5228.1,no
44,admin.,married,high.school,no,no,no,telephone,jun,fri,36,2,999,0,nonexistent,1.4,94.465,-41.8,4.967,5228.1,no
37,entrepreneur,married,university.degree,no,yes,no,telephone,jun,fri,316,2,999,0,nonexistent,1.4,94.465,-41.8,4.967,5228.1,no
49,retired,married,basic.9y,no,no,no,telephone,jun,fri,217,4,999,0,nonexistent,1.4,94.465,-41.8,4.967,5228.1,no
32,admin.,single,high.school,no,no,yes,telephone,jun,fri,180,2,999,0,nonexistent,1.4,94.465,-41.8,4.967,5228.1,no
32,technician,married,university.degree,no,yes,no,telephone,jun,fri,562,2,999,0,nonexistent,1.4,94.465,-41.8,4.967,5228.1,no
31,management,married,university.degree,no,yes,no,telephone,jun,fri,422,5,999,0,nonexistent,1.4,94.465,-41.8,4.967,5228.1,no
42,blue-collar,single,basic.6y,unknown,no,yes,telephone,jun,fri,198,2,999,0,nonexistent,1.4,94.465,-41.8,4.967,5228.1,no
29,admin.,single,high.school,no,yes,no,telephone,jun,fri,17,4,999,0,nonexistent,1.4,94.465,-41.8,4.967,5228.1,no
46,self-employed,married,professional.course,no,yes,no,telephone,jun,fri,174,2,999,0,nonexistent,1.4,94.465,-41.8,4.967,5228.1,no
38,blue-collar,married,basic.9y,no,unknown,unknown,telephone,jun,fri,144,4,999,0,nonexistent,1.4,94.465,-41.8,4.967,5228.1,no
53,admin.,married,basic.9y,no,no,no,telephone,jun,fri,122,3,999,0,nonexistent,1.4,94.465,-41.8,4.967,5228.1,no
38,technician,single,professional.course,no,unknown,unknown,telephone,jun,fri,59,3,999,0,nonexistent,1.4,94.465,-41.8,4.967,5228.1,no
29,services,single,high.school,unknown,yes,no,telephone,jun,fri,334,3,999,0,nonexistent,1.4,94.465,-41.8,4.967,5228.1,no
30,blue-collar,married,basic.4y,unknown,no,yes,telephone,jun,fri,49,8,999,0,nonexistent,1.4,94.465,-41.8,4.967,5228.1,no
34,services,married,high.school,no,yes,yes,telephone,jun,fri,165,2,999,0,nonexistent,1.4,94.465,-41.8,4.967,5228.1,no
57,retired,married,university.degree,no,yes,no,telephone,jun,fri,59,2,999,0,nonexistent,1.4,94.465,-41.8,4.967,5228.1,no
29,services,divorced,high.school,no,no,no,telephone,jun,fri,103,2,999,0,nonexistent,1.4,94.465,-41.8,4.967,5228.1,no
49,housemaid,married,basic.4y,unknown,yes,no,telephone,jun,fri,190,2,999,0,nonexistent,1.4,94.465,-41.8,4.967,5228.1,no
46,blue-collar,married,professional.course,no,no,no,telephone,jun,fri,286,2,999,0,nonexistent,1.4,94.465,-41.8,4.967,5228.1,no
28,blue-collar,married,basic.9y,unknown,no,no,telephone,jun,fri,167,4,999,0,nonexistent,1.4,94.465,-41.8,4.967,5228.1,no
36,technician,married,high.school,no,no,no,telephone,jun,fri,52,4,999,0,nonexistent,1.4,94.465,-41.8,4.967,5228.1,no
46,technician,married,professional.course,no,no,yes,telephone,jun,fri,197,3,999,0,nonexistent,1.4,94.465,-41.8,4.967,5228.1,no
37,housemaid,married,university.degree,no,yes,no,telephone,jun,fri,262,2,999,0,nonexistent,1.4,94.465,-41.8,4.967,5228.1,no
38,blue-collar,married,basic.9y,unknown,unknown,unknown,telephone,jun,fri,430,1,999,0,nonexistent,1.4,94.465,-41.8,4.967,5228.1,no
33,technician,married,professional.course,no,no,no,telephone,jun,fri,100,1,999,0,nonexistent,1.4,94.465,-41.8,4.967,5228.1,no
40,blue-collar,married,basic.4y,unknown,no,no,telephone,jun,fri,48,2,999,0,nonexistent,1.4,94.465,-41.8,4.967,5228.1,no
33,technician,married,professional.course,no,yes,no,telephone,jun,fri,350,1,999,0,nonexistent,1.4,94.465,-41.8,4.967,5228.1,no
39,management,married,university.degree,no,yes,no,telephone,jun,fri,30,24,999,0,nonexistent,1.4,94.465,-41.8,4.967,5228.1,no
43,blue-collar,married,basic.9y,no,no,no,telephone,jun,fri,207,1,999,0,nonexistent,1.4,94.465,-41.8,4.967,5228.1,no
32,blue-collar,married,professional.course,no,no,no,telephone,jun,fri,24,1,999,0,nonexistent,1.4,94.465,-41.8,4.967,5228.1,no
41,blue-collar,married,basic.9y,unknown,no,no,telephone,jun,fri,204,3,999,0,nonexistent,1.4,94.465,-41.8,4.967,5228.1,no
38,technician,married,professional.course,no,no,no,telephone,jun,fri,36,24,999,0,nonexistent,1.4,94.465,-41.8,4.967,5228.1,no
37,unemployed,married,basic.9y,no,no,no,telephone,jun,fri,139,2,999,0,nonexistent,1.4,94.465,-41.8,4.967,5228.1,no
55,admin.,married,high.school,no,unknown,unknown,telephone,jun,fri,92,1,999,0,nonexistent,1.4,94.465,-41.8,4.967,5228.1,no
42,housemaid,single,basic.4y,no,no,no,telephone,jun,fri,322,1,999,0,nonexistent,1.4,94.465,-41.8,4.967,5228.1,no
38,blue-collar,married,high.school,unknown,unknown,unknown,telephone,jun,fri,102,1,999,0,nonexistent,1.4,94.465,-41.8,4.967,5228.1,no
38,blue-collar,married,high.school,unknown,no,no,telephone,jun,fri,58,1,999,0,nonexistent,1.4,94.465,-41.8,4.967,5228.1,no
37,technician,single,high.school,no,yes,yes,telephone,jun,fri,190,1,999,0,nonexistent,1.4,94.465,-41.8,4.967,5228.1,no
40,admin.,married,high.school,unknown,yes,no,telephone,jun,fri,85,3,999,0,nonexistent,1.4,94.465,-41.8,4.967,5228.1,no
41,blue-collar,married,basic.9y,no,no,no,telephone,jun,fri,1085,1,999,0,nonexistent,1.4,94.465,-41.8,4.967,5228.1,yes
38,admin.,married,basic.9y,unknown,yes,no,telephone,jun,fri,514,2,999,0,nonexistent,1.4,94.465,-41.8,4.967,5228.1,no
27,student,single,high.school,unknown,no,no,telephone,jun,fri,471,1,999,0,nonexistent,1.4,94.465,-41.8,4.967,5228.1,no
41,unknown,single,unknown,unknown,yes,no,telephone,jun,fri,94,2,999,0,nonexistent,1.4,94.465,-41.8,4.967,5228.1,no
35,admin.,single,university.degree,no,no,yes,telephone,jun,fri,159,9,999,0,nonexistent,1.4,94.465,-41.8,4.967,5228.1,no
39,management,married,basic.6y,unknown,yes,no,telephone,jun,fri,38,3,999,0,nonexistent,1.4,94.465,-41.8,4.967,5228.1,no
34,technician,married,university.degree,no,no,no,telephone,jun,fri,191,2,999,0,nonexistent,1.4,94.465,-41.8,4.967,5228.1,no
34,blue-collar,divorced,professional.course,no,no,no,telephone,jun,fri,10,23,999,0,nonexistent,1.4,94.465,-41.8,4.967,5228.1,no
45,admin.,married,high.school,no,no,no,telephone,jun,fri,48,5,999,0,nonexistent,1.4,94.465,-41.8,4.967,5228.1,no
34,technician,single,high.school,no,no,no,telephone,jun,fri,236,7,999,0,nonexistent,1.4,94.465,-41.8,4.967,5228.1,no
47,technician,married,basic.9y,no,yes,no,telephone,jun,fri,503,2,999,0,nonexistent,1.4,94.465,-41.8,4.967,5228.1,no
31,services,married,high.school,no,no,yes,telephone,jun,fri,108,2,999,0,nonexistent,1.4,94.465,-41.8,4.967,5228.1,no
39,management,married,university.degree,no,no,no,telephone,jun,fri,47,1,999,0,nonexistent,1.4,94.465,-41.8,4.967,5228.1,no
35,blue-collar,single,basic.6y,no,no,no,telephone,jun,fri,319,2,999,0,nonexistent,1.4,94.465,-41.8,4.967,5228.1,no
37,blue-collar,single,professional.course,no,yes,no,telephone,jun,fri,42,1,999,0,nonexistent,1.4,94.465,-41.8,4.967,5228.1,no
41,management,married,unknown,no,yes,no,telephone,jun,fri,143,2,999,0,nonexistent,1.4,94.465,-41.8,4.967,5228.1,no
34,services,married,high.school,unknown,unknown,unknown,telephone,jun,fri,82,3,999,0,nonexistent,1.4,94.465,-41.8,4.967,5228.1,no
35,admin.,single,basic.4y,unknown,unknown,unknown,telephone,jun,fri,248,2,999,0,nonexistent,1.4,94.465,-41.8,4.967,5228.1,no
43,technician,single,basic.9y,no,yes,no,telephone,jun,fri,461,2,999,0,nonexistent,1.4,94.465,-41.8,4.967,5228.1,no
50,self-employed,married,basic.4y,unknown,yes,no,telephone,jun,fri,313,1,999,0,nonexistent,1.4,94.465,-41.8,4.967,5228.1,no
36,blue-collar,married,basic.4y,no,yes,no,telephone,jun,fri,86,3,999,0,nonexistent,1.4,94.465,-41.8,4.967,5228.1,no
38,management,married,university.degree,no,no,no,telephone,jun,fri,197,3,999,0,nonexistent,1.4,94.465,-41.8,4.967,5228.1,no
53,admin.,divorced,university.degree,no,no,no,telephone,jun,fri,80,5,999,0,nonexistent,1.4,94.465,-41.8,4.967,5228.1,no
28,admin.,married,high.school,no,no,no,telephone,jun,fri,113,3,999,0,nonexistent,1.4,94.465,-41.8,4.967,5228.1,no
35,admin.,single,basic.6y,no,yes,yes,telephone,jun,fri,613,1,999,0,nonexistent,1.4,94.465,-41.8,4.967,5228.1,no
41,blue-collar,married,basic.9y,unknown,no,no,telephone,jun,fri,201,6,999,0,nonexistent,1.4,94.465,-41.8,4.967,5228.1,no
37,admin.,married,university.degree,no,no,no,telephone,jun,fri,155,3,999,0,nonexistent,1.4,94.465,-41.8,4.967,5228.1,no
35,admin.,married,university.degree,no,no,no,telephone,jun,fri,466,2,999,0,nonexistent,1.4,94.465,-41.8,4.967,5228.1,no
31,unemployed,married,university.degree,no,no,no,telephone,jun,fri,298,2,999,0,nonexistent,1.4,94.465,-41.8,4.967,5228.1,no
51,technician,married,professional.course,unknown,yes,no,telephone,jun,fri,119,1,999,0,nonexistent,1.4,94.465,-41.8,4.967,5228.1,no
51,admin.,married,basic.9y,unknown,yes,no,telephone,jun,fri,114,7,999,0,nonexistent,1.4,94.465,-41.8,4.967,5228.1,no
50,self-employed,married,university.degree,no,yes,no,telephone,jun,fri,306,2,999,0,nonexistent,1.4,94.465,-41.8,4.967,5228.1,no
60,self-employed,married,professional.course,unknown,no,no,telephone,jun,fri,162,1,999,0,nonexistent,1.4,94.465,-41.8,4.967,5228.1,no
28,blue-collar,married,basic.6y,unknown,no,no,telephone,jun,fri,419,2,999,0,nonexistent,1.4,94.465,-41.8,4.967,5228.1,no
34,entrepreneur,single,professional.course,no,no,yes,telephone,jun,fri,85,4,999,0,nonexistent,1.4,94.465,-41.8,4.967,5228.1,no
56,technician,married,unknown,no,no,no,telephone,jun,fri,49,2,999,0,nonexistent,1.4,94.465,-41.8,4.967,5228.1,no
39,blue-collar,married,basic.4y,unknown,no,no,telephone,jun,fri,250,1,999,0,nonexistent,1.4,94.465,-41.8,4.967,5228.1,no
39,blue-collar,divorced,basic.9y,no,unknown,unknown,telephone,jun,fri,92,1,999,0,nonexistent,1.4,94.465,-41.8,4.967,5228.1,no
47,admin.,married,university.degree,no,no,no,telephone,jun,fri,143,1,999,0,nonexistent,1.4,94.465,-41.8,4.967,5228.1,no
56,admin.,married,high.school,no,yes,no,telephone,jun,fri,21,20,999,0,nonexistent,1.4,94.465,-41.8,4.967,5228.1,no
53,blue-collar,divorced,basic.4y,unknown,no,no,telephone,jun,fri,63,3,999,0,nonexistent,1.4,94.465,-41.8,4.967,5228.1,no
38,unemployed,married,basic.9y,no,no,no,telephone,jun,fri,56,1,999,0,nonexistent,1.4,94.465,-41.8,4.967,5228.1,no
36,admin.,divorced,high.school,no,yes,yes,telephone,jun,fri,354,5,999,0,nonexistent,1.4,94.465,-41.8,4.967,5228.1,no
33,blue-collar,married,basic.6y,unknown,unknown,unknown,telephone,jun,fri,161,1,999,0,nonexistent,1.4,94.465,-41.8,4.967,5228.1,no
33,blue-collar,married,basic.6y,unknown,no,no,telephone,jun,fri,113,1,999,0,nonexistent,1.4,94.465,-41.8,4.967,5228.1,no
34,blue-collar,married,basic.6y,unknown,no,no,telephone,jun,fri,176,1,999,0,nonexistent,1.4,94.465,-41.8,4.967,5228.1,no
47,retired,married,basic.4y,unknown,no,no,telephone,jun,fri,63,2,999,0,nonexistent,1.4,94.465,-41.8,4.967,5228.1,no
36,blue-collar,married,high.school,no,no,yes,telephone,jun,fri,164,3,999,0,nonexistent,1.4,94.465,-41.8,4.967,5228.1,no
39,unemployed,married,professional.course,no,yes,no,telephone,jun,fri,136,6,999,0,nonexistent,1.4,94.465,-41.8,4.967,5228.1,no
31,services,married,high.school,no,yes,no,telephone,jun,fri,303,2,999,0,nonexistent,1.4,94.465,-41.8,4.967,5228.1,no
30,services,divorced,basic.9y,no,no,no,telephone,jun,fri,158,2,999,0,nonexistent,1.4,94.465,-41.8,4.967,5228.1,no
34,blue-collar,married,basic.6y,unknown,no,no,telephone,jun,fri,651,1,999,0,nonexistent,1.4,94.465,-41.8,4.967,5228.1,no
39,technician,married,professional.course,no,yes,no,telephone,jun,fri,118,2,999,0,nonexistent,1.4,94.465,-41.8,4.967,5228.1,no
41,unemployed,married,unknown,no,no,no,telephone,jun,fri,280,3,999,0,nonexistent,1.4,94.465,-41.8,4.967,5228.1,no
41,technician,married,university.degree,no,no,yes,telephone,jun,fri,145,1,999,0,nonexistent,1.4,94.465,-41.8,4.967,5228.1,no
29,admin.,married,university.degree,no,no,no,telephone,jun,fri,39,4,999,0,nonexistent,1.4,94.465,-41.8,4.967,5228.1,no
50,entrepreneur,married,basic.9y,no,yes,no,telephone,jun,fri,82,2,999,0,nonexistent,1.4,94.465,-41.8,4.967,5228.1,no
36,admin.,married,high.school,no,no,no,telephone,jun,fri,355,4,999,0,nonexistent,1.4,94.465,-41.8,4.967,5228.1,no
43,blue-collar,married,basic.9y,no,yes,no,telephone,jun,fri,151,6,999,0,nonexistent,1.4,94.465,-41.8,4.967,5228.1,no
49,blue-collar,married,basic.4y,unknown,no,no,telephone,jun,fri,190,4,999,0,nonexistent,1.4,94.465,-41.8,4.967,5228.1,no
45,technician,married,professional.course,unknown,no,no,telephone,jun,fri,124,3,999,0,nonexistent,1.4,94.465,-41.8,4.967,5228.1,no
33,admin.,single,university.degree,no,yes,no,telephone,jun,fri,342,10,999,0,nonexistent,1.4,94.465,-41.8,4.967,5228.1,no
41,blue-collar,married,basic.9y,unknown,no,no,telephone,jun,fri,72,3,999,0,nonexistent,1.4,94.465,-41.8,4.967,5228.1,no
42,services,single,high.school,no,no,no,telephone,jun,fri,207,4,999,0,nonexistent,1.4,94.465,-41.8,4.967,5228.1,no
41,technician,divorced,basic.4y,no,yes,no,telephone,jun,fri,128,2,999,0,nonexistent,1.4,94.465,-41.8,4.967,5228.1,no
43,management,married,high.school,no,yes,yes,telephone,jun,fri,304,2,999,0,nonexistent,1.4,94.465,-41.8,4.967,5228.1,no
40,blue-collar,married,high.school,no,no,no,telephone,jun,fri,42,2,999,0,nonexistent,1.4,94.465,-41.8,4.967,5228.1,no
39,blue-collar,single,basic.4y,no,no,yes,telephone,jun,fri,396,4,999,0,nonexistent,1.4,94.465,-41.8,4.967,5228.1,no
42,admin.,single,university.degree,no,yes,no,telephone,jun,fri,520,3,999,0,nonexistent,1.4,94.465,-41.8,4.967,5228.1,no
38,admin.,single,university.degree,unknown,yes,no,telephone,jun,fri,188,7,999,0,nonexistent,1.4,94.465,-41.8,4.967,5228.1,no
43,admin.,divorced,university.degree,no,no,no,telephone,jun,fri,70,3,999,0,nonexistent,1.4,94.465,-41.8,4.967,5228.1,no
38,technician,married,professional.course,no,yes,no,telephone,jun,fri,95,4,999,0,nonexistent,1.4,94.465,-41.8,4.967,5228.1,no
44,admin.,divorced,university.degree,no,yes,no,telephone,jun,fri,25,6,999,0,nonexistent,1.4,94.465,-41.8,4.967,5228.1,no
48,self-employed,married,basic.9y,unknown,no,no,telephone,jun,fri,246,4,999,0,nonexistent,1.4,94.465,-41.8,4.967,5228.1,no
34,technician,married,university.degree,no,no,no,telephone,jun,fri,94,2,999,0,nonexistent,1.4,94.465,-41.8,4.967,5228.1,no
35,technician,married,basic.9y,no,yes,no,telephone,jun,fri,197,2,999,0,nonexistent,1.4,94.465,-41.8,4.967,5228.1,no
25,blue-collar,single,high.school,no,yes,no,telephone,jun,fri,446,3,999,0,nonexistent,1.4,94.465,-41.8,4.967,5228.1,no
31,entrepreneur,married,high.school,no,yes,no,telephone,jun,fri,100,3,999,0,nonexistent,1.4,94.465,-41.8,4.967,5228.1,no
29,technician,married,university.degree,no,no,yes,telephone,jun,fri,252,4,999,0,nonexistent,1.4,94.465,-41.8,4.967,5228.1,no
27,self-employed,single,university.degree,no,no,yes,telephone,jun,fri,100,4,999,0,nonexistent,1.4,94.465,-41.8,4.967,5228.1,no
55,admin.,married,basic.4y,unknown,no,no,telephone,jun,fri,1469,9,999,0,nonexistent,1.4,94.465,-41.8,4.967,5228.1,yes
47,retired,married,basic.4y,unknown,no,yes,telephone,jun,fri,37,3,999,0,nonexistent,1.4,94.465,-41.8,4.967,5228.1,no
27,technician,single,professional.course,no,no,no,telephone,jun,fri,112,5,999,0,nonexistent,1.4,94.465,-41.8,4.967,5228.1,no
41,housemaid,married,university.degree,unknown,no,no,telephone,jun,fri,235,3,999,0,nonexistent,1.4,94.465,-41.8,4.967,5228.1,no
54,blue-collar,married,basic.4y,no,no,no,telephone,jun,fri,28,6,999,0,nonexistent,1.4,94.465,-41.8,4.967,5228.1,no
54,admin.,married,unknown,unknown,no,no,telephone,jun,fri,34,16,999,0,nonexistent,1.4,94.465,-41.8,4.967,5228.1,no
32,admin.,single,university.degree,no,unknown,unknown,telephone,jun,fri,121,4,999,0,nonexistent,1.4,94.465,-41.8,4.967,5228.1,no
29,technician,married,professional.course,no,no,no,telephone,jun,fri,145,1,999,0,nonexistent,1.4,94.465,-41.8,4.967,5228.1,no
32,technician,married,basic.9y,no,no,no,telephone,jun,fri,82,1,999,0,nonexistent,1.4,94.465,-41.8,4.967,5228.1,no
47,technician,single,professional.course,unknown,no,no,telephone,jun,fri,61,1,999,0,nonexistent,1.4,94.465,-41.8,4.967,5228.1,no
25,housemaid,married,basic.9y,no,no,no,telephone,jun,fri,152,1,999,0,nonexistent,1.4,94.465,-41.8,4.967,5228.1,no
40,admin.,married,university.degree,no,yes,no,telephone,jun,fri,606,5,999,0,nonexistent,1.4,94.465,-41.8,4.967,5228.1,no
34,technician,married,university.degree,no,no,no,telephone,jun,fri,288,12,999,0,nonexistent,1.4,94.465,-41.8,4.967,5228.1,no
33,blue-collar,married,basic.9y,no,yes,no,telephone,jun,fri,135,1,999,0,nonexistent,1.4,94.465,-41.8,4.967,5228.1,no
40,services,divorced,high.school,no,yes,no,telephone,jun,fri,685,3,999,0,nonexistent,1.4,94.465,-41.8,4.967,5228.1,yes
37,entrepreneur,married,basic.9y,no,no,no,telephone,jun,fri,50,1,999,0,nonexistent,1.4,94.465,-41.8,4.967,5228.1,no
37,unemployed,married,professional.course,no,no,no,telephone,jun,fri,119,1,999,0,nonexistent,1.4,94.465,-41.8,4.967,5228.1,no
52,blue-collar,married,basic.4y,no,yes,no,telephone,jun,fri,160,1,999,0,nonexistent,1.4,94.465,-41.8,4.967,5228.1,no
39,management,married,university.degree,no,yes,no,telephone,jun,fri,23,1,999,0,nonexistent,1.4,94.465,-41.8,4.967,5228.1,no
43,blue-collar,divorced,basic.9y,unknown,no,yes,telephone,jun,fri,222,2,999,0,nonexistent,1.4,94.465,-41.8,4.967,5228.1,no
39,admin.,single,university.degree,unknown,no,no,telephone,jun,fri,122,5,999,0,nonexistent,1.4,94.465,-41.8,4.967,5228.1,no
30,admin.,married,university.degree,no,no,no,telephone,jun,fri,75,1,999,0,nonexistent,1.4,94.465,-41.8,4.967,5228.1,no
38,technician,single,professional.course,unknown,yes,no,telephone,jun,fri,111,5,999,0,nonexistent,1.4,94.465,-41.8,4.967,5228.1,no
42,services,married,high.school,no,yes,yes,telephone,jun,fri,26,1,999,0,nonexistent,1.4,94.465,-41.8,4.967,5228.1,no
42,services,married,high.school,no,yes,no,telephone,jun,fri,174,1,999,0,nonexistent,1.4,94.465,-41.8,4.967,5228.1,no
51,blue-collar,married,basic.4y,unknown,yes,no,telephone,jun,fri,183,1,999,0,nonexistent,1.4,94.465,-41.8,4.967,5228.1,no
36,blue-collar,single,high.school,no,yes,no,telephone,jun,fri,61,1,999,0,nonexistent,1.4,94.465,-41.8,4.967,5228.1,no
42,self-employed,married,university.degree,no,yes,no,telephone,jun,fri,59,3,999,0,nonexistent,1.4,94.465,-41.8,4.967,5228.1,no
38,services,married,basic.9y,no,no,no,telephone,jun,fri,31,1,999,0,nonexistent,1.4,94.465,-41.8,4.967,5228.1,no
25,admin.,married,university.degree,no,yes,no,telephone,jun,fri,109,1,999,0,nonexistent,1.4,94.465,-41.8,4.967,5228.1,no
49,admin.,single,high.school,no,yes,no,telephone,jun,fri,68,1,999,0,nonexistent,1.4,94.465,-41.8,4.967,5228.1,no
46,entrepreneur,married,professional.course,unknown,no,no,telephone,jun,fri,243,7,999,0,nonexistent,1.4,94.465,-41.8,4.967,5228.1,no
42,entrepreneur,single,university.degree,no,yes,no,telephone,jun,fri,491,1,999,0,nonexistent,1.4,94.465,-41.8,4.967,5228.1,no
59,blue-collar,married,basic.6y,no,yes,no,telephone,jun,fri,127,1,999,0,nonexistent,1.4,94.465,-41.8,4.967,5228.1,no
32,housemaid,married,university.degree,no,yes,no,telephone,jun,fri,1291,3,999,0,nonexistent,1.4,94.465,-41.8,4.967,5228.1,no
29,self-employed,single,university.degree,no,no,no,telephone,jun,mon,221,10,999,0,nonexistent,1.4,94.465,-41.8,4.961,5228.1,no
45,blue-collar,married,basic.9y,no,yes,no,telephone,jun,mon,214,1,999,0,nonexistent,1.4,94.465,-41.8,4.961,5228.1,no
32,housemaid,single,basic.4y,no,yes,yes,telephone,jun,mon,123,1,999,0,nonexistent,1.4,94.465,-41.8,4.961,5228.1,no
26,services,single,high.school,no,no,yes,telephone,jun,mon,74,1,999,0,nonexistent,1.4,94.465,-41.8,4.961,5228.1,no
47,entrepreneur,married,university.degree,no,yes,no,telephone,jun,mon,82,2,999,0,nonexistent,1.4,94.465,-41.8,4.961,5228.1,no
29,admin.,single,university.degree,no,yes,no,telephone,jun,mon,164,2,999,0,nonexistent,1.4,94.465,-41.8,4.961,5228.1,no
26,services,single,high.school,no,yes,no,telephone,jun,mon,256,1,999,0,nonexistent,1.4,94.465,-41.8,4.961,5228.1,no
46,blue-collar,married,basic.4y,no,no,no,telephone,jun,mon,86,2,999,0,nonexistent,1.4,94.465,-41.8,4.961,5228.1,no
48,blue-collar,married,basic.4y,unknown,no,no,telephone,jun,mon,349,2,999,0,nonexistent,1.4,94.465,-41.8,4.961,5228.1,no
33,self-employed,married,basic.9y,no,yes,no,telephone,jun,mon,107,3,999,0,nonexistent,1.4,94.465,-41.8,4.961,5228.1,no
34,blue-collar,married,professional.course,no,yes,no,telephone,jun,mon,38,1,999,0,nonexistent,1.4,94.465,-41.8,4.961,5228.1,no
25,services,single,high.school,unknown,no,no,telephone,jun,mon,73,1,999,0,nonexistent,1.4,94.465,-41.8,4.961,5228.1,no
32,blue-collar,married,basic.9y,no,no,no,telephone,jun,mon,78,1,999,0,nonexistent,1.4,94.465,-41.8,4.961,5228.1,no
54,blue-collar,unknown,basic.6y,unknown,no,no,telephone,jun,mon,832,18,999,0,nonexistent,1.4,94.465,-41.8,4.961,5228.1,no
52,self-employed,married,university.degree,unknown,yes,yes,telephone,jun,mon,106,1,999,0,nonexistent,1.4,94.465,-41.8,4.961,5228.1,no
36,self-employed,married,university.degree,no,yes,no,telephone,jun,mon,529,1,999,0,nonexistent,1.4,94.465,-41.8,4.961,5228.1,no
38,admin.,divorced,university.degree,no,yes,no,telephone,jun,mon,464,1,999,0,nonexistent,1.4,94.465,-41.8,4.961,5228.1,no
34,blue-collar,married,basic.6y,unknown,no,no,telephone,jun,mon,61,1,999,0,nonexistent,1.4,94.465,-41.8,4.961,5228.1,no
38,blue-collar,single,basic.4y,no,yes,no,telephone,jun,mon,108,1,999,0,nonexistent,1.4,94.465,-41.8,4.961,5228.1,no
29,blue-collar,married,high.school,no,no,no,telephone,jun,mon,181,1,999,0,nonexistent,1.4,94.465,-41.8,4.961,5228.1,no
37,technician,married,basic.9y,no,no,no,telephone,jun,mon,226,1,999,0,nonexistent,1.4,94.465,-41.8,4.961,5228.1,no
51,entrepreneur,divorced,university.degree,unknown,no,no,telephone,jun,mon,60,2,999,0,nonexistent,1.4,94.465,-41.8,4.961,5228.1,no
48,technician,married,professional.course,no,yes,no,telephone,jun,mon,85,1,999,0,nonexistent,1.4,94.465,-41.8,4.961,5228.1,no
36,technician,married,university.degree,no,yes,no,telephone,jun,mon,196,1,999,0,nonexistent,1.4,94.465,-41.8,4.961,5228.1,no
40,services,married,basic.6y,unknown,yes,no,telephone,jun,mon,52,1,999,0,nonexistent,1.4,94.465,-41.8,4.961,5228.1,no
44,blue-collar,married,basic.4y,unknown,yes,no,telephone,jun,mon,299,4,999,0,nonexistent,1.4,94.465,-41.8,4.961,5228.1,no
36,blue-collar,single,high.school,no,unknown,unknown,telephone,jun,mon,311,2,999,0,nonexistent,1.4,94.465,-41.8,4.961,5228.1,no
26,technician,married,basic.6y,no,no,no,telephone,jun,mon,123,1,999,0,nonexistent,1.4,94.465,-41.8,4.961,5228.1,no
33,admin.,married,university.degree,no,no,yes,telephone,jun,mon,232,1,999,0,nonexistent,1.4,94.465,-41.8,4.961,5228.1,no
52,housemaid,married,basic.4y,unknown,yes,no,telephone,jun,mon,65,1,999,0,nonexistent,1.4,94.465,-41.8,4.961,5228.1,no
40,blue-collar,married,basic.9y,unknown,unknown,unknown,telephone,jun,mon,65,1,999,0,nonexistent,1.4,94.465,-41.8,4.961,5228.1,no
45,admin.,married,university.degree,no,yes,no,telephone,jun,mon,216,5,999,0,nonexistent,1.4,94.465,-41.8,4.961,5228.1,no
33,technician,married,professional.course,no,no,no,telephone,jun,mon,220,4,999,0,nonexistent,1.4,94.465,-41.8,4.961,5228.1,no
39,admin.,single,unknown,no,no,yes,telephone,jun,mon,152,2,999,0,nonexistent,1.4,94.465,-41.8,4.961,5228.1,no
31,blue-collar,single,unknown,no,yes,no,telephone,jun,mon,400,1,999,0,nonexistent,1.4,94.465,-41.8,4.961,5228.1,no
42,technician,divorced,basic.9y,no,yes,no,telephone,jun,mon,163,1,999,0,nonexistent,1.4,94.465,-41.8,4.961,5228.1,no
56,retired,married,basic.6y,no,unknown,unknown,telephone,jun,mon,356,5,999,0,nonexistent,1.4,94.465,-41.8,4.961,5228.1,no
52,blue-collar,married,basic.9y,unknown,unknown,unknown,telephone,jun,mon,117,2,999,0,nonexistent,1.4,94.465,-41.8,4.961,5228.1,no
56,retired,married,basic.4y,no,yes,no,telephone,jun,mon,772,1,999,0,nonexistent,1.4,94.465,-41.8,4.961,5228.1,no
38,admin.,married,basic.9y,unknown,yes,no,telephone,jun,mon,306,1,999,0,nonexistent,1.4,94.465,-41.8,4.961,5228.1,no
60,technician,married,professional.course,unknown,yes,no,telephone,jun,mon,64,1,999,0,nonexistent,1.4,94.465,-41.8,4.961,5228.1,no
56,services,married,basic.4y,unknown,yes,no,telephone,jun,mon,139,1,999,0,nonexistent,1.4,94.465,-41.8,4.961,5228.1,no
39,self-employed,married,university.degree,no,no,yes,telephone,jun,mon,72,1,999,0,nonexistent,1.4,94.465,-41.8,4.961,5228.1,no
40,services,married,basic.6y,unknown,no,no,telephone,jun,mon,49,1,999,0,nonexistent,1.4,94.465,-41.8,4.961,5228.1,no
56,services,married,basic.4y,unknown,yes,yes,telephone,jun,mon,287,1,999,0,nonexistent,1.4,94.465,-41.8,4.961,5228.1,no
30,blue-collar,single,basic.4y,unknown,no,yes,telephone,jun,mon,136,1,999,0,nonexistent,1.4,94.465,-41.8,4.961,5228.1,no
43,blue-collar,married,basic.4y,unknown,no,yes,telephone,jun,mon,119,1,999,0,nonexistent,1.4,94.465,-41.8,4.961,5228.1,no
41,unknown,single,basic.6y,unknown,no,yes,telephone,jun,mon,125,1,999,0,nonexistent,1.4,94.465,-41.8,4.961,5228.1,no
27,admin.,single,high.school,unknown,yes,no,telephone,jun,mon,114,1,999,0,nonexistent,1.4,94.465,-41.8,4.961,5228.1,no
43,technician,divorced,professional.course,no,yes,no,telephone,jun,mon,99,3,999,0,nonexistent,1.4,94.465,-41.8,4.961,5228.1,no
37,technician,married,professional.course,unknown,yes,no,telephone,jun,mon,218,1,999,0,nonexistent,1.4,94.465,-41.8,4.961,5228.1,no
25,services,married,high.school,no,yes,no,telephone,jun,mon,174,9,999,0,nonexistent,1.4,94.465,-41.8,4.961,5228.1,no
37,technician,married,professional.course,unknown,no,yes,telephone,jun,mon,168,1,999,0,nonexistent,1.4,94.465,-41.8,4.961,5228.1,no
24,admin.,single,professional.course,no,yes,yes,telephone,jun,mon,233,1,999,0,nonexistent,1.4,94.465,-41.8,4.961,5228.1,no
32,technician,single,university.degree,no,no,no,telephone,jun,mon,443,2,999,0,nonexistent,1.4,94.465,-41.8,4.961,5228.1,no
30,admin.,married,unknown,no,yes,yes,telephone,jun,mon,76,1,999,0,nonexistent,1.4,94.465,-41.8,4.961,5228.1,no
40,technician,married,professional.course,no,yes,no,telephone,jun,mon,217,1,999,0,nonexistent,1.4,94.465,-41.8,4.961,5228.1,no
27,services,married,high.school,no,no,no,telephone,jun,mon,257,2,999,0,nonexistent,1.4,94.465,-41.8,4.961,5228.1,no
30,blue-collar,single,basic.4y,unknown,no,no,telephone,jun,mon,882,1,999,0,nonexistent,1.4,94.465,-41.8,4.961,5228.1,yes
48,blue-collar,married,basic.4y,no,no,no,telephone,jun,mon,254,1,999,0,nonexistent,1.4,94.465,-41.8,4.961,5228.1,no
37,admin.,divorced,university.degree,no,no,no,telephone,jun,mon,83,1,999,0,nonexistent,1.4,94.465,-41.8,4.961,5228.1,no
34,admin.,married,basic.9y,no,yes,no,telephone,jun,mon,252,3,999,0,nonexistent,1.4,94.465,-41.8,4.961,5228.1,no
34,admin.,married,high.school,no,no,no,telephone,jun,mon,540,1,999,0,nonexistent,1.4,94.465,-41.8,4.961,5228.1,no
36,blue-collar,married,basic.4y,unknown,no,no,telephone,jun,mon,280,1,999,0,nonexistent,1.4,94.465,-41.8,4.961,5228.1,no
37,admin.,divorced,university.degree,no,yes,no,telephone,jun,mon,683,1,999,0,nonexistent,1.4,94.465,-41.8,4.961,5228.1,no
42,services,married,high.school,no,no,yes,telephone,jun,mon,230,3,999,0,nonexistent,1.4,94.465,-41.8,4.961,5228.1,no
39,services,married,high.school,no,yes,yes,telephone,jun,mon,149,1,999,0,nonexistent,1.4,94.465,-41.8,4.961,5228.1,no
34,blue-collar,married,basic.6y,unknown,no,yes,telephone,jun,mon,35,1,999,0,nonexistent,1.4,94.465,-41.8,4.961,5228.1,no
49,admin.,divorced,high.school,no,yes,no,telephone,jun,mon,122,2,999,0,nonexistent,1.4,94.465,-41.8,4.961,5228.1,no
53,admin.,single,basic.6y,no,yes,no,telephone,jun,mon,63,1,999,0,nonexistent,1.4,94.465,-41.8,4.961,5228.1,no
32,blue-collar,married,basic.9y,unknown,no,no,telephone,jun,mon,70,1,999,0,nonexistent,1.4,94.465,-41.8,4.961,5228.1,no
46,self-employed,divorced,basic.9y,no,yes,no,telephone,jun,mon,217,1,999,0,nonexistent,1.4,94.465,-41.8,4.961,5228.1,no
58,management,married,unknown,unknown,yes,no,telephone,jun,mon,1098,1,999,0,nonexistent,1.4,94.465,-41.8,4.961,5228.1,no
32,admin.,single,university.degree,no,yes,yes,telephone,jun,mon,176,6,999,0,nonexistent,1.4,94.465,-41.8,4.961,5228.1,no
44,blue-collar,married,basic.6y,no,yes,no,telephone,jun,mon,331,6,999,0,nonexistent,1.4,94.465,-41.8,4.961,5228.1,no
26,student,single,high.school,no,no,no,telephone,jun,mon,901,1,999,0,nonexistent,1.4,94.465,-41.8,4.961,5228.1,yes
56,technician,divorced,professional.course,unknown,yes,no,telephone,jun,mon,123,2,999,0,nonexistent,1.4,94.465,-41.8,4.961,5228.1,no
25,blue-collar,married,professional.course,unknown,yes,no,telephone,jun,mon,77,2,999,0,nonexistent,1.4,94.465,-41.8,4.961,5228.1,no
29,blue-collar,single,basic.9y,no,no,no,telephone,jun,mon,91,1,999,0,nonexistent,1.4,94.465,-41.8,4.961,5228.1,no
44,blue-collar,married,professional.course,no,no,no,telephone,jun,mon,63,1,999,0,nonexistent,1.4,94.465,-41.8,4.961,5228.1,no
44,technician,divorced,professional.course,no,yes,no,telephone,jun,mon,173,1,999,0,nonexistent,1.4,94.465,-41.8,4.961,5228.1,no
44,blue-collar,single,basic.4y,no,no,no,telephone,jun,mon,128,1,999,0,nonexistent,1.4,94.465,-41.8,4.961,5228.1,no
44,blue-collar,single,basic.4y,no,yes,no,telephone,jun,mon,76,1,999,0,nonexistent,1.4,94.465,-41.8,4.961,5228.1,no
29,blue-collar,single,basic.9y,no,no,no,telephone,jun,mon,411,1,999,0,nonexistent,1.4,94.465,-41.8,4.961,5228.1,no
37,blue-collar,married,professional.course,no,yes,no,telephone,jun,mon,179,2,999,0,nonexistent,1.4,94.465,-41.8,4.961,5228.1,no
34,self-employed,married,university.degree,no,no,no,telephone,jun,mon,139,2,999,0,nonexistent,1.4,94.465,-41.8,4.961,5228.1,no
54,blue-collar,married,basic.9y,unknown,yes,yes,telephone,jun,mon,75,2,999,0,nonexistent,1.4,94.465,-41.8,4.961,5228.1,no
58,retired,divorced,professional.course,unknown,no,no,telephone,jun,mon,210,2,999,0,nonexistent,1.4,94.465,-41.8,4.961,5228.1,no
24,services,single,high.school,no,no,no,telephone,jun,mon,700,1,999,0,nonexistent,1.4,94.465,-41.8,4.961,5228.1,yes
30,admin.,divorced,high.school,no,yes,no,telephone,jun,mon,225,2,999,0,nonexistent,1.4,94.465,-41.8,4.961,5228.1,no
40,technician,married,professional.course,unknown,no,no,telephone,jun,mon,96,1,999,0,nonexistent,1.4,94.465,-41.8,4.961,5228.1,no
29,blue-collar,married,basic.4y,unknown,yes,no,telephone,jun,mon,166,1,999,0,nonexistent,1.4,94.465,-41.8,4.961,5228.1,no
54,technician,single,basic.9y,no,no,no,telephone,jun,mon,186,3,999,0,nonexistent,1.4,94.465,-41.8,4.961,5228.1,no
40,technician,married,professional.course,unknown,yes,no,telephone,jun,mon,92,1,999,0,nonexistent,1.4,94.465,-41.8,4.961,5228.1,no
52,management,divorced,university.degree,no,yes,no,telephone,jun,mon,80,3,999,0,nonexistent,1.4,94.465,-41.8,4.961,5228.1,no
44,blue-collar,single,basic.6y,unknown,yes,no,telephone,jun,mon,67,1,999,0,nonexistent,1.4,94.465,-41.8,4.961,5228.1,no
34,blue-collar,married,professional.course,no,yes,yes,telephone,jun,mon,190,1,999,0,nonexistent,1.4,94.465,-41.8,4.961,5228.1,no
31,admin.,single,university.degree,no,no,no,telephone,jun,mon,104,1,999,0,nonexistent,1.4,94.465,-41.8,4.961,5228.1,no
30,admin.,single,high.school,no,yes,no,telephone,jun,mon,174,1,999,0,nonexistent,1.4,94.465,-41.8,4.961,5228.1,no
36,technician,married,professional.course,no,yes,yes,telephone,jun,mon,37,1,999,0,nonexistent,1.4,94.465,-41.8,4.961,5228.1,no
26,student,single,high.school,no,no,no,telephone,jun,mon,589,1,999,0,nonexistent,1.4,94.465,-41.8,4.961,5228.1,no
36,technician,married,professional.course,no,no,no,telephone,jun,mon,183,1,999,0,nonexistent,1.4,94.465,-41.8,4.961,5228.1,no
36,technician,married,professional.course,no,no,no,telephone,jun,mon,151,1,999,0,nonexistent,1.4,94.465,-41.8,4.961,5228.1,no
34,blue-collar,married,basic.9y,unknown,no,no,telephone,jun,mon,73,1,999,0,nonexistent,1.4,94.465,-41.8,4.961,5228.1,no
46,entrepreneur,married,professional.course,unknown,no,no,telephone,jun,mon,88,1,999,0,nonexistent,1.4,94.465,-41.8,4.961,5228.1,no
36,entrepreneur,married,high.school,no,yes,no,telephone,jun,mon,112,4,999,0,nonexistent,1.4,94.465,-41.8,4.961,5228.1,no
50,management,married,high.school,unknown,no,no,telephone,jun,mon,65,17,999,0,nonexistent,1.4,94.465,-41.8,4.961,5228.1,no
28,blue-collar,married,basic.4y,no,no,no,telephone,jun,mon,149,2,999,0,nonexistent,1.4,94.465,-41.8,4.961,5228.1,no
41,technician,single,university.degree,unknown,yes,yes,telephone,jun,mon,378,1,999,0,nonexistent,1.4,94.465,-41.8,4.961,5228.1,no
40,housemaid,married,high.school,unknown,yes,no,telephone,jun,mon,100,7,999,0,nonexistent,1.4,94.465,-41.8,4.961,5228.1,no
35,admin.,married,high.school,no,no,no,telephone,jun,mon,250,1,999,0,nonexistent,1.4,94.465,-41.8,4.961,5228.1,no
38,self-employed,married,basic.9y,unknown,no,no,telephone,jun,mon,156,2,999,0,nonexistent,1.4,94.465,-41.8,4.961,5228.1,no
45,self-employed,divorced,university.degree,no,yes,yes,telephone,jun,mon,173,1,999,0,nonexistent,1.4,94.465,-41.8,4.961,5228.1,no
32,technician,married,professional.course,no,yes,no,telephone,jun,mon,127,2,999,0,nonexistent,1.4,94.465,-41.8,4.961,5228.1,no
51,blue-collar,married,basic.9y,unknown,no,no,telephone,jun,mon,324,1,999,0,nonexistent,1.4,94.465,-41.8,4.961,5228.1,no
39,self-employed,married,basic.4y,unknown,no,no,telephone,jun,mon,87,1,999,0,nonexistent,1.4,94.465,-41.8,4.961,5228.1,no
56,entrepreneur,divorced,university.degree,no,no,yes,telephone,jun,mon,311,1,999,0,nonexistent,1.4,94.465,-41.8,4.961,5228.1,no
35,blue-collar,married,basic.9y,unknown,yes,yes,telephone,jun,mon,313,1,999,0,nonexistent,1.4,94.465,-41.8,4.961,5228.1,no
49,blue-collar,single,basic.4y,no,no,no,telephone,jun,mon,47,1,999,0,nonexistent,1.4,94.465,-41.8,4.961,5228.1,no
33,management,married,high.school,no,no,yes,telephone,jun,mon,117,1,999,0,nonexistent,1.4,94.465,-41.8,4.961,5228.1,no
33,unemployed,single,high.school,no,yes,no,telephone,jun,mon,142,3,999,0,nonexistent,1.4,94.465,-41.8,4.961,5228.1,no
24,services,single,high.school,no,yes,yes,telephone,jun,mon,183,2,999,0,nonexistent,1.4,94.465,-41.8,4.961,5228.1,no
34,services,married,basic.9y,no,yes,no,telephone,jun,mon,274,2,999,0,nonexistent,1.4,94.465,-41.8,4.961,5228.1,no
37,unemployed,single,basic.9y,no,yes,no,telephone,jun,mon,144,1,999,0,nonexistent,1.4,94.465,-41.8,4.961,5228.1,no
39,management,married,university.degree,no,yes,no,telephone,jun,mon,23,1,999,0,nonexistent,1.4,94.465,-41.8,4.961,5228.1,no
32,technician,single,professional.course,no,no,no,telephone,jun,mon,128,1,999,0,nonexistent,1.4,94.465,-41.8,4.961,5228.1,no
34,admin.,married,high.school,no,yes,no,telephone,jun,mon,491,6,999,0,nonexistent,1.4,94.465,-41.8,4.961,5228.1,yes
25,services,single,high.school,no,yes,no,telephone,jun,mon,162,1,999,0,nonexistent,1.4,94.465,-41.8,4.961,5228.1,no
32,admin.,single,professional.course,no,no,yes,telephone,jun,mon,213,1,999,0,nonexistent,1.4,94.465,-41.8,4.961,5228.1,no
29,blue-collar,married,basic.4y,no,no,yes,telephone,jun,mon,164,1,999,0,nonexistent,1.4,94.465,-41.8,4.961,5228.1,no
39,self-employed,married,basic.9y,unknown,no,no,telephone,jun,mon,79,1,999,0,nonexistent,1.4,94.465,-41.8,4.961,5228.1,no
33,technician,married,basic.9y,no,no,no,telephone,jun,mon,136,1,999,0,nonexistent,1.4,94.465,-41.8,4.961,5228.1,no
25,technician,single,professional.course,no,yes,no,telephone,jun,mon,97,1,999,0,nonexistent,1.4,94.465,-41.8,4.961,5228.1,no
44,technician,married,basic.6y,unknown,yes,no,telephone,jun,mon,160,2,999,0,nonexistent,1.4,94.465,-41.8,4.961,5228.1,no
31,blue-collar,married,basic.4y,no,yes,yes,telephone,jun,mon,240,2,999,0,nonexistent,1.4,94.465,-41.8,4.961,5228.1,no
36,technician,married,university.degree,no,yes,no,telephone,jun,mon,78,2,999,0,nonexistent,1.4,94.465,-41.8,4.961,5228.1,no
30,services,married,university.degree,unknown,no,yes,telephone,jun,mon,87,2,999,0,nonexistent,1.4,94.465,-41.8,4.961,5228.1,no
36,technician,married,high.school,no,no,no,telephone,jun,mon,940,1,999,0,nonexistent,1.4,94.465,-41.8,4.961,5228.1,yes
53,blue-collar,married,basic.4y,no,no,yes,telephone,jun,mon,340,2,999,0,nonexistent,1.4,94.465,-41.8,4.961,5228.1,no
40,unemployed,married,high.school,no,yes,no,telephone,jun,mon,196,1,999,0,nonexistent,1.4,94.465,-41.8,4.961,5228.1,no
47,blue-collar,married,basic.9y,no,yes,no,telephone,jun,mon,160,1,999,0,nonexistent,1.4,94.465,-41.8,4.961,5228.1,no
28,admin.,single,basic.9y,no,no,no,telephone,jun,mon,166,2,999,0,nonexistent,1.4,94.465,-41.8,4.961,5228.1,no
31,blue-collar,married,basic.6y,no,no,no,telephone,jun,mon,271,2,999,0,nonexistent,1.4,94.465,-41.8,4.961,5228.1,no
58,technician,married,basic.4y,no,no,no,telephone,jun,mon,317,1,999,0,nonexistent,1.4,94.465,-41.8,4.961,5228.1,no
44,admin.,married,university.degree,unknown,no,no,telephone,jun,mon,78,3,999,0,nonexistent,1.4,94.465,-41.8,4.961,5228.1,no
33,services,divorced,high.school,no,yes,no,telephone,jun,mon,73,2,999,0,nonexistent,1.4,94.465,-41.8,4.961,5228.1,no
36,blue-collar,single,basic.9y,unknown,no,no,telephone,jun,mon,411,2,999,0,nonexistent,1.4,94.465,-41.8,4.961,5228.1,no
43,admin.,single,high.school,no,no,no,telephone,jun,mon,198,2,999,0,nonexistent,1.4,94.465,-41.8,4.961,5228.1,no
32,services,married,unknown,no,no,no,telephone,jun,mon,98,4,999,0,nonexistent,1.4,94.465,-41.8,4.961,5228.1,no
46,admin.,single,university.degree,no,yes,no,telephone,jun,mon,24,1,999,0,nonexistent,1.4,94.465,-41.8,4.961,5228.1,no
50,technician,married,professional.course,no,no,yes,telephone,jun,mon,352,1,999,0,nonexistent,1.4,94.465,-41.8,4.961,5228.1,no
38,blue-collar,married,basic.6y,no,no,no,telephone,jun,mon,559,1,999,0,nonexistent,1.4,94.465,-41.8,4.961,5228.1,no
41,management,married,high.school,no,yes,no,telephone,jun,mon,440,1,999,0,nonexistent,1.4,94.465,-41.8,4.961,5228.1,no
49,blue-collar,married,basic.9y,no,unknown,unknown,telephone,jun,mon,242,4,999,0,nonexistent,1.4,94.465,-41.8,4.961,5228.1,no
50,services,single,basic.4y,no,no,no,telephone,jun,mon,514,3,999,0,nonexistent,1.4,94.465,-41.8,4.961,5228.1,no
53,blue-collar,single,basic.9y,no,yes,no,telephone,jun,mon,91,3,999,0,nonexistent,1.4,94.465,-41.8,4.961,5228.1,no
39,admin.,married,university.degree,no,yes,no,telephone,jun,mon,78,2,999,0,nonexistent,1.4,94.465,-41.8,4.961,5228.1,no
43,management,married,basic.4y,no,yes,no,telephone,jun,mon,318,2,999,0,nonexistent,1.4,94.465,-41.8,4.961,5228.1,no
41,services,single,high.school,no,no,no,telephone,jun,mon,295,3,999,0,nonexistent,1.4,94.465,-41.8,4.961,5228.1,no
31,admin.,married,high.school,no,no,no,telephone,jun,mon,346,2,999,0,nonexistent,1.4,94.465,-41.8,4.961,5228.1,no
29,self-employed,married,high.school,no,no,no,telephone,jun,mon,238,6,999,0,nonexistent,1.4,94.465,-41.8,4.961,5228.1,no
52,entrepreneur,married,basic.9y,unknown,no,no,telephone,jun,mon,291,3,999,0,nonexistent,1.4,94.465,-41.8,4.961,5228.1,no
58,unknown,married,basic.4y,no,yes,no,telephone,jun,mon,149,1,999,0,nonexistent,1.4,94.465,-41.8,4.961,5228.1,no
47,blue-collar,married,basic.4y,unknown,no,no,telephone,jun,mon,200,1,999,0,nonexistent,1.4,94.465,-41.8,4.961,5228.1,no
45,admin.,married,high.school,no,no,no,telephone,jun,mon,290,1,999,0,nonexistent,1.4,94.465,-41.8,4.961,5228.1,no
45,technician,married,high.school,no,yes,no,telephone,jun,mon,222,3,999,0,nonexistent,1.4,94.465,-41.8,4.961,5228.1,no
37,blue-collar,married,high.school,no,yes,no,telephone,jun,mon,90,4,999,0,nonexistent,1.4,94.465,-41.8,4.961,5228.1,no
49,entrepreneur,married,university.degree,no,no,no,telephone,jun,mon,171,2,999,0,nonexistent,1.4,94.465,-41.8,4.961,5228.1,no
26,technician,married,professional.course,no,no,no,telephone,jun,mon,170,2,999,0,nonexistent,1.4,94.465,-41.8,4.961,5228.1,no
40,blue-collar,married,basic.6y,no,no,no,telephone,jun,mon,493,2,999,0,nonexistent,1.4,94.465,-41.8,4.961,5228.1,no
32,blue-collar,married,basic.4y,unknown,no,no,telephone,jun,mon,188,2,999,0,nonexistent,1.4,94.465,-41.8,4.961,5228.1,no
30,blue-collar,single,basic.4y,no,no,no,telephone,jun,mon,17,5,999,0,nonexistent,1.4,94.465,-41.8,4.961,5228.1,no
60,management,married,university.degree,no,no,no,telephone,jun,mon,316,2,999,0,nonexistent,1.4,94.465,-41.8,4.961,5228.1,no
39,admin.,single,university.degree,unknown,yes,no,telephone,jun,mon,398,2,999,0,nonexistent,1.4,94.465,-41.8,4.961,5228.1,no
35,blue-collar,married,basic.9y,no,no,yes,telephone,jun,mon,782,2,999,0,nonexistent,1.4,94.465,-41.8,4.961,5228.1,no
32,admin.,single,high.school,no,no,no,telephone,jun,mon,137,2,999,0,nonexistent,1.4,94.465,-41.8,4.961,5228.1,no
28,entrepreneur,single,high.school,no,yes,no,telephone,jun,mon,419,2,999,0,nonexistent,1.4,94.465,-41.8,4.961,5228.1,no
46,admin.,married,high.school,unknown,yes,no,telephone,jun,mon,96,6,999,0,nonexistent,1.4,94.465,-41.8,4.961,5228.1,no
26,admin.,single,high.school,no,yes,no,telephone,jun,mon,223,2,999,0,nonexistent,1.4,94.465,-41.8,4.961,5228.1,no
28,blue-collar,married,basic.6y,unknown,yes,no,telephone,jun,mon,70,3,999,0,nonexistent,1.4,94.465,-41.8,4.961,5228.1,no
52,unknown,married,basic.4y,no,no,yes,telephone,jun,mon,150,17,999,0,nonexistent,1.4,94.465,-41.8,4.961,5228.1,no
29,blue-collar,single,high.school,unknown,no,no,telephone,jun,mon,559,2,999,0,nonexistent,1.4,94.465,-41.8,4.961,5228.1,no
38,technician,married,professional.course,no,yes,no,telephone,jun,mon,952,2,999,0,nonexistent,1.4,94.465,-41.8,4.961,5228.1,yes
42,services,divorced,basic.6y,no,no,no,telephone,jun,mon,71,2,999,0,nonexistent,1.4,94.465,-41.8,4.961,5228.1,no
27,entrepreneur,single,university.degree,no,yes,no,telephone,jun,mon,486,3,999,0,nonexistent,1.4,94.465,-41.8,4.961,5228.1,yes
47,blue-collar,married,high.school,unknown,yes,no,telephone,jun,mon,224,3,999,0,nonexistent,1.4,94.465,-41.8,4.961,5228.1,no
54,housemaid,married,professional.course,no,yes,no,telephone,jun,mon,152,4,999,0,nonexistent,1.4,94.465,-41.8,4.961,5228.1,no
32,blue-collar,single,basic.9y,no,yes,no,telephone,jun,mon,22,17,999,0,nonexistent,1.4,94.465,-41.8,4.961,5228.1,no
42,blue-collar,married,basic.9y,no,no,no,telephone,jun,mon,130,2,999,0,nonexistent,1.4,94.465,-41.8,4.961,5228.1,no
34,management,single,high.school,no,yes,no,telephone,jun,mon,220,2,999,0,nonexistent,1.4,94.465,-41.8,4.961,5228.1,no
41,blue-collar,divorced,basic.9y,unknown,no,no,telephone,jun,mon,85,4,999,0,nonexistent,1.4,94.465,-41.8,4.961,5228.1,no
26,blue-collar,single,high.school,unknown,no,no,telephone,jun,mon,108,2,999,0,nonexistent,1.4,94.465,-41.8,4.961,5228.1,no
49,admin.,single,university.degree,unknown,yes,no,telephone,jun,mon,244,3,999,0,nonexistent,1.4,94.465,-41.8,4.961,5228.1,no
60,retired,divorced,basic.4y,unknown,yes,no,telephone,jun,mon,253,4,999,0,nonexistent,1.4,94.465,-41.8,4.961,5228.1,no
42,blue-collar,single,basic.9y,no,no,no,telephone,jun,mon,306,5,999,0,nonexistent,1.4,94.465,-41.8,4.961,5228.1,no
30,admin.,married,high.school,unknown,yes,no,telephone,jun,mon,69,2,999,0,nonexistent,1.4,94.465,-41.8,4.961,5228.1,no
42,blue-collar,married,basic.9y,unknown,yes,no,telephone,jun,mon,175,3,999,0,nonexistent,1.4,94.465,-41.8,4.961,5228.1,no
39,admin.,single,university.degree,no,yes,no,telephone,jun,mon,436,2,999,0,nonexistent,1.4,94.465,-41.8,4.961,5228.1,no
25,technician,single,university.degree,no,no,no,telephone,jun,mon,92,6,999,0,nonexistent,1.4,94.465,-41.8,4.961,5228.1,no
32,technician,single,professional.course,no,yes,no,telephone,jun,mon,371,3,999,0,nonexistent,1.4,94.465,-41.8,4.961,5228.1,no
35,blue-collar,married,basic.9y,no,yes,no,telephone,jun,mon,216,2,999,0,nonexistent,1.4,94.465,-41.8,4.961,5228.1,no
28,blue-collar,single,basic.9y,no,yes,no,telephone,jun,mon,243,2,999,0,nonexistent,1.4,94.465,-41.8,4.961,5228.1,no
32,admin.,married,university.degree,unknown,yes,no,telephone,jun,mon,718,3,999,0,nonexistent,1.4,94.465,-41.8,4.961,5228.1,no
42,technician,married,basic.9y,no,yes,no,telephone,jun,mon,442,8,999,0,nonexistent,1.4,94.465,-41.8,4.961,5228.1,yes
35,blue-collar,married,basic.4y,unknown,yes,no,telephone,jun,mon,184,5,999,0,nonexistent,1.4,94.465,-41.8,4.961,5228.1,no
45,admin.,married,unknown,no,no,no,telephone,jun,mon,189,4,999,0,nonexistent,1.4,94.465,-41.8,4.961,5228.1,no
39,self-employed,married,basic.4y,unknown,yes,no,telephone,jun,mon,164,3,999,0,nonexistent,1.4,94.465,-41.8,4.961,5228.1,no
52,entrepreneur,married,basic.9y,unknown,yes,no,telephone,jun,mon,699,2,999,0,nonexistent,1.4,94.465,-41.8,4.961,5228.1,no
32,services,married,high.school,unknown,no,no,telephone,jun,mon,1137,3,999,0,nonexistent,1.4,94.465,-41.8,4.961,5228.1,yes
38,housemaid,married,university.degree,no,no,no,telephone,jun,mon,100,5,999,0,nonexistent,1.4,94.465,-41.8,4.961,5228.1,no
53,blue-collar,married,basic.9y,no,no,no,telephone,jun,mon,445,2,999,0,nonexistent,1.4,94.465,-41.8,4.961,5228.1,no
37,blue-collar,divorced,basic.9y,no,yes,yes,telephone,jun,mon,332,2,999,0,nonexistent,1.4,94.465,-41.8,4.961,5228.1,no
48,blue-collar,married,basic.4y,unknown,yes,no,telephone,jun,mon,61,2,999,0,nonexistent,1.4,94.465,-41.8,4.961,5228.1,no
36,blue-collar,married,basic.4y,no,no,no,telephone,jun,mon,90,2,999,0,nonexistent,1.4,94.465,-41.8,4.961,5228.1,no
31,services,married,high.school,unknown,yes,no,telephone,jun,mon,174,2,999,0,nonexistent,1.4,94.465,-41.8,4.961,5228.1,no
31,services,single,high.school,no,yes,no,telephone,jun,mon,204,2,999,0,nonexistent,1.4,94.465,-41.8,4.961,5228.1,no
54,management,married,university.degree,no,no,no,telephone,jun,mon,87,13,999,0,nonexistent,1.4,94.465,-41.8,4.961,5228.1,no
45,self-employed,married,professional.course,unknown,yes,yes,telephone,jun,mon,330,3,999,0,nonexistent,1.4,94.465,-41.8,4.961,5228.1,no
41,blue-collar,married,basic.9y,unknown,yes,no,telephone,jun,mon,259,2,999,0,nonexistent,1.4,94.465,-41.8,4.961,5228.1,no
34,admin.,married,university.degree,no,no,no,telephone,jun,mon,237,2,999,0,nonexistent,1.4,94.465,-41.8,4.961,5228.1,no
41,blue-collar,married,high.school,unknown,yes,yes,telephone,jun,mon,116,3,999,0,nonexistent,1.4,94.465,-41.8,4.961,5228.1,no
33,services,married,basic.4y,no,yes,yes,telephone,jun,mon,59,6,999,0,nonexistent,1.4,94.465,-41.8,4.961,5228.1,no
40,services,married,unknown,unknown,yes,no,telephone,jun,mon,99,26,999,0,nonexistent,1.4,94.465,-41.8,4.961,5228.1,no
50,technician,married,high.school,no,no,no,telephone,jun,mon,42,2,999,0,nonexistent,1.4,94.465,-41.8,4.961,5228.1,no
33,blue-collar,married,basic.9y,no,no,yes,telephone,jun,mon,182,2,999,0,nonexistent,1.4,94.465,-41.8,4.961,5228.1,no
37,admin.,married,high.school,no,no,no,telephone,jun,mon,250,2,999,0,nonexistent,1.4,94.465,-41.8,4.961,5228.1,no
48,services,married,basic.6y,unknown,no,yes,telephone,jun,mon,511,5,999,0,nonexistent,1.4,94.465,-41.8,4.961,5228.1,no
54,retired,married,university.degree,unknown,no,no,telephone,jun,mon,26,3,999,0,nonexistent,1.4,94.465,-41.8,4.961,5228.1,no
34,technician,married,basic.6y,unknown,no,no,telephone,jun,mon,478,2,999,0,nonexistent,1.4,94.465,-41.8,4.961,5228.1,no
35,blue-collar,married,basic.9y,unknown,no,no,telephone,jun,mon,579,4,999,0,nonexistent,1.4,94.465,-41.8,4.961,5228.1,no
38,self-employed,married,university.degree,unknown,no,no,telephone,jun,mon,96,10,999,0,nonexistent,1.4,94.465,-41.8,4.961,5228.1,no
37,blue-collar,single,high.school,no,yes,no,telephone,jun,mon,95,3,999,0,nonexistent,1.4,94.465,-41.8,4.961,5228.1,no
56,blue-collar,married,basic.4y,unknown,yes,no,telephone,jun,mon,52,3,999,0,nonexistent,1.4,94.465,-41.8,4.961,5228.1,no
35,blue-collar,divorced,basic.9y,no,no,no,telephone,jun,mon,138,4,999,0,nonexistent,1.4,94.465,-41.8,4.961,5228.1,no
35,technician,single,high.school,no,no,no,telephone,jun,mon,94,4,999,0,nonexistent,1.4,94.465,-41.8,4.961,5228.1,no
44,blue-collar,married,basic.4y,unknown,no,no,telephone,jun,mon,299,5,999,0,nonexistent,1.4,94.465,-41.8,4.961,5228.1,no
59,blue-collar,married,basic.4y,unknown,yes,yes,telephone,jun,mon,69,6,999,0,nonexistent,1.4,94.465,-41.8,4.961,5228.1,no
39,housemaid,married,basic.4y,no,yes,no,telephone,jun,mon,44,4,999,0,nonexistent,1.4,94.465,-41.8,4.961,5228.1,no
53,blue-collar,married,basic.9y,no,yes,no,telephone,jun,mon,154,10,999,0,nonexistent,1.4,94.465,-41.8,4.961,5228.1,no
41,unemployed,married,basic.9y,unknown,yes,no,telephone,jun,mon,80,3,999,0,nonexistent,1.4,94.465,-41.8,4.961,5228.1,no
30,blue-collar,married,basic.9y,no,yes,no,telephone,jun,mon,115,4,999,0,nonexistent,1.4,94.465,-41.8,4.961,5228.1,no
47,services,married,basic.6y,no,no,no,telephone,jun,wed,107,3,999,0,nonexistent,1.4,94.465,-41.8,4.959,5228.1,no
54,housemaid,divorced,basic.4y,no,yes,no,telephone,jun,wed,129,6,999,0,nonexistent,1.4,94.465,-41.8,4.959,5228.1,no
56,blue-collar,married,basic.4y,no,yes,no,telephone,jun,wed,33,8,999,0,nonexistent,1.4,94.465,-41.8,4.959,5228.1,no
50,entrepreneur,married,basic.9y,no,yes,no,telephone,jun,wed,296,3,999,0,nonexistent,1.4,94.465,-41.8,4.959,5228.1,no
26,admin.,married,high.school,unknown,yes,no,telephone,jun,wed,198,5,999,0,nonexistent,1.4,94.465,-41.8,4.959,5228.1,no
36,services,divorced,university.degree,no,no,no,telephone,jun,wed,69,2,999,0,nonexistent,1.4,94.465,-41.8,4.959,5228.1,no
37,management,single,university.degree,no,no,no,telephone,jun,wed,76,3,999,0,nonexistent,1.4,94.465,-41.8,4.959,5228.1,no
51,admin.,divorced,high.school,unknown,no,no,telephone,jun,wed,40,5,999,0,nonexistent,1.4,94.465,-41.8,4.959,5228.1,no
36,unknown,single,basic.6y,unknown,no,no,telephone,jun,wed,878,3,999,0,nonexistent,1.4,94.465,-41.8,4.959,5228.1,yes
21,technician,single,professional.course,no,no,no,telephone,jun,wed,54,4,999,0,nonexistent,1.4,94.465,-41.8,4.959,5228.1,no
39,management,married,university.degree,no,no,no,telephone,jun,wed,129,3,999,0,nonexistent,1.4,94.465,-41.8,4.959,5228.1,no
39,blue-collar,married,basic.4y,unknown,no,no,telephone,jun,wed,480,3,999,0,nonexistent,1.4,94.465,-41.8,4.959,5228.1,no
29,admin.,married,professional.course,no,yes,no,telephone,jun,wed,583,4,999,0,nonexistent,1.4,94.465,-41.8,4.959,5228.1,yes
45,services,divorced,high.school,no,no,no,telephone,jun,wed,101,5,999,0,nonexistent,1.4,94.465,-41.8,4.959,5228.1,no
37,blue-collar,divorced,basic.9y,unknown,no,no,telephone,jun,wed,339,2,999,0,nonexistent,1.4,94.465,-41.8,4.959,5228.1,no
40,admin.,single,university.degree,no,yes,no,telephone,jun,wed,27,2,999,0,nonexistent,1.4,94.465,-41.8,4.959,5228.1,no
25,admin.,married,unknown,no,no,no,telephone,jun,wed,490,2,999,0,nonexistent,1.4,94.465,-41.8,4.959,5228.1,no
49,blue-collar,married,basic.6y,unknown,yes,no,telephone,jun,wed,81,3,999,0,nonexistent,1.4,94.465,-41.8,4.959,5228.1,no
44,services,married,basic.9y,unknown,no,no,telephone,jun,wed,399,8,999,0,nonexistent,1.4,94.465,-41.8,4.959,5228.1,no
34,blue-collar,married,high.school,no,yes,no,telephone,jun,wed,42,2,999,0,nonexistent,1.4,94.465,-41.8,4.959,5228.1,no
39,technician,divorced,professional.course,no,no,no,telephone,jun,wed,29,2,999,0,nonexistent,1.4,94.465,-41.8,4.959,5228.1,no
56,services,married,high.school,unknown,yes,no,telephone,jun,wed,75,14,999,0,nonexistent,1.4,94.465,-41.8,4.959,5228.1,no
41,technician,married,professional.course,no,yes,no,telephone,jun,wed,47,3,999,0,nonexistent,1.4,94.465,-41.8,4.959,5228.1,no
32,unknown,single,basic.6y,no,yes,no,telephone,jun,wed,62,2,999,0,nonexistent,1.4,94.465,-41.8,4.959,5228.1,no
33,admin.,married,university.degree,no,yes,no,telephone,jun,wed,305,10,999,0,nonexistent,1.4,94.465,-41.8,4.959,5228.1,no
46,admin.,married,high.school,no,yes,no,telephone,jun,wed,95,1,999,0,nonexistent,1.4,94.465,-41.8,4.959,5228.1,no
34,management,married,university.degree,no,no,no,telephone,jun,wed,893,8,999,0,nonexistent,1.4,94.465,-41.8,4.959,5228.1,yes
29,admin.,married,professional.course,no,no,no,telephone,jun,wed,103,3,999,0,nonexistent,1.4,94.465,-41.8,4.959,5228.1,no
43,blue-collar,married,basic.4y,unknown,yes,yes,telephone,jun,wed,204,1,999,0,nonexistent,1.4,94.465,-41.8,4.959,5228.1,no
53,blue-collar,married,basic.9y,no,no,no,telephone,jun,wed,71,1,999,0,nonexistent,1.4,94.465,-41.8,4.959,5228.1,no
50,services,divorced,basic.4y,unknown,yes,no,telephone,jun,wed,91,4,999,0,nonexistent,1.4,94.465,-41.8,4.959,5228.1,no
28,admin.,single,unknown,no,no,no,telephone,jun,wed,643,1,999,0,nonexistent,1.4,94.465,-41.8,4.959,5228.1,no
48,services,married,high.school,unknown,yes,no,telephone,jun,wed,327,9,999,0,nonexistent,1.4,94.465,-41.8,4.959,5228.1,no
55,unemployed,married,basic.4y,unknown,yes,no,telephone,jun,wed,175,4,999,0,nonexistent,1.4,94.465,-41.8,4.959,5228.1,no
43,blue-collar,married,basic.4y,no,yes,no,telephone,jun,wed,109,1,999,0,nonexistent,1.4,94.465,-41.8,4.959,5228.1,no
44,services,divorced,high.school,no,no,no,telephone,jun,wed,240,9,999,0,nonexistent,1.4,94.465,-41.8,4.959,5228.1,no
33,admin.,married,high.school,no,no,no,telephone,jun,wed,916,1,999,0,nonexistent,1.4,94.465,-41.8,4.959,5228.1,no
43,blue-collar,married,basic.4y,no,yes,no,telephone,jun,wed,363,1,999,0,nonexistent,1.4,94.465,-41.8,4.959,5228.1,no
39,unemployed,married,professional.course,no,yes,no,telephone,jun,wed,281,4,999,0,nonexistent,1.4,94.465,-41.8,4.959,5228.1,no
46,blue-collar,married,basic.4y,unknown,yes,no,telephone,jun,wed,196,2,999,0,nonexistent,1.4,94.465,-41.8,4.959,5228.1,no
36,blue-collar,divorced,high.school,no,no,no,telephone,jun,wed,68,1,999,0,nonexistent,1.4,94.465,-41.8,4.959,5228.1,no
47,management,married,university.degree,no,yes,no,telephone,jun,wed,181,1,999,0,nonexistent,1.4,94.465,-41.8,4.959,5228.1,no
41,admin.,single,university.degree,no,yes,yes,telephone,jun,wed,88,5,999,0,nonexistent,1.4,94.465,-41.8,4.959,5228.1,no
47,blue-collar,divorced,basic.9y,unknown,no,no,telephone,jun,wed,305,2,999,0,nonexistent,1.4,94.465,-41.8,4.959,5228.1,no
42,management,married,university.degree,no,no,no,telephone,jun,wed,197,3,999,0,nonexistent,1.4,94.465,-41.8,4.959,5228.1,no
36,blue-collar,divorced,high.school,no,yes,no,telephone,jun,wed,133,1,999,0,nonexistent,1.4,94.465,-41.8,4.959,5228.1,no
39,entrepreneur,married,high.school,no,no,no,telephone,jun,wed,439,1,999,0,nonexistent,1.4,94.465,-41.8,4.959,5228.1,no
45,services,married,high.school,no,yes,no,telephone,jun,wed,232,2,999,0,nonexistent,1.4,94.465,-41.8,4.959,5228.1,no
48,blue-collar,married,basic.9y,no,no,no,telephone,jun,wed,63,5,999,0,nonexistent,1.4,94.465,-41.8,4.959,5228.1,no
37,admin.,married,university.degree,no,no,no,telephone,jun,wed,867,1,999,0,nonexistent,1.4,94.465,-41.8,4.959,5228.1,yes
28,admin.,married,university.degree,no,no,no,telephone,jun,wed,191,1,999,0,nonexistent,1.4,94.465,-41.8,4.959,5228.1,no
33,management,married,high.school,no,yes,yes,telephone,jun,wed,64,1,999,0,nonexistent,1.4,94.465,-41.8,4.959,5228.1,no
28,admin.,married,university.degree,no,no,no,telephone,jun,wed,354,1,999,0,nonexistent,1.4,94.465,-41.8,4.959,5228.1,no
29,admin.,married,university.degree,no,no,no,telephone,jun,wed,300,1,999,0,nonexistent,1.4,94.465,-41.8,4.959,5228.1,no
36,blue-collar,married,basic.6y,no,no,no,telephone,jun,wed,105,4,999,0,nonexistent,1.4,94.465,-41.8,4.959,5228.1,no
35,services,single,high.school,unknown,no,yes,telephone,jun,wed,328,1,999,0,nonexistent,1.4,94.465,-41.8,4.959,5228.1,no
22,technician,married,basic.9y,unknown,no,no,telephone,jun,wed,561,1,999,0,nonexistent,1.4,94.465,-41.8,4.959,5228.1,no
48,blue-collar,married,basic.9y,unknown,no,yes,telephone,jun,wed,116,1,999,0,nonexistent,1.4,94.465,-41.8,4.959,5228.1,no
53,blue-collar,divorced,basic.4y,no,no,no,telephone,jun,wed,706,1,999,0,nonexistent,1.4,94.465,-41.8,4.959,5228.1,yes
32,blue-collar,married,basic.9y,no,yes,no,telephone,jun,wed,261,1,999,0,nonexistent,1.4,94.465,-41.8,4.959,5228.1,no
48,admin.,divorced,high.school,no,no,no,telephone,jun,wed,314,1,999,0,nonexistent,1.4,94.465,-41.8,4.959,5228.1,no
52,admin.,divorced,basic.6y,no,yes,no,telephone,jun,wed,219,1,999,0,nonexistent,1.4,94.465,-41.8,4.959,5228.1,no
33,blue-collar,married,basic.9y,no,yes,no,telephone,jun,wed,139,1,999,0,nonexistent,1.4,94.465,-41.8,4.959,5228.1,no
30,blue-collar,married,basic.6y,no,yes,no,telephone,jun,wed,98,1,999,0,nonexistent,1.4,94.465,-41.8,4.959,5228.1,no
29,admin.,single,university.degree,no,yes,no,telephone,jun,wed,694,2,999,0,nonexistent,1.4,94.465,-41.8,4.959,5228.1,no
31,services,married,high.school,no,yes,no,telephone,jun,wed,68,3,999,0,nonexistent,1.4,94.465,-41.8,4.959,5228.1,no
38,blue-collar,single,basic.9y,no,no,no,telephone,jun,wed,165,2,999,0,nonexistent,1.4,94.465,-41.8,4.959,5228.1,no
45,entrepreneur,married,high.school,no,yes,no,telephone,jun,wed,275,2,999,0,nonexistent,1.4,94.465,-41.8,4.959,5228.1,no
36,blue-collar,married,basic.6y,unknown,yes,no,telephone,jun,wed,153,1,999,0,nonexistent,1.4,94.465,-41.8,4.959,5228.1,no
31,admin.,single,university.degree,no,yes,no,telephone,jun,wed,76,1,999,0,nonexistent,1.4,94.465,-41.8,4.959,5228.1,no
47,management,married,basic.4y,unknown,no,no,telephone,jun,wed,79,1,999,0,nonexistent,1.4,94.465,-41.8,4.959,5228.1,no
27,admin.,married,basic.9y,no,no,no,telephone,jun,wed,145,1,999,0,nonexistent,1.4,94.465,-41.8,4.959,5228.1,no
37,blue-collar,married,basic.6y,unknown,yes,no,telephone,jun,wed,199,1,999,0,nonexistent,1.4,94.465,-41.8,4.959,5228.1,no
49,blue-collar,married,basic.9y,unknown,no,no,telephone,jun,wed,158,1,999,0,nonexistent,1.4,94.465,-41.8,4.959,5228.1,no
42,blue-collar,married,basic.6y,unknown,yes,no,telephone,jun,wed,117,2,999,0,nonexistent,1.4,94.465,-41.8,4.959,5228.1,no
54,admin.,married,university.degree,no,no,no,telephone,jun,wed,288,1,999,0,nonexistent,1.4,94.465,-41.8,4.959,5228.1,no
52,technician,married,high.school,no,yes,no,telephone,jun,wed,78,1,999,0,nonexistent,1.4,94.465,-41.8,4.959,5228.1,no
43,technician,married,professional.course,no,yes,no,telephone,jun,wed,26,1,999,0,nonexistent,1.4,94.465,-41.8,4.959,5228.1,no
30,blue-collar,single,basic.6y,unknown,yes,no,telephone,jun,wed,100,1,999,0,nonexistent,1.4,94.465,-41.8,4.959,5228.1,no
52,technician,married,high.school,no,no,no,telephone,jun,wed,241,1,999,0,nonexistent,1.4,94.465,-41.8,4.959,5228.1,no
38,blue-collar,married,basic.4y,unknown,no,no,telephone,jun,wed,95,2,999,0,nonexistent,1.4,94.465,-41.8,4.959,5228.1,no
38,blue-collar,married,basic.6y,no,yes,no,telephone,jun,wed,362,1,999,0,nonexistent,1.4,94.465,-41.8,4.959,5228.1,no
32,blue-collar,married,basic.6y,no,no,no,telephone,jun,wed,125,1,999,0,nonexistent,1.4,94.465,-41.8,4.959,5228.1,no
34,services,married,high.school,no,unknown,unknown,telephone,jun,wed,187,1,999,0,nonexistent,1.4,94.465,-41.8,4.959,5228.1,no
33,technician,married,university.degree,unknown,no,no,telephone,jun,wed,420,1,999,0,nonexistent,1.4,94.465,-41.8,4.959,5228.1,no
42,technician,married,professional.course,unknown,no,no,telephone,jun,wed,115,16,999,0,nonexistent,1.4,94.465,-41.8,4.959,5228.1,no
57,technician,single,professional.course,unknown,yes,no,telephone,jun,wed,64,1,999,0,nonexistent,1.4,94.465,-41.8,4.959,5228.1,no
24,self-employed,single,university.degree,no,yes,no,telephone,jun,wed,40,1,999,0,nonexistent,1.4,94.465,-41.8,4.959,5228.1,no
33,admin.,single,university.degree,no,yes,no,telephone,jun,wed,113,1,999,0,nonexistent,1.4,94.465,-41.8,4.959,5228.1,no
39,housemaid,married,university.degree,no,no,no,telephone,jun,wed,68,4,999,0,nonexistent,1.4,94.465,-41.8,4.959,5228.1,no
45,blue-collar,married,basic.6y,unknown,yes,no,telephone,jun,wed,55,1,999,0,nonexistent,1.4,94.465,-41.8,4.959,5228.1,no
31,blue-collar,married,basic.6y,no,no,no,telephone,jun,wed,62,1,999,0,nonexistent,1.4,94.465,-41.8,4.959,5228.1,no
31,services,married,basic.9y,no,yes,no,telephone,jun,wed,886,2,999,0,nonexistent,1.4,94.465,-41.8,4.959,5228.1,no
48,blue-collar,married,basic.9y,no,no,no,telephone,jun,wed,100,1,999,0,nonexistent,1.4,94.465,-41.8,4.959,5228.1,no
37,admin.,single,high.school,no,no,no,telephone,jun,wed,61,1,999,0,nonexistent,1.4,94.465,-41.8,4.959,5228.1,no
51,admin.,married,basic.6y,unknown,yes,no,telephone,jun,wed,140,1,999,0,nonexistent,1.4,94.465,-41.8,4.959,5228.1,no
60,technician,divorced,professional.course,unknown,no,no,telephone,jun,wed,72,1,999,0,nonexistent,1.4,94.465,-41.8,4.959,5228.1,no
25,services,single,high.school,no,no,no,telephone,jun,wed,119,1,999,0,nonexistent,1.4,94.465,-41.8,4.959,5228.1,no
50,blue-collar,married,basic.6y,unknown,yes,yes,telephone,jun,wed,123,1,999,0,nonexistent,1.4,94.465,-41.8,4.959,5228.1,no
44,admin.,married,university.degree,unknown,yes,no,telephone,jun,wed,320,1,999,0,nonexistent,1.4,94.465,-41.8,4.959,5228.1,no
57,retired,married,basic.4y,unknown,no,no,telephone,jun,wed,74,1,999,0,nonexistent,1.4,94.465,-41.8,4.959,5228.1,no
58,management,married,university.degree,no,yes,no,telephone,jun,wed,81,1,999,0,nonexistent,1.4,94.465,-41.8,4.959,5228.1,no
50,blue-collar,married,basic.6y,unknown,no,no,telephone,jun,wed,586,1,999,0,nonexistent,1.4,94.465,-41.8,4.959,5228.1,yes
34,blue-collar,single,basic.9y,unknown,no,no,telephone,jun,wed,159,1,999,0,nonexistent,1.4,94.465,-41.8,4.959,5228.1,no
31,blue-collar,married,basic.9y,no,yes,no,telephone,jun,wed,838,2,999,0,nonexistent,1.4,94.465,-41.8,4.959,5228.1,yes
31,technician,single,unknown,no,no,no,telephone,jun,wed,46,1,999,0,nonexistent,1.4,94.465,-41.8,4.959,5228.1,no
55,technician,married,high.school,unknown,no,no,telephone,jun,wed,473,1,999,0,nonexistent,1.4,94.465,-41.8,4.959,5228.1,no
45,blue-collar,married,basic.9y,no,no,no,telephone,jun,wed,119,1,999,0,nonexistent,1.4,94.465,-41.8,4.959,5228.1,no
48,admin.,divorced,high.school,no,yes,yes,telephone,jun,wed,967,2,999,0,nonexistent,1.4,94.465,-41.8,4.959,5228.1,yes
44,unemployed,single,basic.4y,no,no,no,telephone,jun,wed,33,1,999,0,nonexistent,1.4,94.465,-41.8,4.959,5228.1,no
30,admin.,single,university.degree,no,yes,no,telephone,jun,wed,148,1,999,0,nonexistent,1.4,94.465,-41.8,4.959,5228.1,no
57,blue-collar,married,unknown,unknown,no,no,telephone,jun,wed,651,2,999,0,nonexistent,1.4,94.465,-41.8,4.959,5228.1,yes
39,blue-collar,married,professional.course,no,no,no,telephone,jun,wed,437,2,999,0,nonexistent,1.4,94.465,-41.8,4.959,5228.1,no
41,self-employed,married,high.school,no,unknown,unknown,telephone,jun,wed,143,1,999,0,nonexistent,1.4,94.465,-41.8,4.959,5228.1,no
43,unemployed,married,university.degree,unknown,yes,no,telephone,jun,wed,174,1,999,0,nonexistent,1.4,94.465,-41.8,4.959,5228.1,no
39,entrepreneur,married,university.degree,no,yes,no,telephone,jun,wed,63,1,999,0,nonexistent,1.4,94.465,-41.8,4.959,5228.1,no
44,blue-collar,divorced,high.school,no,yes,no,telephone,jun,wed,340,1,999,0,nonexistent,1.4,94.465,-41.8,4.959,5228.1,no
40,entrepreneur,married,basic.9y,no,yes,no,telephone,jun,wed,103,1,999,0,nonexistent,1.4,94.465,-41.8,4.959,5228.1,no
49,technician,divorced,unknown,no,no,no,telephone,jun,wed,41,1,999,0,nonexistent,1.4,94.465,-41.8,4.959,5228.1,no
42,admin.,divorced,high.school,no,yes,yes,telephone,jun,wed,247,1,999,0,nonexistent,1.4,94.465,-41.8,4.959,5228.1,no
56,blue-collar,married,basic.4y,unknown,yes,no,telephone,jun,wed,114,1,999,0,nonexistent,1.4,94.465,-41.8,4.959,5228.1,no
31,housemaid,married,basic.4y,unknown,no,no,telephone,jun,wed,327,10,999,0,nonexistent,1.4,94.465,-41.8,4.959,5228.1,no
52,unemployed,married,unknown,no,yes,no,telephone,jun,wed,110,1,999,0,nonexistent,1.4,94.465,-41.8,4.959,5228.1,no
33,management,single,university.degree,no,no,no,telephone,jun,wed,257,1,999,0,nonexistent,1.4,94.465,-41.8,4.959,5228.1,no
33,admin.,married,university.degree,no,yes,yes,telephone,jun,wed,59,1,999,0,nonexistent,1.4,94.465,-41.8,4.959,5228.1,no
51,entrepreneur,married,professional.course,no,no,no,telephone,jun,wed,127,1,999,0,nonexistent,1.4,94.465,-41.8,4.959,5228.1,no
45,technician,married,university.degree,no,no,no,telephone,jun,wed,142,2,999,0,nonexistent,1.4,94.465,-41.8,4.959,5228.1,no
42,services,married,high.school,no,no,no,telephone,jun,wed,678,4,999,0,nonexistent,1.4,94.465,-41.8,4.959,5228.1,no
43,services,single,unknown,unknown,yes,no,telephone,jun,wed,86,2,999,0,nonexistent,1.4,94.465,-41.8,4.959,5228.1,no
42,blue-collar,married,unknown,no,no,no,telephone,jun,wed,96,7,999,0,nonexistent,1.4,94.465,-41.8,4.959,5228.1,no
36,admin.,married,professional.course,no,no,no,telephone,jun,wed,211,17,999,0,nonexistent,1.4,94.465,-41.8,4.959,5228.1,no
42,blue-collar,divorced,basic.9y,no,yes,no,telephone,jun,wed,201,5,999,0,nonexistent,1.4,94.465,-41.8,4.959,5228.1,no
48,admin.,married,professional.course,no,no,no,telephone,jun,wed,105,2,999,0,nonexistent,1.4,94.465,-41.8,4.959,5228.1,no
35,admin.,married,university.degree,no,yes,no,telephone,jun,wed,100,5,999,0,nonexistent,1.4,94.465,-41.8,4.959,5228.1,no
30,blue-collar,single,basic.4y,unknown,no,no,telephone,jun,wed,952,3,999,0,nonexistent,1.4,94.465,-41.8,4.959,5228.1,no
31,admin.,married,university.degree,no,no,no,telephone,jun,wed,181,2,999,0,nonexistent,1.4,94.465,-41.8,4.959,5228.1,no
40,technician,married,basic.9y,no,no,no,telephone,jun,wed,389,6,999,0,nonexistent,1.4,94.465,-41.8,4.959,5228.1,no
47,blue-collar,divorced,basic.4y,no,no,yes,telephone,jun,wed,450,2,999,0,nonexistent,1.4,94.465,-41.8,4.959,5228.1,no
41,housemaid,married,basic.4y,unknown,no,no,telephone,jun,wed,105,3,999,0,nonexistent,1.4,94.465,-41.8,4.959,5228.1,no
37,blue-collar,married,basic.9y,no,no,no,telephone,jun,wed,203,2,999,0,nonexistent,1.4,94.465,-41.8,4.959,5228.1,no
38,blue-collar,married,basic.6y,unknown,yes,no,telephone,jun,wed,74,13,999,0,nonexistent,1.4,94.465,-41.8,4.959,5228.1,no
49,blue-collar,married,basic.9y,unknown,no,no,telephone,jun,wed,222,9,999,0,nonexistent,1.4,94.465,-41.8,4.959,5228.1,no
50,blue-collar,divorced,basic.4y,no,yes,no,telephone,jun,wed,30,22,999,0,nonexistent,1.4,94.465,-41.8,4.959,5228.1,no
55,admin.,divorced,high.school,no,no,no,telephone,jun,wed,148,2,999,0,nonexistent,1.4,94.465,-41.8,4.959,5228.1,no
50,blue-collar,divorced,basic.4y,no,no,no,telephone,jun,wed,427,2,999,0,nonexistent,1.4,94.465,-41.8,4.959,5228.1,no
38,admin.,single,university.degree,no,no,yes,telephone,jun,wed,90,9,999,0,nonexistent,1.4,94.465,-41.8,4.959,5228.1,no
33,entrepreneur,married,high.school,no,yes,no,telephone,jun,wed,177,8,999,0,nonexistent,1.4,94.465,-41.8,4.959,5228.1,no
41,admin.,single,high.school,no,no,no,telephone,jun,wed,328,3,999,0,nonexistent,1.4,94.465,-41.8,4.959,5228.1,no
56,blue-collar,married,basic.4y,no,no,no,telephone,jun,wed,133,2,999,0,nonexistent,1.4,94.465,-41.8,4.959,5228.1,no
52,services,married,university.degree,no,yes,yes,telephone,jun,wed,516,2,999,0,nonexistent,1.4,94.465,-41.8,4.959,5228.1,no
51,unemployed,married,high.school,unknown,yes,no,telephone,jun,wed,204,2,999,0,nonexistent,1.4,94.465,-41.8,4.959,5228.1,no
33,blue-collar,married,basic.6y,unknown,no,no,telephone,jun,wed,157,6,999,0,nonexistent,1.4,94.465,-41.8,4.959,5228.1,no
35,blue-collar,married,basic.6y,unknown,no,no,telephone,jun,wed,147,4,999,0,nonexistent,1.4,94.465,-41.8,4.959,5228.1,no
25,self-employed,married,professional.course,no,yes,no,telephone,jun,wed,394,2,999,0,nonexistent,1.4,94.465,-41.8,4.959,5228.1,no
47,blue-collar,married,basic.4y,unknown,yes,yes,telephone,jun,wed,81,3,999,0,nonexistent,1.4,94.465,-41.8,4.959,5228.1,no
45,blue-collar,married,basic.4y,no,no,no,telephone,jun,wed,157,9,999,0,nonexistent,1.4,94.465,-41.8,4.959,5228.1,no
56,admin.,married,high.school,no,yes,no,telephone,jun,wed,375,11,999,0,nonexistent,1.4,94.465,-41.8,4.959,5228.1,no
43,technician,single,professional.course,no,yes,no,telephone,jun,wed,184,3,999,0,nonexistent,1.4,94.465,-41.8,4.959,5228.1,no
57,self-employed,married,basic.4y,no,no,no,telephone,jun,wed,162,3,999,0,nonexistent,1.4,94.465,-41.8,4.959,5228.1,no
45,entrepreneur,married,basic.6y,no,no,no,telephone,jun,wed,215,2,999,0,nonexistent,1.4,94.465,-41.8,4.959,5228.1,no
45,blue-collar,married,basic.9y,no,no,no,telephone,jun,wed,230,13,999,0,nonexistent,1.4,94.465,-41.8,4.959,5228.1,no
40,blue-collar,married,basic.4y,unknown,no,no,telephone,jun,wed,105,3,999,0,nonexistent,1.4,94.465,-41.8,4.959,5228.1,no
36,unemployed,single,university.degree,no,yes,no,telephone,jun,wed,150,2,999,0,nonexistent,1.4,94.465,-41.8,4.959,5228.1,no
41,blue-collar,married,basic.9y,no,yes,no,telephone,jun,wed,213,6,999,0,nonexistent,1.4,94.465,-41.8,4.959,5228.1,no
38,admin.,married,university.degree,no,yes,no,telephone,jun,wed,70,3,999,0,nonexistent,1.4,94.465,-41.8,4.959,5228.1,no
53,blue-collar,married,basic.9y,unknown,no,no,telephone,jun,wed,111,10,999,0,nonexistent,1.4,94.465,-41.8,4.959,5228.1,no
37,blue-collar,single,basic.9y,no,no,no,telephone,jun,wed,287,3,999,0,nonexistent,1.4,94.465,-41.8,4.959,5228.1,no
43,services,married,high.school,no,yes,no,telephone,jun,wed,83,2,999,0,nonexistent,1.4,94.465,-41.8,4.959,5228.1,no
39,technician,married,professional.course,no,yes,no,telephone,jun,wed,67,3,999,0,nonexistent,1.4,94.465,-41.8,4.959,5228.1,no
57,retired,single,high.school,no,no,no,telephone,jun,wed,904,4,999,0,nonexistent,1.4,94.465,-41.8,4.959,5228.1,no
30,services,married,unknown,no,yes,no,telephone,jun,wed,597,10,999,0,nonexistent,1.4,94.465,-41.8,4.959,5228.1,no
28,services,married,high.school,no,no,no,telephone,jun,wed,274,2,999,0,nonexistent,1.4,94.465,-41.8,4.959,5228.1,no
28,technician,single,university.degree,unknown,no,no,telephone,jun,wed,354,17,999,0,nonexistent,1.4,94.465,-41.8,4.959,5228.1,no
46,blue-collar,married,basic.9y,no,no,no,telephone,jun,wed,152,10,999,0,nonexistent,1.4,94.465,-41.8,4.959,5228.1,no
31,housemaid,married,basic.4y,unknown,yes,no,telephone,jun,wed,328,4,999,0,nonexistent,1.4,94.465,-41.8,4.959,5228.1,no
39,blue-collar,married,basic.4y,unknown,yes,no,telephone,jun,wed,125,3,999,0,nonexistent,1.4,94.465,-41.8,4.959,5228.1,no
36,technician,married,high.school,no,yes,no,telephone,jun,wed,158,2,999,0,nonexistent,1.4,94.465,-41.8,4.959,5228.1,no
33,services,single,basic.6y,no,unknown,unknown,telephone,jun,wed,179,4,999,0,nonexistent,1.4,94.465,-41.8,4.959,5228.1,no
41,technician,married,professional.course,unknown,yes,no,telephone,jun,wed,649,3,999,0,nonexistent,1.4,94.465,-41.8,4.959,5228.1,yes
40,services,divorced,unknown,no,yes,yes,telephone,jun,wed,26,29,999,0,nonexistent,1.4,94.465,-41.8,4.959,5228.1,no
30,services,married,high.school,no,yes,no,telephone,jun,wed,138,5,999,0,nonexistent,1.4,94.465,-41.8,4.959,5228.1,no
25,blue-collar,single,basic.4y,no,no,no,telephone,jun,wed,107,19,999,0,nonexistent,1.4,94.465,-41.8,4.959,5228.1,no
40,admin.,single,university.degree,no,no,yes,telephone,jun,wed,48,3,999,0,nonexistent,1.4,94.465,-41.8,4.959,5228.1,no
37,admin.,married,university.degree,unknown,yes,no,telephone,jun,wed,83,10,999,0,nonexistent,1.4,94.465,-41.8,4.959,5228.1,no
49,blue-collar,divorced,basic.4y,unknown,no,no,telephone,jun,wed,122,5,999,0,nonexistent,1.4,94.465,-41.8,4.959,5228.1,no
42,blue-collar,married,basic.6y,no,no,no,telephone,jun,wed,218,7,999,0,nonexistent,1.4,94.465,-41.8,4.959,5228.1,no
35,admin.,single,high.school,unknown,yes,no,telephone,jun,wed,93,3,999,0,nonexistent,1.4,94.465,-41.8,4.959,5228.1,no
50,blue-collar,divorced,basic.4y,no,no,no,telephone,jun,wed,222,2,999,0,nonexistent,1.4,94.465,-41.8,4.959,5228.1,no
56,blue-collar,divorced,basic.4y,no,yes,no,telephone,jun,wed,378,4,999,0,nonexistent,1.4,94.465,-41.8,4.959,5228.1,no
43,blue-collar,married,basic.9y,unknown,yes,no,telephone,jun,wed,93,2,999,0,nonexistent,1.4,94.465,-41.8,4.959,5228.1,no
35,management,single,unknown,no,unknown,unknown,telephone,jun,wed,514,4,999,0,nonexistent,1.4,94.465,-41.8,4.959,5228.1,no
53,unknown,married,high.school,unknown,no,no,telephone,jun,wed,89,3,999,0,nonexistent,1.4,94.465,-41.8,4.959,5228.1,no
30,self-employed,single,university.degree,no,no,no,telephone,jun,wed,58,3,999,0,nonexistent,1.4,94.465,-41.8,4.959,5228.1,no
32,entrepreneur,married,high.school,unknown,no,no,telephone,jun,wed,850,8,999,0,nonexistent,1.4,94.465,-41.8,4.959,5228.1,no
32,blue-collar,married,basic.9y,no,no,no,telephone,jun,thu,307,2,999,0,nonexistent,1.4,94.465,-41.8,4.958,5228.1,no
38,blue-collar,married,basic.6y,unknown,no,no,telephone,jun,thu,71,12,999,0,nonexistent,1.4,94.465,-41.8,4.958,5228.1,no
54,housemaid,divorced,unknown,no,yes,no,telephone,jun,thu,52,3,999,0,nonexistent,1.4,94.465,-41.8,4.958,5228.1,no
59,technician,married,university.degree,no,no,no,telephone,jun,thu,136,2,999,0,nonexistent,1.4,94.465,-41.8,4.958,5228.1,no
45,blue-collar,divorced,basic.9y,no,yes,no,telephone,jun,thu,542,3,999,0,nonexistent,1.4,94.465,-41.8,4.958,5228.1,no
40,admin.,married,university.degree,no,no,no,telephone,jun,thu,265,3,999,0,nonexistent,1.4,94.465,-41.8,4.958,5228.1,no
27,student,single,high.school,no,yes,no,telephone,jun,thu,84,3,999,0,nonexistent,1.4,94.465,-41.8,4.958,5228.1,no
37,admin.,single,university.degree,no,yes,no,telephone,jun,thu,93,8,999,0,nonexistent,1.4,94.465,-41.8,4.958,5228.1,no
53,technician,married,unknown,no,yes,no,telephone,jun,thu,134,3,999,0,nonexistent,1.4,94.465,-41.8,4.958,5228.1,no
56,management,married,university.degree,no,no,no,telephone,jun,thu,403,5,999,0,nonexistent,1.4,94.465,-41.8,4.958,5228.1,no
39,admin.,married,university.degree,no,yes,no,telephone,jun,thu,36,3,999,0,nonexistent,1.4,94.465,-41.8,4.958,5228.1,no
29,services,married,high.school,no,yes,no,telephone,jun,thu,109,2,999,0,nonexistent,1.4,94.465,-41.8,4.958,5228.1,no
31,entrepreneur,married,high.school,no,yes,no,telephone,jun,thu,305,2,999,0,nonexistent,1.4,94.465,-41.8,4.958,5228.1,no
42,entrepreneur,married,university.degree,unknown,yes,no,telephone,jun,thu,135,3,999,0,nonexistent,1.4,94.465,-41.8,4.958,5228.1,no
36,blue-collar,married,basic.6y,no,yes,no,telephone,jun,thu,614,2,999,0,nonexistent,1.4,94.465,-41.8,4.958,5228.1,yes
38,admin.,married,university.degree,no,no,no,telephone,jun,thu,781,2,999,0,nonexistent,1.4,94.465,-41.8,4.958,5228.1,no
41,blue-collar,married,basic.9y,unknown,no,no,telephone,jun,thu,337,22,999,0,nonexistent,1.4,94.465,-41.8,4.958,5228.1,no
32,admin.,married,high.school,no,yes,no,telephone,jun,thu,423,2,999,0,nonexistent,1.4,94.465,-41.8,4.958,5228.1,no
44,technician,married,professional.course,no,no,no,telephone,jun,thu,171,1,999,0,nonexistent,1.4,94.465,-41.8,4.958,5228.1,no
39,admin.,single,high.school,no,no,no,telephone,jun,thu,110,4,999,0,nonexistent,1.4,94.465,-41.8,4.958,5228.1,no
39,admin.,married,university.degree,no,yes,no,telephone,jun,thu,138,1,999,0,nonexistent,1.4,94.465,-41.8,4.958,5228.1,no
27,student,single,university.degree,no,no,yes,telephone,jun,thu,137,1,999,0,nonexistent,1.4,94.465,-41.8,4.958,5228.1,no
51,admin.,single,basic.6y,no,no,no,telephone,jun,thu,202,1,999,0,nonexistent,1.4,94.465,-41.8,4.958,5228.1,no
43,technician,single,professional.course,no,no,no,telephone,jun,thu,123,1,999,0,nonexistent,1.4,94.465,-41.8,4.958,5228.1,no
39,admin.,divorced,professional.course,no,yes,yes,telephone,jun,thu,106,1,999,0,nonexistent,1.4,94.465,-41.8,4.958,5228.1,no
55,technician,divorced,professional.course,unknown,no,no,telephone,jun,thu,885,1,999,0,nonexistent,1.4,94.465,-41.8,4.958,5228.1,yes
46,blue-collar,married,professional.course,unknown,no,no,telephone,jun,thu,187,1,999,0,nonexistent,1.4,94.465,-41.8,4.958,5228.1,no
56,entrepreneur,married,unknown,unknown,no,yes,telephone,jun,thu,192,1,999,0,nonexistent,1.4,94.465,-41.8,4.958,5228.1,no
36,blue-collar,married,basic.9y,no,no,no,telephone,jun,thu,149,1,999,0,nonexistent,1.4,94.465,-41.8,4.958,5228.1,no
28,admin.,single,university.degree,no,no,no,telephone,jun,thu,151,2,999,0,nonexistent,1.4,94.465,-41.8,4.958,5228.1,no
42,admin.,married,basic.6y,no,no,no,telephone,jun,thu,165,1,999,0,nonexistent,1.4,94.465,-41.8,4.958,5228.1,no
30,admin.,married,high.school,no,no,no,telephone,jun,thu,92,2,999,0,nonexistent,1.4,94.465,-41.8,4.958,5228.1,no
54,blue-collar,married,basic.6y,unknown,no,no,telephone,jun,thu,2025,1,999,0,nonexistent,1.4,94.465,-41.8,4.958,5228.1,yes
53,technician,married,unknown,no,no,no,telephone,jun,thu,123,1,999,0,nonexistent,1.4,94.465,-41.8,4.958,5228.1,no
35,services,married,high.school,unknown,yes,no,telephone,jun,thu,107,1,999,0,nonexistent,1.4,94.465,-41.8,4.958,5228.1,no
38,admin.,single,basic.9y,no,no,no,telephone,jun,thu,406,1,999,0,nonexistent,1.4,94.465,-41.8,4.958,5228.1,no
32,management,single,university.degree,no,yes,no,telephone,jun,thu,12,3,999,0,nonexistent,1.4,94.465,-41.8,4.958,5228.1,no
45,self-employed,married,professional.course,no,no,yes,telephone,jun,thu,128,1,999,0,nonexistent,1.4,94.465,-41.8,4.958,5228.1,no
55,blue-collar,married,basic.4y,no,no,no,telephone,jun,thu,146,1,999,0,nonexistent,1.4,94.465,-41.8,4.958,5228.1,no
41,services,divorced,basic.9y,no,no,no,telephone,jun,thu,753,1,999,0,nonexistent,1.4,94.465,-41.8,4.958,5228.1,no
39,admin.,married,high.school,unknown,no,no,telephone,jun,thu,120,1,999,0,nonexistent,1.4,94.465,-41.8,4.958,5228.1,no
49,technician,divorced,unknown,no,no,no,telephone,jun,thu,167,1,999,0,nonexistent,1.4,94.465,-41.8,4.958,5228.1,no
30,admin.,single,university.degree,no,no,no,telephone,jun,thu,48,1,999,0,nonexistent,1.4,94.465,-41.8,4.958,5228.1,no
41,services,married,basic.9y,no,yes,no,telephone,jun,thu,385,1,999,0,nonexistent,1.4,94.465,-41.8,4.958,5228.1,no
40,admin.,married,high.school,no,no,no,telephone,jun,thu,97,1,999,0,nonexistent,1.4,94.465,-41.8,4.958,5228.1,no
28,management,single,university.degree,no,no,no,telephone,jun,thu,651,5,999,0,nonexistent,1.4,94.465,-41.8,4.958,5228.1,yes
47,technician,married,professional.course,no,no,no,telephone,jun,thu,223,1,999,0,nonexistent,1.4,94.465,-41.8,4.958,5228.1,no
33,blue-collar,divorced,basic.9y,no,yes,no,telephone,jun,thu,155,1,999,0,nonexistent,1.4,94.465,-41.8,4.958,5228.1,no
44,blue-collar,married,basic.9y,unknown,no,no,telephone,jun,thu,98,1,999,0,nonexistent,1.4,94.465,-41.8,4.958,5228.1,no
38,technician,married,professional.course,no,yes,yes,telephone,jun,thu,46,1,999,0,nonexistent,1.4,94.465,-41.8,4.958,5228.1,no
45,services,divorced,high.school,unknown,no,no,telephone,jun,thu,691,1,999,0,nonexistent,1.4,94.465,-41.8,4.958,5228.1,no
39,admin.,married,university.degree,no,no,no,telephone,jun,thu,93,1,999,0,nonexistent,1.4,94.465,-41.8,4.958,5228.1,no
56,entrepreneur,married,university.degree,unknown,no,no,telephone,jun,thu,315,1,999,0,nonexistent,1.4,94.465,-41.8,4.958,5228.1,no
53,entrepreneur,divorced,unknown,no,yes,no,telephone,jun,thu,154,3,999,0,nonexistent,1.4,94.465,-41.8,4.958,5228.1,no
35,technician,married,basic.6y,no,yes,yes,telephone,jun,thu,344,1,999,0,nonexistent,1.4,94.465,-41.8,4.958,5228.1,no
38,technician,divorced,professional.course,no,no,no,telephone,jun,thu,128,2,999,0,nonexistent,1.4,94.465,-41.8,4.958,5228.1,no
55,self-employed,married,unknown,unknown,yes,yes,telephone,jun,thu,278,1,999,0,nonexistent,1.4,94.465,-41.8,4.958,5228.1,no
30,technician,married,high.school,no,yes,no,telephone,jun,thu,436,1,999,0,nonexistent,1.4,94.465,-41.8,4.958,5228.1,no
48,technician,married,unknown,no,no,no,telephone,jun,thu,189,1,999,0,nonexistent,1.4,94.465,-41.8,4.958,5228.1,no
32,admin.,single,university.degree,no,yes,no,telephone,jun,thu,186,1,999,0,nonexistent,1.4,94.465,-41.8,4.958,5228.1,no
50,blue-collar,married,basic.4y,unknown,no,no,telephone,jun,thu,84,1,999,0,nonexistent,1.4,94.465,-41.8,4.958,5228.1,no
32,housemaid,married,high.school,no,no,no,telephone,jun,thu,264,1,999,0,nonexistent,1.4,94.465,-41.8,4.958,5228.1,no
43,blue-collar,married,basic.9y,no,yes,no,telephone,jun,thu,237,1,999,0,nonexistent,1.4,94.465,-41.8,4.958,5228.1,no
49,services,married,high.school,unknown,no,no,telephone,jun,thu,128,1,999,0,nonexistent,1.4,94.465,-41.8,4.958,5228.1,no
58,entrepreneur,married,university.degree,unknown,yes,yes,telephone,jun,thu,43,1,999,0,nonexistent,1.4,94.465,-41.8,4.958,5228.1,no
35,blue-collar,married,basic.6y,no,yes,no,telephone,jun,thu,64,6,999,0,nonexistent,1.4,94.465,-41.8,4.958,5228.1,no
54,technician,married,university.degree,no,yes,no,telephone,jun,thu,394,1,999,0,nonexistent,1.4,94.465,-41.8,4.958,5228.1,no
42,blue-collar,married,basic.6y,no,yes,no,telephone,jun,thu,174,1,999,0,nonexistent,1.4,94.465,-41.8,4.958,5228.1,no
31,services,married,high.school,unknown,no,yes,telephone,jun,thu,62,6,999,0,nonexistent,1.4,94.465,-41.8,4.958,5228.1,no
43,blue-collar,married,basic.4y,unknown,no,no,telephone,jun,thu,349,1,999,0,nonexistent,1.4,94.465,-41.8,4.958,5228.1,no
35,housemaid,married,high.school,no,no,no,telephone,jun,thu,56,1,999,0,nonexistent,1.4,94.465,-41.8,4.958,5228.1,no
59,services,divorced,high.school,no,no,no,telephone,jun,thu,133,1,999,0,nonexistent,1.4,94.465,-41.8,4.958,5228.1,no
40,blue-collar,married,basic.4y,no,yes,no,telephone,jun,thu,134,1,999,0,nonexistent,1.4,94.465,-41.8,4.958,5228.1,no
48,admin.,married,basic.9y,unknown,no,no,telephone,jun,thu,113,1,999,0,nonexistent,1.4,94.465,-41.8,4.958,5228.1,no
59,housemaid,married,high.school,unknown,no,no,telephone,jun,thu,331,12,999,0,nonexistent,1.4,94.465,-41.8,4.958,5228.1,no
24,blue-collar,married,basic.9y,no,no,yes,telephone,jun,thu,167,1,999,0,nonexistent,1.4,94.465,-41.8,4.958,5228.1,no
43,management,married,high.school,no,yes,no,telephone,jun,thu,30,1,999,0,nonexistent,1.4,94.465,-41.8,4.958,5228.1,no
36,services,married,high.school,no,yes,yes,telephone,jun,thu,77,6,999,0,nonexistent,1.4,94.465,-41.8,4.958,5228.1,no
56,blue-collar,married,basic.4y,no,no,no,telephone,jun,thu,136,2,999,0,nonexistent,1.4,94.465,-41.8,4.958,5228.1,no
34,technician,married,professional.course,no,no,no,telephone,jun,thu,320,1,999,0,nonexistent,1.4,94.465,-41.8,4.958,5228.1,no
39,unemployed,married,university.degree,no,yes,no,telephone,jun,thu,72,1,999,0,nonexistent,1.4,94.465,-41.8,4.958,5228.1,no
46,technician,married,university.degree,unknown,no,yes,telephone,jun,thu,993,6,999,0,nonexistent,1.4,94.465,-41.8,4.958,5228.1,yes
40,blue-collar,single,basic.4y,no,yes,no,telephone,jun,thu,160,2,999,0,nonexistent,1.4,94.465,-41.8,4.958,5228.1,no
32,technician,married,basic.9y,unknown,no,no,telephone,jun,thu,52,5,999,0,nonexistent,1.4,94.465,-41.8,4.958,5228.1,no
44,admin.,single,university.degree,unknown,no,no,telephone,jun,thu,80,2,999,0,nonexistent,1.4,94.465,-41.8,4.958,5228.1,no
52,blue-collar,single,basic.4y,no,yes,no,telephone,jun,thu,558,1,999,0,nonexistent,1.4,94.465,-41.8,4.958,5228.1,no
43,admin.,single,high.school,no,no,no,telephone,jun,thu,73,1,999,0,nonexistent,1.4,94.465,-41.8,4.958,5228.1,no
35,blue-collar,married,high.school,no,no,no,telephone,jun,thu,992,2,999,0,nonexistent,1.4,94.465,-41.8,4.958,5228.1,yes
54,housemaid,married,basic.4y,unknown,no,no,telephone,jun,thu,68,1,999,0,nonexistent,1.4,94.465,-41.8,4.958,5228.1,no
35,services,married,basic.9y,no,no,yes,telephone,jun,thu,98,1,999,0,nonexistent,1.4,94.465,-41.8,4.958,5228.1,no
34,services,married,high.school,no,no,no,telephone,jun,thu,54,1,999,0,nonexistent,1.4,94.465,-41.8,4.958,5228.1,no
22,services,single,basic.4y,no,no,yes,telephone,jun,thu,58,1,999,0,nonexistent,1.4,94.465,-41.8,4.958,5228.1,no
42,technician,married,professional.course,unknown,no,no,telephone,jun,thu,81,1,999,0,nonexistent,1.4,94.465,-41.8,4.958,5228.1,no
33,management,single,university.degree,no,yes,no,telephone,jun,thu,118,3,999,0,nonexistent,1.4,94.465,-41.8,4.958,5228.1,no
39,management,married,university.degree,no,no,yes,telephone,jun,thu,127,1,999,0,nonexistent,1.4,94.465,-41.8,4.958,5228.1,no
47,blue-collar,married,basic.4y,no,yes,no,telephone,jun,thu,309,1,999,0,nonexistent,1.4,94.465,-41.8,4.958,5228.1,no
56,blue-collar,married,basic.4y,unknown,no,no,telephone,jun,thu,871,1,999,0,nonexistent,1.4,94.465,-41.8,4.958,5228.1,no
49,blue-collar,married,basic.4y,no,no,no,telephone,jun,thu,577,2,999,0,nonexistent,1.4,94.465,-41.8,4.958,5228.1,yes
29,services,married,professional.course,unknown,no,no,telephone,jun,thu,46,1,999,0,nonexistent,1.4,94.465,-41.8,4.958,5228.1,no
55,blue-collar,divorced,basic.4y,unknown,no,no,telephone,jun,thu,270,1,999,0,nonexistent,1.4,94.465,-41.8,4.958,5228.1,no
34,technician,married,professional.course,no,no,no,telephone,jun,thu,317,1,999,0,nonexistent,1.4,94.465,-41.8,4.958,5228.1,no
46,entrepreneur,married,professional.course,no,yes,no,telephone,jun,thu,410,1,999,0,nonexistent,1.4,94.465,-41.8,4.958,5228.1,no
31,blue-collar,married,basic.9y,no,no,no,telephone,jun,thu,186,2,999,0,nonexistent,1.4,94.465,-41.8,4.958,5228.1,no
54,technician,married,university.degree,unknown,no,no,telephone,jun,thu,322,2,999,0,nonexistent,1.4,94.465,-41.8,4.958,5228.1,no
44,management,divorced,university.degree,no,yes,yes,telephone,jun,thu,37,3,999,0,nonexistent,1.4,94.465,-41.8,4.958,5228.1,no
52,blue-collar,married,basic.9y,unknown,no,no,telephone,jun,thu,283,3,999,0,nonexistent,1.4,94.465,-41.8,4.958,5228.1,no
35,technician,divorced,professional.course,no,yes,no,telephone,jun,thu,312,2,999,0,nonexistent,1.4,94.465,-41.8,4.958,5228.1,no
59,entrepreneur,divorced,high.school,unknown,yes,no,telephone,jun,thu,1268,2,999,0,nonexistent,1.4,94.465,-41.8,4.958,5228.1,yes
36,services,married,high.school,no,yes,yes,telephone,jun,thu,602,2,999,0,nonexistent,1.4,94.465,-41.8,4.958,5228.1,no
39,services,single,high.school,no,yes,no,telephone,jun,thu,1178,3,999,0,nonexistent,1.4,94.465,-41.8,4.958,5228.1,no
36,self-employed,divorced,university.degree,no,yes,no,telephone,jun,thu,130,2,999,0,nonexistent,1.4,94.465,-41.8,4.958,5228.1,no
44,management,married,high.school,no,yes,no,telephone,jun,thu,226,3,999,0,nonexistent,1.4,94.465,-41.8,4.958,5228.1,no
37,blue-collar,married,basic.4y,no,no,yes,telephone,jun,thu,640,3,999,0,nonexistent,1.4,94.465,-41.8,4.958,5228.1,no
41,blue-collar,married,basic.4y,no,no,no,telephone,jun,thu,340,2,999,0,nonexistent,1.4,94.465,-41.8,4.958,5228.1,no
41,management,married,university.degree,unknown,yes,no,telephone,jun,thu,230,7,999,0,nonexistent,1.4,94.465,-41.8,4.958,5228.1,no
52,blue-collar,married,basic.4y,unknown,yes,no,telephone,jun,thu,159,2,999,0,nonexistent,1.4,94.465,-41.8,4.958,5228.1,no
45,blue-collar,single,basic.6y,no,no,no,telephone,jun,thu,138,2,999,0,nonexistent,1.4,94.465,-41.8,4.958,5228.1,no
30,technician,single,professional.course,no,unknown,unknown,telephone,jun,thu,773,4,999,0,nonexistent,1.4,94.465,-41.8,4.958,5228.1,no
48,management,married,university.degree,no,yes,no,telephone,jun,thu,298,3,999,0,nonexistent,1.4,94.465,-41.8,4.958,5228.1,no
43,blue-collar,married,basic.4y,no,unknown,unknown,telephone,jun,thu,1618,2,999,0,nonexistent,1.4,94.465,-41.8,4.958,5228.1,yes
48,blue-collar,married,basic.6y,unknown,no,no,telephone,jun,thu,361,2,999,0,nonexistent,1.4,94.465,-41.8,4.958,5228.1,no
40,blue-collar,married,unknown,no,no,no,telephone,jun,thu,100,4,999,0,nonexistent,1.4,94.465,-41.8,4.958,5228.1,no
29,blue-collar,married,high.school,unknown,no,no,telephone,jun,thu,124,2,999,0,nonexistent,1.4,94.465,-41.8,4.958,5228.1,no
49,blue-collar,married,basic.4y,unknown,no,no,telephone,jun,thu,67,3,999,0,nonexistent,1.4,94.465,-41.8,4.958,5228.1,no
49,technician,married,professional.course,no,yes,no,telephone,jun,thu,320,2,999,0,nonexistent,1.4,94.465,-41.8,4.958,5228.1,no
38,management,single,university.degree,no,yes,no,telephone,jun,thu,69,3,999,0,nonexistent,1.4,94.465,-41.8,4.958,5228.1,no
39,admin.,married,high.school,unknown,yes,no,telephone,jun,thu,71,6,999,0,nonexistent,1.4,94.465,-41.8,4.958,5228.1,no
43,blue-collar,divorced,basic.9y,no,no,no,telephone,jun,thu,190,2,999,0,nonexistent,1.4,94.465,-41.8,4.958,5228.1,no
41,admin.,married,basic.9y,unknown,yes,no,telephone,jun,thu,85,2,999,0,nonexistent,1.4,94.465,-41.8,4.958,5228.1,no
25,admin.,single,high.school,no,yes,no,telephone,jun,thu,1243,7,999,0,nonexistent,1.4,94.465,-41.8,4.958,5228.1,yes
54,blue-collar,divorced,unknown,unknown,yes,no,telephone,jun,thu,339,3,999,0,nonexistent,1.4,94.465,-41.8,4.958,5228.1,no
34,technician,married,professional.course,no,no,no,telephone,jun,thu,168,8,999,0,nonexistent,1.4,94.465,-41.8,4.958,5228.1,no
36,technician,married,professional.course,no,no,yes,telephone,jun,thu,247,2,999,0,nonexistent,1.4,94.465,-41.8,4.958,5228.1,no
57,technician,married,basic.4y,unknown,no,no,telephone,jun,thu,243,2,999,0,nonexistent,1.4,94.465,-41.8,4.958,5228.1,no
37,technician,single,high.school,unknown,unknown,unknown,telephone,jun,thu,227,2,999,0,nonexistent,1.4,94.465,-41.8,4.958,5228.1,no
38,admin.,married,university.degree,no,yes,no,telephone,jun,thu,153,6,999,0,nonexistent,1.4,94.465,-41.8,4.958,5228.1,no
41,admin.,married,professional.course,unknown,yes,no,telephone,jun,thu,122,2,999,0,nonexistent,1.4,94.465,-41.8,4.958,5228.1,no
53,blue-collar,married,basic.6y,unknown,yes,no,telephone,jun,thu,232,2,999,0,nonexistent,1.4,94.465,-41.8,4.958,5228.1,no
39,unemployed,single,basic.6y,no,no,no,telephone,jun,thu,238,2,999,0,nonexistent,1.4,94.465,-41.8,4.958,5228.1,no
47,blue-collar,married,basic.4y,no,yes,no,telephone,jun,thu,211,2,999,0,nonexistent,1.4,94.465,-41.8,4.958,5228.1,no
33,blue-collar,married,basic.9y,no,yes,no,telephone,jun,thu,111,8,999,0,nonexistent,1.4,94.465,-41.8,4.958,5228.1,no
32,admin.,single,university.degree,unknown,no,no,telephone,jun,thu,188,4,999,0,nonexistent,1.4,94.465,-41.8,4.958,5228.1,no
38,admin.,married,university.degree,no,no,no,telephone,jun,thu,361,2,999,0,nonexistent,1.4,94.465,-41.8,4.958,5228.1,no
48,blue-collar,married,basic.9y,unknown,no,no,telephone,jun,thu,454,4,999,0,nonexistent,1.4,94.465,-41.8,4.958,5228.1,no
48,blue-collar,married,high.school,no,yes,no,telephone,jun,thu,700,2,999,0,nonexistent,1.4,94.465,-41.8,4.958,5228.1,no
30,services,married,university.degree,no,yes,no,telephone,jun,mon,83,4,999,0,nonexistent,1.4,94.465,-41.8,4.96,5228.1,no
36,admin.,single,university.degree,no,yes,no,telephone,jun,mon,247,2,999,0,nonexistent,1.4,94.465,-41.8,4.96,5228.1,no
45,blue-collar,married,basic.6y,no,yes,no,telephone,jun,mon,252,2,999,0,nonexistent,1.4,94.465,-41.8,4.96,5228.1,no
60,admin.,married,university.degree,unknown,yes,no,telephone,jun,mon,62,2,999,0,nonexistent,1.4,94.465,-41.8,4.96,5228.1,no
35,admin.,single,high.school,no,no,no,telephone,jun,mon,10,5,999,0,nonexistent,1.4,94.465,-41.8,4.96,5228.1,no
48,admin.,married,high.school,unknown,no,no,telephone,jun,mon,189,2,999,0,nonexistent,1.4,94.465,-41.8,4.96,5228.1,no
29,admin.,single,university.degree,no,no,no,telephone,jun,mon,109,2,999,0,nonexistent,1.4,94.465,-41.8,4.96,5228.1,no
46,admin.,married,high.school,unknown,unknown,unknown,telephone,jun,mon,148,2,999,0,nonexistent,1.4,94.465,-41.8,4.96,5228.1,no
35,unemployed,married,university.degree,no,yes,no,telephone,jun,mon,82,4,999,0,nonexistent,1.4,94.465,-41.8,4.96,5228.1,no
30,technician,single,university.degree,unknown,yes,no,telephone,jun,mon,405,3,999,0,nonexistent,1.4,94.465,-41.8,4.96,5228.1,no
44,blue-collar,married,basic.9y,unknown,yes,no,telephone,jun,mon,103,2,999,0,nonexistent,1.4,94.465,-41.8,4.96,5228.1,no
32,unemployed,married,basic.9y,no,no,no,telephone,jun,mon,143,2,999,0,nonexistent,1.4,94.465,-41.8,4.96,5228.1,no
27,blue-collar,single,basic.9y,no,no,no,telephone,jun,mon,61,3,999,0,nonexistent,1.4,94.465,-41.8,4.96,5228.1,no
46,admin.,married,professional.course,no,no,no,telephone,jun,mon,424,2,999,0,nonexistent,1.4,94.465,-41.8,4.96,5228.1,no
34,blue-collar,married,basic.9y,no,no,no,telephone,jun,mon,157,29,999,0,nonexistent,1.4,94.465,-41.8,4.96,5228.1,no
34,blue-collar,married,basic.4y,no,no,no,telephone,jun,mon,110,4,999,0,nonexistent,1.4,94.465,-41.8,4.96,5228.1,no
35,entrepreneur,married,university.degree,no,no,no,telephone,jun,mon,513,2,999,0,nonexistent,1.4,94.465,-41.8,4.96,5228.1,yes
50,blue-collar,divorced,basic.4y,no,yes,no,telephone,jun,mon,241,3,999,0,nonexistent,1.4,94.465,-41.8,4.96,5228.1,no
38,admin.,married,university.degree,no,no,no,telephone,jun,mon,757,2,999,0,nonexistent,1.4,94.465,-41.8,4.96,5228.1,no
32,technician,single,high.school,no,no,no,telephone,jun,mon,68,3,999,0,nonexistent,1.4,94.465,-41.8,4.96,5228.1,no
32,technician,married,professional.course,no,no,no,telephone,jun,mon,171,2,999,0,nonexistent,1.4,94.465,-41.8,4.96,5228.1,no
49,admin.,married,basic.9y,no,no,no,telephone,jun,mon,270,15,999,0,nonexistent,1.4,94.465,-41.8,4.96,5228.1,no
38,technician,married,basic.6y,unknown,no,yes,telephone,jun,mon,172,6,999,0,nonexistent,1.4,94.465,-41.8,4.96,5228.1,no
28,admin.,single,unknown,no,yes,no,telephone,jun,mon,177,5,999,0,nonexistent,1.4,94.465,-41.8,4.96,5228.1,no
33,technician,married,high.school,unknown,yes,no,telephone,jun,mon,119,2,999,0,nonexistent,1.4,94.465,-41.8,4.96,5228.1,no
37,technician,single,professional.course,unknown,no,yes,telephone,jun,mon,75,3,999,0,nonexistent,1.4,94.465,-41.8,4.96,5228.1,no
41,services,divorced,basic.9y,no,yes,no,telephone,jun,mon,192,4,999,0,nonexistent,1.4,94.465,-41.8,4.96,5228.1,no
41,admin.,divorced,high.school,no,no,no,telephone,jun,mon,686,11,999,0,nonexistent,1.4,94.465,-41.8,4.96,5228.1,yes
40,blue-collar,married,basic.6y,no,yes,no,telephone,jun,mon,104,4,999,0,nonexistent,1.4,94.465,-41.8,4.96,5228.1,no
31,blue-collar,single,high.school,no,yes,yes,telephone,jun,mon,325,3,999,0,nonexistent,1.4,94.465,-41.8,4.96,5228.1,no
41,services,married,high.school,unknown,no,no,telephone,jun,mon,33,21,999,0,nonexistent,1.4,94.465,-41.8,4.96,5228.1,no
34,entrepreneur,single,professional.course,no,yes,no,telephone,jun,mon,144,4,999,0,nonexistent,1.4,94.465,-41.8,4.96,5228.1,no
48,services,married,high.school,no,yes,no,telephone,jun,mon,57,8,999,0,nonexistent,1.4,94.465,-41.8,4.96,5228.1,no
52,technician,divorced,university.degree,no,no,no,telephone,jun,mon,184,3,999,0,nonexistent,1.4,94.465,-41.8,4.96,5228.1,no
47,blue-collar,married,basic.9y,no,yes,no,telephone,jun,mon,109,3,999,0,nonexistent,1.4,94.465,-41.8,4.96,5228.1,no
50,housemaid,single,unknown,no,no,no,telephone,jun,mon,741,4,999,0,nonexistent,1.4,94.465,-41.8,4.96,5228.1,yes
38,admin.,divorced,high.school,no,no,no,telephone,jun,mon,100,3,999,0,nonexistent,1.4,94.465,-41.8,4.96,5228.1,no
47,services,married,high.school,unknown,yes,no,telephone,jun,mon,87,3,999,0,nonexistent,1.4,94.465,-41.8,4.96,5228.1,no
34,blue-collar,married,basic.9y,unknown,no,no,telephone,jun,mon,95,8,999,0,nonexistent,1.4,94.465,-41.8,4.96,5228.1,no
35,entrepreneur,married,basic.6y,no,no,no,telephone,jun,mon,114,5,999,0,nonexistent,1.4,94.465,-41.8,4.96,5228.1,no
37,management,married,university.degree,no,no,no,telephone,jun,mon,1323,9,999,0,nonexistent,1.4,94.465,-41.8,4.96,5228.1,yes
52,blue-collar,married,basic.4y,no,yes,no,telephone,jun,mon,186,6,999,0,nonexistent,1.4,94.465,-41.8,4.96,5228.1,no
29,admin.,divorced,university.degree,no,no,no,telephone,jun,mon,187,3,999,0,nonexistent,1.4,94.465,-41.8,4.96,5228.1,no
47,entrepreneur,married,university.degree,no,yes,no,telephone,jun,mon,580,3,999,0,nonexistent,1.4,94.465,-41.8,4.96,5228.1,no
39,services,divorced,high.school,no,yes,no,telephone,jun,mon,81,5,999,0,nonexistent,1.4,94.465,-41.8,4.96,5228.1,no
52,unknown,married,basic.4y,no,no,no,telephone,jun,mon,253,2,999,0,nonexistent,1.4,94.465,-41.8,4.96,5228.1,no
41,blue-collar,married,basic.6y,unknown,yes,no,telephone,jun,mon,75,3,999,0,nonexistent,1.4,94.465,-41.8,4.96,5228.1,no
35,blue-collar,divorced,basic.9y,no,unknown,unknown,telephone,jun,mon,276,3,999,0,nonexistent,1.4,94.465,-41.8,4.96,5228.1,no
32,admin.,divorced,university.degree,no,no,no,telephone,jun,mon,106,10,999,0,nonexistent,1.4,94.465,-41.8,4.96,5228.1,no
47,technician,single,professional.course,unknown,no,no,telephone,jun,mon,90,2,999,0,nonexistent,1.4,94.465,-41.8,4.96,5228.1,no
28,admin.,single,university.degree,no,no,no,telephone,jun,mon,78,5,999,0,nonexistent,1.4,94.465,-41.8,4.96,5228.1,no
40,blue-collar,single,basic.9y,no,no,no,telephone,jun,mon,55,2,999,0,nonexistent,1.4,94.465,-41.8,4.96,5228.1,no
59,admin.,married,high.school,no,no,no,telephone,jun,mon,204,4,999,0,nonexistent,1.4,94.465,-41.8,4.96,5228.1,no
50,technician,divorced,professional.course,no,no,no,telephone,jun,mon,408,2,999,0,nonexistent,1.4,94.465,-41.8,4.96,5228.1,no
32,blue-collar,married,basic.6y,no,no,no,telephone,jun,mon,147,2,999,0,nonexistent,1.4,94.465,-41.8,4.96,5228.1,no
34,management,married,university.degree,unknown,no,no,telephone,jun,mon,84,3,999,0,nonexistent,1.4,94.465,-41.8,4.96,5228.1,no
41,blue-collar,married,basic.9y,no,yes,no,telephone,jun,mon,119,3,999,0,nonexistent,1.4,94.465,-41.8,4.96,5228.1,no
51,blue-collar,divorced,basic.4y,no,no,no,telephone,jun,mon,133,2,999,0,nonexistent,1.4,94.465,-41.8,4.96,5228.1,no
28,admin.,married,high.school,no,no,no,telephone,jun,mon,108,2,999,0,nonexistent,1.4,94.465,-41.8,4.96,5228.1,no
40,technician,married,professional.course,no,no,no,telephone,jun,mon,92,6,999,0,nonexistent,1.4,94.465,-41.8,4.96,5228.1,no
50,blue-collar,single,basic.9y,unknown,no,no,telephone,jun,mon,264,4,999,0,nonexistent,1.4,94.465,-41.8,4.96,5228.1,no
56,housemaid,divorced,basic.4y,unknown,no,no,telephone,jun,mon,123,2,999,0,nonexistent,1.4,94.465,-41.8,4.96,5228.1,no
45,admin.,married,basic.9y,unknown,no,no,telephone,jun,mon,73,4,999,0,nonexistent,1.4,94.465,-41.8,4.96,5228.1,no
34,blue-collar,married,basic.9y,no,no,no,telephone,jun,mon,206,1,999,0,nonexistent,1.4,94.465,-41.8,4.96,5228.1,no
54,entrepreneur,married,university.degree,unknown,no,no,telephone,jun,mon,100,17,999,0,nonexistent,1.4,94.465,-41.8,4.96,5228.1,no
32,blue-collar,married,basic.9y,no,yes,yes,telephone,jun,mon,452,1,999,0,nonexistent,1.4,94.465,-41.8,4.96,5228.1,no
36,blue-collar,single,basic.6y,no,yes,yes,telephone,jun,mon,163,1,999,0,nonexistent,1.4,94.465,-41.8,4.96,5228.1,no
40,blue-collar,married,unknown,unknown,yes,no,telephone,jun,mon,69,2,999,0,nonexistent,1.4,94.465,-41.8,4.96,5228.1,no
25,technician,single,university.degree,no,yes,yes,telephone,jun,mon,35,6,999,0,nonexistent,1.4,94.465,-41.8,4.96,5228.1,no
52,blue-collar,married,unknown,unknown,no,no,telephone,jun,mon,215,3,999,0,nonexistent,1.4,94.465,-41.8,4.96,5228.1,no
52,services,married,university.degree,no,no,no,telephone,jun,mon,119,1,999,0,nonexistent,1.4,94.465,-41.8,4.96,5228.1,no
40,technician,married,professional.course,unknown,no,no,telephone,jun,mon,60,2,999,0,nonexistent,1.4,94.465,-41.8,4.96,5228.1,no
45,entrepreneur,single,university.degree,no,no,no,telephone,jun,mon,162,6,999,0,nonexistent,1.4,94.465,-41.8,4.96,5228.1,no
46,management,married,basic.4y,unknown,yes,no,telephone,jun,mon,227,1,999,0,nonexistent,1.4,94.465,-41.8,4.96,5228.1,no
33,blue-collar,married,basic.4y,unknown,no,no,telephone,jun,mon,41,1,999,0,nonexistent,1.4,94.465,-41.8,4.96,5228.1,no
36,technician,married,university.degree,no,no,no,telephone,jun,mon,1093,1,999,0,nonexistent,1.4,94.465,-41.8,4.96,5228.1,yes
35,student,single,university.degree,unknown,yes,no,telephone,jun,mon,178,4,999,0,nonexistent,1.4,94.465,-41.8,4.96,5228.1,no
56,blue-collar,single,basic.6y,unknown,no,no,telephone,jun,mon,35,3,999,0,nonexistent,1.4,94.465,-41.8,4.96,5228.1,no
28,blue-collar,married,basic.9y,no,yes,yes,telephone,jun,mon,210,2,999,0,nonexistent,1.4,94.465,-41.8,4.96,5228.1,no
43,admin.,married,high.school,no,no,no,telephone,jun,mon,193,2,999,0,nonexistent,1.4,94.465,-41.8,4.96,5228.1,no
53,entrepreneur,married,basic.4y,no,no,no,telephone,jun,mon,339,2,999,0,nonexistent,1.4,94.465,-41.8,4.96,5228.1,no
32,blue-collar,married,high.school,no,no,yes,telephone,jun,mon,140,1,999,0,nonexistent,1.4,94.465,-41.8,4.96,5228.1,no
30,technician,married,university.degree,no,unknown,unknown,telephone,jun,mon,71,1,999,0,nonexistent,1.4,94.465,-41.8,4.96,5228.1,no
40,blue-collar,married,basic.4y,unknown,no,no,telephone,jun,mon,1238,2,999,0,nonexistent,1.4,94.465,-41.8,4.96,5228.1,no
59,blue-collar,married,basic.4y,unknown,yes,no,telephone,jun,mon,64,1,999,0,nonexistent,1.4,94.465,-41.8,4.96,5228.1,no
33,admin.,married,university.degree,no,no,yes,telephone,jun,mon,77,1,999,0,nonexistent,1.4,94.465,-41.8,4.96,5228.1,no
29,admin.,single,university.degree,no,no,no,telephone,jun,mon,73,3,999,0,nonexistent,1.4,94.465,-41.8,4.96,5228.1,no
56,services,divorced,basic.4y,no,no,no,telephone,jun,mon,42,3,999,0,nonexistent,1.4,94.465,-41.8,4.96,5228.1,no
52,admin.,divorced,high.school,no,no,no,telephone,jun,mon,24,5,999,0,nonexistent,1.4,94.465,-41.8,4.96,5228.1,no
46,unknown,married,basic.4y,unknown,yes,no,telephone,jun,mon,25,1,999,0,nonexistent,1.4,94.465,-41.8,4.96,5228.1,no
37,admin.,divorced,university.degree,no,no,no,telephone,jun,mon,147,1,999,0,nonexistent,1.4,94.465,-41.8,4.96,5228.1,no
33,blue-collar,married,basic.9y,no,no,no,telephone,jun,mon,145,1,999,0,nonexistent,1.4,94.465,-41.8,4.96,5228.1,no
57,services,divorced,high.school,unknown,yes,no,telephone,jun,mon,80,4,999,0,nonexistent,1.4,94.465,-41.8,4.96,5228.1,no
60,management,married,unknown,unknown,yes,no,telephone,jun,mon,35,1,999,0,nonexistent,1.4,94.465,-41.8,4.96,5228.1,no
36,admin.,married,university.degree,no,yes,no,telephone,jun,mon,141,1,999,0,nonexistent,1.4,94.465,-41.8,4.96,5228.1,no
34,blue-collar,married,basic.9y,no,no,no,telephone,jun,mon,263,8,999,0,nonexistent,1.4,94.465,-41.8,4.96,5228.1,no
38,admin.,married,high.school,no,no,no,telephone,jun,mon,123,1,999,0,nonexistent,1.4,94.465,-41.8,4.96,5228.1,no
31,blue-collar,married,basic.9y,no,yes,no,telephone,jun,mon,208,1,999,0,nonexistent,1.4,94.465,-41.8,4.96,5228.1,no
25,student,single,high.school,no,yes,yes,telephone,jun,mon,100,1,999,0,nonexistent,1.4,94.465,-41.8,4.96,5228.1,no
42,technician,married,university.degree,unknown,yes,no,telephone,jun,mon,91,1,999,0,nonexistent,1.4,94.465,-41.8,4.96,5228.1,no
41,blue-collar,married,basic.9y,no,no,no,telephone,jun,mon,644,1,999,0,nonexistent,1.4,94.465,-41.8,4.96,5228.1,no
44,technician,divorced,professional.course,no,yes,no,telephone,jun,mon,289,1,999,0,nonexistent,1.4,94.465,-41.8,4.96,5228.1,no
43,self-employed,married,basic.9y,no,no,no,telephone,jun,mon,1089,1,999,0,nonexistent,1.4,94.465,-41.8,4.96,5228.1,yes
29,admin.,single,university.degree,no,no,no,telephone,jun,mon,157,2,999,0,nonexistent,1.4,94.465,-41.8,4.96,5228.1,no
34,entrepreneur,single,professional.course,no,yes,no,telephone,jun,mon,136,8,999,0,nonexistent,1.4,94.465,-41.8,4.96,5228.1,no
53,admin.,married,university.degree,no,no,no,telephone,jun,mon,541,19,999,0,nonexistent,1.4,94.465,-41.8,4.96,5228.1,no
52,blue-collar,married,basic.4y,no,no,no,telephone,jun,mon,50,3,999,0,nonexistent,1.4,94.465,-41.8,4.96,5228.1,no
38,technician,married,professional.course,no,no,no,telephone,jun,mon,250,2,999,0,nonexistent,1.4,94.465,-41.8,4.96,5228.1,no
26,technician,married,professional.course,no,yes,no,telephone,jun,mon,181,2,999,0,nonexistent,1.4,94.465,-41.8,4.96,5228.1,no
30,blue-collar,married,high.school,no,yes,no,telephone,jun,mon,32,3,999,0,nonexistent,1.4,94.465,-41.8,4.96,5228.1,no
41,technician,married,professional.course,no,no,no,telephone,jun,mon,235,2,999,0,nonexistent,1.4,94.465,-41.8,4.96,5228.1,no
40,blue-collar,single,basic.9y,no,no,no,telephone,jun,mon,121,5,999,0,nonexistent,1.4,94.465,-41.8,4.96,5228.1,no
57,technician,married,basic.9y,no,yes,no,telephone,jun,mon,215,3,999,0,nonexistent,1.4,94.465,-41.8,4.96,5228.1,no
53,unknown,married,high.school,unknown,yes,no,telephone,jun,mon,244,1,999,0,nonexistent,1.4,94.465,-41.8,4.96,5228.1,no
40,housemaid,married,basic.4y,no,no,no,telephone,jun,mon,286,1,999,0,nonexistent,1.4,94.465,-41.8,4.96,5228.1,no
26,admin.,married,high.school,no,no,yes,telephone,jun,mon,1021,1,999,0,nonexistent,1.4,94.465,-41.8,4.96,5228.1,no
31,entrepreneur,single,basic.9y,no,no,no,telephone,jun,mon,1248,3,999,0,nonexistent,1.4,94.465,-41.8,4.96,5228.1,yes
32,admin.,single,university.degree,unknown,no,no,telephone,jun,mon,179,25,999,0,nonexistent,1.4,94.465,-41.8,4.96,5228.1,no
29,blue-collar,single,high.school,no,no,no,telephone,jun,mon,203,2,999,0,nonexistent,1.4,94.465,-41.8,4.96,5228.1,no
27,blue-collar,single,basic.9y,no,yes,no,telephone,jun,mon,209,12,999,0,nonexistent,1.4,94.465,-41.8,4.96,5228.1,no
32,blue-collar,married,basic.9y,no,yes,no,telephone,jun,mon,39,1,999,0,nonexistent,1.4,94.465,-41.8,4.96,5228.1,no
46,admin.,single,high.school,no,no,no,telephone,jun,mon,418,1,999,0,nonexistent,1.4,94.465,-41.8,4.96,5228.1,no
37,entrepreneur,single,university.degree,no,yes,no,telephone,jun,mon,348,1,999,0,nonexistent,1.4,94.465,-41.8,4.96,5228.1,no
36,management,married,university.degree,no,yes,yes,telephone,jun,mon,135,1,999,0,nonexistent,1.4,94.465,-41.8,4.96,5228.1,no
30,technician,divorced,professional.course,no,no,no,telephone,jun,mon,332,2,999,0,nonexistent,1.4,94.465,-41.8,4.96,5228.1,no
29,technician,single,university.degree,no,no,no,telephone,jun,mon,78,1,999,0,nonexistent,1.4,94.465,-41.8,4.96,5228.1,no
55,housemaid,married,professional.course,no,no,no,telephone,jun,mon,394,2,999,0,nonexistent,1.4,94.465,-41.8,4.96,5228.1,no
45,blue-collar,divorced,basic.9y,no,yes,no,telephone,jun,mon,287,1,999,0,nonexistent,1.4,94.465,-41.8,4.96,5228.1,no
24,unemployed,married,university.degree,no,yes,no,telephone,jun,mon,266,1,999,0,nonexistent,1.4,94.465,-41.8,4.96,5228.1,no
43,technician,single,high.school,no,no,no,telephone,jun,mon,153,1,999,0,nonexistent,1.4,94.465,-41.8,4.96,5228.1,no
24,services,married,high.school,no,yes,no,telephone,jun,mon,298,6,999,0,nonexistent,1.4,94.465,-41.8,4.96,5228.1,no
38,blue-collar,single,basic.9y,unknown,yes,no,telephone,jun,mon,101,1,999,0,nonexistent,1.4,94.465,-41.8,4.96,5228.1,no
41,blue-collar,divorced,basic.6y,no,no,no,telephone,jun,mon,66,1,999,0,nonexistent,1.4,94.465,-41.8,4.96,5228.1,no
45,management,married,unknown,unknown,no,yes,telephone,jun,mon,73,1,999,0,nonexistent,1.4,94.465,-41.8,4.96,5228.1,no
26,admin.,divorced,high.school,no,yes,no,telephone,jun,mon,50,1,999,0,nonexistent,1.4,94.465,-41.8,4.96,5228.1,no
53,blue-collar,divorced,basic.4y,unknown,no,no,telephone,jun,mon,193,1,999,0,nonexistent,1.4,94.465,-41.8,4.96,5228.1,no
37,admin.,married,high.school,no,yes,no,telephone,jun,mon,599,3,999,0,nonexistent,1.4,94.465,-41.8,4.96,5228.1,no
52,entrepreneur,married,university.degree,no,no,no,telephone,jun,mon,92,2,999,0,nonexistent,1.4,94.465,-41.8,4.96,5228.1,no
35,blue-collar,divorced,basic.9y,no,no,no,telephone,jun,mon,52,3,999,0,nonexistent,1.4,94.465,-41.8,4.96,5228.1,no
48,blue-collar,married,basic.4y,no,yes,no,telephone,jun,mon,92,3,999,0,nonexistent,1.4,94.465,-41.8,4.96,5228.1,no
41,blue-collar,divorced,basic.9y,unknown,no,no,telephone,jun,mon,294,3,999,0,nonexistent,1.4,94.465,-41.8,4.96,5228.1,no
36,admin.,single,university.degree,no,yes,no,telephone,jun,mon,99,1,999,0,nonexistent,1.4,94.465,-41.8,4.96,5228.1,no
44,unknown,single,basic.9y,unknown,yes,no,telephone,jun,mon,76,3,999,0,nonexistent,1.4,94.465,-41.8,4.96,5228.1,no
31,blue-collar,divorced,high.school,no,no,yes,telephone,jun,mon,27,3,999,0,nonexistent,1.4,94.465,-41.8,4.96,5228.1,no
26,blue-collar,single,basic.4y,no,yes,yes,telephone,jun,mon,41,1,999,0,nonexistent,1.4,94.465,-41.8,4.96,5228.1,no
34,technician,married,professional.course,no,yes,yes,telephone,jun,mon,191,1,999,0,nonexistent,1.4,94.465,-41.8,4.96,5228.1,no
45,admin.,married,high.school,no,yes,yes,telephone,jun,mon,523,1,999,0,nonexistent,1.4,94.465,-41.8,4.96,5228.1,no
39,admin.,single,high.school,no,yes,no,telephone,jun,mon,358,1,999,0,nonexistent,1.4,94.465,-41.8,4.96,5228.1,no
51,blue-collar,married,basic.9y,unknown,yes,no,telephone,jun,mon,254,1,999,0,nonexistent,1.4,94.465,-41.8,4.96,5228.1,no
50,blue-collar,divorced,basic.4y,no,yes,no,telephone,jun,mon,46,1,999,0,nonexistent,1.4,94.465,-41.8,4.96,5228.1,no
40,blue-collar,married,basic.9y,no,yes,no,telephone,jun,mon,112,4,999,0,nonexistent,1.4,94.465,-41.8,4.96,5228.1,no
43,blue-collar,married,basic.6y,unknown,yes,no,telephone,jun,mon,51,1,999,0,nonexistent,1.4,94.465,-41.8,4.96,5228.1,no
29,admin.,single,university.degree,no,yes,no,telephone,jun,mon,359,1,999,0,nonexistent,1.4,94.465,-41.8,4.96,5228.1,no
34,services,married,high.school,no,yes,no,telephone,jun,mon,76,3,999,0,nonexistent,1.4,94.465,-41.8,4.96,5228.1,no
39,management,married,university.degree,no,no,no,telephone,jun,mon,721,3,999,0,nonexistent,1.4,94.465,-41.8,4.96,5228.1,yes
60,management,divorced,university.degree,no,yes,no,telephone,jun,mon,420,4,999,0,nonexistent,1.4,94.465,-41.8,4.96,5228.1,no
30,services,single,unknown,no,no,no,telephone,jun,mon,163,1,999,0,nonexistent,1.4,94.465,-41.8,4.96,5228.1,no
35,services,single,high.school,no,no,no,telephone,jun,mon,41,3,999,0,nonexistent,1.4,94.465,-41.8,4.96,5228.1,no
34,technician,divorced,professional.course,no,no,no,telephone,jun,mon,442,3,999,0,nonexistent,1.4,94.465,-41.8,4.96,5228.1,no
35,admin.,divorced,university.degree,no,no,no,telephone,jun,mon,41,3,999,0,nonexistent,1.4,94.465,-41.8,4.96,5228.1,no
52,entrepreneur,married,basic.4y,unknown,yes,no,telephone,jun,mon,535,2,999,0,nonexistent,1.4,94.465,-41.8,4.96,5228.1,no
60,retired,married,basic.4y,unknown,no,no,telephone,jun,mon,155,4,999,0,nonexistent,1.4,94.465,-41.8,4.96,5228.1,no
25,self-employed,single,university.degree,no,no,no,telephone,jun,mon,178,7,999,0,nonexistent,1.4,94.465,-41.8,4.96,5228.1,no
35,admin.,single,high.school,no,no,no,telephone,jun,mon,36,1,999,0,nonexistent,1.4,94.465,-41.8,4.96,5228.1,no
35,admin.,divorced,high.school,no,no,yes,telephone,jun,mon,15,15,999,0,nonexistent,1.4,94.465,-41.8,4.96,5228.1,no
58,unemployed,single,basic.4y,unknown,no,no,telephone,jun,mon,170,6,999,0,nonexistent,1.4,94.465,-41.8,4.96,5228.1,no
32,services,married,high.school,no,no,no,telephone,jun,mon,244,3,999,0,nonexistent,1.4,94.465,-41.8,4.96,5228.1,no
31,blue-collar,single,high.school,no,yes,no,telephone,jun,mon,750,2,999,0,nonexistent,1.4,94.465,-41.8,4.96,5228.1,yes
30,technician,married,professional.course,no,no,yes,telephone,jun,mon,169,1,999,0,nonexistent,1.4,94.465,-41.8,4.96,5228.1,no
47,unknown,married,unknown,unknown,no,no,telephone,jun,mon,139,3,999,0,nonexistent,1.4,94.465,-41.8,4.96,5228.1,no
34,admin.,married,university.degree,no,yes,no,telephone,jun,mon,14,14,999,0,nonexistent,1.4,94.465,-41.8,4.96,5228.1,no
29,admin.,married,university.degree,no,no,no,telephone,jun,mon,81,4,999,0,nonexistent,1.4,94.465,-41.8,4.96,5228.1,no
28,services,married,unknown,no,no,no,telephone,jun,mon,220,1,999,0,nonexistent,1.4,94.465,-41.8,4.96,5228.1,no
50,services,single,high.school,no,no,no,telephone,jun,mon,162,3,999,0,nonexistent,1.4,94.465,-41.8,4.96,5228.1,no
25,unemployed,single,high.school,unknown,yes,no,telephone,jun,mon,53,1,999,0,nonexistent,1.4,94.465,-41.8,4.96,5228.1,no
35,technician,married,university.degree,unknown,no,no,telephone,jun,mon,131,1,999,0,nonexistent,1.4,94.465,-41.8,4.96,5228.1,no
24,blue-collar,married,basic.9y,unknown,no,no,telephone,jun,mon,607,2,999,0,nonexistent,1.4,94.465,-41.8,4.96,5228.1,no
52,retired,divorced,basic.4y,no,yes,no,telephone,jun,mon,111,3,999,0,nonexistent,1.4,94.465,-41.8,4.96,5228.1,no
59,retired,married,basic.4y,unknown,yes,no,telephone,jun,mon,216,3,999,0,nonexistent,1.4,94.465,-41.8,4.96,5228.1,no
26,blue-collar,married,basic.9y,no,yes,no,telephone,jun,mon,102,35,999,0,nonexistent,1.4,94.465,-41.8,4.96,5228.1,no
55,blue-collar,married,basic.4y,unknown,no,no,telephone,jun,mon,431,1,999,0,nonexistent,1.4,94.465,-41.8,4.96,5228.1,no
31,blue-collar,married,basic.9y,no,no,no,telephone,jun,mon,19,21,999,0,nonexistent,1.4,94.465,-41.8,4.96,5228.1,no
37,technician,single,high.school,no,no,no,telephone,jun,mon,394,3,999,0,nonexistent,1.4,94.465,-41.8,4.96,5228.1,no
36,management,single,university.degree,no,no,no,telephone,jun,mon,301,6,999,0,nonexistent,1.4,94.465,-41.8,4.96,5228.1,no
54,technician,married,university.degree,unknown,no,no,telephone,jun,mon,71,4,999,0,nonexistent,1.4,94.465,-41.8,4.96,5228.1,no
24,services,single,high.school,no,yes,no,telephone,jun,mon,341,3,999,0,nonexistent,1.4,94.465,-41.8,4.96,5228.1,no
53,technician,married,professional.course,unknown,no,no,telephone,jun,mon,54,1,999,0,nonexistent,1.4,94.465,-41.8,4.96,5228.1,no
32,technician,married,professional.course,no,yes,no,telephone,jun,mon,226,2,999,0,nonexistent,1.4,94.465,-41.8,4.96,5228.1,no
57,services,divorced,high.school,no,no,no,telephone,jun,mon,168,1,999,0,nonexistent,1.4,94.465,-41.8,4.96,5228.1,no
48,technician,married,high.school,no,unknown,unknown,telephone,jun,mon,221,1,999,0,nonexistent,1.4,94.465,-41.8,4.96,5228.1,no
34,admin.,married,university.degree,no,no,no,telephone,jun,mon,703,1,999,0,nonexistent,1.4,94.465,-41.8,4.96,5228.1,no
39,services,single,high.school,unknown,no,yes,telephone,jun,mon,126,3,999,0,nonexistent,1.4,94.465,-41.8,4.96,5228.1,no
33,admin.,married,high.school,no,no,no,telephone,jun,mon,314,3,999,0,nonexistent,1.4,94.465,-41.8,4.96,5228.1,no
37,technician,single,university.degree,no,no,no,telephone,jun,mon,182,2,999,0,nonexistent,1.4,94.465,-41.8,4.96,5228.1,no
42,admin.,single,high.school,no,no,no,telephone,jun,mon,362,3,999,0,nonexistent,1.4,94.465,-41.8,4.96,5228.1,no
34,blue-collar,married,basic.6y,unknown,no,no,telephone,jun,mon,75,7,999,0,nonexistent,1.4,94.465,-41.8,4.96,5228.1,no
35,admin.,married,high.school,no,no,no,telephone,jun,mon,142,2,999,0,nonexistent,1.4,94.465,-41.8,4.96,5228.1,no
47,blue-collar,married,basic.9y,unknown,no,no,telephone,jun,mon,146,3,999,0,nonexistent,1.4,94.465,-41.8,4.96,5228.1,no
42,housemaid,married,unknown,unknown,yes,no,telephone,jun,mon,345,4,999,0,nonexistent,1.4,94.465,-41.8,4.96,5228.1,no
57,management,married,university.degree,unknown,no,no,telephone,jun,mon,103,3,999,0,nonexistent,1.4,94.465,-41.8,4.96,5228.1,no
44,blue-collar,married,basic.4y,no,yes,no,telephone,jun,mon,17,25,999,0,nonexistent,1.4,94.465,-41.8,4.96,5228.1,no
49,management,married,high.school,no,yes,no,telephone,jun,mon,26,18,999,0,nonexistent,1.4,94.465,-41.8,4.96,5228.1,no
30,blue-collar,married,basic.9y,no,no,no,telephone,jun,mon,141,6,999,0,nonexistent,1.4,94.465,-41.8,4.96,5228.1,no
41,blue-collar,married,basic.9y,no,no,no,telephone,jun,mon,14,20,999,0,nonexistent,1.4,94.465,-41.8,4.96,5228.1,no
32,blue-collar,divorced,basic.9y,unknown,yes,no,telephone,jun,mon,1009,5,999,0,nonexistent,1.4,94.465,-41.8,4.96,5228.1,no
39,entrepreneur,married,high.school,no,unknown,unknown,telephone,jun,mon,440,3,999,0,nonexistent,1.4,94.465,-41.8,4.96,5228.1,no
36,blue-collar,single,university.degree,unknown,no,no,telephone,jun,mon,323,2,999,0,nonexistent,1.4,94.465,-41.8,4.96,5228.1,no
30,technician,divorced,professional.course,no,yes,no,telephone,jun,mon,80,3,999,0,nonexistent,1.4,94.465,-41.8,4.96,5228.1,no
40,blue-collar,married,basic.9y,unknown,no,no,telephone,jun,mon,154,3,999,0,nonexistent,1.4,94.465,-41.8,4.96,5228.1,no
38,blue-collar,single,basic.6y,unknown,yes,no,telephone,jun,mon,97,6,999,0,nonexistent,1.4,94.465,-41.8,4.96,5228.1,no
51,admin.,married,high.school,no,no,no,telephone,jun,mon,368,12,999,0,nonexistent,1.4,94.465,-41.8,4.96,5228.1,no
55,management,married,university.degree,no,yes,no,telephone,jun,mon,303,5,999,0,nonexistent,1.4,94.465,-41.8,4.96,5228.1,no
32,student,single,university.degree,no,yes,no,telephone,jun,mon,295,2,999,0,nonexistent,1.4,94.465,-41.8,4.96,5228.1,no
29,blue-collar,single,high.school,unknown,no,no,telephone,jun,mon,335,3,999,0,nonexistent,1.4,94.465,-41.8,4.96,5228.1,no
52,entrepreneur,divorced,basic.4y,no,no,no,telephone,jun,tue,69,4,999,0,nonexistent,1.4,94.465,-41.8,4.961,5228.1,no
55,admin.,divorced,university.degree,no,no,no,telephone,jun,tue,143,2,999,0,nonexistent,1.4,94.465,-41.8,4.961,5228.1,no
41,technician,married,university.degree,no,yes,no,telephone,jun,tue,153,4,999,0,nonexistent,1.4,94.465,-41.8,4.961,5228.1,no
39,technician,married,professional.course,no,no,no,telephone,jun,tue,83,2,999,0,nonexistent,1.4,94.465,-41.8,4.961,5228.1,no
36,blue-collar,single,basic.6y,no,yes,no,telephone,jun,tue,214,8,999,0,nonexistent,1.4,94.465,-41.8,4.961,5228.1,no
44,services,divorced,high.school,no,no,no,telephone,jun,tue,118,3,999,0,nonexistent,1.4,94.465,-41.8,4.961,5228.1,no
37,admin.,married,high.school,no,no,no,telephone,jun,tue,638,16,999,0,nonexistent,1.4,94.465,-41.8,4.961,5228.1,no
36,technician,married,professional.course,unknown,no,no,telephone,jun,tue,78,10,999,0,nonexistent,1.4,94.465,-41.8,4.961,5228.1,no
34,services,married,high.school,no,no,yes,telephone,jun,tue,222,3,999,0,nonexistent,1.4,94.465,-41.8,4.961,5228.1,no
50,technician,married,professional.course,no,yes,no,telephone,jun,tue,78,5,999,0,nonexistent,1.4,94.465,-41.8,4.961,5228.1,no
34,blue-collar,married,professional.course,no,no,no,telephone,jun,tue,260,4,999,0,nonexistent,1.4,94.465,-41.8,4.961,5228.1,no
34,admin.,married,university.degree,no,yes,no,telephone,jun,tue,150,3,999,0,nonexistent,1.4,94.465,-41.8,4.961,5228.1,no
36,services,married,high.school,unknown,no,no,telephone,jun,tue,49,2,999,0,nonexistent,1.4,94.465,-41.8,4.961,5228.1,no
37,blue-collar,married,basic.9y,no,yes,no,telephone,jun,tue,331,4,999,0,nonexistent,1.4,94.465,-41.8,4.961,5228.1,no
48,services,divorced,basic.6y,unknown,yes,no,telephone,jun,tue,319,8,999,0,nonexistent,1.4,94.465,-41.8,4.961,5228.1,no
43,technician,single,professional.course,no,no,no,telephone,jun,tue,315,2,999,0,nonexistent,1.4,94.465,-41.8,4.961,5228.1,no
31,services,married,high.school,no,no,no,telephone,jun,tue,37,6,999,0,nonexistent,1.4,94.465,-41.8,4.961,5228.1,no
32,technician,single,university.degree,no,yes,no,telephone,jun,tue,45,2,999,0,nonexistent,1.4,94.465,-41.8,4.961,5228.1,no
35,blue-collar,married,basic.9y,no,no,no,telephone,jun,tue,33,2,999,0,nonexistent,1.4,94.465,-41.8,4.961,5228.1,no
37,blue-collar,single,high.school,no,no,no,telephone,jun,tue,117,3,999,0,nonexistent,1.4,94.465,-41.8,4.961,5228.1,no
29,blue-collar,married,basic.9y,no,no,no,telephone,jun,tue,170,2,999,0,nonexistent,1.4,94.465,-41.8,4.961,5228.1,no
43,admin.,married,university.degree,unknown,unknown,unknown,telephone,jun,tue,104,2,999,0,nonexistent,1.4,94.465,-41.8,4.961,5228.1,no
31,admin.,divorced,high.school,no,yes,yes,telephone,jun,tue,287,4,999,0,nonexistent,1.4,94.465,-41.8,4.961,5228.1,no
37,technician,single,university.degree,no,yes,yes,telephone,jun,tue,43,1,999,0,nonexistent,1.4,94.465,-41.8,4.961,5228.1,no
54,services,married,unknown,no,no,no,telephone,jun,tue,345,2,999,0,nonexistent,1.4,94.465,-41.8,4.961,5228.1,no
39,blue-collar,married,basic.9y,no,no,yes,telephone,jun,tue,110,1,999,0,nonexistent,1.4,94.465,-41.8,4.961,5228.1,no
59,retired,single,high.school,no,no,no,telephone,jun,tue,193,1,999,0,nonexistent,1.4,94.465,-41.8,4.961,5228.1,no
42,blue-collar,divorced,high.school,no,no,no,telephone,jun,tue,256,1,999,0,nonexistent,1.4,94.465,-41.8,4.961,5228.1,no
39,self-employed,married,basic.9y,unknown,yes,no,telephone,jun,tue,145,1,999,0,nonexistent,1.4,94.465,-41.8,4.961,5228.1,no
50,admin.,married,high.school,no,yes,no,telephone,jun,tue,285,1,999,0,nonexistent,1.4,94.465,-41.8,4.961,5228.1,no
26,technician,single,professional.course,no,yes,no,telephone,jun,tue,160,3,999,0,nonexistent,1.4,94.465,-41.8,4.961,5228.1,no
50,admin.,married,high.school,no,no,no,telephone,jun,tue,442,1,999,0,nonexistent,1.4,94.465,-41.8,4.961,5228.1,no
54,management,divorced,university.degree,no,yes,no,telephone,jun,tue,183,1,999,0,nonexistent,1.4,94.465,-41.8,4.961,5228.1,no
46,housemaid,married,basic.4y,unknown,no,yes,telephone,jun,tue,166,1,999,0,nonexistent,1.4,94.465,-41.8,4.961,5228.1,no
43,blue-collar,married,basic.9y,no,yes,no,telephone,jun,tue,128,1,999,0,nonexistent,1.4,94.465,-41.8,4.961,5228.1,no
31,services,single,university.degree,no,yes,no,telephone,jun,tue,57,1,999,0,nonexistent,1.4,94.465,-41.8,4.961,5228.1,no
36,blue-collar,single,basic.9y,no,no,no,telephone,jun,tue,145,1,999,0,nonexistent,1.4,94.465,-41.8,4.961,5228.1,no
53,admin.,married,basic.9y,no,no,no,telephone,jun,tue,116,1,999,0,nonexistent,1.4,94.465,-41.8,4.961,5228.1,no
55,technician,married,university.degree,no,no,no,telephone,jun,tue,126,1,999,0,nonexistent,1.4,94.465,-41.8,4.961,5228.1,no
51,blue-collar,married,basic.4y,no,yes,no,telephone,jun,tue,83,1,999,0,nonexistent,1.4,94.465,-41.8,4.961,5228.1,no
39,blue-collar,married,basic.6y,no,no,no,telephone,jun,tue,196,4,999,0,nonexistent,1.4,94.465,-41.8,4.961,5228.1,no
31,admin.,divorced,high.school,no,unknown,unknown,telephone,jun,tue,68,1,999,0,nonexistent,1.4,94.465,-41.8,4.961,5228.1,no
41,admin.,married,university.degree,no,yes,yes,telephone,jun,tue,75,1,999,0,nonexistent,1.4,94.465,-41.8,4.961,5228.1,no
28,blue-collar,single,basic.9y,no,no,no,telephone,jun,tue,138,1,999,0,nonexistent,1.4,94.465,-41.8,4.961,5228.1,no
44,technician,married,basic.6y,unknown,yes,no,telephone,jun,tue,98,4,999,0,nonexistent,1.4,94.465,-41.8,4.961,5228.1,no
47,services,divorced,high.school,no,no,no,telephone,jun,tue,115,1,999,0,nonexistent,1.4,94.465,-41.8,4.961,5228.1,no
33,blue-collar,single,basic.4y,no,no,no,telephone,jun,tue,147,1,999,0,nonexistent,1.4,94.465,-41.8,4.961,5228.1,no
36,technician,married,professional.course,no,yes,no,telephone,jun,tue,133,1,999,0,nonexistent,1.4,94.465,-41.8,4.961,5228.1,no
30,blue-collar,divorced,basic.9y,no,no,yes,telephone,jun,tue,134,1,999,0,nonexistent,1.4,94.465,-41.8,4.961,5228.1,no
34,admin.,single,high.school,no,no,no,telephone,jun,tue,60,3,999,0,nonexistent,1.4,94.465,-41.8,4.961,5228.1,no
35,entrepreneur,married,basic.6y,no,yes,no,telephone,jun,tue,147,2,999,0,nonexistent,1.4,94.465,-41.8,4.961,5228.1,no
37,technician,married,professional.course,no,yes,no,telephone,jun,tue,296,1,999,0,nonexistent,1.4,94.465,-41.8,4.961,5228.1,no
31,blue-collar,married,professional.course,no,no,no,telephone,jun,tue,70,8,999,0,nonexistent,1.4,94.465,-41.8,4.961,5228.1,no
53,blue-collar,married,basic.4y,unknown,no,no,telephone,jun,tue,527,1,999,0,nonexistent,1.4,94.465,-41.8,4.961,5228.1,no
49,blue-collar,married,basic.9y,no,no,yes,telephone,jun,tue,156,2,999,0,nonexistent,1.4,94.465,-41.8,4.961,5228.1,no
47,services,married,high.school,no,yes,no,telephone,jun,tue,187,1,999,0,nonexistent,1.4,94.465,-41.8,4.961,5228.1,no
55,admin.,married,high.school,no,yes,yes,telephone,jun,tue,269,1,999,0,nonexistent,1.4,94.465,-41.8,4.961,5228.1,no
48,admin.,married,high.school,unknown,yes,no,telephone,jun,tue,306,1,999,0,nonexistent,1.4,94.465,-41.8,4.961,5228.1,no
38,admin.,single,university.degree,unknown,no,no,telephone,jun,tue,556,1,999,0,nonexistent,1.4,94.465,-41.8,4.961,5228.1,yes
29,admin.,single,university.degree,no,no,no,telephone,jun,tue,71,1,999,0,nonexistent,1.4,94.465,-41.8,4.961,5228.1,no
54,admin.,married,university.degree,no,no,no,telephone,jun,tue,483,1,999,0,nonexistent,1.4,94.465,-41.8,4.961,5228.1,no
36,blue-collar,married,basic.4y,no,no,no,telephone,jun,tue,881,1,999,0,nonexistent,1.4,94.465,-41.8,4.961,5228.1,no
32,blue-collar,married,basic.6y,unknown,no,no,telephone,jun,tue,404,1,999,0,nonexistent,1.4,94.465,-41.8,4.961,5228.1,no
24,blue-collar,married,basic.9y,unknown,no,no,telephone,jun,tue,218,1,999,0,nonexistent,1.4,94.465,-41.8,4.961,5228.1,no
27,blue-collar,married,basic.9y,no,no,no,telephone,jun,tue,121,1,999,0,nonexistent,1.4,94.465,-41.8,4.961,5228.1,no
28,admin.,married,high.school,no,no,no,telephone,jun,tue,98,1,999,0,nonexistent,1.4,94.465,-41.8,4.961,5228.1,no
37,self-employed,married,basic.9y,no,no,no,telephone,jun,tue,243,1,999,0,nonexistent,1.4,94.465,-41.8,4.961,5228.1,no
36,technician,married,university.degree,no,no,no,telephone,jun,tue,181,1,999,0,nonexistent,1.4,94.465,-41.8,4.961,5228.1,no
40,admin.,single,university.degree,unknown,no,no,telephone,jun,tue,99,1,999,0,nonexistent,1.4,94.465,-41.8,4.961,5228.1,no
27,self-employed,single,university.degree,no,no,no,telephone,jun,tue,139,3,999,0,nonexistent,1.4,94.465,-41.8,4.961,5228.1,no
25,blue-collar,married,basic.9y,unknown,no,no,telephone,jun,tue,71,1,999,0,nonexistent,1.4,94.465,-41.8,4.961,5228.1,no
42,services,married,high.school,unknown,no,yes,telephone,jun,tue,214,3,999,0,nonexistent,1.4,94.465,-41.8,4.961,5228.1,no
36,services,divorced,university.degree,no,no,no,telephone,jun,tue,198,1,999,0,nonexistent,1.4,94.465,-41.8,4.961,5228.1,no
39,unemployed,married,university.degree,no,no,no,telephone,jun,tue,132,2,999,0,nonexistent,1.4,94.465,-41.8,4.961,5228.1,no
32,self-employed,married,professional.course,no,no,no,telephone,jun,tue,129,1,999,0,nonexistent,1.4,94.465,-41.8,4.961,5228.1,no
30,technician,married,high.school,unknown,no,no,telephone,jun,tue,491,1,999,0,nonexistent,1.4,94.465,-41.8,4.961,5228.1,no
32,blue-collar,married,basic.4y,unknown,no,no,telephone,jun,tue,135,1,999,0,nonexistent,1.4,94.465,-41.8,4.961,5228.1,no
30,blue-collar,single,basic.4y,no,no,no,telephone,jun,tue,285,1,999,0,nonexistent,1.4,94.465,-41.8,4.961,5228.1,no
50,management,single,university.degree,no,no,no,telephone,jun,tue,255,1,999,0,nonexistent,1.4,94.465,-41.8,4.961,5228.1,no
54,blue-collar,married,basic.9y,unknown,no,no,telephone,jun,tue,72,1,999,0,nonexistent,1.4,94.465,-41.8,4.961,5228.1,no
32,self-employed,married,professional.course,no,no,yes,telephone,jun,tue,705,1,999,0,nonexistent,1.4,94.465,-41.8,4.961,5228.1,no
56,technician,married,professional.course,unknown,no,no,telephone,jun,tue,134,1,999,0,nonexistent,1.4,94.465,-41.8,4.961,5228.1,no
30,admin.,single,high.school,unknown,yes,no,telephone,jun,tue,483,1,999,0,nonexistent,1.4,94.465,-41.8,4.961,5228.1,no
34,admin.,single,high.school,no,no,no,telephone,jun,tue,423,1,999,0,nonexistent,1.4,94.465,-41.8,4.961,5228.1,no
38,admin.,married,university.degree,no,yes,no,telephone,jun,tue,43,9,999,0,nonexistent,1.4,94.465,-41.8,4.961,5228.1,no
49,admin.,divorced,university.degree,no,unknown,unknown,telephone,jun,tue,23,3,999,0,nonexistent,1.4,94.465,-41.8,4.961,5228.1,no
45,blue-collar,single,basic.4y,unknown,no,no,telephone,jun,tue,254,1,999,0,nonexistent,1.4,94.465,-41.8,4.961,5228.1,no
32,unemployed,single,high.school,unknown,no,no,telephone,jun,tue,34,11,999,0,nonexistent,1.4,94.465,-41.8,4.961,5228.1,no
47,blue-collar,married,basic.6y,unknown,yes,no,telephone,jun,tue,388,9,999,0,nonexistent,1.4,94.465,-41.8,4.961,5228.1,no
36,technician,married,university.degree,no,no,no,telephone,jun,tue,107,4,999,0,nonexistent,1.4,94.465,-41.8,4.961,5228.1,no
50,management,married,high.school,unknown,yes,no,telephone,jun,tue,135,1,999,0,nonexistent,1.4,94.465,-41.8,4.961,5228.1,no
37,blue-collar,single,basic.6y,unknown,unknown,unknown,telephone,jun,tue,82,2,999,0,nonexistent,1.4,94.465,-41.8,4.961,5228.1,no
31,blue-collar,married,basic.6y,no,yes,yes,telephone,jun,tue,105,1,999,0,nonexistent,1.4,94.465,-41.8,4.961,5228.1,no
38,admin.,single,basic.9y,no,no,no,telephone,jun,tue,98,1,999,0,nonexistent,1.4,94.465,-41.8,4.961,5228.1,no
45,technician,married,university.degree,no,yes,no,telephone,jun,tue,189,1,999,0,nonexistent,1.4,94.465,-41.8,4.961,5228.1,no
36,unemployed,married,high.school,no,yes,no,telephone,jun,tue,652,2,999,0,nonexistent,1.4,94.465,-41.8,4.961,5228.1,no
38,technician,single,university.degree,no,no,no,telephone,jun,tue,206,1,999,0,nonexistent,1.4,94.465,-41.8,4.961,5228.1,no
36,blue-collar,married,basic.9y,no,unknown,unknown,telephone,jun,tue,174,1,999,0,nonexistent,1.4,94.465,-41.8,4.961,5228.1,no
36,blue-collar,married,basic.9y,no,unknown,unknown,telephone,jun,tue,30,3,999,0,nonexistent,1.4,94.465,-41.8,4.961,5228.1,no
53,management,married,university.degree,unknown,no,no,telephone,jun,tue,68,1,999,0,nonexistent,1.4,94.465,-41.8,4.961,5228.1,no
34,management,married,university.degree,no,yes,no,telephone,jun,tue,150,2,999,0,nonexistent,1.4,94.465,-41.8,4.961,5228.1,no
47,blue-collar,married,basic.9y,unknown,yes,no,telephone,jun,tue,123,1,999,0,nonexistent,1.4,94.465,-41.8,4.961,5228.1,no
49,blue-collar,married,basic.9y,unknown,no,yes,telephone,jun,tue,64,1,999,0,nonexistent,1.4,94.465,-41.8,4.961,5228.1,no
31,technician,single,university.degree,no,no,no,telephone,jun,tue,91,2,999,0,nonexistent,1.4,94.465,-41.8,4.961,5228.1,no
38,management,married,high.school,unknown,yes,no,telephone,jun,tue,77,1,999,0,nonexistent,1.4,94.465,-41.8,4.961,5228.1,no
51,blue-collar,married,basic.4y,unknown,yes,no,telephone,jun,tue,85,1,999,0,nonexistent,1.4,94.465,-41.8,4.961,5228.1,no
39,admin.,divorced,high.school,no,no,no,telephone,jun,tue,139,1,999,0,nonexistent,1.4,94.465,-41.8,4.961,5228.1,no
54,management,married,university.degree,no,yes,no,telephone,jun,tue,89,1,999,0,nonexistent,1.4,94.465,-41.8,4.961,5228.1,no
52,services,married,high.school,no,yes,no,telephone,jun,tue,168,2,999,0,nonexistent,1.4,94.465,-41.8,4.961,5228.1,no
46,blue-collar,married,university.degree,no,yes,yes,telephone,jun,tue,436,5,999,0,nonexistent,1.4,94.465,-41.8,4.961,5228.1,no
41,technician,married,university.degree,no,no,no,telephone,jun,tue,88,2,999,0,nonexistent,1.4,94.465,-41.8,4.961,5228.1,no
38,blue-collar,married,basic.9y,unknown,yes,no,telephone,jun,tue,156,4,999,0,nonexistent,1.4,94.465,-41.8,4.961,5228.1,no
31,services,married,high.school,unknown,yes,no,telephone,jun,tue,157,1,999,0,nonexistent,1.4,94.465,-41.8,4.961,5228.1,no
44,technician,divorced,professional.course,no,no,yes,telephone,jun,tue,50,2,999,0,nonexistent,1.4,94.465,-41.8,4.961,5228.1,no
36,technician,single,university.degree,no,yes,no,telephone,jun,tue,49,1,999,0,nonexistent,1.4,94.465,-41.8,4.961,5228.1,no
27,entrepreneur,single,university.degree,no,no,no,telephone,jun,tue,259,3,999,0,nonexistent,1.4,94.465,-41.8,4.961,5228.1,no
35,blue-collar,married,basic.9y,no,yes,no,telephone,jun,tue,79,1,999,0,nonexistent,1.4,94.465,-41.8,4.961,5228.1,no
37,technician,married,professional.course,unknown,yes,yes,telephone,jun,tue,192,1,999,0,nonexistent,1.4,94.465,-41.8,4.961,5228.1,no
39,blue-collar,married,basic.6y,no,yes,no,telephone,jun,tue,108,1,999,0,nonexistent,1.4,94.465,-41.8,4.961,5228.1,no
33,entrepreneur,married,university.degree,no,yes,no,telephone,jun,tue,187,2,999,0,nonexistent,1.4,94.465,-41.8,4.961,5228.1,no
45,unknown,married,unknown,no,no,no,telephone,jun,tue,164,4,999,0,nonexistent,1.4,94.465,-41.8,4.961,5228.1,no
30,blue-collar,married,basic.6y,no,no,no,telephone,jun,tue,67,1,999,0,nonexistent,1.4,94.465,-41.8,4.961,5228.1,no
44,technician,single,unknown,no,yes,no,telephone,jun,tue,445,2,999,0,nonexistent,1.4,94.465,-41.8,4.961,5228.1,no
32,management,single,university.degree,no,yes,no,telephone,jun,tue,344,2,999,0,nonexistent,1.4,94.465,-41.8,4.961,5228.1,no
37,admin.,married,high.school,no,yes,no,telephone,jun,tue,167,1,999,0,nonexistent,1.4,94.465,-41.8,4.961,5228.1,no
39,unemployed,married,basic.9y,unknown,yes,no,telephone,jun,tue,605,5,999,0,nonexistent,1.4,94.465,-41.8,4.961,5228.1,no
42,blue-collar,divorced,high.school,no,yes,no,telephone,jun,tue,226,1,999,0,nonexistent,1.4,94.465,-41.8,4.961,5228.1,no
30,technician,single,university.degree,no,no,no,telephone,jun,tue,179,2,999,0,nonexistent,1.4,94.465,-41.8,4.961,5228.1,no
33,unemployed,divorced,professional.course,no,yes,no,telephone,jun,tue,353,1,999,0,nonexistent,1.4,94.465,-41.8,4.961,5228.1,no
39,blue-collar,married,basic.9y,unknown,yes,no,telephone,jun,tue,34,2,999,0,nonexistent,1.4,94.465,-41.8,4.961,5228.1,no
43,technician,married,professional.course,no,no,no,telephone,jun,tue,161,1,999,0,nonexistent,1.4,94.465,-41.8,4.961,5228.1,no
56,housemaid,divorced,basic.4y,unknown,yes,no,telephone,jun,tue,77,5,999,0,nonexistent,1.4,94.465,-41.8,4.961,5228.1,no
38,admin.,married,university.degree,no,no,yes,telephone,jun,tue,346,2,999,0,nonexistent,1.4,94.465,-41.8,4.961,5228.1,no
51,blue-collar,married,basic.4y,unknown,no,yes,telephone,jun,tue,781,1,999,0,nonexistent,1.4,94.465,-41.8,4.961,5228.1,yes
44,admin.,divorced,high.school,unknown,no,no,telephone,jun,tue,81,2,999,0,nonexistent,1.4,94.465,-41.8,4.961,5228.1,no
36,management,married,university.degree,no,yes,no,telephone,jun,tue,269,1,999,0,nonexistent,1.4,94.465,-41.8,4.961,5228.1,no
41,services,married,high.school,unknown,yes,yes,telephone,jun,tue,31,1,999,0,nonexistent,1.4,94.465,-41.8,4.961,5228.1,no
39,student,single,unknown,no,yes,no,telephone,jun,tue,367,1,999,0,nonexistent,1.4,94.465,-41.8,4.961,5228.1,no
32,technician,married,professional.course,no,yes,no,telephone,jun,tue,229,1,999,0,nonexistent,1.4,94.465,-41.8,4.961,5228.1,no
49,admin.,single,unknown,unknown,unknown,unknown,telephone,jun,tue,479,1,999,0,nonexistent,1.4,94.465,-41.8,4.961,5228.1,no
47,admin.,married,university.degree,no,no,yes,telephone,jun,tue,24,1,999,0,nonexistent,1.4,94.465,-41.8,4.961,5228.1,no
33,blue-collar,married,basic.9y,no,no,yes,telephone,jun,tue,16,3,999,0,nonexistent,1.4,94.465,-41.8,4.961,5228.1,no
47,technician,married,professional.course,no,no,no,telephone,jun,tue,88,2,999,0,nonexistent,1.4,94.465,-41.8,4.961,5228.1,no
45,admin.,divorced,university.degree,unknown,yes,no,telephone,jun,tue,205,1,999,0,nonexistent,1.4,94.465,-41.8,4.961,5228.1,no
38,blue-collar,married,professional.course,no,no,no,telephone,jun,tue,291,1,999,0,nonexistent,1.4,94.465,-41.8,4.961,5228.1,no
57,housemaid,married,basic.6y,unknown,no,no,telephone,jun,tue,986,1,999,0,nonexistent,1.4,94.465,-41.8,4.961,5228.1,no
31,admin.,married,high.school,no,yes,no,telephone,jun,tue,166,2,999,0,nonexistent,1.4,94.465,-41.8,4.961,5228.1,no
35,blue-collar,married,basic.6y,no,no,no,telephone,jun,tue,92,1,999,0,nonexistent,1.4,94.465,-41.8,4.961,5228.1,no
57,management,divorced,university.degree,unknown,yes,yes,telephone,jun,tue,236,2,999,0,nonexistent,1.4,94.465,-41.8,4.961,5228.1,no
30,technician,single,professional.course,no,no,no,telephone,jun,tue,19,4,999,0,nonexistent,1.4,94.465,-41.8,4.961,5228.1,no
50,admin.,married,university.degree,unknown,yes,no,telephone,jun,tue,93,2,999,0,nonexistent,1.4,94.465,-41.8,4.961,5228.1,no
32,admin.,single,university.degree,no,yes,no,telephone,jun,tue,1162,2,999,0,nonexistent,1.4,94.465,-41.8,4.961,5228.1,no
28,entrepreneur,married,basic.9y,no,yes,no,telephone,jun,tue,1848,1,999,0,nonexistent,1.4,94.465,-41.8,4.961,5228.1,yes
30,self-employed,single,university.degree,no,no,yes,telephone,jun,tue,74,6,999,0,nonexistent,1.4,94.465,-41.8,4.961,5228.1,no
37,management,married,university.degree,no,no,no,telephone,jun,tue,490,4,999,0,nonexistent,1.4,94.465,-41.8,4.961,5228.1,yes
50,services,divorced,high.school,no,no,no,telephone,jun,tue,291,2,999,0,nonexistent,1.4,94.465,-41.8,4.961,5228.1,no
31,blue-collar,married,basic.9y,unknown,yes,no,telephone,jun,tue,1051,3,999,0,nonexistent,1.4,94.465,-41.8,4.961,5228.1,yes
27,housemaid,married,basic.9y,unknown,yes,no,telephone,jun,tue,614,4,999,0,nonexistent,1.4,94.465,-41.8,4.961,5228.1,no
35,services,single,high.school,unknown,yes,no,telephone,jun,tue,437,2,999,0,nonexistent,1.4,94.465,-41.8,4.961,5228.1,no
22,student,single,high.school,no,unknown,unknown,telephone,jun,tue,1199,2,999,0,nonexistent,1.4,94.465,-41.8,4.961,5228.1,no
50,blue-collar,married,basic.4y,unknown,no,no,telephone,jun,tue,209,3,999,0,nonexistent,1.4,94.465,-41.8,4.961,5228.1,no
25,unemployed,single,high.school,unknown,yes,no,telephone,jun,tue,292,3,999,0,nonexistent,1.4,94.465,-41.8,4.961,5228.1,no
57,management,married,university.degree,unknown,yes,no,telephone,jun,tue,412,7,999,0,nonexistent,1.4,94.465,-41.8,4.961,5228.1,no
50,blue-collar,divorced,basic.9y,unknown,no,no,telephone,jun,tue,108,6,999,0,nonexistent,1.4,94.465,-41.8,4.961,5228.1,no
43,admin.,single,high.school,no,no,yes,telephone,jun,tue,495,2,999,0,nonexistent,1.4,94.465,-41.8,4.961,5228.1,no
60,self-employed,married,professional.course,unknown,no,no,telephone,jun,tue,247,5,999,0,nonexistent,1.4,94.465,-41.8,4.961,5228.1,no
44,technician,married,professional.course,no,yes,no,telephone,jun,tue,57,2,999,0,nonexistent,1.4,94.465,-41.8,4.961,5228.1,no
33,services,married,high.school,unknown,yes,no,telephone,jun,tue,1345,3,999,0,nonexistent,1.4,94.465,-41.8,4.961,5228.1,yes
55,retired,married,professional.course,no,no,yes,telephone,jun,tue,107,4,999,0,nonexistent,1.4,94.465,-41.8,4.961,5228.1,no
45,blue-collar,married,basic.6y,unknown,no,no,telephone,jun,tue,171,4,999,0,nonexistent,1.4,94.465,-41.8,4.961,5228.1,no
33,technician,single,professional.course,no,yes,no,telephone,jun,tue,66,4,999,0,nonexistent,1.4,94.465,-41.8,4.961,5228.1,no
56,unemployed,divorced,university.degree,unknown,yes,no,telephone,jun,tue,447,3,999,0,nonexistent,1.4,94.465,-41.8,4.961,5228.1,no
53,blue-collar,married,basic.9y,no,no,yes,telephone,jun,tue,668,8,999,0,nonexistent,1.4,94.465,-41.8,4.961,5228.1,no
28,student,single,high.school,unknown,no,no,telephone,jun,tue,256,9,999,0,nonexistent,1.4,94.465,-41.8,4.961,5228.1,no
52,blue-collar,divorced,high.school,no,no,no,telephone,jun,tue,676,2,999,0,nonexistent,1.4,94.465,-41.8,4.961,5228.1,yes
27,services,single,high.school,no,yes,no,telephone,jun,tue,170,2,999,0,nonexistent,1.4,94.465,-41.8,4.961,5228.1,no
28,technician,single,professional.course,no,no,yes,telephone,jun,tue,63,2,999,0,nonexistent,1.4,94.465,-41.8,4.961,5228.1,no
40,technician,married,basic.9y,unknown,yes,no,telephone,jun,tue,168,2,999,0,nonexistent,1.4,94.465,-41.8,4.961,5228.1,no
59,blue-collar,married,basic.6y,no,yes,no,telephone,jun,tue,133,2,999,0,nonexistent,1.4,94.465,-41.8,4.961,5228.1,no
32,blue-collar,married,basic.9y,no,yes,yes,telephone,jun,tue,118,3,999,0,nonexistent,1.4,94.465,-41.8,4.961,5228.1,no
38,admin.,single,unknown,unknown,no,no,telephone,jun,tue,681,2,999,0,nonexistent,1.4,94.465,-41.8,4.961,5228.1,no
47,technician,married,professional.course,no,yes,no,telephone,jun,tue,59,6,999,0,nonexistent,1.4,94.465,-41.8,4.961,5228.1,no
37,services,divorced,high.school,no,yes,no,telephone,jun,tue,42,4,999,0,nonexistent,1.4,94.465,-41.8,4.961,5228.1,no
32,self-employed,married,basic.9y,no,yes,yes,telephone,jun,tue,408,2,999,0,nonexistent,1.4,94.465,-41.8,4.961,5228.1,no
48,blue-collar,married,unknown,unknown,yes,yes,telephone,jun,tue,127,2,999,0,nonexistent,1.4,94.465,-41.8,4.961,5228.1,no
39,blue-collar,married,high.school,no,yes,yes,telephone,jun,tue,314,2,999,0,nonexistent,1.4,94.465,-41.8,4.961,5228.1,no
33,admin.,married,university.degree,no,no,yes,telephone,jun,tue,277,2,999,0,nonexistent,1.4,94.465,-41.8,4.961,5228.1,no
36,entrepreneur,single,university.degree,no,no,no,telephone,jun,tue,140,2,999,0,nonexistent,1.4,94.465,-41.8,4.961,5228.1,no
30,entrepreneur,married,professional.course,no,yes,no,telephone,jun,tue,775,3,999,0,nonexistent,1.4,94.465,-41.8,4.961,5228.1,yes
30,self-employed,single,university.degree,no,yes,no,telephone,jun,tue,2621,3,999,0,nonexistent,1.4,94.465,-41.8,4.961,5228.1,yes
33,admin.,married,high.school,no,no,no,telephone,jun,tue,96,2,999,0,nonexistent,1.4,94.465,-41.8,4.961,5228.1,no
50,admin.,married,high.school,no,yes,no,telephone,jun,tue,167,2,999,0,nonexistent,1.4,94.465,-41.8,4.961,5228.1,no
29,services,married,high.school,no,no,no,telephone,jun,tue,200,2,999,0,nonexistent,1.4,94.465,-41.8,4.961,5228.1,no
46,services,married,professional.course,no,no,no,telephone,jun,tue,75,3,999,0,nonexistent,1.4,94.465,-41.8,4.961,5228.1,no
22,services,single,basic.4y,no,yes,no,telephone,jun,tue,249,2,999,0,nonexistent,1.4,94.465,-41.8,4.961,5228.1,no
45,management,married,university.degree,no,yes,no,telephone,jun,tue,134,7,999,0,nonexistent,1.4,94.465,-41.8,4.961,5228.1,no
47,admin.,married,university.degree,no,yes,no,telephone,jun,tue,50,2,999,0,nonexistent,1.4,94.465,-41.8,4.961,5228.1,no
42,self-employed,married,unknown,no,yes,no,telephone,jun,tue,60,3,999,0,nonexistent,1.4,94.465,-41.8,4.961,5228.1,no
39,unemployed,married,professional.course,unknown,no,no,telephone,jun,tue,320,4,999,0,nonexistent,1.4,94.465,-41.8,4.961,5228.1,no
37,technician,married,professional.course,no,no,no,telephone,jun,tue,854,3,999,0,nonexistent,1.4,94.465,-41.8,4.961,5228.1,no
51,services,married,high.school,no,no,no,telephone,jun,tue,236,2,999,0,nonexistent,1.4,94.465,-41.8,4.961,5228.1,no
55,technician,married,basic.9y,no,yes,no,telephone,jun,tue,183,2,999,0,nonexistent,1.4,94.465,-41.8,4.961,5228.1,no
43,technician,married,professional.course,no,yes,no,telephone,jun,tue,41,2,999,0,nonexistent,1.4,94.465,-41.8,4.961,5228.1,no
32,services,married,basic.9y,no,no,no,telephone,jun,tue,138,3,999,0,nonexistent,1.4,94.465,-41.8,4.961,5228.1,no
43,admin.,married,university.degree,no,yes,no,telephone,jun,tue,411,6,999,0,nonexistent,1.4,94.465,-41.8,4.961,5228.1,no
56,retired,married,basic.4y,no,no,no,telephone,jun,tue,394,3,999,0,nonexistent,1.4,94.465,-41.8,4.961,5228.1,no
26,blue-collar,married,basic.9y,no,yes,no,telephone,jun,tue,209,3,999,0,nonexistent,1.4,94.465,-41.8,4.961,5228.1,no
26,admin.,married,high.school,no,yes,no,telephone,jun,tue,266,2,999,0,nonexistent,1.4,94.465,-41.8,4.961,5228.1,no
36,self-employed,married,university.degree,no,yes,no,telephone,jun,tue,134,7,999,0,nonexistent,1.4,94.465,-41.8,4.961,5228.1,no
38,admin.,married,university.degree,no,no,no,telephone,jun,tue,311,2,999,0,nonexistent,1.4,94.465,-41.8,4.961,5228.1,no
28,blue-collar,married,basic.6y,unknown,yes,no,telephone,jun,tue,89,2,999,0,nonexistent,1.4,94.465,-41.8,4.961,5228.1,no
39,admin.,married,high.school,no,no,no,telephone,jun,tue,93,6,999,0,nonexistent,1.4,94.465,-41.8,4.961,5228.1,no
50,management,married,basic.4y,unknown,no,no,telephone,jun,tue,847,3,999,0,nonexistent,1.4,94.465,-41.8,4.961,5228.1,no
50,housemaid,divorced,basic.4y,unknown,yes,yes,telephone,jun,tue,273,27,999,0,nonexistent,1.4,94.465,-41.8,4.961,5228.1,no
33,admin.,single,high.school,unknown,no,yes,telephone,jun,tue,162,7,999,0,nonexistent,1.4,94.465,-41.8,4.961,5228.1,no
54,admin.,divorced,university.degree,no,no,no,telephone,jun,tue,213,4,999,0,nonexistent,1.4,94.465,-41.8,4.961,5228.1,no
33,admin.,single,university.degree,no,yes,no,telephone,jun,tue,61,2,999,0,nonexistent,1.4,94.465,-41.8,4.961,5228.1,no
27,technician,single,high.school,no,no,no,telephone,jun,tue,187,2,999,0,nonexistent,1.4,94.465,-41.8,4.961,5228.1,no
57,blue-collar,married,basic.4y,unknown,no,no,telephone,jun,tue,332,5,999,0,nonexistent,1.4,94.465,-41.8,4.961,5228.1,no
34,entrepreneur,single,professional.course,no,no,no,telephone,jun,tue,76,2,999,0,nonexistent,1.4,94.465,-41.8,4.961,5228.1,no
50,blue-collar,single,basic.9y,unknown,no,no,telephone,jun,tue,756,2,999,0,nonexistent,1.4,94.465,-41.8,4.961,5228.1,no
45,blue-collar,married,basic.6y,unknown,yes,no,telephone,jun,tue,117,2,999,0,nonexistent,1.4,94.465,-41.8,4.961,5228.1,no
40,entrepreneur,married,basic.4y,unknown,yes,no,telephone,jun,tue,76,6,999,0,nonexistent,1.4,94.465,-41.8,4.961,5228.1,no
41,management,married,basic.6y,no,no,yes,telephone,jun,tue,271,2,999,0,nonexistent,1.4,94.465,-41.8,4.961,5228.1,no
58,admin.,single,professional.course,unknown,no,no,telephone,jun,tue,203,2,999,0,nonexistent,1.4,94.465,-41.8,4.961,5228.1,no
36,blue-collar,married,university.degree,unknown,no,no,telephone,jun,tue,338,2,999,0,nonexistent,1.4,94.465,-41.8,4.961,5228.1,no
36,admin.,single,university.degree,no,no,no,telephone,jun,tue,70,10,999,0,nonexistent,1.4,94.465,-41.8,4.961,5228.1,no
37,admin.,married,university.degree,no,no,no,telephone,jun,tue,198,6,999,0,nonexistent,1.4,94.465,-41.8,4.961,5228.1,no
37,technician,married,high.school,no,yes,no,telephone,jun,tue,398,4,999,0,nonexistent,1.4,94.465,-41.8,4.961,5228.1,no
42,admin.,married,high.school,unknown,no,no,telephone,jun,tue,956,2,999,0,nonexistent,1.4,94.465,-41.8,4.961,5228.1,no
39,blue-collar,married,basic.4y,unknown,no,no,telephone,jun,tue,264,16,999,0,nonexistent,1.4,94.465,-41.8,4.961,5228.1,no
30,blue-collar,married,basic.4y,no,no,no,telephone,jun,tue,89,4,999,0,nonexistent,1.4,94.465,-41.8,4.961,5228.1,no
39,entrepreneur,married,high.school,no,no,no,telephone,jun,tue,135,6,999,0,nonexistent,1.4,94.465,-41.8,4.961,5228.1,no
40,services,single,high.school,no,no,no,telephone,jun,tue,420,4,999,0,nonexistent,1.4,94.465,-41.8,4.961,5228.1,no
37,technician,single,high.school,unknown,no,no,telephone,jun,tue,548,3,999,0,nonexistent,1.4,94.465,-41.8,4.961,5228.1,no
56,admin.,married,unknown,no,yes,no,telephone,jun,tue,87,2,999,0,nonexistent,1.4,94.465,-41.8,4.961,5228.1,no
43,blue-collar,married,basic.6y,no,yes,no,telephone,jun,tue,169,4,999,0,nonexistent,1.4,94.465,-41.8,4.961,5228.1,no
31,management,married,high.school,no,yes,yes,telephone,jun,tue,343,2,999,0,nonexistent,1.4,94.465,-41.8,4.961,5228.1,no
42,unemployed,married,professional.course,no,yes,no,telephone,jun,tue,88,2,999,0,nonexistent,1.4,94.465,-41.8,4.961,5228.1,no
26,admin.,single,basic.4y,no,yes,yes,telephone,jun,tue,68,6,999,0,nonexistent,1.4,94.465,-41.8,4.961,5228.1,no
39,services,married,high.school,no,no,no,telephone,jun,tue,77,2,999,0,nonexistent,1.4,94.465,-41.8,4.961,5228.1,no
42,management,married,basic.9y,no,yes,no,telephone,jun,tue,116,3,999,0,nonexistent,1.4,94.465,-41.8,4.961,5228.1,no
30,blue-collar,divorced,basic.9y,no,yes,no,telephone,jun,tue,116,3,999,0,nonexistent,1.4,94.465,-41.8,4.961,5228.1,no
42,blue-collar,married,basic.6y,unknown,no,no,telephone,jun,tue,311,2,999,0,nonexistent,1.4,94.465,-41.8,4.961,5228.1,no
45,unknown,married,unknown,unknown,yes,yes,telephone,jun,tue,138,5,999,0,nonexistent,1.4,94.465,-41.8,4.961,5228.1,no
44,blue-collar,married,high.school,unknown,no,no,telephone,jun,tue,390,2,999,0,nonexistent,1.4,94.465,-41.8,4.961,5228.1,no
28,management,married,high.school,unknown,no,no,telephone,jun,tue,61,6,999,0,nonexistent,1.4,94.465,-41.8,4.961,5228.1,no
45,blue-collar,married,basic.4y,unknown,no,yes,telephone,jun,tue,65,2,999,0,nonexistent,1.4,94.465,-41.8,4.961,5228.1,no
35,unemployed,divorced,basic.4y,no,yes,yes,telephone,jun,tue,637,3,999,0,nonexistent,1.4,94.465,-41.8,4.961,5228.1,no
37,technician,single,university.degree,no,yes,no,telephone,jun,tue,117,3,999,0,nonexistent,1.4,94.465,-41.8,4.961,5228.1,no
24,admin.,single,university.degree,no,yes,no,telephone,jun,tue,128,21,999,0,nonexistent,1.4,94.465,-41.8,4.961,5228.1,no
30,technician,married,university.degree,unknown,no,no,telephone,jun,tue,130,6,999,0,nonexistent,1.4,94.465,-41.8,4.961,5228.1,no
43,blue-collar,married,basic.6y,unknown,yes,yes,telephone,jun,tue,193,3,999,0,nonexistent,1.4,94.465,-41.8,4.961,5228.1,no
32,technician,divorced,professional.course,no,yes,no,telephone,jun,tue,269,3,999,0,nonexistent,1.4,94.465,-41.8,4.961,5228.1,no
36,admin.,single,high.school,no,yes,no,telephone,jun,tue,150,7,999,0,nonexistent,1.4,94.465,-41.8,4.961,5228.1,no
44,admin.,divorced,high.school,no,no,no,telephone,jun,tue,132,4,999,0,nonexistent,1.4,94.465,-41.8,4.961,5228.1,no
45,management,married,university.degree,no,yes,no,telephone,jun,tue,228,2,999,0,nonexistent,1.4,94.465,-41.8,4.961,5228.1,no
29,technician,divorced,university.degree,no,no,yes,telephone,jun,tue,585,2,999,0,nonexistent,1.4,94.465,-41.8,4.961,5228.1,no
37,blue-collar,single,university.degree,no,no,no,telephone,jun,tue,229,7,999,0,nonexistent,1.4,94.465,-41.8,4.961,5228.1,no
55,housemaid,married,university.degree,no,yes,no,telephone,jun,tue,441,3,999,0,nonexistent,1.4,94.465,-41.8,4.961,5228.1,no
38,blue-collar,divorced,basic.6y,no,yes,no,telephone,jun,wed,60,6,999,0,nonexistent,1.4,94.465,-41.8,4.962,5228.1,no
59,admin.,married,university.degree,no,yes,no,telephone,jun,wed,47,2,999,0,nonexistent,1.4,94.465,-41.8,4.962,5228.1,no
32,self-employed,divorced,professional.course,unknown,yes,no,telephone,jun,wed,235,3,999,0,nonexistent,1.4,94.465,-41.8,4.962,5228.1,no
58,blue-collar,married,high.school,no,no,no,telephone,jun,wed,270,3,999,0,nonexistent,1.4,94.465,-41.8,4.962,5228.1,no
32,blue-collar,married,basic.9y,unknown,yes,no,telephone,jun,wed,192,5,999,0,nonexistent,1.4,94.465,-41.8,4.962,5228.1,no
54,blue-collar,married,high.school,no,yes,yes,telephone,jun,wed,26,7,999,0,nonexistent,1.4,94.465,-41.8,4.962,5228.1,no
49,blue-collar,married,basic.4y,unknown,yes,no,telephone,jun,wed,61,7,999,0,nonexistent,1.4,94.465,-41.8,4.962,5228.1,no
43,services,married,high.school,no,no,no,telephone,jun,wed,386,5,999,0,nonexistent,1.4,94.465,-41.8,4.962,5228.1,no
36,admin.,divorced,high.school,no,yes,no,telephone,jun,wed,54,4,999,0,nonexistent,1.4,94.465,-41.8,4.962,5228.1,no
52,admin.,married,university.degree,unknown,yes,no,telephone,jun,wed,272,3,999,0,nonexistent,1.4,94.465,-41.8,4.962,5228.1,no
43,technician,single,professional.course,no,unknown,unknown,telephone,jun,wed,35,3,999,0,nonexistent,1.4,94.465,-41.8,4.962,5228.1,no
28,admin.,single,high.school,no,no,no,telephone,jun,wed,284,8,999,0,nonexistent,1.4,94.465,-41.8,4.962,5228.1,no
42,housemaid,married,unknown,unknown,yes,no,telephone,jun,wed,311,5,999,0,nonexistent,1.4,94.465,-41.8,4.962,5228.1,no
38,blue-collar,married,basic.9y,no,no,yes,telephone,jun,wed,151,3,999,0,nonexistent,1.4,94.465,-41.8,4.962,5228.1,no
34,technician,married,university.degree,no,yes,no,telephone,jun,wed,250,2,999,0,nonexistent,1.4,94.465,-41.8,4.962,5228.1,no
30,management,single,university.degree,no,yes,no,telephone,jun,wed,66,1,999,0,nonexistent,1.4,94.465,-41.8,4.962,5228.1,no
51,technician,married,high.school,no,no,yes,telephone,jun,wed,137,6,999,0,nonexistent,1.4,94.465,-41.8,4.962,5228.1,no
43,admin.,married,high.school,unknown,no,no,telephone,jun,wed,30,1,999,0,nonexistent,1.4,94.465,-41.8,4.962,5228.1,no
26,admin.,single,high.school,no,no,no,telephone,jun,wed,72,1,999,0,nonexistent,1.4,94.465,-41.8,4.962,5228.1,no
35,admin.,married,university.degree,no,yes,no,telephone,jun,wed,284,4,999,0,nonexistent,1.4,94.465,-41.8,4.962,5228.1,no
24,entrepreneur,married,university.degree,no,yes,yes,telephone,jun,wed,126,4,999,0,nonexistent,1.4,94.465,-41.8,4.962,5228.1,no
51,blue-collar,divorced,basic.4y,no,no,no,telephone,jun,wed,120,1,999,0,nonexistent,1.4,94.465,-41.8,4.962,5228.1,no
45,entrepreneur,married,university.degree,unknown,no,no,telephone,jun,wed,262,9,999,0,nonexistent,1.4,94.465,-41.8,4.962,5228.1,no
46,unemployed,divorced,basic.9y,no,no,no,telephone,jun,wed,283,3,999,0,nonexistent,1.4,94.465,-41.8,4.962,5228.1,no
44,admin.,single,high.school,no,no,no,telephone,jun,wed,295,1,999,0,nonexistent,1.4,94.465,-41.8,4.962,5228.1,no
30,admin.,married,university.degree,no,no,yes,telephone,jun,wed,18,1,999,0,nonexistent,1.4,94.465,-41.8,4.962,5228.1,no
33,blue-collar,single,basic.9y,no,yes,no,telephone,jun,wed,18,1,999,0,nonexistent,1.4,94.465,-41.8,4.962,5228.1,no
31,blue-collar,single,basic.9y,no,no,no,telephone,jun,wed,350,7,999,0,nonexistent,1.4,94.465,-41.8,4.962,5228.1,no
47,blue-collar,single,basic.4y,unknown,no,no,telephone,jun,wed,190,1,999,0,nonexistent,1.4,94.465,-41.8,4.962,5228.1,no
57,retired,married,unknown,unknown,yes,no,telephone,jun,wed,54,1,999,0,nonexistent,1.4,94.465,-41.8,4.962,5228.1,no
36,blue-collar,single,high.school,no,yes,no,telephone,jun,wed,835,1,999,0,nonexistent,1.4,94.465,-41.8,4.962,5228.1,yes
30,services,married,high.school,no,yes,no,telephone,jun,wed,421,2,999,0,nonexistent,1.4,94.465,-41.8,4.962,5228.1,no
40,blue-collar,divorced,basic.9y,unknown,unknown,unknown,telephone,jun,wed,104,1,999,0,nonexistent,1.4,94.465,-41.8,4.962,5228.1,no
45,entrepreneur,married,unknown,no,no,no,telephone,jun,wed,89,5,999,0,nonexistent,1.4,94.465,-41.8,4.962,5228.1,no
29,technician,single,high.school,no,no,no,telephone,jun,wed,112,3,999,0,nonexistent,1.4,94.465,-41.8,4.962,5228.1,no
37,management,married,university.degree,no,yes,no,telephone,jun,wed,744,3,999,0,nonexistent,1.4,94.465,-41.8,4.962,5228.1,no
45,blue-collar,married,unknown,unknown,no,no,telephone,jun,wed,503,11,999,0,nonexistent,1.4,94.465,-41.8,4.962,5228.1,no
48,technician,married,professional.course,unknown,yes,no,telephone,jun,wed,321,2,999,0,nonexistent,1.4,94.465,-41.8,4.962,5228.1,no
35,admin.,divorced,basic.9y,unknown,yes,no,telephone,jun,wed,24,10,999,0,nonexistent,1.4,94.465,-41.8,4.962,5228.1,no
34,admin.,married,university.degree,no,yes,no,telephone,jun,wed,102,4,999,0,nonexistent,1.4,94.465,-41.8,4.962,5228.1,no
42,technician,married,basic.6y,no,yes,no,telephone,jun,wed,261,3,999,0,nonexistent,1.4,94.465,-41.8,4.962,5228.1,no
32,admin.,single,high.school,unknown,no,no,telephone,jun,wed,213,5,999,0,nonexistent,1.4,94.465,-41.8,4.962,5228.1,no
31,technician,married,professional.course,no,no,no,telephone,jun,wed,371,2,999,0,nonexistent,1.4,94.465,-41.8,4.962,5228.1,yes
38,admin.,single,university.degree,no,yes,no,telephone,jun,wed,190,2,999,0,nonexistent,1.4,94.465,-41.8,4.962,5228.1,no
30,blue-collar,married,basic.6y,no,no,no,telephone,jun,wed,114,4,999,0,nonexistent,1.4,94.465,-41.8,4.962,5228.1,no
54,housemaid,married,basic.4y,unknown,no,no,telephone,jun,wed,221,5,999,0,nonexistent,1.4,94.465,-41.8,4.962,5228.1,no
25,blue-collar,single,basic.9y,no,no,no,telephone,jun,wed,680,2,999,0,nonexistent,1.4,94.465,-41.8,4.962,5228.1,no
25,services,single,professional.course,no,no,no,telephone,jun,wed,185,4,999,0,nonexistent,1.4,94.465,-41.8,4.962,5228.1,no
51,unemployed,divorced,university.degree,unknown,yes,yes,telephone,jun,wed,110,2,999,0,nonexistent,1.4,94.465,-41.8,4.962,5228.1,no
47,services,married,high.school,no,unknown,unknown,telephone,jun,wed,347,4,999,0,nonexistent,1.4,94.465,-41.8,4.962,5228.1,no
35,technician,single,professional.course,no,no,no,telephone,jun,wed,394,3,999,0,nonexistent,1.4,94.465,-41.8,4.962,5228.1,no
51,blue-collar,single,basic.9y,unknown,yes,no,telephone,jun,wed,573,2,999,0,nonexistent,1.4,94.465,-41.8,4.962,5228.1,no
28,technician,single,university.degree,unknown,no,no,telephone,jun,wed,262,2,999,0,nonexistent,1.4,94.465,-41.8,4.962,5228.1,no
34,services,married,basic.9y,no,no,no,telephone,jun,wed,37,3,999,0,nonexistent,1.4,94.465,-41.8,4.962,5228.1,no
27,blue-collar,married,basic.4y,unknown,no,no,telephone,jun,wed,72,3,999,0,nonexistent,1.4,94.465,-41.8,4.962,5228.1,no
31,services,married,high.school,no,yes,no,telephone,jun,wed,417,3,999,0,nonexistent,1.4,94.465,-41.8,4.962,5228.1,no
35,technician,married,professional.course,no,no,no,telephone,jun,wed,1528,2,999,0,nonexistent,1.4,94.465,-41.8,4.962,5228.1,yes
56,management,married,university.degree,no,no,no,telephone,jun,wed,154,4,999,0,nonexistent,1.4,94.465,-41.8,4.962,5228.1,no
31,services,single,basic.6y,no,no,no,telephone,jun,wed,533,3,999,0,nonexistent,1.4,94.465,-41.8,4.962,5228.1,no
41,blue-collar,divorced,basic.4y,no,yes,no,telephone,jun,wed,122,1,999,0,nonexistent,1.4,94.465,-41.8,4.962,5228.1,no
58,blue-collar,married,basic.4y,unknown,yes,no,telephone,jun,wed,23,3,999,0,nonexistent,1.4,94.465,-41.8,4.962,5228.1,no
38,blue-collar,married,basic.6y,unknown,no,yes,telephone,jun,wed,82,1,999,0,nonexistent,1.4,94.465,-41.8,4.962,5228.1,no
47,services,married,high.school,unknown,yes,yes,telephone,jun,wed,55,1,999,0,nonexistent,1.4,94.465,-41.8,4.962,5228.1,no
46,blue-collar,married,basic.4y,unknown,no,no,telephone,jun,wed,67,1,999,0,nonexistent,1.4,94.465,-41.8,4.962,5228.1,no
56,retired,married,high.school,unknown,no,no,telephone,jun,wed,83,1,999,0,nonexistent,1.4,94.465,-41.8,4.962,5228.1,no
47,services,married,high.school,unknown,no,no,telephone,jun,wed,311,1,999,0,nonexistent,1.4,94.465,-41.8,4.962,5228.1,no
33,admin.,single,high.school,no,no,yes,telephone,jun,wed,113,1,999,0,nonexistent,1.4,94.465,-41.8,4.962,5228.1,no
55,technician,married,professional.course,unknown,yes,no,telephone,jun,wed,59,1,999,0,nonexistent,1.4,94.465,-41.8,4.962,5228.1,no
56,retired,married,high.school,unknown,yes,no,telephone,jun,wed,367,1,999,0,nonexistent,1.4,94.465,-41.8,4.962,5228.1,no
32,blue-collar,married,high.school,no,no,no,telephone,jun,wed,220,1,999,0,nonexistent,1.4,94.465,-41.8,4.962,5228.1,no
41,blue-collar,married,basic.6y,no,no,no,telephone,jun,wed,15,1,999,0,nonexistent,1.4,94.465,-41.8,4.962,5228.1,no
52,self-employed,married,professional.course,unknown,no,yes,telephone,jun,wed,56,1,999,0,nonexistent,1.4,94.465,-41.8,4.962,5228.1,no
29,admin.,married,high.school,no,no,yes,telephone,jun,wed,97,8,999,0,nonexistent,1.4,94.465,-41.8,4.962,5228.1,no
41,admin.,divorced,high.school,no,yes,no,telephone,jun,wed,199,1,999,0,nonexistent,1.4,94.465,-41.8,4.962,5228.1,no
23,blue-collar,married,professional.course,unknown,no,no,telephone,jun,wed,94,1,999,0,nonexistent,1.4,94.465,-41.8,4.962,5228.1,no
51,blue-collar,divorced,unknown,unknown,no,no,telephone,jun,wed,15,1,999,0,nonexistent,1.4,94.465,-41.8,4.962,5228.1,no
36,services,single,high.school,no,no,no,telephone,jun,wed,142,1,999,0,nonexistent,1.4,94.465,-41.8,4.962,5228.1,no
51,blue-collar,divorced,unknown,unknown,no,no,telephone,jun,wed,220,1,999,0,nonexistent,1.4,94.465,-41.8,4.962,5228.1,no
35,technician,married,professional.course,no,no,no,telephone,jun,wed,417,1,999,0,nonexistent,1.4,94.465,-41.8,4.962,5228.1,no
32,services,married,high.school,no,yes,no,telephone,jun,wed,443,1,999,0,nonexistent,1.4,94.465,-41.8,4.962,5228.1,no
41,services,married,basic.9y,no,yes,no,telephone,jun,wed,115,1,999,0,nonexistent,1.4,94.465,-41.8,4.962,5228.1,no
43,self-employed,married,university.degree,unknown,yes,yes,telephone,jun,wed,1487,1,999,0,nonexistent,1.4,94.465,-41.8,4.962,5228.1,no
54,retired,single,basic.4y,unknown,no,no,telephone,jun,wed,68,1,999,0,nonexistent,1.4,94.465,-41.8,4.962,5228.1,no
25,admin.,single,high.school,no,yes,no,telephone,jun,wed,54,3,999,0,nonexistent,1.4,94.465,-41.8,4.962,5228.1,no
36,admin.,married,high.school,no,yes,no,telephone,jun,wed,159,1,999,0,nonexistent,1.4,94.465,-41.8,4.962,5228.1,no
36,admin.,married,high.school,no,yes,no,telephone,jun,wed,335,1,999,0,nonexistent,1.4,94.465,-41.8,4.962,5228.1,no
42,admin.,divorced,university.degree,no,no,no,telephone,jun,wed,104,1,999,0,nonexistent,1.4,94.465,-41.8,4.962,5228.1,no
50,management,married,university.degree,no,yes,no,telephone,jun,wed,300,1,999,0,nonexistent,1.4,94.465,-41.8,4.962,5228.1,no
42,admin.,divorced,university.degree,no,yes,no,telephone,jun,wed,163,1,999,0,nonexistent,1.4,94.465,-41.8,4.962,5228.1,no
32,admin.,married,high.school,no,no,no,telephone,jun,wed,103,1,999,0,nonexistent,1.4,94.465,-41.8,4.962,5228.1,no
51,services,married,high.school,unknown,no,yes,telephone,jun,wed,269,1,999,0,nonexistent,1.4,94.465,-41.8,4.962,5228.1,no
39,blue-collar,divorced,basic.9y,no,yes,no,telephone,jun,wed,187,1,999,0,nonexistent,1.4,94.465,-41.8,4.962,5228.1,no
43,blue-collar,married,basic.6y,no,yes,no,telephone,jun,wed,1540,1,999,0,nonexistent,1.4,94.465,-41.8,4.962,5228.1,yes
39,blue-collar,divorced,basic.9y,no,yes,no,telephone,jun,wed,310,1,999,0,nonexistent,1.4,94.465,-41.8,4.962,5228.1,no
41,services,married,basic.9y,no,yes,no,telephone,jun,wed,147,1,999,0,nonexistent,1.4,94.465,-41.8,4.962,5228.1,no
34,admin.,single,high.school,no,no,yes,telephone,jun,wed,129,1,999,0,nonexistent,1.4,94.465,-41.8,4.962,5228.1,no
36,admin.,married,high.school,no,yes,yes,telephone,jun,wed,208,1,999,0,nonexistent,1.4,94.465,-41.8,4.962,5228.1,no
28,services,single,high.school,no,no,no,telephone,jun,wed,124,1,999,0,nonexistent,1.4,94.465,-41.8,4.962,5228.1,no
49,housemaid,divorced,basic.4y,no,no,no,telephone,jun,wed,67,1,999,0,nonexistent,1.4,94.465,-41.8,4.962,5228.1,no
31,blue-collar,married,basic.9y,no,no,no,telephone,jun,wed,1218,1,999,0,nonexistent,1.4,94.465,-41.8,4.962,5228.1,no
25,housemaid,married,basic.4y,no,no,no,telephone,jun,wed,362,1,999,0,nonexistent,1.4,94.465,-41.8,4.962,5228.1,no
29,management,married,university.degree,no,no,no,telephone,jun,wed,973,1,999,0,nonexistent,1.4,94.465,-41.8,4.962,5228.1,yes
56,blue-collar,married,basic.4y,unknown,no,no,telephone,jun,wed,36,4,999,0,nonexistent,1.4,94.465,-41.8,4.962,5228.1,no
54,blue-collar,divorced,basic.4y,unknown,no,yes,telephone,jun,wed,138,1,999,0,nonexistent,1.4,94.465,-41.8,4.962,5228.1,no
31,admin.,married,high.school,no,yes,no,telephone,jun,wed,132,6,999,0,nonexistent,1.4,94.465,-41.8,4.962,5228.1,no
27,technician,married,university.degree,no,yes,yes,telephone,jun,wed,55,10,999,0,nonexistent,1.4,94.465,-41.8,4.962,5228.1,no
51,blue-collar,divorced,unknown,unknown,unknown,unknown,telephone,jun,wed,339,2,999,0,nonexistent,1.4,94.465,-41.8,4.962,5228.1,no
28,management,single,basic.9y,no,no,no,telephone,jun,wed,466,2,999,0,nonexistent,1.4,94.465,-41.8,4.962,5228.1,no
26,blue-collar,married,basic.4y,no,no,no,telephone,jun,wed,94,1,999,0,nonexistent,1.4,94.465,-41.8,4.962,5228.1,no
25,services,married,high.school,no,yes,no,telephone,jun,wed,227,1,999,0,nonexistent,1.4,94.465,-41.8,4.962,5228.1,no
39,technician,married,professional.course,unknown,yes,yes,telephone,jun,wed,65,1,999,0,nonexistent,1.4,94.465,-41.8,4.962,5228.1,no
28,blue-collar,married,basic.9y,no,no,no,telephone,jun,wed,387,1,999,0,nonexistent,1.4,94.465,-41.8,4.962,5228.1,no
33,admin.,married,university.degree,no,yes,no,telephone,jun,wed,379,5,999,0,nonexistent,1.4,94.465,-41.8,4.962,5228.1,no
39,technician,married,professional.course,unknown,no,no,telephone,jun,wed,401,1,999,0,nonexistent,1.4,94.465,-41.8,4.962,5228.1,no
55,management,single,basic.4y,no,no,no,telephone,jun,wed,205,4,999,0,nonexistent,1.4,94.465,-41.8,4.962,5228.1,no
29,management,married,university.degree,no,no,no,telephone,jun,wed,332,2,999,0,nonexistent,1.4,94.465,-41.8,4.962,5228.1,no
51,management,married,university.degree,unknown,yes,yes,telephone,jun,wed,567,1,999,0,nonexistent,1.4,94.465,-41.8,4.962,5228.1,no
28,blue-collar,married,basic.9y,no,yes,no,telephone,jun,wed,200,1,999,0,nonexistent,1.4,94.465,-41.8,4.962,5228.1,no
24,blue-collar,single,basic.4y,no,no,no,telephone,jun,wed,537,1,999,0,nonexistent,1.4,94.465,-41.8,4.962,5228.1,yes
24,blue-collar,single,basic.4y,no,no,no,telephone,jun,wed,476,1,999,0,nonexistent,1.4,94.465,-41.8,4.962,5228.1,no
20,services,single,high.school,no,yes,no,telephone,jun,wed,290,2,999,0,nonexistent,1.4,94.465,-41.8,4.962,5228.1,no
25,blue-collar,married,basic.9y,unknown,no,no,telephone,jun,wed,76,1,999,0,nonexistent,1.4,94.465,-41.8,4.962,5228.1,no
29,self-employed,married,professional.course,no,no,no,telephone,jun,wed,26,1,999,0,nonexistent,1.4,94.465,-41.8,4.962,5228.1,no
29,blue-collar,married,basic.9y,no,unknown,unknown,telephone,jun,wed,27,1,999,0,nonexistent,1.4,94.465,-41.8,4.962,5228.1,no
29,self-employed,married,professional.course,no,no,no,telephone,jun,wed,632,1,999,0,nonexistent,1.4,94.465,-41.8,4.962,5228.1,no
32,blue-collar,married,basic.6y,no,no,no,telephone,jun,wed,316,1,999,0,nonexistent,1.4,94.465,-41.8,4.962,5228.1,no
32,blue-collar,married,basic.6y,no,yes,yes,telephone,jun,wed,440,1,999,0,nonexistent,1.4,94.465,-41.8,4.962,5228.1,no
32,admin.,single,university.degree,no,no,no,telephone,jun,wed,52,6,999,0,nonexistent,1.4,94.465,-41.8,4.962,5228.1,no
38,blue-collar,single,university.degree,unknown,yes,no,telephone,jun,wed,59,2,999,0,nonexistent,1.4,94.465,-41.8,4.962,5228.1,no
37,technician,single,university.degree,no,no,no,telephone,jun,wed,190,3,999,0,nonexistent,1.4,94.465,-41.8,4.962,5228.1,no
36,blue-collar,married,basic.9y,no,no,no,telephone,jun,wed,81,2,999,0,nonexistent,1.4,94.465,-41.8,4.962,5228.1,no
55,management,single,basic.4y,no,yes,no,telephone,jun,wed,58,3,999,0,nonexistent,1.4,94.465,-41.8,4.962,5228.1,no
29,admin.,single,high.school,no,yes,no,telephone,jun,wed,356,2,999,0,nonexistent,1.4,94.465,-41.8,4.962,5228.1,no
24,services,single,high.school,no,yes,no,telephone,jun,wed,221,1,999,0,nonexistent,1.4,94.465,-41.8,4.962,5228.1,no
24,services,single,high.school,no,yes,no,telephone,jun,wed,453,1,999,0,nonexistent,1.4,94.465,-41.8,4.962,5228.1,no
55,blue-collar,married,basic.4y,unknown,no,no,telephone,jun,wed,345,1,999,0,nonexistent,1.4,94.465,-41.8,4.962,5228.1,no
38,blue-collar,married,basic.4y,unknown,no,no,telephone,jun,wed,146,3,999,0,nonexistent,1.4,94.465,-41.8,4.962,5228.1,no
40,admin.,married,university.degree,no,no,no,telephone,jun,wed,248,29,999,0,nonexistent,1.4,94.465,-41.8,4.962,5228.1,no
41,services,married,basic.9y,no,yes,no,telephone,jun,wed,324,2,999,0,nonexistent,1.4,94.465,-41.8,4.962,5228.1,no
29,entrepreneur,single,professional.course,no,no,no,telephone,jun,wed,609,1,999,0,nonexistent,1.4,94.465,-41.8,4.962,5228.1,no
28,admin.,married,university.degree,no,no,no,telephone,jun,wed,392,1,999,0,nonexistent,1.4,94.465,-41.8,4.962,5228.1,no
57,unemployed,married,basic.9y,no,yes,no,telephone,jun,wed,422,1,999,0,nonexistent,1.4,94.465,-41.8,4.962,5228.1,no
57,housemaid,married,basic.4y,no,no,no,telephone,jun,wed,101,1,999,0,nonexistent,1.4,94.465,-41.8,4.962,5228.1,no
33,services,married,basic.4y,no,unknown,unknown,telephone,jun,wed,577,4,999,0,nonexistent,1.4,94.465,-41.8,4.962,5228.1,no
43,blue-collar,married,basic.4y,unknown,no,no,telephone,jun,wed,319,2,999,0,nonexistent,1.4,94.465,-41.8,4.962,5228.1,no
38,blue-collar,married,professional.course,no,no,no,telephone,jun,wed,112,3,999,0,nonexistent,1.4,94.465,-41.8,4.962,5228.1,no
56,technician,single,university.degree,no,yes,no,telephone,jun,wed,308,1,999,0,nonexistent,1.4,94.465,-41.8,4.962,5228.1,no
52,services,single,high.school,no,yes,no,telephone,jun,wed,43,1,999,0,nonexistent,1.4,94.465,-41.8,4.962,5228.1,no
25,technician,married,professional.course,no,yes,no,telephone,jun,wed,149,2,999,0,nonexistent,1.4,94.465,-41.8,4.962,5228.1,no
31,housemaid,married,professional.course,no,yes,no,telephone,jun,wed,36,1,999,0,nonexistent,1.4,94.465,-41.8,4.962,5228.1,no
36,admin.,married,high.school,unknown,yes,no,telephone,jun,wed,100,4,999,0,nonexistent,1.4,94.465,-41.8,4.962,5228.1,no
32,student,single,university.degree,no,yes,no,telephone,jun,wed,209,12,999,0,nonexistent,1.4,94.465,-41.8,4.962,5228.1,no
26,technician,single,high.school,no,unknown,unknown,telephone,jun,wed,105,1,999,0,nonexistent,1.4,94.465,-41.8,4.962,5228.1,no
41,services,married,high.school,no,unknown,unknown,telephone,jun,wed,707,1,999,0,nonexistent,1.4,94.465,-41.8,4.962,5228.1,yes
31,entrepreneur,divorced,high.school,no,yes,no,telephone,jun,wed,119,3,999,0,nonexistent,1.4,94.465,-41.8,4.962,5228.1,no
32,blue-collar,divorced,basic.9y,no,no,no,telephone,jun,wed,13,11,999,0,nonexistent,1.4,94.465,-41.8,4.962,5228.1,no
41,technician,single,professional.course,no,yes,no,telephone,jun,wed,1255,1,999,0,nonexistent,1.4,94.465,-41.8,4.962,5228.1,yes
39,management,married,basic.9y,no,no,no,telephone,jun,wed,255,2,999,0,nonexistent,1.4,94.465,-41.8,4.962,5228.1,no
42,management,married,university.degree,no,no,no,telephone,jun,wed,50,2,999,0,nonexistent,1.4,94.465,-41.8,4.962,5228.1,no
50,unemployed,married,high.school,no,no,no,telephone,jun,wed,373,2,999,0,nonexistent,1.4,94.465,-41.8,4.962,5228.1,no
34,blue-collar,married,high.school,no,no,no,telephone,jun,wed,18,6,999,0,nonexistent,1.4,94.465,-41.8,4.962,5228.1,no
44,entrepreneur,married,professional.course,no,no,yes,telephone,jun,wed,307,14,999,0,nonexistent,1.4,94.465,-41.8,4.962,5228.1,no
42,retired,married,professional.course,unknown,yes,no,telephone,jun,wed,142,17,999,0,nonexistent,1.4,94.465,-41.8,4.962,5228.1,no
48,technician,divorced,university.degree,no,yes,no,telephone,jun,wed,78,3,999,0,nonexistent,1.4,94.465,-41.8,4.962,5228.1,no
41,self-employed,married,basic.9y,no,yes,no,telephone,jun,wed,376,7,999,0,nonexistent,1.4,94.465,-41.8,4.962,5228.1,no
27,management,single,high.school,no,unknown,unknown,telephone,jun,wed,155,2,999,0,nonexistent,1.4,94.465,-41.8,4.962,5228.1,no
32,technician,married,professional.course,no,no,no,telephone,jun,wed,188,1,999,0,nonexistent,1.4,94.465,-41.8,4.962,5228.1,no
55,blue-collar,married,basic.4y,unknown,yes,no,telephone,jun,wed,326,1,999,0,nonexistent,1.4,94.465,-41.8,4.962,5228.1,no
27,admin.,single,university.degree,no,no,no,telephone,jun,wed,443,7,999,0,nonexistent,1.4,94.465,-41.8,4.962,5228.1,no
41,admin.,married,university.degree,no,yes,yes,telephone,jun,wed,802,3,999,0,nonexistent,1.4,94.465,-41.8,4.962,5228.1,no
54,unemployed,married,high.school,no,no,no,telephone,jun,wed,36,16,999,0,nonexistent,1.4,94.465,-41.8,4.962,5228.1,no
52,blue-collar,divorced,high.school,no,no,no,telephone,jun,wed,18,5,999,0,nonexistent,1.4,94.465,-41.8,4.962,5228.1,no
55,management,single,basic.4y,no,yes,no,telephone,jun,wed,89,4,999,0,nonexistent,1.4,94.465,-41.8,4.962,5228.1,no
38,blue-collar,married,basic.9y,no,no,no,telephone,jun,wed,359,2,999,0,nonexistent,1.4,94.465,-41.8,4.962,5228.1,no
42,blue-collar,married,high.school,unknown,no,no,telephone,jun,wed,257,2,999,0,nonexistent,1.4,94.465,-41.8,4.962,5228.1,no
56,retired,married,basic.4y,no,yes,no,telephone,jun,wed,19,30,999,0,nonexistent,1.4,94.465,-41.8,4.962,5228.1,no
31,services,married,high.school,unknown,yes,yes,telephone,jun,wed,146,2,999,0,nonexistent,1.4,94.465,-41.8,4.962,5228.1,no
29,blue-collar,married,unknown,unknown,no,no,telephone,jun,wed,234,2,999,0,nonexistent,1.4,94.465,-41.8,4.962,5228.1,no
40,blue-collar,married,basic.9y,no,no,no,telephone,jun,wed,13,14,999,0,nonexistent,1.4,94.465,-41.8,4.962,5228.1,no
25,services,single,high.school,no,no,no,telephone,jun,wed,297,3,999,0,nonexistent,1.4,94.465,-41.8,4.962,5228.1,no
53,management,divorced,university.degree,no,unknown,unknown,telephone,jun,wed,636,12,999,0,nonexistent,1.4,94.465,-41.8,4.962,5228.1,no
42,admin.,married,basic.6y,no,yes,no,telephone,jun,wed,300,3,999,0,nonexistent,1.4,94.465,-41.8,4.962,5228.1,no
59,retired,married,basic.9y,no,yes,no,telephone,jun,wed,2093,1,999,0,nonexistent,1.4,94.465,-41.8,4.962,5228.1,yes
44,admin.,single,high.school,no,no,no,telephone,jun,wed,61,3,999,0,nonexistent,1.4,94.465,-41.8,4.962,5228.1,no
43,blue-collar,married,basic.9y,no,no,no,telephone,jun,wed,793,3,999,0,nonexistent,1.4,94.465,-41.8,4.962,5228.1,no
31,blue-collar,married,basic.9y,no,yes,no,telephone,jun,wed,704,4,999,0,nonexistent,1.4,94.465,-41.8,4.962,5228.1,yes
28,technician,single,professional.course,no,yes,no,telephone,jun,wed,1195,2,999,0,nonexistent,1.4,94.465,-41.8,4.962,5228.1,no
33,blue-collar,married,basic.4y,no,yes,no,telephone,jun,wed,61,23,999,0,nonexistent,1.4,94.465,-41.8,4.962,5228.1,no
47,admin.,married,basic.9y,no,yes,no,telephone,jun,wed,96,3,999,0,nonexistent,1.4,94.465,-41.8,4.962,5228.1,no
38,management,married,unknown,unknown,no,no,telephone,jun,wed,1066,9,999,0,nonexistent,1.4,94.465,-41.8,4.962,5228.1,yes
39,blue-collar,married,basic.4y,unknown,yes,no,telephone,jun,wed,87,4,999,0,nonexistent,1.4,94.465,-41.8,4.962,5228.1,no
42,entrepreneur,married,professional.course,no,no,no,telephone,jun,wed,108,2,999,0,nonexistent,1.4,94.465,-41.8,4.962,5228.1,no
29,technician,married,professional.course,no,no,no,telephone,jun,wed,129,10,999,0,nonexistent,1.4,94.465,-41.8,4.962,5228.1,no
50,management,married,university.degree,unknown,no,no,telephone,jun,wed,242,2,999,0,nonexistent,1.4,94.465,-41.8,4.962,5228.1,no
36,blue-collar,married,unknown,no,yes,yes,telephone,jun,wed,130,6,999,0,nonexistent,1.4,94.465,-41.8,4.962,5228.1,no
38,blue-collar,married,basic.4y,no,yes,no,telephone,jun,wed,25,41,999,0,nonexistent,1.4,94.465,-41.8,4.962,5228.1,no
33,entrepreneur,married,university.degree,no,yes,yes,telephone,jun,wed,77,2,999,0,nonexistent,1.4,94.465,-41.8,4.962,5228.1,no
44,blue-collar,married,basic.4y,unknown,no,yes,telephone,jun,wed,127,1,999,0,nonexistent,1.4,94.465,-41.8,4.962,5228.1,no
33,blue-collar,married,basic.4y,no,yes,no,telephone,jun,wed,313,2,999,0,nonexistent,1.4,94.465,-41.8,4.962,5228.1,no
39,blue-collar,divorced,basic.9y,no,yes,no,telephone,jun,wed,119,2,999,0,nonexistent,1.4,94.465,-41.8,4.962,5228.1,no
36,admin.,single,university.degree,no,no,no,telephone,jun,wed,305,6,999,0,nonexistent,1.4,94.465,-41.8,4.962,5228.1,no
31,services,single,high.school,no,no,no,telephone,jun,wed,49,2,999,0,nonexistent,1.4,94.465,-41.8,4.962,5228.1,no
49,technician,married,professional.course,unknown,yes,no,telephone,jun,wed,429,13,999,0,nonexistent,1.4,94.465,-41.8,4.962,5228.1,no
44,blue-collar,married,high.school,unknown,yes,no,telephone,jun,wed,51,4,999,0,nonexistent,1.4,94.465,-41.8,4.962,5228.1,no
51,management,married,high.school,no,no,no,telephone,jun,wed,99,3,999,0,nonexistent,1.4,94.465,-41.8,4.962,5228.1,no
57,blue-collar,divorced,unknown,unknown,unknown,unknown,telephone,jun,wed,41,8,999,0,nonexistent,1.4,94.465,-41.8,4.962,5228.1,no
41,blue-collar,married,basic.9y,no,no,no,telephone,jun,wed,378,2,999,0,nonexistent,1.4,94.465,-41.8,4.962,5228.1,no
49,unknown,married,basic.6y,no,no,no,telephone,jun,wed,152,9,999,0,nonexistent,1.4,94.465,-41.8,4.962,5228.1,no
44,technician,married,high.school,no,yes,yes,telephone,jun,wed,491,3,999,0,nonexistent,1.4,94.465,-41.8,4.962,5228.1,no
57,retired,divorced,professional.course,no,no,no,telephone,jun,wed,203,1,999,0,nonexistent,1.4,94.465,-41.8,4.962,5228.1,no
36,services,married,high.school,unknown,no,no,telephone,jun,wed,90,3,999,0,nonexistent,1.4,94.465,-41.8,4.962,5228.1,no
36,blue-collar,married,high.school,no,no,no,telephone,jun,wed,626,5,999,0,nonexistent,1.4,94.465,-41.8,4.962,5228.1,no
51,management,married,university.degree,no,no,no,telephone,jun,wed,16,17,999,0,nonexistent,1.4,94.465,-41.8,4.962,5228.1,no
45,admin.,married,high.school,no,no,no,telephone,jun,wed,125,8,999,0,nonexistent,1.4,94.465,-41.8,4.962,5228.1,no
46,admin.,married,basic.9y,unknown,yes,no,telephone,jun,wed,16,14,999,0,nonexistent,1.4,94.465,-41.8,4.962,5228.1,no
43,blue-collar,single,basic.9y,no,yes,no,telephone,jun,wed,354,21,999,0,nonexistent,1.4,94.465,-41.8,4.962,5228.1,no
23,blue-collar,single,basic.9y,no,yes,no,telephone,jun,wed,507,2,999,0,nonexistent,1.4,94.465,-41.8,4.962,5228.1,no
50,technician,married,professional.course,unknown,yes,no,telephone,jun,wed,18,20,999,0,nonexistent,1.4,94.465,-41.8,4.962,5228.1,no
47,blue-collar,married,basic.6y,unknown,unknown,unknown,telephone,jun,wed,15,8,999,0,nonexistent,1.4,94.465,-41.8,4.962,5228.1,no
52,blue-collar,married,basic.4y,unknown,no,no,telephone,jun,wed,23,7,999,0,nonexistent,1.4,94.465,-41.8,4.962,5228.1,no
33,self-employed,married,university.degree,no,no,no,telephone,jun,wed,113,2,999,0,nonexistent,1.4,94.465,-41.8,4.962,5228.1,no
28,blue-collar,married,unknown,unknown,no,no,telephone,jun,wed,445,3,999,0,nonexistent,1.4,94.465,-41.8,4.962,5228.1,no
28,blue-collar,married,basic.6y,no,no,no,telephone,jun,wed,1060,5,999,0,nonexistent,1.4,94.465,-41.8,4.962,5228.1,yes
54,management,married,basic.6y,no,no,no,telephone,jun,wed,255,3,999,0,nonexistent,1.4,94.465,-41.8,4.962,5228.1,no
35,admin.,married,high.school,no,yes,no,telephone,jun,wed,55,2,999,0,nonexistent,1.4,94.465,-41.8,4.962,5228.1,no
60,admin.,married,university.degree,unknown,no,no,telephone,jun,wed,521,11,999,0,nonexistent,1.4,94.465,-41.8,4.962,5228.1,no
47,services,married,high.school,unknown,yes,yes,telephone,jun,wed,161,2,999,0,nonexistent,1.4,94.465,-41.8,4.962,5228.1,no
60,retired,married,high.school,no,yes,no,telephone,jun,wed,340,3,999,0,nonexistent,1.4,94.465,-41.8,4.962,5228.1,no
49,technician,married,high.school,no,no,no,telephone,jun,wed,156,3,999,0,nonexistent,1.4,94.465,-41.8,4.962,5228.1,no
56,retired,married,basic.4y,no,no,no,telephone,jun,wed,375,2,999,0,nonexistent,1.4,94.465,-41.8,4.962,5228.1,no
33,admin.,married,high.school,no,no,no,telephone,jun,wed,43,4,999,0,nonexistent,1.4,94.465,-41.8,4.962,5228.1,no
28,student,single,high.school,no,yes,yes,telephone,jun,wed,604,6,999,0,nonexistent,1.4,94.465,-41.8,4.962,5228.1,no
60,admin.,married,university.degree,no,no,no,telephone,jun,wed,1574,3,999,0,nonexistent,1.4,94.465,-41.8,4.962,5228.1,yes
34,admin.,married,high.school,no,no,no,telephone,jun,thu,29,11,999,0,nonexistent,1.4,94.465,-41.8,4.961,5228.1,no
39,management,single,university.degree,no,yes,no,telephone,jun,thu,160,6,999,0,nonexistent,1.4,94.465,-41.8,4.961,5228.1,no
40,admin.,single,university.degree,no,no,no,telephone,jun,thu,136,2,999,0,nonexistent,1.4,94.465,-41.8,4.961,5228.1,no
33,admin.,single,professional.course,no,no,no,telephone,jun,thu,122,1,999,0,nonexistent,1.4,94.465,-41.8,4.961,5228.1,no
40,admin.,married,basic.9y,no,no,no,telephone,jun,thu,185,1,999,0,nonexistent,1.4,94.465,-41.8,4.961,5228.1,no
58,entrepreneur,married,basic.4y,no,no,no,telephone,jun,thu,147,1,999,0,nonexistent,1.4,94.465,-41.8,4.961,5228.1,no
40,blue-collar,divorced,basic.9y,no,no,no,telephone,jun,thu,575,1,999,0,nonexistent,1.4,94.465,-41.8,4.961,5228.1,no
37,technician,single,high.school,unknown,no,no,telephone,jun,thu,675,5,999,0,nonexistent,1.4,94.465,-41.8,4.961,5228.1,no
46,admin.,single,university.degree,no,yes,no,telephone,jun,thu,172,3,999,0,nonexistent,1.4,94.465,-41.8,4.961,5228.1,no
49,services,married,high.school,unknown,no,no,telephone,jun,thu,97,1,999,0,nonexistent,1.4,94.465,-41.8,4.961,5228.1,no
26,admin.,single,university.degree,no,no,no,telephone,jun,thu,394,1,999,0,nonexistent,1.4,94.465,-41.8,4.961,5228.1,no
31,technician,single,professional.course,unknown,no,yes,telephone,jun,thu,127,1,999,0,nonexistent,1.4,94.465,-41.8,4.961,5228.1,no
36,student,single,basic.9y,no,yes,no,telephone,jun,thu,176,1,999,0,nonexistent,1.4,94.465,-41.8,4.961,5228.1,no
32,technician,married,university.degree,no,no,no,telephone,jun,thu,37,1,999,0,nonexistent,1.4,94.465,-41.8,4.961,5228.1,no
35,student,single,university.degree,unknown,no,no,telephone,jun,thu,618,1,999,0,nonexistent,1.4,94.465,-41.8,4.961,5228.1,yes
59,retired,married,basic.9y,no,no,no,telephone,jun,thu,297,1,999,0,nonexistent,1.4,94.465,-41.8,4.961,5228.1,no
47,management,divorced,university.degree,no,no,no,telephone,jun,thu,593,1,999,0,nonexistent,1.4,94.465,-41.8,4.961,5228.1,no
42,blue-collar,married,basic.6y,unknown,yes,no,telephone,jun,thu,108,4,999,0,nonexistent,1.4,94.465,-41.8,4.961,5228.1,no
39,admin.,married,professional.course,no,unknown,unknown,telephone,jun,thu,638,1,999,0,nonexistent,1.4,94.465,-41.8,4.961,5228.1,no
46,blue-collar,divorced,basic.6y,no,unknown,unknown,telephone,jun,thu,45,9,999,0,nonexistent,1.4,94.465,-41.8,4.961,5228.1,no
49,blue-collar,married,basic.9y,unknown,no,no,telephone,jun,thu,70,1,999,0,nonexistent,1.4,94.465,-41.8,4.961,5228.1,no
49,services,married,high.school,unknown,no,no,telephone,jun,thu,139,1,999,0,nonexistent,1.4,94.465,-41.8,4.961,5228.1,no
39,technician,single,professional.course,unknown,no,no,telephone,jun,thu,820,1,999,0,nonexistent,1.4,94.465,-41.8,4.961,5228.1,no
47,admin.,divorced,high.school,no,no,no,telephone,jun,thu,149,1,999,0,nonexistent,1.4,94.465,-41.8,4.961,5228.1,no
30,blue-collar,married,basic.9y,no,no,no,telephone,jun,thu,348,3,999,0,nonexistent,1.4,94.465,-41.8,4.961,5228.1,no
35,blue-collar,married,unknown,no,no,no,telephone,jun,thu,71,1,999,0,nonexistent,1.4,94.465,-41.8,4.961,5228.1,no
40,admin.,married,professional.course,unknown,no,no,telephone,jun,thu,168,1,999,0,nonexistent,1.4,94.465,-41.8,4.961,5228.1,no
56,blue-collar,married,basic.4y,unknown,no,no,telephone,jun,thu,573,1,999,0,nonexistent,1.4,94.465,-41.8,4.961,5228.1,no
40,management,divorced,university.degree,unknown,yes,no,telephone,jun,thu,209,1,999,0,nonexistent,1.4,94.465,-41.8,4.961,5228.1,no
33,self-employed,single,university.degree,no,no,no,telephone,jun,thu,111,1,999,0,nonexistent,1.4,94.465,-41.8,4.961,5228.1,no
58,self-employed,divorced,professional.course,no,no,no,telephone,jun,thu,197,1,999,0,nonexistent,1.4,94.465,-41.8,4.961,5228.1,no
47,admin.,divorced,high.school,no,yes,no,telephone,jun,thu,1224,1,999,0,nonexistent,1.4,94.465,-41.8,4.961,5228.1,yes
46,blue-collar,married,basic.6y,no,no,no,telephone,jun,thu,144,10,999,0,nonexistent,1.4,94.465,-41.8,4.961,5228.1,no
53,services,married,high.school,unknown,yes,no,telephone,jun,thu,75,1,999,0,nonexistent,1.4,94.465,-41.8,4.961,5228.1,no
58,self-employed,divorced,professional.course,no,yes,no,telephone,jun,thu,430,1,999,0,nonexistent,1.4,94.465,-41.8,4.961,5228.1,no
49,housemaid,single,high.school,unknown,no,no,telephone,jun,thu,32,1,999,0,nonexistent,1.4,94.465,-41.8,4.961,5228.1,no
34,services,divorced,basic.9y,unknown,no,no,telephone,jun,thu,73,2,999,0,nonexistent,1.4,94.465,-41.8,4.961,5228.1,no
41,blue-collar,married,basic.9y,unknown,no,no,telephone,jun,thu,203,2,999,0,nonexistent,1.4,94.465,-41.8,4.961,5228.1,no
47,admin.,married,professional.course,no,no,no,telephone,jun,thu,252,1,999,0,nonexistent,1.4,94.465,-41.8,4.961,5228.1,no
42,unemployed,married,high.school,unknown,yes,yes,telephone,jun,thu,188,5,999,0,nonexistent,1.4,94.465,-41.8,4.961,5228.1,no
49,services,married,high.school,no,no,no,telephone,jun,thu,395,1,999,0,nonexistent,1.4,94.465,-41.8,4.961,5228.1,no
54,retired,divorced,basic.4y,no,no,no,telephone,jun,thu,170,1,999,0,nonexistent,1.4,94.465,-41.8,4.961,5228.1,no
41,services,divorced,basic.9y,no,no,no,telephone,jun,thu,147,1,999,0,nonexistent,1.4,94.465,-41.8,4.961,5228.1,no
36,admin.,married,university.degree,no,yes,no,telephone,jun,thu,127,1,999,0,nonexistent,1.4,94.465,-41.8,4.961,5228.1,no
41,unemployed,married,professional.course,no,yes,no,telephone,jun,thu,109,1,999,0,nonexistent,1.4,94.465,-41.8,4.961,5228.1,no
42,technician,married,high.school,no,no,no,telephone,jun,thu,677,1,999,0,nonexistent,1.4,94.465,-41.8,4.961,5228.1,no
29,admin.,married,university.degree,no,no,yes,telephone,jun,thu,105,1,999,0,nonexistent,1.4,94.465,-41.8,4.961,5228.1,no
46,services,married,basic.9y,no,no,no,telephone,jun,thu,57,1,999,0,nonexistent,1.4,94.465,-41.8,4.961,5228.1,no
42,technician,single,high.school,no,no,no,telephone,jun,thu,220,1,999,0,nonexistent,1.4,94.465,-41.8,4.961,5228.1,no
35,self-employed,married,basic.4y,unknown,no,no,telephone,jun,thu,140,1,999,0,nonexistent,1.4,94.465,-41.8,4.961,5228.1,no
48,admin.,single,university.degree,no,yes,no,telephone,jun,thu,1082,1,999,0,nonexistent,1.4,94.465,-41.8,4.961,5228.1,no
27,technician,single,professional.course,no,no,no,telephone,jun,thu,248,1,999,0,nonexistent,1.4,94.465,-41.8,4.961,5228.1,no
32,self-employed,single,high.school,no,no,no,telephone,jun,thu,11,1,999,0,nonexistent,1.4,94.465,-41.8,4.961,5228.1,no
45,blue-collar,married,basic.9y,unknown,yes,yes,telephone,jun,thu,93,1,999,0,nonexistent,1.4,94.465,-41.8,4.961,5228.1,no
35,admin.,married,university.degree,no,no,no,telephone,jun,thu,161,1,999,0,nonexistent,1.4,94.465,-41.8,4.961,5228.1,no
32,services,married,high.school,no,no,no,telephone,jun,thu,653,2,999,0,nonexistent,1.4,94.465,-41.8,4.961,5228.1,no
35,admin.,married,high.school,no,no,no,telephone,jun,thu,193,1,999,0,nonexistent,1.4,94.465,-41.8,4.961,5228.1,no
47,management,married,basic.4y,no,no,yes,telephone,jun,thu,216,1,999,0,nonexistent,1.4,94.465,-41.8,4.961,5228.1,no
53,admin.,single,high.school,no,no,no,telephone,jun,thu,223,1,999,0,nonexistent,1.4,94.465,-41.8,4.961,5228.1,no
42,admin.,married,basic.4y,no,no,no,telephone,jun,thu,477,7,999,0,nonexistent,1.4,94.465,-41.8,4.961,5228.1,no
58,retired,married,basic.4y,unknown,no,no,telephone,jun,thu,327,1,999,0,nonexistent,1.4,94.465,-41.8,4.961,5228.1,no
53,admin.,single,high.school,no,no,no,telephone,jun,thu,446,1,999,0,nonexistent,1.4,94.465,-41.8,4.961,5228.1,no
35,technician,married,professional.course,no,no,no,telephone,jun,thu,159,1,999,0,nonexistent,1.4,94.465,-41.8,4.961,5228.1,no
55,admin.,married,high.school,no,yes,no,telephone,jun,thu,178,1,999,0,nonexistent,1.4,94.465,-41.8,4.961,5228.1,no
51,blue-collar,married,basic.4y,unknown,no,no,telephone,jun,thu,152,2,999,0,nonexistent,1.4,94.465,-41.8,4.961,5228.1,no
51,admin.,married,professional.course,unknown,no,no,telephone,jun,thu,169,2,999,0,nonexistent,1.4,94.465,-41.8,4.961,5228.1,no
37,technician,single,professional.course,no,no,no,telephone,jun,thu,635,3,999,0,nonexistent,1.4,94.465,-41.8,4.961,5228.1,no
48,services,divorced,basic.6y,unknown,yes,no,telephone,jun,thu,122,1,999,0,nonexistent,1.4,94.465,-41.8,4.961,5228.1,no
44,admin.,married,university.degree,no,no,no,telephone,jun,thu,136,1,999,0,nonexistent,1.4,94.465,-41.8,4.961,5228.1,no
34,admin.,married,high.school,no,no,no,telephone,jun,thu,69,1,999,0,nonexistent,1.4,94.465,-41.8,4.961,5228.1,no
45,admin.,married,basic.9y,no,no,no,telephone,jun,thu,521,1,999,0,nonexistent,1.4,94.465,-41.8,4.961,5228.1,no
33,technician,married,professional.course,no,yes,no,telephone,jun,thu,201,1,999,0,nonexistent,1.4,94.465,-41.8,4.961,5228.1,no
41,admin.,married,university.degree,no,yes,yes,telephone,jun,thu,142,4,999,0,nonexistent,1.4,94.465,-41.8,4.961,5228.1,no
42,blue-collar,single,basic.6y,no,unknown,unknown,telephone,jun,thu,59,3,999,0,nonexistent,1.4,94.465,-41.8,4.961,5228.1,no
30,admin.,married,high.school,no,no,no,telephone,jun,thu,66,1,999,0,nonexistent,1.4,94.465,-41.8,4.961,5228.1,no
45,housemaid,married,professional.course,unknown,yes,no,telephone,jun,thu,810,2,999,0,nonexistent,1.4,94.465,-41.8,4.961,5228.1,no
43,admin.,married,university.degree,no,no,no,telephone,jun,thu,145,2,999,0,nonexistent,1.4,94.465,-41.8,4.961,5228.1,no
35,blue-collar,married,basic.9y,unknown,yes,no,telephone,jun,thu,196,2,999,0,nonexistent,1.4,94.465,-41.8,4.961,5228.1,no
47,admin.,married,university.degree,unknown,no,no,telephone,jun,thu,252,2,999,0,nonexistent,1.4,94.465,-41.8,4.961,5228.1,no
34,blue-collar,married,basic.9y,no,yes,no,telephone,jun,thu,335,2,999,0,nonexistent,1.4,94.465,-41.8,4.961,5228.1,no
46,blue-collar,married,basic.4y,unknown,no,yes,telephone,jun,thu,89,1,999,0,nonexistent,1.4,94.465,-41.8,4.961,5228.1,no
44,blue-collar,married,basic.4y,no,no,no,telephone,jun,thu,330,1,999,0,nonexistent,1.4,94.465,-41.8,4.961,5228.1,no
40,entrepreneur,married,university.degree,unknown,unknown,unknown,telephone,jun,thu,91,1,999,0,nonexistent,1.4,94.465,-41.8,4.961,5228.1,no
54,admin.,married,high.school,no,no,no,telephone,jun,thu,361,1,999,0,nonexistent,1.4,94.465,-41.8,4.961,5228.1,no
46,entrepreneur,married,basic.9y,no,no,no,telephone,jun,thu,64,1,999,0,nonexistent,1.4,94.465,-41.8,4.961,5228.1,no
42,services,married,unknown,no,yes,no,telephone,jun,thu,53,1,999,0,nonexistent,1.4,94.465,-41.8,4.961,5228.1,no
34,technician,single,university.degree,no,no,no,telephone,jun,thu,90,1,999,0,nonexistent,1.4,94.465,-41.8,4.961,5228.1,no
45,unknown,married,unknown,no,no,no,telephone,jun,thu,141,1,999,0,nonexistent,1.4,94.465,-41.8,4.961,5228.1,no
40,blue-collar,married,basic.9y,unknown,no,no,telephone,jun,thu,212,1,999,0,nonexistent,1.4,94.465,-41.8,4.961,5228.1,no
38,blue-collar,married,basic.4y,unknown,no,no,telephone,jun,thu,149,1,999,0,nonexistent,1.4,94.465,-41.8,4.961,5228.1,no
49,technician,married,professional.course,no,no,no,telephone,jun,thu,77,1,999,0,nonexistent,1.4,94.465,-41.8,4.961,5228.1,no
49,services,married,high.school,no,no,yes,telephone,jun,thu,374,3,999,0,nonexistent,1.4,94.465,-41.8,4.961,5228.1,no
39,blue-collar,married,basic.9y,unknown,no,no,telephone,jun,thu,207,1,999,0,nonexistent,1.4,94.465,-41.8,4.961,5228.1,no
41,admin.,divorced,high.school,no,unknown,unknown,telephone,jun,thu,289,1,999,0,nonexistent,1.4,94.465,-41.8,4.961,5228.1,no
42,entrepreneur,married,basic.9y,unknown,no,no,telephone,jun,thu,143,1,999,0,nonexistent,1.4,94.465,-41.8,4.961,5228.1,no
49,unknown,married,unknown,no,no,yes,telephone,jun,thu,188,1,999,0,nonexistent,1.4,94.465,-41.8,4.961,5228.1,no
42,unemployed,married,high.school,unknown,yes,no,telephone,jun,thu,106,1,999,0,nonexistent,1.4,94.465,-41.8,4.961,5228.1,no
34,admin.,single,high.school,no,yes,no,telephone,jun,thu,191,3,999,0,nonexistent,1.4,94.465,-41.8,4.961,5228.1,no
49,admin.,divorced,high.school,no,no,no,telephone,jun,thu,370,1,999,0,nonexistent,1.4,94.465,-41.8,4.961,5228.1,no
43,technician,married,basic.9y,unknown,yes,no,telephone,jun,thu,487,1,999,0,nonexistent,1.4,94.465,-41.8,4.961,5228.1,no
42,services,married,high.school,unknown,no,no,telephone,jun,thu,84,1,999,0,nonexistent,1.4,94.465,-41.8,4.961,5228.1,no
52,blue-collar,married,unknown,unknown,yes,no,telephone,jun,thu,118,4,999,0,nonexistent,1.4,94.465,-41.8,4.961,5228.1,no
50,blue-collar,married,basic.4y,unknown,yes,no,telephone,jun,thu,56,2,999,0,nonexistent,1.4,94.465,-41.8,4.961,5228.1,no
47,blue-collar,married,basic.6y,no,yes,no,telephone,jun,thu,786,1,999,0,nonexistent,1.4,94.465,-41.8,4.961,5228.1,no
44,blue-collar,married,unknown,no,no,no,telephone,jun,thu,239,1,999,0,nonexistent,1.4,94.465,-41.8,4.961,5228.1,no
40,management,married,university.degree,no,no,no,telephone,jun,thu,136,1,999,0,nonexistent,1.4,94.465,-41.8,4.961,5228.1,no
30,admin.,married,high.school,no,no,no,telephone,jun,thu,162,3,999,0,nonexistent,1.4,94.465,-41.8,4.961,5228.1,no
33,management,married,university.degree,no,no,yes,telephone,jun,thu,219,2,999,0,nonexistent,1.4,94.465,-41.8,4.961,5228.1,no
37,unemployed,married,professional.course,unknown,yes,yes,telephone,jun,thu,135,1,999,0,nonexistent,1.4,94.465,-41.8,4.961,5228.1,no
36,admin.,married,high.school,no,no,no,telephone,jun,thu,177,1,999,0,nonexistent,1.4,94.465,-41.8,4.961,5228.1,no
38,technician,divorced,professional.course,no,no,no,telephone,jun,thu,252,2,999,0,nonexistent,1.4,94.465,-41.8,4.961,5228.1,no
55,retired,divorced,professional.course,no,no,no,telephone,jun,thu,416,3,999,0,nonexistent,1.4,94.465,-41.8,4.961,5228.1,no
37,technician,single,high.school,no,no,no,telephone,jun,thu,32,1,999,0,nonexistent,1.4,94.465,-41.8,4.961,5228.1,no
31,blue-collar,married,basic.9y,no,no,no,telephone,jun,thu,217,2,999,0,nonexistent,1.4,94.465,-41.8,4.961,5228.1,no
29,student,married,high.school,unknown,no,no,telephone,jun,thu,145,4,999,0,nonexistent,1.4,94.465,-41.8,4.961,5228.1,no
24,technician,married,professional.course,no,no,no,telephone,jun,thu,93,2,999,0,nonexistent,1.4,94.465,-41.8,4.961,5228.1,no
57,services,married,high.school,unknown,yes,yes,telephone,jun,thu,61,1,999,0,nonexistent,1.4,94.465,-41.8,4.961,5228.1,no
30,blue-collar,single,unknown,no,no,yes,telephone,jun,thu,262,5,999,0,nonexistent,1.4,94.465,-41.8,4.961,5228.1,no
58,technician,married,high.school,no,no,no,telephone,jun,thu,246,3,999,0,nonexistent,1.4,94.465,-41.8,4.961,5228.1,no
26,admin.,single,high.school,no,unknown,unknown,telephone,jun,thu,92,3,999,0,nonexistent,1.4,94.465,-41.8,4.961,5228.1,no
23,services,single,high.school,no,no,no,telephone,jun,thu,197,10,999,0,nonexistent,1.4,94.465,-41.8,4.961,5228.1,no
45,technician,divorced,university.degree,no,yes,yes,telephone,jun,thu,163,3,999,0,nonexistent,1.4,94.465,-41.8,4.961,5228.1,no
52,retired,divorced,basic.4y,unknown,yes,yes,telephone,jun,thu,26,2,999,0,nonexistent,1.4,94.465,-41.8,4.961,5228.1,no
29,admin.,single,high.school,no,yes,no,telephone,jun,thu,63,2,999,0,nonexistent,1.4,94.465,-41.8,4.961,5228.1,no
43,technician,married,basic.9y,unknown,yes,no,telephone,jun,thu,176,2,999,0,nonexistent,1.4,94.465,-41.8,4.961,5228.1,no
36,blue-collar,married,basic.9y,no,yes,no,telephone,jun,thu,67,2,999,0,nonexistent,1.4,94.465,-41.8,4.961,5228.1,no
27,blue-collar,married,basic.6y,unknown,yes,no,telephone,jun,thu,75,2,999,0,nonexistent,1.4,94.465,-41.8,4.961,5228.1,no
38,admin.,married,high.school,no,yes,no,telephone,jun,thu,1411,1,999,0,nonexistent,1.4,94.465,-41.8,4.961,5228.1,no
38,admin.,married,high.school,no,yes,yes,telephone,jun,thu,2028,1,999,0,nonexistent,1.4,94.465,-41.8,4.961,5228.1,yes
54,blue-collar,married,basic.6y,unknown,no,no,telephone,jun,thu,211,2,999,0,nonexistent,1.4,94.465,-41.8,4.961,5228.1,no
39,blue-collar,married,basic.6y,unknown,yes,no,telephone,jun,thu,453,1,999,0,nonexistent,1.4,94.465,-41.8,4.961,5228.1,no
28,blue-collar,married,high.school,no,no,no,telephone,jun,thu,419,4,999,0,nonexistent,1.4,94.465,-41.8,4.961,5228.1,no
53,technician,married,university.degree,no,no,no,telephone,jun,thu,498,7,999,0,nonexistent,1.4,94.465,-41.8,4.961,5228.1,no
40,admin.,married,university.degree,no,no,no,telephone,jun,thu,202,2,999,0,nonexistent,1.4,94.465,-41.8,4.961,5228.1,no
49,management,married,university.degree,no,no,no,telephone,jun,thu,21,1,999,0,nonexistent,1.4,94.465,-41.8,4.961,5228.1,no
40,services,married,high.school,no,yes,yes,telephone,jun,thu,40,1,999,0,nonexistent,1.4,94.465,-41.8,4.961,5228.1,no
23,technician,single,professional.course,no,unknown,unknown,telephone,jun,thu,148,1,999,0,nonexistent,1.4,94.465,-41.8,4.961,5228.1,no
36,management,single,high.school,no,unknown,unknown,telephone,jun,thu,184,1,999,0,nonexistent,1.4,94.465,-41.8,4.961,5228.1,no
38,unemployed,married,basic.4y,unknown,no,no,telephone,jun,thu,55,1,999,0,nonexistent,1.4,94.465,-41.8,4.961,5228.1,no
31,admin.,married,high.school,no,no,no,telephone,jun,thu,952,4,999,0,nonexistent,1.4,94.465,-41.8,4.961,5228.1,yes
36,blue-collar,single,basic.9y,no,no,yes,telephone,jun,thu,207,1,999,0,nonexistent,1.4,94.465,-41.8,4.961,5228.1,no
34,admin.,married,basic.9y,no,no,no,telephone,jun,thu,238,1,999,0,nonexistent,1.4,94.465,-41.8,4.961,5228.1,no
35,admin.,divorced,university.degree,no,yes,no,telephone,jun,thu,318,1,999,0,nonexistent,1.4,94.465,-41.8,4.961,5228.1,no
37,blue-collar,divorced,basic.9y,no,no,no,telephone,jun,thu,232,1,999,0,nonexistent,1.4,94.465,-41.8,4.961,5228.1,no
57,retired,married,basic.4y,unknown,no,no,telephone,jun,thu,76,2,999,0,nonexistent,1.4,94.465,-41.8,4.961,5228.1,no
35,blue-collar,married,high.school,no,no,no,telephone,jun,thu,153,14,999,0,nonexistent,1.4,94.465,-41.8,4.961,5228.1,no
58,technician,married,high.school,unknown,no,no,telephone,jun,thu,525,1,999,0,nonexistent,1.4,94.465,-41.8,4.961,5228.1,no
36,blue-collar,married,basic.4y,no,no,no,telephone,jun,thu,97,1,999,0,nonexistent,1.4,94.465,-41.8,4.961,5228.1,no
49,management,married,university.degree,no,no,no,telephone,jun,thu,216,2,999,0,nonexistent,1.4,94.465,-41.8,4.961,5228.1,no
38,admin.,married,university.degree,no,no,no,telephone,jun,thu,142,1,999,0,nonexistent,1.4,94.465,-41.8,4.961,5228.1,no
39,admin.,single,high.school,no,no,no,telephone,jun,thu,290,1,999,0,nonexistent,1.4,94.465,-41.8,4.961,5228.1,no
36,blue-collar,married,basic.4y,no,yes,no,telephone,jun,thu,559,1,999,0,nonexistent,1.4,94.465,-41.8,4.961,5228.1,no
33,blue-collar,single,basic.9y,no,no,no,telephone,jun,thu,67,1,999,0,nonexistent,1.4,94.465,-41.8,4.961,5228.1,no
59,retired,married,unknown,unknown,yes,no,telephone,jun,thu,235,1,999,0,nonexistent,1.4,94.465,-41.8,4.961,5228.1,no
57,retired,single,basic.4y,no,yes,no,telephone,jun,thu,107,1,999,0,nonexistent,1.4,94.465,-41.8,4.961,5228.1,no
55,management,married,professional.course,unknown,yes,yes,telephone,jun,thu,368,2,999,0,nonexistent,1.4,94.465,-41.8,4.961,5228.1,no
56,self-employed,single,basic.9y,unknown,no,no,telephone,jun,thu,64,2,999,0,nonexistent,1.4,94.465,-41.8,4.961,5228.1,no
31,technician,single,university.degree,no,no,no,telephone,jun,thu,73,1,999,0,nonexistent,1.4,94.465,-41.8,4.961,5228.1,no
51,blue-collar,married,basic.4y,no,no,no,telephone,jun,thu,16,9,999,0,nonexistent,1.4,94.465,-41.8,4.961,5228.1,no
43,blue-collar,divorced,basic.9y,unknown,no,no,telephone,jun,thu,409,1,999,0,nonexistent,1.4,94.465,-41.8,4.961,5228.1,no
45,technician,married,university.degree,no,no,no,telephone,jun,thu,65,1,999,0,nonexistent,1.4,94.465,-41.8,4.961,5228.1,no
57,blue-collar,married,basic.4y,unknown,no,no,telephone,jun,thu,69,2,999,0,nonexistent,1.4,94.465,-41.8,4.961,5228.1,no
34,services,married,basic.6y,no,no,no,telephone,jun,thu,722,1,999,0,nonexistent,1.4,94.465,-41.8,4.961,5228.1,no
31,entrepreneur,married,high.school,no,yes,no,telephone,jun,thu,133,1,999,0,nonexistent,1.4,94.465,-41.8,4.961,5228.1,no
37,management,married,university.degree,no,no,no,telephone,jun,thu,288,1,999,0,nonexistent,1.4,94.465,-41.8,4.961,5228.1,no
60,entrepreneur,married,basic.4y,no,no,no,telephone,jun,thu,43,3,999,0,nonexistent,1.4,94.465,-41.8,4.961,5228.1,no
40,blue-collar,single,basic.4y,unknown,yes,no,telephone,jun,thu,78,1,999,0,nonexistent,1.4,94.465,-41.8,4.961,5228.1,no
45,blue-collar,married,basic.9y,unknown,no,no,telephone,jun,thu,10,16,999,0,nonexistent,1.4,94.465,-41.8,4.961,5228.1,no
40,retired,married,professional.course,no,yes,no,telephone,jun,thu,219,1,999,0,nonexistent,1.4,94.465,-41.8,4.961,5228.1,no
37,blue-collar,married,basic.9y,no,yes,no,telephone,jun,thu,164,2,999,0,nonexistent,1.4,94.465,-41.8,4.961,5228.1,no
47,admin.,married,university.degree,no,no,no,telephone,jun,thu,148,1,999,0,nonexistent,1.4,94.465,-41.8,4.961,5228.1,no
28,blue-collar,married,basic.9y,no,yes,no,telephone,jun,thu,130,1,999,0,nonexistent,1.4,94.465,-41.8,4.961,5228.1,no
52,technician,married,unknown,unknown,no,no,telephone,jun,thu,208,2,999,0,nonexistent,1.4,94.465,-41.8,4.961,5228.1,no
25,blue-collar,single,professional.course,no,no,no,telephone,jun,thu,559,1,999,0,nonexistent,1.4,94.465,-41.8,4.961,5228.1,no
55,housemaid,married,basic.4y,unknown,yes,no,telephone,jun,thu,93,4,999,0,nonexistent,1.4,94.465,-41.8,4.961,5228.1,no
53,self-employed,divorced,basic.9y,no,yes,no,telephone,jun,thu,177,2,999,0,nonexistent,1.4,94.465,-41.8,4.961,5228.1,no
35,management,married,high.school,no,yes,no,telephone,jun,thu,405,2,999,0,nonexistent,1.4,94.465,-41.8,4.961,5228.1,no
45,management,single,basic.9y,no,yes,no,telephone,jun,thu,69,1,999,0,nonexistent,1.4,94.465,-41.8,4.961,5228.1,no
28,blue-collar,single,high.school,no,no,no,telephone,jun,thu,1017,1,999,0,nonexistent,1.4,94.465,-41.8,4.961,5228.1,no
36,technician,single,professional.course,no,no,yes,telephone,jun,thu,385,1,999,0,nonexistent,1.4,94.465,-41.8,4.961,5228.1,no
26,unknown,single,high.school,unknown,no,no,telephone,jun,thu,237,5,999,0,nonexistent,1.4,94.465,-41.8,4.961,5228.1,no
45,management,single,basic.9y,no,yes,no,telephone,jun,thu,237,2,999,0,nonexistent,1.4,94.465,-41.8,4.961,5228.1,no
38,admin.,married,university.degree,no,no,no,telephone,jun,thu,202,1,999,0,nonexistent,1.4,94.465,-41.8,4.961,5228.1,no
49,admin.,married,high.school,unknown,yes,no,telephone,jun,thu,216,4,999,0,nonexistent,1.4,94.465,-41.8,4.961,5228.1,no
48,blue-collar,married,high.school,unknown,yes,no,telephone,jun,thu,234,1,999,0,nonexistent,1.4,94.465,-41.8,4.961,5228.1,no
35,blue-collar,single,basic.4y,no,yes,no,telephone,jun,thu,155,1,999,0,nonexistent,1.4,94.465,-41.8,4.961,5228.1,no
42,housemaid,married,basic.4y,no,no,no,telephone,jun,thu,500,2,999,0,nonexistent,1.4,94.465,-41.8,4.961,5228.1,yes
60,management,married,university.degree,no,yes,no,telephone,jun,thu,89,2,999,0,nonexistent,1.4,94.465,-41.8,4.961,5228.1,no
56,retired,married,basic.4y,no,no,no,telephone,jun,thu,92,2,999,0,nonexistent,1.4,94.465,-41.8,4.961,5228.1,no
31,blue-collar,married,basic.9y,no,no,no,telephone,jun,thu,296,1,999,0,nonexistent,1.4,94.465,-41.8,4.961,5228.1,no
40,blue-collar,married,basic.9y,unknown,no,no,telephone,jun,thu,146,2,999,0,nonexistent,1.4,94.465,-41.8,4.961,5228.1,no
33,blue-collar,divorced,basic.9y,no,no,no,telephone,jun,thu,149,3,999,0,nonexistent,1.4,94.465,-41.8,4.961,5228.1,no
60,blue-collar,married,basic.9y,unknown,yes,no,telephone,jun,thu,80,3,999,0,nonexistent,1.4,94.465,-41.8,4.961,5228.1,no
40,blue-collar,married,basic.4y,no,no,no,telephone,jun,thu,354,7,999,0,nonexistent,1.4,94.465,-41.8,4.961,5228.1,no
52,blue-collar,married,basic.4y,no,yes,no,telephone,jun,thu,106,2,999,0,nonexistent,1.4,94.465,-41.8,4.961,5228.1,no
42,services,divorced,high.school,unknown,no,no,telephone,jun,thu,111,2,999,0,nonexistent,1.4,94.465,-41.8,4.961,5228.1,no
48,services,married,high.school,unknown,no,no,telephone,jun,thu,136,2,999,0,nonexistent,1.4,94.465,-41.8,4.961,5228.1,no
34,blue-collar,married,basic.6y,no,yes,yes,telephone,jun,thu,549,1,999,0,nonexistent,1.4,94.465,-41.8,4.961,5228.1,no
34,housemaid,single,university.degree,no,no,no,telephone,jun,thu,267,2,999,0,nonexistent,1.4,94.465,-41.8,4.961,5228.1,no
48,self-employed,married,basic.9y,unknown,yes,no,telephone,jun,thu,461,2,999,0,nonexistent,1.4,94.465,-41.8,4.961,5228.1,no
26,blue-collar,single,basic.9y,unknown,no,no,telephone,jun,thu,60,4,999,0,nonexistent,1.4,94.465,-41.8,4.961,5228.1,no
38,admin.,married,high.school,no,yes,no,telephone,jun,thu,117,2,999,0,nonexistent,1.4,94.465,-41.8,4.961,5228.1,no
39,unemployed,married,university.degree,unknown,no,no,telephone,jun,thu,21,8,999,0,nonexistent,1.4,94.465,-41.8,4.961,5228.1,no
43,technician,single,professional.course,no,unknown,unknown,telephone,jun,thu,104,1,999,0,nonexistent,1.4,94.465,-41.8,4.961,5228.1,no
29,admin.,single,high.school,no,yes,yes,telephone,jun,thu,15,10,999,0,nonexistent,1.4,94.465,-41.8,4.961,5228.1,no
37,blue-collar,married,basic.6y,no,yes,no,telephone,jun,thu,216,2,999,0,nonexistent,1.4,94.465,-41.8,4.961,5228.1,no
52,self-employed,married,basic.4y,unknown,no,yes,telephone,jun,thu,71,2,999,0,nonexistent,1.4,94.465,-41.8,4.961,5228.1,no
28,technician,married,basic.9y,no,yes,no,telephone,jun,thu,225,1,999,0,nonexistent,1.4,94.465,-41.8,4.961,5228.1,no
36,admin.,married,high.school,unknown,no,yes,telephone,jun,thu,59,8,999,0,nonexistent,1.4,94.465,-41.8,4.961,5228.1,no
47,services,single,basic.9y,no,unknown,unknown,telephone,jun,thu,835,3,999,0,nonexistent,1.4,94.465,-41.8,4.961,5228.1,yes
57,blue-collar,married,basic.9y,unknown,yes,yes,telephone,jun,thu,258,2,999,0,nonexistent,1.4,94.465,-41.8,4.961,5228.1,no
39,technician,married,professional.course,no,yes,no,telephone,jun,thu,233,2,999,0,nonexistent,1.4,94.465,-41.8,4.961,5228.1,no
38,technician,married,basic.9y,no,no,no,telephone,jun,thu,129,2,999,0,nonexistent,1.4,94.465,-41.8,4.961,5228.1,no
56,admin.,divorced,unknown,unknown,no,no,telephone,jun,thu,91,2,999,0,nonexistent,1.4,94.465,-41.8,4.961,5228.1,no
52,services,divorced,high.school,no,no,no,telephone,jun,thu,339,2,999,0,nonexistent,1.4,94.465,-41.8,4.961,5228.1,no
39,blue-collar,married,basic.9y,no,unknown,unknown,telephone,jun,thu,112,4,999,0,nonexistent,1.4,94.465,-41.8,4.961,5228.1,no
32,unknown,unknown,university.degree,no,no,no,telephone,jun,thu,36,7,999,0,nonexistent,1.4,94.465,-41.8,4.961,5228.1,no
25,blue-collar,single,basic.9y,no,yes,yes,telephone,jun,thu,112,4,999,0,nonexistent,1.4,94.465,-41.8,4.961,5228.1,no
31,technician,married,high.school,no,no,no,telephone,jun,thu,9,28,999,0,nonexistent,1.4,94.465,-41.8,4.961,5228.1,no
33,technician,divorced,professional.course,no,no,no,telephone,jun,thu,26,5,999,0,nonexistent,1.4,94.465,-41.8,4.961,5228.1,no
36,admin.,single,university.degree,no,yes,no,telephone,jun,thu,55,2,999,0,nonexistent,1.4,94.465,-41.8,4.961,5228.1,no
30,technician,married,university.degree,unknown,yes,no,telephone,jun,thu,49,2,999,0,nonexistent,1.4,94.465,-41.8,4.961,5228.1,no
36,blue-collar,divorced,basic.9y,unknown,no,no,telephone,jun,thu,318,2,999,0,nonexistent,1.4,94.465,-41.8,4.961,5228.1,no
40,technician,married,professional.course,no,no,no,telephone,jun,fri,179,2,999,0,nonexistent,1.4,94.465,-41.8,4.959,5228.1,no
41,blue-collar,married,basic.4y,no,yes,no,telephone,jun,fri,262,2,999,0,nonexistent,1.4,94.465,-41.8,4.959,5228.1,no
30,blue-collar,married,basic.9y,no,no,no,telephone,jun,fri,193,11,999,0,nonexistent,1.4,94.465,-41.8,4.959,5228.1,no
39,admin.,divorced,university.degree,unknown,no,no,telephone,jun,fri,333,15,999,0,nonexistent,1.4,94.465,-41.8,4.959,5228.1,no
52,blue-collar,married,basic.9y,no,yes,yes,telephone,jun,fri,241,2,999,0,nonexistent,1.4,94.465,-41.8,4.959,5228.1,no
40,technician,married,professional.course,no,no,no,telephone,jun,fri,37,2,999,0,nonexistent,1.4,94.465,-41.8,4.959,5228.1,no
35,management,married,basic.9y,no,yes,no,telephone,jun,fri,89,3,999,0,nonexistent,1.4,94.465,-41.8,4.959,5228.1,no
36,admin.,divorced,university.degree,no,yes,no,telephone,jun,fri,112,3,999,0,nonexistent,1.4,94.465,-41.8,4.959,5228.1,no
59,retired,divorced,basic.9y,unknown,yes,no,telephone,jun,fri,141,4,999,0,nonexistent,1.4,94.465,-41.8,4.959,5228.1,no
36,services,married,high.school,no,yes,no,telephone,jun,fri,241,2,999,0,nonexistent,1.4,94.465,-41.8,4.959,5228.1,no
47,services,divorced,basic.4y,no,yes,no,telephone,jun,fri,60,6,999,0,nonexistent,1.4,94.465,-41.8,4.959,5228.1,no
50,technician,married,basic.6y,no,yes,no,telephone,jun,fri,61,2,999,0,nonexistent,1.4,94.465,-41.8,4.959,5228.1,no
29,self-employed,married,basic.6y,unknown,no,no,telephone,jun,fri,24,11,999,0,nonexistent,1.4,94.465,-41.8,4.959,5228.1,no
45,housemaid,divorced,basic.4y,no,yes,yes,telephone,jun,fri,62,4,999,0,nonexistent,1.4,94.465,-41.8,4.959,5228.1,no
39,entrepreneur,married,professional.course,no,yes,no,telephone,jun,fri,43,8,999,0,nonexistent,1.4,94.465,-41.8,4.959,5228.1,no
48,retired,married,basic.4y,unknown,no,no,telephone,jun,fri,75,2,999,0,nonexistent,1.4,94.465,-41.8,4.959,5228.1,no
47,services,married,high.school,unknown,yes,no,telephone,jun,fri,177,3,999,0,nonexistent,1.4,94.465,-41.8,4.959,5228.1,no
38,admin.,single,university.degree,no,yes,no,telephone,jun,fri,170,2,999,0,nonexistent,1.4,94.465,-41.8,4.959,5228.1,no
38,blue-collar,married,unknown,no,yes,no,telephone,jun,fri,42,5,999,0,nonexistent,1.4,94.465,-41.8,4.959,5228.1,no
51,admin.,married,high.school,no,no,no,telephone,jun,fri,22,12,999,0,nonexistent,1.4,94.465,-41.8,4.959,5228.1,no
31,services,single,high.school,no,no,yes,telephone,jun,fri,99,5,999,0,nonexistent,1.4,94.465,-41.8,4.959,5228.1,no
43,services,married,high.school,unknown,yes,no,telephone,jun,fri,139,2,999,0,nonexistent,1.4,94.465,-41.8,4.959,5228.1,no
37,unemployed,single,professional.course,no,no,no,telephone,jun,fri,394,2,999,0,nonexistent,1.4,94.465,-41.8,4.959,5228.1,no
37,services,married,high.school,no,yes,yes,telephone,jun,fri,98,2,999,0,nonexistent,1.4,94.465,-41.8,4.959,5228.1,no
26,blue-collar,single,basic.9y,no,no,no,telephone,jun,fri,114,3,999,0,nonexistent,1.4,94.465,-41.8,4.959,5228.1,no
54,housemaid,divorced,basic.4y,unknown,yes,no,telephone,jun,fri,238,3,999,0,nonexistent,1.4,94.465,-41.8,4.959,5228.1,no
27,services,married,high.school,unknown,no,no,telephone,jun,fri,73,3,999,0,nonexistent,1.4,94.465,-41.8,4.959,5228.1,no
36,technician,married,professional.course,no,no,no,telephone,jun,fri,206,2,999,0,nonexistent,1.4,94.465,-41.8,4.959,5228.1,no
34,services,married,high.school,no,no,no,telephone,jun,fri,160,3,999,0,nonexistent,1.4,94.465,-41.8,4.959,5228.1,no
39,services,divorced,basic.6y,no,no,no,telephone,jun,fri,512,2,999,0,nonexistent,1.4,94.465,-41.8,4.959,5228.1,no
36,blue-collar,married,high.school,unknown,no,no,telephone,jun,fri,50,5,999,0,nonexistent,1.4,94.465,-41.8,4.959,5228.1,no
43,blue-collar,married,basic.9y,unknown,no,no,telephone,jun,fri,23,23,999,0,nonexistent,1.4,94.465,-41.8,4.959,5228.1,no
33,services,married,high.school,unknown,yes,no,telephone,jun,fri,106,3,999,0,nonexistent,1.4,94.465,-41.8,4.959,5228.1,no
31,admin.,single,university.degree,no,no,no,telephone,jun,fri,109,3,999,0,nonexistent,1.4,94.465,-41.8,4.959,5228.1,no
47,management,divorced,university.degree,no,yes,no,telephone,jun,fri,99,2,999,0,nonexistent,1.4,94.465,-41.8,4.959,5228.1,no
43,admin.,married,unknown,no,yes,no,telephone,jun,fri,246,3,999,0,nonexistent,1.4,94.465,-41.8,4.959,5228.1,no
30,blue-collar,single,basic.4y,no,yes,no,telephone,jun,fri,59,3,999,0,nonexistent,1.4,94.465,-41.8,4.959,5228.1,no
40,entrepreneur,divorced,university.degree,no,yes,yes,telephone,jun,fri,54,1,999,0,nonexistent,1.4,94.465,-41.8,4.959,5228.1,no
41,management,married,university.degree,no,yes,yes,telephone,jun,fri,87,1,999,0,nonexistent,1.4,94.465,-41.8,4.959,5228.1,no
45,admin.,married,basic.9y,unknown,no,no,telephone,jun,fri,973,2,999,0,nonexistent,1.4,94.465,-41.8,4.959,5228.1,yes
36,management,married,university.degree,no,yes,no,telephone,jun,fri,122,1,999,0,nonexistent,1.4,94.465,-41.8,4.959,5228.1,no
34,blue-collar,married,basic.4y,no,yes,no,telephone,jun,fri,375,1,999,0,nonexistent,1.4,94.465,-41.8,4.959,5228.1,no
50,technician,married,high.school,unknown,yes,yes,telephone,jun,fri,111,1,999,0,nonexistent,1.4,94.465,-41.8,4.959,5228.1,no
56,technician,married,professional.course,unknown,no,no,telephone,jun,fri,35,1,999,0,nonexistent,1.4,94.465,-41.8,4.959,5228.1,no
38,services,married,high.school,no,no,no,telephone,jun,fri,124,1,999,0,nonexistent,1.4,94.465,-41.8,4.959,5228.1,no
29,admin.,married,university.degree,no,no,no,telephone,jun,fri,45,1,999,0,nonexistent,1.4,94.465,-41.8,4.959,5228.1,no
47,technician,married,professional.course,no,yes,yes,telephone,jun,fri,577,1,999,0,nonexistent,1.4,94.465,-41.8,4.959,5228.1,no
47,admin.,married,university.degree,no,no,no,telephone,jun,fri,134,1,999,0,nonexistent,1.4,94.465,-41.8,4.959,5228.1,no
28,blue-collar,married,basic.9y,unknown,no,no,telephone,jun,fri,325,1,999,0,nonexistent,1.4,94.465,-41.8,4.959,5228.1,no
35,blue-collar,married,basic.6y,no,no,no,telephone,jun,fri,170,1,999,0,nonexistent,1.4,94.465,-41.8,4.959,5228.1,no
45,blue-collar,married,basic.9y,no,no,yes,telephone,jun,fri,124,1,999,0,nonexistent,1.4,94.465,-41.8,4.959,5228.1,no
46,blue-collar,married,basic.6y,no,no,no,telephone,jun,fri,111,1,999,0,nonexistent,1.4,94.465,-41.8,4.959,5228.1,no
31,housemaid,married,basic.4y,unknown,unknown,unknown,telephone,jun,fri,40,1,999,0,nonexistent,1.4,94.465,-41.8,4.959,5228.1,no
39,blue-collar,married,high.school,no,yes,no,telephone,jun,fri,368,2,999,0,nonexistent,1.4,94.465,-41.8,4.959,5228.1,no
31,admin.,single,university.degree,no,no,no,telephone,jun,fri,25,3,999,0,nonexistent,1.4,94.465,-41.8,4.959,5228.1,no
49,management,married,university.degree,no,yes,no,telephone,jun,fri,41,1,999,0,nonexistent,1.4,94.465,-41.8,4.959,5228.1,no
38,admin.,single,basic.9y,no,no,no,telephone,jun,fri,361,1,999,0,nonexistent,1.4,94.465,-41.8,4.959,5228.1,no
48,blue-collar,married,basic.4y,no,yes,no,telephone,jun,fri,493,1,999,0,nonexistent,1.4,94.465,-41.8,4.959,5228.1,no
48,blue-collar,married,basic.4y,no,no,no,telephone,jun,fri,470,1,999,0,nonexistent,1.4,94.465,-41.8,4.959,5228.1,no
47,blue-collar,divorced,basic.4y,no,yes,no,telephone,jun,fri,48,1,999,0,nonexistent,1.4,94.465,-41.8,4.959,5228.1,no
46,admin.,married,basic.9y,unknown,yes,no,telephone,jun,fri,856,3,999,0,nonexistent,1.4,94.465,-41.8,4.959,5228.1,yes
49,admin.,divorced,university.degree,no,yes,no,telephone,jun,fri,606,1,999,0,nonexistent,1.4,94.465,-41.8,4.959,5228.1,no
29,blue-collar,single,basic.9y,no,no,no,telephone,jun,fri,153,1,999,0,nonexistent,1.4,94.465,-41.8,4.959,5228.1,no
45,blue-collar,married,basic.9y,unknown,no,yes,telephone,jun,fri,1210,1,999,0,nonexistent,1.4,94.465,-41.8,4.959,5228.1,yes
40,self-employed,married,professional.course,no,yes,yes,telephone,jun,fri,716,2,999,0,nonexistent,1.4,94.465,-41.8,4.959,5228.1,yes
49,technician,divorced,unknown,no,unknown,unknown,telephone,jun,fri,158,1,999,0,nonexistent,1.4,94.465,-41.8,4.959,5228.1,no
29,blue-collar,single,basic.9y,no,unknown,unknown,telephone,jun,fri,158,1,999,0,nonexistent,1.4,94.465,-41.8,4.959,5228.1,no
29,blue-collar,single,basic.9y,no,no,no,telephone,jun,fri,139,1,999,0,nonexistent,1.4,94.465,-41.8,4.959,5228.1,no
52,entrepreneur,married,high.school,no,yes,no,telephone,jun,fri,273,1,999,0,nonexistent,1.4,94.465,-41.8,4.959,5228.1,no
29,blue-collar,single,basic.9y,no,unknown,unknown,telephone,jun,fri,364,1,999,0,nonexistent,1.4,94.465,-41.8,4.959,5228.1,no
58,entrepreneur,married,university.degree,unknown,no,no,telephone,jun,fri,218,1,999,0,nonexistent,1.4,94.465,-41.8,4.959,5228.1,no
34,management,married,university.degree,no,yes,no,telephone,jun,fri,280,1,999,0,nonexistent,1.4,94.465,-41.8,4.959,5228.1,no
35,entrepreneur,married,university.degree,no,no,no,telephone,jun,fri,109,1,999,0,nonexistent,1.4,94.465,-41.8,4.959,5228.1,no
49,blue-collar,married,basic.4y,unknown,no,no,telephone,jun,fri,115,1,999,0,nonexistent,1.4,94.465,-41.8,4.959,5228.1,no
49,blue-collar,married,basic.4y,unknown,unknown,unknown,telephone,jun,fri,25,1,999,0,nonexistent,1.4,94.465,-41.8,4.959,5228.1,no
56,retired,divorced,basic.4y,unknown,no,no,telephone,jun,fri,75,4,999,0,nonexistent,1.4,94.465,-41.8,4.959,5228.1,no
34,admin.,married,university.degree,no,no,no,telephone,jun,fri,64,1,999,0,nonexistent,1.4,94.465,-41.8,4.959,5228.1,no
29,admin.,married,university.degree,no,yes,yes,telephone,jun,fri,95,2,999,0,nonexistent,1.4,94.465,-41.8,4.959,5228.1,no
40,blue-collar,married,basic.9y,no,no,no,telephone,jun,fri,231,1,999,0,nonexistent,1.4,94.465,-41.8,4.959,5228.1,no
59,retired,divorced,basic.4y,unknown,yes,no,telephone,jun,fri,39,2,999,0,nonexistent,1.4,94.465,-41.8,4.959,5228.1,no
37,admin.,married,high.school,unknown,yes,no,telephone,jun,fri,21,1,999,0,nonexistent,1.4,94.465,-41.8,4.959,5228.1,no
37,housemaid,married,high.school,no,no,yes,telephone,jun,fri,31,1,999,0,nonexistent,1.4,94.465,-41.8,4.959,5228.1,no
49,blue-collar,married,basic.4y,unknown,no,no,telephone,jun,fri,838,1,999,0,nonexistent,1.4,94.465,-41.8,4.959,5228.1,yes
40,management,married,university.degree,no,no,no,telephone,jun,fri,64,1,999,0,nonexistent,1.4,94.465,-41.8,4.959,5228.1,no
57,management,married,university.degree,no,no,no,telephone,jun,fri,1276,1,999,0,nonexistent,1.4,94.465,-41.8,4.959,5228.1,no
37,technician,married,basic.6y,no,yes,no,telephone,jun,fri,27,1,999,0,nonexistent,1.4,94.465,-41.8,4.959,5228.1,no
40,blue-collar,divorced,basic.9y,unknown,yes,no,telephone,jun,fri,100,1,999,0,nonexistent,1.4,94.465,-41.8,4.959,5228.1,no
40,technician,divorced,university.degree,no,yes,yes,telephone,jun,fri,188,1,999,0,nonexistent,1.4,94.465,-41.8,4.959,5228.1,no
47,unknown,married,unknown,unknown,yes,no,telephone,jun,fri,141,1,999,0,nonexistent,1.4,94.465,-41.8,4.959,5228.1,no
40,blue-collar,married,unknown,unknown,no,no,telephone,jun,fri,144,1,999,0,nonexistent,1.4,94.465,-41.8,4.959,5228.1,no
50,services,divorced,professional.course,no,yes,no,telephone,jun,fri,329,1,999,0,nonexistent,1.4,94.465,-41.8,4.959,5228.1,no
34,admin.,divorced,basic.9y,no,yes,no,telephone,jun,fri,45,4,999,0,nonexistent,1.4,94.465,-41.8,4.959,5228.1,no
46,blue-collar,married,basic.6y,no,no,no,telephone,jun,fri,98,1,999,0,nonexistent,1.4,94.465,-41.8,4.959,5228.1,no
53,unknown,married,unknown,no,no,no,telephone,jun,fri,258,18,999,0,nonexistent,1.4,94.465,-41.8,4.959,5228.1,no
30,technician,married,professional.course,no,no,no,telephone,jun,fri,269,1,999,0,nonexistent,1.4,94.465,-41.8,4.959,5228.1,no
32,services,single,basic.6y,no,yes,no,telephone,jun,fri,307,3,999,0,nonexistent,1.4,94.465,-41.8,4.959,5228.1,no
46,entrepreneur,divorced,high.school,no,no,no,telephone,jun,fri,485,3,999,0,nonexistent,1.4,94.465,-41.8,4.959,5228.1,no
32,services,married,high.school,unknown,no,no,telephone,jun,fri,174,1,999,0,nonexistent,1.4,94.465,-41.8,4.959,5228.1,no
37,services,married,high.school,no,unknown,unknown,telephone,jun,fri,283,3,999,0,nonexistent,1.4,94.465,-41.8,4.959,5228.1,no
42,blue-collar,married,basic.6y,unknown,no,no,telephone,jun,fri,1098,2,999,0,nonexistent,1.4,94.465,-41.8,4.959,5228.1,yes
49,admin.,divorced,high.school,no,yes,no,telephone,jun,fri,115,20,999,0,nonexistent,1.4,94.465,-41.8,4.959,5228.1,no
37,entrepreneur,married,university.degree,no,no,no,telephone,jun,fri,351,2,999,0,nonexistent,1.4,94.465,-41.8,4.959,5228.1,no
42,unemployed,married,high.school,unknown,no,no,telephone,jun,fri,89,1,999,0,nonexistent,1.4,94.465,-41.8,4.959,5228.1,no
24,entrepreneur,single,high.school,no,yes,no,telephone,jun,fri,113,1,999,0,nonexistent,1.4,94.465,-41.8,4.959,5228.1,no
57,retired,married,high.school,no,yes,yes,telephone,jun,fri,471,2,999,0,nonexistent,1.4,94.465,-41.8,4.959,5228.1,no
47,services,married,high.school,no,yes,no,telephone,jun,fri,256,8,999,0,nonexistent,1.4,94.465,-41.8,4.959,5228.1,no
47,services,married,basic.6y,no,no,no,telephone,jun,fri,108,1,999,0,nonexistent,1.4,94.465,-41.8,4.959,5228.1,no
38,services,married,basic.9y,no,unknown,unknown,telephone,jun,fri,48,1,999,0,nonexistent,1.4,94.465,-41.8,4.959,5228.1,no
43,blue-collar,married,basic.4y,unknown,no,yes,telephone,jun,fri,35,1,999,0,nonexistent,1.4,94.465,-41.8,4.959,5228.1,no
51,unemployed,married,basic.9y,unknown,no,no,telephone,jun,fri,375,2,999,0,nonexistent,1.4,94.465,-41.8,4.959,5228.1,no
48,blue-collar,married,basic.4y,no,no,no,telephone,jun,fri,63,1,999,0,nonexistent,1.4,94.465,-41.8,4.959,5228.1,no
36,services,married,high.school,no,no,no,telephone,jun,fri,166,1,999,0,nonexistent,1.4,94.465,-41.8,4.959,5228.1,no
32,blue-collar,married,basic.9y,no,yes,no,telephone,jun,fri,123,3,999,0,nonexistent,1.4,94.465,-41.8,4.959,5228.1,no
26,management,single,university.degree,no,no,no,telephone,jun,fri,633,1,999,0,nonexistent,1.4,94.465,-41.8,4.959,5228.1,no
37,services,single,university.degree,no,no,no,telephone,jun,fri,160,1,999,0,nonexistent,1.4,94.465,-41.8,4.959,5228.1,no
45,entrepreneur,married,basic.9y,unknown,no,no,telephone,jun,fri,326,1,999,0,nonexistent,1.4,94.465,-41.8,4.959,5228.1,no
52,admin.,divorced,university.degree,no,yes,no,telephone,jun,fri,245,3,999,0,nonexistent,1.4,94.465,-41.8,4.959,5228.1,no
60,retired,divorced,university.degree,no,yes,no,telephone,jun,fri,98,4,999,0,nonexistent,1.4,94.465,-41.8,4.959,5228.1,no
45,management,married,basic.9y,no,yes,no,telephone,jun,fri,37,4,999,0,nonexistent,1.4,94.465,-41.8,4.959,5228.1,no
49,blue-collar,married,basic.9y,unknown,no,no,telephone,jun,fri,95,1,999,0,nonexistent,1.4,94.465,-41.8,4.959,5228.1,no
40,admin.,married,high.school,no,no,no,telephone,jun,fri,374,1,999,0,nonexistent,1.4,94.465,-41.8,4.959,5228.1,no
36,admin.,married,university.degree,no,yes,yes,telephone,jun,fri,172,2,999,0,nonexistent,1.4,94.465,-41.8,4.959,5228.1,no
35,technician,married,professional.course,no,yes,no,telephone,jun,fri,74,2,999,0,nonexistent,1.4,94.465,-41.8,4.959,5228.1,no
38,blue-collar,married,basic.4y,unknown,no,no,telephone,jun,fri,174,3,999,0,nonexistent,1.4,94.465,-41.8,4.959,5228.1,no
38,admin.,single,basic.9y,no,no,yes,telephone,jun,fri,111,3,999,0,nonexistent,1.4,94.465,-41.8,4.959,5228.1,no
41,blue-collar,married,basic.9y,unknown,no,no,telephone,jun,fri,256,2,999,0,nonexistent,1.4,94.465,-41.8,4.959,5228.1,no
43,unemployed,married,professional.course,no,no,no,telephone,jun,fri,38,2,999,0,nonexistent,1.4,94.465,-41.8,4.959,5228.1,no
52,blue-collar,married,basic.9y,no,no,no,telephone,jun,fri,205,4,999,0,nonexistent,1.4,94.465,-41.8,4.959,5228.1,no
56,technician,married,unknown,no,yes,no,telephone,jun,fri,471,2,999,0,nonexistent,1.4,94.465,-41.8,4.959,5228.1,no
28,student,single,professional.course,no,no,no,telephone,jun,fri,168,2,999,0,nonexistent,1.4,94.465,-41.8,4.959,5228.1,no
36,housemaid,married,high.school,no,yes,no,telephone,jun,fri,19,11,999,0,nonexistent,1.4,94.465,-41.8,4.959,5228.1,no
53,retired,married,high.school,unknown,yes,no,telephone,jun,fri,211,2,999,0,nonexistent,1.4,94.465,-41.8,4.959,5228.1,no
25,admin.,married,high.school,no,yes,no,telephone,jun,fri,534,3,999,0,nonexistent,1.4,94.465,-41.8,4.959,5228.1,no
50,services,divorced,unknown,no,no,no,telephone,jun,fri,250,3,999,0,nonexistent,1.4,94.465,-41.8,4.959,5228.1,no
29,technician,single,university.degree,no,yes,yes,telephone,jun,fri,1149,2,999,0,nonexistent,1.4,94.465,-41.8,4.959,5228.1,yes
50,blue-collar,married,basic.9y,unknown,yes,no,telephone,jun,fri,343,2,999,0,nonexistent,1.4,94.465,-41.8,4.959,5228.1,no
52,retired,married,high.school,unknown,yes,yes,telephone,jun,fri,141,2,999,0,nonexistent,1.4,94.465,-41.8,4.959,5228.1,no
31,blue-collar,married,basic.6y,no,no,no,telephone,jun,fri,1573,5,999,0,nonexistent,1.4,94.465,-41.8,4.959,5228.1,yes
52,retired,married,high.school,unknown,no,no,telephone,jun,fri,181,2,999,0,nonexistent,1.4,94.465,-41.8,4.959,5228.1,no
34,blue-collar,married,basic.9y,no,yes,no,telephone,jun,fri,232,2,999,0,nonexistent,1.4,94.465,-41.8,4.959,5228.1,no
50,technician,married,professional.course,unknown,yes,yes,telephone,jun,fri,705,7,999,0,nonexistent,1.4,94.465,-41.8,4.959,5228.1,yes
45,management,married,university.degree,no,no,no,telephone,jun,fri,126,5,999,0,nonexistent,1.4,94.465,-41.8,4.959,5228.1,no
36,self-employed,single,university.degree,no,no,no,telephone,jun,fri,237,3,999,0,nonexistent,1.4,94.465,-41.8,4.959,5228.1,no
41,blue-collar,married,basic.4y,unknown,yes,no,telephone,jun,fri,174,3,999,0,nonexistent,1.4,94.465,-41.8,4.959,5228.1,no
42,admin.,married,basic.6y,no,no,no,telephone,jun,fri,26,17,999,0,nonexistent,1.4,94.465,-41.8,4.959,5228.1,no
41,blue-collar,married,basic.9y,no,yes,yes,telephone,jun,fri,109,3,999,0,nonexistent,1.4,94.465,-41.8,4.959,5228.1,no
35,blue-collar,married,basic.9y,unknown,yes,no,telephone,jun,fri,288,2,999,0,nonexistent,1.4,94.465,-41.8,4.959,5228.1,no
52,admin.,married,high.school,no,yes,no,telephone,jun,fri,84,3,999,0,nonexistent,1.4,94.465,-41.8,4.959,5228.1,no
38,blue-collar,married,basic.4y,no,yes,yes,telephone,jun,fri,11,3,999,0,nonexistent,1.4,94.465,-41.8,4.959,5228.1,no
35,blue-collar,married,basic.6y,no,yes,no,telephone,jun,fri,44,2,999,0,nonexistent,1.4,94.465,-41.8,4.959,5228.1,no
32,blue-collar,married,professional.course,no,yes,no,telephone,jun,fri,446,1,999,0,nonexistent,1.4,94.465,-41.8,4.959,5228.1,no
45,management,married,university.degree,no,yes,no,telephone,jun,fri,398,1,999,0,nonexistent,1.4,94.465,-41.8,4.959,5228.1,no
36,blue-collar,married,basic.9y,no,yes,no,telephone,jun,fri,560,3,999,0,nonexistent,1.4,94.465,-41.8,4.959,5228.1,yes
41,management,married,university.degree,no,yes,no,telephone,jun,fri,248,1,999,0,nonexistent,1.4,94.465,-41.8,4.959,5228.1,no
54,blue-collar,divorced,basic.4y,unknown,no,no,telephone,jun,fri,124,2,999,0,nonexistent,1.4,94.465,-41.8,4.959,5228.1,no
55,unemployed,married,high.school,no,no,no,telephone,jun,fri,154,8,999,0,nonexistent,1.4,94.465,-41.8,4.959,5228.1,no
29,technician,married,professional.course,no,yes,no,telephone,jun,fri,1617,1,999,0,nonexistent,1.4,94.465,-41.8,4.959,5228.1,yes
39,technician,single,professional.course,no,yes,no,telephone,jun,fri,127,2,999,0,nonexistent,1.4,94.465,-41.8,4.959,5228.1,no
58,blue-collar,married,basic.4y,no,yes,no,telephone,jun,fri,165,2,999,0,nonexistent,1.4,94.465,-41.8,4.959,5228.1,no
36,admin.,married,university.degree,no,yes,yes,telephone,jun,fri,170,2,999,0,nonexistent,1.4,94.465,-41.8,4.959,5228.1,no
44,services,married,high.school,no,yes,no,telephone,jun,fri,618,4,999,0,nonexistent,1.4,94.465,-41.8,4.959,5228.1,no
38,blue-collar,married,basic.9y,unknown,no,no,telephone,jun,fri,1478,5,999,0,nonexistent,1.4,94.465,-41.8,4.959,5228.1,no
33,admin.,married,professional.course,no,no,no,telephone,jun,fri,110,4,999,0,nonexistent,1.4,94.465,-41.8,4.959,5228.1,no
58,management,married,basic.6y,no,no,no,telephone,jun,fri,40,4,999,0,nonexistent,1.4,94.465,-41.8,4.959,5228.1,no
58,blue-collar,married,basic.4y,unknown,yes,no,telephone,jun,fri,570,2,999,0,nonexistent,1.4,94.465,-41.8,4.959,5228.1,yes
50,admin.,divorced,high.school,no,no,no,telephone,jun,fri,519,2,999,0,nonexistent,1.4,94.465,-41.8,4.959,5228.1,no
44,admin.,divorced,university.degree,no,no,no,telephone,jun,fri,39,2,999,0,nonexistent,1.4,94.465,-41.8,4.959,5228.1,no
33,admin.,married,high.school,no,yes,no,telephone,jun,fri,36,2,999,0,nonexistent,1.4,94.465,-41.8,4.959,5228.1,no
36,self-employed,divorced,basic.4y,no,no,no,telephone,jun,fri,825,2,999,0,nonexistent,1.4,94.465,-41.8,4.959,5228.1,no
44,blue-collar,married,basic.4y,unknown,no,no,telephone,jun,fri,263,3,999,0,nonexistent,1.4,94.465,-41.8,4.959,5228.1,no
43,admin.,married,high.school,no,no,no,telephone,jun,fri,1422,10,999,0,nonexistent,1.4,94.465,-41.8,4.959,5228.1,yes
31,blue-collar,married,basic.6y,no,yes,no,telephone,jun,fri,55,12,999,0,nonexistent,1.4,94.465,-41.8,4.959,5228.1,no
27,services,married,high.school,no,yes,no,telephone,jun,fri,172,3,999,0,nonexistent,1.4,94.465,-41.8,4.959,5228.1,no
49,blue-collar,married,basic.4y,unknown,yes,no,telephone,jun,fri,553,2,999,0,nonexistent,1.4,94.465,-41.8,4.959,5228.1,no
35,blue-collar,married,basic.9y,no,no,no,telephone,jun,fri,15,3,999,0,nonexistent,1.4,94.465,-41.8,4.959,5228.1,no
48,blue-collar,married,basic.9y,unknown,no,no,telephone,jun,fri,81,10,999,0,nonexistent,1.4,94.465,-41.8,4.959,5228.1,no
47,services,married,basic.6y,no,yes,yes,telephone,jun,fri,150,2,999,0,nonexistent,1.4,94.465,-41.8,4.959,5228.1,no
36,blue-collar,married,professional.course,unknown,yes,no,telephone,jun,fri,324,5,999,0,nonexistent,1.4,94.465,-41.8,4.959,5228.1,no
42,blue-collar,married,basic.9y,unknown,yes,no,telephone,jun,fri,93,2,999,0,nonexistent,1.4,94.465,-41.8,4.959,5228.1,no
59,retired,married,basic.4y,unknown,no,yes,telephone,jun,fri,62,3,999,0,nonexistent,1.4,94.465,-41.8,4.959,5228.1,no
54,technician,married,high.school,no,yes,no,telephone,jun,fri,47,2,999,0,nonexistent,1.4,94.465,-41.8,4.959,5228.1,no
53,blue-collar,married,basic.9y,unknown,yes,yes,telephone,jun,fri,16,20,999,0,nonexistent,1.4,94.465,-41.8,4.959,5228.1,no
27,admin.,single,university.degree,no,no,no,telephone,jun,fri,134,2,999,0,nonexistent,1.4,94.465,-41.8,4.959,5228.1,no
44,unemployed,married,basic.9y,no,no,no,telephone,jun,fri,9,8,999,0,nonexistent,1.4,94.465,-41.8,4.959,5228.1,no
35,management,divorced,high.school,no,yes,no,telephone,jun,fri,176,4,999,0,nonexistent,1.4,94.465,-41.8,4.959,5228.1,no
26,blue-collar,married,basic.4y,no,no,no,telephone,jun,fri,25,5,999,0,nonexistent,1.4,94.465,-41.8,4.959,5228.1,no
43,technician,married,high.school,no,yes,no,telephone,jun,fri,17,37,999,0,nonexistent,1.4,94.465,-41.8,4.959,5228.1,no
33,services,single,high.school,no,no,no,telephone,jun,fri,9,18,999,0,nonexistent,1.4,94.465,-41.8,4.959,5228.1,no
36,blue-collar,single,basic.9y,unknown,unknown,unknown,telephone,jun,fri,25,3,999,0,nonexistent,1.4,94.465,-41.8,4.959,5228.1,no
35,admin.,married,high.school,no,yes,yes,telephone,jun,fri,14,9,999,0,nonexistent,1.4,94.465,-41.8,4.959,5228.1,no
46,technician,divorced,professional.course,unknown,yes,no,telephone,jun,fri,365,3,999,0,nonexistent,1.4,94.465,-41.8,4.959,5228.1,no
56,blue-collar,married,basic.4y,no,no,no,telephone,jun,fri,11,5,999,0,nonexistent,1.4,94.465,-41.8,4.959,5228.1,no
28,admin.,single,university.degree,no,yes,no,telephone,jun,fri,12,14,999,0,nonexistent,1.4,94.465,-41.8,4.959,5228.1,no
54,unemployed,married,basic.9y,no,no,no,telephone,jun,fri,8,10,999,0,nonexistent,1.4,94.465,-41.8,4.959,5228.1,no
29,admin.,married,university.degree,no,no,yes,telephone,jun,fri,76,3,999,0,nonexistent,1.4,94.465,-41.8,4.959,5228.1,no
40,admin.,married,high.school,no,no,no,telephone,jun,fri,9,3,999,0,nonexistent,1.4,94.465,-41.8,4.959,5228.1,no
38,blue-collar,single,university.degree,unknown,no,no,telephone,jun,fri,13,5,999,0,nonexistent,1.4,94.465,-41.8,4.959,5228.1,no
28,blue-collar,married,basic.9y,unknown,no,yes,telephone,jun,fri,17,5,999,0,nonexistent,1.4,94.465,-41.8,4.959,5228.1,no
46,admin.,married,high.school,no,no,no,telephone,jun,fri,47,4,999,0,nonexistent,1.4,94.465,-41.8,4.959,5228.1,no
36,blue-collar,married,basic.9y,no,yes,yes,telephone,jun,fri,31,14,999,0,nonexistent,1.4,94.465,-41.8,4.959,5228.1,no
43,services,married,basic.4y,unknown,no,no,telephone,jun,fri,8,12,999,0,nonexistent,1.4,94.465,-41.8,4.959,5228.1,no
42,management,married,basic.6y,unknown,no,no,telephone,jun,fri,8,2,999,0,nonexistent,1.4,94.465,-41.8,4.959,5228.1,no
58,admin.,married,unknown,unknown,yes,no,telephone,jun,fri,158,5,999,0,nonexistent,1.4,94.465,-41.8,4.959,5228.1,no
35,blue-collar,single,basic.6y,no,no,no,telephone,jun,fri,81,2,999,0,nonexistent,1.4,94.465,-41.8,4.959,5228.1,no
52,management,married,unknown,unknown,yes,no,telephone,jun,fri,14,13,999,0,nonexistent,1.4,94.465,-41.8,4.959,5228.1,no
27,services,single,high.school,unknown,yes,yes,telephone,jun,fri,25,26,999,0,nonexistent,1.4,94.465,-41.8,4.959,5228.1,no
28,services,married,unknown,no,no,no,telephone,jun,fri,9,2,999,0,nonexistent,1.4,94.465,-41.8,4.959,5228.1,no
56,self-employed,single,basic.9y,unknown,no,no,telephone,jun,fri,154,2,999,0,nonexistent,1.4,94.465,-41.8,4.959,5228.1,no
37,blue-collar,married,unknown,no,no,no,telephone,jun,fri,34,3,999,0,nonexistent,1.4,94.465,-41.8,4.959,5228.1,no
36,technician,single,unknown,no,no,no,telephone,jun,fri,264,6,999,0,nonexistent,1.4,94.465,-41.8,4.959,5228.1,no
48,management,married,university.degree,no,no,no,telephone,jun,fri,29,3,999,0,nonexistent,1.4,94.465,-41.8,4.959,5228.1,no
32,admin.,single,university.degree,unknown,no,yes,telephone,jun,fri,13,11,999,0,nonexistent,1.4,94.465,-41.8,4.959,5228.1,no
48,blue-collar,married,basic.4y,no,no,no,telephone,jun,fri,29,2,999,0,nonexistent,1.4,94.465,-41.8,4.959,5228.1,no
49,services,married,high.school,no,yes,no,telephone,jun,fri,25,3,999,0,nonexistent,1.4,94.465,-41.8,4.959,5228.1,no
43,admin.,single,professional.course,no,no,yes,telephone,jun,fri,10,14,999,0,nonexistent,1.4,94.465,-41.8,4.959,5228.1,no
31,admin.,single,university.degree,no,no,no,telephone,jun,fri,34,29,999,0,nonexistent,1.4,94.465,-41.8,4.959,5228.1,no
35,services,single,high.school,no,no,no,telephone,jun,fri,17,14,999,0,nonexistent,1.4,94.465,-41.8,4.959,5228.1,no
35,technician,single,professional.course,no,unknown,unknown,telephone,jun,fri,14,21,999,0,nonexistent,1.4,94.465,-41.8,4.959,5228.1,no
58,blue-collar,married,unknown,no,yes,no,telephone,jun,fri,29,3,999,0,nonexistent,1.4,94.465,-41.8,4.959,5228.1,no
46,housemaid,married,basic.4y,no,no,no,telephone,jun,fri,134,10,999,0,nonexistent,1.4,94.465,-41.8,4.959,5228.1,no
55,admin.,divorced,university.degree,no,yes,no,telephone,jun,fri,17,6,999,0,nonexistent,1.4,94.465,-41.8,4.959,5228.1,no
41,technician,married,professional.course,no,no,no,telephone,jun,fri,268,3,999,0,nonexistent,1.4,94.465,-41.8,4.959,5228.1,no
34,admin.,married,university.degree,no,yes,no,telephone,jun,fri,22,5,999,0,nonexistent,1.4,94.465,-41.8,4.959,5228.1,no
41,admin.,married,high.school,no,yes,no,telephone,jun,fri,82,2,999,0,nonexistent,1.4,94.465,-41.8,4.959,5228.1,no
28,blue-collar,married,basic.6y,unknown,yes,no,telephone,jun,fri,652,3,999,0,nonexistent,1.4,94.465,-41.8,4.959,5228.1,no
33,blue-collar,single,basic.9y,no,no,no,telephone,jun,fri,16,18,999,0,nonexistent,1.4,94.465,-41.8,4.959,5228.1,no
46,blue-collar,divorced,basic.6y,no,yes,yes,telephone,jun,fri,9,13,999,0,nonexistent,1.4,94.465,-41.8,4.959,5228.1,no
59,retired,married,professional.course,unknown,yes,no,telephone,jun,fri,435,4,999,0,nonexistent,1.4,94.465,-41.8,4.959,5228.1,no
46,admin.,married,high.school,no,no,no,telephone,jun,fri,10,2,999,0,nonexistent,1.4,94.465,-41.8,4.959,5228.1,no
29,admin.,single,university.degree,no,no,no,telephone,jun,fri,123,4,999,0,nonexistent,1.4,94.465,-41.8,4.959,5228.1,no
39,entrepreneur,divorced,university.degree,no,no,no,telephone,jun,fri,8,4,999,0,nonexistent,1.4,94.465,-41.8,4.959,5228.1,no
53,blue-collar,married,basic.4y,no,no,yes,telephone,jun,fri,16,22,999,0,nonexistent,1.4,94.465,-41.8,4.959,5228.1,no
35,admin.,married,high.school,no,no,no,telephone,jun,fri,179,21,999,0,nonexistent,1.4,94.465,-41.8,4.959,5228.1,no
41,blue-collar,married,basic.9y,no,yes,no,telephone,jun,fri,13,3,999,0,nonexistent,1.4,94.465,-41.8,4.959,5228.1,no
39,services,divorced,basic.9y,no,yes,no,telephone,jun,fri,524,4,999,0,nonexistent,1.4,94.465,-41.8,4.959,5228.1,no
58,retired,married,professional.course,unknown,no,no,telephone,jun,fri,74,5,999,0,nonexistent,1.4,94.465,-41.8,4.959,5228.1,no
57,entrepreneur,married,basic.9y,unknown,yes,no,telephone,jun,fri,850,3,999,0,nonexistent,1.4,94.465,-41.8,4.959,5228.1,no
43,technician,married,basic.9y,unknown,yes,yes,telephone,jun,fri,818,2,999,0,nonexistent,1.4,94.465,-41.8,4.959,5228.1,no
37,admin.,married,basic.6y,no,no,no,telephone,jun,fri,126,14,999,0,nonexistent,1.4,94.465,-41.8,4.959,5228.1,no
33,services,single,high.school,no,no,no,telephone,jun,fri,15,3,999,0,nonexistent,1.4,94.465,-41.8,4.959,5228.1,no
54,services,married,high.school,no,no,no,telephone,jun,fri,7,20,999,0,nonexistent,1.4,94.465,-41.8,4.959,5228.1,no
58,blue-collar,married,professional.course,no,no,no,telephone,jun,fri,15,12,999,0,nonexistent,1.4,94.465,-41.8,4.959,5228.1,no
42,technician,married,university.degree,no,no,no,telephone,jun,fri,4,20,999,0,nonexistent,1.4,94.465,-41.8,4.959,5228.1,no
39,services,married,high.school,unknown,no,no,telephone,jun,fri,32,9,999,0,nonexistent,1.4,94.465,-41.8,4.959,5228.1,no
44,technician,single,basic.6y,unknown,no,no,telephone,jun,fri,8,9,999,0,nonexistent,1.4,94.465,-41.8,4.959,5228.1,no
57,retired,married,university.degree,no,yes,no,telephone,jun,fri,12,5,999,0,nonexistent,1.4,94.465,-41.8,4.959,5228.1,no
48,retired,married,unknown,unknown,yes,no,telephone,jun,fri,9,5,999,0,nonexistent,1.4,94.465,-41.8,4.959,5228.1,no
45,admin.,divorced,university.degree,unknown,unknown,unknown,telephone,jun,fri,8,12,999,0,nonexistent,1.4,94.465,-41.8,4.959,5228.1,no
37,admin.,divorced,high.school,no,yes,no,telephone,jun,fri,7,12,999,0,nonexistent,1.4,94.465,-41.8,4.959,5228.1,no
26,admin.,single,basic.9y,no,no,no,telephone,jun,fri,11,3,999,0,nonexistent,1.4,94.465,-41.8,4.959,5228.1,no
57,management,married,university.degree,no,no,yes,telephone,jun,fri,20,4,999,0,nonexistent,1.4,94.465,-41.8,4.959,5228.1,no
31,student,single,unknown,unknown,yes,no,telephone,jun,fri,16,8,999,0,nonexistent,1.4,94.465,-41.8,4.959,5228.1,no
45,blue-collar,married,basic.6y,unknown,yes,no,telephone,jun,fri,26,11,999,0,nonexistent,1.4,94.465,-41.8,4.959,5228.1,no
36,blue-collar,married,high.school,no,no,no,telephone,jun,fri,285,4,999,0,nonexistent,1.4,94.465,-41.8,4.959,5228.1,no
56,technician,divorced,basic.9y,no,yes,no,telephone,jun,fri,39,8,999,0,nonexistent,1.4,94.465,-41.8,4.959,5228.1,no
36,admin.,single,high.school,unknown,yes,no,telephone,jun,fri,16,3,999,0,nonexistent,1.4,94.465,-41.8,4.959,5228.1,no
34,management,married,university.degree,no,yes,no,telephone,jun,fri,37,3,999,0,nonexistent,1.4,94.465,-41.8,4.959,5228.1,no
53,services,married,basic.9y,unknown,yes,no,telephone,jun,fri,9,4,999,0,nonexistent,1.4,94.465,-41.8,4.959,5228.1,no
55,admin.,married,high.school,no,yes,no,telephone,jun,fri,7,3,999,0,nonexistent,1.4,94.465,-41.8,4.959,5228.1,no
34,blue-collar,single,basic.6y,no,yes,yes,telephone,jun,fri,205,5,999,0,nonexistent,1.4,94.465,-41.8,4.959,5228.1,no
39,blue-collar,married,basic.4y,unknown,no,no,telephone,jun,fri,27,16,999,0,nonexistent,1.4,94.465,-41.8,4.959,5228.1,no
53,management,married,basic.9y,unknown,yes,no,telephone,jun,fri,376,7,999,0,nonexistent,1.4,94.465,-41.8,4.959,5228.1,no
30,admin.,divorced,high.school,no,yes,no,telephone,jun,fri,9,4,999,0,nonexistent,1.4,94.465,-41.8,4.959,5228.1,no
31,management,single,university.degree,unknown,yes,no,telephone,jun,fri,15,4,999,0,nonexistent,1.4,94.465,-41.8,4.959,5228.1,no
35,services,married,basic.6y,no,yes,no,telephone,jun,fri,46,10,999,0,nonexistent,1.4,94.465,-41.8,4.959,5228.1,no
40,housemaid,single,university.degree,no,yes,no,telephone,jun,fri,253,2,999,0,nonexistent,1.4,94.465,-41.8,4.959,5228.1,no
49,technician,married,professional.course,no,yes,no,telephone,jun,fri,10,14,999,0,nonexistent,1.4,94.465,-41.8,4.959,5228.1,no
26,blue-collar,single,basic.9y,unknown,no,yes,telephone,jun,fri,175,14,999,0,nonexistent,1.4,94.465,-41.8,4.959,5228.1,no
56,retired,married,basic.6y,no,yes,no,telephone,jun,fri,51,19,999,0,nonexistent,1.4,94.465,-41.8,4.959,5228.1,no
58,retired,married,basic.4y,no,no,no,telephone,jun,fri,407,2,999,0,nonexistent,1.4,94.465,-41.8,4.959,5228.1,no
52,technician,married,university.degree,unknown,no,no,telephone,jun,fri,10,3,999,0,nonexistent,1.4,94.465,-41.8,4.959,5228.1,no
30,services,single,high.school,no,yes,no,telephone,jun,fri,9,2,999,0,nonexistent,1.4,94.465,-41.8,4.959,5228.1,no
31,blue-collar,single,basic.4y,no,no,no,telephone,jun,fri,110,3,999,0,nonexistent,1.4,94.465,-41.8,4.959,5228.1,no
34,admin.,married,university.degree,no,no,no,telephone,jun,fri,11,2,999,0,nonexistent,1.4,94.465,-41.8,4.959,5228.1,no
36,self-employed,married,professional.course,no,no,no,telephone,jun,fri,161,3,999,0,nonexistent,1.4,94.465,-41.8,4.959,5228.1,no
43,management,married,university.degree,no,no,no,telephone,jun,fri,13,5,999,0,nonexistent,1.4,94.465,-41.8,4.959,5228.1,no
35,entrepreneur,married,university.degree,no,no,no,telephone,jun,fri,79,4,999,0,nonexistent,1.4,94.465,-41.8,4.959,5228.1,no
38,technician,divorced,professional.course,no,yes,no,telephone,jun,fri,212,8,999,0,nonexistent,1.4,94.465,-41.8,4.959,5228.1,no
55,blue-collar,married,basic.4y,unknown,yes,no,telephone,jun,fri,585,2,999,0,nonexistent,1.4,94.465,-41.8,4.959,5228.1,yes
31,entrepreneur,single,basic.6y,unknown,yes,yes,telephone,jun,fri,8,3,999,0,nonexistent,1.4,94.465,-41.8,4.959,5228.1,no
56,self-employed,married,university.degree,no,no,no,telephone,jun,fri,129,3,999,0,nonexistent,1.4,94.465,-41.8,4.959,5228.1,no
34,services,married,high.school,no,no,no,telephone,jun,fri,9,14,999,0,nonexistent,1.4,94.465,-41.8,4.959,5228.1,no
44,admin.,divorced,high.school,no,yes,yes,telephone,jun,fri,100,4,999,0,nonexistent,1.4,94.465,-41.8,4.959,5228.1,no
45,self-employed,divorced,professional.course,unknown,no,no,telephone,jun,fri,12,3,999,0,nonexistent,1.4,94.465,-41.8,4.959,5228.1,no
29,blue-collar,single,professional.course,no,no,no,telephone,jun,fri,86,2,999,0,nonexistent,1.4,94.465,-41.8,4.959,5228.1,no
31,technician,married,professional.course,no,no,yes,telephone,jun,fri,809,6,999,0,nonexistent,1.4,94.465,-41.8,4.959,5228.1,yes
38,blue-collar,married,basic.9y,no,no,no,telephone,jun,fri,693,3,999,0,nonexistent,1.4,94.465,-41.8,4.959,5228.1,yes
44,admin.,married,university.degree,no,no,no,telephone,jun,fri,8,10,999,0,nonexistent,1.4,94.465,-41.8,4.959,5228.1,no
39,housemaid,married,university.degree,no,yes,no,telephone,jun,fri,258,2,999,0,nonexistent,1.4,94.465,-41.8,4.959,5228.1,no
32,blue-collar,married,basic.6y,no,yes,no,telephone,jun,fri,16,6,999,0,nonexistent,1.4,94.465,-41.8,4.959,5228.1,no
57,admin.,married,university.degree,no,yes,no,telephone,jun,fri,27,3,999,0,nonexistent,1.4,94.465,-41.8,4.959,5228.1,no
30,blue-collar,married,basic.9y,no,yes,no,telephone,jun,fri,12,14,999,0,nonexistent,1.4,94.465,-41.8,4.959,5228.1,no
43,admin.,married,high.school,no,yes,no,telephone,jun,fri,11,15,999,0,nonexistent,1.4,94.465,-41.8,4.959,5228.1,no
40,services,divorced,high.school,no,no,no,telephone,jun,fri,155,2,999,0,nonexistent,1.4,94.465,-41.8,4.959,5228.1,no
33,admin.,married,professional.course,no,no,no,telephone,jun,fri,81,3,999,0,nonexistent,1.4,94.465,-41.8,4.959,5228.1,no
31,entrepreneur,single,university.degree,unknown,no,no,telephone,jun,fri,22,12,999,0,nonexistent,1.4,94.465,-41.8,4.959,5228.1,no
50,admin.,married,basic.9y,no,no,no,telephone,jun,fri,116,3,999,0,nonexistent,1.4,94.465,-41.8,4.959,5228.1,no
25,blue-collar,single,high.school,unknown,no,no,telephone,jun,fri,136,3,999,0,nonexistent,1.4,94.465,-41.8,4.959,5228.1,no
40,blue-collar,single,unknown,unknown,yes,no,telephone,jun,fri,8,7,999,0,nonexistent,1.4,94.465,-41.8,4.959,5228.1,no
44,self-employed,single,university.degree,no,no,no,telephone,jun,fri,10,4,999,0,nonexistent,1.4,94.465,-41.8,4.959,5228.1,no
48,unemployed,married,high.school,unknown,yes,no,telephone,jun,fri,157,3,999,0,nonexistent,1.4,94.465,-41.8,4.959,5228.1,no
30,blue-collar,single,basic.9y,unknown,no,no,telephone,jun,fri,10,8,999,0,nonexistent,1.4,94.465,-41.8,4.959,5228.1,no
60,self-employed,single,basic.9y,unknown,yes,no,telephone,jun,fri,11,5,999,0,nonexistent,1.4,94.465,-41.8,4.959,5228.1,no
43,services,married,high.school,no,no,no,telephone,jun,fri,16,7,999,0,nonexistent,1.4,94.465,-41.8,4.959,5228.1,no
57,blue-collar,divorced,basic.4y,no,yes,no,telephone,jun,fri,84,4,999,0,nonexistent,1.4,94.465,-41.8,4.959,5228.1,no
48,blue-collar,married,basic.6y,unknown,yes,no,telephone,jun,fri,10,4,999,0,nonexistent,1.4,94.465,-41.8,4.959,5228.1,no
51,technician,married,unknown,no,yes,no,telephone,jun,fri,17,3,999,0,nonexistent,1.4,94.465,-41.8,4.959,5228.1,no
48,entrepreneur,married,professional.course,no,no,no,telephone,jun,fri,804,12,999,0,nonexistent,1.4,94.465,-41.8,4.959,5228.1,no
36,admin.,married,university.degree,no,unknown,unknown,telephone,jun,fri,71,2,999,0,nonexistent,1.4,94.465,-41.8,4.959,5228.1,no
42,housemaid,married,basic.4y,unknown,yes,no,telephone,jun,fri,38,8,999,0,nonexistent,1.4,94.465,-41.8,4.959,5228.1,no
55,unknown,married,basic.4y,unknown,no,no,telephone,jun,fri,27,7,999,0,nonexistent,1.4,94.465,-41.8,4.959,5228.1,no
40,services,married,basic.6y,unknown,no,no,telephone,jun,fri,11,11,999,0,nonexistent,1.4,94.465,-41.8,4.959,5228.1,no
56,retired,divorced,basic.4y,no,yes,no,telephone,jun,fri,10,15,999,0,nonexistent,1.4,94.465,-41.8,4.959,5228.1,no
37,technician,married,university.degree,no,no,no,telephone,jun,fri,23,2,999,0,nonexistent,1.4,94.465,-41.8,4.959,5228.1,no
36,blue-collar,single,basic.9y,no,no,no,telephone,jun,fri,43,2,999,0,nonexistent,1.4,94.465,-41.8,4.959,5228.1,no
36,admin.,married,university.degree,no,yes,no,telephone,jun,fri,14,9,999,0,nonexistent,1.4,94.465,-41.8,4.959,5228.1,no
41,technician,married,high.school,no,no,no,telephone,jun,fri,8,12,999,0,nonexistent,1.4,94.465,-41.8,4.959,5228.1,no
42,entrepreneur,married,professional.course,no,yes,no,telephone,jun,fri,291,5,999,0,nonexistent,1.4,94.465,-41.8,4.959,5228.1,yes
49,management,married,high.school,no,no,no,telephone,jun,fri,9,13,999,0,nonexistent,1.4,94.465,-41.8,4.959,5228.1,no
42,blue-collar,married,basic.4y,unknown,yes,no,telephone,jun,fri,29,27,999,0,nonexistent,1.4,94.465,-41.8,4.959,5228.1,no
53,technician,married,university.degree,no,yes,no,telephone,jun,fri,73,3,999,0,nonexistent,1.4,94.465,-41.8,4.959,5228.1,no
41,blue-collar,married,basic.9y,unknown,no,no,telephone,jun,fri,8,31,999,0,nonexistent,1.4,94.465,-41.8,4.959,5228.1,no
42,admin.,divorced,university.degree,no,yes,no,telephone,jun,fri,14,6,999,0,nonexistent,1.4,94.465,-41.8,4.959,5228.1,no
31,management,single,university.degree,unknown,no,no,telephone,jun,fri,100,3,999,0,nonexistent,1.4,94.465,-41.8,4.959,5228.1,no
30,admin.,divorced,high.school,no,no,no,telephone,jun,fri,13,10,999,0,nonexistent,1.4,94.465,-41.8,4.959,5228.1,no
31,entrepreneur,married,professional.course,no,yes,no,telephone,jun,fri,40,2,999,0,nonexistent,1.4,94.465,-41.8,4.959,5228.1,no
44,admin.,single,university.degree,unknown,yes,no,telephone,jun,fri,18,6,999,0,nonexistent,1.4,94.465,-41.8,4.959,5228.1,no
44,management,married,university.degree,unknown,yes,no,telephone,jun,fri,16,4,999,0,nonexistent,1.4,94.465,-41.8,4.959,5228.1,no
56,technician,married,unknown,no,no,no,telephone,jun,fri,196,4,999,0,nonexistent,1.4,94.465,-41.8,4.959,5228.1,no
57,retired,single,high.school,no,no,no,telephone,jun,fri,74,3,999,0,nonexistent,1.4,94.465,-41.8,4.959,5228.1,no
36,admin.,married,university.degree,no,yes,no,telephone,jun,fri,27,3,999,0,nonexistent,1.4,94.465,-41.8,4.959,5228.1,no
56,self-employed,married,professional.course,no,no,yes,telephone,jun,fri,13,40,999,0,nonexistent,1.4,94.465,-41.8,4.959,5228.1,no
27,management,single,high.school,no,yes,yes,telephone,jun,fri,23,4,999,0,nonexistent,1.4,94.465,-41.8,4.959,5228.1,no
44,retired,single,basic.4y,no,yes,yes,telephone,jun,fri,160,2,999,0,nonexistent,1.4,94.465,-41.8,4.959,5228.1,no
25,admin.,single,high.school,no,no,no,telephone,jun,fri,20,7,999,0,nonexistent,1.4,94.465,-41.8,4.959,5228.1,no
59,entrepreneur,married,university.degree,no,no,no,telephone,jun,fri,9,5,999,0,nonexistent,1.4,94.465,-41.8,4.959,5228.1,no
25,unemployed,single,high.school,unknown,no,no,telephone,jun,fri,287,9,999,0,nonexistent,1.4,94.465,-41.8,4.959,5228.1,no
37,technician,married,professional.course,no,no,no,telephone,jun,fri,26,6,999,0,nonexistent,1.4,94.465,-41.8,4.959,5228.1,no
31,entrepreneur,single,basic.6y,unknown,yes,no,telephone,jun,fri,12,3,999,0,nonexistent,1.4,94.465,-41.8,4.959,5228.1,no
59,retired,divorced,basic.4y,unknown,no,yes,telephone,jun,fri,13,3,999,0,nonexistent,1.4,94.465,-41.8,4.959,5228.1,no
39,services,single,high.school,no,no,no,telephone,jun,fri,48,10,999,0,nonexistent,1.4,94.465,-41.8,4.959,5228.1,no
32,services,single,high.school,no,no,no,telephone,jun,fri,13,4,999,0,nonexistent,1.4,94.465,-41.8,4.959,5228.1,no
25,services,single,high.school,no,yes,no,telephone,jun,fri,13,14,999,0,nonexistent,1.4,94.465,-41.8,4.959,5228.1,no
40,admin.,single,high.school,no,yes,yes,telephone,jun,fri,10,13,999,0,nonexistent,1.4,94.465,-41.8,4.959,5228.1,no
52,retired,married,professional.course,no,no,no,telephone,jun,fri,41,7,999,0,nonexistent,1.4,94.465,-41.8,4.959,5228.1,no
59,services,married,high.school,unknown,yes,no,telephone,jun,fri,13,7,999,0,nonexistent,1.4,94.465,-41.8,4.959,5228.1,no
50,entrepreneur,married,basic.9y,no,yes,no,telephone,jun,fri,7,12,999,0,nonexistent,1.4,94.465,-41.8,4.959,5228.1,no
33,admin.,divorced,university.degree,no,no,no,telephone,jun,fri,92,3,999,0,nonexistent,1.4,94.465,-41.8,4.959,5228.1,no
56,retired,married,high.school,unknown,yes,no,telephone,jun,fri,1094,3,999,0,nonexistent,1.4,94.465,-41.8,4.959,5228.1,yes
31,management,married,university.degree,no,no,no,telephone,jun,fri,101,3,999,0,nonexistent,1.4,94.465,-41.8,4.959,5228.1,no
36,admin.,married,basic.9y,no,no,yes,telephone,jun,fri,75,3,999,0,nonexistent,1.4,94.465,-41.8,4.959,5228.1,no
40,admin.,married,university.degree,no,no,no,telephone,jun,fri,17,21,999,0,nonexistent,1.4,94.465,-41.8,4.959,5228.1,no
22,technician,single,professional.course,no,no,no,telephone,jun,fri,184,4,999,0,nonexistent,1.4,94.465,-41.8,4.959,5228.1,no
27,unemployed,married,high.school,no,yes,no,telephone,jun,fri,23,13,999,0,nonexistent,1.4,94.465,-41.8,4.959,5228.1,no
30,blue-collar,married,basic.9y,no,no,yes,telephone,jun,fri,78,2,999,0,nonexistent,1.4,94.465,-41.8,4.959,5228.1,no
39,management,married,university.degree,no,no,no,telephone,jun,fri,601,5,999,0,nonexistent,1.4,94.465,-41.8,4.959,5228.1,no
30,blue-collar,married,basic.4y,unknown,yes,no,telephone,jun,fri,83,5,999,0,nonexistent,1.4,94.465,-41.8,4.959,5228.1,no
58,retired,divorced,professional.course,unknown,yes,no,telephone,jun,fri,169,4,999,0,nonexistent,1.4,94.465,-41.8,4.959,5228.1,no
53,blue-collar,married,basic.9y,no,yes,no,telephone,jun,fri,13,5,999,0,nonexistent,1.4,94.465,-41.8,4.959,5228.1,no
23,blue-collar,single,basic.4y,no,yes,no,telephone,jun,fri,31,10,999,0,nonexistent,1.4,94.465,-41.8,4.959,5228.1,no
48,admin.,divorced,high.school,no,no,yes,telephone,jun,fri,36,5,999,0,nonexistent,1.4,94.465,-41.8,4.959,5228.1,no
29,blue-collar,married,unknown,unknown,no,yes,telephone,jun,fri,55,5,999,0,nonexistent,1.4,94.465,-41.8,4.959,5228.1,no
37,blue-collar,married,basic.9y,no,no,no,telephone,jun,fri,15,7,999,0,nonexistent,1.4,94.465,-41.8,4.959,5228.1,no
40,technician,single,professional.course,no,yes,no,telephone,jun,fri,87,3,999,0,nonexistent,1.4,94.465,-41.8,4.959,5228.1,no
40,housemaid,married,basic.4y,unknown,yes,no,telephone,jun,fri,30,4,999,0,nonexistent,1.4,94.465,-41.8,4.959,5228.1,no
38,blue-collar,single,basic.9y,no,yes,no,telephone,jun,fri,38,6,999,0,nonexistent,1.4,94.465,-41.8,4.959,5228.1,no
41,self-employed,divorced,university.degree,unknown,yes,no,telephone,jun,fri,39,5,999,0,nonexistent,1.4,94.465,-41.8,4.959,5228.1,no
33,admin.,married,high.school,no,yes,no,telephone,jun,fri,61,3,999,0,nonexistent,1.4,94.465,-41.8,4.959,5228.1,no
58,blue-collar,married,basic.9y,unknown,yes,no,telephone,jun,fri,63,15,999,0,nonexistent,1.4,94.465,-41.8,4.959,5228.1,no
42,technician,divorced,basic.9y,no,no,no,telephone,jun,fri,45,22,999,0,nonexistent,1.4,94.465,-41.8,4.959,5228.1,no
59,retired,married,basic.9y,unknown,no,no,telephone,jun,fri,25,8,999,0,nonexistent,1.4,94.465,-41.8,4.959,5228.1,no
30,admin.,married,university.degree,no,yes,yes,telephone,jun,fri,42,7,999,0,nonexistent,1.4,94.465,-41.8,4.959,5228.1,no
32,services,single,high.school,no,yes,no,telephone,jun,fri,23,11,999,0,nonexistent,1.4,94.465,-41.8,4.959,5228.1,no
40,blue-collar,married,basic.9y,unknown,no,no,telephone,jun,fri,252,3,999,0,nonexistent,1.4,94.465,-41.8,4.959,5228.1,no
21,student,single,high.school,no,no,no,telephone,jun,fri,24,7,999,0,nonexistent,1.4,94.465,-41.8,4.959,5228.1,no
37,services,married,high.school,no,no,no,telephone,jun,fri,152,3,999,0,nonexistent,1.4,94.465,-41.8,4.959,5228.1,no
47,services,married,high.school,unknown,no,no,telephone,jun,fri,33,6,999,0,nonexistent,1.4,94.465,-41.8,4.959,5228.1,no
34,admin.,married,university.degree,no,yes,no,telephone,jun,fri,31,6,999,0,nonexistent,1.4,94.465,-41.8,4.959,5228.1,no
51,management,married,university.degree,no,yes,no,telephone,jun,fri,236,3,999,0,nonexistent,1.4,94.465,-41.8,4.959,5228.1,no
50,entrepreneur,married,basic.4y,no,no,no,telephone,jun,fri,20,2,999,0,nonexistent,1.4,94.465,-41.8,4.959,5228.1,no
36,blue-collar,single,high.school,no,yes,yes,telephone,jun,fri,14,4,999,0,nonexistent,1.4,94.465,-41.8,4.959,5228.1,no
53,blue-collar,married,basic.4y,unknown,yes,no,telephone,jun,fri,21,18,999,0,nonexistent,1.4,94.465,-41.8,4.959,5228.1,no
47,entrepreneur,single,university.degree,unknown,yes,no,telephone,jun,fri,39,3,999,0,nonexistent,1.4,94.465,-41.8,4.959,5228.1,no
51,services,divorced,unknown,unknown,yes,no,telephone,jun,fri,16,3,999,0,nonexistent,1.4,94.465,-41.8,4.959,5228.1,no
56,retired,married,basic.6y,no,yes,yes,telephone,jun,fri,37,3,999,0,nonexistent,1.4,94.465,-41.8,4.959,5228.1,no
51,services,married,basic.9y,no,yes,no,telephone,jun,fri,250,3,999,0,nonexistent,1.4,94.465,-41.8,4.959,5228.1,no
58,entrepreneur,married,basic.4y,no,yes,no,telephone,jun,fri,221,3,999,0,nonexistent,1.4,94.465,-41.8,4.959,5228.1,no
41,entrepreneur,married,university.degree,unknown,yes,no,telephone,jun,fri,216,2,999,0,nonexistent,1.4,94.465,-41.8,4.959,5228.1,no
29,admin.,married,high.school,no,yes,no,telephone,jun,fri,21,3,999,0,nonexistent,1.4,94.465,-41.8,4.959,5228.1,no
48,admin.,single,university.degree,no,yes,no,telephone,jun,fri,14,3,999,0,nonexistent,1.4,94.465,-41.8,4.959,5228.1,no
37,blue-collar,married,basic.4y,no,yes,no,telephone,jun,fri,94,7,999,0,nonexistent,1.4,94.465,-41.8,4.959,5228.1,no
30,services,single,high.school,no,unknown,unknown,telephone,jun,fri,709,9,999,0,nonexistent,1.4,94.465,-41.8,4.959,5228.1,no
46,entrepreneur,married,university.degree,unknown,no,no,telephone,jun,fri,8,6,999,0,nonexistent,1.4,94.465,-41.8,4.959,5228.1,no
33,self-employed,single,university.degree,no,unknown,unknown,telephone,jun,fri,38,5,999,0,nonexistent,1.4,94.465,-41.8,4.959,5228.1,no
28,admin.,married,university.degree,no,no,no,telephone,jun,fri,819,2,999,0,nonexistent,1.4,94.465,-41.8,4.959,5228.1,no
58,technician,married,professional.course,unknown,yes,no,telephone,jun,fri,16,8,999,0,nonexistent,1.4,94.465,-41.8,4.959,5228.1,no
47,services,married,high.school,unknown,yes,no,telephone,jun,fri,247,7,999,0,nonexistent,1.4,94.465,-41.8,4.959,5228.1,no
60,self-employed,married,professional.course,unknown,yes,no,telephone,jun,fri,10,4,999,0,nonexistent,1.4,94.465,-41.8,4.959,5228.1,no
37,admin.,married,high.school,no,yes,no,telephone,jun,fri,14,3,999,0,nonexistent,1.4,94.465,-41.8,4.959,5228.1,no
52,retired,married,university.degree,no,yes,no,telephone,jun,fri,11,12,999,0,nonexistent,1.4,94.465,-41.8,4.959,5228.1,no
47,admin.,married,basic.9y,no,yes,no,telephone,jun,fri,9,7,999,0,nonexistent,1.4,94.465,-41.8,4.959,5228.1,no
44,blue-collar,married,basic.9y,no,no,no,telephone,jun,fri,109,4,999,0,nonexistent,1.4,94.465,-41.8,4.959,5228.1,no
38,technician,married,professional.course,no,yes,no,telephone,jun,fri,21,3,999,0,nonexistent,1.4,94.465,-41.8,4.959,5228.1,no
46,admin.,married,high.school,no,yes,no,telephone,jun,fri,7,3,999,0,nonexistent,1.4,94.465,-41.8,4.959,5228.1,no
33,management,married,university.degree,no,yes,no,telephone,jun,fri,18,5,999,0,nonexistent,1.4,94.465,-41.8,4.959,5228.1,no
38,admin.,married,university.degree,no,no,no,telephone,jun,fri,24,5,999,0,nonexistent,1.4,94.465,-41.8,4.959,5228.1,no
55,technician,married,professional.course,no,yes,yes,telephone,jun,fri,61,2,999,0,nonexistent,1.4,94.465,-41.8,4.959,5228.1,no
29,unemployed,single,university.degree,no,no,no,telephone,jun,fri,6,17,999,0,nonexistent,1.4,94.465,-41.8,4.959,5228.1,no
34,blue-collar,married,basic.9y,no,no,no,telephone,jun,fri,114,10,999,0,nonexistent,1.4,94.465,-41.8,4.959,5228.1,no
25,blue-collar,married,basic.9y,unknown,no,no,telephone,jun,fri,11,7,999,0,nonexistent,1.4,94.465,-41.8,4.959,5228.1,no
40,admin.,married,university.degree,no,no,no,telephone,jun,fri,44,5,999,0,nonexistent,1.4,94.465,-41.8,4.959,5228.1,no
46,admin.,married,basic.9y,unknown,no,yes,telephone,jun,fri,24,4,999,0,nonexistent,1.4,94.465,-41.8,4.959,5228.1,no
27,blue-collar,married,university.degree,no,no,no,telephone,jun,fri,10,19,999,0,nonexistent,1.4,94.465,-41.8,4.959,5228.1,no
42,admin.,divorced,university.degree,no,no,no,telephone,jun,fri,26,4,999,0,nonexistent,1.4,94.465,-41.8,4.959,5228.1,no
45,unknown,married,unknown,no,no,no,telephone,jun,fri,61,4,999,0,nonexistent,1.4,94.465,-41.8,4.959,5228.1,no
28,blue-collar,married,unknown,unknown,no,no,telephone,jun,fri,20,3,999,0,nonexistent,1.4,94.465,-41.8,4.959,5228.1,no
47,management,divorced,university.degree,no,no,no,telephone,jun,fri,8,3,999,0,nonexistent,1.4,94.465,-41.8,4.959,5228.1,no
58,technician,single,professional.course,no,yes,yes,telephone,jun,fri,39,4,999,0,nonexistent,1.4,94.465,-41.8,4.959,5228.1,no
31,admin.,divorced,high.school,unknown,no,yes,telephone,jun,fri,28,4,999,0,nonexistent,1.4,94.465,-41.8,4.959,5228.1,no
52,services,unknown,professional.course,no,yes,no,telephone,jun,fri,7,2,999,0,nonexistent,1.4,94.465,-41.8,4.959,5228.1,no
32,admin.,married,university.degree,no,no,no,telephone,jun,fri,18,9,999,0,nonexistent,1.4,94.465,-41.8,4.959,5228.1,no
35,admin.,married,university.degree,no,no,no,telephone,jun,fri,13,4,999,0,nonexistent,1.4,94.465,-41.8,4.959,5228.1,no
28,admin.,single,high.school,no,no,no,telephone,jun,fri,22,16,999,0,nonexistent,1.4,94.465,-41.8,4.959,5228.1,no
49,management,married,high.school,unknown,no,no,telephone,jun,fri,18,4,999,0,nonexistent,1.4,94.465,-41.8,4.959,5228.1,no
29,admin.,married,unknown,no,unknown,unknown,telephone,jun,fri,83,3,999,0,nonexistent,1.4,94.465,-41.8,4.959,5228.1,no
47,admin.,married,university.degree,no,yes,no,telephone,jun,fri,11,4,999,0,nonexistent,1.4,94.465,-41.8,4.959,5228.1,no
58,technician,married,professional.course,unknown,no,no,telephone,jun,fri,18,2,999,0,nonexistent,1.4,94.465,-41.8,4.959,5228.1,no
38,services,married,basic.9y,no,unknown,unknown,telephone,jun,fri,17,3,999,0,nonexistent,1.4,94.465,-41.8,4.959,5228.1,no
46,admin.,married,high.school,no,no,yes,telephone,jun,fri,492,3,999,0,nonexistent,1.4,94.465,-41.8,4.959,5228.1,no
58,admin.,married,university.degree,no,unknown,unknown,telephone,jun,fri,36,4,999,0,nonexistent,1.4,94.465,-41.8,4.959,5228.1,no
27,blue-collar,married,basic.6y,unknown,yes,no,telephone,jun,fri,34,8,999,0,nonexistent,1.4,94.465,-41.8,4.959,5228.1,no
26,technician,married,basic.6y,no,yes,no,telephone,jun,fri,11,20,999,0,nonexistent,1.4,94.465,-41.8,4.959,5228.1,no
29,admin.,married,university.degree,no,yes,no,telephone,jun,fri,9,16,999,0,nonexistent,1.4,94.465,-41.8,4.959,5228.1,no
33,unemployed,married,basic.9y,no,no,no,telephone,jun,fri,11,6,999,0,nonexistent,1.4,94.465,-41.8,4.959,5228.1,no
48,blue-collar,married,professional.course,no,yes,yes,telephone,jun,fri,12,24,999,0,nonexistent,1.4,94.465,-41.8,4.959,5228.1,no
37,management,married,university.degree,unknown,no,no,telephone,jun,fri,10,23,999,0,nonexistent,1.4,94.465,-41.8,4.959,5228.1,no
38,housemaid,married,basic.9y,no,no,no,telephone,jun,fri,86,4,999,0,nonexistent,1.4,94.465,-41.8,4.959,5228.1,no
40,blue-collar,married,basic.9y,no,no,no,telephone,jun,fri,46,4,999,0,nonexistent,1.4,94.465,-41.8,4.959,5228.1,no
55,blue-collar,married,basic.4y,unknown,unknown,unknown,telephone,jun,fri,32,4,999,0,nonexistent,1.4,94.465,-41.8,4.959,5228.1,no
39,admin.,married,professional.course,no,no,no,telephone,jun,fri,32,5,999,0,nonexistent,1.4,94.465,-41.8,4.959,5228.1,no
40,admin.,single,professional.course,unknown,no,yes,telephone,jun,fri,36,4,999,0,nonexistent,1.4,94.465,-41.8,4.959,5228.1,no
37,blue-collar,married,basic.9y,no,no,no,telephone,jun,fri,124,4,999,0,nonexistent,1.4,94.465,-41.8,4.959,5228.1,no
39,blue-collar,single,basic.4y,unknown,no,no,telephone,jun,fri,15,3,999,0,nonexistent,1.4,94.465,-41.8,4.959,5228.1,no
36,blue-collar,married,professional.course,unknown,yes,no,telephone,jun,fri,9,2,999,0,nonexistent,1.4,94.465,-41.8,4.959,5228.1,no
35,student,single,university.degree,unknown,no,no,telephone,jun,fri,10,3,999,0,nonexistent,1.4,94.465,-41.8,4.959,5228.1,no
33,blue-collar,married,basic.9y,no,no,no,telephone,jun,fri,8,13,999,0,nonexistent,1.4,94.465,-41.8,4.959,5228.1,no
24,services,single,high.school,no,no,no,telephone,jun,fri,12,8,999,0,nonexistent,1.4,94.465,-41.8,4.959,5228.1,no
32,admin.,single,university.degree,unknown,no,no,telephone,jun,fri,44,15,999,0,nonexistent,1.4,94.465,-41.8,4.959,5228.1,no
40,blue-collar,married,unknown,unknown,no,no,telephone,jun,fri,22,8,999,0,nonexistent,1.4,94.465,-41.8,4.959,5228.1,no
51,blue-collar,married,basic.9y,unknown,no,no,telephone,jun,fri,60,4,999,0,nonexistent,1.4,94.465,-41.8,4.959,5228.1,no
53,technician,married,unknown,no,no,no,telephone,jun,fri,51,2,999,0,nonexistent,1.4,94.465,-41.8,4.959,5228.1,no
49,technician,married,professional.course,no,yes,no,telephone,jun,fri,41,3,999,0,nonexistent,1.4,94.465,-41.8,4.959,5228.1,no
42,management,married,high.school,no,no,no,telephone,jun,fri,20,5,999,0,nonexistent,1.4,94.465,-41.8,4.959,5228.1,no
37,blue-collar,single,unknown,unknown,no,yes,telephone,jun,fri,53,11,999,0,nonexistent,1.4,94.465,-41.8,4.959,5228.1,no
31,services,single,professional.course,no,yes,no,telephone,jun,fri,202,2,999,0,nonexistent,1.4,94.465,-41.8,4.959,5228.1,no
46,blue-collar,single,high.school,no,no,no,telephone,jun,fri,310,2,999,0,nonexistent,1.4,94.465,-41.8,4.959,5228.1,no
54,technician,married,high.school,no,no,no,telephone,jun,fri,204,2,999,0,nonexistent,1.4,94.465,-41.8,4.959,5228.1,no
39,unemployed,divorced,basic.9y,unknown,no,no,telephone,jun,fri,638,9,999,0,nonexistent,1.4,94.465,-41.8,4.959,5228.1,no
45,blue-collar,married,basic.9y,unknown,no,no,telephone,jun,fri,924,3,999,0,nonexistent,1.4,94.465,-41.8,4.959,5228.1,yes
32,services,married,high.school,no,no,no,telephone,jun,fri,298,4,999,0,nonexistent,1.4,94.465,-41.8,4.959,5228.1,no
56,technician,married,unknown,no,no,yes,telephone,jun,fri,988,4,999,0,nonexistent,1.4,94.465,-41.8,4.959,5228.1,yes
29,services,single,high.school,unknown,no,no,telephone,jun,mon,123,2,999,0,nonexistent,1.4,94.465,-41.8,4.958,5228.1,no
40,admin.,single,university.degree,no,no,no,telephone,jun,mon,498,2,999,0,nonexistent,1.4,94.465,-41.8,4.958,5228.1,yes
25,blue-collar,married,basic.9y,no,yes,no,telephone,jun,mon,82,5,999,0,nonexistent,1.4,94.465,-41.8,4.958,5228.1,no
46,management,married,basic.9y,no,no,no,telephone,jun,mon,53,4,999,0,nonexistent,1.4,94.465,-41.8,4.958,5228.1,no
26,blue-collar,married,basic.9y,no,yes,no,telephone,jun,mon,123,2,999,0,nonexistent,1.4,94.465,-41.8,4.958,5228.1,no
47,blue-collar,married,basic.4y,no,yes,no,telephone,jun,mon,655,4,999,0,nonexistent,1.4,94.465,-41.8,4.958,5228.1,no
40,management,divorced,university.degree,unknown,unknown,unknown,telephone,jun,mon,88,2,999,0,nonexistent,1.4,94.465,-41.8,4.958,5228.1,no
41,self-employed,single,university.degree,no,yes,yes,telephone,jun,mon,640,3,999,0,nonexistent,1.4,94.465,-41.8,4.958,5228.1,no
36,technician,married,basic.9y,no,no,no,telephone,jun,mon,339,4,999,0,nonexistent,1.4,94.465,-41.8,4.958,5228.1,no
30,blue-collar,single,basic.9y,no,yes,no,telephone,jun,mon,662,2,999,0,nonexistent,1.4,94.465,-41.8,4.958,5228.1,yes
47,admin.,married,university.degree,no,no,no,telephone,jun,mon,216,3,999,0,nonexistent,1.4,94.465,-41.8,4.958,5228.1,no
52,management,married,basic.4y,no,no,no,telephone,jun,tue,165,5,999,0,nonexistent,1.4,94.465,-41.8,4.958,5228.1,no
34,blue-collar,single,high.school,no,yes,no,telephone,jun,tue,137,5,999,0,nonexistent,1.4,94.465,-41.8,4.958,5228.1,no
30,services,married,high.school,no,yes,no,telephone,jun,tue,62,5,999,0,nonexistent,1.4,94.465,-41.8,4.958,5228.1,no
26,admin.,single,high.school,no,no,no,telephone,jun,tue,56,3,999,0,nonexistent,1.4,94.465,-41.8,4.958,5228.1,no
58,services,married,high.school,no,yes,no,telephone,jun,tue,790,3,999,0,nonexistent,1.4,94.465,-41.8,4.958,5228.1,no
43,self-employed,divorced,university.degree,unknown,yes,no,telephone,jun,tue,363,4,999,0,nonexistent,1.4,94.465,-41.8,4.958,5228.1,no
31,blue-collar,married,basic.6y,no,no,no,telephone,jun,tue,481,6,999,0,nonexistent,1.4,94.465,-41.8,4.958,5228.1,no
46,blue-collar,married,basic.6y,no,no,no,telephone,jun,tue,32,3,999,0,nonexistent,1.4,94.465,-41.8,4.958,5228.1,no
42,self-employed,married,professional.course,no,yes,no,telephone,jun,tue,214,4,999,0,nonexistent,1.4,94.465,-41.8,4.958,5228.1,no
37,services,married,high.school,unknown,yes,no,telephone,jun,tue,146,3,999,0,nonexistent,1.4,94.465,-41.8,4.958,5228.1,no
51,admin.,divorced,unknown,no,yes,no,telephone,jun,tue,528,2,999,0,nonexistent,1.4,94.465,-41.8,4.958,5228.1,yes
37,services,married,high.school,no,yes,yes,telephone,jun,tue,351,3,999,0,nonexistent,1.4,94.465,-41.8,4.958,5228.1,no
35,admin.,divorced,university.degree,no,no,no,telephone,jun,tue,51,8,999,0,nonexistent,1.4,94.465,-41.8,4.958,5228.1,no
55,blue-collar,married,basic.9y,unknown,yes,no,telephone,jun,tue,103,6,999,0,nonexistent,1.4,94.465,-41.8,4.958,5228.1,no
43,blue-collar,married,basic.9y,no,no,no,telephone,jun,wed,89,4,999,0,nonexistent,1.4,94.465,-41.8,4.958,5228.1,no
29,entrepreneur,single,university.degree,no,no,no,telephone,jun,wed,347,1,999,0,nonexistent,1.4,94.465,-41.8,4.958,5228.1,no
58,blue-collar,married,basic.9y,no,no,no,telephone,jun,wed,372,5,999,0,nonexistent,1.4,94.465,-41.8,4.958,5228.1,no
34,blue-collar,married,basic.9y,unknown,no,no,telephone,jun,wed,411,1,999,0,nonexistent,1.4,94.465,-41.8,4.958,5228.1,no
44,blue-collar,married,unknown,no,yes,no,telephone,jun,wed,151,1,999,0,nonexistent,1.4,94.465,-41.8,4.958,5228.1,no
42,self-employed,married,university.degree,unknown,yes,no,telephone,jun,wed,157,1,999,0,nonexistent,1.4,94.465,-41.8,4.958,5228.1,no
44,blue-collar,married,professional.course,unknown,yes,no,telephone,jun,wed,43,1,999,0,nonexistent,1.4,94.465,-41.8,4.958,5228.1,no
32,blue-collar,single,basic.9y,no,yes,no,telephone,jun,wed,75,1,999,0,nonexistent,1.4,94.465,-41.8,4.958,5228.1,no
52,technician,married,basic.9y,no,no,yes,telephone,jun,wed,249,1,999,0,nonexistent,1.4,94.465,-41.8,4.958,5228.1,no
36,blue-collar,married,basic.9y,no,yes,no,telephone,jun,wed,268,1,999,0,nonexistent,1.4,94.465,-41.8,4.958,5228.1,no
39,technician,married,basic.9y,unknown,yes,no,telephone,jun,wed,155,1,999,0,nonexistent,1.4,94.465,-41.8,4.958,5228.1,no
33,unknown,married,unknown,unknown,yes,no,telephone,jun,wed,247,1,999,0,nonexistent,1.4,94.465,-41.8,4.958,5228.1,no
36,admin.,married,university.degree,no,yes,no,telephone,jun,wed,67,1,999,0,nonexistent,1.4,94.465,-41.8,4.958,5228.1,no
44,services,married,basic.9y,no,yes,no,telephone,jun,wed,162,2,999,0,nonexistent,1.4,94.465,-41.8,4.958,5228.1,no
30,services,married,unknown,unknown,no,no,telephone,jun,wed,93,2,999,0,nonexistent,1.4,94.465,-41.8,4.958,5228.1,no
29,blue-collar,divorced,basic.4y,unknown,no,no,telephone,jun,wed,231,1,999,0,nonexistent,1.4,94.465,-41.8,4.958,5228.1,no
34,technician,married,professional.course,no,no,no,telephone,jun,wed,67,2,999,0,nonexistent,1.4,94.465,-41.8,4.958,5228.1,no
41,admin.,single,basic.6y,no,no,no,telephone,jun,wed,168,1,999,0,nonexistent,1.4,94.465,-41.8,4.958,5228.1,no
51,entrepreneur,married,university.degree,no,no,no,telephone,jun,wed,71,1,999,0,nonexistent,1.4,94.465,-41.8,4.958,5228.1,no
28,admin.,married,high.school,no,no,no,telephone,jun,wed,151,1,999,0,nonexistent,1.4,94.465,-41.8,4.958,5228.1,no
31,housemaid,married,basic.4y,no,no,no,telephone,jun,wed,91,2,999,0,nonexistent,1.4,94.465,-41.8,4.958,5228.1,no
46,services,divorced,professional.course,unknown,yes,no,telephone,jun,wed,292,2,999,0,nonexistent,1.4,94.465,-41.8,4.958,5228.1,no
29,admin.,married,university.degree,no,yes,yes,telephone,jun,wed,281,3,999,0,nonexistent,1.4,94.465,-41.8,4.958,5228.1,no
33,services,single,high.school,no,no,no,telephone,jun,wed,375,2,999,0,nonexistent,1.4,94.465,-41.8,4.958,5228.1,no
42,management,married,university.degree,no,no,no,telephone,jun,wed,168,8,999,0,nonexistent,1.4,94.465,-41.8,4.958,5228.1,no
36,blue-collar,married,unknown,unknown,no,no,telephone,jun,wed,456,3,999,0,nonexistent,1.4,94.465,-41.8,4.958,5228.1,no
44,blue-collar,married,basic.9y,unknown,yes,no,telephone,jun,wed,103,5,999,0,nonexistent,1.4,94.465,-41.8,4.958,5228.1,no
44,admin.,married,university.degree,unknown,yes,yes,telephone,jun,thu,91,4,999,0,nonexistent,1.4,94.465,-41.8,4.955,5228.1,no
45,admin.,married,high.school,no,yes,no,telephone,jun,thu,650,2,999,0,nonexistent,1.4,94.465,-41.8,4.955,5228.1,no
28,services,single,basic.9y,no,no,no,telephone,jun,thu,178,2,999,0,nonexistent,1.4,94.465,-41.8,4.955,5228.1,no
59,retired,married,basic.9y,no,no,yes,telephone,jun,thu,465,2,999,0,nonexistent,1.4,94.465,-41.8,4.955,5228.1,no
58,services,married,basic.4y,no,no,no,telephone,jun,thu,322,2,999,0,nonexistent,1.4,94.465,-41.8,4.955,5228.1,no
51,services,married,professional.course,unknown,no,no,telephone,jun,thu,177,1,999,0,nonexistent,1.4,94.465,-41.8,4.955,5228.1,no
31,blue-collar,married,basic.4y,unknown,yes,yes,telephone,jun,thu,519,3,999,0,nonexistent,1.4,94.465,-41.8,4.955,5228.1,yes
49,unemployed,married,basic.9y,no,yes,yes,telephone,jun,thu,271,1,999,0,nonexistent,1.4,94.465,-41.8,4.955,5228.1,no
48,blue-collar,married,high.school,no,yes,yes,telephone,jun,thu,677,3,999,0,nonexistent,1.4,94.465,-41.8,4.955,5228.1,yes
52,technician,married,basic.9y,no,yes,yes,telephone,jun,thu,138,3,999,0,nonexistent,1.4,94.465,-41.8,4.955,5228.1,no
29,blue-collar,single,basic.6y,no,yes,no,telephone,jun,thu,215,3,999,0,nonexistent,1.4,94.465,-41.8,4.955,5228.1,no
60,self-employed,married,professional.course,no,yes,no,telephone,jun,thu,318,2,999,0,nonexistent,1.4,94.465,-41.8,4.955,5228.1,no
28,admin.,single,professional.course,no,no,yes,telephone,jun,thu,253,1,999,0,nonexistent,1.4,94.465,-41.8,4.955,5228.1,no
30,admin.,married,high.school,no,unknown,unknown,telephone,jun,thu,344,1,999,0,nonexistent,1.4,94.465,-41.8,4.955,5228.1,no
30,admin.,single,university.degree,no,no,no,telephone,jun,thu,301,4,999,0,nonexistent,1.4,94.465,-41.8,4.955,5228.1,no
36,blue-collar,married,high.school,no,no,no,telephone,jun,thu,197,1,999,0,nonexistent,1.4,94.465,-41.8,4.955,5228.1,no
56,admin.,divorced,high.school,no,yes,no,telephone,jun,thu,71,1,999,0,nonexistent,1.4,94.465,-41.8,4.955,5228.1,no
45,technician,single,professional.course,unknown,yes,yes,telephone,jun,thu,116,1,999,0,nonexistent,1.4,94.465,-41.8,4.955,5228.1,no
51,management,married,university.degree,unknown,no,yes,telephone,jun,thu,93,1,999,0,nonexistent,1.4,94.465,-41.8,4.955,5228.1,no
35,self-employed,married,professional.course,unknown,yes,no,telephone,jun,thu,29,1,999,0,nonexistent,1.4,94.465,-41.8,4.955,5228.1,no
30,services,divorced,high.school,unknown,yes,no,telephone,jun,thu,133,2,999,0,nonexistent,1.4,94.465,-41.8,4.955,5228.1,no
39,blue-collar,married,basic.6y,no,yes,no,telephone,jun,thu,150,1,999,0,nonexistent,1.4,94.465,-41.8,4.955,5228.1,no
36,blue-collar,single,basic.4y,no,yes,no,telephone,jun,thu,182,2,999,0,nonexistent,1.4,94.465,-41.8,4.955,5228.1,no
38,blue-collar,single,high.school,unknown,no,no,telephone,jun,thu,277,1,999,0,nonexistent,1.4,94.465,-41.8,4.955,5228.1,no
29,admin.,married,university.degree,no,no,no,telephone,jun,thu,176,7,999,0,nonexistent,1.4,94.465,-41.8,4.955,5228.1,no
36,blue-collar,single,basic.9y,no,yes,yes,telephone,jun,thu,762,3,999,0,nonexistent,1.4,94.465,-41.8,4.955,5228.1,yes
58,retired,single,professional.course,no,yes,no,telephone,jun,thu,565,3,999,0,nonexistent,1.4,94.465,-41.8,4.955,5228.1,no
49,services,divorced,high.school,no,no,no,telephone,jun,thu,138,2,999,0,nonexistent,1.4,94.465,-41.8,4.955,5228.1,no
55,technician,unknown,unknown,unknown,no,no,telephone,jun,thu,667,3,999,0,nonexistent,1.4,94.465,-41.8,4.955,5228.1,no
34,admin.,single,university.degree,no,no,no,telephone,jun,thu,406,2,999,0,nonexistent,1.4,94.465,-41.8,4.955,5228.1,no
29,blue-collar,divorced,basic.4y,unknown,no,no,telephone,jun,thu,243,2,999,0,nonexistent,1.4,94.465,-41.8,4.955,5228.1,no
46,unknown,married,basic.4y,unknown,yes,no,telephone,jun,thu,110,3,999,0,nonexistent,1.4,94.465,-41.8,4.955,5228.1,no
38,blue-collar,married,high.school,unknown,no,no,telephone,jun,thu,113,5,999,0,nonexistent,1.4,94.465,-41.8,4.955,5228.1,no
27,technician,single,unknown,no,yes,no,telephone,jun,thu,174,8,999,0,nonexistent,1.4,94.465,-41.8,4.955,5228.1,no
39,self-employed,divorced,professional.course,no,yes,no,telephone,jun,thu,529,4,999,0,nonexistent,1.4,94.465,-41.8,4.955,5228.1,no
60,retired,divorced,basic.4y,unknown,yes,no,telephone,jun,thu,45,2,999,0,nonexistent,1.4,94.465,-41.8,4.955,5228.1,no
35,blue-collar,married,basic.9y,unknown,yes,yes,telephone,jun,thu,122,6,999,0,nonexistent,1.4,94.465,-41.8,4.955,5228.1,no
34,blue-collar,married,basic.6y,no,no,no,telephone,jun,fri,381,3,999,0,nonexistent,1.4,94.465,-41.8,4.947,5228.1,no
33,services,married,high.school,no,no,no,telephone,jun,fri,59,4,999,0,nonexistent,1.4,94.465,-41.8,4.947,5228.1,no
32,management,married,university.degree,no,no,no,telephone,jun,fri,80,4,999,0,nonexistent,1.4,94.465,-41.8,4.947,5228.1,no
44,blue-collar,married,basic.6y,no,yes,no,telephone,jun,fri,159,2,999,0,nonexistent,1.4,94.465,-41.8,4.947,5228.1,no
50,admin.,married,high.school,no,no,no,telephone,jun,fri,513,3,999,0,nonexistent,1.4,94.465,-41.8,4.947,5228.1,no
59,housemaid,married,basic.6y,no,no,no,telephone,jun,fri,207,3,999,0,nonexistent,1.4,94.465,-41.8,4.947,5228.1,no
29,services,married,high.school,no,yes,yes,telephone,jun,fri,121,4,999,0,nonexistent,1.4,94.465,-41.8,4.947,5228.1,no
34,admin.,married,high.school,no,yes,no,telephone,jun,fri,95,1,999,0,nonexistent,1.4,94.465,-41.8,4.947,5228.1,no
39,self-employed,married,basic.6y,unknown,no,yes,telephone,jun,fri,213,1,999,0,nonexistent,1.4,94.465,-41.8,4.947,5228.1,no
34,blue-collar,married,basic.9y,no,no,no,telephone,jun,fri,302,2,999,0,nonexistent,1.4,94.465,-41.8,4.947,5228.1,no
37,admin.,married,high.school,no,no,no,telephone,jun,fri,212,1,999,0,nonexistent,1.4,94.465,-41.8,4.947,5228.1,no
30,technician,married,high.school,no,no,no,telephone,jun,fri,154,6,999,0,nonexistent,1.4,94.465,-41.8,4.947,5228.1,no
58,services,married,high.school,no,no,no,telephone,jun,fri,181,1,999,0,nonexistent,1.4,94.465,-41.8,4.947,5228.1,no
58,services,married,high.school,no,yes,no,telephone,jun,fri,32,1,999,0,nonexistent,1.4,94.465,-41.8,4.947,5228.1,no
40,services,married,high.school,no,no,no,telephone,jun,fri,392,4,999,0,nonexistent,1.4,94.465,-41.8,4.947,5228.1,no
37,blue-collar,married,basic.4y,unknown,no,no,telephone,jun,fri,124,2,999,0,nonexistent,1.4,94.465,-41.8,4.947,5228.1,no
40,management,married,basic.9y,no,yes,yes,telephone,jun,fri,162,1,999,0,nonexistent,1.4,94.465,-41.8,4.947,5228.1,no
33,technician,single,professional.course,no,no,no,telephone,jun,fri,634,2,999,0,nonexistent,1.4,94.465,-41.8,4.947,5228.1,no
32,services,single,high.school,no,no,no,telephone,jun,fri,79,1,999,0,nonexistent,1.4,94.465,-41.8,4.947,5228.1,no
34,admin.,single,basic.9y,no,yes,no,telephone,jun,fri,148,5,999,0,nonexistent,1.4,94.465,-41.8,4.947,5228.1,no
27,admin.,single,professional.course,no,yes,yes,telephone,jun,fri,103,1,999,0,nonexistent,1.4,94.465,-41.8,4.947,5228.1,no
27,admin.,single,professional.course,no,yes,yes,telephone,jun,fri,141,1,999,0,nonexistent,1.4,94.465,-41.8,4.947,5228.1,no
27,self-employed,single,university.degree,no,yes,no,telephone,jun,fri,244,2,999,0,nonexistent,1.4,94.465,-41.8,4.947,5228.1,no
36,blue-collar,single,basic.4y,no,yes,no,telephone,jun,fri,250,8,999,0,nonexistent,1.4,94.465,-41.8,4.947,5228.1,no
42,admin.,single,high.school,no,no,no,telephone,jun,fri,140,2,999,0,nonexistent,1.4,94.465,-41.8,4.947,5228.1,no
51,services,married,high.school,no,unknown,unknown,telephone,jun,fri,133,5,999,0,nonexistent,1.4,94.465,-41.8,4.947,5228.1,no
30,blue-collar,married,basic.9y,unknown,no,no,telephone,jun,fri,191,28,999,0,nonexistent,1.4,94.465,-41.8,4.947,5228.1,no
28,blue-collar,married,high.school,no,no,no,telephone,jun,fri,216,1,999,0,nonexistent,1.4,94.465,-41.8,4.947,5228.1,no
29,blue-collar,married,unknown,unknown,no,no,telephone,jun,fri,139,2,999,0,nonexistent,1.4,94.465,-41.8,4.947,5228.1,no
35,technician,single,professional.course,no,no,no,telephone,jun,fri,397,1,999,0,nonexistent,1.4,94.465,-41.8,4.947,5228.1,no
29,blue-collar,single,basic.9y,no,yes,no,telephone,jun,fri,76,1,999,0,nonexistent,1.4,94.465,-41.8,4.947,5228.1,no
41,blue-collar,married,professional.course,unknown,no,yes,telephone,jun,fri,244,1,999,0,nonexistent,1.4,94.465,-41.8,4.947,5228.1,no
59,technician,divorced,basic.4y,no,yes,no,telephone,jun,fri,135,2,999,0,nonexistent,1.4,94.465,-41.8,4.947,5228.1,no
35,admin.,married,high.school,no,yes,no,telephone,jun,fri,131,4,999,0,nonexistent,1.4,94.465,-41.8,4.947,5228.1,no
42,blue-collar,married,basic.9y,no,yes,yes,telephone,jun,fri,102,1,999,0,nonexistent,1.4,94.465,-41.8,4.947,5228.1,no
58,blue-collar,married,basic.4y,unknown,no,no,telephone,jun,fri,326,1,999,0,nonexistent,1.4,94.465,-41.8,4.947,5228.1,no
42,blue-collar,married,basic.6y,unknown,yes,no,telephone,jun,fri,151,2,999,0,nonexistent,1.4,94.465,-41.8,4.947,5228.1,no
40,blue-collar,married,basic.9y,unknown,yes,no,telephone,jun,fri,349,5,999,0,nonexistent,1.4,94.465,-41.8,4.947,5228.1,no
54,admin.,married,university.degree,no,yes,no,telephone,jun,fri,291,2,999,0,nonexistent,1.4,94.465,-41.8,4.947,5228.1,no
47,blue-collar,married,basic.9y,no,yes,no,telephone,jun,fri,185,3,999,0,nonexistent,1.4,94.465,-41.8,4.947,5228.1,no
30,blue-collar,single,basic.6y,unknown,yes,no,telephone,jun,fri,169,2,999,0,nonexistent,1.4,94.465,-41.8,4.947,5228.1,no
35,blue-collar,married,basic.6y,no,no,no,telephone,jun,fri,281,3,999,0,nonexistent,1.4,94.465,-41.8,4.947,5228.1,no
49,housemaid,divorced,basic.4y,no,no,no,telephone,jun,fri,114,4,999,0,nonexistent,1.4,94.465,-41.8,4.947,5228.1,no
45,technician,single,professional.course,unknown,yes,no,telephone,jun,fri,293,3,999,0,nonexistent,1.4,94.465,-41.8,4.947,5228.1,no
36,admin.,married,high.school,no,yes,yes,telephone,jun,fri,111,4,999,0,nonexistent,1.4,94.465,-41.8,4.947,5228.1,no
30,entrepreneur,divorced,university.degree,no,no,no,telephone,jun,fri,101,5,999,0,nonexistent,1.4,94.465,-41.8,4.947,5228.1,no
44,blue-collar,single,basic.6y,no,no,no,telephone,jun,fri,247,3,999,0,nonexistent,1.4,94.465,-41.8,4.947,5228.1,no
28,technician,single,university.degree,no,no,no,telephone,jun,mon,125,2,999,0,nonexistent,1.4,94.465,-41.8,4.947,5228.1,no
40,blue-collar,married,basic.4y,no,yes,yes,telephone,jun,mon,322,3,999,0,nonexistent,1.4,94.465,-41.8,4.947,5228.1,no
39,technician,single,professional.course,no,yes,no,telephone,jun,mon,182,4,999,0,nonexistent,1.4,94.465,-41.8,4.947,5228.1,no
49,blue-collar,married,basic.4y,no,yes,no,telephone,jun,mon,117,3,999,0,nonexistent,1.4,94.465,-41.8,4.947,5228.1,no
31,blue-collar,married,basic.9y,no,yes,no,telephone,jun,mon,198,2,999,0,nonexistent,1.4,94.465,-41.8,4.947,5228.1,no
37,blue-collar,married,basic.9y,no,no,no,telephone,jun,mon,123,2,999,0,nonexistent,1.4,94.465,-41.8,4.947,5228.1,no
23,services,single,high.school,no,no,no,telephone,jun,mon,85,5,999,0,nonexistent,1.4,94.465,-41.8,4.947,5228.1,no
40,entrepreneur,divorced,university.degree,no,no,no,telephone,jun,mon,146,3,999,0,nonexistent,1.4,94.465,-41.8,4.947,5228.1,no
40,blue-collar,married,basic.6y,unknown,no,no,telephone,jun,mon,93,3,999,0,nonexistent,1.4,94.465,-41.8,4.947,5228.1,no
28,admin.,single,university.degree,no,no,no,telephone,jun,mon,103,3,999,0,nonexistent,1.4,94.465,-41.8,4.947,5228.1,no
55,blue-collar,married,basic.4y,unknown,unknown,unknown,telephone,jun,mon,54,3,999,0,nonexistent,1.4,94.465,-41.8,4.947,5228.1,no
35,admin.,married,university.degree,no,no,no,telephone,jun,mon,27,3,999,0,nonexistent,1.4,94.465,-41.8,4.947,5228.1,no
42,admin.,married,university.degree,no,no,no,telephone,jun,mon,124,2,999,0,nonexistent,1.4,94.465,-41.8,4.947,5228.1,no
33,self-employed,married,professional.course,no,yes,no,telephone,jun,mon,141,4,999,0,nonexistent,1.4,94.465,-41.8,4.947,5228.1,no
28,management,married,university.degree,no,no,no,telephone,jun,mon,138,4,999,0,nonexistent,1.4,94.465,-41.8,4.947,5228.1,no
41,blue-collar,married,basic.6y,unknown,no,no,telephone,jun,mon,385,1,999,0,nonexistent,1.4,94.465,-41.8,4.947,5228.1,no
58,retired,married,basic.4y,unknown,yes,no,telephone,jun,mon,50,1,999,0,nonexistent,1.4,94.465,-41.8,4.947,5228.1,no
39,unemployed,married,basic.4y,no,no,no,telephone,jun,mon,203,1,999,0,nonexistent,1.4,94.465,-41.8,4.947,5228.1,no
32,self-employed,divorced,professional.course,no,yes,no,telephone,jun,mon,118,1,999,0,nonexistent,1.4,94.465,-41.8,4.947,5228.1,no
41,blue-collar,single,unknown,unknown,no,no,telephone,jun,mon,780,3,999,0,nonexistent,1.4,94.465,-41.8,4.947,5228.1,no
39,admin.,single,high.school,no,yes,yes,telephone,jun,mon,98,1,999,0,nonexistent,1.4,94.465,-41.8,4.947,5228.1,no
39,admin.,single,high.school,no,no,no,telephone,jun,mon,202,1,999,0,nonexistent,1.4,94.465,-41.8,4.947,5228.1,no
39,admin.,single,high.school,no,no,yes,telephone,jun,mon,158,1,999,0,nonexistent,1.4,94.465,-41.8,4.947,5228.1,no
27,technician,single,university.degree,no,yes,no,telephone,jun,mon,224,2,999,0,nonexistent,1.4,94.465,-41.8,4.947,5228.1,no
28,self-employed,single,university.degree,no,yes,no,telephone,jun,mon,73,2,999,0,nonexistent,1.4,94.465,-41.8,4.947,5228.1,no
54,technician,divorced,basic.9y,no,yes,no,telephone,jun,mon,111,2,999,0,nonexistent,1.4,94.465,-41.8,4.947,5228.1,no
29,admin.,single,high.school,no,unknown,unknown,telephone,jun,mon,444,3,999,0,nonexistent,1.4,94.465,-41.8,4.947,5228.1,no
29,blue-collar,married,basic.6y,no,no,no,telephone,jun,mon,69,3,999,0,nonexistent,1.4,94.465,-41.8,4.947,5228.1,no
37,self-employed,single,university.degree,unknown,no,yes,telephone,jun,mon,88,4,999,0,nonexistent,1.4,94.465,-41.8,4.947,5228.1,no
38,technician,single,university.degree,no,yes,no,telephone,jun,mon,104,2,999,0,nonexistent,1.4,94.465,-41.8,4.947,5228.1,no
44,technician,married,university.degree,no,no,no,telephone,jun,mon,252,4,999,0,nonexistent,1.4,94.465,-41.8,4.947,5228.1,no
53,technician,married,basic.9y,no,no,no,telephone,jun,mon,1049,6,999,0,nonexistent,1.4,94.465,-41.8,4.947,5228.1,yes
39,blue-collar,married,basic.6y,unknown,yes,no,telephone,jun,mon,132,4,999,0,nonexistent,1.4,94.465,-41.8,4.947,5228.1,no
31,housemaid,married,basic.4y,no,no,no,telephone,jun,mon,260,3,999,0,nonexistent,1.4,94.465,-41.8,4.947,5228.1,no
41,blue-collar,married,basic.4y,no,yes,yes,telephone,jun,mon,450,2,999,0,nonexistent,1.4,94.465,-41.8,4.947,5228.1,no
41,entrepreneur,married,university.degree,no,yes,yes,telephone,jul,tue,381,4,999,0,nonexistent,1.4,93.91799999999999,-42.7,4.955,5228.1,no
25,services,married,high.school,no,yes,no,telephone,jul,tue,479,9,999,0,nonexistent,1.4,93.91799999999999,-42.7,4.955,5228.1,yes
41,blue-collar,married,basic.4y,no,yes,no,telephone,jul,tue,281,3,999,0,nonexistent,1.4,93.91799999999999,-42.7,4.955,5228.1,no
53,management,married,university.degree,no,no,yes,telephone,jul,tue,128,3,999,0,nonexistent,1.4,93.91799999999999,-42.7,4.955,5228.1,no
41,blue-collar,married,basic.4y,unknown,yes,no,telephone,jul,tue,471,3,999,0,nonexistent,1.4,93.91799999999999,-42.7,4.955,5228.1,no
56,retired,married,basic.4y,no,yes,no,telephone,jul,tue,58,1,999,0,nonexistent,1.4,93.91799999999999,-42.7,4.955,5228.1,no
41,services,single,high.school,no,yes,no,telephone,jul,tue,108,1,999,0,nonexistent,1.4,93.91799999999999,-42.7,4.955,5228.1,no
35,blue-collar,married,unknown,no,yes,no,telephone,jul,tue,140,1,999,0,nonexistent,1.4,93.91799999999999,-42.7,4.955,5228.1,no
33,blue-collar,married,basic.4y,no,yes,no,telephone,jul,tue,102,1,999,0,nonexistent,1.4,93.91799999999999,-42.7,4.955,5228.1,no
29,self-employed,married,university.degree,no,no,no,telephone,jul,tue,215,3,999,0,nonexistent,1.4,93.91799999999999,-42.7,4.955,5228.1,no
54,blue-collar,married,basic.6y,unknown,yes,no,telephone,jul,tue,34,1,999,0,nonexistent,1.4,93.91799999999999,-42.7,4.955,5228.1,no
31,blue-collar,married,basic.4y,unknown,no,no,telephone,jul,tue,161,1,999,0,nonexistent,1.4,93.91799999999999,-42.7,4.955,5228.1,no
40,blue-collar,married,basic.9y,no,yes,no,telephone,jul,tue,428,2,999,0,nonexistent,1.4,93.91799999999999,-42.7,4.955,5228.1,no
37,technician,married,professional.course,no,yes,no,telephone,jul,tue,242,6,999,0,nonexistent,1.4,93.91799999999999,-42.7,4.955,5228.1,no
28,blue-collar,single,basic.6y,no,no,no,telephone,jul,tue,117,1,999,0,nonexistent,1.4,93.91799999999999,-42.7,4.955,5228.1,no
28,blue-collar,married,basic.6y,no,no,no,telephone,jul,tue,36,1,999,0,nonexistent,1.4,93.91799999999999,-42.7,4.955,5228.1,no
36,blue-collar,married,basic.9y,no,no,no,telephone,jul,tue,89,7,999,0,nonexistent,1.4,93.91799999999999,-42.7,4.955,5228.1,no
26,unemployed,single,high.school,no,no,no,telephone,jul,tue,173,1,999,0,nonexistent,1.4,93.91799999999999,-42.7,4.955,5228.1,no
38,blue-collar,married,basic.4y,no,no,no,telephone,jul,tue,150,1,999,0,nonexistent,1.4,93.91799999999999,-42.7,4.955,5228.1,no
38,blue-collar,married,basic.4y,no,no,no,telephone,jul,tue,292,1,999,0,nonexistent,1.4,93.91799999999999,-42.7,4.955,5228.1,no
44,admin.,divorced,unknown,no,no,no,telephone,jul,tue,183,2,999,0,nonexistent,1.4,93.91799999999999,-42.7,4.955,5228.1,no
27,unemployed,married,basic.9y,unknown,no,no,telephone,jul,tue,200,1,999,0,nonexistent,1.4,93.91799999999999,-42.7,4.955,5228.1,no
56,services,divorced,high.school,no,no,yes,telephone,jul,tue,150,1,999,0,nonexistent,1.4,93.91799999999999,-42.7,4.955,5228.1,no
52,technician,married,professional.course,unknown,no,no,telephone,jul,tue,304,2,999,0,nonexistent,1.4,93.91799999999999,-42.7,4.955,5228.1,no
42,unemployed,married,basic.9y,unknown,yes,no,telephone,jul,tue,163,1,999,0,nonexistent,1.4,93.91799999999999,-42.7,4.955,5228.1,no
49,blue-collar,married,basic.4y,unknown,no,no,telephone,jul,tue,122,1,999,0,nonexistent,1.4,93.91799999999999,-42.7,4.955,5228.1,no
41,housemaid,married,high.school,no,no,yes,telephone,jul,tue,86,1,999,0,nonexistent,1.4,93.91799999999999,-42.7,4.955,5228.1,no
43,technician,single,professional.course,no,yes,yes,telephone,jul,tue,359,1,999,0,nonexistent,1.4,93.91799999999999,-42.7,4.955,5228.1,no
37,admin.,married,high.school,no,no,no,telephone,jul,tue,305,1,999,0,nonexistent,1.4,93.91799999999999,-42.7,4.955,5228.1,no
38,blue-collar,married,basic.9y,no,unknown,unknown,telephone,jul,tue,110,2,999,0,nonexistent,1.4,93.91799999999999,-42.7,4.955,5228.1,no
55,blue-collar,married,basic.4y,no,yes,no,telephone,jul,tue,92,1,999,0,nonexistent,1.4,93.91799999999999,-42.7,4.955,5228.1,no
55,blue-collar,married,basic.4y,no,yes,no,telephone,jul,tue,86,1,999,0,nonexistent,1.4,93.91799999999999,-42.7,4.955,5228.1,no
53,blue-collar,married,basic.9y,unknown,no,no,telephone,jul,tue,39,1,999,0,nonexistent,1.4,93.91799999999999,-42.7,4.955,5228.1,no
42,admin.,married,basic.6y,no,no,no,telephone,jul,tue,340,1,999,0,nonexistent,1.4,93.91799999999999,-42.7,4.955,5228.1,no
37,services,divorced,high.school,no,no,no,telephone,jul,tue,125,3,999,0,nonexistent,1.4,93.91799999999999,-42.7,4.955,5228.1,no
41,blue-collar,married,unknown,no,no,no,telephone,jul,tue,529,1,999,0,nonexistent,1.4,93.91799999999999,-42.7,4.955,5228.1,no
35,blue-collar,married,basic.6y,no,no,no,telephone,jul,tue,196,4,999,0,nonexistent,1.4,93.91799999999999,-42.7,4.955,5228.1,no
47,retired,married,basic.4y,no,no,no,telephone,jul,tue,484,1,999,0,nonexistent,1.4,93.91799999999999,-42.7,4.955,5228.1,no
32,admin.,married,university.degree,no,no,no,telephone,jul,tue,56,1,999,0,nonexistent,1.4,93.91799999999999,-42.7,4.955,5228.1,no
47,blue-collar,divorced,basic.9y,no,no,no,telephone,jul,tue,245,1,999,0,nonexistent,1.4,93.91799999999999,-42.7,4.955,5228.1,no
57,retired,divorced,university.degree,no,no,no,telephone,jul,tue,156,2,999,0,nonexistent,1.4,93.91799999999999,-42.7,4.955,5228.1,no
57,self-employed,married,professional.course,no,yes,yes,telephone,jul,tue,221,1,999,0,nonexistent,1.4,93.91799999999999,-42.7,4.955,5228.1,no
54,retired,married,high.school,no,yes,yes,telephone,jul,tue,1992,2,999,0,nonexistent,1.4,93.91799999999999,-42.7,4.955,5228.1,no
35,admin.,married,high.school,no,yes,yes,telephone,jul,tue,157,1,999,0,nonexistent,1.4,93.91799999999999,-42.7,4.955,5228.1,no
40,blue-collar,married,basic.9y,no,no,yes,telephone,jul,tue,1135,2,999,0,nonexistent,1.4,93.91799999999999,-42.7,4.955,5228.1,yes
53,technician,married,professional.course,no,yes,no,telephone,jul,tue,307,2,999,0,nonexistent,1.4,93.91799999999999,-42.7,4.955,5228.1,no
42,management,married,university.degree,no,no,yes,telephone,jul,tue,650,2,999,0,nonexistent,1.4,93.91799999999999,-42.7,4.955,5228.1,yes
43,blue-collar,single,basic.4y,no,no,no,telephone,jul,wed,660,3,999,0,nonexistent,1.4,93.91799999999999,-42.7,4.956,5228.1,no
26,blue-collar,married,university.degree,no,no,no,telephone,jul,wed,63,4,999,0,nonexistent,1.4,93.91799999999999,-42.7,4.956,5228.1,no
40,admin.,divorced,high.school,no,no,no,telephone,jul,wed,96,7,999,0,nonexistent,1.4,93.91799999999999,-42.7,4.956,5228.1,no
39,blue-collar,married,unknown,unknown,no,no,telephone,jul,wed,218,2,999,0,nonexistent,1.4,93.91799999999999,-42.7,4.956,5228.1,no
46,housemaid,married,basic.4y,no,yes,no,telephone,jul,wed,220,2,999,0,nonexistent,1.4,93.91799999999999,-42.7,4.956,5228.1,no
41,blue-collar,married,basic.6y,no,no,no,telephone,jul,wed,144,5,999,0,nonexistent,1.4,93.91799999999999,-42.7,4.956,5228.1,no
38,blue-collar,married,basic.9y,unknown,no,no,telephone,jul,wed,32,3,999,0,nonexistent,1.4,93.91799999999999,-42.7,4.956,5228.1,no
43,technician,single,professional.course,no,no,no,telephone,jul,wed,44,2,999,0,nonexistent,1.4,93.91799999999999,-42.7,4.956,5228.1,no
50,blue-collar,divorced,basic.9y,no,no,no,telephone,jul,wed,79,3,999,0,nonexistent,1.4,93.91799999999999,-42.7,4.956,5228.1,no
39,blue-collar,married,basic.9y,unknown,yes,no,telephone,jul,wed,306,2,999,0,nonexistent,1.4,93.91799999999999,-42.7,4.956,5228.1,no
30,blue-collar,single,high.school,no,no,no,telephone,jul,wed,71,1,999,0,nonexistent,1.4,93.91799999999999,-42.7,4.956,5228.1,no
47,technician,married,professional.course,no,no,no,telephone,jul,wed,348,3,999,0,nonexistent,1.4,93.91799999999999,-42.7,4.956,5228.1,no
49,technician,single,high.school,no,yes,no,telephone,jul,wed,144,1,999,0,nonexistent,1.4,93.91799999999999,-42.7,4.956,5228.1,no
28,unemployed,single,high.school,no,yes,no,telephone,jul,wed,203,1,999,0,nonexistent,1.4,93.91799999999999,-42.7,4.956,5228.1,no
31,services,single,high.school,no,no,no,telephone,jul,wed,106,1,999,0,nonexistent,1.4,93.91799999999999,-42.7,4.956,5228.1,no
51,services,married,high.school,unknown,no,no,telephone,jul,wed,372,1,999,0,nonexistent,1.4,93.91799999999999,-42.7,4.956,5228.1,no
28,services,married,high.school,no,no,no,telephone,jul,wed,60,2,999,0,nonexistent,1.4,93.91799999999999,-42.7,4.956,5228.1,no
28,management,married,university.degree,no,yes,no,telephone,jul,wed,134,2,999,0,nonexistent,1.4,93.91799999999999,-42.7,4.956,5228.1,no
28,admin.,single,university.degree,no,yes,yes,telephone,jul,wed,108,3,999,0,nonexistent,1.4,93.91799999999999,-42.7,4.956,5228.1,no
38,services,divorced,basic.9y,no,yes,no,telephone,jul,wed,33,2,999,0,nonexistent,1.4,93.91799999999999,-42.7,4.956,5228.1,no
30,self-employed,married,university.degree,no,yes,yes,telephone,jul,wed,957,3,999,0,nonexistent,1.4,93.91799999999999,-42.7,4.956,5228.1,no
46,services,married,high.school,no,no,no,telephone,jul,wed,83,3,999,0,nonexistent,1.4,93.91799999999999,-42.7,4.956,5228.1,no
40,admin.,divorced,professional.course,unknown,no,no,telephone,jul,thu,343,2,999,0,nonexistent,1.4,93.91799999999999,-42.7,4.966,5228.1,no
51,services,married,high.school,no,yes,no,telephone,jul,thu,158,3,999,0,nonexistent,1.4,93.91799999999999,-42.7,4.966,5228.1,no
45,management,single,university.degree,no,no,yes,telephone,jul,thu,269,3,999,0,nonexistent,1.4,93.91799999999999,-42.7,4.966,5228.1,no
36,retired,married,unknown,no,no,no,telephone,jul,thu,269,2,999,0,nonexistent,1.4,93.91799999999999,-42.7,4.966,5228.1,no
46,admin.,married,high.school,unknown,no,no,telephone,jul,thu,375,3,999,0,nonexistent,1.4,93.91799999999999,-42.7,4.966,5228.1,no
48,entrepreneur,married,basic.6y,no,yes,no,telephone,jul,thu,202,1,999,0,nonexistent,1.4,93.91799999999999,-42.7,4.966,5228.1,no
32,housemaid,married,basic.9y,no,no,no,telephone,jul,thu,149,1,999,0,nonexistent,1.4,93.91799999999999,-42.7,4.966,5228.1,no
56,management,married,university.degree,no,yes,no,telephone,jul,thu,188,1,999,0,nonexistent,1.4,93.91799999999999,-42.7,4.966,5228.1,no
29,admin.,single,university.degree,no,yes,no,telephone,jul,thu,211,1,999,0,nonexistent,1.4,93.91799999999999,-42.7,4.966,5228.1,no
43,blue-collar,married,basic.9y,no,yes,no,telephone,jul,thu,24,1,999,0,nonexistent,1.4,93.91799999999999,-42.7,4.966,5228.1,no
29,technician,single,university.degree,no,yes,no,telephone,jul,thu,109,1,999,0,nonexistent,1.4,93.91799999999999,-42.7,4.966,5228.1,no
42,blue-collar,married,basic.4y,unknown,yes,yes,telephone,jul,thu,472,1,999,0,nonexistent,1.4,93.91799999999999,-42.7,4.966,5228.1,no
39,technician,single,professional.course,no,no,no,telephone,jul,thu,206,1,999,0,nonexistent,1.4,93.91799999999999,-42.7,4.966,5228.1,no
40,blue-collar,married,basic.9y,no,yes,no,telephone,jul,thu,228,2,999,0,nonexistent,1.4,93.91799999999999,-42.7,4.966,5228.1,no
53,blue-collar,married,basic.9y,no,no,no,telephone,jul,thu,183,2,999,0,nonexistent,1.4,93.91799999999999,-42.7,4.966,5228.1,no
30,blue-collar,single,basic.4y,no,no,no,telephone,jul,thu,267,1,999,0,nonexistent,1.4,93.91799999999999,-42.7,4.966,5228.1,no
36,blue-collar,married,basic.9y,no,no,no,telephone,jul,thu,414,1,999,0,nonexistent,1.4,93.91799999999999,-42.7,4.966,5228.1,no
28,blue-collar,married,high.school,no,yes,no,telephone,jul,thu,60,1,999,0,nonexistent,1.4,93.91799999999999,-42.7,4.966,5228.1,no
37,blue-collar,married,basic.6y,unknown,yes,no,telephone,jul,thu,95,1,999,0,nonexistent,1.4,93.91799999999999,-42.7,4.966,5228.1,no
38,blue-collar,married,basic.6y,unknown,no,no,telephone,jul,thu,85,1,999,0,nonexistent,1.4,93.91799999999999,-42.7,4.966,5228.1,no
38,blue-collar,married,high.school,no,yes,no,telephone,jul,thu,125,1,999,0,nonexistent,1.4,93.91799999999999,-42.7,4.966,5228.1,no
48,blue-collar,married,basic.6y,unknown,no,no,telephone,jul,thu,256,3,999,0,nonexistent,1.4,93.91799999999999,-42.7,4.966,5228.1,no
45,admin.,married,high.school,no,no,no,telephone,jul,thu,172,10,999,0,nonexistent,1.4,93.91799999999999,-42.7,4.966,5228.1,no
58,technician,married,university.degree,no,no,no,telephone,jul,thu,84,1,999,0,nonexistent,1.4,93.91799999999999,-42.7,4.966,5228.1,no
41,admin.,married,high.school,no,no,no,telephone,jul,thu,412,1,999,0,nonexistent,1.4,93.91799999999999,-42.7,4.966,5228.1,no
35,unemployed,married,basic.9y,unknown,no,no,telephone,jul,thu,88,1,999,0,nonexistent,1.4,93.91799999999999,-42.7,4.966,5228.1,no
42,blue-collar,married,basic.9y,no,no,no,telephone,jul,thu,130,1,999,0,nonexistent,1.4,93.91799999999999,-42.7,4.966,5228.1,no
53,technician,divorced,professional.course,no,no,no,telephone,jul,thu,115,4,999,0,nonexistent,1.4,93.91799999999999,-42.7,4.966,5228.1,no
38,technician,single,university.degree,unknown,yes,yes,telephone,jul,thu,168,1,999,0,nonexistent,1.4,93.91799999999999,-42.7,4.966,5228.1,no
55,admin.,married,basic.9y,unknown,yes,no,telephone,jul,thu,197,1,999,0,nonexistent,1.4,93.91799999999999,-42.7,4.966,5228.1,no
54,admin.,divorced,unknown,unknown,no,no,telephone,jul,thu,154,1,999,0,nonexistent,1.4,93.91799999999999,-42.7,4.966,5228.1,no
50,blue-collar,married,basic.9y,unknown,unknown,unknown,telephone,jul,thu,90,1,999,0,nonexistent,1.4,93.91799999999999,-42.7,4.966,5228.1,no
39,admin.,single,high.school,no,no,no,telephone,jul,thu,89,1,999,0,nonexistent,1.4,93.91799999999999,-42.7,4.966,5228.1,no
39,admin.,single,high.school,no,no,no,telephone,jul,thu,108,1,999,0,nonexistent,1.4,93.91799999999999,-42.7,4.966,5228.1,no
43,management,married,university.degree,no,no,yes,telephone,jul,thu,203,1,999,0,nonexistent,1.4,93.91799999999999,-42.7,4.966,5228.1,no
35,admin.,divorced,university.degree,unknown,no,no,telephone,jul,thu,203,1,999,0,nonexistent,1.4,93.91799999999999,-42.7,4.966,5228.1,no
37,technician,married,basic.9y,no,yes,no,telephone,jul,thu,991,1,999,0,nonexistent,1.4,93.91799999999999,-42.7,4.966,5228.1,no
34,admin.,divorced,university.degree,no,no,no,telephone,jul,thu,676,1,999,0,nonexistent,1.4,93.91799999999999,-42.7,4.966,5228.1,yes
34,management,married,university.degree,no,yes,no,telephone,jul,thu,652,1,999,0,nonexistent,1.4,93.91799999999999,-42.7,4.966,5228.1,no
29,blue-collar,divorced,high.school,no,yes,no,telephone,jul,thu,178,1,999,0,nonexistent,1.4,93.91799999999999,-42.7,4.966,5228.1,no
52,housemaid,single,basic.4y,no,yes,no,telephone,jul,thu,306,4,999,0,nonexistent,1.4,93.91799999999999,-42.7,4.966,5228.1,no
24,admin.,single,high.school,no,yes,yes,telephone,jul,thu,354,1,999,0,nonexistent,1.4,93.91799999999999,-42.7,4.966,5228.1,no
34,blue-collar,married,basic.6y,no,yes,no,telephone,jul,thu,93,1,999,0,nonexistent,1.4,93.91799999999999,-42.7,4.966,5228.1,no
41,services,single,high.school,unknown,no,yes,telephone,jul,thu,504,1,999,0,nonexistent,1.4,93.91799999999999,-42.7,4.966,5228.1,no
57,housemaid,married,basic.4y,no,yes,no,telephone,jul,thu,381,3,999,0,nonexistent,1.4,93.91799999999999,-42.7,4.966,5228.1,no
32,services,married,high.school,no,yes,no,telephone,jul,thu,251,2,999,0,nonexistent,1.4,93.91799999999999,-42.7,4.966,5228.1,no
37,technician,married,basic.9y,no,no,no,telephone,jul,thu,515,2,999,0,nonexistent,1.4,93.91799999999999,-42.7,4.966,5228.1,no
38,blue-collar,married,basic.6y,no,yes,no,telephone,jul,thu,389,2,999,0,nonexistent,1.4,93.91799999999999,-42.7,4.966,5228.1,no
50,entrepreneur,married,professional.course,no,yes,no,telephone,jul,thu,155,2,999,0,nonexistent,1.4,93.91799999999999,-42.7,4.966,5228.1,no
30,services,married,basic.9y,no,no,yes,telephone,jul,thu,172,2,999,0,nonexistent,1.4,93.91799999999999,-42.7,4.966,5228.1,no
25,services,single,high.school,no,yes,no,telephone,jul,thu,202,2,999,0,nonexistent,1.4,93.91799999999999,-42.7,4.966,5228.1,no
43,blue-collar,married,basic.4y,no,yes,no,telephone,jul,thu,155,3,999,0,nonexistent,1.4,93.91799999999999,-42.7,4.966,5228.1,no
26,technician,married,professional.course,no,yes,no,telephone,jul,thu,277,2,999,0,nonexistent,1.4,93.91799999999999,-42.7,4.966,5228.1,no
46,blue-collar,married,basic.9y,unknown,no,no,telephone,jul,thu,746,4,999,0,nonexistent,1.4,93.91799999999999,-42.7,4.966,5228.1,no
29,entrepreneur,single,university.degree,no,yes,no,telephone,jul,thu,167,11,999,0,nonexistent,1.4,93.91799999999999,-42.7,4.966,5228.1,no
23,technician,single,professional.course,no,yes,no,telephone,jul,thu,194,2,999,0,nonexistent,1.4,93.91799999999999,-42.7,4.966,5228.1,no
55,blue-collar,married,basic.4y,unknown,no,no,telephone,jul,thu,385,6,999,0,nonexistent,1.4,93.91799999999999,-42.7,4.966,5228.1,no
32,technician,single,professional.course,no,no,no,telephone,jul,fri,566,3,999,0,nonexistent,1.4,93.91799999999999,-42.7,4.959,5228.1,no
46,blue-collar,married,unknown,no,yes,no,telephone,jul,fri,257,1,999,0,nonexistent,1.4,93.91799999999999,-42.7,4.959,5228.1,no
31,technician,married,high.school,no,yes,no,telephone,jul,fri,111,1,999,0,nonexistent,1.4,93.91799999999999,-42.7,4.959,5228.1,no
24,blue-collar,single,basic.9y,unknown,no,no,telephone,jul,fri,270,1,999,0,nonexistent,1.4,93.91799999999999,-42.7,4.959,5228.1,no
56,self-employed,married,basic.9y,unknown,no,no,telephone,jul,fri,523,1,999,0,nonexistent,1.4,93.91799999999999,-42.7,4.959,5228.1,no
55,technician,married,university.degree,no,yes,no,telephone,jul,fri,49,1,999,0,nonexistent,1.4,93.91799999999999,-42.7,4.959,5228.1,no
32,blue-collar,married,basic.6y,unknown,no,yes,telephone,jul,fri,191,2,999,0,nonexistent,1.4,93.91799999999999,-42.7,4.959,5228.1,no
26,admin.,single,high.school,no,no,yes,telephone,jul,fri,634,1,999,0,nonexistent,1.4,93.91799999999999,-42.7,4.959,5228.1,no
45,management,married,university.degree,unknown,no,yes,telephone,jul,fri,355,1,999,0,nonexistent,1.4,93.91799999999999,-42.7,4.959,5228.1,no
45,management,married,university.degree,unknown,no,yes,telephone,jul,fri,31,1,999,0,nonexistent,1.4,93.91799999999999,-42.7,4.959,5228.1,no
46,services,married,high.school,no,yes,no,telephone,jul,fri,64,1,999,0,nonexistent,1.4,93.91799999999999,-42.7,4.959,5228.1,no
32,technician,divorced,professional.course,no,yes,yes,telephone,jul,fri,99,1,999,0,nonexistent,1.4,93.91799999999999,-42.7,4.959,5228.1,no
32,blue-collar,married,basic.6y,no,yes,no,telephone,jul,fri,133,1,999,0,nonexistent,1.4,93.91799999999999,-42.7,4.959,5228.1,no
43,management,married,high.school,no,no,yes,telephone,jul,fri,169,1,999,0,nonexistent,1.4,93.91799999999999,-42.7,4.959,5228.1,no
32,housemaid,married,basic.6y,no,no,no,telephone,jul,fri,68,1,999,0,nonexistent,1.4,93.91799999999999,-42.7,4.959,5228.1,no
30,admin.,single,high.school,no,no,no,telephone,jul,fri,30,2,999,0,nonexistent,1.4,93.91799999999999,-42.7,4.959,5228.1,no
39,admin.,married,high.school,no,no,no,telephone,jul,fri,246,1,999,0,nonexistent,1.4,93.91799999999999,-42.7,4.959,5228.1,no
39,admin.,married,high.school,no,yes,no,telephone,jul,fri,219,1,999,0,nonexistent,1.4,93.91799999999999,-42.7,4.959,5228.1,no
32,blue-collar,single,high.school,no,no,no,telephone,jul,fri,165,2,999,0,nonexistent,1.4,93.91799999999999,-42.7,4.959,5228.1,no
43,technician,married,university.degree,no,yes,no,telephone,jul,fri,105,3,999,0,nonexistent,1.4,93.91799999999999,-42.7,4.959,5228.1,no
36,entrepreneur,married,university.degree,no,no,no,telephone,jul,fri,164,2,999,0,nonexistent,1.4,93.91799999999999,-42.7,4.959,5228.1,no
28,admin.,single,university.degree,no,no,no,telephone,jul,fri,46,3,999,0,nonexistent,1.4,93.91799999999999,-42.7,4.959,5228.1,no
31,admin.,single,university.degree,no,yes,no,telephone,jul,fri,64,1,999,0,nonexistent,1.4,93.91799999999999,-42.7,4.959,5228.1,no
30,admin.,single,high.school,no,yes,no,telephone,jul,fri,105,1,999,0,nonexistent,1.4,93.91799999999999,-42.7,4.959,5228.1,no
27,services,married,high.school,unknown,no,no,telephone,jul,fri,584,1,999,0,nonexistent,1.4,93.91799999999999,-42.7,4.959,5228.1,yes
35,blue-collar,married,high.school,no,no,no,telephone,jul,fri,260,3,999,0,nonexistent,1.4,93.91799999999999,-42.7,4.959,5228.1,no
34,admin.,married,university.degree,no,yes,no,telephone,jul,fri,126,4,999,0,nonexistent,1.4,93.91799999999999,-42.7,4.959,5228.1,no
30,admin.,single,university.degree,no,yes,no,telephone,jul,fri,121,1,999,0,nonexistent,1.4,93.91799999999999,-42.7,4.959,5228.1,no
41,entrepreneur,married,basic.4y,no,no,no,telephone,jul,fri,101,1,999,0,nonexistent,1.4,93.91799999999999,-42.7,4.959,5228.1,no
43,blue-collar,divorced,basic.4y,unknown,no,no,telephone,jul,fri,195,1,999,0,nonexistent,1.4,93.91799999999999,-42.7,4.959,5228.1,no
31,admin.,single,university.degree,no,yes,no,telephone,jul,fri,400,1,999,0,nonexistent,1.4,93.91799999999999,-42.7,4.959,5228.1,no
53,blue-collar,married,basic.4y,no,yes,no,telephone,jul,fri,134,1,999,0,nonexistent,1.4,93.91799999999999,-42.7,4.959,5228.1,no
41,blue-collar,married,basic.4y,unknown,yes,no,telephone,jul,fri,742,1,999,0,nonexistent,1.4,93.91799999999999,-42.7,4.959,5228.1,no
31,admin.,divorced,university.degree,no,yes,no,telephone,jul,fri,692,1,999,0,nonexistent,1.4,93.91799999999999,-42.7,4.959,5228.1,no
26,admin.,single,high.school,no,yes,no,telephone,jul,fri,678,2,999,0,nonexistent,1.4,93.91799999999999,-42.7,4.959,5228.1,no
34,technician,single,high.school,no,yes,no,telephone,jul,fri,106,2,999,0,nonexistent,1.4,93.91799999999999,-42.7,4.959,5228.1,no
32,admin.,divorced,university.degree,no,no,yes,telephone,jul,fri,137,2,999,0,nonexistent,1.4,93.91799999999999,-42.7,4.959,5228.1,no
41,entrepreneur,married,basic.4y,no,yes,no,telephone,jul,fri,89,2,999,0,nonexistent,1.4,93.91799999999999,-42.7,4.959,5228.1,no
33,technician,married,university.degree,no,unknown,unknown,telephone,jul,fri,203,1,999,0,nonexistent,1.4,93.91799999999999,-42.7,4.959,5228.1,no
45,blue-collar,married,basic.4y,no,no,no,telephone,jul,fri,407,1,999,0,nonexistent,1.4,93.91799999999999,-42.7,4.959,5228.1,no
34,technician,single,professional.course,unknown,yes,no,telephone,jul,fri,225,2,999,0,nonexistent,1.4,93.91799999999999,-42.7,4.959,5228.1,no
42,blue-collar,married,basic.9y,unknown,no,no,telephone,jul,fri,61,4,999,0,nonexistent,1.4,93.91799999999999,-42.7,4.959,5228.1,no
29,entrepreneur,married,basic.6y,no,yes,yes,telephone,jul,fri,286,3,999,0,nonexistent,1.4,93.91799999999999,-42.7,4.959,5228.1,no
30,services,single,high.school,no,yes,no,telephone,jul,fri,1576,3,999,0,nonexistent,1.4,93.91799999999999,-42.7,4.959,5228.1,no
43,technician,single,professional.course,no,yes,no,telephone,jul,fri,468,6,999,0,nonexistent,1.4,93.91799999999999,-42.7,4.959,5228.1,no
59,retired,married,basic.4y,unknown,no,no,telephone,jul,fri,150,2,999,0,nonexistent,1.4,93.91799999999999,-42.7,4.959,5228.1,no
27,admin.,married,university.degree,no,yes,yes,telephone,jul,fri,178,2,999,0,nonexistent,1.4,93.91799999999999,-42.7,4.959,5228.1,no
28,blue-collar,divorced,basic.4y,no,no,no,telephone,jul,fri,327,1,999,0,nonexistent,1.4,93.91799999999999,-42.7,4.959,5228.1,no
29,admin.,single,university.degree,no,unknown,unknown,telephone,jul,fri,212,1,999,0,nonexistent,1.4,93.91799999999999,-42.7,4.959,5228.1,no
49,blue-collar,married,basic.9y,no,no,no,telephone,jul,fri,235,1,999,0,nonexistent,1.4,93.91799999999999,-42.7,4.959,5228.1,no
49,blue-collar,married,basic.9y,no,yes,no,telephone,jul,fri,333,1,999,0,nonexistent,1.4,93.91799999999999,-42.7,4.959,5228.1,no
45,blue-collar,married,basic.9y,no,yes,no,cellular,jul,fri,297,1,999,0,nonexistent,1.4,93.91799999999999,-42.7,4.959,5228.1,no
29,entrepreneur,married,high.school,no,yes,no,cellular,jul,fri,668,2,999,0,nonexistent,1.4,93.91799999999999,-42.7,4.959,5228.1,no
46,services,married,high.school,no,yes,no,telephone,jul,fri,65,2,999,0,nonexistent,1.4,93.91799999999999,-42.7,4.959,5228.1,no
33,technician,married,basic.9y,unknown,yes,no,cellular,jul,fri,436,4,999,0,nonexistent,1.4,93.91799999999999,-42.7,4.959,5228.1,no
31,technician,single,professional.course,no,no,no,telephone,jul,fri,141,2,999,0,nonexistent,1.4,93.91799999999999,-42.7,4.959,5228.1,no
30,services,divorced,high.school,no,yes,yes,cellular,jul,fri,39,2,999,0,nonexistent,1.4,93.91799999999999,-42.7,4.959,5228.1,no
58,retired,married,professional.course,unknown,yes,no,cellular,jul,fri,165,2,999,0,nonexistent,1.4,93.91799999999999,-42.7,4.959,5228.1,no
31,blue-collar,married,basic.9y,no,unknown,unknown,cellular,jul,fri,135,3,999,0,nonexistent,1.4,93.91799999999999,-42.7,4.959,5228.1,no
30,admin.,married,high.school,no,yes,no,cellular,jul,fri,53,6,999,0,nonexistent,1.4,93.91799999999999,-42.7,4.959,5228.1,no
40,blue-collar,divorced,basic.6y,unknown,unknown,unknown,cellular,jul,fri,138,3,999,0,nonexistent,1.4,93.91799999999999,-42.7,4.959,5228.1,no
33,services,married,high.school,no,yes,no,cellular,jul,fri,548,2,999,0,nonexistent,1.4,93.91799999999999,-42.7,4.959,5228.1,no
38,blue-collar,married,basic.9y,no,no,no,cellular,jul,fri,95,2,999,0,nonexistent,1.4,93.91799999999999,-42.7,4.959,5228.1,no
29,admin.,married,basic.9y,no,yes,no,cellular,jul,fri,273,3,999,0,nonexistent,1.4,93.91799999999999,-42.7,4.959,5228.1,no
40,blue-collar,married,basic.9y,no,no,no,telephone,jul,fri,304,3,999,0,nonexistent,1.4,93.91799999999999,-42.7,4.959,5228.1,no
48,blue-collar,married,basic.4y,no,no,yes,cellular,jul,fri,425,2,999,0,nonexistent,1.4,93.91799999999999,-42.7,4.959,5228.1,no
51,retired,married,basic.9y,unknown,no,no,cellular,jul,fri,64,1,999,0,nonexistent,1.4,93.91799999999999,-42.7,4.959,5228.1,no
34,technician,married,high.school,unknown,yes,no,cellular,jul,fri,92,1,999,0,nonexistent,1.4,93.91799999999999,-42.7,4.959,5228.1,no
34,unemployed,married,high.school,no,no,no,cellular,jul,fri,339,1,999,0,nonexistent,1.4,93.91799999999999,-42.7,4.959,5228.1,no
55,admin.,married,high.school,no,yes,no,cellular,jul,mon,92,3,999,0,nonexistent,1.4,93.91799999999999,-42.7,4.96,5228.1,no
47,admin.,married,university.degree,unknown,unknown,unknown,cellular,jul,mon,135,3,999,0,nonexistent,1.4,93.91799999999999,-42.7,4.96,5228.1,no
41,blue-collar,married,basic.4y,no,yes,no,cellular,jul,mon,107,2,999,0,nonexistent,1.4,93.91799999999999,-42.7,4.96,5228.1,no
49,admin.,divorced,high.school,no,no,no,cellular,jul,mon,148,3,999,0,nonexistent,1.4,93.91799999999999,-42.7,4.96,5228.1,no
38,admin.,divorced,high.school,no,no,yes,cellular,jul,mon,125,2,999,0,nonexistent,1.4,93.91799999999999,-42.7,4.96,5228.1,no
51,admin.,married,illiterate,unknown,no,no,cellular,jul,mon,151,4,999,0,nonexistent,1.4,93.91799999999999,-42.7,4.96,5228.1,no
52,management,married,professional.course,no,yes,no,cellular,jul,mon,491,3,999,0,nonexistent,1.4,93.91799999999999,-42.7,4.96,5228.1,yes
59,retired,married,professional.course,unknown,yes,yes,cellular,jul,mon,494,4,999,0,nonexistent,1.4,93.91799999999999,-42.7,4.96,5228.1,yes
33,self-employed,married,basic.9y,no,yes,no,cellular,jul,mon,181,2,999,0,nonexistent,1.4,93.91799999999999,-42.7,4.96,5228.1,no
40,admin.,married,high.school,no,yes,yes,cellular,jul,mon,615,2,999,0,nonexistent,1.4,93.91799999999999,-42.7,4.96,5228.1,yes
57,admin.,divorced,basic.9y,no,yes,yes,cellular,jul,mon,518,4,999,0,nonexistent,1.4,93.91799999999999,-42.7,4.96,5228.1,no
53,self-employed,divorced,university.degree,no,no,no,cellular,jul,mon,397,3,999,0,nonexistent,1.4,93.91799999999999,-42.7,4.96,5228.1,no
56,technician,married,university.degree,unknown,no,no,cellular,jul,mon,17,19,999,0,nonexistent,1.4,93.91799999999999,-42.7,4.96,5228.1,no
29,unemployed,divorced,university.degree,no,yes,no,cellular,jul,mon,148,2,999,0,nonexistent,1.4,93.91799999999999,-42.7,4.96,5228.1,no
52,blue-collar,married,basic.9y,unknown,no,no,cellular,jul,mon,128,3,999,0,nonexistent,1.4,93.91799999999999,-42.7,4.96,5228.1,no
30,blue-collar,single,basic.9y,no,yes,no,cellular,jul,mon,89,4,999,0,nonexistent,1.4,93.91799999999999,-42.7,4.96,5228.1,no
45,admin.,married,basic.9y,no,yes,yes,cellular,jul,mon,181,2,999,0,nonexistent,1.4,93.91799999999999,-42.7,4.96,5228.1,no
30,technician,single,professional.course,no,yes,yes,cellular,jul,mon,111,2,999,0,nonexistent,1.4,93.91799999999999,-42.7,4.96,5228.1,no
27,blue-collar,married,basic.9y,unknown,yes,yes,cellular,jul,mon,119,3,999,0,nonexistent,1.4,93.91799999999999,-42.7,4.96,5228.1,no
35,admin.,single,university.degree,no,no,no,cellular,jul,mon,107,5,999,0,nonexistent,1.4,93.91799999999999,-42.7,4.96,5228.1,no
43,unemployed,married,high.school,unknown,yes,no,cellular,jul,mon,149,5,999,0,nonexistent,1.4,93.91799999999999,-42.7,4.96,5228.1,no
35,services,married,professional.course,unknown,no,no,cellular,jul,mon,134,2,999,0,nonexistent,1.4,93.91799999999999,-42.7,4.96,5228.1,no
52,blue-collar,married,basic.9y,no,no,no,cellular,jul,mon,1434,5,999,0,nonexistent,1.4,93.91799999999999,-42.7,4.96,5228.1,no
32,blue-collar,married,basic.6y,no,no,no,telephone,jul,mon,176,6,999,0,nonexistent,1.4,93.91799999999999,-42.7,4.96,5228.1,no
48,admin.,married,university.degree,no,yes,yes,cellular,jul,mon,179,2,999,0,nonexistent,1.4,93.91799999999999,-42.7,4.96,5228.1,no
40,blue-collar,married,basic.6y,no,no,no,telephone,jul,mon,63,6,999,0,nonexistent,1.4,93.91799999999999,-42.7,4.96,5228.1,no
43,management,married,unknown,no,no,yes,cellular,jul,mon,86,2,999,0,nonexistent,1.4,93.91799999999999,-42.7,4.96,5228.1,no
42,self-employed,married,unknown,no,yes,no,cellular,jul,mon,685,2,999,0,nonexistent,1.4,93.91799999999999,-42.7,4.96,5228.1,no
52,management,divorced,university.degree,no,no,no,cellular,jul,mon,200,4,999,0,nonexistent,1.4,93.91799999999999,-42.7,4.96,5228.1,no
31,blue-collar,married,basic.6y,unknown,no,no,cellular,jul,mon,196,2,999,0,nonexistent,1.4,93.91799999999999,-42.7,4.96,5228.1,no
44,technician,divorced,professional.course,no,no,no,cellular,jul,mon,250,2,999,0,nonexistent,1.4,93.91799999999999,-42.7,4.96,5228.1,no
40,technician,married,university.degree,unknown,no,no,cellular,jul,mon,185,2,999,0,nonexistent,1.4,93.91799999999999,-42.7,4.96,5228.1,no
42,technician,married,professional.course,unknown,no,no,cellular,jul,mon,75,3,999,0,nonexistent,1.4,93.91799999999999,-42.7,4.96,5228.1,no
42,services,married,high.school,unknown,yes,no,cellular,jul,mon,136,4,999,0,nonexistent,1.4,93.91799999999999,-42.7,4.96,5228.1,no
31,admin.,married,basic.9y,unknown,yes,no,telephone,jul,mon,229,5,999,0,nonexistent,1.4,93.91799999999999,-42.7,4.96,5228.1,no
57,management,divorced,university.degree,unknown,no,yes,cellular,jul,mon,200,1,999,0,nonexistent,1.4,93.91799999999999,-42.7,4.96,5228.1,no
40,technician,married,basic.9y,unknown,no,no,cellular,jul,mon,141,3,999,0,nonexistent,1.4,93.91799999999999,-42.7,4.96,5228.1,no
42,blue-collar,single,basic.4y,unknown,no,no,cellular,jul,mon,49,6,999,0,nonexistent,1.4,93.91799999999999,-42.7,4.96,5228.1,no
31,entrepreneur,married,basic.6y,no,yes,yes,cellular,jul,mon,782,1,999,0,nonexistent,1.4,93.91799999999999,-42.7,4.96,5228.1,yes
45,management,married,unknown,unknown,no,no,cellular,jul,mon,321,3,999,0,nonexistent,1.4,93.91799999999999,-42.7,4.96,5228.1,no
26,admin.,single,university.degree,no,yes,yes,cellular,jul,mon,118,4,999,0,nonexistent,1.4,93.91799999999999,-42.7,4.96,5228.1,no
52,blue-collar,married,basic.9y,no,no,no,cellular,jul,mon,116,6,999,0,nonexistent,1.4,93.91799999999999,-42.7,4.96,5228.1,no
30,admin.,single,university.degree,no,no,no,cellular,jul,mon,128,3,999,0,nonexistent,1.4,93.91799999999999,-42.7,4.96,5228.1,no
41,blue-collar,married,basic.9y,unknown,no,no,cellular,jul,mon,126,3,999,0,nonexistent,1.4,93.91799999999999,-42.7,4.96,5228.1,no
31,management,married,high.school,no,no,no,cellular,jul,mon,1272,3,999,0,nonexistent,1.4,93.91799999999999,-42.7,4.96,5228.1,yes
45,admin.,divorced,university.degree,no,no,no,cellular,jul,mon,107,3,999,0,nonexistent,1.4,93.91799999999999,-42.7,4.96,5228.1,no
42,admin.,single,university.degree,no,no,no,cellular,jul,mon,401,2,999,0,nonexistent,1.4,93.91799999999999,-42.7,4.96,5228.1,no
56,blue-collar,single,basic.4y,no,yes,no,cellular,jul,mon,758,1,999,0,nonexistent,1.4,93.91799999999999,-42.7,4.96,5228.1,no
37,self-employed,single,basic.4y,no,unknown,unknown,cellular,jul,mon,277,2,999,0,nonexistent,1.4,93.91799999999999,-42.7,4.96,5228.1,no
41,blue-collar,single,basic.4y,no,unknown,unknown,cellular,jul,mon,107,3,999,0,nonexistent,1.4,93.91799999999999,-42.7,4.96,5228.1,no
23,blue-collar,single,basic.9y,no,no,no,cellular,jul,mon,360,3,999,0,nonexistent,1.4,93.91799999999999,-42.7,4.96,5228.1,no
42,housemaid,divorced,basic.4y,unknown,no,no,cellular,jul,mon,461,2,999,0,nonexistent,1.4,93.91799999999999,-42.7,4.96,5228.1,no
56,admin.,divorced,basic.6y,no,yes,no,cellular,jul,mon,239,4,999,0,nonexistent,1.4,93.91799999999999,-42.7,4.96,5228.1,no
39,housemaid,married,basic.4y,no,no,no,cellular,jul,mon,240,5,999,0,nonexistent,1.4,93.91799999999999,-42.7,4.96,5228.1,no
31,housemaid,divorced,high.school,no,yes,no,cellular,jul,mon,127,4,999,0,nonexistent,1.4,93.91799999999999,-42.7,4.96,5228.1,no
40,technician,married,high.school,no,yes,no,cellular,jul,mon,244,4,999,0,nonexistent,1.4,93.91799999999999,-42.7,4.96,5228.1,no
39,technician,married,basic.9y,no,no,no,cellular,jul,mon,62,4,999,0,nonexistent,1.4,93.91799999999999,-42.7,4.96,5228.1,no
47,blue-collar,single,basic.9y,no,yes,yes,telephone,jul,mon,41,9,999,0,nonexistent,1.4,93.91799999999999,-42.7,4.96,5228.1,no
30,services,married,high.school,no,yes,no,cellular,jul,mon,559,4,999,0,nonexistent,1.4,93.91799999999999,-42.7,4.96,5228.1,no
40,unemployed,single,high.school,no,yes,no,cellular,jul,mon,300,5,999,0,nonexistent,1.4,93.91799999999999,-42.7,4.96,5228.1,no
32,services,single,high.school,no,no,no,cellular,jul,mon,722,3,999,0,nonexistent,1.4,93.91799999999999,-42.7,4.96,5228.1,yes
25,admin.,married,high.school,no,no,yes,cellular,jul,mon,64,1,999,0,nonexistent,1.4,93.91799999999999,-42.7,4.96,5228.1,no
56,retired,married,basic.4y,no,yes,no,cellular,jul,mon,621,2,999,0,nonexistent,1.4,93.91799999999999,-42.7,4.96,5228.1,yes
31,services,single,high.school,no,yes,yes,cellular,jul,mon,232,1,999,0,nonexistent,1.4,93.91799999999999,-42.7,4.96,5228.1,no
42,blue-collar,divorced,basic.9y,no,no,no,telephone,jul,mon,259,8,999,0,nonexistent,1.4,93.91799999999999,-42.7,4.96,5228.1,no
50,blue-collar,divorced,high.school,no,yes,yes,cellular,jul,mon,629,2,999,0,nonexistent,1.4,93.91799999999999,-42.7,4.96,5228.1,yes
46,entrepreneur,married,university.degree,unknown,no,yes,telephone,jul,mon,126,4,999,0,nonexistent,1.4,93.91799999999999,-42.7,4.96,5228.1,no
32,management,single,university.degree,no,no,no,telephone,jul,mon,66,8,999,0,nonexistent,1.4,93.91799999999999,-42.7,4.96,5228.1,no
31,technician,married,university.degree,no,yes,yes,cellular,jul,mon,385,5,999,0,nonexistent,1.4,93.91799999999999,-42.7,4.96,5228.1,yes
35,blue-collar,married,basic.9y,no,no,no,telephone,jul,mon,1356,3,999,0,nonexistent,1.4,93.91799999999999,-42.7,4.96,5228.1,yes
44,services,married,high.school,no,no,no,cellular,jul,mon,190,4,999,0,nonexistent,1.4,93.91799999999999,-42.7,4.96,5228.1,no
39,services,married,high.school,unknown,yes,no,telephone,jul,mon,173,3,999,0,nonexistent,1.4,93.91799999999999,-42.7,4.96,5228.1,no
36,admin.,married,university.degree,no,no,no,cellular,jul,mon,61,6,999,0,nonexistent,1.4,93.91799999999999,-42.7,4.96,5228.1,no
39,unemployed,married,high.school,no,no,no,cellular,jul,mon,74,7,999,0,nonexistent,1.4,93.91799999999999,-42.7,4.96,5228.1,no
56,blue-collar,married,basic.9y,unknown,no,no,telephone,jul,mon,86,4,999,0,nonexistent,1.4,93.91799999999999,-42.7,4.96,5228.1,no
28,housemaid,single,basic.6y,no,no,no,cellular,jul,mon,94,1,999,0,nonexistent,1.4,93.91799999999999,-42.7,4.96,5228.1,no
40,blue-collar,married,basic.9y,unknown,no,no,cellular,jul,mon,56,4,999,0,nonexistent,1.4,93.91799999999999,-42.7,4.96,5228.1,no
49,unemployed,divorced,basic.9y,unknown,no,no,cellular,jul,mon,326,3,999,0,nonexistent,1.4,93.91799999999999,-42.7,4.96,5228.1,no
28,blue-collar,married,basic.9y,no,yes,no,cellular,jul,mon,497,1,999,0,nonexistent,1.4,93.91799999999999,-42.7,4.96,5228.1,no
49,admin.,divorced,high.school,no,no,no,cellular,jul,mon,21,2,999,0,nonexistent,1.4,93.91799999999999,-42.7,4.96,5228.1,no
36,blue-collar,married,basic.6y,unknown,no,no,cellular,jul,mon,179,1,999,0,nonexistent,1.4,93.91799999999999,-42.7,4.96,5228.1,no
45,services,single,basic.9y,unknown,no,yes,cellular,jul,mon,236,1,999,0,nonexistent,1.4,93.91799999999999,-42.7,4.96,5228.1,no
51,blue-collar,married,basic.4y,unknown,no,yes,cellular,jul,mon,87,1,999,0,nonexistent,1.4,93.91799999999999,-42.7,4.96,5228.1,no
33,services,divorced,unknown,no,no,no,cellular,jul,mon,66,1,999,0,nonexistent,1.4,93.91799999999999,-42.7,4.96,5228.1,no
47,services,married,basic.6y,no,yes,no,cellular,jul,mon,207,1,999,0,nonexistent,1.4,93.91799999999999,-42.7,4.96,5228.1,no
33,unemployed,divorced,basic.9y,no,unknown,unknown,cellular,jul,mon,385,1,999,0,nonexistent,1.4,93.91799999999999,-42.7,4.96,5228.1,no
36,housemaid,married,university.degree,no,yes,no,cellular,jul,mon,137,1,999,0,nonexistent,1.4,93.91799999999999,-42.7,4.96,5228.1,no
41,admin.,single,high.school,no,no,no,cellular,jul,mon,459,1,999,0,nonexistent,1.4,93.91799999999999,-42.7,4.96,5228.1,no
28,technician,married,university.degree,no,no,no,cellular,jul,mon,289,1,999,0,nonexistent,1.4,93.91799999999999,-42.7,4.96,5228.1,no
27,admin.,single,university.degree,no,no,no,cellular,jul,mon,130,1,999,0,nonexistent,1.4,93.91799999999999,-42.7,4.96,5228.1,no
30,blue-collar,married,basic.9y,no,yes,no,cellular,jul,mon,332,1,999,0,nonexistent,1.4,93.91799999999999,-42.7,4.96,5228.1,no
37,services,divorced,high.school,no,unknown,unknown,cellular,jul,mon,114,1,999,0,nonexistent,1.4,93.91799999999999,-42.7,4.96,5228.1,no
40,technician,married,basic.9y,unknown,no,no,cellular,jul,mon,166,1,999,0,nonexistent,1.4,93.91799999999999,-42.7,4.96,5228.1,no
37,entrepreneur,married,university.degree,no,yes,no,cellular,jul,mon,183,1,999,0,nonexistent,1.4,93.91799999999999,-42.7,4.96,5228.1,no
29,services,married,high.school,no,yes,no,cellular,jul,mon,94,1,999,0,nonexistent,1.4,93.91799999999999,-42.7,4.96,5228.1,no
48,blue-collar,divorced,basic.4y,unknown,yes,yes,cellular,jul,mon,169,1,999,0,nonexistent,1.4,93.91799999999999,-42.7,4.96,5228.1,no
36,blue-collar,married,high.school,no,no,no,cellular,jul,mon,889,1,999,0,nonexistent,1.4,93.91799999999999,-42.7,4.96,5228.1,yes
43,admin.,married,high.school,no,yes,no,cellular,jul,mon,118,1,999,0,nonexistent,1.4,93.91799999999999,-42.7,4.96,5228.1,no
33,blue-collar,married,basic.9y,no,no,no,cellular,jul,mon,199,1,999,0,nonexistent,1.4,93.91799999999999,-42.7,4.96,5228.1,no
43,admin.,married,high.school,no,no,no,cellular,jul,mon,240,1,999,0,nonexistent,1.4,93.91799999999999,-42.7,4.96,5228.1,no
38,admin.,divorced,high.school,no,yes,no,cellular,jul,mon,128,1,999,0,nonexistent,1.4,93.91799999999999,-42.7,4.96,5228.1,no
55,blue-collar,married,basic.4y,no,no,no,cellular,jul,mon,199,1,999,0,nonexistent,1.4,93.91799999999999,-42.7,4.96,5228.1,no
34,blue-collar,married,basic.9y,no,yes,no,telephone,jul,mon,199,4,999,0,nonexistent,1.4,93.91799999999999,-42.7,4.96,5228.1,no
59,technician,divorced,university.degree,no,no,no,cellular,jul,mon,39,1,999,0,nonexistent,1.4,93.91799999999999,-42.7,4.96,5228.1,no
49,blue-collar,married,basic.4y,no,no,yes,telephone,jul,mon,256,15,999,0,nonexistent,1.4,93.91799999999999,-42.7,4.96,5228.1,no
43,entrepreneur,married,basic.9y,unknown,yes,no,cellular,jul,mon,174,1,999,0,nonexistent,1.4,93.91799999999999,-42.7,4.96,5228.1,no
52,management,married,university.degree,no,yes,yes,cellular,jul,mon,161,1,999,0,nonexistent,1.4,93.91799999999999,-42.7,4.96,5228.1,no
47,admin.,married,basic.9y,no,yes,no,cellular,jul,mon,461,1,999,0,nonexistent,1.4,93.91799999999999,-42.7,4.96,5228.1,no
35,self-employed,married,high.school,no,no,no,cellular,jul,mon,187,3,999,0,nonexistent,1.4,93.91799999999999,-42.7,4.96,5228.1,no
39,admin.,married,high.school,no,yes,no,cellular,jul,mon,201,1,999,0,nonexistent,1.4,93.91799999999999,-42.7,4.96,5228.1,no
34,services,married,high.school,no,yes,no,cellular,jul,mon,206,6,999,0,nonexistent,1.4,93.91799999999999,-42.7,4.96,5228.1,no
48,blue-collar,married,basic.4y,no,no,no,cellular,jul,mon,297,1,999,0,nonexistent,1.4,93.91799999999999,-42.7,4.96,5228.1,no
36,entrepreneur,married,unknown,unknown,yes,no,cellular,jul,mon,44,3,999,0,nonexistent,1.4,93.91799999999999,-42.7,4.96,5228.1,no
47,admin.,divorced,high.school,no,no,no,cellular,jul,mon,480,1,999,0,nonexistent,1.4,93.91799999999999,-42.7,4.96,5228.1,no
47,admin.,divorced,high.school,no,no,no,cellular,jul,mon,532,1,999,0,nonexistent,1.4,93.91799999999999,-42.7,4.96,5228.1,yes
60,blue-collar,married,basic.9y,unknown,unknown,unknown,cellular,jul,mon,575,1,999,0,nonexistent,1.4,93.91799999999999,-42.7,4.96,5228.1,no
52,retired,married,basic.4y,no,no,no,cellular,jul,mon,445,1,999,0,nonexistent,1.4,93.91799999999999,-42.7,4.96,5228.1,no
37,entrepreneur,married,basic.6y,no,yes,no,cellular,jul,mon,254,1,999,0,nonexistent,1.4,93.91799999999999,-42.7,4.96,5228.1,no
41,blue-collar,married,unknown,no,no,no,cellular,jul,mon,226,1,999,0,nonexistent,1.4,93.91799999999999,-42.7,4.96,5228.1,no
54,management,married,university.degree,no,yes,no,cellular,jul,mon,224,1,999,0,nonexistent,1.4,93.91799999999999,-42.7,4.96,5228.1,no
31,admin.,married,university.degree,no,yes,no,telephone,jul,mon,118,2,999,0,nonexistent,1.4,93.91799999999999,-42.7,4.96,5228.1,no
45,services,divorced,high.school,no,no,no,cellular,jul,mon,295,1,999,0,nonexistent,1.4,93.91799999999999,-42.7,4.96,5228.1,no
57,entrepreneur,married,university.degree,unknown,unknown,unknown,cellular,jul,mon,268,9,999,0,nonexistent,1.4,93.91799999999999,-42.7,4.96,5228.1,no
36,technician,married,university.degree,no,yes,no,cellular,jul,mon,174,1,999,0,nonexistent,1.4,93.91799999999999,-42.7,4.96,5228.1,no
49,admin.,married,unknown,unknown,no,no,cellular,jul,mon,630,3,999,0,nonexistent,1.4,93.91799999999999,-42.7,4.96,5228.1,no
46,blue-collar,married,basic.9y,no,yes,no,cellular,jul,mon,243,2,999,0,nonexistent,1.4,93.91799999999999,-42.7,4.96,5228.1,no
29,technician,married,professional.course,no,yes,no,cellular,jul,mon,111,1,999,0,nonexistent,1.4,93.91799999999999,-42.7,4.96,5228.1,no
28,admin.,single,high.school,no,no,no,cellular,jul,mon,154,1,999,0,nonexistent,1.4,93.91799999999999,-42.7,4.96,5228.1,no
40,services,married,high.school,no,no,yes,cellular,jul,mon,162,4,999,0,nonexistent,1.4,93.91799999999999,-42.7,4.96,5228.1,no
58,blue-collar,married,basic.4y,unknown,yes,no,cellular,jul,mon,86,2,999,0,nonexistent,1.4,93.91799999999999,-42.7,4.96,5228.1,no
35,technician,married,basic.9y,no,yes,no,cellular,jul,mon,448,1,999,0,nonexistent,1.4,93.91799999999999,-42.7,4.96,5228.1,no
27,admin.,single,high.school,unknown,no,no,cellular,jul,mon,261,12,999,0,nonexistent,1.4,93.91799999999999,-42.7,4.96,5228.1,no
41,entrepreneur,married,basic.4y,no,yes,no,cellular,jul,mon,120,1,999,0,nonexistent,1.4,93.91799999999999,-42.7,4.96,5228.1,no
48,blue-collar,married,basic.4y,no,no,no,cellular,jul,mon,151,1,999,0,nonexistent,1.4,93.91799999999999,-42.7,4.96,5228.1,no
33,management,married,university.degree,no,yes,no,cellular,jul,mon,199,1,999,0,nonexistent,1.4,93.91799999999999,-42.7,4.96,5228.1,no
40,blue-collar,married,basic.9y,unknown,yes,no,telephone,jul,mon,94,2,999,0,nonexistent,1.4,93.91799999999999,-42.7,4.96,5228.1,no
52,entrepreneur,married,university.degree,no,yes,no,cellular,jul,mon,97,3,999,0,nonexistent,1.4,93.91799999999999,-42.7,4.96,5228.1,no
41,entrepreneur,married,basic.4y,no,no,no,cellular,jul,mon,531,1,999,0,nonexistent,1.4,93.91799999999999,-42.7,4.96,5228.1,no
34,services,married,basic.9y,unknown,no,no,cellular,jul,mon,112,1,999,0,nonexistent,1.4,93.91799999999999,-42.7,4.96,5228.1,no
46,admin.,married,university.degree,no,no,no,telephone,jul,mon,41,1,999,0,nonexistent,1.4,93.91799999999999,-42.7,4.96,5228.1,no
35,blue-collar,single,basic.6y,unknown,yes,no,cellular,jul,mon,153,1,999,0,nonexistent,1.4,93.91799999999999,-42.7,4.96,5228.1,no
55,retired,divorced,high.school,unknown,no,no,cellular,jul,mon,210,1,999,0,nonexistent,1.4,93.91799999999999,-42.7,4.96,5228.1,no
30,technician,single,high.school,no,yes,no,telephone,jul,mon,130,2,999,0,nonexistent,1.4,93.91799999999999,-42.7,4.96,5228.1,no
50,management,married,university.degree,no,yes,no,cellular,jul,mon,236,1,999,0,nonexistent,1.4,93.91799999999999,-42.7,4.96,5228.1,no
33,blue-collar,married,basic.9y,no,no,no,cellular,jul,mon,532,2,999,0,nonexistent,1.4,93.91799999999999,-42.7,4.96,5228.1,no
55,admin.,divorced,university.degree,unknown,yes,no,cellular,jul,mon,849,1,999,0,nonexistent,1.4,93.91799999999999,-42.7,4.96,5228.1,yes
37,technician,single,high.school,unknown,no,no,cellular,jul,mon,500,1,999,0,nonexistent,1.4,93.91799999999999,-42.7,4.96,5228.1,no
48,blue-collar,married,basic.9y,unknown,no,no,cellular,jul,mon,212,4,999,0,nonexistent,1.4,93.91799999999999,-42.7,4.96,5228.1,no
24,services,married,high.school,no,yes,no,cellular,jul,mon,337,4,999,0,nonexistent,1.4,93.91799999999999,-42.7,4.96,5228.1,no
31,admin.,married,university.degree,no,yes,no,cellular,jul,mon,1467,1,999,0,nonexistent,1.4,93.91799999999999,-42.7,4.96,5228.1,no
34,blue-collar,divorced,basic.4y,unknown,yes,no,cellular,jul,mon,246,2,999,0,nonexistent,1.4,93.91799999999999,-42.7,4.96,5228.1,no
43,entrepreneur,married,university.degree,no,yes,no,cellular,jul,mon,117,3,999,0,nonexistent,1.4,93.91799999999999,-42.7,4.96,5228.1,no
29,services,single,university.degree,no,no,no,cellular,jul,mon,234,2,999,0,nonexistent,1.4,93.91799999999999,-42.7,4.96,5228.1,no
33,blue-collar,married,basic.9y,no,no,yes,cellular,jul,mon,387,2,999,0,nonexistent,1.4,93.91799999999999,-42.7,4.96,5228.1,no
36,entrepreneur,married,high.school,no,no,no,cellular,jul,mon,500,2,999,0,nonexistent,1.4,93.91799999999999,-42.7,4.96,5228.1,no
36,admin.,married,university.degree,no,no,no,telephone,jul,mon,267,7,999,0,nonexistent,1.4,93.91799999999999,-42.7,4.96,5228.1,no
52,entrepreneur,married,basic.9y,unknown,yes,no,cellular,jul,mon,387,1,999,0,nonexistent,1.4,93.91799999999999,-42.7,4.96,5228.1,no
52,blue-collar,married,basic.9y,no,no,no,cellular,jul,mon,535,1,999,0,nonexistent,1.4,93.91799999999999,-42.7,4.96,5228.1,no
39,self-employed,married,university.degree,no,no,no,cellular,jul,mon,175,1,999,0,nonexistent,1.4,93.91799999999999,-42.7,4.96,5228.1,no
44,entrepreneur,married,basic.6y,unknown,no,no,cellular,jul,mon,973,3,999,0,nonexistent,1.4,93.91799999999999,-42.7,4.96,5228.1,yes
60,retired,married,high.school,no,no,no,telephone,jul,mon,188,7,999,0,nonexistent,1.4,93.91799999999999,-42.7,4.96,5228.1,no
41,admin.,divorced,basic.6y,no,no,no,telephone,jul,mon,141,1,999,0,nonexistent,1.4,93.91799999999999,-42.7,4.96,5228.1,no
36,technician,married,basic.6y,no,yes,no,cellular,jul,mon,422,3,999,0,nonexistent,1.4,93.91799999999999,-42.7,4.96,5228.1,no
31,services,married,high.school,no,yes,no,cellular,jul,mon,354,1,999,0,nonexistent,1.4,93.91799999999999,-42.7,4.96,5228.1,no
39,self-employed,single,basic.9y,unknown,yes,no,cellular,jul,mon,835,4,999,0,nonexistent,1.4,93.91799999999999,-42.7,4.96,5228.1,no
50,unknown,married,basic.4y,unknown,yes,no,cellular,jul,mon,511,3,999,0,nonexistent,1.4,93.91799999999999,-42.7,4.96,5228.1,no
33,admin.,married,professional.course,no,no,no,cellular,jul,mon,209,1,999,0,nonexistent,1.4,93.91799999999999,-42.7,4.96,5228.1,no
36,admin.,married,high.school,no,yes,no,telephone,jul,mon,194,2,999,0,nonexistent,1.4,93.91799999999999,-42.7,4.96,5228.1,no
34,technician,married,professional.course,no,no,no,cellular,jul,mon,166,1,999,0,nonexistent,1.4,93.91799999999999,-42.7,4.96,5228.1,no
29,services,single,high.school,no,yes,no,cellular,jul,mon,113,4,999,0,nonexistent,1.4,93.91799999999999,-42.7,4.96,5228.1,no
46,blue-collar,married,basic.9y,no,yes,no,cellular,jul,mon,190,1,999,0,nonexistent,1.4,93.91799999999999,-42.7,4.96,5228.1,no
23,services,single,high.school,no,no,no,cellular,jul,mon,104,1,999,0,nonexistent,1.4,93.91799999999999,-42.7,4.96,5228.1,no
23,services,single,high.school,no,no,no,cellular,jul,mon,316,1,999,0,nonexistent,1.4,93.91799999999999,-42.7,4.96,5228.1,no
36,services,married,high.school,unknown,no,no,cellular,jul,mon,455,1,999,0,nonexistent,1.4,93.91799999999999,-42.7,4.96,5228.1,no
50,technician,married,professional.course,no,no,no,cellular,jul,mon,830,5,999,0,nonexistent,1.4,93.91799999999999,-42.7,4.96,5228.1,yes
47,technician,married,professional.course,no,no,no,cellular,jul,mon,208,10,999,0,nonexistent,1.4,93.91799999999999,-42.7,4.96,5228.1,no
32,technician,married,professional.course,no,no,no,cellular,jul,mon,167,2,999,0,nonexistent,1.4,93.91799999999999,-42.7,4.96,5228.1,no
42,admin.,married,university.degree,no,yes,no,cellular,jul,mon,108,2,999,0,nonexistent,1.4,93.91799999999999,-42.7,4.96,5228.1,no
49,blue-collar,married,unknown,unknown,unknown,unknown,cellular,jul,mon,375,3,999,0,nonexistent,1.4,93.91799999999999,-42.7,4.96,5228.1,no
36,self-employed,married,professional.course,unknown,no,yes,cellular,jul,mon,216,5,999,0,nonexistent,1.4,93.91799999999999,-42.7,4.96,5228.1,no
42,technician,divorced,basic.9y,no,yes,no,cellular,jul,mon,299,3,999,0,nonexistent,1.4,93.91799999999999,-42.7,4.96,5228.1,no
44,unknown,single,basic.9y,unknown,no,no,cellular,jul,mon,366,2,999,0,nonexistent,1.4,93.91799999999999,-42.7,4.96,5228.1,no
27,admin.,married,high.school,no,yes,no,cellular,jul,mon,238,2,999,0,nonexistent,1.4,93.91799999999999,-42.7,4.96,5228.1,no
40,admin.,single,university.degree,no,yes,no,cellular,jul,mon,281,1,999,0,nonexistent,1.4,93.91799999999999,-42.7,4.96,5228.1,no
25,admin.,single,high.school,no,no,no,cellular,jul,mon,270,2,999,0,nonexistent,1.4,93.91799999999999,-42.7,4.96,5228.1,no
25,blue-collar,single,high.school,no,no,no,cellular,jul,mon,234,1,999,0,nonexistent,1.4,93.91799999999999,-42.7,4.96,5228.1,no
25,admin.,married,high.school,no,no,no,cellular,jul,mon,68,1,999,0,nonexistent,1.4,93.91799999999999,-42.7,4.96,5228.1,no
37,management,married,university.degree,unknown,no,no,cellular,jul,mon,92,1,999,0,nonexistent,1.4,93.91799999999999,-42.7,4.96,5228.1,no
28,technician,divorced,university.degree,no,yes,no,cellular,jul,mon,247,1,999,0,nonexistent,1.4,93.91799999999999,-42.7,4.96,5228.1,no
51,blue-collar,divorced,basic.9y,no,no,no,cellular,jul,mon,293,7,999,0,nonexistent,1.4,93.91799999999999,-42.7,4.96,5228.1,no
41,services,married,basic.9y,no,no,no,cellular,jul,mon,88,3,999,0,nonexistent,1.4,93.91799999999999,-42.7,4.96,5228.1,no
38,unemployed,married,high.school,no,no,no,cellular,jul,mon,273,5,999,0,nonexistent,1.4,93.91799999999999,-42.7,4.96,5228.1,no
30,blue-collar,single,basic.9y,no,no,no,cellular,jul,mon,152,2,999,0,nonexistent,1.4,93.91799999999999,-42.7,4.96,5228.1,no
31,admin.,married,high.school,no,no,no,cellular,jul,mon,87,1,999,0,nonexistent,1.4,93.91799999999999,-42.7,4.96,5228.1,no
42,admin.,divorced,university.degree,no,yes,no,telephone,jul,mon,339,2,999,0,nonexistent,1.4,93.91799999999999,-42.7,4.96,5228.1,no
24,services,single,high.school,no,no,no,cellular,jul,mon,98,1,999,0,nonexistent,1.4,93.91799999999999,-42.7,4.96,5228.1,no
49,technician,married,professional.course,no,yes,yes,telephone,jul,mon,70,3,999,0,nonexistent,1.4,93.91799999999999,-42.7,4.96,5228.1,no
59,blue-collar,married,basic.9y,unknown,yes,no,cellular,jul,mon,244,4,999,0,nonexistent,1.4,93.91799999999999,-42.7,4.96,5228.1,no
39,blue-collar,married,professional.course,no,no,no,cellular,jul,mon,280,1,999,0,nonexistent,1.4,93.91799999999999,-42.7,4.96,5228.1,no
31,admin.,single,university.degree,no,unknown,unknown,cellular,jul,mon,116,3,999,0,nonexistent,1.4,93.91799999999999,-42.7,4.96,5228.1,no
35,technician,married,professional.course,no,no,no,cellular,jul,mon,164,2,999,0,nonexistent,1.4,93.91799999999999,-42.7,4.96,5228.1,no
43,entrepreneur,married,basic.4y,no,no,no,cellular,jul,mon,25,30,999,0,nonexistent,1.4,93.91799999999999,-42.7,4.96,5228.1,no
31,admin.,married,basic.9y,no,yes,no,cellular,jul,mon,196,3,999,0,nonexistent,1.4,93.91799999999999,-42.7,4.96,5228.1,no
54,services,married,high.school,unknown,yes,no,cellular,jul,mon,36,33,999,0,nonexistent,1.4,93.91799999999999,-42.7,4.96,5228.1,no
36,blue-collar,married,basic.6y,unknown,yes,no,cellular,jul,mon,214,2,999,0,nonexistent,1.4,93.91799999999999,-42.7,4.96,5228.1,no
33,services,divorced,unknown,no,no,yes,cellular,jul,mon,277,2,999,0,nonexistent,1.4,93.91799999999999,-42.7,4.96,5228.1,no
47,blue-collar,married,basic.4y,no,no,no,cellular,jul,mon,95,3,999,0,nonexistent,1.4,93.91799999999999,-42.7,4.96,5228.1,no
56,housemaid,married,basic.4y,no,no,yes,cellular,jul,mon,116,1,999,0,nonexistent,1.4,93.91799999999999,-42.7,4.96,5228.1,no
35,blue-collar,single,unknown,no,yes,no,cellular,jul,mon,15,11,999,0,nonexistent,1.4,93.91799999999999,-42.7,4.96,5228.1,no
33,admin.,married,university.degree,no,yes,no,cellular,jul,mon,263,1,999,0,nonexistent,1.4,93.91799999999999,-42.7,4.96,5228.1,no
38,technician,married,professional.course,unknown,no,no,cellular,jul,mon,224,3,999,0,nonexistent,1.4,93.91799999999999,-42.7,4.96,5228.1,no
28,blue-collar,married,high.school,no,yes,no,cellular,jul,mon,210,2,999,0,nonexistent,1.4,93.91799999999999,-42.7,4.96,5228.1,no
36,blue-collar,married,professional.course,no,yes,no,cellular,jul,mon,333,5,999,0,nonexistent,1.4,93.91799999999999,-42.7,4.96,5228.1,no
39,admin.,married,high.school,no,yes,no,cellular,jul,mon,627,3,999,0,nonexistent,1.4,93.91799999999999,-42.7,4.96,5228.1,no
42,blue-collar,married,basic.4y,no,no,no,cellular,jul,mon,100,4,999,0,nonexistent,1.4,93.91799999999999,-42.7,4.96,5228.1,no
31,technician,married,high.school,no,no,no,cellular,jul,mon,75,3,999,0,nonexistent,1.4,93.91799999999999,-42.7,4.96,5228.1,no
46,unemployed,divorced,professional.course,unknown,yes,no,cellular,jul,mon,221,8,999,0,nonexistent,1.4,93.91799999999999,-42.7,4.96,5228.1,no
38,blue-collar,married,unknown,unknown,no,no,cellular,jul,mon,340,3,999,0,nonexistent,1.4,93.91799999999999,-42.7,4.96,5228.1,no
43,blue-collar,married,basic.4y,unknown,yes,no,telephone,jul,mon,260,13,999,0,nonexistent,1.4,93.91799999999999,-42.7,4.96,5228.1,no
42,management,divorced,university.degree,unknown,no,no,cellular,jul,mon,255,2,999,0,nonexistent,1.4,93.91799999999999,-42.7,4.96,5228.1,no
43,admin.,divorced,high.school,no,no,no,cellular,jul,mon,96,3,999,0,nonexistent,1.4,93.91799999999999,-42.7,4.96,5228.1,no
39,services,married,basic.9y,no,yes,no,telephone,jul,mon,543,2,999,0,nonexistent,1.4,93.91799999999999,-42.7,4.96,5228.1,no
38,admin.,married,professional.course,no,no,no,cellular,jul,mon,182,3,999,0,nonexistent,1.4,93.91799999999999,-42.7,4.96,5228.1,no
26,unemployed,single,basic.9y,no,yes,yes,cellular,jul,mon,104,4,999,0,nonexistent,1.4,93.91799999999999,-42.7,4.96,5228.1,no
35,management,divorced,university.degree,no,no,no,cellular,jul,mon,13,20,999,0,nonexistent,1.4,93.91799999999999,-42.7,4.96,5228.1,no
35,admin.,single,university.degree,no,yes,no,cellular,jul,mon,167,2,999,0,nonexistent,1.4,93.91799999999999,-42.7,4.96,5228.1,no
34,technician,single,professional.course,unknown,yes,no,cellular,jul,mon,224,4,999,0,nonexistent,1.4,93.91799999999999,-42.7,4.96,5228.1,no
31,blue-collar,married,high.school,no,yes,no,cellular,jul,mon,317,3,999,0,nonexistent,1.4,93.91799999999999,-42.7,4.96,5228.1,no
29,admin.,single,unknown,no,yes,no,cellular,jul,mon,179,4,999,0,nonexistent,1.4,93.91799999999999,-42.7,4.96,5228.1,no
50,admin.,divorced,university.degree,no,no,no,cellular,jul,mon,371,2,999,0,nonexistent,1.4,93.91799999999999,-42.7,4.96,5228.1,no
26,blue-collar,married,basic.9y,no,yes,no,cellular,jul,mon,159,2,999,0,nonexistent,1.4,93.91799999999999,-42.7,4.96,5228.1,no
39,admin.,divorced,basic.9y,no,yes,no,cellular,jul,mon,79,2,999,0,nonexistent,1.4,93.91799999999999,-42.7,4.96,5228.1,no
47,blue-collar,married,basic.4y,unknown,yes,yes,cellular,jul,mon,140,4,999,0,nonexistent,1.4,93.91799999999999,-42.7,4.96,5228.1,no
48,blue-collar,married,basic.4y,no,unknown,unknown,telephone,jul,mon,360,3,999,0,nonexistent,1.4,93.91799999999999,-42.7,4.96,5228.1,no
46,blue-collar,married,basic.6y,unknown,no,no,cellular,jul,mon,500,5,999,0,nonexistent,1.4,93.91799999999999,-42.7,4.96,5228.1,no
34,blue-collar,married,basic.9y,no,no,yes,telephone,jul,mon,146,4,999,0,nonexistent,1.4,93.91799999999999,-42.7,4.96,5228.1,no
34,admin.,married,university.degree,no,no,no,cellular,jul,mon,416,4,999,0,nonexistent,1.4,93.91799999999999,-42.7,4.96,5228.1,no
37,technician,single,university.degree,no,no,no,cellular,jul,mon,756,3,999,0,nonexistent,1.4,93.91799999999999,-42.7,4.96,5228.1,no
44,blue-collar,divorced,basic.6y,unknown,no,yes,telephone,jul,mon,122,2,999,0,nonexistent,1.4,93.91799999999999,-42.7,4.96,5228.1,no
50,admin.,married,high.school,unknown,yes,no,cellular,jul,mon,339,2,999,0,nonexistent,1.4,93.91799999999999,-42.7,4.96,5228.1,no
31,services,single,high.school,no,no,no,cellular,jul,mon,500,1,999,0,nonexistent,1.4,93.91799999999999,-42.7,4.96,5228.1,no
48,admin.,divorced,high.school,no,no,no,telephone,jul,mon,352,2,999,0,nonexistent,1.4,93.91799999999999,-42.7,4.96,5228.1,no
40,management,married,university.degree,unknown,yes,no,cellular,jul,mon,16,34,999,0,nonexistent,1.4,93.91799999999999,-42.7,4.96,5228.1,no
42,admin.,married,high.school,unknown,yes,no,cellular,jul,mon,288,3,999,0,nonexistent,1.4,93.91799999999999,-42.7,4.96,5228.1,no
42,entrepreneur,married,high.school,no,yes,no,cellular,jul,mon,100,2,999,0,nonexistent,1.4,93.91799999999999,-42.7,4.96,5228.1,no
24,unemployed,single,high.school,no,yes,no,telephone,jul,mon,245,5,999,0,nonexistent,1.4,93.91799999999999,-42.7,4.96,5228.1,no
41,blue-collar,married,unknown,unknown,yes,no,cellular,jul,mon,285,1,999,0,nonexistent,1.4,93.91799999999999,-42.7,4.96,5228.1,no
52,housemaid,married,basic.4y,no,yes,no,cellular,jul,mon,88,1,999,0,nonexistent,1.4,93.91799999999999,-42.7,4.96,5228.1,no
50,housemaid,divorced,high.school,no,yes,no,cellular,jul,mon,78,1,999,0,nonexistent,1.4,93.91799999999999,-42.7,4.96,5228.1,no
25,services,single,high.school,no,no,no,cellular,jul,mon,422,2,999,0,nonexistent,1.4,93.91799999999999,-42.7,4.96,5228.1,no
42,admin.,single,university.degree,unknown,yes,no,cellular,jul,mon,719,2,999,0,nonexistent,1.4,93.91799999999999,-42.7,4.96,5228.1,yes
40,services,married,high.school,no,yes,no,telephone,jul,mon,167,3,999,0,nonexistent,1.4,93.91799999999999,-42.7,4.96,5228.1,no
53,services,married,high.school,no,no,no,telephone,jul,mon,336,3,999,0,nonexistent,1.4,93.91799999999999,-42.7,4.96,5228.1,no
55,technician,married,professional.course,unknown,no,no,telephone,jul,mon,89,13,999,0,nonexistent,1.4,93.91799999999999,-42.7,4.96,5228.1,no
30,blue-collar,single,basic.4y,no,no,no,cellular,jul,mon,112,10,999,0,nonexistent,1.4,93.91799999999999,-42.7,4.96,5228.1,no
37,services,married,high.school,no,no,no,cellular,jul,mon,221,2,999,0,nonexistent,1.4,93.91799999999999,-42.7,4.96,5228.1,no
31,services,married,high.school,no,no,no,cellular,jul,mon,624,5,999,0,nonexistent,1.4,93.91799999999999,-42.7,4.96,5228.1,no
25,admin.,single,high.school,unknown,no,no,cellular,jul,mon,252,1,999,0,nonexistent,1.4,93.91799999999999,-42.7,4.96,5228.1,no
60,management,married,unknown,unknown,no,no,cellular,jul,mon,230,1,999,0,nonexistent,1.4,93.91799999999999,-42.7,4.96,5228.1,no
28,entrepreneur,married,basic.4y,unknown,no,no,cellular,jul,mon,482,3,999,0,nonexistent,1.4,93.91799999999999,-42.7,4.96,5228.1,no
35,blue-collar,single,unknown,no,yes,no,telephone,jul,mon,564,1,999,0,nonexistent,1.4,93.91799999999999,-42.7,4.96,5228.1,no
44,admin.,married,high.school,no,yes,no,cellular,jul,mon,53,1,999,0,nonexistent,1.4,93.91799999999999,-42.7,4.96,5228.1,no
30,technician,married,professional.course,no,yes,no,cellular,jul,mon,279,11,999,0,nonexistent,1.4,93.91799999999999,-42.7,4.96,5228.1,no
44,admin.,married,high.school,no,yes,no,cellular,jul,mon,242,1,999,0,nonexistent,1.4,93.91799999999999,-42.7,4.96,5228.1,no
33,technician,married,professional.course,no,yes,no,telephone,jul,mon,9,17,999,0,nonexistent,1.4,93.91799999999999,-42.7,4.96,5228.1,no
41,admin.,married,high.school,no,no,yes,cellular,jul,mon,205,4,999,0,nonexistent,1.4,93.91799999999999,-42.7,4.96,5228.1,no
31,admin.,married,university.degree,no,no,yes,cellular,jul,mon,15,11,999,0,nonexistent,1.4,93.91799999999999,-42.7,4.96,5228.1,no
26,technician,married,professional.course,no,no,no,cellular,jul,mon,192,1,999,0,nonexistent,1.4,93.91799999999999,-42.7,4.96,5228.1,no
44,housemaid,married,high.school,no,yes,yes,cellular,jul,mon,118,1,999,0,nonexistent,1.4,93.91799999999999,-42.7,4.96,5228.1,no
33,blue-collar,married,basic.4y,no,no,no,cellular,jul,mon,219,1,999,0,nonexistent,1.4,93.91799999999999,-42.7,4.96,5228.1,no
48,technician,married,unknown,unknown,yes,no,cellular,jul,mon,214,1,999,0,nonexistent,1.4,93.91799999999999,-42.7,4.96,5228.1,no
52,admin.,divorced,university.degree,unknown,no,no,cellular,jul,tue,188,1,999,0,nonexistent,1.4,93.91799999999999,-42.7,4.962,5228.1,no
52,admin.,divorced,university.degree,unknown,no,no,cellular,jul,tue,262,1,999,0,nonexistent,1.4,93.91799999999999,-42.7,4.962,5228.1,no
49,housemaid,married,basic.4y,unknown,yes,no,cellular,jul,tue,226,1,999,0,nonexistent,1.4,93.91799999999999,-42.7,4.962,5228.1,no
57,admin.,married,basic.4y,unknown,yes,no,cellular,jul,tue,290,1,999,0,nonexistent,1.4,93.91799999999999,-42.7,4.962,5228.1,no
31,blue-collar,single,basic.9y,no,yes,no,cellular,jul,tue,342,1,999,0,nonexistent,1.4,93.91799999999999,-42.7,4.962,5228.1,no
25,services,married,high.school,no,yes,no,cellular,jul,tue,140,1,999,0,nonexistent,1.4,93.91799999999999,-42.7,4.962,5228.1,no
25,services,married,high.school,no,no,no,cellular,jul,tue,161,1,999,0,nonexistent,1.4,93.91799999999999,-42.7,4.962,5228.1,no
55,services,divorced,high.school,unknown,yes,yes,cellular,jul,tue,47,7,999,0,nonexistent,1.4,93.91799999999999,-42.7,4.962,5228.1,no
32,services,married,basic.9y,no,no,no,cellular,jul,tue,491,1,999,0,nonexistent,1.4,93.91799999999999,-42.7,4.962,5228.1,no
32,services,married,high.school,no,no,no,cellular,jul,tue,220,1,999,0,nonexistent,1.4,93.91799999999999,-42.7,4.962,5228.1,no
52,admin.,divorced,university.degree,unknown,yes,no,cellular,jul,tue,104,2,999,0,nonexistent,1.4,93.91799999999999,-42.7,4.962,5228.1,no
46,blue-collar,married,basic.6y,unknown,yes,no,telephone,jul,tue,54,3,999,0,nonexistent,1.4,93.91799999999999,-42.7,4.962,5228.1,no
56,unemployed,divorced,professional.course,no,no,no,telephone,jul,tue,141,1,999,0,nonexistent,1.4,93.91799999999999,-42.7,4.962,5228.1,no
26,blue-collar,single,basic.9y,no,yes,no,cellular,jul,tue,109,1,999,0,nonexistent,1.4,93.91799999999999,-42.7,4.962,5228.1,no
29,admin.,single,high.school,no,yes,no,cellular,jul,tue,259,1,999,0,nonexistent,1.4,93.91799999999999,-42.7,4.962,5228.1,no
34,admin.,married,university.degree,no,yes,no,cellular,jul,tue,183,1,999,0,nonexistent,1.4,93.91799999999999,-42.7,4.962,5228.1,no
30,services,married,high.school,no,yes,no,cellular,jul,tue,24,26,999,0,nonexistent,1.4,93.91799999999999,-42.7,4.962,5228.1,no
30,admin.,divorced,high.school,no,yes,no,telephone,jul,tue,58,2,999,0,nonexistent,1.4,93.91799999999999,-42.7,4.962,5228.1,no
31,services,divorced,high.school,no,no,no,cellular,jul,tue,123,1,999,0,nonexistent,1.4,93.91799999999999,-42.7,4.962,5228.1,no
49,services,divorced,high.school,no,yes,no,cellular,jul,tue,146,1,999,0,nonexistent,1.4,93.91799999999999,-42.7,4.962,5228.1,no
33,technician,married,professional.course,unknown,yes,no,cellular,jul,tue,362,1,999,0,nonexistent,1.4,93.91799999999999,-42.7,4.962,5228.1,no
31,admin.,single,basic.9y,unknown,yes,no,cellular,jul,tue,124,1,999,0,nonexistent,1.4,93.91799999999999,-42.7,4.962,5228.1,no
27,services,single,high.school,unknown,no,no,cellular,jul,tue,509,4,999,0,nonexistent,1.4,93.91799999999999,-42.7,4.962,5228.1,yes
42,unemployed,married,university.degree,unknown,yes,no,cellular,jul,tue,431,1,999,0,nonexistent,1.4,93.91799999999999,-42.7,4.962,5228.1,no
48,blue-collar,married,basic.6y,unknown,yes,no,cellular,jul,tue,178,1,999,0,nonexistent,1.4,93.91799999999999,-42.7,4.962,5228.1,no
33,blue-collar,married,basic.6y,unknown,yes,no,cellular,jul,tue,186,1,999,0,nonexistent,1.4,93.91799999999999,-42.7,4.962,5228.1,no
38,admin.,divorced,university.degree,no,yes,no,cellular,jul,tue,395,1,999,0,nonexistent,1.4,93.91799999999999,-42.7,4.962,5228.1,no
60,admin.,married,high.school,unknown,yes,no,cellular,jul,tue,143,1,999,0,nonexistent,1.4,93.91799999999999,-42.7,4.962,5228.1,no
60,admin.,married,high.school,unknown,no,no,cellular,jul,tue,201,1,999,0,nonexistent,1.4,93.91799999999999,-42.7,4.962,5228.1,no
40,services,divorced,high.school,no,yes,no,cellular,jul,tue,144,1,999,0,nonexistent,1.4,93.91799999999999,-42.7,4.962,5228.1,no
57,admin.,married,professional.course,no,yes,no,cellular,jul,tue,425,1,999,0,nonexistent,1.4,93.91799999999999,-42.7,4.962,5228.1,no
32,admin.,single,university.degree,no,yes,no,cellular,jul,tue,59,1,999,0,nonexistent,1.4,93.91799999999999,-42.7,4.962,5228.1,no
31,admin.,single,high.school,no,yes,no,cellular,jul,tue,85,4,999,0,nonexistent,1.4,93.91799999999999,-42.7,4.962,5228.1,no
36,technician,single,unknown,no,no,no,cellular,jul,tue,290,1,999,0,nonexistent,1.4,93.91799999999999,-42.7,4.962,5228.1,no
55,services,married,basic.6y,unknown,no,no,cellular,jul,tue,31,3,999,0,nonexistent,1.4,93.91799999999999,-42.7,4.962,5228.1,no
36,technician,single,unknown,no,no,no,cellular,jul,tue,393,1,999,0,nonexistent,1.4,93.91799999999999,-42.7,4.962,5228.1,no
34,admin.,married,professional.course,no,no,yes,cellular,jul,tue,82,1,999,0,nonexistent,1.4,93.91799999999999,-42.7,4.962,5228.1,no
32,blue-collar,single,high.school,no,yes,no,cellular,jul,tue,523,3,999,0,nonexistent,1.4,93.91799999999999,-42.7,4.962,5228.1,no
32,blue-collar,single,basic.4y,unknown,no,no,cellular,jul,tue,136,2,999,0,nonexistent,1.4,93.91799999999999,-42.7,4.962,5228.1,no
38,admin.,married,high.school,unknown,no,no,cellular,jul,tue,203,1,999,0,nonexistent,1.4,93.91799999999999,-42.7,4.962,5228.1,no
26,admin.,married,high.school,no,yes,yes,cellular,jul,tue,144,4,999,0,nonexistent,1.4,93.91799999999999,-42.7,4.962,5228.1,no
43,admin.,married,university.degree,no,yes,yes,cellular,jul,tue,152,1,999,0,nonexistent,1.4,93.91799999999999,-42.7,4.962,5228.1,no
34,admin.,married,university.degree,no,no,yes,cellular,jul,tue,119,2,999,0,nonexistent,1.4,93.91799999999999,-42.7,4.962,5228.1,no
39,management,divorced,university.degree,no,yes,no,cellular,jul,tue,732,1,999,0,nonexistent,1.4,93.91799999999999,-42.7,4.962,5228.1,yes
43,admin.,married,university.degree,no,no,no,cellular,jul,tue,136,1,999,0,nonexistent,1.4,93.91799999999999,-42.7,4.962,5228.1,no
38,admin.,married,high.school,unknown,no,no,cellular,jul,tue,733,1,999,0,nonexistent,1.4,93.91799999999999,-42.7,4.962,5228.1,no
33,self-employed,single,professional.course,no,yes,no,cellular,jul,tue,85,1,999,0,nonexistent,1.4,93.91799999999999,-42.7,4.962,5228.1,no
43,admin.,married,university.degree,no,no,no,cellular,jul,tue,524,1,999,0,nonexistent,1.4,93.91799999999999,-42.7,4.962,5228.1,no
43,admin.,married,university.degree,no,yes,yes,telephone,jul,tue,377,1,999,0,nonexistent,1.4,93.91799999999999,-42.7,4.962,5228.1,no
42,management,married,basic.6y,unknown,yes,no,cellular,jul,tue,304,1,999,0,nonexistent,1.4,93.91799999999999,-42.7,4.962,5228.1,no
26,blue-collar,married,basic.9y,unknown,no,no,cellular,jul,tue,106,1,999,0,nonexistent,1.4,93.91799999999999,-42.7,4.962,5228.1,no
24,admin.,married,high.school,no,no,no,cellular,jul,tue,42,1,999,0,nonexistent,1.4,93.91799999999999,-42.7,4.962,5228.1,no
34,management,single,unknown,no,yes,no,cellular,jul,tue,288,1,999,0,nonexistent,1.4,93.91799999999999,-42.7,4.962,5228.1,no
26,blue-collar,married,basic.9y,unknown,no,no,cellular,jul,tue,99,1,999,0,nonexistent,1.4,93.91799999999999,-42.7,4.962,5228.1,no
35,admin.,single,high.school,no,no,no,cellular,jul,tue,136,1,999,0,nonexistent,1.4,93.91799999999999,-42.7,4.962,5228.1,no
39,blue-collar,married,basic.6y,unknown,yes,no,cellular,jul,tue,188,1,999,0,nonexistent,1.4,93.91799999999999,-42.7,4.962,5228.1,no
43,management,married,basic.9y,no,no,no,cellular,jul,tue,217,1,999,0,nonexistent,1.4,93.91799999999999,-42.7,4.962,5228.1,no
39,blue-collar,married,basic.6y,unknown,no,no,cellular,jul,tue,634,1,999,0,nonexistent,1.4,93.91799999999999,-42.7,4.962,5228.1,yes
26,blue-collar,married,basic.9y,unknown,yes,no,cellular,jul,tue,124,1,999,0,nonexistent,1.4,93.91799999999999,-42.7,4.962,5228.1,no
26,admin.,married,high.school,no,no,no,cellular,jul,tue,260,1,999,0,nonexistent,1.4,93.91799999999999,-42.7,4.962,5228.1,no
25,technician,single,university.degree,no,no,no,cellular,jul,tue,460,3,999,0,nonexistent,1.4,93.91799999999999,-42.7,4.962,5228.1,yes
38,entrepreneur,married,basic.9y,unknown,no,yes,cellular,jul,tue,133,2,999,0,nonexistent,1.4,93.91799999999999,-42.7,4.962,5228.1,no
38,services,single,high.school,unknown,no,no,cellular,jul,tue,166,1,999,0,nonexistent,1.4,93.91799999999999,-42.7,4.962,5228.1,no
36,technician,single,unknown,no,yes,no,cellular,jul,tue,1046,2,999,0,nonexistent,1.4,93.91799999999999,-42.7,4.962,5228.1,no
48,technician,married,high.school,unknown,no,no,cellular,jul,tue,143,3,999,0,nonexistent,1.4,93.91799999999999,-42.7,4.962,5228.1,no
48,management,married,high.school,no,no,no,cellular,jul,tue,116,1,999,0,nonexistent,1.4,93.91799999999999,-42.7,4.962,5228.1,no
43,technician,single,professional.course,unknown,yes,no,cellular,jul,tue,265,1,999,0,nonexistent,1.4,93.91799999999999,-42.7,4.962,5228.1,no
33,services,married,high.school,no,yes,yes,cellular,jul,tue,130,1,999,0,nonexistent,1.4,93.91799999999999,-42.7,4.962,5228.1,no
35,services,divorced,high.school,no,unknown,unknown,cellular,jul,tue,96,2,999,0,nonexistent,1.4,93.91799999999999,-42.7,4.962,5228.1,no
33,services,married,high.school,no,no,no,cellular,jul,tue,272,1,999,0,nonexistent,1.4,93.91799999999999,-42.7,4.962,5228.1,no
26,blue-collar,married,basic.9y,unknown,no,no,cellular,jul,tue,90,1,999,0,nonexistent,1.4,93.91799999999999,-42.7,4.962,5228.1,no
49,management,married,university.degree,no,yes,no,cellular,jul,tue,71,1,999,0,nonexistent,1.4,93.91799999999999,-42.7,4.962,5228.1,no
47,technician,married,professional.course,unknown,no,yes,cellular,jul,tue,106,1,999,0,nonexistent,1.4,93.91799999999999,-42.7,4.962,5228.1,no
28,technician,single,professional.course,no,yes,no,cellular,jul,tue,185,2,999,0,nonexistent,1.4,93.91799999999999,-42.7,4.962,5228.1,no
35,admin.,married,high.school,no,yes,no,cellular,jul,tue,992,2,999,0,nonexistent,1.4,93.91799999999999,-42.7,4.962,5228.1,yes
41,admin.,single,university.degree,no,no,no,cellular,jul,tue,253,1,999,0,nonexistent,1.4,93.91799999999999,-42.7,4.962,5228.1,no
52,admin.,divorced,university.degree,unknown,yes,no,cellular,jul,tue,187,2,999,0,nonexistent,1.4,93.91799999999999,-42.7,4.962,5228.1,no
48,management,married,high.school,no,no,no,cellular,jul,tue,154,1,999,0,nonexistent,1.4,93.91799999999999,-42.7,4.962,5228.1,no
26,blue-collar,married,basic.9y,unknown,yes,no,cellular,jul,tue,114,1,999,0,nonexistent,1.4,93.91799999999999,-42.7,4.962,5228.1,no
26,management,single,university.degree,no,yes,no,cellular,jul,tue,154,1,999,0,nonexistent,1.4,93.91799999999999,-42.7,4.962,5228.1,no
28,admin.,single,unknown,no,no,no,cellular,jul,tue,574,2,999,0,nonexistent,1.4,93.91799999999999,-42.7,4.962,5228.1,no
59,housemaid,married,basic.4y,unknown,unknown,unknown,cellular,jul,tue,202,2,999,0,nonexistent,1.4,93.91799999999999,-42.7,4.962,5228.1,no
27,admin.,single,professional.course,no,no,no,cellular,jul,tue,46,1,999,0,nonexistent,1.4,93.91799999999999,-42.7,4.962,5228.1,no
24,student,single,high.school,unknown,no,no,cellular,jul,tue,86,1,999,0,nonexistent,1.4,93.91799999999999,-42.7,4.962,5228.1,no
41,admin.,single,university.degree,no,no,no,cellular,jul,tue,362,1,999,0,nonexistent,1.4,93.91799999999999,-42.7,4.962,5228.1,no
43,admin.,single,high.school,no,yes,no,telephone,jul,tue,287,1,999,0,nonexistent,1.4,93.91799999999999,-42.7,4.962,5228.1,no
29,admin.,single,high.school,no,no,no,cellular,jul,tue,574,2,999,0,nonexistent,1.4,93.91799999999999,-42.7,4.962,5228.1,yes
43,blue-collar,married,basic.6y,no,yes,no,cellular,jul,tue,220,2,999,0,nonexistent,1.4,93.91799999999999,-42.7,4.962,5228.1,no
26,entrepreneur,married,professional.course,no,yes,no,cellular,jul,tue,113,1,999,0,nonexistent,1.4,93.91799999999999,-42.7,4.962,5228.1,no
26,entrepreneur,married,professional.course,no,yes,no,cellular,jul,tue,359,1,999,0,nonexistent,1.4,93.91799999999999,-42.7,4.962,5228.1,no
30,technician,single,university.degree,no,no,no,cellular,jul,tue,402,1,999,0,nonexistent,1.4,93.91799999999999,-42.7,4.962,5228.1,no
42,blue-collar,married,basic.6y,unknown,no,no,telephone,jul,tue,190,1,999,0,nonexistent,1.4,93.91799999999999,-42.7,4.962,5228.1,no
30,services,married,basic.9y,no,no,no,telephone,jul,tue,186,2,999,0,nonexistent,1.4,93.91799999999999,-42.7,4.962,5228.1,no
25,services,married,high.school,no,no,no,cellular,jul,tue,1767,2,999,0,nonexistent,1.4,93.91799999999999,-42.7,4.962,5228.1,yes
34,admin.,married,university.degree,no,no,no,cellular,jul,tue,145,2,999,0,nonexistent,1.4,93.91799999999999,-42.7,4.962,5228.1,no
30,technician,single,professional.course,no,no,no,cellular,jul,tue,125,1,999,0,nonexistent,1.4,93.91799999999999,-42.7,4.962,5228.1,no
46,services,married,basic.9y,no,no,no,cellular,jul,tue,630,2,999,0,nonexistent,1.4,93.91799999999999,-42.7,4.962,5228.1,no
48,technician,divorced,professional.course,no,yes,no,cellular,jul,tue,188,1,999,0,nonexistent,1.4,93.91799999999999,-42.7,4.962,5228.1,no
47,blue-collar,divorced,basic.9y,no,yes,no,cellular,jul,tue,199,1,999,0,nonexistent,1.4,93.91799999999999,-42.7,4.962,5228.1,no
35,blue-collar,married,basic.4y,no,no,no,cellular,jul,tue,545,3,999,0,nonexistent,1.4,93.91799999999999,-42.7,4.962,5228.1,no
42,admin.,married,university.degree,no,yes,yes,cellular,jul,tue,156,1,999,0,nonexistent,1.4,93.91799999999999,-42.7,4.962,5228.1,no
27,admin.,single,professional.course,no,yes,no,cellular,jul,tue,483,2,999,0,nonexistent,1.4,93.91799999999999,-42.7,4.962,5228.1,no
37,services,married,basic.6y,no,yes,no,cellular,jul,tue,165,1,999,0,nonexistent,1.4,93.91799999999999,-42.7,4.962,5228.1,no
37,admin.,married,university.degree,no,no,no,cellular,jul,tue,197,2,999,0,nonexistent,1.4,93.91799999999999,-42.7,4.962,5228.1,no
34,technician,single,university.degree,no,yes,yes,cellular,jul,tue,113,1,999,0,nonexistent,1.4,93.91799999999999,-42.7,4.962,5228.1,no
34,technician,single,university.degree,no,no,no,cellular,jul,tue,173,1,999,0,nonexistent,1.4,93.91799999999999,-42.7,4.962,5228.1,no
28,services,married,high.school,no,no,no,cellular,jul,tue,214,1,999,0,nonexistent,1.4,93.91799999999999,-42.7,4.962,5228.1,no
34,technician,single,university.degree,no,no,yes,cellular,jul,tue,1082,1,999,0,nonexistent,1.4,93.91799999999999,-42.7,4.962,5228.1,yes
30,technician,single,professional.course,no,yes,no,cellular,jul,tue,206,1,999,0,nonexistent,1.4,93.91799999999999,-42.7,4.962,5228.1,no
42,blue-collar,married,basic.9y,no,no,no,cellular,jul,tue,730,1,999,0,nonexistent,1.4,93.91799999999999,-42.7,4.962,5228.1,yes
33,services,single,high.school,no,yes,no,cellular,jul,tue,143,2,999,0,nonexistent,1.4,93.91799999999999,-42.7,4.962,5228.1,no
29,self-employed,married,unknown,no,no,no,cellular,jul,tue,125,2,999,0,nonexistent,1.4,93.91799999999999,-42.7,4.962,5228.1,no
30,technician,single,professional.course,no,no,no,cellular,jul,tue,259,1,999,0,nonexistent,1.4,93.91799999999999,-42.7,4.962,5228.1,no
30,technician,single,professional.course,no,yes,no,cellular,jul,tue,154,1,999,0,nonexistent,1.4,93.91799999999999,-42.7,4.962,5228.1,no
42,blue-collar,married,basic.6y,unknown,no,no,cellular,jul,tue,211,2,999,0,nonexistent,1.4,93.91799999999999,-42.7,4.962,5228.1,no
31,management,single,basic.9y,no,yes,no,cellular,jul,tue,123,4,999,0,nonexistent,1.4,93.91799999999999,-42.7,4.962,5228.1,no
36,admin.,married,university.degree,no,yes,no,cellular,jul,tue,716,5,999,0,nonexistent,1.4,93.91799999999999,-42.7,4.962,5228.1,yes
40,technician,divorced,professional.course,no,yes,no,cellular,jul,tue,86,2,999,0,nonexistent,1.4,93.91799999999999,-42.7,4.962,5228.1,no
40,technician,divorced,professional.course,no,no,no,cellular,jul,tue,122,2,999,0,nonexistent,1.4,93.91799999999999,-42.7,4.962,5228.1,no
26,blue-collar,married,basic.9y,unknown,no,no,cellular,jul,tue,250,2,999,0,nonexistent,1.4,93.91799999999999,-42.7,4.962,5228.1,no
37,blue-collar,single,basic.6y,no,no,no,cellular,jul,tue,338,3,999,0,nonexistent,1.4,93.91799999999999,-42.7,4.962,5228.1,no
32,blue-collar,married,university.degree,no,no,no,cellular,jul,tue,212,1,999,0,nonexistent,1.4,93.91799999999999,-42.7,4.962,5228.1,no
25,admin.,single,high.school,no,no,yes,cellular,jul,tue,586,2,999,0,nonexistent,1.4,93.91799999999999,-42.7,4.962,5228.1,no
26,blue-collar,married,basic.9y,unknown,no,no,telephone,jul,tue,77,2,999,0,nonexistent,1.4,93.91799999999999,-42.7,4.962,5228.1,no
28,services,married,high.school,no,no,no,cellular,jul,tue,413,1,999,0,nonexistent,1.4,93.91799999999999,-42.7,4.962,5228.1,no
43,technician,single,professional.course,unknown,no,no,cellular,jul,tue,97,6,999,0,nonexistent,1.4,93.91799999999999,-42.7,4.962,5228.1,no
31,services,married,high.school,no,unknown,unknown,cellular,jul,tue,135,1,999,0,nonexistent,1.4,93.91799999999999,-42.7,4.962,5228.1,no
34,self-employed,divorced,professional.course,unknown,no,no,cellular,jul,tue,361,1,999,0,nonexistent,1.4,93.91799999999999,-42.7,4.962,5228.1,no
29,technician,single,university.degree,no,no,yes,cellular,jul,tue,293,1,999,0,nonexistent,1.4,93.91799999999999,-42.7,4.962,5228.1,no
27,admin.,single,professional.course,no,no,no,cellular,jul,tue,803,2,999,0,nonexistent,1.4,93.91799999999999,-42.7,4.962,5228.1,yes
54,retired,divorced,basic.4y,unknown,yes,no,cellular,jul,tue,141,1,999,0,nonexistent,1.4,93.91799999999999,-42.7,4.962,5228.1,no
54,retired,divorced,basic.4y,unknown,yes,no,cellular,jul,tue,188,1,999,0,nonexistent,1.4,93.91799999999999,-42.7,4.962,5228.1,no
49,management,married,university.degree,no,yes,no,cellular,jul,tue,604,1,999,0,nonexistent,1.4,93.91799999999999,-42.7,4.962,5228.1,no
34,technician,single,university.degree,no,no,no,cellular,jul,tue,159,2,999,0,nonexistent,1.4,93.91799999999999,-42.7,4.962,5228.1,no
54,retired,divorced,basic.4y,unknown,yes,no,cellular,jul,tue,498,1,999,0,nonexistent,1.4,93.91799999999999,-42.7,4.962,5228.1,no
40,admin.,single,university.degree,no,yes,no,cellular,jul,tue,220,4,999,0,nonexistent,1.4,93.91799999999999,-42.7,4.962,5228.1,no
20,blue-collar,married,basic.4y,no,no,yes,cellular,jul,tue,285,1,999,0,nonexistent,1.4,93.91799999999999,-42.7,4.962,5228.1,no
30,technician,married,university.degree,unknown,no,no,cellular,jul,tue,305,1,999,0,nonexistent,1.4,93.91799999999999,-42.7,4.962,5228.1,no
37,blue-collar,single,professional.course,no,no,no,cellular,jul,tue,96,1,999,0,nonexistent,1.4,93.91799999999999,-42.7,4.962,5228.1,no
36,blue-collar,married,basic.4y,unknown,yes,no,cellular,jul,tue,221,1,999,0,nonexistent,1.4,93.91799999999999,-42.7,4.962,5228.1,no
33,admin.,married,university.degree,unknown,yes,no,cellular,jul,tue,83,2,999,0,nonexistent,1.4,93.91799999999999,-42.7,4.962,5228.1,no
32,services,divorced,high.school,unknown,yes,no,cellular,jul,tue,454,1,999,0,nonexistent,1.4,93.91799999999999,-42.7,4.962,5228.1,no
36,blue-collar,married,basic.4y,unknown,yes,yes,cellular,jul,tue,353,1,999,0,nonexistent,1.4,93.91799999999999,-42.7,4.962,5228.1,no
34,blue-collar,married,basic.9y,no,no,yes,cellular,jul,tue,215,2,999,0,nonexistent,1.4,93.91799999999999,-42.7,4.962,5228.1,no
33,services,married,basic.9y,no,yes,no,cellular,jul,tue,163,1,999,0,nonexistent,1.4,93.91799999999999,-42.7,4.962,5228.1,no
27,admin.,single,high.school,no,yes,no,cellular,jul,tue,121,1,999,0,nonexistent,1.4,93.91799999999999,-42.7,4.962,5228.1,no
27,admin.,single,high.school,no,no,no,cellular,jul,tue,185,1,999,0,nonexistent,1.4,93.91799999999999,-42.7,4.962,5228.1,no
27,admin.,single,high.school,no,no,no,cellular,jul,tue,297,1,999,0,nonexistent,1.4,93.91799999999999,-42.7,4.962,5228.1,no
47,blue-collar,divorced,basic.9y,no,yes,no,cellular,jul,tue,266,1,999,0,nonexistent,1.4,93.91799999999999,-42.7,4.962,5228.1,no
27,admin.,single,high.school,no,no,no,cellular,jul,tue,491,1,999,0,nonexistent,1.4,93.91799999999999,-42.7,4.962,5228.1,no
29,admin.,single,high.school,no,yes,no,cellular,jul,tue,303,1,999,0,nonexistent,1.4,93.91799999999999,-42.7,4.962,5228.1,no
55,retired,married,basic.6y,unknown,no,no,cellular,jul,tue,61,3,999,0,nonexistent,1.4,93.91799999999999,-42.7,4.962,5228.1,no
29,entrepreneur,married,university.degree,no,yes,no,cellular,jul,tue,306,2,999,0,nonexistent,1.4,93.91799999999999,-42.7,4.962,5228.1,no
32,admin.,single,university.degree,no,no,no,cellular,jul,tue,1027,1,999,0,nonexistent,1.4,93.91799999999999,-42.7,4.962,5228.1,no
27,entrepreneur,married,high.school,no,no,no,cellular,jul,tue,831,1,999,0,nonexistent,1.4,93.91799999999999,-42.7,4.962,5228.1,yes
26,entrepreneur,married,basic.4y,unknown,no,no,cellular,jul,tue,510,1,999,0,nonexistent,1.4,93.91799999999999,-42.7,4.962,5228.1,no
27,admin.,single,professional.course,no,no,no,cellular,jul,tue,338,2,999,0,nonexistent,1.4,93.91799999999999,-42.7,4.962,5228.1,no
45,management,married,university.degree,unknown,unknown,unknown,cellular,jul,tue,107,2,999,0,nonexistent,1.4,93.91799999999999,-42.7,4.962,5228.1,no
25,blue-collar,single,basic.9y,no,yes,yes,cellular,jul,tue,138,1,999,0,nonexistent,1.4,93.91799999999999,-42.7,4.962,5228.1,no
23,entrepreneur,married,professional.course,no,no,no,cellular,jul,tue,58,1,999,0,nonexistent,1.4,93.91799999999999,-42.7,4.962,5228.1,no
37,entrepreneur,single,basic.9y,unknown,yes,no,cellular,jul,tue,349,3,999,0,nonexistent,1.4,93.91799999999999,-42.7,4.962,5228.1,no
43,management,single,university.degree,unknown,no,no,cellular,jul,tue,312,2,999,0,nonexistent,1.4,93.91799999999999,-42.7,4.962,5228.1,no
23,entrepreneur,married,professional.course,no,yes,no,cellular,jul,tue,283,1,999,0,nonexistent,1.4,93.91799999999999,-42.7,4.962,5228.1,no
28,blue-collar,married,basic.9y,unknown,no,no,cellular,jul,tue,55,1,999,0,nonexistent,1.4,93.91799999999999,-42.7,4.962,5228.1,no
48,technician,divorced,professional.course,no,yes,no,cellular,jul,tue,360,4,999,0,nonexistent,1.4,93.91799999999999,-42.7,4.962,5228.1,no
27,admin.,single,high.school,no,no,no,cellular,jul,tue,216,1,999,0,nonexistent,1.4,93.91799999999999,-42.7,4.962,5228.1,no
33,blue-collar,married,basic.9y,no,yes,no,cellular,jul,tue,327,5,999,0,nonexistent,1.4,93.91799999999999,-42.7,4.962,5228.1,no
27,management,single,university.degree,no,yes,yes,cellular,jul,tue,76,2,999,0,nonexistent,1.4,93.91799999999999,-42.7,4.962,5228.1,no
29,admin.,single,high.school,no,yes,no,cellular,jul,tue,202,2,999,0,nonexistent,1.4,93.91799999999999,-42.7,4.962,5228.1,no
43,blue-collar,divorced,basic.9y,no,no,no,cellular,jul,tue,108,1,999,0,nonexistent,1.4,93.91799999999999,-42.7,4.962,5228.1,no
41,blue-collar,married,unknown,no,yes,yes,cellular,jul,tue,301,1,999,0,nonexistent,1.4,93.91799999999999,-42.7,4.962,5228.1,no
41,blue-collar,married,unknown,no,yes,no,telephone,jul,tue,460,1,999,0,nonexistent,1.4,93.91799999999999,-42.7,4.962,5228.1,no
47,admin.,married,university.degree,no,yes,no,cellular,jul,tue,194,3,999,0,nonexistent,1.4,93.91799999999999,-42.7,4.962,5228.1,no
29,admin.,married,high.school,no,no,yes,cellular,jul,tue,165,3,999,0,nonexistent,1.4,93.91799999999999,-42.7,4.962,5228.1,no
43,blue-collar,divorced,basic.9y,no,yes,no,cellular,jul,tue,82,1,999,0,nonexistent,1.4,93.91799999999999,-42.7,4.962,5228.1,no
53,retired,divorced,high.school,unknown,yes,no,cellular,jul,tue,84,3,999,0,nonexistent,1.4,93.91799999999999,-42.7,4.962,5228.1,no
41,blue-collar,married,unknown,no,no,no,cellular,jul,tue,89,1,999,0,nonexistent,1.4,93.91799999999999,-42.7,4.962,5228.1,no
26,technician,married,professional.course,no,yes,no,cellular,jul,tue,136,1,999,0,nonexistent,1.4,93.91799999999999,-42.7,4.962,5228.1,no
41,blue-collar,married,unknown,no,yes,no,cellular,jul,tue,158,1,999,0,nonexistent,1.4,93.91799999999999,-42.7,4.962,5228.1,no
41,blue-collar,married,unknown,no,no,yes,cellular,jul,tue,161,1,999,0,nonexistent,1.4,93.91799999999999,-42.7,4.962,5228.1,no
52,retired,married,basic.6y,no,no,no,cellular,jul,tue,203,1,999,0,nonexistent,1.4,93.91799999999999,-42.7,4.962,5228.1,no
55,retired,married,basic.6y,unknown,yes,yes,cellular,jul,tue,632,2,999,0,nonexistent,1.4,93.91799999999999,-42.7,4.962,5228.1,no
27,admin.,single,high.school,no,no,no,cellular,jul,tue,158,1,999,0,nonexistent,1.4,93.91799999999999,-42.7,4.962,5228.1,no
27,admin.,single,high.school,no,no,no,cellular,jul,tue,192,1,999,0,nonexistent,1.4,93.91799999999999,-42.7,4.962,5228.1,no
27,admin.,single,high.school,no,yes,yes,cellular,jul,tue,144,1,999,0,nonexistent,1.4,93.91799999999999,-42.7,4.962,5228.1,no
28,blue-collar,divorced,high.school,no,yes,no,cellular,jul,tue,251,1,999,0,nonexistent,1.4,93.91799999999999,-42.7,4.962,5228.1,no
50,admin.,married,professional.course,no,yes,yes,cellular,jul,tue,635,1,999,0,nonexistent,1.4,93.91799999999999,-42.7,4.962,5228.1,yes
49,management,married,university.degree,unknown,no,yes,cellular,jul,tue,606,2,999,0,nonexistent,1.4,93.91799999999999,-42.7,4.962,5228.1,no
29,services,married,high.school,no,yes,no,cellular,jul,tue,78,4,999,0,nonexistent,1.4,93.91799999999999,-42.7,4.962,5228.1,no
42,blue-collar,married,basic.9y,no,no,no,cellular,jul,tue,119,3,999,0,nonexistent,1.4,93.91799999999999,-42.7,4.962,5228.1,no
40,blue-collar,married,basic.4y,unknown,unknown,unknown,cellular,jul,tue,192,2,999,0,nonexistent,1.4,93.91799999999999,-42.7,4.962,5228.1,no
57,retired,married,professional.course,unknown,no,yes,cellular,jul,tue,1720,4,999,0,nonexistent,1.4,93.91799999999999,-42.7,4.962,5228.1,no
30,blue-collar,married,basic.6y,no,yes,no,cellular,jul,tue,355,1,999,0,nonexistent,1.4,93.91799999999999,-42.7,4.962,5228.1,no
38,admin.,married,university.degree,no,yes,yes,cellular,jul,tue,452,3,999,0,nonexistent,1.4,93.91799999999999,-42.7,4.962,5228.1,no
34,admin.,single,university.degree,no,yes,no,cellular,jul,tue,819,3,999,0,nonexistent,1.4,93.91799999999999,-42.7,4.962,5228.1,yes
33,blue-collar,single,basic.9y,no,yes,yes,telephone,jul,tue,63,3,999,0,nonexistent,1.4,93.91799999999999,-42.7,4.962,5228.1,no
28,technician,married,professional.course,no,yes,no,cellular,jul,tue,280,2,999,0,nonexistent,1.4,93.91799999999999,-42.7,4.962,5228.1,no
49,management,married,university.degree,no,yes,no,telephone,jul,tue,336,4,999,0,nonexistent,1.4,93.91799999999999,-42.7,4.962,5228.1,no
38,blue-collar,married,basic.9y,unknown,no,no,cellular,jul,tue,171,2,999,0,nonexistent,1.4,93.91799999999999,-42.7,4.962,5228.1,no
55,services,married,basic.6y,unknown,yes,no,cellular,jul,tue,326,6,999,0,nonexistent,1.4,93.91799999999999,-42.7,4.962,5228.1,no
41,services,divorced,high.school,unknown,yes,no,cellular,jul,tue,55,2,999,0,nonexistent,1.4,93.91799999999999,-42.7,4.962,5228.1,no
32,services,married,high.school,no,no,yes,cellular,jul,tue,302,3,999,0,nonexistent,1.4,93.91799999999999,-42.7,4.962,5228.1,no
52,admin.,divorced,university.degree,unknown,no,no,cellular,jul,tue,323,2,999,0,nonexistent,1.4,93.91799999999999,-42.7,4.962,5228.1,no
33,blue-collar,single,basic.9y,no,no,no,telephone,jul,tue,346,2,999,0,nonexistent,1.4,93.91799999999999,-42.7,4.962,5228.1,no
25,blue-collar,single,basic.4y,no,yes,yes,cellular,jul,tue,426,3,999,0,nonexistent,1.4,93.91799999999999,-42.7,4.962,5228.1,no
31,blue-collar,married,basic.6y,no,no,no,telephone,jul,tue,107,3,999,0,nonexistent,1.4,93.91799999999999,-42.7,4.962,5228.1,no
59,housemaid,married,basic.4y,unknown,no,no,cellular,jul,tue,483,2,999,0,nonexistent,1.4,93.91799999999999,-42.7,4.962,5228.1,no
28,services,married,high.school,no,no,no,cellular,jul,tue,289,1,999,0,nonexistent,1.4,93.91799999999999,-42.7,4.962,5228.1,no
28,services,married,high.school,no,no,no,cellular,jul,tue,262,1,999,0,nonexistent,1.4,93.91799999999999,-42.7,4.962,5228.1,no
32,technician,single,professional.course,no,no,no,cellular,jul,tue,52,5,999,0,nonexistent,1.4,93.91799999999999,-42.7,4.962,5228.1,no
26,management,single,university.degree,no,no,no,cellular,jul,tue,517,2,999,0,nonexistent,1.4,93.91799999999999,-42.7,4.962,5228.1,no
28,services,married,high.school,no,yes,no,telephone,jul,tue,71,1,999,0,nonexistent,1.4,93.91799999999999,-42.7,4.962,5228.1,no
28,services,married,high.school,no,no,no,cellular,jul,tue,554,1,999,0,nonexistent,1.4,93.91799999999999,-42.7,4.962,5228.1,no
28,services,married,high.school,no,yes,no,cellular,jul,tue,59,1,999,0,nonexistent,1.4,93.91799999999999,-42.7,4.962,5228.1,no
44,admin.,married,university.degree,no,yes,no,cellular,jul,tue,228,2,999,0,nonexistent,1.4,93.91799999999999,-42.7,4.962,5228.1,no
31,self-employed,married,university.degree,no,yes,no,cellular,jul,tue,242,2,999,0,nonexistent,1.4,93.91799999999999,-42.7,4.962,5228.1,no
33,blue-collar,single,basic.9y,no,yes,no,cellular,jul,tue,154,3,999,0,nonexistent,1.4,93.91799999999999,-42.7,4.962,5228.1,no
34,technician,single,university.degree,no,no,no,cellular,jul,tue,117,3,999,0,nonexistent,1.4,93.91799999999999,-42.7,4.962,5228.1,no
47,technician,married,professional.course,unknown,yes,no,cellular,jul,tue,362,2,999,0,nonexistent,1.4,93.91799999999999,-42.7,4.962,5228.1,no
28,services,married,high.school,no,yes,no,cellular,jul,tue,124,1,999,0,nonexistent,1.4,93.91799999999999,-42.7,4.962,5228.1,no
32,blue-collar,single,basic.4y,no,yes,no,cellular,jul,tue,145,12,999,0,nonexistent,1.4,93.91799999999999,-42.7,4.962,5228.1,no
27,admin.,single,professional.course,no,yes,no,cellular,jul,tue,1061,4,999,0,nonexistent,1.4,93.91799999999999,-42.7,4.962,5228.1,yes
37,entrepreneur,married,basic.9y,no,unknown,unknown,cellular,jul,tue,268,2,999,0,nonexistent,1.4,93.91799999999999,-42.7,4.962,5228.1,no
38,blue-collar,single,basic.9y,no,yes,no,cellular,jul,tue,237,3,999,0,nonexistent,1.4,93.91799999999999,-42.7,4.962,5228.1,no
28,services,married,high.school,no,no,yes,cellular,jul,tue,378,1,999,0,nonexistent,1.4,93.91799999999999,-42.7,4.962,5228.1,no
28,services,married,high.school,no,yes,no,cellular,jul,tue,286,1,999,0,nonexistent,1.4,93.91799999999999,-42.7,4.962,5228.1,no
26,blue-collar,single,professional.course,unknown,unknown,unknown,cellular,jul,tue,392,2,999,0,nonexistent,1.4,93.91799999999999,-42.7,4.962,5228.1,no
36,admin.,married,university.degree,no,yes,no,cellular,jul,tue,218,3,999,0,nonexistent,1.4,93.91799999999999,-42.7,4.962,5228.1,no
31,admin.,single,high.school,no,no,no,cellular,jul,tue,21,35,999,0,nonexistent,1.4,93.91799999999999,-42.7,4.962,5228.1,no
33,blue-collar,single,basic.9y,no,no,no,telephone,jul,tue,116,2,999,0,nonexistent,1.4,93.91799999999999,-42.7,4.962,5228.1,no
52,admin.,divorced,university.degree,unknown,yes,yes,cellular,jul,tue,201,9,999,0,nonexistent,1.4,93.91799999999999,-42.7,4.962,5228.1,no
27,admin.,single,professional.course,no,yes,yes,cellular,jul,tue,520,3,999,0,nonexistent,1.4,93.91799999999999,-42.7,4.962,5228.1,no
28,blue-collar,married,basic.9y,unknown,yes,no,cellular,jul,tue,137,3,999,0,nonexistent,1.4,93.91799999999999,-42.7,4.962,5228.1,no
28,services,single,high.school,no,no,no,cellular,jul,tue,82,4,999,0,nonexistent,1.4,93.91799999999999,-42.7,4.962,5228.1,no
26,admin.,single,basic.9y,no,yes,yes,cellular,jul,tue,687,2,999,0,nonexistent,1.4,93.91799999999999,-42.7,4.962,5228.1,yes
30,admin.,married,university.degree,no,yes,yes,telephone,jul,tue,212,2,999,0,nonexistent,1.4,93.91799999999999,-42.7,4.962,5228.1,no
48,technician,divorced,professional.course,no,yes,no,telephone,jul,tue,243,5,999,0,nonexistent,1.4,93.91799999999999,-42.7,4.962,5228.1,no
25,services,married,high.school,no,unknown,unknown,cellular,jul,tue,160,2,999,0,nonexistent,1.4,93.91799999999999,-42.7,4.962,5228.1,no
29,admin.,married,high.school,no,no,yes,telephone,jul,tue,65,3,999,0,nonexistent,1.4,93.91799999999999,-42.7,4.962,5228.1,no
28,services,married,high.school,no,yes,no,cellular,jul,tue,376,1,999,0,nonexistent,1.4,93.91799999999999,-42.7,4.962,5228.1,no
28,admin.,single,university.degree,no,yes,no,cellular,jul,tue,476,2,999,0,nonexistent,1.4,93.91799999999999,-42.7,4.962,5228.1,no
43,blue-collar,divorced,basic.9y,unknown,no,no,cellular,jul,tue,141,4,999,0,nonexistent,1.4,93.91799999999999,-42.7,4.962,5228.1,no
33,services,married,high.school,no,yes,no,cellular,jul,tue,90,2,999,0,nonexistent,1.4,93.91799999999999,-42.7,4.962,5228.1,no
30,technician,single,high.school,no,no,no,telephone,jul,tue,17,4,999,0,nonexistent,1.4,93.91799999999999,-42.7,4.962,5228.1,no
31,admin.,single,high.school,no,no,no,cellular,jul,tue,140,3,999,0,nonexistent,1.4,93.91799999999999,-42.7,4.962,5228.1,no
43,admin.,married,university.degree,no,no,no,cellular,jul,tue,187,2,999,0,nonexistent,1.4,93.91799999999999,-42.7,4.962,5228.1,no
30,technician,single,professional.course,no,no,no,cellular,jul,tue,136,2,999,0,nonexistent,1.4,93.91799999999999,-42.7,4.962,5228.1,no
34,management,single,unknown,no,no,no,cellular,jul,tue,416,4,999,0,nonexistent,1.4,93.91799999999999,-42.7,4.962,5228.1,no
38,blue-collar,married,basic.9y,unknown,no,no,cellular,jul,tue,283,2,999,0,nonexistent,1.4,93.91799999999999,-42.7,4.962,5228.1,no
55,retired,married,basic.6y,unknown,yes,no,telephone,jul,tue,554,3,999,0,nonexistent,1.4,93.91799999999999,-42.7,4.962,5228.1,no
33,blue-collar,married,basic.6y,unknown,yes,no,cellular,jul,tue,17,11,999,0,nonexistent,1.4,93.91799999999999,-42.7,4.962,5228.1,no
48,management,married,high.school,no,yes,no,cellular,jul,tue,22,3,999,0,nonexistent,1.4,93.91799999999999,-42.7,4.962,5228.1,no
42,blue-collar,married,basic.6y,unknown,no,no,cellular,jul,tue,109,2,999,0,nonexistent,1.4,93.91799999999999,-42.7,4.962,5228.1,no
43,blue-collar,divorced,basic.9y,no,yes,no,cellular,jul,tue,141,2,999,0,nonexistent,1.4,93.91799999999999,-42.7,4.962,5228.1,no
28,technician,married,professional.course,no,yes,no,cellular,jul,tue,249,2,999,0,nonexistent,1.4,93.91799999999999,-42.7,4.962,5228.1,no
34,blue-collar,married,basic.9y,unknown,yes,no,cellular,jul,tue,227,2,999,0,nonexistent,1.4,93.91799999999999,-42.7,4.962,5228.1,no
40,services,divorced,high.school,no,yes,no,cellular,jul,tue,256,2,999,0,nonexistent,1.4,93.91799999999999,-42.7,4.962,5228.1,no
23,admin.,single,high.school,no,yes,no,cellular,jul,tue,141,3,999,0,nonexistent,1.4,93.91799999999999,-42.7,4.962,5228.1,no
28,services,married,high.school,no,yes,yes,telephone,jul,tue,153,1,999,0,nonexistent,1.4,93.91799999999999,-42.7,4.962,5228.1,no
27,self-employed,single,professional.course,no,yes,no,cellular,jul,tue,279,3,999,0,nonexistent,1.4,93.91799999999999,-42.7,4.962,5228.1,no
30,blue-collar,married,basic.6y,no,yes,yes,cellular,jul,tue,241,3,999,0,nonexistent,1.4,93.91799999999999,-42.7,4.962,5228.1,no
28,services,married,high.school,no,no,no,telephone,jul,tue,103,1,999,0,nonexistent,1.4,93.91799999999999,-42.7,4.962,5228.1,no
28,technician,single,professional.course,no,yes,no,cellular,jul,tue,861,3,999,0,nonexistent,1.4,93.91799999999999,-42.7,4.962,5228.1,no
24,technician,married,unknown,no,yes,no,telephone,jul,tue,114,3,999,0,nonexistent,1.4,93.91799999999999,-42.7,4.962,5228.1,no
24,student,single,high.school,unknown,no,no,cellular,jul,tue,284,1,999,0,nonexistent,1.4,93.91799999999999,-42.7,4.962,5228.1,no
33,admin.,single,high.school,no,no,yes,telephone,jul,tue,127,3,999,0,nonexistent,1.4,93.91799999999999,-42.7,4.962,5228.1,no
26,blue-collar,married,basic.9y,unknown,yes,no,cellular,jul,tue,250,2,999,0,nonexistent,1.4,93.91799999999999,-42.7,4.962,5228.1,no
26,technician,single,professional.course,no,no,no,cellular,jul,tue,529,5,999,0,nonexistent,1.4,93.91799999999999,-42.7,4.962,5228.1,no
50,entrepreneur,married,unknown,unknown,yes,no,cellular,jul,tue,244,3,999,0,nonexistent,1.4,93.91799999999999,-42.7,4.962,5228.1,no
24,student,single,high.school,unknown,no,no,cellular,jul,tue,199,1,999,0,nonexistent,1.4,93.91799999999999,-42.7,4.962,5228.1,no
25,blue-collar,single,basic.4y,no,no,no,telephone,jul,tue,104,3,999,0,nonexistent,1.4,93.91799999999999,-42.7,4.962,5228.1,no
35,services,single,high.school,no,no,no,cellular,jul,tue,191,1,999,0,nonexistent,1.4,93.91799999999999,-42.7,4.962,5228.1,no
35,services,single,high.school,no,no,no,cellular,jul,tue,89,1,999,0,nonexistent,1.4,93.91799999999999,-42.7,4.962,5228.1,no
42,technician,divorced,basic.9y,no,yes,no,cellular,jul,tue,195,6,999,0,nonexistent,1.4,93.91799999999999,-42.7,4.962,5228.1,no
24,student,single,high.school,unknown,no,no,cellular,jul,tue,1111,1,999,0,nonexistent,1.4,93.91799999999999,-42.7,4.962,5228.1,no
55,technician,divorced,professional.course,no,no,no,cellular,jul,tue,71,1,999,0,nonexistent,1.4,93.91799999999999,-42.7,4.962,5228.1,no
32,entrepreneur,married,basic.9y,unknown,yes,no,telephone,jul,tue,258,1,999,0,nonexistent,1.4,93.91799999999999,-42.7,4.962,5228.1,no
31,admin.,single,professional.course,no,no,no,cellular,jul,tue,173,1,999,0,nonexistent,1.4,93.91799999999999,-42.7,4.962,5228.1,no
25,services,married,high.school,no,no,no,cellular,jul,tue,329,4,999,0,nonexistent,1.4,93.91799999999999,-42.7,4.962,5228.1,no
52,admin.,divorced,university.degree,unknown,no,no,cellular,jul,tue,210,2,999,0,nonexistent,1.4,93.91799999999999,-42.7,4.962,5228.1,no
32,admin.,married,basic.9y,no,no,no,telephone,jul,tue,320,3,999,0,nonexistent,1.4,93.91799999999999,-42.7,4.962,5228.1,no
32,management,married,university.degree,unknown,yes,yes,cellular,jul,tue,1011,1,999,0,nonexistent,1.4,93.91799999999999,-42.7,4.962,5228.1,no
32,blue-collar,single,basic.4y,unknown,no,no,cellular,jul,tue,142,2,999,0,nonexistent,1.4,93.91799999999999,-42.7,4.962,5228.1,no
29,admin.,single,basic.9y,no,no,no,telephone,jul,tue,280,5,999,0,nonexistent,1.4,93.91799999999999,-42.7,4.962,5228.1,no
30,technician,single,professional.course,no,yes,no,cellular,jul,wed,75,1,999,0,nonexistent,1.4,93.91799999999999,-42.7,4.962,5228.1,no
37,admin.,married,university.degree,no,yes,no,cellular,jul,wed,353,1,999,0,nonexistent,1.4,93.91799999999999,-42.7,4.962,5228.1,no
29,admin.,single,high.school,no,yes,no,cellular,jul,wed,126,1,999,0,nonexistent,1.4,93.91799999999999,-42.7,4.962,5228.1,no
29,admin.,single,high.school,no,unknown,unknown,cellular,jul,wed,183,1,999,0,nonexistent,1.4,93.91799999999999,-42.7,4.962,5228.1,no
45,technician,married,professional.course,no,yes,no,cellular,jul,wed,95,1,999,0,nonexistent,1.4,93.91799999999999,-42.7,4.962,5228.1,no
34,blue-collar,married,basic.9y,no,yes,no,cellular,jul,wed,477,1,999,0,nonexistent,1.4,93.91799999999999,-42.7,4.962,5228.1,no
33,admin.,married,high.school,no,yes,no,cellular,jul,wed,134,1,999,0,nonexistent,1.4,93.91799999999999,-42.7,4.962,5228.1,no
34,blue-collar,married,basic.9y,no,yes,no,cellular,jul,wed,85,1,999,0,nonexistent,1.4,93.91799999999999,-42.7,4.962,5228.1,no
35,self-employed,single,university.degree,no,no,no,cellular,jul,wed,157,1,999,0,nonexistent,1.4,93.91799999999999,-42.7,4.962,5228.1,no
33,admin.,married,high.school,no,no,no,cellular,jul,wed,254,1,999,0,nonexistent,1.4,93.91799999999999,-42.7,4.962,5228.1,no
45,technician,married,professional.course,no,no,no,cellular,jul,wed,394,1,999,0,nonexistent,1.4,93.91799999999999,-42.7,4.962,5228.1,no
59,retired,divorced,university.degree,unknown,unknown,unknown,cellular,jul,wed,139,1,999,0,nonexistent,1.4,93.91799999999999,-42.7,4.962,5228.1,no
45,technician,divorced,basic.9y,unknown,no,no,cellular,jul,wed,80,2,999,0,nonexistent,1.4,93.91799999999999,-42.7,4.962,5228.1,no
38,blue-collar,married,unknown,no,no,no,cellular,jul,wed,618,1,999,0,nonexistent,1.4,93.91799999999999,-42.7,4.962,5228.1,no
42,entrepreneur,married,basic.9y,no,yes,no,cellular,jul,wed,129,2,999,0,nonexistent,1.4,93.91799999999999,-42.7,4.962,5228.1,no
28,technician,divorced,university.degree,no,yes,no,cellular,jul,wed,136,1,999,0,nonexistent,1.4,93.91799999999999,-42.7,4.962,5228.1,no
28,technician,divorced,university.degree,no,no,no,cellular,jul,wed,265,1,999,0,nonexistent,1.4,93.91799999999999,-42.7,4.962,5228.1,no
54,services,married,high.school,no,no,no,telephone,jul,wed,250,1,999,0,nonexistent,1.4,93.91799999999999,-42.7,4.962,5228.1,no
54,services,married,high.school,no,no,no,cellular,jul,wed,82,1,999,0,nonexistent,1.4,93.91799999999999,-42.7,4.962,5228.1,no
37,management,single,university.degree,no,yes,no,cellular,jul,wed,158,1,999,0,nonexistent,1.4,93.91799999999999,-42.7,4.962,5228.1,no
29,admin.,single,high.school,no,yes,no,cellular,jul,wed,1272,1,999,0,nonexistent,1.4,93.91799999999999,-42.7,4.962,5228.1,no
40,blue-collar,divorced,basic.9y,no,yes,no,cellular,jul,wed,207,3,999,0,nonexistent,1.4,93.91799999999999,-42.7,4.962,5228.1,no
25,admin.,married,high.school,no,no,no,cellular,jul,wed,95,1,999,0,nonexistent,1.4,93.91799999999999,-42.7,4.962,5228.1,no
57,retired,married,basic.4y,unknown,yes,yes,cellular,jul,wed,253,1,999,0,nonexistent,1.4,93.91799999999999,-42.7,4.962,5228.1,no
32,services,single,high.school,unknown,yes,no,cellular,jul,wed,72,1,999,0,nonexistent,1.4,93.91799999999999,-42.7,4.962,5228.1,no
34,admin.,single,university.degree,unknown,yes,no,cellular,jul,wed,132,1,999,0,nonexistent,1.4,93.91799999999999,-42.7,4.962,5228.1,no
25,technician,single,university.degree,no,yes,no,cellular,jul,wed,259,3,999,0,nonexistent,1.4,93.91799999999999,-42.7,4.962,5228.1,no
25,blue-collar,married,basic.9y,no,yes,no,cellular,jul,wed,261,3,999,0,nonexistent,1.4,93.91799999999999,-42.7,4.962,5228.1,no
53,admin.,married,university.degree,no,yes,yes,cellular,jul,wed,205,1,999,0,nonexistent,1.4,93.91799999999999,-42.7,4.962,5228.1,no
31,services,married,basic.9y,no,yes,no,cellular,jul,wed,537,1,999,0,nonexistent,1.4,93.91799999999999,-42.7,4.962,5228.1,yes
40,technician,married,professional.course,no,yes,yes,cellular,jul,wed,323,1,999,0,nonexistent,1.4,93.91799999999999,-42.7,4.962,5228.1,no
57,blue-collar,married,basic.6y,no,yes,no,cellular,jul,wed,64,1,999,0,nonexistent,1.4,93.91799999999999,-42.7,4.962,5228.1,no
31,services,married,basic.9y,no,no,no,cellular,jul,wed,679,1,999,0,nonexistent,1.4,93.91799999999999,-42.7,4.962,5228.1,yes
53,admin.,married,university.degree,no,yes,no,cellular,jul,wed,618,1,999,0,nonexistent,1.4,93.91799999999999,-42.7,4.962,5228.1,no
51,blue-collar,married,basic.4y,unknown,yes,no,cellular,jul,wed,199,2,999,0,nonexistent,1.4,93.91799999999999,-42.7,4.962,5228.1,no
43,housemaid,married,basic.4y,no,yes,no,cellular,jul,wed,296,1,999,0,nonexistent,1.4,93.91799999999999,-42.7,4.962,5228.1,no
33,services,married,basic.9y,unknown,yes,no,cellular,jul,wed,133,2,999,0,nonexistent,1.4,93.91799999999999,-42.7,4.962,5228.1,no
43,housemaid,married,basic.4y,no,yes,no,cellular,jul,wed,317,1,999,0,nonexistent,1.4,93.91799999999999,-42.7,4.962,5228.1,no
43,housemaid,married,basic.4y,no,yes,no,cellular,jul,wed,107,1,999,0,nonexistent,1.4,93.91799999999999,-42.7,4.962,5228.1,no
43,housemaid,married,basic.4y,no,yes,no,cellular,jul,wed,97,1,999,0,nonexistent,1.4,93.91799999999999,-42.7,4.962,5228.1,no
44,blue-collar,married,basic.4y,unknown,yes,no,cellular,jul,wed,128,1,999,0,nonexistent,1.4,93.91799999999999,-42.7,4.962,5228.1,no
31,admin.,single,high.school,no,no,no,cellular,jul,wed,75,4,999,0,nonexistent,1.4,93.91799999999999,-42.7,4.962,5228.1,no
43,housemaid,married,basic.4y,no,no,no,cellular,jul,wed,296,1,999,0,nonexistent,1.4,93.91799999999999,-42.7,4.962,5228.1,no
48,blue-collar,married,basic.4y,no,yes,no,cellular,jul,wed,74,1,999,0,nonexistent,1.4,93.91799999999999,-42.7,4.962,5228.1,no
48,blue-collar,married,basic.4y,no,yes,no,cellular,jul,wed,126,1,999,0,nonexistent,1.4,93.91799999999999,-42.7,4.962,5228.1,no
51,management,married,university.degree,no,yes,no,cellular,jul,wed,65,1,999,0,nonexistent,1.4,93.91799999999999,-42.7,4.962,5228.1,no
33,self-employed,married,university.degree,no,yes,no,cellular,jul,wed,99,2,999,0,nonexistent,1.4,93.91799999999999,-42.7,4.962,5228.1,no
36,admin.,married,university.degree,no,yes,no,cellular,jul,wed,99,2,999,0,nonexistent,1.4,93.91799999999999,-42.7,4.962,5228.1,no
51,management,married,university.degree,no,yes,no,cellular,jul,wed,194,1,999,0,nonexistent,1.4,93.91799999999999,-42.7,4.962,5228.1,no
51,management,married,university.degree,no,yes,no,cellular,jul,wed,420,1,999,0,nonexistent,1.4,93.91799999999999,-42.7,4.962,5228.1,no
43,housemaid,married,basic.4y,no,no,yes,cellular,jul,wed,697,1,999,0,nonexistent,1.4,93.91799999999999,-42.7,4.962,5228.1,no
51,management,married,university.degree,no,yes,no,cellular,jul,wed,96,1,999,0,nonexistent,1.4,93.91799999999999,-42.7,4.962,5228.1,no
51,management,married,university.degree,no,no,yes,cellular,jul,wed,110,1,999,0,nonexistent,1.4,93.91799999999999,-42.7,4.962,5228.1,no
24,services,single,professional.course,no,yes,no,cellular,jul,wed,55,1,999,0,nonexistent,1.4,93.91799999999999,-42.7,4.962,5228.1,no
24,services,single,professional.course,no,yes,no,cellular,jul,wed,139,1,999,0,nonexistent,1.4,93.91799999999999,-42.7,4.962,5228.1,no
36,admin.,married,university.degree,no,no,yes,cellular,jul,wed,153,2,999,0,nonexistent,1.4,93.91799999999999,-42.7,4.962,5228.1,no
24,services,single,professional.course,no,yes,no,cellular,jul,wed,80,1,999,0,nonexistent,1.4,93.91799999999999,-42.7,4.962,5228.1,no
24,services,single,professional.course,no,yes,no,cellular,jul,wed,185,1,999,0,nonexistent,1.4,93.91799999999999,-42.7,4.962,5228.1,no
48,blue-collar,married,basic.4y,no,no,no,cellular,jul,wed,128,1,999,0,nonexistent,1.4,93.91799999999999,-42.7,4.962,5228.1,no
24,services,single,professional.course,no,yes,no,cellular,jul,wed,349,1,999,0,nonexistent,1.4,93.91799999999999,-42.7,4.962,5228.1,no
27,unemployed,married,basic.6y,unknown,yes,no,cellular,jul,wed,62,1,999,0,nonexistent,1.4,93.91799999999999,-42.7,4.962,5228.1,no
27,unemployed,married,basic.6y,unknown,no,no,cellular,jul,wed,72,1,999,0,nonexistent,1.4,93.91799999999999,-42.7,4.962,5228.1,no
36,admin.,married,university.degree,no,yes,no,cellular,jul,wed,570,2,999,0,nonexistent,1.4,93.91799999999999,-42.7,4.962,5228.1,yes
34,technician,married,professional.course,no,yes,no,cellular,jul,wed,99,5,999,0,nonexistent,1.4,93.91799999999999,-42.7,4.962,5228.1,no
41,technician,single,university.degree,no,yes,yes,cellular,jul,wed,184,1,999,0,nonexistent,1.4,93.91799999999999,-42.7,4.962,5228.1,no
43,blue-collar,married,basic.6y,no,no,no,cellular,jul,wed,272,1,999,0,nonexistent,1.4,93.91799999999999,-42.7,4.962,5228.1,no
30,admin.,married,high.school,no,yes,no,cellular,jul,wed,166,1,999,0,nonexistent,1.4,93.91799999999999,-42.7,4.962,5228.1,no
34,admin.,single,high.school,no,yes,no,cellular,jul,wed,42,1,999,0,nonexistent,1.4,93.91799999999999,-42.7,4.962,5228.1,no
34,admin.,single,high.school,no,no,no,cellular,jul,wed,127,1,999,0,nonexistent,1.4,93.91799999999999,-42.7,4.962,5228.1,no
34,admin.,single,high.school,no,yes,no,cellular,jul,wed,85,1,999,0,nonexistent,1.4,93.91799999999999,-42.7,4.962,5228.1,no
31,technician,married,professional.course,no,yes,no,cellular,jul,wed,225,2,999,0,nonexistent,1.4,93.91799999999999,-42.7,4.962,5228.1,no
48,entrepreneur,married,university.degree,no,yes,no,telephone,jul,wed,42,1,999,0,nonexistent,1.4,93.91799999999999,-42.7,4.962,5228.1,no
24,blue-collar,married,basic.9y,no,unknown,unknown,cellular,jul,wed,781,1,999,0,nonexistent,1.4,93.91799999999999,-42.7,4.962,5228.1,yes
26,services,single,high.school,no,unknown,unknown,cellular,jul,wed,125,1,999,0,nonexistent,1.4,93.91799999999999,-42.7,4.962,5228.1,no
54,management,married,university.degree,no,yes,no,cellular,jul,wed,113,2,999,0,nonexistent,1.4,93.91799999999999,-42.7,4.962,5228.1,no
36,blue-collar,married,basic.6y,no,yes,no,telephone,jul,wed,16,1,999,0,nonexistent,1.4,93.91799999999999,-42.7,4.962,5228.1,no
51,technician,married,university.degree,unknown,yes,yes,cellular,jul,wed,89,1,999,0,nonexistent,1.4,93.91799999999999,-42.7,4.962,5228.1,no
36,blue-collar,married,basic.6y,no,no,no,cellular,jul,wed,205,1,999,0,nonexistent,1.4,93.91799999999999,-42.7,4.962,5228.1,no
40,blue-collar,divorced,basic.9y,no,yes,no,cellular,jul,wed,125,3,999,0,nonexistent,1.4,93.91799999999999,-42.7,4.962,5228.1,no
51,technician,married,university.degree,unknown,yes,yes,cellular,jul,wed,128,1,999,0,nonexistent,1.4,93.91799999999999,-42.7,4.962,5228.1,no
27,admin.,single,university.degree,no,yes,yes,cellular,jul,wed,91,1,999,0,nonexistent,1.4,93.91799999999999,-42.7,4.962,5228.1,no
51,technician,married,university.degree,unknown,yes,no,cellular,jul,wed,65,1,999,0,nonexistent,1.4,93.91799999999999,-42.7,4.962,5228.1,no
27,admin.,single,university.degree,no,no,no,cellular,jul,wed,194,1,999,0,nonexistent,1.4,93.91799999999999,-42.7,4.962,5228.1,no
32,blue-collar,married,basic.4y,unknown,yes,no,cellular,jul,wed,147,1,999,0,nonexistent,1.4,93.91799999999999,-42.7,4.962,5228.1,no
32,blue-collar,married,basic.4y,unknown,no,yes,cellular,jul,wed,112,1,999,0,nonexistent,1.4,93.91799999999999,-42.7,4.962,5228.1,no
32,blue-collar,married,basic.4y,unknown,yes,no,cellular,jul,wed,82,1,999,0,nonexistent,1.4,93.91799999999999,-42.7,4.962,5228.1,no
33,services,married,basic.9y,unknown,yes,no,telephone,jul,wed,25,1,999,0,nonexistent,1.4,93.91799999999999,-42.7,4.962,5228.1,no
32,blue-collar,married,basic.4y,unknown,no,no,cellular,jul,wed,285,1,999,0,nonexistent,1.4,93.91799999999999,-42.7,4.962,5228.1,no
31,management,single,university.degree,no,yes,yes,cellular,jul,wed,61,1,999,0,nonexistent,1.4,93.91799999999999,-42.7,4.962,5228.1,no
39,entrepreneur,divorced,basic.4y,no,no,no,cellular,jul,wed,174,1,999,0,nonexistent,1.4,93.91799999999999,-42.7,4.962,5228.1,no
49,blue-collar,married,basic.4y,unknown,yes,no,cellular,jul,wed,42,1,999,0,nonexistent,1.4,93.91799999999999,-42.7,4.962,5228.1,no
44,unemployed,married,basic.9y,unknown,no,no,cellular,jul,wed,92,1,999,0,nonexistent,1.4,93.91799999999999,-42.7,4.962,5228.1,no
30,blue-collar,married,high.school,unknown,no,no,cellular,jul,wed,145,1,999,0,nonexistent,1.4,93.91799999999999,-42.7,4.962,5228.1,no
31,admin.,married,university.degree,no,no,no,telephone,jul,wed,238,8,999,0,nonexistent,1.4,93.91799999999999,-42.7,4.962,5228.1,no
36,admin.,married,university.degree,no,yes,yes,cellular,jul,wed,160,2,999,0,nonexistent,1.4,93.91799999999999,-42.7,4.962,5228.1,no
31,management,single,university.degree,no,no,no,cellular,jul,wed,645,1,999,0,nonexistent,1.4,93.91799999999999,-42.7,4.962,5228.1,yes
32,blue-collar,married,basic.4y,unknown,no,yes,telephone,jul,wed,990,1,999,0,nonexistent,1.4,93.91799999999999,-42.7,4.962,5228.1,yes
31,technician,divorced,professional.course,no,unknown,unknown,cellular,jul,wed,254,1,999,0,nonexistent,1.4,93.91799999999999,-42.7,4.962,5228.1,no
31,technician,divorced,professional.course,no,no,no,cellular,jul,wed,64,1,999,0,nonexistent,1.4,93.91799999999999,-42.7,4.962,5228.1,no
24,blue-collar,single,basic.4y,no,no,no,cellular,jul,wed,115,1,999,0,nonexistent,1.4,93.91799999999999,-42.7,4.962,5228.1,no
44,unemployed,married,basic.9y,unknown,no,yes,cellular,jul,wed,113,1,999,0,nonexistent,1.4,93.91799999999999,-42.7,4.962,5228.1,no
31,technician,divorced,professional.course,no,yes,no,cellular,jul,wed,662,1,999,0,nonexistent,1.4,93.91799999999999,-42.7,4.962,5228.1,yes
31,technician,divorced,professional.course,no,yes,no,cellular,jul,wed,625,1,999,0,nonexistent,1.4,93.91799999999999,-42.7,4.962,5228.1,yes
28,technician,married,university.degree,no,yes,no,cellular,jul,wed,126,1,999,0,nonexistent,1.4,93.91799999999999,-42.7,4.962,5228.1,no
44,unemployed,married,basic.9y,unknown,yes,no,cellular,jul,wed,189,1,999,0,nonexistent,1.4,93.91799999999999,-42.7,4.962,5228.1,no
31,blue-collar,married,basic.9y,no,yes,no,cellular,jul,wed,124,1,999,0,nonexistent,1.4,93.91799999999999,-42.7,4.962,5228.1,no
37,technician,single,professional.course,unknown,no,no,cellular,jul,wed,482,1,999,0,nonexistent,1.4,93.91799999999999,-42.7,4.962,5228.1,no
26,blue-collar,single,basic.4y,no,yes,yes,cellular,jul,wed,215,3,999,0,nonexistent,1.4,93.91799999999999,-42.7,4.962,5228.1,no
34,blue-collar,married,basic.6y,unknown,no,no,cellular,jul,wed,727,3,999,0,nonexistent,1.4,93.91799999999999,-42.7,4.962,5228.1,yes
55,admin.,divorced,high.school,no,no,no,cellular,jul,wed,189,1,999,0,nonexistent,1.4,93.91799999999999,-42.7,4.962,5228.1,no
45,blue-collar,divorced,basic.4y,no,no,no,cellular,jul,wed,87,1,999,0,nonexistent,1.4,93.91799999999999,-42.7,4.962,5228.1,no
45,blue-collar,divorced,basic.4y,no,yes,no,cellular,jul,wed,112,1,999,0,nonexistent,1.4,93.91799999999999,-42.7,4.962,5228.1,no
43,admin.,married,university.degree,unknown,yes,no,cellular,jul,wed,290,13,999,0,nonexistent,1.4,93.91799999999999,-42.7,4.962,5228.1,no
33,admin.,married,high.school,no,yes,no,cellular,jul,wed,310,1,999,0,nonexistent,1.4,93.91799999999999,-42.7,4.962,5228.1,no
45,blue-collar,divorced,basic.4y,no,yes,no,cellular,jul,wed,294,1,999,0,nonexistent,1.4,93.91799999999999,-42.7,4.962,5228.1,no
23,blue-collar,married,basic.9y,unknown,yes,no,cellular,jul,wed,259,1,999,0,nonexistent,1.4,93.91799999999999,-42.7,4.962,5228.1,no
37,blue-collar,single,basic.4y,no,yes,yes,cellular,jul,wed,156,1,999,0,nonexistent,1.4,93.91799999999999,-42.7,4.962,5228.1,no
33,admin.,single,university.degree,no,yes,yes,cellular,jul,wed,143,1,999,0,nonexistent,1.4,93.91799999999999,-42.7,4.962,5228.1,no
44,technician,married,high.school,no,no,no,cellular,jul,wed,92,1,999,0,nonexistent,1.4,93.91799999999999,-42.7,4.962,5228.1,no
44,technician,married,high.school,no,yes,no,cellular,jul,wed,82,1,999,0,nonexistent,1.4,93.91799999999999,-42.7,4.962,5228.1,no
52,management,married,professional.course,no,no,no,cellular,jul,wed,222,1,999,0,nonexistent,1.4,93.91799999999999,-42.7,4.962,5228.1,no
26,blue-collar,married,basic.9y,no,no,no,cellular,jul,wed,366,1,999,0,nonexistent,1.4,93.91799999999999,-42.7,4.962,5228.1,no
34,admin.,single,university.degree,no,yes,no,cellular,jul,wed,138,1,999,0,nonexistent,1.4,93.91799999999999,-42.7,4.962,5228.1,no
49,blue-collar,single,basic.4y,unknown,no,no,cellular,jul,wed,121,1,999,0,nonexistent,1.4,93.91799999999999,-42.7,4.962,5228.1,no
34,admin.,single,university.degree,no,yes,no,cellular,jul,wed,337,1,999,0,nonexistent,1.4,93.91799999999999,-42.7,4.962,5228.1,no
46,housemaid,married,basic.4y,no,no,no,cellular,jul,wed,236,1,999,0,nonexistent,1.4,93.91799999999999,-42.7,4.962,5228.1,no
41,blue-collar,married,basic.4y,no,yes,no,telephone,jul,wed,52,1,999,0,nonexistent,1.4,93.91799999999999,-42.7,4.962,5228.1,no
42,blue-collar,married,basic.9y,unknown,yes,no,cellular,jul,wed,90,10,999,0,nonexistent,1.4,93.91799999999999,-42.7,4.962,5228.1,no
51,admin.,married,university.degree,no,yes,no,cellular,jul,wed,426,3,999,0,nonexistent,1.4,93.91799999999999,-42.7,4.962,5228.1,yes
40,blue-collar,married,basic.4y,unknown,unknown,unknown,telephone,jul,wed,135,1,999,0,nonexistent,1.4,93.91799999999999,-42.7,4.962,5228.1,no
31,blue-collar,married,basic.9y,no,yes,no,cellular,jul,wed,72,1,999,0,nonexistent,1.4,93.91799999999999,-42.7,4.962,5228.1,no
50,admin.,single,high.school,no,yes,no,cellular,jul,wed,180,1,999,0,nonexistent,1.4,93.91799999999999,-42.7,4.962,5228.1,no
25,blue-collar,single,basic.9y,unknown,yes,no,cellular,jul,wed,111,1,999,0,nonexistent,1.4,93.91799999999999,-42.7,4.962,5228.1,no
22,student,single,high.school,no,no,yes,cellular,jul,wed,349,1,999,0,nonexistent,1.4,93.91799999999999,-42.7,4.962,5228.1,no
32,technician,single,university.degree,no,no,yes,cellular,jul,wed,90,1,999,0,nonexistent,1.4,93.91799999999999,-42.7,4.962,5228.1,no
31,admin.,single,high.school,no,no,no,cellular,jul,wed,96,2,999,0,nonexistent,1.4,93.91799999999999,-42.7,4.962,5228.1,no
43,admin.,married,university.degree,no,yes,no,cellular,jul,wed,899,1,999,0,nonexistent,1.4,93.91799999999999,-42.7,4.962,5228.1,no
40,unemployed,married,university.degree,unknown,yes,no,cellular,jul,wed,113,1,999,0,nonexistent,1.4,93.91799999999999,-42.7,4.962,5228.1,no
40,unemployed,married,university.degree,unknown,yes,no,telephone,jul,wed,54,1,999,0,nonexistent,1.4,93.91799999999999,-42.7,4.962,5228.1,no
31,blue-collar,married,basic.9y,no,yes,no,cellular,jul,wed,1121,1,999,0,nonexistent,1.4,93.91799999999999,-42.7,4.962,5228.1,yes
36,admin.,divorced,university.degree,no,yes,no,cellular,jul,wed,81,1,999,0,nonexistent,1.4,93.91799999999999,-42.7,4.962,5228.1,no
55,retired,married,basic.9y,unknown,unknown,unknown,cellular,jul,wed,628,1,999,0,nonexistent,1.4,93.91799999999999,-42.7,4.962,5228.1,no
44,admin.,married,high.school,no,yes,no,cellular,jul,wed,118,1,999,0,nonexistent,1.4,93.91799999999999,-42.7,4.962,5228.1,no
26,blue-collar,single,basic.9y,no,no,no,cellular,jul,wed,1139,1,999,0,nonexistent,1.4,93.91799999999999,-42.7,4.962,5228.1,yes
44,admin.,married,high.school,no,yes,no,cellular,jul,wed,97,1,999,0,nonexistent,1.4,93.91799999999999,-42.7,4.962,5228.1,no
29,services,divorced,high.school,no,yes,no,cellular,jul,wed,171,1,999,0,nonexistent,1.4,93.91799999999999,-42.7,4.962,5228.1,no
25,housemaid,single,high.school,no,no,no,cellular,jul,wed,1156,1,999,0,nonexistent,1.4,93.91799999999999,-42.7,4.962,5228.1,no
54,management,married,university.degree,no,no,no,cellular,jul,wed,71,6,999,0,nonexistent,1.4,93.91799999999999,-42.7,4.962,5228.1,no
26,admin.,single,high.school,no,yes,yes,cellular,jul,wed,668,1,999,0,nonexistent,1.4,93.91799999999999,-42.7,4.962,5228.1,no
52,services,married,high.school,no,no,no,cellular,jul,wed,183,1,999,0,nonexistent,1.4,93.91799999999999,-42.7,4.962,5228.1,no
29,technician,married,professional.course,no,yes,no,cellular,jul,wed,128,2,999,0,nonexistent,1.4,93.91799999999999,-42.7,4.962,5228.1,no
32,admin.,single,university.degree,no,no,no,cellular,jul,wed,76,2,999,0,nonexistent,1.4,93.91799999999999,-42.7,4.962,5228.1,no
32,admin.,divorced,high.school,no,no,no,cellular,jul,wed,89,3,999,0,nonexistent,1.4,93.91799999999999,-42.7,4.962,5228.1,no
29,services,divorced,high.school,no,yes,no,cellular,jul,wed,188,1,999,0,nonexistent,1.4,93.91799999999999,-42.7,4.962,5228.1,no
28,entrepreneur,married,university.degree,no,no,no,cellular,jul,wed,98,1,999,0,nonexistent,1.4,93.91799999999999,-42.7,4.962,5228.1,no
28,entrepreneur,married,university.degree,no,no,no,cellular,jul,wed,175,1,999,0,nonexistent,1.4,93.91799999999999,-42.7,4.962,5228.1,no
39,technician,married,professional.course,no,yes,no,telephone,jul,wed,87,8,999,0,nonexistent,1.4,93.91799999999999,-42.7,4.962,5228.1,no
39,services,married,basic.9y,no,no,no,cellular,jul,wed,100,5,999,0,nonexistent,1.4,93.91799999999999,-42.7,4.962,5228.1,no
32,technician,single,university.degree,no,yes,no,cellular,jul,wed,89,1,999,0,nonexistent,1.4,93.91799999999999,-42.7,4.962,5228.1,no
40,admin.,married,high.school,no,no,yes,telephone,jul,wed,31,1,999,0,nonexistent,1.4,93.91799999999999,-42.7,4.962,5228.1,no
27,blue-collar,married,basic.4y,no,yes,no,cellular,jul,wed,205,2,999,0,nonexistent,1.4,93.91799999999999,-42.7,4.962,5228.1,no
36,technician,married,professional.course,no,yes,no,cellular,jul,wed,167,1,999,0,nonexistent,1.4,93.91799999999999,-42.7,4.962,5228.1,no
31,admin.,single,high.school,no,no,no,cellular,jul,wed,108,2,999,0,nonexistent,1.4,93.91799999999999,-42.7,4.962,5228.1,no
51,management,married,university.degree,unknown,yes,no,cellular,jul,wed,180,1,999,0,nonexistent,1.4,93.91799999999999,-42.7,4.962,5228.1,no
29,admin.,married,university.degree,no,yes,no,cellular,jul,wed,31,1,999,0,nonexistent,1.4,93.91799999999999,-42.7,4.962,5228.1,no
33,admin.,single,university.degree,no,yes,no,cellular,jul,wed,494,1,999,0,nonexistent,1.4,93.91799999999999,-42.7,4.962,5228.1,no
28,technician,single,university.degree,no,no,no,cellular,jul,wed,96,2,999,0,nonexistent,1.4,93.91799999999999,-42.7,4.962,5228.1,no
29,admin.,married,university.degree,no,yes,no,cellular,jul,wed,161,1,999,0,nonexistent,1.4,93.91799999999999,-42.7,4.962,5228.1,no
35,management,married,university.degree,no,no,no,cellular,jul,wed,130,1,999,0,nonexistent,1.4,93.91799999999999,-42.7,4.962,5228.1,no
51,housemaid,married,basic.4y,no,no,no,cellular,jul,wed,145,1,999,0,nonexistent,1.4,93.91799999999999,-42.7,4.962,5228.1,no
30,blue-collar,married,basic.9y,no,no,no,cellular,jul,wed,80,1,999,0,nonexistent,1.4,93.91799999999999,-42.7,4.962,5228.1,no
25,blue-collar,married,basic.9y,no,no,no,cellular,jul,wed,108,1,999,0,nonexistent,1.4,93.91799999999999,-42.7,4.962,5228.1,no
30,blue-collar,married,basic.9y,no,yes,no,cellular,jul,wed,532,1,999,0,nonexistent,1.4,93.91799999999999,-42.7,4.962,5228.1,no
28,services,married,high.school,no,yes,no,telephone,jul,wed,145,2,999,0,nonexistent,1.4,93.91799999999999,-42.7,4.962,5228.1,no
37,blue-collar,married,basic.6y,unknown,yes,no,cellular,jul,wed,279,1,999,0,nonexistent,1.4,93.91799999999999,-42.7,4.962,5228.1,no
37,blue-collar,married,basic.6y,unknown,no,yes,cellular,jul,wed,143,1,999,0,nonexistent,1.4,93.91799999999999,-42.7,4.962,5228.1,no
28,blue-collar,married,basic.4y,unknown,no,yes,cellular,jul,wed,98,2,999,0,nonexistent,1.4,93.91799999999999,-42.7,4.962,5228.1,no
39,technician,married,professional.course,no,yes,no,cellular,jul,wed,178,2,999,0,nonexistent,1.4,93.91799999999999,-42.7,4.962,5228.1,no
44,housemaid,married,basic.4y,unknown,yes,no,cellular,jul,wed,103,1,999,0,nonexistent,1.4,93.91799999999999,-42.7,4.962,5228.1,no
45,self-employed,married,basic.9y,no,yes,no,cellular,jul,wed,71,1,999,0,nonexistent,1.4,93.91799999999999,-42.7,4.962,5228.1,no
28,services,single,university.degree,no,yes,no,cellular,jul,wed,90,1,999,0,nonexistent,1.4,93.91799999999999,-42.7,4.962,5228.1,no
30,admin.,married,university.degree,no,yes,no,telephone,jul,wed,693,2,999,0,nonexistent,1.4,93.91799999999999,-42.7,4.962,5228.1,no
39,technician,married,professional.course,no,yes,no,cellular,jul,wed,225,2,999,0,nonexistent,1.4,93.91799999999999,-42.7,4.962,5228.1,no
56,blue-collar,married,professional.course,no,yes,no,cellular,jul,wed,289,1,999,0,nonexistent,1.4,93.91799999999999,-42.7,4.962,5228.1,no
26,blue-collar,single,basic.9y,no,yes,yes,telephone,jul,wed,224,1,999,0,nonexistent,1.4,93.91799999999999,-42.7,4.962,5228.1,no
37,entrepreneur,divorced,university.degree,no,yes,no,cellular,jul,wed,224,1,999,0,nonexistent,1.4,93.91799999999999,-42.7,4.962,5228.1,no
37,entrepreneur,divorced,university.degree,no,no,yes,cellular,jul,wed,362,1,999,0,nonexistent,1.4,93.91799999999999,-42.7,4.962,5228.1,no
29,management,single,high.school,no,yes,no,cellular,jul,wed,125,1,999,0,nonexistent,1.4,93.91799999999999,-42.7,4.962,5228.1,no
27,admin.,married,university.degree,no,no,no,telephone,jul,wed,672,6,999,0,nonexistent,1.4,93.91799999999999,-42.7,4.962,5228.1,no
26,management,single,university.degree,unknown,yes,no,cellular,jul,wed,124,1,999,0,nonexistent,1.4,93.91799999999999,-42.7,4.962,5228.1,no
30,blue-collar,married,basic.9y,no,yes,no,cellular,jul,wed,219,1,999,0,nonexistent,1.4,93.91799999999999,-42.7,4.962,5228.1,no
45,technician,married,professional.course,no,yes,no,cellular,jul,wed,160,1,999,0,nonexistent,1.4,93.91799999999999,-42.7,4.962,5228.1,no
39,admin.,divorced,high.school,unknown,yes,no,cellular,jul,wed,77,1,999,0,nonexistent,1.4,93.91799999999999,-42.7,4.962,5228.1,no
29,admin.,single,high.school,no,yes,no,cellular,jul,wed,360,2,999,0,nonexistent,1.4,93.91799999999999,-42.7,4.962,5228.1,no
30,blue-collar,married,basic.9y,no,no,yes,cellular,jul,wed,173,1,999,0,nonexistent,1.4,93.91799999999999,-42.7,4.962,5228.1,no
39,housemaid,married,basic.4y,no,no,no,cellular,jul,wed,94,1,999,0,nonexistent,1.4,93.91799999999999,-42.7,4.962,5228.1,no
33,services,married,high.school,unknown,yes,yes,cellular,jul,wed,172,1,999,0,nonexistent,1.4,93.91799999999999,-42.7,4.962,5228.1,no
45,blue-collar,divorced,professional.course,unknown,no,no,cellular,jul,wed,176,1,999,0,nonexistent,1.4,93.91799999999999,-42.7,4.962,5228.1,no
45,blue-collar,divorced,professional.course,unknown,yes,no,cellular,jul,wed,74,1,999,0,nonexistent,1.4,93.91799999999999,-42.7,4.962,5228.1,no
34,self-employed,single,university.degree,no,yes,no,cellular,jul,wed,378,1,999,0,nonexistent,1.4,93.91799999999999,-42.7,4.962,5228.1,no
26,services,single,university.degree,no,yes,no,cellular,jul,wed,70,1,999,0,nonexistent,1.4,93.91799999999999,-42.7,4.962,5228.1,no
35,technician,single,high.school,no,yes,no,cellular,jul,wed,294,1,999,0,nonexistent,1.4,93.91799999999999,-42.7,4.962,5228.1,no
25,services,single,high.school,no,no,no,cellular,jul,wed,643,1,999,0,nonexistent,1.4,93.91799999999999,-42.7,4.962,5228.1,no
39,admin.,married,basic.9y,unknown,no,no,cellular,jul,wed,131,1,999,0,nonexistent,1.4,93.91799999999999,-42.7,4.962,5228.1,no
36,admin.,married,university.degree,no,yes,no,cellular,jul,wed,203,3,999,0,nonexistent,1.4,93.91799999999999,-42.7,4.962,5228.1,no
39,admin.,married,basic.9y,unknown,no,no,cellular,jul,wed,108,1,999,0,nonexistent,1.4,93.91799999999999,-42.7,4.962,5228.1,no
39,entrepreneur,divorced,basic.4y,no,yes,yes,cellular,jul,wed,1317,2,999,0,nonexistent,1.4,93.91799999999999,-42.7,4.962,5228.1,no
49,services,married,high.school,no,no,no,cellular,jul,wed,313,1,999,0,nonexistent,1.4,93.91799999999999,-42.7,4.962,5228.1,no
24,technician,single,professional.course,no,yes,no,cellular,jul,wed,171,5,999,0,nonexistent,1.4,93.91799999999999,-42.7,4.962,5228.1,no
29,technician,married,professional.course,no,no,no,cellular,jul,wed,290,2,999,0,nonexistent,1.4,93.91799999999999,-42.7,4.962,5228.1,no
60,unknown,married,basic.4y,unknown,yes,no,cellular,jul,wed,659,1,999,0,nonexistent,1.4,93.91799999999999,-42.7,4.962,5228.1,no
42,blue-collar,married,basic.6y,no,yes,no,cellular,jul,wed,77,1,999,0,nonexistent,1.4,93.91799999999999,-42.7,4.962,5228.1,no
42,unemployed,married,high.school,no,no,no,cellular,jul,wed,140,3,999,0,nonexistent,1.4,93.91799999999999,-42.7,4.962,5228.1,no
40,services,married,high.school,no,no,no,cellular,jul,wed,83,1,999,0,nonexistent,1.4,93.91799999999999,-42.7,4.962,5228.1,no
34,blue-collar,married,basic.4y,no,yes,no,cellular,jul,wed,87,1,999,0,nonexistent,1.4,93.91799999999999,-42.7,4.962,5228.1,no
38,blue-collar,single,university.degree,no,no,no,cellular,jul,wed,176,1,999,0,nonexistent,1.4,93.91799999999999,-42.7,4.962,5228.1,no
29,entrepreneur,married,professional.course,no,no,no,cellular,jul,wed,736,4,999,0,nonexistent,1.4,93.91799999999999,-42.7,4.962,5228.1,no
38,blue-collar,single,university.degree,no,yes,no,cellular,jul,wed,458,1,999,0,nonexistent,1.4,93.91799999999999,-42.7,4.962,5228.1,no
34,blue-collar,married,basic.4y,no,no,no,cellular,jul,wed,384,1,999,0,nonexistent,1.4,93.91799999999999,-42.7,4.962,5228.1,no
28,technician,single,university.degree,no,yes,no,cellular,jul,wed,174,7,999,0,nonexistent,1.4,93.91799999999999,-42.7,4.962,5228.1,no
33,admin.,single,university.degree,no,yes,no,telephone,jul,wed,161,1,999,0,nonexistent,1.4,93.91799999999999,-42.7,4.962,5228.1,no
36,blue-collar,married,high.school,no,yes,no,cellular,jul,wed,295,1,999,0,nonexistent,1.4,93.91799999999999,-42.7,4.962,5228.1,no
34,management,married,university.degree,unknown,no,no,cellular,jul,wed,90,1,999,0,nonexistent,1.4,93.91799999999999,-42.7,4.962,5228.1,no
29,services,single,high.school,no,yes,no,telephone,jul,wed,206,1,999,0,nonexistent,1.4,93.91799999999999,-42.7,4.962,5228.1,no
38,services,married,high.school,unknown,no,no,telephone,jul,wed,304,1,999,0,nonexistent,1.4,93.91799999999999,-42.7,4.962,5228.1,no
57,blue-collar,married,basic.9y,no,no,no,telephone,jul,wed,49,1,999,0,nonexistent,1.4,93.91799999999999,-42.7,4.962,5228.1,no
27,blue-collar,single,basic.9y,no,yes,no,cellular,jul,wed,181,1,999,0,nonexistent,1.4,93.91799999999999,-42.7,4.962,5228.1,no
57,blue-collar,married,basic.9y,no,yes,no,telephone,jul,wed,106,1,999,0,nonexistent,1.4,93.91799999999999,-42.7,4.962,5228.1,no
57,blue-collar,married,basic.9y,no,yes,no,cellular,jul,wed,601,1,999,0,nonexistent,1.4,93.91799999999999,-42.7,4.962,5228.1,no
21,blue-collar,single,basic.9y,no,no,no,cellular,jul,wed,219,1,999,0,nonexistent,1.4,93.91799999999999,-42.7,4.962,5228.1,no
21,blue-collar,single,basic.9y,no,unknown,unknown,cellular,jul,wed,208,1,999,0,nonexistent,1.4,93.91799999999999,-42.7,4.962,5228.1,no
21,blue-collar,single,basic.9y,no,unknown,unknown,cellular,jul,wed,359,1,999,0,nonexistent,1.4,93.91799999999999,-42.7,4.962,5228.1,no
57,housemaid,married,university.degree,no,no,no,cellular,jul,wed,388,1,999,0,nonexistent,1.4,93.91799999999999,-42.7,4.962,5228.1,no
30,admin.,married,university.degree,no,no,no,cellular,jul,wed,397,6,999,0,nonexistent,1.4,93.91799999999999,-42.7,4.962,5228.1,no
34,blue-collar,married,basic.4y,no,yes,no,cellular,jul,wed,431,1,999,0,nonexistent,1.4,93.91799999999999,-42.7,4.962,5228.1,no
27,technician,single,university.degree,no,yes,no,cellular,jul,wed,71,1,999,0,nonexistent,1.4,93.91799999999999,-42.7,4.962,5228.1,no
40,blue-collar,married,basic.6y,no,yes,no,cellular,jul,wed,480,1,999,0,nonexistent,1.4,93.91799999999999,-42.7,4.962,5228.1,no
34,blue-collar,single,basic.9y,no,no,no,cellular,jul,wed,218,3,999,0,nonexistent,1.4,93.91799999999999,-42.7,4.962,5228.1,no
27,blue-collar,single,basic.4y,no,yes,no,cellular,jul,wed,676,5,999,0,nonexistent,1.4,93.91799999999999,-42.7,4.962,5228.1,no
30,technician,single,university.degree,no,no,no,telephone,jul,wed,74,1,999,0,nonexistent,1.4,93.91799999999999,-42.7,4.962,5228.1,no
60,blue-collar,married,basic.4y,unknown,no,no,telephone,jul,wed,83,1,999,0,nonexistent,1.4,93.91799999999999,-42.7,4.962,5228.1,no
33,blue-collar,married,basic.6y,no,no,no,cellular,jul,wed,391,1,999,0,nonexistent,1.4,93.91799999999999,-42.7,4.962,5228.1,no
60,blue-collar,married,basic.4y,unknown,no,yes,telephone,jul,wed,271,1,999,0,nonexistent,1.4,93.91799999999999,-42.7,4.962,5228.1,no
40,blue-collar,married,basic.4y,unknown,yes,no,cellular,jul,wed,131,4,999,0,nonexistent,1.4,93.91799999999999,-42.7,4.962,5228.1,no
39,technician,single,high.school,no,yes,no,telephone,jul,wed,233,7,999,0,nonexistent,1.4,93.91799999999999,-42.7,4.962,5228.1,no
34,admin.,married,high.school,no,yes,no,cellular,jul,wed,293,1,999,0,nonexistent,1.4,93.91799999999999,-42.7,4.962,5228.1,no
34,admin.,married,high.school,no,no,no,cellular,jul,wed,391,1,999,0,nonexistent,1.4,93.91799999999999,-42.7,4.962,5228.1,no
34,admin.,married,high.school,no,no,yes,cellular,jul,wed,432,1,999,0,nonexistent,1.4,93.91799999999999,-42.7,4.962,5228.1,no
34,admin.,married,high.school,no,yes,yes,cellular,jul,wed,411,1,999,0,nonexistent,1.4,93.91799999999999,-42.7,4.962,5228.1,no
20,admin.,single,high.school,no,no,no,cellular,jul,wed,208,4,999,0,nonexistent,1.4,93.91799999999999,-42.7,4.962,5228.1,no
34,admin.,married,high.school,no,no,no,cellular,jul,wed,359,5,999,0,nonexistent,1.4,93.91799999999999,-42.7,4.962,5228.1,yes
41,unemployed,single,high.school,no,no,no,cellular,jul,wed,197,1,999,0,nonexistent,1.4,93.91799999999999,-42.7,4.962,5228.1,no
41,unemployed,single,high.school,no,yes,no,cellular,jul,wed,156,1,999,0,nonexistent,1.4,93.91799999999999,-42.7,4.962,5228.1,no
27,unemployed,married,basic.6y,unknown,no,yes,telephone,jul,wed,399,8,999,0,nonexistent,1.4,93.91799999999999,-42.7,4.962,5228.1,no
28,admin.,single,university.degree,unknown,yes,yes,cellular,jul,wed,328,3,999,0,nonexistent,1.4,93.91799999999999,-42.7,4.962,5228.1,no
34,admin.,married,university.degree,no,no,no,cellular,jul,wed,266,1,999,0,nonexistent,1.4,93.91799999999999,-42.7,4.962,5228.1,no
27,blue-collar,single,basic.4y,no,yes,no,cellular,jul,wed,211,11,999,0,nonexistent,1.4,93.91799999999999,-42.7,4.962,5228.1,no
29,technician,married,professional.course,no,no,no,cellular,jul,wed,263,2,999,0,nonexistent,1.4,93.91799999999999,-42.7,4.962,5228.1,no
32,admin.,married,university.degree,no,no,no,cellular,jul,wed,226,2,999,0,nonexistent,1.4,93.91799999999999,-42.7,4.962,5228.1,no
46,technician,married,university.degree,no,unknown,unknown,cellular,jul,wed,364,1,999,0,nonexistent,1.4,93.91799999999999,-42.7,4.962,5228.1,no
39,technician,married,professional.course,no,yes,no,cellular,jul,wed,231,2,999,0,nonexistent,1.4,93.91799999999999,-42.7,4.962,5228.1,no
46,technician,married,university.degree,no,no,no,telephone,jul,wed,60,1,999,0,nonexistent,1.4,93.91799999999999,-42.7,4.962,5228.1,no
52,retired,married,basic.9y,no,no,no,cellular,jul,wed,171,3,999,0,nonexistent,1.4,93.91799999999999,-42.7,4.962,5228.1,no
27,technician,divorced,professional.course,no,yes,no,cellular,jul,wed,243,5,999,0,nonexistent,1.4,93.91799999999999,-42.7,4.962,5228.1,no
28,blue-collar,single,basic.9y,no,no,no,telephone,jul,wed,137,16,999,0,nonexistent,1.4,93.91799999999999,-42.7,4.962,5228.1,no
27,technician,single,university.degree,no,yes,no,cellular,jul,wed,593,2,999,0,nonexistent,1.4,93.91799999999999,-42.7,4.962,5228.1,no
40,blue-collar,divorced,basic.9y,no,no,no,telephone,jul,wed,246,3,999,0,nonexistent,1.4,93.91799999999999,-42.7,4.962,5228.1,no
27,technician,single,high.school,no,no,no,cellular,jul,wed,445,2,999,0,nonexistent,1.4,93.91799999999999,-42.7,4.962,5228.1,no
57,entrepreneur,married,university.degree,no,no,no,telephone,jul,wed,337,1,999,0,nonexistent,1.4,93.91799999999999,-42.7,4.962,5228.1,no
58,retired,married,basic.4y,no,no,no,cellular,jul,wed,1014,1,999,0,nonexistent,1.4,93.91799999999999,-42.7,4.962,5228.1,yes
36,services,single,high.school,no,no,no,cellular,jul,wed,399,17,999,0,nonexistent,1.4,93.91799999999999,-42.7,4.962,5228.1,no
32,admin.,single,university.degree,no,no,no,telephone,jul,wed,85,5,999,0,nonexistent,1.4,93.91799999999999,-42.7,4.962,5228.1,no
33,technician,married,university.degree,no,no,no,telephone,jul,wed,19,8,999,0,nonexistent,1.4,93.91799999999999,-42.7,4.962,5228.1,no
51,blue-collar,divorced,basic.4y,no,yes,no,cellular,jul,wed,173,1,999,0,nonexistent,1.4,93.91799999999999,-42.7,4.962,5228.1,no
57,blue-collar,married,basic.4y,unknown,yes,yes,telephone,jul,wed,10,19,999,0,nonexistent,1.4,93.91799999999999,-42.7,4.962,5228.1,no
48,technician,single,professional.course,no,yes,yes,telephone,jul,wed,17,1,999,0,nonexistent,1.4,93.91799999999999,-42.7,4.962,5228.1,no
28,blue-collar,single,professional.course,no,no,no,cellular,jul,wed,1290,4,999,0,nonexistent,1.4,93.91799999999999,-42.7,4.962,5228.1,yes
54,management,married,university.degree,no,yes,no,cellular,jul,wed,281,3,999,0,nonexistent,1.4,93.91799999999999,-42.7,4.962,5228.1,no
31,admin.,married,university.degree,no,yes,no,telephone,jul,wed,193,4,999,0,nonexistent,1.4,93.91799999999999,-42.7,4.962,5228.1,no
47,admin.,married,university.degree,no,no,no,telephone,jul,wed,76,1,999,0,nonexistent,1.4,93.91799999999999,-42.7,4.962,5228.1,no
35,technician,single,university.degree,no,no,no,cellular,jul,wed,128,2,999,0,nonexistent,1.4,93.91799999999999,-42.7,4.962,5228.1,no
44,unemployed,married,basic.9y,unknown,yes,no,telephone,jul,wed,73,10,999,0,nonexistent,1.4,93.91799999999999,-42.7,4.962,5228.1,no
56,blue-collar,married,basic.4y,unknown,yes,no,telephone,jul,wed,300,1,999,0,nonexistent,1.4,93.91799999999999,-42.7,4.962,5228.1,no
32,technician,single,university.degree,no,yes,yes,telephone,jul,wed,16,43,999,0,nonexistent,1.4,93.91799999999999,-42.7,4.962,5228.1,no
28,technician,single,university.degree,no,yes,no,cellular,jul,wed,115,2,999,0,nonexistent,1.4,93.91799999999999,-42.7,4.962,5228.1,no
27,admin.,married,university.degree,no,no,no,cellular,jul,wed,607,4,999,0,nonexistent,1.4,93.91799999999999,-42.7,4.962,5228.1,no
38,technician,married,professional.course,no,no,no,telephone,jul,wed,56,1,999,0,nonexistent,1.4,93.91799999999999,-42.7,4.962,5228.1,no
36,technician,divorced,basic.9y,no,no,no,telephone,jul,wed,372,1,999,0,nonexistent,1.4,93.91799999999999,-42.7,4.962,5228.1,no
39,blue-collar,married,basic.6y,unknown,yes,no,cellular,jul,wed,1439,6,999,0,nonexistent,1.4,93.91799999999999,-42.7,4.962,5228.1,yes
41,admin.,married,basic.9y,no,yes,no,telephone,jul,wed,120,3,999,0,nonexistent,1.4,93.91799999999999,-42.7,4.962,5228.1,no
36,technician,divorced,basic.9y,no,no,no,telephone,jul,wed,119,1,999,0,nonexistent,1.4,93.91799999999999,-42.7,4.962,5228.1,no
27,admin.,single,university.degree,no,no,no,cellular,jul,wed,919,2,999,0,nonexistent,1.4,93.91799999999999,-42.7,4.962,5228.1,yes
45,technician,married,professional.course,unknown,no,no,telephone,jul,wed,130,6,999,0,nonexistent,1.4,93.91799999999999,-42.7,4.962,5228.1,no
51,blue-collar,married,basic.4y,unknown,no,no,cellular,jul,wed,227,1,999,0,nonexistent,1.4,93.91799999999999,-42.7,4.962,5228.1,no
36,technician,divorced,basic.9y,no,yes,no,cellular,jul,wed,497,1,999,0,nonexistent,1.4,93.91799999999999,-42.7,4.962,5228.1,no
25,services,single,university.degree,no,yes,no,cellular,jul,wed,170,1,999,0,nonexistent,1.4,93.91799999999999,-42.7,4.962,5228.1,no
53,services,divorced,basic.4y,unknown,yes,no,cellular,jul,wed,89,1,999,0,nonexistent,1.4,93.91799999999999,-42.7,4.962,5228.1,no
51,blue-collar,married,basic.4y,unknown,yes,no,telephone,jul,wed,139,1,999,0,nonexistent,1.4,93.91799999999999,-42.7,4.962,5228.1,no
26,services,married,high.school,no,yes,yes,cellular,jul,wed,134,4,999,0,nonexistent,1.4,93.91799999999999,-42.7,4.962,5228.1,no
27,retired,single,basic.9y,no,no,no,cellular,jul,thu,121,1,999,0,nonexistent,1.4,93.91799999999999,-42.7,4.963,5228.1,no
32,blue-collar,married,basic.4y,unknown,yes,no,cellular,jul,thu,307,1,999,0,nonexistent,1.4,93.91799999999999,-42.7,4.963,5228.1,no
32,admin.,divorced,university.degree,no,yes,no,cellular,jul,thu,151,1,999,0,nonexistent,1.4,93.91799999999999,-42.7,4.963,5228.1,no
31,blue-collar,married,basic.4y,no,no,no,telephone,jul,thu,317,2,999,0,nonexistent,1.4,93.91799999999999,-42.7,4.963,5228.1,no
32,admin.,divorced,university.degree,no,yes,no,cellular,jul,thu,668,1,999,0,nonexistent,1.4,93.91799999999999,-42.7,4.963,5228.1,no
44,blue-collar,married,basic.6y,unknown,no,no,cellular,jul,thu,168,1,999,0,nonexistent,1.4,93.91799999999999,-42.7,4.963,5228.1,no
48,blue-collar,married,basic.9y,unknown,yes,no,cellular,jul,thu,122,1,999,0,nonexistent,1.4,93.91799999999999,-42.7,4.963,5228.1,no
57,retired,married,basic.4y,no,yes,no,cellular,jul,thu,496,1,999,0,nonexistent,1.4,93.91799999999999,-42.7,4.963,5228.1,no
40,blue-collar,married,basic.4y,unknown,no,yes,telephone,jul,thu,29,1,999,0,nonexistent,1.4,93.91799999999999,-42.7,4.963,5228.1,no
40,blue-collar,married,basic.4y,unknown,yes,no,cellular,jul,thu,123,1,999,0,nonexistent,1.4,93.91799999999999,-42.7,4.963,5228.1,no
40,blue-collar,married,basic.4y,unknown,yes,no,cellular,jul,thu,214,1,999,0,nonexistent,1.4,93.91799999999999,-42.7,4.963,5228.1,no
40,blue-collar,married,basic.4y,unknown,yes,yes,cellular,jul,thu,181,1,999,0,nonexistent,1.4,93.91799999999999,-42.7,4.963,5228.1,no
40,blue-collar,married,basic.4y,unknown,yes,no,cellular,jul,thu,347,1,999,0,nonexistent,1.4,93.91799999999999,-42.7,4.963,5228.1,no
27,admin.,married,high.school,no,no,no,cellular,jul,thu,88,1,999,0,nonexistent,1.4,93.91799999999999,-42.7,4.963,5228.1,no
27,admin.,married,high.school,no,yes,no,cellular,jul,thu,141,1,999,0,nonexistent,1.4,93.91799999999999,-42.7,4.963,5228.1,no
31,technician,single,university.degree,no,no,no,cellular,jul,thu,305,1,999,0,nonexistent,1.4,93.91799999999999,-42.7,4.963,5228.1,no
30,services,married,high.school,no,no,no,cellular,jul,thu,111,1,999,0,nonexistent,1.4,93.91799999999999,-42.7,4.963,5228.1,no
51,unemployed,married,professional.course,unknown,yes,yes,cellular,jul,thu,901,1,999,0,nonexistent,1.4,93.91799999999999,-42.7,4.963,5228.1,yes
50,management,married,university.degree,no,no,no,cellular,jul,thu,144,1,999,0,nonexistent,1.4,93.91799999999999,-42.7,4.963,5228.1,no
39,blue-collar,married,basic.9y,no,yes,no,cellular,jul,thu,75,1,999,0,nonexistent,1.4,93.91799999999999,-42.7,4.963,5228.1,no
39,blue-collar,married,basic.9y,no,yes,no,cellular,jul,thu,266,1,999,0,nonexistent,1.4,93.91799999999999,-42.7,4.963,5228.1,no
27,technician,single,professional.course,no,yes,no,cellular,jul,thu,121,3,999,0,nonexistent,1.4,93.91799999999999,-42.7,4.963,5228.1,no
57,retired,divorced,high.school,no,yes,no,cellular,jul,thu,162,6,999,0,nonexistent,1.4,93.91799999999999,-42.7,4.963,5228.1,no
34,technician,single,university.degree,no,yes,no,cellular,jul,thu,192,1,999,0,nonexistent,1.4,93.91799999999999,-42.7,4.963,5228.1,no
34,technician,single,university.degree,no,yes,no,cellular,jul,thu,124,1,999,0,nonexistent,1.4,93.91799999999999,-42.7,4.963,5228.1,no
34,technician,single,university.degree,no,yes,no,cellular,jul,thu,560,1,999,0,nonexistent,1.4,93.91799999999999,-42.7,4.963,5228.1,yes
48,technician,divorced,professional.course,no,yes,no,cellular,jul,thu,108,2,999,0,nonexistent,1.4,93.91799999999999,-42.7,4.963,5228.1,no
50,management,married,university.degree,no,yes,no,cellular,jul,thu,1019,1,999,0,nonexistent,1.4,93.91799999999999,-42.7,4.963,5228.1,no
36,services,married,high.school,no,no,no,cellular,jul,thu,211,1,999,0,nonexistent,1.4,93.91799999999999,-42.7,4.963,5228.1,no
36,services,married,high.school,no,unknown,unknown,cellular,jul,thu,156,1,999,0,nonexistent,1.4,93.91799999999999,-42.7,4.963,5228.1,no
48,technician,married,basic.9y,no,no,no,cellular,jul,thu,119,5,999,0,nonexistent,1.4,93.91799999999999,-42.7,4.963,5228.1,no
25,blue-collar,married,basic.9y,no,no,no,telephone,jul,thu,30,2,999,0,nonexistent,1.4,93.91799999999999,-42.7,4.963,5228.1,no
37,technician,divorced,university.degree,no,no,no,cellular,jul,thu,132,1,999,0,nonexistent,1.4,93.91799999999999,-42.7,4.963,5228.1,no
34,technician,single,university.degree,no,yes,yes,cellular,jul,thu,1065,1,999,0,nonexistent,1.4,93.91799999999999,-42.7,4.963,5228.1,no
55,services,married,high.school,no,no,yes,cellular,jul,thu,371,1,999,0,nonexistent,1.4,93.91799999999999,-42.7,4.963,5228.1,no
33,technician,married,professional.course,no,yes,no,cellular,jul,thu,226,1,999,0,nonexistent,1.4,93.91799999999999,-42.7,4.963,5228.1,no
49,admin.,divorced,university.degree,no,no,no,cellular,jul,thu,105,1,999,0,nonexistent,1.4,93.91799999999999,-42.7,4.963,5228.1,no
36,blue-collar,married,basic.9y,unknown,yes,no,cellular,jul,thu,194,1,999,0,nonexistent,1.4,93.91799999999999,-42.7,4.963,5228.1,no
36,blue-collar,married,basic.9y,unknown,no,no,cellular,jul,thu,218,1,999,0,nonexistent,1.4,93.91799999999999,-42.7,4.963,5228.1,no
36,blue-collar,married,basic.9y,unknown,no,yes,cellular,jul,thu,158,1,999,0,nonexistent,1.4,93.91799999999999,-42.7,4.963,5228.1,no
36,blue-collar,married,basic.9y,unknown,yes,no,cellular,jul,thu,209,1,999,0,nonexistent,1.4,93.91799999999999,-42.7,4.963,5228.1,no
36,blue-collar,married,basic.9y,unknown,yes,no,cellular,jul,thu,387,1,999,0,nonexistent,1.4,93.91799999999999,-42.7,4.963,5228.1,no
36,blue-collar,married,basic.9y,unknown,yes,no,cellular,jul,thu,68,1,999,0,nonexistent,1.4,93.91799999999999,-42.7,4.963,5228.1,no
36,blue-collar,married,basic.9y,unknown,yes,no,cellular,jul,thu,217,1,999,0,nonexistent,1.4,93.91799999999999,-42.7,4.963,5228.1,no
36,blue-collar,married,basic.9y,unknown,no,no,cellular,jul,thu,183,1,999,0,nonexistent,1.4,93.91799999999999,-42.7,4.963,5228.1,no
33,blue-collar,single,basic.6y,no,no,no,cellular,jul,thu,854,1,999,0,nonexistent,1.4,93.91799999999999,-42.7,4.963,5228.1,yes
31,services,married,high.school,no,yes,no,cellular,jul,thu,129,1,999,0,nonexistent,1.4,93.91799999999999,-42.7,4.963,5228.1,no
42,blue-collar,married,basic.6y,unknown,no,no,cellular,jul,thu,121,1,999,0,nonexistent,1.4,93.91799999999999,-42.7,4.963,5228.1,no
40,blue-collar,divorced,basic.9y,unknown,yes,no,cellular,jul,thu,41,1,999,0,nonexistent,1.4,93.91799999999999,-42.7,4.963,5228.1,no
40,blue-collar,divorced,basic.9y,unknown,no,no,cellular,jul,thu,160,1,999,0,nonexistent,1.4,93.91799999999999,-42.7,4.963,5228.1,no
36,blue-collar,married,basic.9y,no,yes,no,cellular,jul,thu,272,1,999,0,nonexistent,1.4,93.91799999999999,-42.7,4.963,5228.1,no
31,blue-collar,married,basic.9y,no,yes,no,telephone,jul,thu,364,1,999,0,nonexistent,1.4,93.91799999999999,-42.7,4.963,5228.1,no
32,technician,married,professional.course,no,yes,no,cellular,jul,thu,255,1,999,0,nonexistent,1.4,93.91799999999999,-42.7,4.963,5228.1,yes
32,blue-collar,divorced,basic.9y,no,no,no,cellular,jul,thu,624,1,999,0,nonexistent,1.4,93.91799999999999,-42.7,4.963,5228.1,no
31,admin.,divorced,high.school,no,no,no,cellular,jul,thu,128,6,999,0,nonexistent,1.4,93.91799999999999,-42.7,4.963,5228.1,no
35,admin.,single,university.degree,unknown,no,no,cellular,jul,thu,250,1,999,0,nonexistent,1.4,93.91799999999999,-42.7,4.963,5228.1,no
46,admin.,divorced,university.degree,unknown,yes,no,cellular,jul,thu,51,1,999,0,nonexistent,1.4,93.91799999999999,-42.7,4.963,5228.1,no
49,blue-collar,married,basic.9y,no,no,no,telephone,jul,thu,75,1,999,0,nonexistent,1.4,93.91799999999999,-42.7,4.963,5228.1,no
25,services,single,professional.course,no,yes,no,cellular,jul,thu,384,1,999,0,nonexistent,1.4,93.91799999999999,-42.7,4.963,5228.1,no
49,blue-collar,married,basic.9y,no,yes,no,cellular,jul,thu,268,1,999,0,nonexistent,1.4,93.91799999999999,-42.7,4.963,5228.1,no
35,admin.,single,university.degree,unknown,no,no,cellular,jul,thu,863,1,999,0,nonexistent,1.4,93.91799999999999,-42.7,4.963,5228.1,yes
33,technician,married,university.degree,no,yes,no,cellular,jul,thu,42,1,999,0,nonexistent,1.4,93.91799999999999,-42.7,4.963,5228.1,no
25,technician,single,professional.course,no,yes,no,cellular,jul,thu,234,1,999,0,nonexistent,1.4,93.91799999999999,-42.7,4.963,5228.1,no
46,admin.,divorced,university.degree,unknown,yes,no,cellular,jul,thu,190,1,999,0,nonexistent,1.4,93.91799999999999,-42.7,4.963,5228.1,no
39,blue-collar,married,basic.6y,no,no,no,cellular,jul,thu,298,1,999,0,nonexistent,1.4,93.91799999999999,-42.7,4.963,5228.1,no
38,housemaid,married,high.school,no,no,no,cellular,jul,thu,356,1,999,0,nonexistent,1.4,93.91799999999999,-42.7,4.963,5228.1,no
25,technician,single,professional.course,no,yes,no,cellular,jul,thu,783,1,999,0,nonexistent,1.4,93.91799999999999,-42.7,4.963,5228.1,no
30,admin.,married,high.school,unknown,no,no,cellular,jul,thu,165,1,999,0,nonexistent,1.4,93.91799999999999,-42.7,4.963,5228.1,no
29,student,single,university.degree,no,no,no,cellular,jul,thu,104,1,999,0,nonexistent,1.4,93.91799999999999,-42.7,4.963,5228.1,no
36,blue-collar,married,basic.4y,no,no,no,cellular,jul,thu,1102,1,999,0,nonexistent,1.4,93.91799999999999,-42.7,4.963,5228.1,no
29,admin.,single,university.degree,no,no,no,cellular,jul,thu,441,1,999,0,nonexistent,1.4,93.91799999999999,-42.7,4.963,5228.1,no
29,student,single,university.degree,no,yes,no,cellular,jul,thu,370,1,999,0,nonexistent,1.4,93.91799999999999,-42.7,4.963,5228.1,no
29,student,single,university.degree,no,yes,no,cellular,jul,thu,489,1,999,0,nonexistent,1.4,93.91799999999999,-42.7,4.963,5228.1,no
25,admin.,single,high.school,no,yes,no,cellular,jul,thu,103,1,999,0,nonexistent,1.4,93.91799999999999,-42.7,4.963,5228.1,no
25,admin.,single,high.school,no,no,no,cellular,jul,thu,67,1,999,0,nonexistent,1.4,93.91799999999999,-42.7,4.963,5228.1,no
54,retired,married,high.school,no,yes,no,cellular,jul,thu,154,1,999,0,nonexistent,1.4,93.91799999999999,-42.7,4.963,5228.1,no
59,management,married,university.degree,unknown,no,no,cellular,jul,thu,144,1,999,0,nonexistent,1.4,93.91799999999999,-42.7,4.963,5228.1,no
42,blue-collar,married,basic.4y,no,no,no,cellular,jul,thu,214,1,999,0,nonexistent,1.4,93.91799999999999,-42.7,4.963,5228.1,no
32,blue-collar,married,basic.9y,no,no,no,cellular,jul,thu,176,1,999,0,nonexistent,1.4,93.91799999999999,-42.7,4.963,5228.1,no
54,unemployed,married,university.degree,unknown,no,no,telephone,jul,thu,106,1,999,0,nonexistent,1.4,93.91799999999999,-42.7,4.963,5228.1,no
29,admin.,married,university.degree,no,no,no,cellular,jul,thu,37,1,999,0,nonexistent,1.4,93.91799999999999,-42.7,4.963,5228.1,no
37,technician,married,university.degree,unknown,no,no,cellular,jul,thu,793,1,999,0,nonexistent,1.4,93.91799999999999,-42.7,4.963,5228.1,no
41,blue-collar,married,basic.9y,no,yes,no,cellular,jul,thu,473,1,999,0,nonexistent,1.4,93.91799999999999,-42.7,4.963,5228.1,no
30,self-employed,married,university.degree,no,yes,no,cellular,jul,thu,140,2,999,0,nonexistent,1.4,93.91799999999999,-42.7,4.963,5228.1,no
28,admin.,married,high.school,no,no,no,cellular,jul,thu,964,1,999,0,nonexistent,1.4,93.91799999999999,-42.7,4.963,5228.1,no
26,technician,married,professional.course,no,no,no,cellular,jul,thu,439,1,999,0,nonexistent,1.4,93.91799999999999,-42.7,4.963,5228.1,no
25,technician,married,professional.course,no,no,no,cellular,jul,thu,71,3,999,0,nonexistent,1.4,93.91799999999999,-42.7,4.963,5228.1,no
32,services,married,high.school,no,no,no,cellular,jul,thu,174,1,999,0,nonexistent,1.4,93.91799999999999,-42.7,4.963,5228.1,no
26,technician,married,professional.course,no,yes,no,cellular,jul,thu,804,1,999,0,nonexistent,1.4,93.91799999999999,-42.7,4.963,5228.1,yes
27,technician,married,professional.course,no,yes,no,cellular,jul,thu,347,1,999,0,nonexistent,1.4,93.91799999999999,-42.7,4.963,5228.1,no
46,admin.,divorced,university.degree,unknown,no,no,cellular,jul,thu,642,1,999,0,nonexistent,1.4,93.91799999999999,-42.7,4.963,5228.1,no
46,management,married,high.school,unknown,yes,no,cellular,jul,thu,58,1,999,0,nonexistent,1.4,93.91799999999999,-42.7,4.963,5228.1,no
25,technician,single,professional.course,no,yes,no,cellular,jul,thu,660,1,999,0,nonexistent,1.4,93.91799999999999,-42.7,4.963,5228.1,no
31,management,single,university.degree,no,yes,yes,cellular,jul,thu,221,1,999,0,nonexistent,1.4,93.91799999999999,-42.7,4.963,5228.1,no
46,management,married,high.school,unknown,yes,no,cellular,jul,thu,329,1,999,0,nonexistent,1.4,93.91799999999999,-42.7,4.963,5228.1,no
36,admin.,divorced,university.degree,unknown,yes,no,cellular,jul,thu,187,1,999,0,nonexistent,1.4,93.91799999999999,-42.7,4.963,5228.1,no
36,admin.,divorced,university.degree,unknown,no,no,telephone,jul,thu,39,1,999,0,nonexistent,1.4,93.91799999999999,-42.7,4.963,5228.1,no
43,blue-collar,single,basic.9y,no,yes,no,cellular,jul,thu,982,1,999,0,nonexistent,1.4,93.91799999999999,-42.7,4.963,5228.1,yes
27,technician,single,professional.course,no,no,no,cellular,jul,thu,171,1,999,0,nonexistent,1.4,93.91799999999999,-42.7,4.963,5228.1,no
31,student,married,high.school,no,no,no,cellular,jul,thu,149,1,999,0,nonexistent,1.4,93.91799999999999,-42.7,4.963,5228.1,no
30,blue-collar,single,basic.9y,no,yes,no,cellular,jul,thu,45,1,999,0,nonexistent,1.4,93.91799999999999,-42.7,4.963,5228.1,no
58,services,married,high.school,unknown,no,no,cellular,jul,thu,224,1,999,0,nonexistent,1.4,93.91799999999999,-42.7,4.963,5228.1,no
33,technician,single,professional.course,no,no,no,cellular,jul,thu,165,1,999,0,nonexistent,1.4,93.91799999999999,-42.7,4.963,5228.1,no
32,admin.,single,university.degree,no,yes,no,cellular,jul,thu,150,1,999,0,nonexistent,1.4,93.91799999999999,-42.7,4.963,5228.1,no
32,admin.,single,university.degree,no,yes,no,cellular,jul,thu,117,1,999,0,nonexistent,1.4,93.91799999999999,-42.7,4.963,5228.1,no
38,blue-collar,single,basic.6y,no,yes,yes,cellular,jul,thu,95,1,999,0,nonexistent,1.4,93.91799999999999,-42.7,4.963,5228.1,no
32,blue-collar,married,basic.4y,no,yes,no,cellular,jul,thu,96,1,999,0,nonexistent,1.4,93.91799999999999,-42.7,4.963,5228.1,no
29,technician,single,university.degree,no,no,no,cellular,jul,thu,292,1,999,0,nonexistent,1.4,93.91799999999999,-42.7,4.963,5228.1,no
32,admin.,single,university.degree,no,no,no,cellular,jul,thu,792,1,999,0,nonexistent,1.4,93.91799999999999,-42.7,4.963,5228.1,no
30,technician,single,professional.course,no,yes,no,cellular,jul,thu,369,6,999,0,nonexistent,1.4,93.91799999999999,-42.7,4.963,5228.1,no
32,technician,single,university.degree,no,yes,no,cellular,jul,thu,184,1,999,0,nonexistent,1.4,93.91799999999999,-42.7,4.963,5228.1,no
25,admin.,single,high.school,no,yes,no,cellular,jul,thu,418,4,999,0,nonexistent,1.4,93.91799999999999,-42.7,4.963,5228.1,no
34,student,divorced,basic.6y,no,yes,no,cellular,jul,thu,467,1,999,0,nonexistent,1.4,93.91799999999999,-42.7,4.963,5228.1,no
51,blue-collar,married,basic.4y,unknown,yes,no,telephone,jul,thu,38,1,999,0,nonexistent,1.4,93.91799999999999,-42.7,4.963,5228.1,no
54,blue-collar,married,basic.9y,unknown,yes,no,cellular,jul,thu,220,1,999,0,nonexistent,1.4,93.91799999999999,-42.7,4.963,5228.1,no
46,admin.,divorced,university.degree,unknown,yes,no,cellular,jul,thu,330,1,999,0,nonexistent,1.4,93.91799999999999,-42.7,4.963,5228.1,no
57,management,married,basic.4y,unknown,no,yes,cellular,jul,thu,584,1,999,0,nonexistent,1.4,93.91799999999999,-42.7,4.963,5228.1,yes
34,technician,married,high.school,no,no,yes,cellular,jul,thu,185,1,999,0,nonexistent,1.4,93.91799999999999,-42.7,4.963,5228.1,no
29,blue-collar,married,basic.9y,no,no,no,cellular,jul,thu,613,1,999,0,nonexistent,1.4,93.91799999999999,-42.7,4.963,5228.1,no
32,admin.,single,university.degree,no,no,no,cellular,jul,thu,152,6,999,0,nonexistent,1.4,93.91799999999999,-42.7,4.963,5228.1,no
45,management,married,university.degree,no,no,yes,cellular,jul,thu,542,1,999,0,nonexistent,1.4,93.91799999999999,-42.7,4.963,5228.1,no
34,technician,married,high.school,no,yes,no,cellular,jul,thu,210,1,999,0,nonexistent,1.4,93.91799999999999,-42.7,4.963,5228.1,no
39,unemployed,married,basic.4y,unknown,no,no,cellular,jul,thu,120,1,999,0,nonexistent,1.4,93.91799999999999,-42.7,4.963,5228.1,no
42,blue-collar,married,basic.9y,no,no,yes,cellular,jul,thu,880,1,999,0,nonexistent,1.4,93.91799999999999,-42.7,4.963,5228.1,yes
51,admin.,married,professional.course,no,yes,no,cellular,jul,thu,132,1,999,0,nonexistent,1.4,93.91799999999999,-42.7,4.963,5228.1,no
34,technician,married,high.school,no,no,no,cellular,jul,thu,481,1,999,0,nonexistent,1.4,93.91799999999999,-42.7,4.963,5228.1,no
34,technician,married,high.school,no,yes,yes,cellular,jul,thu,815,1,999,0,nonexistent,1.4,93.91799999999999,-42.7,4.963,5228.1,no
54,blue-collar,divorced,basic.4y,unknown,yes,yes,cellular,jul,thu,80,1,999,0,nonexistent,1.4,93.91799999999999,-42.7,4.963,5228.1,no
27,blue-collar,married,high.school,no,yes,no,cellular,jul,thu,212,1,999,0,nonexistent,1.4,93.91799999999999,-42.7,4.963,5228.1,no
54,blue-collar,divorced,basic.4y,unknown,no,no,cellular,jul,thu,143,1,999,0,nonexistent,1.4,93.91799999999999,-42.7,4.963,5228.1,no
29,admin.,married,university.degree,unknown,no,yes,cellular,jul,thu,160,1,999,0,nonexistent,1.4,93.91799999999999,-42.7,4.963,5228.1,no
26,admin.,married,university.degree,no,yes,no,cellular,jul,thu,182,1,999,0,nonexistent,1.4,93.91799999999999,-42.7,4.963,5228.1,no
28,admin.,single,high.school,no,yes,no,telephone,jul,thu,123,1,999,0,nonexistent,1.4,93.91799999999999,-42.7,4.963,5228.1,no
27,technician,married,professional.course,no,yes,no,telephone,jul,thu,185,1,999,0,nonexistent,1.4,93.91799999999999,-42.7,4.963,5228.1,no
31,blue-collar,single,basic.4y,no,yes,no,cellular,jul,thu,136,1,999,0,nonexistent,1.4,93.91799999999999,-42.7,4.963,5228.1,no
29,blue-collar,single,basic.6y,no,no,no,cellular,jul,thu,173,1,999,0,nonexistent,1.4,93.91799999999999,-42.7,4.963,5228.1,no
31,self-employed,married,basic.9y,no,no,no,cellular,jul,thu,259,1,999,0,nonexistent,1.4,93.91799999999999,-42.7,4.963,5228.1,no
41,admin.,married,unknown,no,no,no,cellular,jul,thu,277,1,999,0,nonexistent,1.4,93.91799999999999,-42.7,4.963,5228.1,no
39,admin.,married,high.school,no,yes,no,cellular,jul,thu,301,1,999,0,nonexistent,1.4,93.91799999999999,-42.7,4.963,5228.1,no
39,self-employed,married,basic.9y,no,no,no,cellular,jul,thu,742,1,999,0,nonexistent,1.4,93.91799999999999,-42.7,4.963,5228.1,no
39,blue-collar,married,university.degree,no,no,no,cellular,jul,thu,188,1,999,0,nonexistent,1.4,93.91799999999999,-42.7,4.963,5228.1,no
40,retired,divorced,basic.4y,no,no,no,cellular,jul,thu,123,1,999,0,nonexistent,1.4,93.91799999999999,-42.7,4.963,5228.1,no
29,blue-collar,single,basic.9y,no,yes,no,cellular,jul,thu,633,1,999,0,nonexistent,1.4,93.91799999999999,-42.7,4.963,5228.1,no
34,services,single,high.school,no,no,no,cellular,jul,thu,111,1,999,0,nonexistent,1.4,93.91799999999999,-42.7,4.963,5228.1,no
31,blue-collar,single,basic.4y,no,yes,no,cellular,jul,thu,133,1,999,0,nonexistent,1.4,93.91799999999999,-42.7,4.963,5228.1,no
38,technician,single,professional.course,no,yes,no,cellular,jul,thu,268,1,999,0,nonexistent,1.4,93.91799999999999,-42.7,4.963,5228.1,no
30,blue-collar,single,basic.9y,no,yes,no,cellular,jul,thu,262,1,999,0,nonexistent,1.4,93.91799999999999,-42.7,4.963,5228.1,no
30,blue-collar,single,basic.9y,no,yes,no,cellular,jul,thu,307,1,999,0,nonexistent,1.4,93.91799999999999,-42.7,4.963,5228.1,no
27,technician,married,professional.course,no,no,no,cellular,jul,thu,102,9,999,0,nonexistent,1.4,93.91799999999999,-42.7,4.963,5228.1,no
31,blue-collar,single,basic.4y,no,yes,no,cellular,jul,thu,143,1,999,0,nonexistent,1.4,93.91799999999999,-42.7,4.963,5228.1,no
32,technician,married,basic.6y,unknown,yes,no,cellular,jul,thu,133,1,999,0,nonexistent,1.4,93.91799999999999,-42.7,4.963,5228.1,no
33,self-employed,married,basic.9y,unknown,no,no,cellular,jul,thu,466,1,999,0,nonexistent,1.4,93.91799999999999,-42.7,4.963,5228.1,no
33,self-employed,married,basic.9y,unknown,yes,no,cellular,jul,thu,226,1,999,0,nonexistent,1.4,93.91799999999999,-42.7,4.963,5228.1,no
31,blue-collar,single,basic.4y,no,yes,yes,cellular,jul,thu,380,1,999,0,nonexistent,1.4,93.91799999999999,-42.7,4.963,5228.1,no
33,self-employed,married,basic.9y,unknown,no,no,cellular,jul,thu,358,1,999,0,nonexistent,1.4,93.91799999999999,-42.7,4.963,5228.1,no
33,self-employed,married,basic.9y,unknown,yes,no,cellular,jul,thu,209,1,999,0,nonexistent,1.4,93.91799999999999,-42.7,4.963,5228.1,no
27,technician,single,university.degree,no,no,no,cellular,jul,thu,114,1,999,0,nonexistent,1.4,93.91799999999999,-42.7,4.963,5228.1,no
24,services,married,high.school,no,no,no,telephone,jul,thu,139,1,999,0,nonexistent,1.4,93.91799999999999,-42.7,4.963,5228.1,no
41,blue-collar,single,basic.4y,no,yes,no,cellular,jul,thu,421,6,999,0,nonexistent,1.4,93.91799999999999,-42.7,4.963,5228.1,no
45,blue-collar,divorced,high.school,unknown,yes,yes,cellular,jul,thu,112,1,999,0,nonexistent,1.4,93.91799999999999,-42.7,4.963,5228.1,no
24,admin.,single,high.school,no,yes,no,cellular,jul,thu,165,2,999,0,nonexistent,1.4,93.91799999999999,-42.7,4.963,5228.1,no
45,blue-collar,divorced,high.school,unknown,no,no,cellular,jul,thu,323,1,999,0,nonexistent,1.4,93.91799999999999,-42.7,4.963,5228.1,no
30,blue-collar,married,basic.9y,unknown,yes,no,cellular,jul,thu,400,1,999,0,nonexistent,1.4,93.91799999999999,-42.7,4.963,5228.1,no
30,blue-collar,married,basic.9y,unknown,no,no,cellular,jul,thu,428,1,999,0,nonexistent,1.4,93.91799999999999,-42.7,4.963,5228.1,no
54,blue-collar,married,high.school,no,no,yes,cellular,jul,thu,313,1,999,0,nonexistent,1.4,93.91799999999999,-42.7,4.963,5228.1,no
28,admin.,single,high.school,no,no,no,cellular,jul,thu,720,2,999,0,nonexistent,1.4,93.91799999999999,-42.7,4.963,5228.1,yes
31,technician,single,university.degree,no,yes,yes,cellular,jul,thu,328,1,999,0,nonexistent,1.4,93.91799999999999,-42.7,4.963,5228.1,no
30,admin.,single,basic.9y,no,yes,no,telephone,jul,thu,45,1,999,0,nonexistent,1.4,93.91799999999999,-42.7,4.963,5228.1,no
32,admin.,single,high.school,no,no,no,cellular,jul,thu,85,1,999,0,nonexistent,1.4,93.91799999999999,-42.7,4.963,5228.1,no
49,housemaid,married,professional.course,no,yes,no,telephone,jul,thu,645,2,999,0,nonexistent,1.4,93.91799999999999,-42.7,4.963,5228.1,no
31,blue-collar,single,basic.9y,no,yes,no,cellular,jul,thu,486,1,999,0,nonexistent,1.4,93.91799999999999,-42.7,4.963,5228.1,no
33,admin.,single,high.school,no,yes,no,telephone,jul,thu,180,6,999,0,nonexistent,1.4,93.91799999999999,-42.7,4.963,5228.1,no
29,blue-collar,single,basic.9y,no,no,no,cellular,jul,thu,190,1,999,0,nonexistent,1.4,93.91799999999999,-42.7,4.963,5228.1,no
29,admin.,married,university.degree,unknown,yes,yes,telephone,jul,thu,82,1,999,0,nonexistent,1.4,93.91799999999999,-42.7,4.963,5228.1,no
54,blue-collar,married,high.school,no,yes,no,telephone,jul,thu,445,1,999,0,nonexistent,1.4,93.91799999999999,-42.7,4.963,5228.1,no
48,technician,married,basic.9y,no,no,no,cellular,jul,thu,81,3,999,0,nonexistent,1.4,93.91799999999999,-42.7,4.963,5228.1,no
54,blue-collar,married,high.school,no,no,no,cellular,jul,thu,771,1,999,0,nonexistent,1.4,93.91799999999999,-42.7,4.963,5228.1,yes
49,management,divorced,university.degree,no,no,no,cellular,jul,thu,161,5,999,0,nonexistent,1.4,93.91799999999999,-42.7,4.963,5228.1,no
23,technician,single,professional.course,no,no,no,telephone,jul,thu,245,1,999,0,nonexistent,1.4,93.91799999999999,-42.7,4.963,5228.1,no
30,admin.,single,university.degree,no,yes,no,cellular,jul,thu,228,1,999,0,nonexistent,1.4,93.91799999999999,-42.7,4.963,5228.1,no
31,admin.,married,high.school,no,no,no,cellular,jul,thu,293,1,999,0,nonexistent,1.4,93.91799999999999,-42.7,4.963,5228.1,no
48,technician,divorced,professional.course,no,yes,no,telephone,jul,thu,92,1,999,0,nonexistent,1.4,93.91799999999999,-42.7,4.963,5228.1,no
31,admin.,married,high.school,no,yes,no,cellular,jul,thu,244,1,999,0,nonexistent,1.4,93.91799999999999,-42.7,4.963,5228.1,no
55,management,married,university.degree,no,yes,no,cellular,jul,thu,1341,7,999,0,nonexistent,1.4,93.91799999999999,-42.7,4.963,5228.1,yes
31,admin.,married,high.school,no,no,no,cellular,jul,thu,634,1,999,0,nonexistent,1.4,93.91799999999999,-42.7,4.963,5228.1,yes
31,admin.,married,high.school,no,no,no,cellular,jul,thu,363,1,999,0,nonexistent,1.4,93.91799999999999,-42.7,4.963,5228.1,no
32,admin.,married,university.degree,no,yes,no,cellular,jul,thu,144,1,999,0,nonexistent,1.4,93.91799999999999,-42.7,4.963,5228.1,no
32,admin.,married,university.degree,no,unknown,unknown,cellular,jul,thu,148,1,999,0,nonexistent,1.4,93.91799999999999,-42.7,4.963,5228.1,no
31,admin.,married,high.school,no,yes,no,cellular,jul,thu,197,1,999,0,nonexistent,1.4,93.91799999999999,-42.7,4.963,5228.1,no
25,blue-collar,married,basic.4y,no,no,no,cellular,jul,thu,604,1,999,0,nonexistent,1.4,93.91799999999999,-42.7,4.963,5228.1,no
46,blue-collar,single,basic.9y,unknown,no,no,cellular,jul,thu,270,1,999,0,nonexistent,1.4,93.91799999999999,-42.7,4.963,5228.1,no
46,blue-collar,single,basic.9y,unknown,no,no,cellular,jul,thu,210,1,999,0,nonexistent,1.4,93.91799999999999,-42.7,4.963,5228.1,no
26,admin.,married,high.school,no,no,no,cellular,jul,thu,269,1,999,0,nonexistent,1.4,93.91799999999999,-42.7,4.963,5228.1,no
46,blue-collar,single,basic.9y,unknown,yes,no,cellular,jul,thu,446,1,999,0,nonexistent,1.4,93.91799999999999,-42.7,4.963,5228.1,no
26,self-employed,single,professional.course,no,yes,no,cellular,jul,thu,71,1,999,0,nonexistent,1.4,93.91799999999999,-42.7,4.963,5228.1,no
28,admin.,single,university.degree,no,yes,no,telephone,jul,thu,310,2,999,0,nonexistent,1.4,93.91799999999999,-42.7,4.963,5228.1,no
46,blue-collar,single,basic.9y,unknown,yes,no,cellular,jul,thu,155,1,999,0,nonexistent,1.4,93.91799999999999,-42.7,4.963,5228.1,no
25,admin.,single,high.school,no,yes,no,cellular,jul,thu,189,2,999,0,nonexistent,1.4,93.91799999999999,-42.7,4.963,5228.1,no
32,admin.,married,university.degree,no,no,no,telephone,jul,thu,136,1,999,0,nonexistent,1.4,93.91799999999999,-42.7,4.963,5228.1,no
32,blue-collar,married,basic.4y,unknown,no,no,cellular,jul,thu,360,17,999,0,nonexistent,1.4,93.91799999999999,-42.7,4.963,5228.1,no
32,unknown,single,professional.course,no,no,no,telephone,jul,thu,96,1,999,0,nonexistent,1.4,93.91799999999999,-42.7,4.963,5228.1,no
22,blue-collar,single,basic.9y,no,yes,no,telephone,jul,thu,227,7,999,0,nonexistent,1.4,93.91799999999999,-42.7,4.963,5228.1,no
40,blue-collar,married,basic.4y,unknown,no,no,cellular,jul,thu,724,1,999,0,nonexistent,1.4,93.91799999999999,-42.7,4.963,5228.1,yes
29,technician,married,university.degree,no,no,yes,cellular,jul,thu,525,1,999,0,nonexistent,1.4,93.91799999999999,-42.7,4.963,5228.1,no
38,blue-collar,married,basic.6y,unknown,no,no,cellular,jul,thu,500,1,999,0,nonexistent,1.4,93.91799999999999,-42.7,4.963,5228.1,yes
26,blue-collar,single,basic.9y,no,no,no,cellular,jul,thu,559,2,999,0,nonexistent,1.4,93.91799999999999,-42.7,4.963,5228.1,no
38,blue-collar,married,basic.6y,unknown,yes,no,cellular,jul,thu,353,1,999,0,nonexistent,1.4,93.91799999999999,-42.7,4.963,5228.1,no
32,unknown,single,professional.course,no,no,no,cellular,jul,thu,2029,1,999,0,nonexistent,1.4,93.91799999999999,-42.7,4.963,5228.1,yes
42,blue-collar,married,basic.9y,no,yes,no,cellular,jul,thu,57,3,999,0,nonexistent,1.4,93.91799999999999,-42.7,4.963,5228.1,no
49,housemaid,married,professional.course,no,yes,no,cellular,jul,thu,351,2,999,0,nonexistent,1.4,93.91799999999999,-42.7,4.963,5228.1,no
38,blue-collar,married,basic.6y,unknown,no,no,cellular,jul,thu,60,1,999,0,nonexistent,1.4,93.91799999999999,-42.7,4.963,5228.1,no
38,blue-collar,married,basic.6y,unknown,no,no,cellular,jul,thu,456,1,999,0,nonexistent,1.4,93.91799999999999,-42.7,4.963,5228.1,no
35,technician,married,unknown,no,yes,no,cellular,jul,thu,502,2,999,0,nonexistent,1.4,93.91799999999999,-42.7,4.963,5228.1,no
29,entrepreneur,married,professional.course,no,no,no,cellular,jul,thu,227,1,999,0,nonexistent,1.4,93.91799999999999,-42.7,4.963,5228.1,no
29,entrepreneur,married,professional.course,no,yes,no,cellular,jul,thu,125,1,999,0,nonexistent,1.4,93.91799999999999,-42.7,4.963,5228.1,no
48,technician,married,basic.9y,no,no,yes,cellular,jul,thu,1499,3,999,0,nonexistent,1.4,93.91799999999999,-42.7,4.963,5228.1,yes
44,blue-collar,married,basic.9y,no,yes,no,cellular,jul,thu,186,1,999,0,nonexistent,1.4,93.91799999999999,-42.7,4.963,5228.1,no
50,retired,divorced,basic.4y,unknown,yes,no,cellular,jul,thu,108,1,999,0,nonexistent,1.4,93.91799999999999,-42.7,4.963,5228.1,no
28,services,single,basic.6y,no,yes,no,cellular,jul,thu,229,1,999,0,nonexistent,1.4,93.91799999999999,-42.7,4.963,5228.1,no
44,blue-collar,married,basic.9y,no,yes,no,cellular,jul,thu,839,1,999,0,nonexistent,1.4,93.91799999999999,-42.7,4.963,5228.1,no
32,blue-collar,married,basic.9y,unknown,no,no,cellular,jul,thu,240,1,999,0,nonexistent,1.4,93.91799999999999,-42.7,4.963,5228.1,no
29,technician,married,university.degree,no,yes,no,cellular,jul,thu,189,1,999,0,nonexistent,1.4,93.91799999999999,-42.7,4.963,5228.1,no
41,entrepreneur,divorced,professional.course,no,yes,no,cellular,jul,thu,72,1,999,0,nonexistent,1.4,93.91799999999999,-42.7,4.963,5228.1,no
27,blue-collar,single,basic.4y,unknown,yes,no,telephone,jul,thu,160,3,999,0,nonexistent,1.4,93.91799999999999,-42.7,4.963,5228.1,no
41,entrepreneur,divorced,professional.course,no,yes,no,cellular,jul,thu,99,1,999,0,nonexistent,1.4,93.91799999999999,-42.7,4.963,5228.1,no
27,admin.,single,high.school,no,yes,no,cellular,jul,thu,340,1,999,0,nonexistent,1.4,93.91799999999999,-42.7,4.963,5228.1,no
51,blue-collar,married,basic.9y,no,yes,yes,cellular,jul,thu,151,4,999,0,nonexistent,1.4,93.91799999999999,-42.7,4.963,5228.1,no
33,blue-collar,married,basic.9y,no,yes,no,cellular,jul,thu,90,9,999,0,nonexistent,1.4,93.91799999999999,-42.7,4.963,5228.1,no
28,services,single,university.degree,no,no,no,cellular,jul,thu,363,2,999,0,nonexistent,1.4,93.91799999999999,-42.7,4.963,5228.1,no
47,management,married,unknown,no,no,no,cellular,jul,thu,114,1,999,0,nonexistent,1.4,93.91799999999999,-42.7,4.963,5228.1,no
23,blue-collar,single,basic.9y,no,yes,no,cellular,jul,thu,119,2,999,0,nonexistent,1.4,93.91799999999999,-42.7,4.963,5228.1,no
32,blue-collar,married,basic.9y,no,yes,yes,cellular,jul,thu,359,1,999,0,nonexistent,1.4,93.91799999999999,-42.7,4.963,5228.1,no
42,admin.,single,high.school,no,yes,no,cellular,jul,thu,154,4,999,0,nonexistent,1.4,93.91799999999999,-42.7,4.963,5228.1,no
50,housemaid,married,basic.4y,unknown,no,no,cellular,jul,thu,223,8,999,0,nonexistent,1.4,93.91799999999999,-42.7,4.963,5228.1,no
35,technician,single,university.degree,no,no,no,cellular,jul,thu,480,4,999,0,nonexistent,1.4,93.91799999999999,-42.7,4.963,5228.1,no
30,technician,single,professional.course,no,no,yes,telephone,jul,thu,156,7,999,0,nonexistent,1.4,93.91799999999999,-42.7,4.963,5228.1,no
41,entrepreneur,divorced,professional.course,no,yes,no,cellular,jul,thu,194,1,999,0,nonexistent,1.4,93.91799999999999,-42.7,4.963,5228.1,no
22,blue-collar,single,basic.9y,no,yes,yes,telephone,jul,thu,834,10,999,0,nonexistent,1.4,93.91799999999999,-42.7,4.963,5228.1,no
34,blue-collar,single,basic.9y,unknown,yes,no,cellular,jul,thu,412,1,999,0,nonexistent,1.4,93.91799999999999,-42.7,4.963,5228.1,no
28,blue-collar,single,professional.course,no,yes,no,cellular,jul,thu,164,5,999,0,nonexistent,1.4,93.91799999999999,-42.7,4.963,5228.1,no
34,blue-collar,single,basic.9y,unknown,yes,no,cellular,jul,thu,562,1,999,0,nonexistent,1.4,93.91799999999999,-42.7,4.963,5228.1,no
25,blue-collar,married,basic.9y,no,no,no,cellular,jul,thu,326,5,999,0,nonexistent,1.4,93.91799999999999,-42.7,4.963,5228.1,no
26,housemaid,single,high.school,unknown,yes,no,cellular,jul,thu,185,1,999,0,nonexistent,1.4,93.91799999999999,-42.7,4.963,5228.1,no
46,blue-collar,married,basic.4y,unknown,yes,yes,cellular,jul,thu,118,1,999,0,nonexistent,1.4,93.91799999999999,-42.7,4.963,5228.1,no
33,management,married,high.school,no,no,no,telephone,jul,thu,524,3,999,0,nonexistent,1.4,93.91799999999999,-42.7,4.963,5228.1,no
30,self-employed,married,university.degree,no,yes,no,telephone,jul,thu,85,6,999,0,nonexistent,1.4,93.91799999999999,-42.7,4.963,5228.1,no
41,admin.,married,high.school,no,no,no,cellular,jul,thu,61,4,999,0,nonexistent,1.4,93.91799999999999,-42.7,4.963,5228.1,no
30,blue-collar,married,professional.course,no,no,no,telephone,jul,thu,180,3,999,0,nonexistent,1.4,93.91799999999999,-42.7,4.963,5228.1,no
35,blue-collar,married,basic.9y,unknown,no,no,cellular,jul,thu,1399,1,999,0,nonexistent,1.4,93.91799999999999,-42.7,4.963,5228.1,yes
46,blue-collar,married,basic.4y,unknown,yes,no,cellular,jul,thu,107,1,999,0,nonexistent,1.4,93.91799999999999,-42.7,4.963,5228.1,no
31,blue-collar,married,basic.4y,no,yes,no,cellular,jul,thu,374,3,999,0,nonexistent,1.4,93.91799999999999,-42.7,4.963,5228.1,no
42,blue-collar,married,basic.9y,no,no,no,cellular,jul,thu,1187,3,999,0,nonexistent,1.4,93.91799999999999,-42.7,4.963,5228.1,yes
51,housemaid,divorced,high.school,no,yes,yes,cellular,jul,thu,460,1,999,0,nonexistent,1.4,93.91799999999999,-42.7,4.963,5228.1,no
26,technician,married,university.degree,no,no,no,telephone,jul,thu,270,7,999,0,nonexistent,1.4,93.91799999999999,-42.7,4.963,5228.1,no
29,technician,married,professional.course,no,unknown,unknown,cellular,jul,thu,338,9,999,0,nonexistent,1.4,93.91799999999999,-42.7,4.963,5228.1,no
48,technician,married,basic.6y,no,no,no,cellular,jul,thu,171,5,999,0,nonexistent,1.4,93.91799999999999,-42.7,4.963,5228.1,no
28,admin.,single,university.degree,no,yes,no,cellular,jul,thu,721,3,999,0,nonexistent,1.4,93.91799999999999,-42.7,4.963,5228.1,no
32,technician,married,high.school,no,no,no,cellular,jul,thu,182,1,999,0,nonexistent,1.4,93.91799999999999,-42.7,4.963,5228.1,no
31,technician,married,professional.course,no,no,yes,cellular,jul,thu,487,1,999,0,nonexistent,1.4,93.91799999999999,-42.7,4.963,5228.1,yes
42,admin.,single,high.school,no,no,no,telephone,jul,thu,229,4,999,0,nonexistent,1.4,93.91799999999999,-42.7,4.963,5228.1,no
41,entrepreneur,divorced,professional.course,no,yes,yes,cellular,jul,thu,109,5,999,0,nonexistent,1.4,93.91799999999999,-42.7,4.963,5228.1,no
27,services,married,high.school,no,no,no,cellular,jul,thu,184,3,999,0,nonexistent,1.4,93.91799999999999,-42.7,4.963,5228.1,no
30,self-employed,married,university.degree,no,yes,no,telephone,jul,thu,148,20,999,0,nonexistent,1.4,93.91799999999999,-42.7,4.963,5228.1,no
40,blue-collar,married,basic.4y,unknown,yes,no,cellular,jul,thu,91,15,999,0,nonexistent,1.4,93.91799999999999,-42.7,4.963,5228.1,no
23,services,single,high.school,no,no,no,cellular,jul,thu,1097,3,999,0,nonexistent,1.4,93.91799999999999,-42.7,4.963,5228.1,yes
49,management,divorced,university.degree,no,no,no,cellular,jul,thu,144,5,999,0,nonexistent,1.4,93.91799999999999,-42.7,4.963,5228.1,no
30,self-employed,married,university.degree,no,yes,no,telephone,jul,thu,150,10,999,0,nonexistent,1.4,93.91799999999999,-42.7,4.963,5228.1,no
28,admin.,single,high.school,no,no,no,telephone,jul,thu,535,2,999,0,nonexistent,1.4,93.91799999999999,-42.7,4.963,5228.1,no
33,blue-collar,single,basic.9y,no,yes,no,telephone,jul,thu,465,7,999,0,nonexistent,1.4,93.91799999999999,-42.7,4.963,5228.1,no
30,self-employed,married,university.degree,no,yes,no,telephone,jul,thu,311,27,999,0,nonexistent,1.4,93.91799999999999,-42.7,4.963,5228.1,no
26,admin.,single,high.school,no,no,no,telephone,jul,thu,924,5,999,0,nonexistent,1.4,93.91799999999999,-42.7,4.963,5228.1,no
31,technician,single,professional.course,no,no,no,cellular,jul,thu,200,5,999,0,nonexistent,1.4,93.91799999999999,-42.7,4.963,5228.1,no
60,management,married,university.degree,unknown,yes,no,cellular,jul,thu,212,1,999,0,nonexistent,1.4,93.91799999999999,-42.7,4.963,5228.1,no
60,management,married,university.degree,unknown,no,yes,cellular,jul,thu,258,1,999,0,nonexistent,1.4,93.91799999999999,-42.7,4.963,5228.1,no
31,technician,married,professional.course,no,no,no,cellular,jul,thu,3643,1,999,0,nonexistent,1.4,93.91799999999999,-42.7,4.963,5228.1,yes
26,entrepreneur,single,university.degree,no,no,no,telephone,jul,fri,117,1,999,0,nonexistent,1.4,93.91799999999999,-42.7,4.963,5228.1,no
35,admin.,married,high.school,unknown,no,no,cellular,jul,fri,114,1,999,0,nonexistent,1.4,93.91799999999999,-42.7,4.963,5228.1,no
30,blue-collar,single,basic.9y,no,yes,yes,cellular,jul,fri,166,1,999,0,nonexistent,1.4,93.91799999999999,-42.7,4.963,5228.1,no
52,admin.,married,high.school,no,yes,no,cellular,jul,fri,89,1,999,0,nonexistent,1.4,93.91799999999999,-42.7,4.963,5228.1,no
35,admin.,married,high.school,unknown,no,no,telephone,jul,fri,189,1,999,0,nonexistent,1.4,93.91799999999999,-42.7,4.963,5228.1,no
35,admin.,married,high.school,unknown,yes,no,cellular,jul,fri,393,1,999,0,nonexistent,1.4,93.91799999999999,-42.7,4.963,5228.1,no
56,blue-collar,married,basic.4y,unknown,yes,no,cellular,jul,fri,508,1,999,0,nonexistent,1.4,93.91799999999999,-42.7,4.963,5228.1,no
56,blue-collar,married,basic.4y,unknown,yes,yes,cellular,jul,fri,522,1,999,0,nonexistent,1.4,93.91799999999999,-42.7,4.963,5228.1,no
29,technician,married,unknown,no,yes,no,cellular,jul,fri,166,1,999,0,nonexistent,1.4,93.91799999999999,-42.7,4.963,5228.1,no
24,blue-collar,single,basic.9y,no,yes,no,cellular,jul,fri,545,2,999,0,nonexistent,1.4,93.91799999999999,-42.7,4.963,5228.1,no
52,services,married,basic.4y,no,yes,no,cellular,jul,fri,264,3,999,0,nonexistent,1.4,93.91799999999999,-42.7,4.963,5228.1,no
30,services,married,high.school,no,yes,no,cellular,jul,fri,812,1,999,0,nonexistent,1.4,93.91799999999999,-42.7,4.963,5228.1,yes
52,admin.,divorced,high.school,unknown,no,no,cellular,jul,fri,67,1,999,0,nonexistent,1.4,93.91799999999999,-42.7,4.963,5228.1,no
29,technician,married,unknown,no,yes,no,cellular,jul,fri,404,1,999,0,nonexistent,1.4,93.91799999999999,-42.7,4.963,5228.1,no
33,admin.,divorced,high.school,no,yes,no,cellular,jul,fri,191,1,999,0,nonexistent,1.4,93.91799999999999,-42.7,4.963,5228.1,no
27,student,single,basic.9y,no,no,no,cellular,jul,fri,104,1,999,0,nonexistent,1.4,93.91799999999999,-42.7,4.963,5228.1,no
35,blue-collar,married,basic.9y,unknown,yes,yes,cellular,jul,fri,170,1,999,0,nonexistent,1.4,93.91799999999999,-42.7,4.963,5228.1,no
35,blue-collar,married,basic.9y,unknown,no,no,cellular,jul,fri,90,1,999,0,nonexistent,1.4,93.91799999999999,-42.7,4.963,5228.1,no
42,blue-collar,married,basic.4y,no,no,no,cellular,jul,fri,504,1,999,0,nonexistent,1.4,93.91799999999999,-42.7,4.963,5228.1,no
35,blue-collar,married,basic.9y,unknown,yes,no,cellular,jul,fri,333,1,999,0,nonexistent,1.4,93.91799999999999,-42.7,4.963,5228.1,no
30,blue-collar,single,basic.6y,no,no,no,cellular,jul,fri,252,1,999,0,nonexistent,1.4,93.91799999999999,-42.7,4.963,5228.1,no
37,blue-collar,married,basic.9y,no,yes,no,cellular,jul,fri,23,1,999,0,nonexistent,1.4,93.91799999999999,-42.7,4.963,5228.1,no
51,services,single,basic.6y,no,yes,no,cellular,jul,fri,48,1,999,0,nonexistent,1.4,93.91799999999999,-42.7,4.963,5228.1,no
24,student,single,basic.4y,no,no,no,cellular,jul,fri,67,1,999,0,nonexistent,1.4,93.91799999999999,-42.7,4.963,5228.1,no
42,blue-collar,married,basic.4y,no,unknown,unknown,cellular,jul,fri,467,1,999,0,nonexistent,1.4,93.91799999999999,-42.7,4.963,5228.1,no
24,student,single,basic.4y,no,no,no,cellular,jul,fri,159,1,999,0,nonexistent,1.4,93.91799999999999,-42.7,4.963,5228.1,no
24,student,single,basic.4y,no,yes,yes,telephone,jul,fri,57,1,999,0,nonexistent,1.4,93.91799999999999,-42.7,4.963,5228.1,no
35,management,married,university.degree,no,yes,yes,cellular,jul,fri,772,1,999,0,nonexistent,1.4,93.91799999999999,-42.7,4.963,5228.1,no
24,student,single,basic.4y,no,unknown,unknown,cellular,jul,fri,230,1,999,0,nonexistent,1.4,93.91799999999999,-42.7,4.963,5228.1,no
24,student,single,basic.4y,no,no,no,cellular,jul,fri,304,1,999,0,nonexistent,1.4,93.91799999999999,-42.7,4.963,5228.1,no
38,blue-collar,married,basic.6y,unknown,yes,no,cellular,jul,fri,136,1,999,0,nonexistent,1.4,93.91799999999999,-42.7,4.963,5228.1,no
35,admin.,married,high.school,unknown,yes,yes,cellular,jul,fri,283,1,999,0,nonexistent,1.4,93.91799999999999,-42.7,4.963,5228.1,no
51,blue-collar,married,basic.9y,unknown,no,no,cellular,jul,fri,78,1,999,0,nonexistent,1.4,93.91799999999999,-42.7,4.963,5228.1,no
51,blue-collar,married,basic.9y,unknown,yes,no,cellular,jul,fri,147,1,999,0,nonexistent,1.4,93.91799999999999,-42.7,4.963,5228.1,no
60,retired,divorced,high.school,no,yes,no,cellular,jul,fri,55,1,999,0,nonexistent,1.4,93.91799999999999,-42.7,4.963,5228.1,no
34,technician,married,professional.course,unknown,no,yes,cellular,jul,fri,431,1,999,0,nonexistent,1.4,93.91799999999999,-42.7,4.963,5228.1,no
51,blue-collar,married,basic.9y,unknown,yes,no,cellular,jul,fri,203,1,999,0,nonexistent,1.4,93.91799999999999,-42.7,4.963,5228.1,no
34,services,divorced,basic.9y,no,no,no,cellular,jul,fri,684,1,999,0,nonexistent,1.4,93.91799999999999,-42.7,4.963,5228.1,no
49,retired,single,basic.4y,unknown,no,no,cellular,jul,fri,802,1,999,0,nonexistent,1.4,93.91799999999999,-42.7,4.963,5228.1,no
35,blue-collar,married,basic.9y,unknown,no,no,cellular,jul,fri,117,3,999,0,nonexistent,1.4,93.91799999999999,-42.7,4.963,5228.1,no
44,entrepreneur,divorced,basic.4y,no,no,no,cellular,jul,fri,170,2,999,0,nonexistent,1.4,93.91799999999999,-42.7,4.963,5228.1,no
40,services,married,university.degree,no,yes,no,cellular,jul,fri,131,2,999,0,nonexistent,1.4,93.91799999999999,-42.7,4.963,5228.1,no
22,blue-collar,married,basic.9y,no,no,no,cellular,jul,fri,102,2,999,0,nonexistent,1.4,93.91799999999999,-42.7,4.963,5228.1,no
22,services,single,high.school,no,yes,no,cellular,jul,fri,143,2,999,0,nonexistent,1.4,93.91799999999999,-42.7,4.963,5228.1,no
56,technician,married,professional.course,no,no,no,cellular,jul,fri,196,2,999,0,nonexistent,1.4,93.91799999999999,-42.7,4.963,5228.1,no
52,housemaid,married,basic.4y,no,no,no,cellular,jul,fri,479,2,999,0,nonexistent,1.4,93.91799999999999,-42.7,4.963,5228.1,no
41,services,married,professional.course,no,yes,no,cellular,jul,fri,211,2,999,0,nonexistent,1.4,93.91799999999999,-42.7,4.963,5228.1,no
53,retired,married,basic.9y,unknown,yes,no,cellular,jul,fri,817,2,999,0,nonexistent,1.4,93.91799999999999,-42.7,4.963,5228.1,yes
33,blue-collar,married,basic.9y,no,no,no,cellular,jul,fri,439,2,999,0,nonexistent,1.4,93.91799999999999,-42.7,4.963,5228.1,no
55,entrepreneur,married,professional.course,unknown,yes,no,cellular,jul,fri,168,2,999,0,nonexistent,1.4,93.91799999999999,-42.7,4.963,5228.1,no
32,blue-collar,single,professional.course,no,yes,no,cellular,jul,fri,165,2,999,0,nonexistent,1.4,93.91799999999999,-42.7,4.963,5228.1,no
55,retired,married,university.degree,no,yes,no,cellular,jul,fri,188,2,999,0,nonexistent,1.4,93.91799999999999,-42.7,4.963,5228.1,no
32,technician,married,basic.9y,no,yes,no,telephone,jul,fri,321,2,999,0,nonexistent,1.4,93.91799999999999,-42.7,4.963,5228.1,no
53,retired,married,basic.9y,unknown,no,no,cellular,jul,fri,891,2,999,0,nonexistent,1.4,93.91799999999999,-42.7,4.963,5228.1,no
43,blue-collar,divorced,basic.4y,no,yes,no,cellular,jul,fri,1242,2,999,0,nonexistent,1.4,93.91799999999999,-42.7,4.963,5228.1,no
28,blue-collar,single,basic.4y,unknown,yes,no,telephone,jul,fri,76,2,999,0,nonexistent,1.4,93.91799999999999,-42.7,4.963,5228.1,no
24,blue-collar,married,basic.9y,no,no,yes,cellular,jul,fri,138,2,999,0,nonexistent,1.4,93.91799999999999,-42.7,4.963,5228.1,no
32,admin.,single,university.degree,no,no,no,cellular,jul,fri,132,2,999,0,nonexistent,1.4,93.91799999999999,-42.7,4.963,5228.1,no
27,student,single,high.school,no,yes,no,cellular,jul,fri,100,2,999,0,nonexistent,1.4,93.91799999999999,-42.7,4.963,5228.1,no
50,technician,divorced,professional.course,no,no,no,cellular,jul,fri,318,2,999,0,nonexistent,1.4,93.91799999999999,-42.7,4.963,5228.1,no
35,admin.,single,university.degree,no,yes,no,cellular,jul,fri,141,2,999,0,nonexistent,1.4,93.91799999999999,-42.7,4.963,5228.1,no
27,technician,married,basic.9y,no,yes,yes,cellular,jul,fri,906,2,999,0,nonexistent,1.4,93.91799999999999,-42.7,4.963,5228.1,no
30,admin.,single,high.school,no,yes,no,cellular,jul,fri,72,2,999,0,nonexistent,1.4,93.91799999999999,-42.7,4.963,5228.1,no
29,admin.,single,high.school,unknown,yes,no,cellular,jul,fri,139,2,999,0,nonexistent,1.4,93.91799999999999,-42.7,4.963,5228.1,no
50,technician,divorced,professional.course,no,yes,no,telephone,jul,fri,41,2,999,0,nonexistent,1.4,93.91799999999999,-42.7,4.963,5228.1,no
50,blue-collar,divorced,basic.9y,no,unknown,unknown,cellular,jul,fri,93,2,999,0,nonexistent,1.4,93.91799999999999,-42.7,4.963,5228.1,no
35,admin.,single,university.degree,no,yes,no,cellular,jul,fri,564,2,999,0,nonexistent,1.4,93.91799999999999,-42.7,4.963,5228.1,no
55,entrepreneur,married,professional.course,unknown,yes,no,cellular,jul,fri,243,2,999,0,nonexistent,1.4,93.91799999999999,-42.7,4.963,5228.1,no
37,blue-collar,married,basic.9y,unknown,yes,yes,telephone,jul,fri,31,2,999,0,nonexistent,1.4,93.91799999999999,-42.7,4.963,5228.1,no
26,student,single,university.degree,unknown,no,yes,cellular,jul,fri,226,2,999,0,nonexistent,1.4,93.91799999999999,-42.7,4.963,5228.1,no
33,admin.,married,high.school,no,no,no,cellular,jul,fri,16,2,999,0,nonexistent,1.4,93.91799999999999,-42.7,4.963,5228.1,no
32,admin.,single,university.degree,no,no,no,cellular,jul,fri,306,2,999,0,nonexistent,1.4,93.91799999999999,-42.7,4.963,5228.1,no
31,admin.,single,university.degree,no,no,no,telephone,jul,fri,87,2,999,0,nonexistent,1.4,93.91799999999999,-42.7,4.963,5228.1,no
33,admin.,married,high.school,no,no,no,cellular,jul,fri,98,2,999,0,nonexistent,1.4,93.91799999999999,-42.7,4.963,5228.1,no
40,housemaid,married,basic.4y,unknown,no,no,cellular,jul,fri,504,2,999,0,nonexistent,1.4,93.91799999999999,-42.7,4.963,5228.1,no
30,admin.,single,university.degree,no,no,no,cellular,jul,fri,98,2,999,0,nonexistent,1.4,93.91799999999999,-42.7,4.963,5228.1,no
35,admin.,married,high.school,unknown,no,yes,cellular,jul,fri,93,2,999,0,nonexistent,1.4,93.91799999999999,-42.7,4.963,5228.1,no
33,services,married,high.school,no,yes,no,cellular,jul,fri,82,2,999,0,nonexistent,1.4,93.91799999999999,-42.7,4.963,5228.1,no
38,entrepreneur,married,basic.9y,no,yes,no,cellular,jul,fri,188,2,999,0,nonexistent,1.4,93.91799999999999,-42.7,4.963,5228.1,no
54,blue-collar,divorced,high.school,unknown,no,no,cellular,jul,fri,223,2,999,0,nonexistent,1.4,93.91799999999999,-42.7,4.963,5228.1,no
49,admin.,married,high.school,no,yes,no,cellular,jul,fri,59,2,999,0,nonexistent,1.4,93.91799999999999,-42.7,4.963,5228.1,no
54,blue-collar,divorced,high.school,unknown,no,no,cellular,jul,fri,86,2,999,0,nonexistent,1.4,93.91799999999999,-42.7,4.963,5228.1,no
27,blue-collar,married,basic.6y,no,yes,no,cellular,jul,fri,186,2,999,0,nonexistent,1.4,93.91799999999999,-42.7,4.963,5228.1,no
33,services,married,high.school,no,no,no,cellular,jul,fri,1060,2,999,0,nonexistent,1.4,93.91799999999999,-42.7,4.963,5228.1,yes
35,admin.,single,university.degree,no,no,no,cellular,jul,fri,60,2,999,0,nonexistent,1.4,93.91799999999999,-42.7,4.963,5228.1,no
37,services,married,basic.9y,no,no,no,cellular,jul,fri,126,2,999,0,nonexistent,1.4,93.91799999999999,-42.7,4.963,5228.1,no
55,retired,married,university.degree,no,no,no,cellular,jul,fri,659,2,999,0,nonexistent,1.4,93.91799999999999,-42.7,4.963,5228.1,no
33,admin.,married,university.degree,no,yes,no,telephone,jul,fri,52,4,999,0,nonexistent,1.4,93.91799999999999,-42.7,4.963,5228.1,no
31,entrepreneur,divorced,university.degree,no,no,no,cellular,jul,fri,222,7,999,0,nonexistent,1.4,93.91799999999999,-42.7,4.963,5228.1,no
31,blue-collar,married,professional.course,unknown,no,no,cellular,jul,fri,109,2,999,0,nonexistent,1.4,93.91799999999999,-42.7,4.963,5228.1,no
32,technician,single,university.degree,no,yes,no,cellular,jul,fri,112,2,999,0,nonexistent,1.4,93.91799999999999,-42.7,4.963,5228.1,no
31,blue-collar,married,basic.6y,no,no,yes,cellular,jul,fri,173,2,999,0,nonexistent,1.4,93.91799999999999,-42.7,4.963,5228.1,no
32,technician,single,university.degree,no,yes,no,cellular,jul,fri,42,2,999,0,nonexistent,1.4,93.91799999999999,-42.7,4.963,5228.1,no
56,management,married,high.school,no,yes,no,cellular,jul,fri,131,2,999,0,nonexistent,1.4,93.91799999999999,-42.7,4.963,5228.1,no
31,services,single,high.school,no,yes,no,cellular,jul,fri,455,2,999,0,nonexistent,1.4,93.91799999999999,-42.7,4.963,5228.1,no
35,admin.,single,basic.9y,no,yes,no,cellular,jul,fri,431,3,999,0,nonexistent,1.4,93.91799999999999,-42.7,4.963,5228.1,no
34,services,single,high.school,unknown,no,no,cellular,jul,fri,717,2,999,0,nonexistent,1.4,93.91799999999999,-42.7,4.963,5228.1,no
33,admin.,single,university.degree,no,yes,no,cellular,jul,fri,614,2,999,0,nonexistent,1.4,93.91799999999999,-42.7,4.963,5228.1,yes
38,technician,married,professional.course,no,yes,yes,cellular,jul,fri,50,2,999,0,nonexistent,1.4,93.91799999999999,-42.7,4.963,5228.1,no
29,services,single,high.school,unknown,yes,no,cellular,jul,fri,289,2,999,0,nonexistent,1.4,93.91799999999999,-42.7,4.963,5228.1,no
30,admin.,married,university.degree,no,no,yes,telephone,jul,fri,117,2,999,0,nonexistent,1.4,93.91799999999999,-42.7,4.963,5228.1,no
30,admin.,married,university.degree,no,yes,yes,cellular,jul,fri,85,2,999,0,nonexistent,1.4,93.91799999999999,-42.7,4.963,5228.1,no
29,admin.,single,high.school,unknown,no,no,cellular,jul,fri,487,3,999,0,nonexistent,1.4,93.91799999999999,-42.7,4.963,5228.1,no
41,services,married,professional.course,no,yes,yes,cellular,jul,fri,348,2,999,0,nonexistent,1.4,93.91799999999999,-42.7,4.963,5228.1,no
34,blue-collar,married,basic.9y,unknown,no,yes,cellular,jul,fri,196,2,999,0,nonexistent,1.4,93.91799999999999,-42.7,4.963,5228.1,no
31,technician,divorced,professional.course,no,yes,yes,cellular,jul,fri,71,3,999,0,nonexistent,1.4,93.91799999999999,-42.7,4.963,5228.1,no
40,retired,married,basic.4y,unknown,yes,no,cellular,jul,fri,1689,2,999,0,nonexistent,1.4,93.91799999999999,-42.7,4.963,5228.1,yes
32,unemployed,married,university.degree,no,yes,no,cellular,jul,fri,47,2,999,0,nonexistent,1.4,93.91799999999999,-42.7,4.963,5228.1,no
30,blue-collar,married,basic.9y,no,yes,no,cellular,jul,fri,1294,2,999,0,nonexistent,1.4,93.91799999999999,-42.7,4.963,5228.1,yes
44,technician,single,university.degree,no,no,yes,cellular,jul,fri,228,2,999,0,nonexistent,1.4,93.91799999999999,-42.7,4.963,5228.1,no
29,admin.,single,high.school,no,no,no,cellular,jul,fri,144,2,999,0,nonexistent,1.4,93.91799999999999,-42.7,4.963,5228.1,no
41,services,married,professional.course,no,no,yes,cellular,jul,fri,146,2,999,0,nonexistent,1.4,93.91799999999999,-42.7,4.963,5228.1,no
49,admin.,married,high.school,no,no,no,cellular,jul,fri,366,2,999,0,nonexistent,1.4,93.91799999999999,-42.7,4.963,5228.1,no
50,blue-collar,divorced,basic.9y,no,yes,no,cellular,jul,fri,502,2,999,0,nonexistent,1.4,93.91799999999999,-42.7,4.963,5228.1,no
40,blue-collar,married,basic.9y,no,yes,no,cellular,jul,fri,106,2,999,0,nonexistent,1.4,93.91799999999999,-42.7,4.963,5228.1,no
32,blue-collar,married,basic.6y,no,yes,no,cellular,jul,fri,251,2,999,0,nonexistent,1.4,93.91799999999999,-42.7,4.963,5228.1,no
38,blue-collar,divorced,basic.9y,no,no,no,cellular,jul,fri,128,2,999,0,nonexistent,1.4,93.91799999999999,-42.7,4.963,5228.1,no
51,entrepreneur,divorced,high.school,no,no,no,cellular,jul,fri,347,2,999,0,nonexistent,1.4,93.91799999999999,-42.7,4.963,5228.1,no
38,blue-collar,divorced,basic.9y,no,no,no,cellular,jul,fri,764,2,999,0,nonexistent,1.4,93.91799999999999,-42.7,4.963,5228.1,yes
38,blue-collar,divorced,basic.9y,no,unknown,unknown,cellular,jul,fri,1120,2,999,0,nonexistent,1.4,93.91799999999999,-42.7,4.963,5228.1,yes
57,retired,single,basic.9y,unknown,unknown,unknown,cellular,jul,fri,16,2,999,0,nonexistent,1.4,93.91799999999999,-42.7,4.963,5228.1,no
32,technician,married,unknown,no,yes,no,cellular,jul,fri,107,2,999,0,nonexistent,1.4,93.91799999999999,-42.7,4.963,5228.1,no
54,blue-collar,married,basic.4y,no,no,no,cellular,jul,fri,271,2,999,0,nonexistent,1.4,93.91799999999999,-42.7,4.963,5228.1,no
38,blue-collar,divorced,basic.9y,no,yes,no,cellular,jul,fri,970,2,999,0,nonexistent,1.4,93.91799999999999,-42.7,4.963,5228.1,no
35,admin.,single,university.degree,no,yes,no,cellular,jul,fri,963,2,999,0,nonexistent,1.4,93.91799999999999,-42.7,4.963,5228.1,yes
28,services,married,high.school,no,no,no,cellular,jul,fri,64,2,999,0,nonexistent,1.4,93.91799999999999,-42.7,4.963,5228.1,no
32,technician,married,unknown,no,yes,yes,cellular,jul,fri,1973,2,999,0,nonexistent,1.4,93.91799999999999,-42.7,4.963,5228.1,yes
32,technician,married,unknown,no,no,no,cellular,jul,fri,221,2,999,0,nonexistent,1.4,93.91799999999999,-42.7,4.963,5228.1,no
28,services,married,high.school,no,no,no,cellular,jul,fri,117,2,999,0,nonexistent,1.4,93.91799999999999,-42.7,4.963,5228.1,no
38,blue-collar,divorced,basic.9y,no,no,yes,cellular,jul,fri,706,2,999,0,nonexistent,1.4,93.91799999999999,-42.7,4.963,5228.1,no
42,technician,divorced,university.degree,no,no,yes,cellular,jul,fri,241,2,999,0,nonexistent,1.4,93.91799999999999,-42.7,4.963,5228.1,no
33,technician,single,university.degree,no,no,no,cellular,jul,fri,141,2,999,0,nonexistent,1.4,93.91799999999999,-42.7,4.963,5228.1,no
34,blue-collar,married,basic.9y,no,no,no,cellular,jul,fri,232,2,999,0,nonexistent,1.4,93.91799999999999,-42.7,4.963,5228.1,no
29,blue-collar,single,basic.9y,no,no,no,cellular,jul,fri,187,2,999,0,nonexistent,1.4,93.91799999999999,-42.7,4.963,5228.1,no
42,technician,divorced,university.degree,no,yes,no,cellular,jul,fri,249,2,999,0,nonexistent,1.4,93.91799999999999,-42.7,4.963,5228.1,no
25,student,single,university.degree,no,no,no,telephone,jul,fri,178,2,999,0,nonexistent,1.4,93.91799999999999,-42.7,4.963,5228.1,no
33,services,married,high.school,no,no,no,cellular,jul,fri,90,2,999,0,nonexistent,1.4,93.91799999999999,-42.7,4.963,5228.1,no
31,student,single,high.school,unknown,no,no,cellular,jul,fri,175,2,999,0,nonexistent,1.4,93.91799999999999,-42.7,4.963,5228.1,no
25,unemployed,married,university.degree,no,no,no,telephone,jul,fri,176,15,999,0,nonexistent,1.4,93.91799999999999,-42.7,4.963,5228.1,no
31,blue-collar,married,basic.6y,no,no,no,cellular,jul,fri,255,2,999,0,nonexistent,1.4,93.91799999999999,-42.7,4.963,5228.1,no
35,blue-collar,single,basic.9y,no,yes,no,cellular,jul,fri,324,2,999,0,nonexistent,1.4,93.91799999999999,-42.7,4.963,5228.1,no
31,admin.,single,high.school,unknown,no,no,telephone,jul,fri,61,2,999,0,nonexistent,1.4,93.91799999999999,-42.7,4.963,5228.1,no
35,admin.,married,high.school,no,no,no,cellular,jul,fri,213,2,999,0,nonexistent,1.4,93.91799999999999,-42.7,4.963,5228.1,no
45,management,married,unknown,no,yes,no,cellular,jul,fri,121,2,999,0,nonexistent,1.4,93.91799999999999,-42.7,4.963,5228.1,no
45,blue-collar,married,basic.6y,unknown,no,no,cellular,jul,fri,636,2,999,0,nonexistent,1.4,93.91799999999999,-42.7,4.963,5228.1,no
30,services,single,high.school,no,yes,no,cellular,jul,fri,80,2,999,0,nonexistent,1.4,93.91799999999999,-42.7,4.963,5228.1,no
28,blue-collar,married,basic.6y,unknown,yes,no,telephone,jul,fri,330,2,999,0,nonexistent,1.4,93.91799999999999,-42.7,4.963,5228.1,no
40,technician,single,professional.course,no,yes,yes,cellular,jul,fri,919,2,999,0,nonexistent,1.4,93.91799999999999,-42.7,4.963,5228.1,no
38,technician,single,university.degree,no,yes,no,cellular,jul,fri,210,2,999,0,nonexistent,1.4,93.91799999999999,-42.7,4.963,5228.1,no
46,admin.,married,university.degree,unknown,no,yes,cellular,jul,fri,71,2,999,0,nonexistent,1.4,93.91799999999999,-42.7,4.963,5228.1,no
31,blue-collar,married,professional.course,unknown,no,no,cellular,jul,fri,255,3,999,0,nonexistent,1.4,93.91799999999999,-42.7,4.963,5228.1,no
40,technician,single,professional.course,no,no,no,cellular,jul,fri,260,2,999,0,nonexistent,1.4,93.91799999999999,-42.7,4.963,5228.1,no
58,admin.,divorced,high.school,no,no,no,cellular,jul,fri,666,2,999,0,nonexistent,1.4,93.91799999999999,-42.7,4.963,5228.1,no
55,admin.,married,university.degree,no,no,yes,telephone,jul,fri,498,2,999,0,nonexistent,1.4,93.91799999999999,-42.7,4.963,5228.1,no
30,admin.,married,university.degree,no,no,no,cellular,jul,fri,344,2,999,0,nonexistent,1.4,93.91799999999999,-42.7,4.963,5228.1,no
42,technician,divorced,university.degree,no,no,no,cellular,jul,fri,221,2,999,0,nonexistent,1.4,93.91799999999999,-42.7,4.963,5228.1,no
27,housemaid,married,high.school,no,yes,no,cellular,jul,fri,189,2,999,0,nonexistent,1.4,93.91799999999999,-42.7,4.963,5228.1,no
31,blue-collar,single,basic.9y,no,yes,no,cellular,jul,fri,184,2,999,0,nonexistent,1.4,93.91799999999999,-42.7,4.963,5228.1,no
36,services,single,high.school,no,no,no,cellular,jul,fri,70,2,999,0,nonexistent,1.4,93.91799999999999,-42.7,4.963,5228.1,no
30,unemployed,married,basic.9y,no,no,no,cellular,jul,fri,154,2,999,0,nonexistent,1.4,93.91799999999999,-42.7,4.963,5228.1,no
28,housemaid,married,high.school,no,no,no,cellular,jul,fri,271,2,999,0,nonexistent,1.4,93.91799999999999,-42.7,4.963,5228.1,no
30,admin.,married,university.degree,no,no,no,cellular,jul,fri,159,2,999,0,nonexistent,1.4,93.91799999999999,-42.7,4.963,5228.1,no
41,self-employed,married,basic.9y,no,no,no,cellular,jul,fri,134,2,999,0,nonexistent,1.4,93.91799999999999,-42.7,4.963,5228.1,no
36,blue-collar,single,high.school,no,no,no,telephone,jul,fri,470,2,999,0,nonexistent,1.4,93.91799999999999,-42.7,4.963,5228.1,no
52,technician,married,professional.course,no,no,no,cellular,jul,fri,221,2,999,0,nonexistent,1.4,93.91799999999999,-42.7,4.963,5228.1,no
31,admin.,married,high.school,no,yes,no,cellular,jul,fri,595,2,999,0,nonexistent,1.4,93.91799999999999,-42.7,4.963,5228.1,no
37,blue-collar,single,basic.9y,unknown,no,no,cellular,jul,fri,1081,2,999,0,nonexistent,1.4,93.91799999999999,-42.7,4.963,5228.1,no
36,services,single,high.school,no,no,no,cellular,jul,fri,254,2,999,0,nonexistent,1.4,93.91799999999999,-42.7,4.963,5228.1,no
37,blue-collar,married,basic.9y,unknown,no,no,cellular,jul,fri,106,2,999,0,nonexistent,1.4,93.91799999999999,-42.7,4.963,5228.1,no
31,blue-collar,married,basic.6y,no,yes,no,cellular,jul,fri,207,2,999,0,nonexistent,1.4,93.91799999999999,-42.7,4.963,5228.1,no
53,management,married,basic.9y,unknown,no,yes,cellular,jul,fri,333,2,999,0,nonexistent,1.4,93.91799999999999,-42.7,4.963,5228.1,no
46,housemaid,married,basic.4y,unknown,no,no,cellular,jul,fri,550,2,999,0,nonexistent,1.4,93.91799999999999,-42.7,4.963,5228.1,no
22,blue-collar,married,professional.course,no,yes,no,cellular,jul,fri,143,5,999,0,nonexistent,1.4,93.91799999999999,-42.7,4.963,5228.1,no
28,admin.,single,university.degree,no,no,yes,cellular,jul,fri,94,2,999,0,nonexistent,1.4,93.91799999999999,-42.7,4.963,5228.1,no
37,admin.,single,university.degree,no,yes,no,cellular,jul,fri,271,2,999,0,nonexistent,1.4,93.91799999999999,-42.7,4.963,5228.1,no
32,blue-collar,married,basic.9y,no,yes,yes,cellular,jul,fri,396,3,999,0,nonexistent,1.4,93.91799999999999,-42.7,4.963,5228.1,no
30,admin.,married,university.degree,no,yes,no,cellular,jul,fri,71,2,999,0,nonexistent,1.4,93.91799999999999,-42.7,4.963,5228.1,no
35,blue-collar,married,basic.6y,no,yes,no,cellular,jul,fri,145,2,999,0,nonexistent,1.4,93.91799999999999,-42.7,4.963,5228.1,no
42,management,divorced,university.degree,no,yes,no,cellular,jul,fri,215,2,999,0,nonexistent,1.4,93.91799999999999,-42.7,4.963,5228.1,no
30,services,single,high.school,no,yes,no,cellular,jul,fri,94,2,999,0,nonexistent,1.4,93.91799999999999,-42.7,4.963,5228.1,no
32,technician,married,basic.9y,no,no,no,cellular,jul,fri,271,5,999,0,nonexistent,1.4,93.91799999999999,-42.7,4.963,5228.1,no
41,self-employed,divorced,professional.course,no,no,no,cellular,jul,fri,911,2,999,0,nonexistent,1.4,93.91799999999999,-42.7,4.963,5228.1,yes
35,blue-collar,married,basic.6y,no,no,no,cellular,jul,fri,165,2,999,0,nonexistent,1.4,93.91799999999999,-42.7,4.963,5228.1,no
29,blue-collar,married,basic.9y,no,yes,yes,telephone,jul,fri,437,7,999,0,nonexistent,1.4,93.91799999999999,-42.7,4.963,5228.1,no
41,admin.,single,university.degree,no,no,no,cellular,jul,fri,1180,2,999,0,nonexistent,1.4,93.91799999999999,-42.7,4.963,5228.1,no
36,admin.,married,university.degree,unknown,no,no,cellular,jul,fri,135,2,999,0,nonexistent,1.4,93.91799999999999,-42.7,4.963,5228.1,no
32,technician,married,unknown,no,yes,no,cellular,jul,fri,193,2,999,0,nonexistent,1.4,93.91799999999999,-42.7,4.963,5228.1,no
31,blue-collar,married,basic.6y,no,no,no,cellular,jul,fri,103,2,999,0,nonexistent,1.4,93.91799999999999,-42.7,4.963,5228.1,no
30,admin.,married,university.degree,no,no,no,cellular,jul,fri,128,2,999,0,nonexistent,1.4,93.91799999999999,-42.7,4.963,5228.1,no
25,unemployed,married,university.degree,no,no,no,telephone,jul,fri,328,2,999,0,nonexistent,1.4,93.91799999999999,-42.7,4.963,5228.1,no
32,blue-collar,divorced,professional.course,no,no,no,cellular,jul,fri,261,13,999,0,nonexistent,1.4,93.91799999999999,-42.7,4.963,5228.1,no
31,blue-collar,married,basic.9y,unknown,no,no,cellular,jul,fri,342,2,999,0,nonexistent,1.4,93.91799999999999,-42.7,4.963,5228.1,no
31,blue-collar,married,basic.6y,no,yes,no,cellular,jul,fri,119,2,999,0,nonexistent,1.4,93.91799999999999,-42.7,4.963,5228.1,no
36,blue-collar,single,high.school,no,no,no,cellular,jul,fri,425,2,999,0,nonexistent,1.4,93.91799999999999,-42.7,4.963,5228.1,no
26,blue-collar,single,basic.9y,unknown,yes,no,cellular,jul,fri,151,2,999,0,nonexistent,1.4,93.91799999999999,-42.7,4.963,5228.1,no
52,technician,married,professional.course,no,no,yes,cellular,jul,fri,163,2,999,0,nonexistent,1.4,93.91799999999999,-42.7,4.963,5228.1,no
25,blue-collar,single,basic.9y,no,yes,no,cellular,jul,fri,773,3,999,0,nonexistent,1.4,93.91799999999999,-42.7,4.963,5228.1,no
29,blue-collar,single,basic.9y,no,no,no,cellular,jul,fri,822,2,999,0,nonexistent,1.4,93.91799999999999,-42.7,4.963,5228.1,yes
37,admin.,single,university.degree,no,no,no,cellular,jul,fri,188,2,999,0,nonexistent,1.4,93.91799999999999,-42.7,4.963,5228.1,no
43,technician,divorced,basic.9y,no,no,no,cellular,jul,fri,853,2,999,0,nonexistent,1.4,93.91799999999999,-42.7,4.963,5228.1,yes
28,admin.,married,professional.course,no,no,no,cellular,jul,fri,549,2,999,0,nonexistent,1.4,93.91799999999999,-42.7,4.963,5228.1,no
36,blue-collar,single,high.school,no,no,no,cellular,jul,fri,172,2,999,0,nonexistent,1.4,93.91799999999999,-42.7,4.963,5228.1,no
22,blue-collar,married,professional.course,no,yes,no,cellular,jul,fri,161,4,999,0,nonexistent,1.4,93.91799999999999,-42.7,4.963,5228.1,no
41,blue-collar,single,unknown,unknown,no,no,cellular,jul,fri,96,2,999,0,nonexistent,1.4,93.91799999999999,-42.7,4.963,5228.1,no
46,housemaid,married,basic.4y,unknown,no,no,cellular,jul,fri,1649,2,999,0,nonexistent,1.4,93.91799999999999,-42.7,4.963,5228.1,yes
26,admin.,single,high.school,no,no,no,cellular,jul,fri,1310,2,999,0,nonexistent,1.4,93.91799999999999,-42.7,4.963,5228.1,yes
25,technician,single,professional.course,no,yes,no,cellular,jul,fri,1187,3,999,0,nonexistent,1.4,93.91799999999999,-42.7,4.963,5228.1,no
29,blue-collar,single,basic.9y,no,no,no,cellular,jul,mon,135,2,999,0,nonexistent,1.4,93.91799999999999,-42.7,4.962,5228.1,no
29,services,married,high.school,no,yes,yes,cellular,jul,mon,151,2,999,0,nonexistent,1.4,93.91799999999999,-42.7,4.962,5228.1,no
32,admin.,married,basic.9y,no,no,no,cellular,jul,mon,77,2,999,0,nonexistent,1.4,93.91799999999999,-42.7,4.962,5228.1,no
45,unemployed,married,university.degree,no,yes,no,cellular,jul,mon,122,2,999,0,nonexistent,1.4,93.91799999999999,-42.7,4.962,5228.1,no
54,blue-collar,single,unknown,no,yes,no,cellular,jul,mon,122,2,999,0,nonexistent,1.4,93.91799999999999,-42.7,4.962,5228.1,no
32,blue-collar,married,basic.4y,no,yes,no,cellular,jul,mon,51,2,999,0,nonexistent,1.4,93.91799999999999,-42.7,4.962,5228.1,no
31,blue-collar,married,basic.9y,no,no,no,cellular,jul,mon,246,2,999,0,nonexistent,1.4,93.91799999999999,-42.7,4.962,5228.1,no
35,blue-collar,married,basic.9y,no,yes,no,cellular,jul,mon,330,2,999,0,nonexistent,1.4,93.91799999999999,-42.7,4.962,5228.1,no
58,management,married,university.degree,unknown,no,no,cellular,jul,mon,607,2,999,0,nonexistent,1.4,93.91799999999999,-42.7,4.962,5228.1,no
29,blue-collar,married,basic.9y,no,yes,no,cellular,jul,mon,104,2,999,0,nonexistent,1.4,93.91799999999999,-42.7,4.962,5228.1,no
31,admin.,single,basic.9y,no,yes,no,cellular,jul,mon,114,2,999,0,nonexistent,1.4,93.91799999999999,-42.7,4.962,5228.1,no
27,blue-collar,single,basic.9y,no,yes,no,telephone,jul,mon,236,2,999,0,nonexistent,1.4,93.91799999999999,-42.7,4.962,5228.1,no
32,admin.,single,university.degree,no,no,no,cellular,jul,mon,79,2,999,0,nonexistent,1.4,93.91799999999999,-42.7,4.962,5228.1,no
27,blue-collar,single,basic.9y,no,yes,no,cellular,jul,mon,65,2,999,0,nonexistent,1.4,93.91799999999999,-42.7,4.962,5228.1,no
35,admin.,married,university.degree,no,yes,yes,telephone,jul,mon,216,2,999,0,nonexistent,1.4,93.91799999999999,-42.7,4.962,5228.1,no
26,technician,married,high.school,no,no,no,cellular,jul,mon,114,2,999,0,nonexistent,1.4,93.91799999999999,-42.7,4.962,5228.1,no
57,blue-collar,married,basic.4y,no,no,no,cellular,jul,mon,324,2,999,0,nonexistent,1.4,93.91799999999999,-42.7,4.962,5228.1,no
40,entrepreneur,married,university.degree,no,no,no,cellular,jul,mon,68,3,999,0,nonexistent,1.4,93.91799999999999,-42.7,4.962,5228.1,no
39,technician,divorced,university.degree,no,no,no,cellular,jul,mon,179,2,999,0,nonexistent,1.4,93.91799999999999,-42.7,4.962,5228.1,no
30,admin.,single,university.degree,no,yes,no,cellular,jul,mon,243,2,999,0,nonexistent,1.4,93.91799999999999,-42.7,4.962,5228.1,no
50,blue-collar,married,basic.4y,no,yes,no,cellular,jul,mon,611,2,999,0,nonexistent,1.4,93.91799999999999,-42.7,4.962,5228.1,yes
30,admin.,single,university.degree,unknown,yes,no,telephone,jul,mon,256,2,999,0,nonexistent,1.4,93.91799999999999,-42.7,4.962,5228.1,no
56,unknown,single,basic.9y,no,no,no,cellular,jul,mon,102,2,999,0,nonexistent,1.4,93.91799999999999,-42.7,4.962,5228.1,no
43,admin.,married,high.school,no,no,no,cellular,jul,mon,41,2,999,0,nonexistent,1.4,93.91799999999999,-42.7,4.962,5228.1,no
31,entrepreneur,married,university.degree,unknown,no,no,cellular,jul,mon,97,2,999,0,nonexistent,1.4,93.91799999999999,-42.7,4.962,5228.1,no
31,technician,single,basic.9y,no,yes,no,cellular,jul,mon,227,2,999,0,nonexistent,1.4,93.91799999999999,-42.7,4.962,5228.1,no
45,blue-collar,divorced,basic.9y,no,no,yes,cellular,jul,mon,194,2,999,0,nonexistent,1.4,93.91799999999999,-42.7,4.962,5228.1,no
33,entrepreneur,married,university.degree,no,yes,yes,cellular,jul,mon,285,2,999,0,nonexistent,1.4,93.91799999999999,-42.7,4.962,5228.1,no
56,unknown,single,basic.9y,no,no,yes,cellular,jul,mon,53,8,999,0,nonexistent,1.4,93.91799999999999,-42.7,4.962,5228.1,no
39,blue-collar,single,high.school,no,yes,yes,cellular,jul,mon,276,3,999,0,nonexistent,1.4,93.91799999999999,-42.7,4.962,5228.1,no
27,services,single,high.school,no,no,no,cellular,jul,mon,505,2,999,0,nonexistent,1.4,93.91799999999999,-42.7,4.962,5228.1,no
31,technician,single,university.degree,no,no,no,telephone,jul,mon,211,3,999,0,nonexistent,1.4,93.91799999999999,-42.7,4.962,5228.1,no
33,entrepreneur,married,university.degree,no,yes,no,cellular,jul,mon,116,2,999,0,nonexistent,1.4,93.91799999999999,-42.7,4.962,5228.1,no
25,technician,single,university.degree,no,no,no,cellular,jul,mon,135,3,999,0,nonexistent,1.4,93.91799999999999,-42.7,4.962,5228.1,no
40,admin.,single,high.school,no,yes,no,cellular,jul,mon,172,3,999,0,nonexistent,1.4,93.91799999999999,-42.7,4.962,5228.1,no
50,admin.,divorced,basic.9y,no,no,no,cellular,jul,mon,47,4,999,0,nonexistent,1.4,93.91799999999999,-42.7,4.962,5228.1,no
53,self-employed,married,university.degree,no,no,no,cellular,jul,mon,84,2,999,0,nonexistent,1.4,93.91799999999999,-42.7,4.962,5228.1,no
39,admin.,married,high.school,unknown,no,no,cellular,jul,mon,367,2,999,0,nonexistent,1.4,93.91799999999999,-42.7,4.962,5228.1,no
25,blue-collar,single,basic.9y,no,yes,no,cellular,jul,mon,244,7,999,0,nonexistent,1.4,93.91799999999999,-42.7,4.962,5228.1,no
33,entrepreneur,married,university.degree,no,yes,yes,cellular,jul,mon,103,3,999,0,nonexistent,1.4,93.91799999999999,-42.7,4.962,5228.1,no
33,admin.,married,university.degree,no,no,no,cellular,jul,mon,158,3,999,0,nonexistent,1.4,93.91799999999999,-42.7,4.962,5228.1,no
53,self-employed,married,university.degree,no,yes,no,cellular,jul,mon,78,3,999,0,nonexistent,1.4,93.91799999999999,-42.7,4.962,5228.1,no
27,services,single,high.school,no,yes,no,cellular,jul,mon,306,2,999,0,nonexistent,1.4,93.91799999999999,-42.7,4.962,5228.1,no
26,blue-collar,divorced,high.school,no,no,no,telephone,jul,mon,79,3,999,0,nonexistent,1.4,93.91799999999999,-42.7,4.962,5228.1,no
26,blue-collar,single,high.school,no,yes,yes,cellular,jul,mon,110,2,999,0,nonexistent,1.4,93.91799999999999,-42.7,4.962,5228.1,no
39,services,married,professional.course,no,yes,no,cellular,jul,mon,751,2,999,0,nonexistent,1.4,93.91799999999999,-42.7,4.962,5228.1,yes
31,housemaid,married,high.school,no,yes,no,cellular,jul,mon,126,6,999,0,nonexistent,1.4,93.91799999999999,-42.7,4.962,5228.1,no
29,management,single,university.degree,no,yes,no,cellular,jul,mon,84,3,999,0,nonexistent,1.4,93.91799999999999,-42.7,4.962,5228.1,no
48,blue-collar,single,basic.6y,unknown,yes,no,cellular,jul,mon,297,3,999,0,nonexistent,1.4,93.91799999999999,-42.7,4.962,5228.1,no
30,technician,single,professional.course,no,no,no,cellular,jul,mon,66,2,999,0,nonexistent,1.4,93.91799999999999,-42.7,4.962,5228.1,no
31,admin.,single,high.school,no,yes,no,telephone,jul,mon,120,3,999,0,nonexistent,1.4,93.91799999999999,-42.7,4.962,5228.1,no
31,housemaid,married,high.school,no,yes,no,cellular,jul,mon,64,2,999,0,nonexistent,1.4,93.91799999999999,-42.7,4.962,5228.1,no
31,entrepreneur,married,university.degree,unknown,yes,no,cellular,jul,mon,151,2,999,0,nonexistent,1.4,93.91799999999999,-42.7,4.962,5228.1,no
22,housemaid,single,high.school,no,yes,yes,cellular,jul,mon,767,12,999,0,nonexistent,1.4,93.91799999999999,-42.7,4.962,5228.1,no
56,unknown,single,basic.9y,no,no,yes,cellular,jul,mon,329,5,999,0,nonexistent,1.4,93.91799999999999,-42.7,4.962,5228.1,no
35,admin.,married,high.school,unknown,no,yes,cellular,jul,mon,84,2,999,0,nonexistent,1.4,93.91799999999999,-42.7,4.962,5228.1,no
23,blue-collar,single,basic.9y,no,no,yes,cellular,jul,mon,105,3,999,0,nonexistent,1.4,93.91799999999999,-42.7,4.962,5228.1,no
44,blue-collar,married,basic.9y,no,no,no,telephone,jul,mon,214,3,999,0,nonexistent,1.4,93.91799999999999,-42.7,4.962,5228.1,no
27,blue-collar,single,basic.9y,no,yes,no,cellular,jul,mon,189,3,999,0,nonexistent,1.4,93.91799999999999,-42.7,4.962,5228.1,no
31,management,married,university.degree,no,yes,no,cellular,jul,mon,1397,3,999,0,nonexistent,1.4,93.91799999999999,-42.7,4.962,5228.1,yes
43,admin.,married,high.school,no,no,no,cellular,jul,mon,155,2,999,0,nonexistent,1.4,93.91799999999999,-42.7,4.962,5228.1,no
40,services,married,basic.6y,no,yes,no,cellular,jul,mon,137,3,999,0,nonexistent,1.4,93.91799999999999,-42.7,4.962,5228.1,no
49,technician,married,university.degree,unknown,yes,no,cellular,jul,mon,333,2,999,0,nonexistent,1.4,93.91799999999999,-42.7,4.962,5228.1,no
35,blue-collar,married,high.school,unknown,no,no,telephone,jul,mon,44,14,999,0,nonexistent,1.4,93.91799999999999,-42.7,4.962,5228.1,no
32,management,single,university.degree,no,no,no,cellular,jul,mon,173,6,999,0,nonexistent,1.4,93.91799999999999,-42.7,4.962,5228.1,no
32,admin.,single,university.degree,no,unknown,unknown,cellular,jul,mon,209,2,999,0,nonexistent,1.4,93.91799999999999,-42.7,4.962,5228.1,no
25,blue-collar,single,high.school,no,no,no,cellular,jul,mon,122,3,999,0,nonexistent,1.4,93.91799999999999,-42.7,4.962,5228.1,no
40,entrepreneur,married,university.degree,no,yes,no,cellular,jul,mon,238,3,999,0,nonexistent,1.4,93.91799999999999,-42.7,4.962,5228.1,no
45,unemployed,married,university.degree,no,yes,no,telephone,jul,mon,363,3,999,0,nonexistent,1.4,93.91799999999999,-42.7,4.962,5228.1,no
30,admin.,single,university.degree,no,no,no,cellular,jul,mon,64,3,999,0,nonexistent,1.4,93.91799999999999,-42.7,4.962,5228.1,no
26,admin.,single,high.school,no,no,no,cellular,jul,mon,226,4,999,0,nonexistent,1.4,93.91799999999999,-42.7,4.962,5228.1,no
39,admin.,married,university.degree,no,no,no,cellular,jul,mon,97,3,999,0,nonexistent,1.4,93.91799999999999,-42.7,4.962,5228.1,no
56,services,divorced,high.school,unknown,yes,no,cellular,jul,mon,247,2,999,0,nonexistent,1.4,93.91799999999999,-42.7,4.962,5228.1,no
27,blue-collar,single,basic.9y,no,yes,yes,cellular,jul,mon,80,3,999,0,nonexistent,1.4,93.91799999999999,-42.7,4.962,5228.1,no
35,admin.,married,university.degree,no,no,no,cellular,jul,mon,141,2,999,0,nonexistent,1.4,93.91799999999999,-42.7,4.962,5228.1,no
28,admin.,married,university.degree,no,no,no,cellular,jul,mon,187,3,999,0,nonexistent,1.4,93.91799999999999,-42.7,4.962,5228.1,no
30,technician,married,professional.course,no,yes,no,cellular,jul,mon,467,3,999,0,nonexistent,1.4,93.91799999999999,-42.7,4.962,5228.1,no
49,management,married,university.degree,no,no,no,cellular,jul,mon,549,3,999,0,nonexistent,1.4,93.91799999999999,-42.7,4.962,5228.1,no
26,blue-collar,single,high.school,no,yes,no,cellular,jul,mon,460,3,999,0,nonexistent,1.4,93.91799999999999,-42.7,4.962,5228.1,no
27,admin.,single,high.school,no,yes,yes,cellular,jul,mon,138,2,999,0,nonexistent,1.4,93.91799999999999,-42.7,4.962,5228.1,no
38,blue-collar,married,high.school,unknown,no,no,cellular,jul,mon,90,3,999,0,nonexistent,1.4,93.91799999999999,-42.7,4.962,5228.1,no
56,services,divorced,high.school,unknown,yes,no,cellular,jul,mon,354,2,999,0,nonexistent,1.4,93.91799999999999,-42.7,4.962,5228.1,no
35,technician,single,professional.course,no,yes,no,cellular,jul,mon,154,3,999,0,nonexistent,1.4,93.91799999999999,-42.7,4.962,5228.1,no
35,admin.,married,university.degree,no,yes,yes,cellular,jul,mon,228,2,999,0,nonexistent,1.4,93.91799999999999,-42.7,4.962,5228.1,no
35,blue-collar,married,high.school,unknown,yes,yes,telephone,jul,mon,281,3,999,0,nonexistent,1.4,93.91799999999999,-42.7,4.962,5228.1,no
35,admin.,single,university.degree,no,no,no,cellular,jul,mon,132,4,999,0,nonexistent,1.4,93.91799999999999,-42.7,4.962,5228.1,no
35,blue-collar,single,basic.9y,no,yes,no,cellular,jul,mon,126,3,999,0,nonexistent,1.4,93.91799999999999,-42.7,4.962,5228.1,no
50,admin.,divorced,basic.9y,no,yes,yes,cellular,jul,mon,68,2,999,0,nonexistent,1.4,93.91799999999999,-42.7,4.962,5228.1,no
54,blue-collar,single,unknown,no,yes,no,cellular,jul,mon,56,3,999,0,nonexistent,1.4,93.91799999999999,-42.7,4.962,5228.1,no
33,blue-collar,married,high.school,no,no,no,cellular,jul,mon,69,2,999,0,nonexistent,1.4,93.91799999999999,-42.7,4.962,5228.1,no
31,services,married,high.school,no,no,no,cellular,jul,mon,650,4,999,0,nonexistent,1.4,93.91799999999999,-42.7,4.962,5228.1,no
26,blue-collar,single,high.school,no,no,yes,telephone,jul,mon,251,2,999,0,nonexistent,1.4,93.91799999999999,-42.7,4.962,5228.1,no
35,admin.,married,university.degree,no,yes,no,cellular,jul,mon,125,5,999,0,nonexistent,1.4,93.91799999999999,-42.7,4.962,5228.1,no
43,admin.,married,high.school,no,yes,yes,cellular,jul,mon,183,3,999,0,nonexistent,1.4,93.91799999999999,-42.7,4.962,5228.1,no
40,services,married,basic.6y,no,no,no,cellular,jul,mon,119,2,999,0,nonexistent,1.4,93.91799999999999,-42.7,4.962,5228.1,no
40,blue-collar,married,basic.6y,unknown,yes,no,cellular,jul,mon,127,3,999,0,nonexistent,1.4,93.91799999999999,-42.7,4.962,5228.1,no
29,management,single,university.degree,no,yes,no,cellular,jul,mon,138,3,999,0,nonexistent,1.4,93.91799999999999,-42.7,4.962,5228.1,no
26,blue-collar,single,professional.course,no,no,no,cellular,jul,mon,74,6,999,0,nonexistent,1.4,93.91799999999999,-42.7,4.962,5228.1,no
35,blue-collar,single,basic.9y,no,no,no,cellular,jul,mon,53,3,999,0,nonexistent,1.4,93.91799999999999,-42.7,4.962,5228.1,no
27,technician,married,professional.course,no,yes,no,cellular,jul,mon,634,3,999,0,nonexistent,1.4,93.91799999999999,-42.7,4.962,5228.1,no
54,blue-collar,single,unknown,no,yes,no,cellular,jul,mon,213,3,999,0,nonexistent,1.4,93.91799999999999,-42.7,4.962,5228.1,no
24,blue-collar,single,high.school,no,yes,no,cellular,jul,mon,51,2,999,0,nonexistent,1.4,93.91799999999999,-42.7,4.962,5228.1,no
50,blue-collar,married,unknown,unknown,yes,no,telephone,jul,mon,124,12,999,0,nonexistent,1.4,93.91799999999999,-42.7,4.962,5228.1,no
36,admin.,married,university.degree,no,no,no,cellular,jul,mon,58,11,999,0,nonexistent,1.4,93.91799999999999,-42.7,4.962,5228.1,no
28,admin.,single,university.degree,no,yes,no,cellular,jul,mon,219,3,999,0,nonexistent,1.4,93.91799999999999,-42.7,4.962,5228.1,no
29,admin.,single,university.degree,no,yes,no,telephone,jul,mon,310,3,999,0,nonexistent,1.4,93.91799999999999,-42.7,4.962,5228.1,no
32,blue-collar,married,basic.9y,no,no,no,cellular,jul,mon,144,2,999,0,nonexistent,1.4,93.91799999999999,-42.7,4.962,5228.1,no
27,management,married,basic.9y,no,no,yes,cellular,jul,mon,174,3,999,0,nonexistent,1.4,93.91799999999999,-42.7,4.962,5228.1,no
30,technician,married,professional.course,no,yes,no,cellular,jul,mon,41,2,999,0,nonexistent,1.4,93.91799999999999,-42.7,4.962,5228.1,no
27,admin.,married,high.school,no,yes,yes,cellular,jul,mon,101,3,999,0,nonexistent,1.4,93.91799999999999,-42.7,4.962,5228.1,no
29,management,single,university.degree,no,yes,no,telephone,jul,mon,305,3,999,0,nonexistent,1.4,93.91799999999999,-42.7,4.962,5228.1,no
35,blue-collar,married,high.school,no,yes,no,cellular,jul,mon,105,3,999,0,nonexistent,1.4,93.91799999999999,-42.7,4.962,5228.1,no
30,blue-collar,married,basic.9y,no,yes,no,cellular,jul,mon,111,3,999,0,nonexistent,1.4,93.91799999999999,-42.7,4.962,5228.1,no
23,admin.,married,basic.9y,no,yes,no,cellular,jul,mon,686,2,999,0,nonexistent,1.4,93.91799999999999,-42.7,4.962,5228.1,yes
36,technician,divorced,professional.course,no,no,no,cellular,jul,mon,319,3,999,0,nonexistent,1.4,93.91799999999999,-42.7,4.962,5228.1,no
33,entrepreneur,married,university.degree,no,yes,no,cellular,jul,mon,766,3,999,0,nonexistent,1.4,93.91799999999999,-42.7,4.962,5228.1,yes
45,management,married,basic.9y,unknown,yes,no,cellular,jul,mon,297,3,999,0,nonexistent,1.4,93.91799999999999,-42.7,4.962,5228.1,no
56,blue-collar,married,basic.9y,no,yes,no,cellular,jul,mon,86,3,999,0,nonexistent,1.4,93.91799999999999,-42.7,4.962,5228.1,no
31,services,married,basic.9y,no,yes,no,cellular,jul,mon,334,3,999,0,nonexistent,1.4,93.91799999999999,-42.7,4.962,5228.1,no
38,blue-collar,single,basic.9y,unknown,yes,no,cellular,jul,mon,191,3,999,0,nonexistent,1.4,93.91799999999999,-42.7,4.962,5228.1,no
29,admin.,married,high.school,unknown,no,no,cellular,jul,mon,35,3,999,0,nonexistent,1.4,93.91799999999999,-42.7,4.962,5228.1,no
32,blue-collar,married,basic.9y,no,yes,yes,cellular,jul,mon,64,3,999,0,nonexistent,1.4,93.91799999999999,-42.7,4.962,5228.1,no
47,retired,single,basic.6y,unknown,yes,no,cellular,jul,mon,72,3,999,0,nonexistent,1.4,93.91799999999999,-42.7,4.962,5228.1,no
33,self-employed,married,university.degree,no,yes,no,telephone,jul,mon,105,3,999,0,nonexistent,1.4,93.91799999999999,-42.7,4.962,5228.1,no
31,management,married,university.degree,no,yes,no,cellular,jul,mon,106,4,999,0,nonexistent,1.4,93.91799999999999,-42.7,4.962,5228.1,no
44,entrepreneur,married,high.school,no,yes,no,cellular,jul,mon,64,3,999,0,nonexistent,1.4,93.91799999999999,-42.7,4.962,5228.1,no
47,blue-collar,married,basic.6y,no,no,no,cellular,jul,mon,126,3,999,0,nonexistent,1.4,93.91799999999999,-42.7,4.962,5228.1,no
43,services,divorced,high.school,no,no,no,cellular,jul,mon,122,2,999,0,nonexistent,1.4,93.91799999999999,-42.7,4.962,5228.1,no
51,admin.,married,university.degree,no,no,yes,telephone,jul,mon,464,3,999,0,nonexistent,1.4,93.91799999999999,-42.7,4.962,5228.1,no
24,self-employed,single,professional.course,no,yes,no,cellular,jul,mon,201,3,999,0,nonexistent,1.4,93.91799999999999,-42.7,4.962,5228.1,no
34,blue-collar,married,basic.6y,unknown,yes,no,cellular,jul,mon,616,3,999,0,nonexistent,1.4,93.91799999999999,-42.7,4.962,5228.1,no
27,housemaid,married,high.school,no,yes,no,cellular,jul,mon,194,3,999,0,nonexistent,1.4,93.91799999999999,-42.7,4.962,5228.1,no
45,blue-collar,divorced,basic.9y,no,yes,no,cellular,jul,mon,146,2,999,0,nonexistent,1.4,93.91799999999999,-42.7,4.962,5228.1,no
32,unemployed,married,high.school,unknown,yes,no,cellular,jul,mon,38,3,999,0,nonexistent,1.4,93.91799999999999,-42.7,4.962,5228.1,no
22,blue-collar,single,basic.9y,no,yes,no,cellular,jul,mon,245,3,999,0,nonexistent,1.4,93.91799999999999,-42.7,4.962,5228.1,no
22,blue-collar,single,basic.9y,no,yes,no,cellular,jul,mon,79,3,999,0,nonexistent,1.4,93.91799999999999,-42.7,4.962,5228.1,no
37,admin.,married,high.school,unknown,yes,no,cellular,jul,mon,204,3,999,0,nonexistent,1.4,93.91799999999999,-42.7,4.962,5228.1,no
47,retired,single,basic.6y,unknown,yes,no,cellular,jul,mon,145,2,999,0,nonexistent,1.4,93.91799999999999,-42.7,4.962,5228.1,no
43,services,divorced,high.school,no,yes,no,cellular,jul,mon,140,2,999,0,nonexistent,1.4,93.91799999999999,-42.7,4.962,5228.1,no
48,management,married,university.degree,no,yes,no,cellular,jul,mon,768,2,999,0,nonexistent,1.4,93.91799999999999,-42.7,4.962,5228.1,no
50,blue-collar,married,basic.4y,no,no,no,cellular,jul,mon,1130,3,999,0,nonexistent,1.4,93.91799999999999,-42.7,4.962,5228.1,yes
36,blue-collar,married,basic.9y,no,yes,no,cellular,jul,mon,80,3,999,0,nonexistent,1.4,93.91799999999999,-42.7,4.962,5228.1,no
28,admin.,single,high.school,no,no,no,cellular,jul,mon,259,3,999,0,nonexistent,1.4,93.91799999999999,-42.7,4.962,5228.1,no
46,blue-collar,single,basic.6y,unknown,yes,yes,cellular,jul,mon,341,3,999,0,nonexistent,1.4,93.91799999999999,-42.7,4.962,5228.1,no
35,self-employed,married,university.degree,no,yes,no,cellular,jul,mon,192,3,999,0,nonexistent,1.4,93.91799999999999,-42.7,4.962,5228.1,no
42,admin.,married,high.school,no,no,yes,cellular,jul,mon,417,3,999,0,nonexistent,1.4,93.91799999999999,-42.7,4.962,5228.1,no
25,admin.,married,high.school,no,no,no,cellular,jul,mon,154,4,999,0,nonexistent,1.4,93.91799999999999,-42.7,4.962,5228.1,no
51,admin.,married,university.degree,no,no,no,cellular,jul,mon,455,3,999,0,nonexistent,1.4,93.91799999999999,-42.7,4.962,5228.1,no
31,blue-collar,divorced,basic.6y,no,yes,no,cellular,jul,mon,85,3,999,0,nonexistent,1.4,93.91799999999999,-42.7,4.962,5228.1,no
42,blue-collar,married,basic.6y,unknown,no,no,cellular,jul,mon,243,3,999,0,nonexistent,1.4,93.91799999999999,-42.7,4.962,5228.1,no
31,housemaid,married,high.school,no,yes,no,cellular,jul,mon,225,2,999,0,nonexistent,1.4,93.91799999999999,-42.7,4.962,5228.1,no
35,blue-collar,married,high.school,no,yes,no,cellular,jul,mon,85,2,999,0,nonexistent,1.4,93.91799999999999,-42.7,4.962,5228.1,no
52,services,married,high.school,unknown,no,no,cellular,jul,mon,76,2,999,0,nonexistent,1.4,93.91799999999999,-42.7,4.962,5228.1,no
52,entrepreneur,married,basic.9y,unknown,yes,no,cellular,jul,mon,163,2,999,0,nonexistent,1.4,93.91799999999999,-42.7,4.962,5228.1,no
35,blue-collar,married,high.school,no,no,yes,cellular,jul,mon,149,4,999,0,nonexistent,1.4,93.91799999999999,-42.7,4.962,5228.1,no
57,retired,married,university.degree,no,yes,yes,cellular,jul,mon,1062,4,999,0,nonexistent,1.4,93.91799999999999,-42.7,4.962,5228.1,yes
29,blue-collar,married,basic.9y,no,no,no,cellular,jul,mon,334,3,999,0,nonexistent,1.4,93.91799999999999,-42.7,4.962,5228.1,no
36,admin.,single,high.school,unknown,yes,yes,cellular,jul,mon,393,5,999,0,nonexistent,1.4,93.91799999999999,-42.7,4.962,5228.1,no
50,admin.,divorced,basic.9y,no,no,no,cellular,jul,mon,250,5,999,0,nonexistent,1.4,93.91799999999999,-42.7,4.962,5228.1,no
49,blue-collar,divorced,basic.6y,unknown,yes,no,cellular,jul,mon,364,3,999,0,nonexistent,1.4,93.91799999999999,-42.7,4.962,5228.1,no
44,blue-collar,single,basic.6y,unknown,yes,no,cellular,jul,mon,229,3,999,0,nonexistent,1.4,93.91799999999999,-42.7,4.962,5228.1,no
54,blue-collar,single,unknown,no,no,no,cellular,jul,mon,111,2,999,0,nonexistent,1.4,93.91799999999999,-42.7,4.962,5228.1,no
47,retired,single,basic.6y,unknown,yes,no,cellular,jul,mon,315,3,999,0,nonexistent,1.4,93.91799999999999,-42.7,4.962,5228.1,no
26,admin.,single,high.school,no,yes,no,cellular,jul,mon,115,2,999,0,nonexistent,1.4,93.91799999999999,-42.7,4.962,5228.1,no
42,admin.,married,university.degree,no,yes,no,cellular,jul,mon,144,2,999,0,nonexistent,1.4,93.91799999999999,-42.7,4.962,5228.1,no
25,admin.,single,university.degree,no,no,no,cellular,jul,mon,103,4,999,0,nonexistent,1.4,93.91799999999999,-42.7,4.962,5228.1,no
42,technician,married,professional.course,unknown,yes,no,cellular,jul,mon,77,3,999,0,nonexistent,1.4,93.91799999999999,-42.7,4.962,5228.1,no
41,housemaid,single,basic.4y,unknown,yes,no,cellular,jul,mon,385,3,999,0,nonexistent,1.4,93.91799999999999,-42.7,4.962,5228.1,no
45,unemployed,married,high.school,no,yes,no,cellular,jul,mon,99,2,999,0,nonexistent,1.4,93.91799999999999,-42.7,4.962,5228.1,no
28,admin.,married,university.degree,no,no,no,cellular,jul,mon,140,2,999,0,nonexistent,1.4,93.91799999999999,-42.7,4.962,5228.1,no
26,blue-collar,single,high.school,no,no,no,cellular,jul,mon,124,3,999,0,nonexistent,1.4,93.91799999999999,-42.7,4.962,5228.1,no
34,blue-collar,married,basic.9y,no,yes,yes,cellular,jul,mon,465,3,999,0,nonexistent,1.4,93.91799999999999,-42.7,4.962,5228.1,no
47,blue-collar,married,basic.6y,unknown,no,no,cellular,jul,mon,197,3,999,0,nonexistent,1.4,93.91799999999999,-42.7,4.962,5228.1,no
48,management,married,university.degree,no,yes,no,cellular,jul,mon,216,3,999,0,nonexistent,1.4,93.91799999999999,-42.7,4.962,5228.1,no
31,admin.,single,basic.9y,no,yes,no,cellular,jul,mon,392,4,999,0,nonexistent,1.4,93.91799999999999,-42.7,4.962,5228.1,no
27,technician,married,professional.course,no,no,no,telephone,jul,mon,81,2,999,0,nonexistent,1.4,93.91799999999999,-42.7,4.962,5228.1,no
25,blue-collar,single,high.school,no,yes,no,cellular,jul,mon,619,2,999,0,nonexistent,1.4,93.91799999999999,-42.7,4.962,5228.1,no
43,admin.,married,high.school,no,no,no,cellular,jul,mon,81,3,999,0,nonexistent,1.4,93.91799999999999,-42.7,4.962,5228.1,no
48,management,married,university.degree,no,yes,no,cellular,jul,mon,248,3,999,0,nonexistent,1.4,93.91799999999999,-42.7,4.962,5228.1,no
47,retired,single,basic.6y,unknown,no,no,cellular,jul,mon,157,5,999,0,nonexistent,1.4,93.91799999999999,-42.7,4.962,5228.1,no
30,blue-collar,married,basic.9y,no,yes,no,cellular,jul,mon,214,3,999,0,nonexistent,1.4,93.91799999999999,-42.7,4.962,5228.1,no
50,blue-collar,married,professional.course,unknown,yes,no,cellular,jul,mon,201,3,999,0,nonexistent,1.4,93.91799999999999,-42.7,4.962,5228.1,no
29,admin.,married,university.degree,no,yes,yes,cellular,jul,mon,425,3,999,0,nonexistent,1.4,93.91799999999999,-42.7,4.962,5228.1,no
36,admin.,married,university.degree,no,yes,yes,cellular,jul,mon,1669,2,999,0,nonexistent,1.4,93.91799999999999,-42.7,4.962,5228.1,yes
37,blue-collar,married,basic.6y,no,yes,no,cellular,jul,mon,108,5,999,0,nonexistent,1.4,93.91799999999999,-42.7,4.962,5228.1,no
36,blue-collar,married,basic.9y,no,yes,yes,cellular,jul,mon,256,3,999,0,nonexistent,1.4,93.91799999999999,-42.7,4.962,5228.1,no
26,technician,single,high.school,no,yes,no,cellular,jul,mon,377,3,999,0,nonexistent,1.4,93.91799999999999,-42.7,4.962,5228.1,no
30,technician,married,professional.course,no,yes,yes,cellular,jul,mon,184,2,999,0,nonexistent,1.4,93.91799999999999,-42.7,4.962,5228.1,no
34,blue-collar,single,professional.course,no,no,yes,cellular,jul,mon,123,3,999,0,nonexistent,1.4,93.91799999999999,-42.7,4.962,5228.1,no
31,housemaid,married,high.school,no,yes,no,cellular,jul,mon,109,8,999,0,nonexistent,1.4,93.91799999999999,-42.7,4.962,5228.1,no
51,blue-collar,married,basic.4y,unknown,yes,no,cellular,jul,mon,301,6,999,0,nonexistent,1.4,93.91799999999999,-42.7,4.962,5228.1,no
24,services,single,high.school,no,no,no,cellular,jul,mon,257,4,999,0,nonexistent,1.4,93.91799999999999,-42.7,4.962,5228.1,no
28,admin.,single,basic.9y,no,yes,no,cellular,jul,mon,387,2,999,0,nonexistent,1.4,93.91799999999999,-42.7,4.962,5228.1,no
54,blue-collar,married,basic.4y,unknown,no,no,cellular,jul,mon,163,3,999,0,nonexistent,1.4,93.91799999999999,-42.7,4.962,5228.1,no
52,blue-collar,married,unknown,no,no,yes,cellular,jul,mon,326,11,999,0,nonexistent,1.4,93.91799999999999,-42.7,4.962,5228.1,no
34,blue-collar,married,basic.6y,unknown,yes,no,cellular,jul,mon,557,5,999,0,nonexistent,1.4,93.91799999999999,-42.7,4.962,5228.1,no
44,unemployed,married,high.school,no,yes,no,cellular,jul,mon,512,3,999,0,nonexistent,1.4,93.91799999999999,-42.7,4.962,5228.1,no
55,management,single,unknown,no,no,yes,cellular,jul,mon,342,2,999,0,nonexistent,1.4,93.91799999999999,-42.7,4.962,5228.1,no
36,admin.,married,university.degree,no,yes,no,telephone,jul,mon,197,5,999,0,nonexistent,1.4,93.91799999999999,-42.7,4.962,5228.1,no
43,admin.,divorced,high.school,no,yes,no,telephone,jul,mon,109,6,999,0,nonexistent,1.4,93.91799999999999,-42.7,4.962,5228.1,no
46,blue-collar,married,basic.9y,unknown,yes,yes,cellular,jul,mon,194,3,999,0,nonexistent,1.4,93.91799999999999,-42.7,4.962,5228.1,no
47,blue-collar,married,basic.6y,no,yes,yes,cellular,jul,mon,298,3,999,0,nonexistent,1.4,93.91799999999999,-42.7,4.962,5228.1,no
31,technician,married,high.school,no,no,no,cellular,jul,mon,101,3,999,0,nonexistent,1.4,93.91799999999999,-42.7,4.962,5228.1,no
36,technician,divorced,professional.course,no,yes,no,cellular,jul,mon,643,2,999,0,nonexistent,1.4,93.91799999999999,-42.7,4.962,5228.1,no
32,services,married,high.school,no,no,no,cellular,jul,mon,1271,2,999,0,nonexistent,1.4,93.91799999999999,-42.7,4.962,5228.1,no
54,blue-collar,divorced,basic.4y,no,no,no,cellular,jul,mon,149,2,999,0,nonexistent,1.4,93.91799999999999,-42.7,4.962,5228.1,no
50,blue-collar,married,basic.4y,no,no,no,cellular,jul,mon,244,3,999,0,nonexistent,1.4,93.91799999999999,-42.7,4.962,5228.1,no
35,admin.,married,high.school,unknown,no,no,cellular,jul,mon,1336,4,999,0,nonexistent,1.4,93.91799999999999,-42.7,4.962,5228.1,yes
27,blue-collar,single,basic.9y,no,yes,no,telephone,jul,mon,111,3,999,0,nonexistent,1.4,93.91799999999999,-42.7,4.962,5228.1,no
28,admin.,single,high.school,no,no,yes,cellular,jul,mon,157,3,999,0,nonexistent,1.4,93.91799999999999,-42.7,4.962,5228.1,no
34,services,married,high.school,no,unknown,unknown,cellular,jul,mon,455,13,999,0,nonexistent,1.4,93.91799999999999,-42.7,4.962,5228.1,no
31,blue-collar,married,high.school,no,no,yes,cellular,jul,mon,218,3,999,0,nonexistent,1.4,93.91799999999999,-42.7,4.962,5228.1,no
51,housemaid,married,basic.4y,no,yes,no,cellular,jul,mon,118,3,999,0,nonexistent,1.4,93.91799999999999,-42.7,4.962,5228.1,no
54,blue-collar,single,unknown,no,no,no,telephone,jul,mon,185,4,999,0,nonexistent,1.4,93.91799999999999,-42.7,4.962,5228.1,no
51,housemaid,married,university.degree,no,no,no,cellular,jul,mon,138,3,999,0,nonexistent,1.4,93.91799999999999,-42.7,4.962,5228.1,no
30,blue-collar,married,basic.9y,no,no,no,cellular,jul,mon,171,3,999,0,nonexistent,1.4,93.91799999999999,-42.7,4.962,5228.1,no
27,services,single,high.school,no,no,no,cellular,jul,mon,1071,3,999,0,nonexistent,1.4,93.91799999999999,-42.7,4.962,5228.1,yes
27,admin.,single,high.school,no,yes,no,telephone,jul,mon,167,4,999,0,nonexistent,1.4,93.91799999999999,-42.7,4.962,5228.1,no
32,blue-collar,married,basic.9y,no,no,no,cellular,jul,mon,240,3,999,0,nonexistent,1.4,93.91799999999999,-42.7,4.962,5228.1,no
48,blue-collar,divorced,high.school,unknown,no,yes,telephone,jul,mon,716,3,999,0,nonexistent,1.4,93.91799999999999,-42.7,4.962,5228.1,no
30,blue-collar,married,basic.9y,no,yes,no,cellular,jul,mon,149,3,999,0,nonexistent,1.4,93.91799999999999,-42.7,4.962,5228.1,no
23,blue-collar,single,high.school,unknown,yes,no,cellular,jul,mon,150,4,999,0,nonexistent,1.4,93.91799999999999,-42.7,4.962,5228.1,no
35,admin.,divorced,high.school,no,yes,yes,cellular,jul,mon,615,3,999,0,nonexistent,1.4,93.91799999999999,-42.7,4.962,5228.1,no
38,services,single,basic.9y,no,yes,no,cellular,jul,mon,149,4,999,0,nonexistent,1.4,93.91799999999999,-42.7,4.962,5228.1,no
42,housemaid,married,high.school,no,yes,no,cellular,jul,mon,424,4,999,0,nonexistent,1.4,93.91799999999999,-42.7,4.962,5228.1,no
57,blue-collar,married,basic.4y,no,yes,no,cellular,jul,mon,364,3,999,0,nonexistent,1.4,93.91799999999999,-42.7,4.962,5228.1,no
32,admin.,single,university.degree,no,no,no,telephone,jul,mon,179,3,999,0,nonexistent,1.4,93.91799999999999,-42.7,4.962,5228.1,no
35,management,single,university.degree,no,no,no,cellular,jul,mon,403,4,999,0,nonexistent,1.4,93.91799999999999,-42.7,4.962,5228.1,no
43,unemployed,married,high.school,no,yes,no,cellular,jul,mon,745,3,999,0,nonexistent,1.4,93.91799999999999,-42.7,4.962,5228.1,no
27,admin.,married,high.school,no,yes,no,cellular,jul,mon,164,3,999,0,nonexistent,1.4,93.91799999999999,-42.7,4.962,5228.1,no
32,technician,married,professional.course,no,yes,yes,cellular,jul,mon,330,4,999,0,nonexistent,1.4,93.91799999999999,-42.7,4.962,5228.1,no
28,admin.,single,university.degree,no,yes,no,telephone,jul,mon,160,10,999,0,nonexistent,1.4,93.91799999999999,-42.7,4.962,5228.1,no
28,student,single,high.school,no,yes,no,telephone,jul,mon,12,3,999,0,nonexistent,1.4,93.91799999999999,-42.7,4.962,5228.1,no
44,entrepreneur,married,high.school,no,no,no,cellular,jul,mon,77,3,999,0,nonexistent,1.4,93.91799999999999,-42.7,4.962,5228.1,no
32,blue-collar,single,basic.9y,no,yes,no,cellular,jul,mon,552,3,999,0,nonexistent,1.4,93.91799999999999,-42.7,4.962,5228.1,no
33,entrepreneur,married,university.degree,no,yes,no,telephone,jul,mon,35,2,999,0,nonexistent,1.4,93.91799999999999,-42.7,4.962,5228.1,no
36,technician,divorced,professional.course,no,no,no,cellular,jul,mon,36,2,999,0,nonexistent,1.4,93.91799999999999,-42.7,4.962,5228.1,no
44,blue-collar,married,basic.9y,no,yes,no,cellular,jul,mon,46,3,999,0,nonexistent,1.4,93.91799999999999,-42.7,4.962,5228.1,no
23,services,single,high.school,no,no,no,telephone,jul,mon,821,3,999,0,nonexistent,1.4,93.91799999999999,-42.7,4.962,5228.1,no
27,admin.,single,high.school,no,yes,yes,telephone,jul,mon,198,5,999,0,nonexistent,1.4,93.91799999999999,-42.7,4.962,5228.1,no
26,technician,single,high.school,no,yes,yes,cellular,jul,mon,894,7,999,0,nonexistent,1.4,93.91799999999999,-42.7,4.962,5228.1,yes
59,blue-collar,divorced,basic.4y,unknown,no,yes,cellular,jul,mon,84,6,999,0,nonexistent,1.4,93.91799999999999,-42.7,4.962,5228.1,no
27,services,married,high.school,no,yes,no,cellular,jul,mon,250,3,999,0,nonexistent,1.4,93.91799999999999,-42.7,4.962,5228.1,no
31,admin.,single,high.school,no,no,no,cellular,jul,mon,133,3,999,0,nonexistent,1.4,93.91799999999999,-42.7,4.962,5228.1,no
57,blue-collar,married,basic.4y,no,yes,no,cellular,jul,mon,76,2,999,0,nonexistent,1.4,93.91799999999999,-42.7,4.962,5228.1,no
29,entrepreneur,single,basic.9y,no,no,no,cellular,jul,mon,223,3,999,0,nonexistent,1.4,93.91799999999999,-42.7,4.962,5228.1,no
34,blue-collar,married,basic.6y,unknown,no,yes,telephone,jul,mon,164,3,999,0,nonexistent,1.4,93.91799999999999,-42.7,4.962,5228.1,no
35,admin.,married,high.school,unknown,no,no,cellular,jul,mon,356,3,999,0,nonexistent,1.4,93.91799999999999,-42.7,4.962,5228.1,no
47,self-employed,married,basic.9y,unknown,yes,no,telephone,jul,mon,135,10,999,0,nonexistent,1.4,93.91799999999999,-42.7,4.962,5228.1,no
44,blue-collar,married,basic.4y,unknown,no,no,cellular,jul,mon,358,6,999,0,nonexistent,1.4,93.91799999999999,-42.7,4.962,5228.1,no
51,admin.,married,university.degree,no,no,no,telephone,jul,mon,172,4,999,0,nonexistent,1.4,93.91799999999999,-42.7,4.962,5228.1,no
45,blue-collar,divorced,basic.9y,no,no,no,cellular,jul,mon,399,4,999,0,nonexistent,1.4,93.91799999999999,-42.7,4.962,5228.1,no
46,blue-collar,single,basic.6y,unknown,no,no,cellular,jul,mon,180,4,999,0,nonexistent,1.4,93.91799999999999,-42.7,4.962,5228.1,no
34,blue-collar,married,basic.4y,no,no,no,telephone,jul,mon,252,4,999,0,nonexistent,1.4,93.91799999999999,-42.7,4.962,5228.1,no
32,admin.,single,university.degree,no,yes,no,telephone,jul,mon,109,3,999,0,nonexistent,1.4,93.91799999999999,-42.7,4.962,5228.1,no
36,blue-collar,married,basic.9y,no,unknown,unknown,telephone,jul,mon,102,14,999,0,nonexistent,1.4,93.91799999999999,-42.7,4.962,5228.1,no
33,blue-collar,married,high.school,no,yes,no,cellular,jul,mon,457,3,999,0,nonexistent,1.4,93.91799999999999,-42.7,4.962,5228.1,no
59,blue-collar,divorced,basic.4y,unknown,yes,no,cellular,jul,mon,254,3,999,0,nonexistent,1.4,93.91799999999999,-42.7,4.962,5228.1,no
33,management,single,university.degree,no,yes,no,cellular,jul,mon,400,3,999,0,nonexistent,1.4,93.91799999999999,-42.7,4.962,5228.1,no
39,admin.,married,university.degree,no,no,no,cellular,jul,mon,171,3,999,0,nonexistent,1.4,93.91799999999999,-42.7,4.962,5228.1,no
30,blue-collar,married,basic.9y,no,no,no,cellular,jul,mon,196,4,999,0,nonexistent,1.4,93.91799999999999,-42.7,4.962,5228.1,no
30,technician,married,professional.course,no,yes,yes,telephone,jul,mon,123,4,999,0,nonexistent,1.4,93.91799999999999,-42.7,4.962,5228.1,no
39,blue-collar,married,basic.9y,no,no,no,cellular,jul,tue,231,2,999,0,nonexistent,1.4,93.91799999999999,-42.7,4.961,5228.1,no
28,blue-collar,single,basic.4y,unknown,yes,no,telephone,jul,tue,321,3,999,0,nonexistent,1.4,93.91799999999999,-42.7,4.961,5228.1,no
38,technician,single,professional.course,no,yes,no,cellular,jul,tue,170,3,999,0,nonexistent,1.4,93.91799999999999,-42.7,4.961,5228.1,no
57,blue-collar,married,basic.9y,unknown,yes,no,cellular,jul,tue,101,3,999,0,nonexistent,1.4,93.91799999999999,-42.7,4.961,5228.1,no
31,blue-collar,married,basic.9y,unknown,yes,yes,cellular,jul,tue,656,3,999,0,nonexistent,1.4,93.91799999999999,-42.7,4.961,5228.1,no
53,blue-collar,married,basic.9y,no,yes,no,cellular,jul,tue,122,4,999,0,nonexistent,1.4,93.91799999999999,-42.7,4.961,5228.1,no
56,blue-collar,married,basic.4y,unknown,yes,no,cellular,jul,tue,335,2,999,0,nonexistent,1.4,93.91799999999999,-42.7,4.961,5228.1,no
32,admin.,single,university.degree,no,unknown,unknown,cellular,jul,tue,136,3,999,0,nonexistent,1.4,93.91799999999999,-42.7,4.961,5228.1,no
28,blue-collar,single,basic.4y,unknown,no,no,cellular,jul,tue,528,3,999,0,nonexistent,1.4,93.91799999999999,-42.7,4.961,5228.1,no
44,services,divorced,basic.9y,no,no,no,cellular,jul,tue,805,3,999,0,nonexistent,1.4,93.91799999999999,-42.7,4.961,5228.1,yes
35,blue-collar,single,basic.9y,unknown,yes,no,cellular,jul,tue,71,2,999,0,nonexistent,1.4,93.91799999999999,-42.7,4.961,5228.1,no
53,blue-collar,married,basic.9y,no,yes,no,cellular,jul,tue,56,3,999,0,nonexistent,1.4,93.91799999999999,-42.7,4.961,5228.1,no
38,retired,single,basic.6y,unknown,no,no,cellular,jul,tue,129,2,999,0,nonexistent,1.4,93.91799999999999,-42.7,4.961,5228.1,no
50,technician,single,university.degree,no,yes,no,cellular,jul,tue,129,4,999,0,nonexistent,1.4,93.91799999999999,-42.7,4.961,5228.1,no
25,management,single,university.degree,no,no,no,cellular,jul,tue,125,3,999,0,nonexistent,1.4,93.91799999999999,-42.7,4.961,5228.1,no
32,blue-collar,married,basic.6y,no,no,no,telephone,jul,tue,285,3,999,0,nonexistent,1.4,93.91799999999999,-42.7,4.961,5228.1,no
46,blue-collar,married,basic.4y,unknown,no,no,cellular,jul,tue,166,3,999,0,nonexistent,1.4,93.91799999999999,-42.7,4.961,5228.1,no
57,blue-collar,married,basic.9y,no,yes,no,cellular,jul,tue,106,2,999,0,nonexistent,1.4,93.91799999999999,-42.7,4.961,5228.1,no
30,admin.,single,university.degree,no,yes,no,cellular,jul,tue,101,2,999,0,nonexistent,1.4,93.91799999999999,-42.7,4.961,5228.1,no
27,blue-collar,single,basic.9y,no,no,no,cellular,jul,tue,169,2,999,0,nonexistent,1.4,93.91799999999999,-42.7,4.961,5228.1,no
50,technician,single,university.degree,no,no,no,cellular,jul,tue,179,3,999,0,nonexistent,1.4,93.91799999999999,-42.7,4.961,5228.1,no
46,technician,divorced,professional.course,no,no,no,cellular,jul,tue,231,3,999,0,nonexistent,1.4,93.91799999999999,-42.7,4.961,5228.1,no
56,management,married,university.degree,no,no,no,cellular,jul,tue,442,2,999,0,nonexistent,1.4,93.91799999999999,-42.7,4.961,5228.1,no
34,admin.,single,university.degree,no,yes,no,cellular,jul,tue,439,2,999,0,nonexistent,1.4,93.91799999999999,-42.7,4.961,5228.1,no
38,technician,single,professional.course,no,yes,no,cellular,jul,tue,249,2,999,0,nonexistent,1.4,93.91799999999999,-42.7,4.961,5228.1,no
31,blue-collar,married,basic.9y,unknown,yes,no,cellular,jul,tue,204,3,999,0,nonexistent,1.4,93.91799999999999,-42.7,4.961,5228.1,no
27,technician,single,professional.course,no,yes,no,cellular,jul,tue,131,2,999,0,nonexistent,1.4,93.91799999999999,-42.7,4.961,5228.1,no
23,blue-collar,single,basic.9y,no,no,no,cellular,jul,tue,126,3,999,0,nonexistent,1.4,93.91799999999999,-42.7,4.961,5228.1,no
51,retired,married,university.degree,unknown,no,no,cellular,jul,tue,94,3,999,0,nonexistent,1.4,93.91799999999999,-42.7,4.961,5228.1,no
37,housemaid,married,basic.4y,no,no,no,cellular,jul,tue,56,4,999,0,nonexistent,1.4,93.91799999999999,-42.7,4.961,5228.1,no
35,admin.,married,basic.9y,no,yes,no,cellular,jul,tue,274,3,999,0,nonexistent,1.4,93.91799999999999,-42.7,4.961,5228.1,no
25,blue-collar,married,basic.9y,unknown,no,no,cellular,jul,tue,42,4,999,0,nonexistent,1.4,93.91799999999999,-42.7,4.961,5228.1,no
48,blue-collar,married,basic.9y,no,unknown,unknown,cellular,jul,tue,112,4,999,0,nonexistent,1.4,93.91799999999999,-42.7,4.961,5228.1,no
32,blue-collar,single,basic.6y,unknown,unknown,unknown,cellular,jul,tue,199,4,999,0,nonexistent,1.4,93.91799999999999,-42.7,4.961,5228.1,no
32,management,divorced,university.degree,no,no,no,cellular,jul,tue,131,5,999,0,nonexistent,1.4,93.91799999999999,-42.7,4.961,5228.1,no
44,blue-collar,married,basic.4y,no,yes,no,cellular,jul,tue,75,4,999,0,nonexistent,1.4,93.91799999999999,-42.7,4.961,5228.1,no
31,blue-collar,single,high.school,no,yes,no,cellular,jul,tue,101,4,999,0,nonexistent,1.4,93.91799999999999,-42.7,4.961,5228.1,no
29,blue-collar,married,basic.9y,no,yes,no,cellular,jul,tue,138,4,999,0,nonexistent,1.4,93.91799999999999,-42.7,4.961,5228.1,no
35,blue-collar,single,basic.9y,no,no,yes,cellular,jul,tue,416,3,999,0,nonexistent,1.4,93.91799999999999,-42.7,4.961,5228.1,no
57,blue-collar,married,basic.9y,unknown,no,no,cellular,jul,tue,659,3,999,0,nonexistent,1.4,93.91799999999999,-42.7,4.961,5228.1,no
45,blue-collar,married,basic.4y,unknown,yes,no,cellular,jul,tue,202,3,999,0,nonexistent,1.4,93.91799999999999,-42.7,4.961,5228.1,no
42,services,married,basic.6y,no,no,no,cellular,jul,tue,92,3,999,0,nonexistent,1.4,93.91799999999999,-42.7,4.961,5228.1,no
48,admin.,single,university.degree,no,yes,yes,telephone,jul,tue,265,4,999,0,nonexistent,1.4,93.91799999999999,-42.7,4.961,5228.1,no
57,blue-collar,married,basic.9y,unknown,yes,no,cellular,jul,tue,579,4,999,0,nonexistent,1.4,93.91799999999999,-42.7,4.961,5228.1,no
50,blue-collar,married,basic.4y,unknown,yes,yes,cellular,jul,tue,195,6,999,0,nonexistent,1.4,93.91799999999999,-42.7,4.961,5228.1,no
35,technician,married,professional.course,no,yes,no,cellular,jul,tue,401,4,999,0,nonexistent,1.4,93.91799999999999,-42.7,4.961,5228.1,no
34,services,divorced,high.school,no,no,yes,cellular,jul,tue,101,2,999,0,nonexistent,1.4,93.91799999999999,-42.7,4.961,5228.1,no
32,housemaid,single,university.degree,unknown,yes,no,cellular,jul,tue,71,4,999,0,nonexistent,1.4,93.91799999999999,-42.7,4.961,5228.1,no
25,technician,single,professional.course,no,yes,no,cellular,jul,tue,134,4,999,0,nonexistent,1.4,93.91799999999999,-42.7,4.961,5228.1,no
38,blue-collar,single,basic.4y,unknown,no,no,telephone,jul,tue,41,5,999,0,nonexistent,1.4,93.91799999999999,-42.7,4.961,5228.1,no
33,services,married,high.school,no,no,no,cellular,jul,tue,280,5,999,0,nonexistent,1.4,93.91799999999999,-42.7,4.961,5228.1,no
55,blue-collar,married,basic.4y,no,yes,no,cellular,jul,tue,63,2,999,0,nonexistent,1.4,93.91799999999999,-42.7,4.961,5228.1,no
54,retired,married,basic.4y,no,yes,yes,telephone,jul,tue,533,3,999,0,nonexistent,1.4,93.91799999999999,-42.7,4.961,5228.1,yes
30,entrepreneur,single,high.school,no,yes,no,telephone,jul,tue,501,2,999,0,nonexistent,1.4,93.91799999999999,-42.7,4.961,5228.1,no
30,blue-collar,divorced,basic.6y,no,no,no,cellular,jul,tue,76,3,999,0,nonexistent,1.4,93.91799999999999,-42.7,4.961,5228.1,no
57,self-employed,married,professional.course,no,yes,no,cellular,jul,tue,1056,2,999,0,nonexistent,1.4,93.91799999999999,-42.7,4.961,5228.1,yes
36,blue-collar,married,basic.4y,unknown,no,no,cellular,jul,tue,753,4,999,0,nonexistent,1.4,93.91799999999999,-42.7,4.961,5228.1,no
48,admin.,single,university.degree,no,yes,yes,telephone,jul,tue,80,2,999,0,nonexistent,1.4,93.91799999999999,-42.7,4.961,5228.1,no
34,services,divorced,high.school,no,yes,no,cellular,jul,tue,317,3,999,0,nonexistent,1.4,93.91799999999999,-42.7,4.961,5228.1,no
55,blue-collar,married,illiterate,no,no,no,cellular,jul,tue,129,2,999,0,nonexistent,1.4,93.91799999999999,-42.7,4.961,5228.1,no
40,admin.,single,high.school,no,yes,no,cellular,jul,tue,237,4,999,0,nonexistent,1.4,93.91799999999999,-42.7,4.961,5228.1,no
36,self-employed,divorced,professional.course,unknown,yes,yes,cellular,jul,tue,110,4,999,0,nonexistent,1.4,93.91799999999999,-42.7,4.961,5228.1,no
30,entrepreneur,single,high.school,no,no,yes,cellular,jul,tue,295,4,999,0,nonexistent,1.4,93.91799999999999,-42.7,4.961,5228.1,no
34,admin.,single,university.degree,no,no,no,cellular,jul,tue,61,4,999,0,nonexistent,1.4,93.91799999999999,-42.7,4.961,5228.1,no
37,management,single,university.degree,no,yes,no,cellular,jul,tue,188,3,999,0,nonexistent,1.4,93.91799999999999,-42.7,4.961,5228.1,no
38,technician,single,professional.course,no,no,no,cellular,jul,tue,815,4,999,0,nonexistent,1.4,93.91799999999999,-42.7,4.961,5228.1,yes
40,blue-collar,married,unknown,no,no,no,cellular,jul,tue,117,3,999,0,nonexistent,1.4,93.91799999999999,-42.7,4.961,5228.1,no
32,blue-collar,married,basic.9y,unknown,no,no,telephone,jul,tue,89,5,999,0,nonexistent,1.4,93.91799999999999,-42.7,4.961,5228.1,no
51,retired,married,basic.9y,no,yes,no,cellular,jul,tue,109,2,999,0,nonexistent,1.4,93.91799999999999,-42.7,4.961,5228.1,no
45,blue-collar,married,basic.4y,unknown,yes,no,cellular,jul,tue,315,2,999,0,nonexistent,1.4,93.91799999999999,-42.7,4.961,5228.1,no
37,blue-collar,married,basic.4y,no,yes,no,cellular,jul,tue,226,3,999,0,nonexistent,1.4,93.91799999999999,-42.7,4.961,5228.1,no
45,blue-collar,married,basic.4y,unknown,no,no,telephone,jul,tue,49,3,999,0,nonexistent,1.4,93.91799999999999,-42.7,4.961,5228.1,no
25,entrepreneur,single,university.degree,no,no,yes,cellular,jul,tue,280,2,999,0,nonexistent,1.4,93.91799999999999,-42.7,4.961,5228.1,no
46,technician,divorced,professional.course,no,no,no,cellular,jul,tue,121,4,999,0,nonexistent,1.4,93.91799999999999,-42.7,4.961,5228.1,no
43,blue-collar,married,basic.9y,no,no,no,telephone,jul,tue,778,3,999,0,nonexistent,1.4,93.91799999999999,-42.7,4.961,5228.1,no
29,entrepreneur,married,basic.4y,no,no,no,cellular,jul,tue,103,4,999,0,nonexistent,1.4,93.91799999999999,-42.7,4.961,5228.1,no
38,admin.,divorced,university.degree,no,no,no,cellular,jul,tue,232,3,999,0,nonexistent,1.4,93.91799999999999,-42.7,4.961,5228.1,no
28,admin.,married,high.school,unknown,no,no,cellular,jul,tue,60,3,999,0,nonexistent,1.4,93.91799999999999,-42.7,4.961,5228.1,no
33,admin.,married,high.school,unknown,no,no,cellular,jul,tue,87,5,999,0,nonexistent,1.4,93.91799999999999,-42.7,4.961,5228.1,no
33,admin.,single,university.degree,no,yes,no,cellular,jul,tue,156,4,999,0,nonexistent,1.4,93.91799999999999,-42.7,4.961,5228.1,no
34,entrepreneur,married,high.school,unknown,no,no,cellular,jul,tue,924,4,999,0,nonexistent,1.4,93.91799999999999,-42.7,4.961,5228.1,no
37,blue-collar,married,basic.6y,unknown,no,no,cellular,jul,tue,65,3,999,0,nonexistent,1.4,93.91799999999999,-42.7,4.961,5228.1,no
57,blue-collar,divorced,basic.6y,unknown,yes,no,cellular,jul,tue,256,5,999,0,nonexistent,1.4,93.91799999999999,-42.7,4.961,5228.1,no
45,admin.,married,university.degree,no,yes,no,cellular,jul,tue,132,3,999,0,nonexistent,1.4,93.91799999999999,-42.7,4.961,5228.1,no
27,services,single,high.school,no,unknown,unknown,telephone,jul,tue,207,3,999,0,nonexistent,1.4,93.91799999999999,-42.7,4.961,5228.1,no
45,services,married,basic.4y,no,no,no,telephone,jul,tue,152,4,999,0,nonexistent,1.4,93.91799999999999,-42.7,4.961,5228.1,no
39,blue-collar,married,unknown,unknown,yes,no,telephone,jul,tue,49,5,999,0,nonexistent,1.4,93.91799999999999,-42.7,4.961,5228.1,no
28,blue-collar,single,basic.4y,unknown,no,no,cellular,jul,tue,67,5,999,0,nonexistent,1.4,93.91799999999999,-42.7,4.961,5228.1,no
38,management,married,university.degree,no,yes,no,cellular,jul,tue,646,4,999,0,nonexistent,1.4,93.91799999999999,-42.7,4.961,5228.1,no
24,entrepreneur,single,university.degree,no,yes,no,cellular,jul,tue,808,3,999,0,nonexistent,1.4,93.91799999999999,-42.7,4.961,5228.1,yes
37,admin.,divorced,high.school,no,no,no,cellular,jul,tue,81,4,999,0,nonexistent,1.4,93.91799999999999,-42.7,4.961,5228.1,no
33,admin.,married,high.school,unknown,yes,no,cellular,jul,tue,58,2,999,0,nonexistent,1.4,93.91799999999999,-42.7,4.961,5228.1,no
31,services,married,high.school,unknown,yes,no,cellular,jul,tue,178,3,999,0,nonexistent,1.4,93.91799999999999,-42.7,4.961,5228.1,no
24,blue-collar,single,basic.9y,unknown,yes,no,cellular,jul,tue,88,3,999,0,nonexistent,1.4,93.91799999999999,-42.7,4.961,5228.1,no
31,admin.,married,high.school,unknown,yes,no,cellular,jul,tue,177,3,999,0,nonexistent,1.4,93.91799999999999,-42.7,4.961,5228.1,no
35,admin.,married,basic.6y,no,yes,no,cellular,jul,tue,364,10,999,0,nonexistent,1.4,93.91799999999999,-42.7,4.961,5228.1,no
39,blue-collar,married,unknown,unknown,yes,yes,cellular,jul,tue,156,4,999,0,nonexistent,1.4,93.91799999999999,-42.7,4.961,5228.1,no
37,admin.,single,university.degree,unknown,yes,no,cellular,jul,tue,77,2,999,0,nonexistent,1.4,93.91799999999999,-42.7,4.961,5228.1,no
48,unemployed,married,university.degree,no,yes,yes,cellular,jul,tue,200,3,999,0,nonexistent,1.4,93.91799999999999,-42.7,4.961,5228.1,no
31,blue-collar,married,basic.9y,unknown,no,no,cellular,jul,tue,243,4,999,0,nonexistent,1.4,93.91799999999999,-42.7,4.961,5228.1,no
37,admin.,single,university.degree,unknown,no,yes,cellular,jul,tue,133,4,999,0,nonexistent,1.4,93.91799999999999,-42.7,4.961,5228.1,no
34,management,divorced,university.degree,no,no,yes,cellular,jul,tue,321,5,999,0,nonexistent,1.4,93.91799999999999,-42.7,4.961,5228.1,no
53,technician,divorced,high.school,no,yes,no,cellular,jul,tue,201,4,999,0,nonexistent,1.4,93.91799999999999,-42.7,4.961,5228.1,no
57,blue-collar,married,unknown,no,no,no,cellular,jul,tue,137,4,999,0,nonexistent,1.4,93.91799999999999,-42.7,4.961,5228.1,no
26,admin.,married,university.degree,no,no,no,cellular,jul,tue,503,6,999,0,nonexistent,1.4,93.91799999999999,-42.7,4.961,5228.1,no
35,services,married,high.school,no,yes,no,cellular,jul,tue,377,4,999,0,nonexistent,1.4,93.91799999999999,-42.7,4.961,5228.1,no
45,technician,married,professional.course,no,yes,no,cellular,jul,tue,83,3,999,0,nonexistent,1.4,93.91799999999999,-42.7,4.961,5228.1,no
25,admin.,single,high.school,no,yes,no,cellular,jul,tue,53,1,999,0,nonexistent,1.4,93.91799999999999,-42.7,4.961,5228.1,no
49,blue-collar,married,basic.4y,unknown,yes,no,cellular,jul,tue,106,12,999,0,nonexistent,1.4,93.91799999999999,-42.7,4.961,5228.1,no
30,blue-collar,single,basic.6y,no,yes,no,telephone,jul,tue,135,5,999,0,nonexistent,1.4,93.91799999999999,-42.7,4.961,5228.1,no
32,services,married,high.school,no,no,no,cellular,jul,tue,135,1,999,0,nonexistent,1.4,93.91799999999999,-42.7,4.961,5228.1,no
45,retired,divorced,university.degree,no,yes,no,cellular,jul,tue,372,4,999,0,nonexistent,1.4,93.91799999999999,-42.7,4.961,5228.1,no
40,admin.,married,university.degree,no,yes,no,cellular,jul,tue,128,1,999,0,nonexistent,1.4,93.91799999999999,-42.7,4.961,5228.1,no
36,blue-collar,married,basic.4y,unknown,no,no,cellular,jul,tue,1615,3,999,0,nonexistent,1.4,93.91799999999999,-42.7,4.961,5228.1,yes
33,housemaid,married,basic.9y,no,no,no,cellular,jul,tue,860,4,999,0,nonexistent,1.4,93.91799999999999,-42.7,4.961,5228.1,yes
24,admin.,single,high.school,no,yes,yes,telephone,jul,tue,162,1,999,0,nonexistent,1.4,93.91799999999999,-42.7,4.961,5228.1,no
49,blue-collar,divorced,basic.4y,unknown,yes,no,cellular,jul,tue,246,1,999,0,nonexistent,1.4,93.91799999999999,-42.7,4.961,5228.1,no
47,admin.,married,basic.6y,no,unknown,unknown,cellular,jul,tue,317,1,999,0,nonexistent,1.4,93.91799999999999,-42.7,4.961,5228.1,no
56,housemaid,married,basic.4y,unknown,no,no,cellular,jul,tue,76,1,999,0,nonexistent,1.4,93.91799999999999,-42.7,4.961,5228.1,no
34,admin.,single,university.degree,no,no,no,cellular,jul,tue,182,1,999,0,nonexistent,1.4,93.91799999999999,-42.7,4.961,5228.1,no
59,blue-collar,married,basic.4y,unknown,yes,no,cellular,jul,tue,85,5,999,0,nonexistent,1.4,93.91799999999999,-42.7,4.961,5228.1,no
31,blue-collar,married,basic.9y,no,no,no,telephone,jul,tue,280,6,999,0,nonexistent,1.4,93.91799999999999,-42.7,4.961,5228.1,no
25,services,single,high.school,no,yes,no,cellular,jul,tue,218,1,999,0,nonexistent,1.4,93.91799999999999,-42.7,4.961,5228.1,no
36,admin.,single,basic.9y,no,yes,no,cellular,jul,tue,274,1,999,0,nonexistent,1.4,93.91799999999999,-42.7,4.961,5228.1,no
35,blue-collar,divorced,basic.9y,no,yes,no,cellular,jul,tue,130,1,999,0,nonexistent,1.4,93.91799999999999,-42.7,4.961,5228.1,no
37,technician,married,professional.course,unknown,yes,yes,cellular,jul,tue,177,1,999,0,nonexistent,1.4,93.91799999999999,-42.7,4.961,5228.1,no
34,technician,divorced,professional.course,no,no,no,cellular,jul,tue,116,5,999,0,nonexistent,1.4,93.91799999999999,-42.7,4.961,5228.1,no
34,admin.,single,university.degree,no,no,no,cellular,jul,tue,98,2,999,0,nonexistent,1.4,93.91799999999999,-42.7,4.961,5228.1,no
35,blue-collar,married,basic.6y,no,no,yes,cellular,jul,tue,92,4,999,0,nonexistent,1.4,93.91799999999999,-42.7,4.961,5228.1,no
28,blue-collar,married,basic.9y,unknown,yes,no,telephone,jul,tue,141,4,999,0,nonexistent,1.4,93.91799999999999,-42.7,4.961,5228.1,no
35,blue-collar,divorced,basic.9y,no,no,no,cellular,jul,tue,658,1,999,0,nonexistent,1.4,93.91799999999999,-42.7,4.961,5228.1,yes
31,technician,single,professional.course,no,yes,no,telephone,jul,tue,37,4,999,0,nonexistent,1.4,93.91799999999999,-42.7,4.961,5228.1,no
37,technician,married,professional.course,unknown,yes,yes,cellular,jul,tue,144,1,999,0,nonexistent,1.4,93.91799999999999,-42.7,4.961,5228.1,no
33,management,married,university.degree,no,no,no,cellular,jul,tue,794,1,999,0,nonexistent,1.4,93.91799999999999,-42.7,4.961,5228.1,no
56,management,married,university.degree,no,yes,no,cellular,jul,tue,90,1,999,0,nonexistent,1.4,93.91799999999999,-42.7,4.961,5228.1,no
37,housemaid,married,basic.4y,no,yes,no,cellular,jul,tue,70,1,999,0,nonexistent,1.4,93.91799999999999,-42.7,4.961,5228.1,no
26,admin.,married,basic.9y,no,no,no,cellular,jul,tue,878,2,999,0,nonexistent,1.4,93.91799999999999,-42.7,4.961,5228.1,yes
35,housemaid,married,basic.9y,no,no,no,cellular,jul,tue,280,2,999,0,nonexistent,1.4,93.91799999999999,-42.7,4.961,5228.1,no
40,admin.,divorced,high.school,no,yes,no,cellular,jul,tue,193,6,999,0,nonexistent,1.4,93.91799999999999,-42.7,4.961,5228.1,no
43,blue-collar,married,basic.9y,no,no,yes,cellular,jul,tue,148,2,999,0,nonexistent,1.4,93.91799999999999,-42.7,4.961,5228.1,no
46,technician,divorced,professional.course,no,yes,no,cellular,jul,tue,513,5,999,0,nonexistent,1.4,93.91799999999999,-42.7,4.961,5228.1,no
30,services,single,high.school,no,no,yes,cellular,jul,tue,172,4,999,0,nonexistent,1.4,93.91799999999999,-42.7,4.961,5228.1,no
50,technician,single,university.degree,no,yes,no,cellular,jul,tue,89,2,999,0,nonexistent,1.4,93.91799999999999,-42.7,4.961,5228.1,no
49,blue-collar,married,basic.4y,unknown,yes,no,cellular,jul,tue,792,4,999,0,nonexistent,1.4,93.91799999999999,-42.7,4.961,5228.1,no
31,admin.,single,high.school,no,no,no,cellular,jul,tue,355,1,999,0,nonexistent,1.4,93.91799999999999,-42.7,4.961,5228.1,no
32,services,single,unknown,unknown,no,no,cellular,jul,tue,981,1,999,0,nonexistent,1.4,93.91799999999999,-42.7,4.961,5228.1,yes
28,blue-collar,single,high.school,no,yes,no,cellular,jul,tue,158,5,999,0,nonexistent,1.4,93.91799999999999,-42.7,4.961,5228.1,no
28,admin.,married,high.school,unknown,yes,yes,cellular,jul,tue,722,3,999,0,nonexistent,1.4,93.91799999999999,-42.7,4.961,5228.1,no
29,management,single,high.school,no,no,yes,cellular,jul,tue,103,4,999,0,nonexistent,1.4,93.91799999999999,-42.7,4.961,5228.1,no
33,services,married,high.school,no,yes,no,cellular,jul,tue,820,4,999,0,nonexistent,1.4,93.91799999999999,-42.7,4.961,5228.1,yes
50,admin.,married,professional.course,no,no,no,cellular,jul,tue,1001,3,999,0,nonexistent,1.4,93.91799999999999,-42.7,4.961,5228.1,yes
26,technician,divorced,professional.course,no,no,yes,cellular,jul,tue,500,1,999,0,nonexistent,1.4,93.91799999999999,-42.7,4.961,5228.1,yes
26,technician,divorced,professional.course,no,yes,no,cellular,jul,tue,348,1,999,0,nonexistent,1.4,93.91799999999999,-42.7,4.961,5228.1,no
32,technician,single,professional.course,no,no,yes,cellular,jul,tue,129,1,999,0,nonexistent,1.4,93.91799999999999,-42.7,4.961,5228.1,no
34,management,divorced,university.degree,no,yes,no,cellular,jul,tue,1228,6,999,0,nonexistent,1.4,93.91799999999999,-42.7,4.961,5228.1,yes
25,blue-collar,married,high.school,unknown,yes,no,cellular,jul,tue,94,4,999,0,nonexistent,1.4,93.91799999999999,-42.7,4.961,5228.1,no
32,entrepreneur,single,university.degree,no,yes,no,cellular,jul,tue,192,3,999,0,nonexistent,1.4,93.91799999999999,-42.7,4.961,5228.1,no
37,services,married,high.school,no,yes,no,cellular,jul,tue,331,2,999,0,nonexistent,1.4,93.91799999999999,-42.7,4.961,5228.1,no
38,admin.,single,high.school,no,no,yes,telephone,jul,tue,91,2,999,0,nonexistent,1.4,93.91799999999999,-42.7,4.961,5228.1,no
56,management,married,basic.4y,unknown,yes,no,cellular,jul,tue,61,2,999,0,nonexistent,1.4,93.91799999999999,-42.7,4.961,5228.1,no
34,management,divorced,university.degree,no,yes,no,cellular,jul,tue,580,5,999,0,nonexistent,1.4,93.91799999999999,-42.7,4.961,5228.1,no
39,housemaid,single,university.degree,unknown,no,no,telephone,jul,tue,39,9,999,0,nonexistent,1.4,93.91799999999999,-42.7,4.961,5228.1,no
52,blue-collar,divorced,unknown,no,no,no,cellular,jul,tue,111,8,999,0,nonexistent,1.4,93.91799999999999,-42.7,4.961,5228.1,no
23,technician,single,university.degree,no,yes,yes,cellular,jul,tue,603,11,999,0,nonexistent,1.4,93.91799999999999,-42.7,4.961,5228.1,no
33,unemployed,single,unknown,no,no,no,cellular,jul,tue,211,6,999,0,nonexistent,1.4,93.91799999999999,-42.7,4.961,5228.1,no
39,admin.,divorced,high.school,no,yes,no,cellular,jul,tue,514,5,999,0,nonexistent,1.4,93.91799999999999,-42.7,4.961,5228.1,yes
56,blue-collar,married,basic.4y,unknown,no,no,cellular,jul,tue,368,5,999,0,nonexistent,1.4,93.91799999999999,-42.7,4.961,5228.1,no
34,admin.,single,university.degree,no,no,no,cellular,jul,tue,149,4,999,0,nonexistent,1.4,93.91799999999999,-42.7,4.961,5228.1,no
35,admin.,married,university.degree,no,yes,no,cellular,jul,tue,98,4,999,0,nonexistent,1.4,93.91799999999999,-42.7,4.961,5228.1,no
51,admin.,divorced,professional.course,no,yes,no,cellular,jul,tue,408,4,999,0,nonexistent,1.4,93.91799999999999,-42.7,4.961,5228.1,no
50,admin.,married,professional.course,no,no,no,cellular,jul,tue,306,14,999,0,nonexistent,1.4,93.91799999999999,-42.7,4.961,5228.1,no
47,housemaid,married,basic.4y,unknown,yes,no,telephone,jul,tue,159,2,999,0,nonexistent,1.4,93.91799999999999,-42.7,4.961,5228.1,no
30,management,divorced,basic.4y,no,yes,no,cellular,jul,tue,68,8,999,0,nonexistent,1.4,93.91799999999999,-42.7,4.961,5228.1,no
48,unemployed,married,university.degree,no,yes,no,cellular,jul,tue,135,5,999,0,nonexistent,1.4,93.91799999999999,-42.7,4.961,5228.1,no
34,technician,divorced,basic.6y,no,yes,no,cellular,jul,tue,716,3,999,0,nonexistent,1.4,93.91799999999999,-42.7,4.961,5228.1,yes
36,services,single,high.school,no,no,yes,cellular,jul,tue,257,5,999,0,nonexistent,1.4,93.91799999999999,-42.7,4.961,5228.1,no
35,admin.,divorced,university.degree,no,yes,no,cellular,jul,tue,826,4,999,0,nonexistent,1.4,93.91799999999999,-42.7,4.961,5228.1,no
28,admin.,single,university.degree,no,no,no,cellular,jul,tue,35,3,999,0,nonexistent,1.4,93.91799999999999,-42.7,4.961,5228.1,no
43,blue-collar,married,basic.6y,no,no,no,cellular,jul,tue,235,2,999,0,nonexistent,1.4,93.91799999999999,-42.7,4.961,5228.1,no
34,technician,single,professional.course,no,no,yes,cellular,jul,tue,955,5,999,0,nonexistent,1.4,93.91799999999999,-42.7,4.961,5228.1,yes
32,management,divorced,university.degree,no,yes,no,cellular,jul,tue,123,4,999,0,nonexistent,1.4,93.91799999999999,-42.7,4.961,5228.1,no
30,services,single,high.school,no,no,no,cellular,jul,tue,612,4,999,0,nonexistent,1.4,93.91799999999999,-42.7,4.961,5228.1,no
33,services,married,high.school,no,no,no,cellular,jul,tue,85,8,999,0,nonexistent,1.4,93.91799999999999,-42.7,4.961,5228.1,no
48,admin.,single,university.degree,no,no,no,telephone,jul,tue,237,7,999,0,nonexistent,1.4,93.91799999999999,-42.7,4.961,5228.1,no
48,admin.,single,university.degree,no,no,no,cellular,jul,tue,196,4,999,0,nonexistent,1.4,93.91799999999999,-42.7,4.961,5228.1,no
27,technician,single,professional.course,no,yes,no,cellular,jul,tue,179,3,999,0,nonexistent,1.4,93.91799999999999,-42.7,4.961,5228.1,no
36,admin.,single,basic.9y,no,no,yes,cellular,jul,tue,155,2,999,0,nonexistent,1.4,93.91799999999999,-42.7,4.961,5228.1,no
55,blue-collar,married,basic.6y,unknown,no,no,cellular,jul,tue,232,4,999,0,nonexistent,1.4,93.91799999999999,-42.7,4.961,5228.1,no
27,services,single,high.school,no,no,no,cellular,jul,tue,232,4,999,0,nonexistent,1.4,93.91799999999999,-42.7,4.961,5228.1,no
56,management,married,basic.4y,unknown,yes,no,cellular,jul,tue,673,2,999,0,nonexistent,1.4,93.91799999999999,-42.7,4.961,5228.1,no
43,blue-collar,married,basic.6y,no,no,yes,cellular,jul,tue,197,2,999,0,nonexistent,1.4,93.91799999999999,-42.7,4.961,5228.1,no
58,admin.,married,university.degree,no,yes,no,cellular,jul,tue,275,4,999,0,nonexistent,1.4,93.91799999999999,-42.7,4.961,5228.1,no
39,blue-collar,married,basic.4y,unknown,yes,yes,cellular,jul,tue,157,5,999,0,nonexistent,1.4,93.91799999999999,-42.7,4.961,5228.1,no
34,management,married,high.school,no,no,no,cellular,jul,tue,419,7,999,0,nonexistent,1.4,93.91799999999999,-42.7,4.961,5228.1,no
32,blue-collar,divorced,basic.9y,no,yes,no,cellular,jul,tue,146,4,999,0,nonexistent,1.4,93.91799999999999,-42.7,4.961,5228.1,no
44,blue-collar,married,basic.4y,no,no,no,cellular,jul,tue,115,2,999,0,nonexistent,1.4,93.91799999999999,-42.7,4.961,5228.1,no
32,services,single,unknown,unknown,yes,yes,cellular,jul,tue,136,2,999,0,nonexistent,1.4,93.91799999999999,-42.7,4.961,5228.1,no
35,blue-collar,divorced,basic.9y,no,yes,no,cellular,jul,tue,357,4,999,0,nonexistent,1.4,93.91799999999999,-42.7,4.961,5228.1,no
57,management,married,basic.9y,no,no,no,cellular,jul,tue,374,5,999,0,nonexistent,1.4,93.91799999999999,-42.7,4.961,5228.1,no
27,blue-collar,married,basic.9y,unknown,no,no,cellular,jul,tue,364,2,999,0,nonexistent,1.4,93.91799999999999,-42.7,4.961,5228.1,no
50,management,married,university.degree,no,yes,no,cellular,jul,tue,98,2,999,0,nonexistent,1.4,93.91799999999999,-42.7,4.961,5228.1,no
48,blue-collar,married,basic.9y,no,yes,no,cellular,jul,tue,84,5,999,0,nonexistent,1.4,93.91799999999999,-42.7,4.961,5228.1,no
35,admin.,married,university.degree,no,unknown,unknown,telephone,jul,tue,78,4,999,0,nonexistent,1.4,93.91799999999999,-42.7,4.961,5228.1,no
55,blue-collar,married,basic.4y,no,no,no,cellular,jul,tue,395,4,999,0,nonexistent,1.4,93.91799999999999,-42.7,4.961,5228.1,no
30,blue-collar,divorced,high.school,no,no,no,cellular,jul,tue,209,4,999,0,nonexistent,1.4,93.91799999999999,-42.7,4.961,5228.1,no
50,admin.,married,university.degree,unknown,yes,no,cellular,jul,tue,106,3,999,0,nonexistent,1.4,93.91799999999999,-42.7,4.961,5228.1,no
35,unemployed,married,university.degree,no,yes,no,cellular,jul,tue,462,4,999,0,nonexistent,1.4,93.91799999999999,-42.7,4.961,5228.1,no
50,technician,single,university.degree,no,yes,no,cellular,jul,tue,216,7,999,0,nonexistent,1.4,93.91799999999999,-42.7,4.961,5228.1,no
33,blue-collar,divorced,basic.9y,unknown,no,no,cellular,jul,tue,889,5,999,0,nonexistent,1.4,93.91799999999999,-42.7,4.961,5228.1,yes
56,unknown,divorced,basic.4y,no,no,no,cellular,jul,tue,547,12,999,0,nonexistent,1.4,93.91799999999999,-42.7,4.961,5228.1,no
46,housemaid,single,university.degree,unknown,no,yes,cellular,jul,tue,142,3,999,0,nonexistent,1.4,93.91799999999999,-42.7,4.961,5228.1,no
35,blue-collar,single,basic.9y,unknown,yes,no,cellular,jul,tue,53,5,999,0,nonexistent,1.4,93.91799999999999,-42.7,4.961,5228.1,no
27,blue-collar,single,high.school,no,unknown,unknown,cellular,jul,tue,290,3,999,0,nonexistent,1.4,93.91799999999999,-42.7,4.961,5228.1,no
58,retired,married,basic.4y,unknown,no,no,cellular,jul,tue,520,3,999,0,nonexistent,1.4,93.91799999999999,-42.7,4.961,5228.1,no
27,admin.,single,university.degree,no,yes,no,cellular,jul,tue,490,5,999,0,nonexistent,1.4,93.91799999999999,-42.7,4.961,5228.1,no
34,management,married,high.school,no,yes,no,cellular,jul,tue,838,3,999,0,nonexistent,1.4,93.91799999999999,-42.7,4.961,5228.1,yes
55,retired,married,basic.4y,unknown,no,yes,cellular,jul,tue,599,4,999,0,nonexistent,1.4,93.91799999999999,-42.7,4.961,5228.1,no
33,admin.,single,high.school,no,yes,no,cellular,jul,tue,498,5,999,0,nonexistent,1.4,93.91799999999999,-42.7,4.961,5228.1,no
51,technician,divorced,high.school,no,no,no,cellular,jul,tue,166,4,999,0,nonexistent,1.4,93.91799999999999,-42.7,4.961,5228.1,no
40,admin.,divorced,high.school,no,no,yes,cellular,jul,tue,270,5,999,0,nonexistent,1.4,93.91799999999999,-42.7,4.961,5228.1,no
56,admin.,married,basic.4y,no,yes,no,cellular,jul,tue,118,5,999,0,nonexistent,1.4,93.91799999999999,-42.7,4.961,5228.1,no
25,blue-collar,single,basic.9y,no,yes,no,cellular,jul,tue,159,6,999,0,nonexistent,1.4,93.91799999999999,-42.7,4.961,5228.1,no
44,blue-collar,married,basic.9y,no,no,no,telephone,jul,tue,265,5,999,0,nonexistent,1.4,93.91799999999999,-42.7,4.961,5228.1,no
38,admin.,divorced,university.degree,no,no,no,cellular,jul,tue,419,8,999,0,nonexistent,1.4,93.91799999999999,-42.7,4.961,5228.1,no
33,blue-collar,married,high.school,unknown,yes,no,cellular,jul,tue,624,6,999,0,nonexistent,1.4,93.91799999999999,-42.7,4.961,5228.1,no
39,blue-collar,married,basic.6y,unknown,yes,no,cellular,jul,tue,59,5,999,0,nonexistent,1.4,93.91799999999999,-42.7,4.961,5228.1,no
48,unemployed,married,university.degree,no,yes,no,cellular,jul,tue,812,3,999,0,nonexistent,1.4,93.91799999999999,-42.7,4.961,5228.1,no
48,blue-collar,married,basic.9y,no,yes,no,cellular,jul,tue,97,5,999,0,nonexistent,1.4,93.91799999999999,-42.7,4.961,5228.1,no
50,blue-collar,married,basic.4y,unknown,yes,no,telephone,jul,tue,119,8,999,0,nonexistent,1.4,93.91799999999999,-42.7,4.961,5228.1,no
57,blue-collar,divorced,basic.6y,unknown,no,no,cellular,jul,tue,632,6,999,0,nonexistent,1.4,93.91799999999999,-42.7,4.961,5228.1,yes
27,admin.,single,professional.course,no,no,no,cellular,jul,tue,448,5,999,0,nonexistent,1.4,93.91799999999999,-42.7,4.961,5228.1,yes
50,blue-collar,married,basic.4y,unknown,no,yes,cellular,jul,tue,231,2,999,0,nonexistent,1.4,93.91799999999999,-42.7,4.961,5228.1,no
46,technician,divorced,professional.course,no,no,no,cellular,jul,tue,114,4,999,0,nonexistent,1.4,93.91799999999999,-42.7,4.961,5228.1,no
33,services,married,high.school,no,yes,no,telephone,jul,tue,32,7,999,0,nonexistent,1.4,93.91799999999999,-42.7,4.961,5228.1,no
44,services,divorced,basic.9y,no,yes,no,telephone,jul,tue,62,5,999,0,nonexistent,1.4,93.91799999999999,-42.7,4.961,5228.1,no
35,admin.,married,high.school,no,no,no,cellular,jul,tue,160,2,999,0,nonexistent,1.4,93.91799999999999,-42.7,4.961,5228.1,no
24,services,single,high.school,no,no,no,telephone,jul,wed,61,14,999,0,nonexistent,1.4,93.91799999999999,-42.7,4.957,5228.1,no
37,entrepreneur,divorced,high.school,unknown,yes,no,cellular,jul,wed,276,4,999,0,nonexistent,1.4,93.91799999999999,-42.7,4.957,5228.1,no
37,blue-collar,married,basic.6y,no,yes,no,telephone,jul,wed,208,8,999,0,nonexistent,1.4,93.91799999999999,-42.7,4.957,5228.1,no
56,admin.,married,high.school,unknown,yes,no,cellular,jul,wed,298,2,999,0,nonexistent,1.4,93.91799999999999,-42.7,4.957,5228.1,no
59,retired,married,university.degree,unknown,no,no,cellular,jul,wed,767,5,999,0,nonexistent,1.4,93.91799999999999,-42.7,4.957,5228.1,yes
58,management,divorced,university.degree,no,yes,no,telephone,jul,wed,174,5,999,0,nonexistent,1.4,93.91799999999999,-42.7,4.957,5228.1,no
33,admin.,single,unknown,no,no,yes,cellular,jul,wed,186,4,999,0,nonexistent,1.4,93.91799999999999,-42.7,4.957,5228.1,no
38,self-employed,married,professional.course,no,no,no,cellular,jul,wed,350,7,999,0,nonexistent,1.4,93.91799999999999,-42.7,4.957,5228.1,no
31,admin.,married,university.degree,no,yes,no,cellular,jul,wed,510,3,999,0,nonexistent,1.4,93.91799999999999,-42.7,4.957,5228.1,no
29,student,married,university.degree,no,yes,no,cellular,jul,wed,81,7,999,0,nonexistent,1.4,93.91799999999999,-42.7,4.957,5228.1,no
33,blue-collar,divorced,basic.9y,unknown,yes,yes,cellular,jul,wed,464,3,999,0,nonexistent,1.4,93.91799999999999,-42.7,4.957,5228.1,no
24,admin.,single,high.school,no,no,no,cellular,jul,wed,220,5,999,0,nonexistent,1.4,93.91799999999999,-42.7,4.957,5228.1,no
38,blue-collar,married,basic.4y,unknown,yes,no,telephone,jul,wed,31,6,999,0,nonexistent,1.4,93.91799999999999,-42.7,4.957,5228.1,no
30,self-employed,single,university.degree,no,no,no,cellular,jul,wed,1147,4,999,0,nonexistent,1.4,93.91799999999999,-42.7,4.957,5228.1,no
26,admin.,married,high.school,no,no,no,cellular,jul,wed,130,6,999,0,nonexistent,1.4,93.91799999999999,-42.7,4.957,5228.1,no
34,admin.,married,high.school,no,yes,no,cellular,jul,wed,95,4,999,0,nonexistent,1.4,93.91799999999999,-42.7,4.957,5228.1,no
26,technician,single,professional.course,no,no,no,cellular,jul,wed,161,1,999,0,nonexistent,1.4,93.91799999999999,-42.7,4.957,5228.1,no
49,blue-collar,married,basic.6y,unknown,no,no,cellular,jul,wed,221,1,999,0,nonexistent,1.4,93.91799999999999,-42.7,4.957,5228.1,no
55,housemaid,married,basic.4y,no,no,no,cellular,jul,wed,469,7,999,0,nonexistent,1.4,93.91799999999999,-42.7,4.957,5228.1,no
30,self-employed,married,university.degree,no,yes,no,telephone,jul,wed,51,1,999,0,nonexistent,1.4,93.91799999999999,-42.7,4.957,5228.1,no
37,entrepreneur,divorced,high.school,unknown,no,no,cellular,jul,wed,111,4,999,0,nonexistent,1.4,93.91799999999999,-42.7,4.957,5228.1,no
49,blue-collar,married,basic.6y,unknown,no,no,cellular,jul,wed,771,1,999,0,nonexistent,1.4,93.91799999999999,-42.7,4.957,5228.1,no
33,blue-collar,married,basic.9y,unknown,yes,no,telephone,jul,wed,164,1,999,0,nonexistent,1.4,93.91799999999999,-42.7,4.957,5228.1,no
37,technician,single,university.degree,unknown,yes,no,cellular,jul,wed,390,2,999,0,nonexistent,1.4,93.91799999999999,-42.7,4.957,5228.1,no
31,admin.,married,university.degree,no,yes,yes,cellular,jul,wed,154,2,999,0,nonexistent,1.4,93.91799999999999,-42.7,4.957,5228.1,no
33,blue-collar,divorced,basic.9y,unknown,no,no,telephone,jul,wed,155,2,999,0,nonexistent,1.4,93.91799999999999,-42.7,4.957,5228.1,no
24,blue-collar,married,basic.9y,unknown,no,no,cellular,jul,wed,349,1,999,0,nonexistent,1.4,93.91799999999999,-42.7,4.957,5228.1,yes
34,admin.,single,university.degree,no,yes,no,cellular,jul,wed,46,1,999,0,nonexistent,1.4,93.91799999999999,-42.7,4.957,5228.1,no
43,technician,single,professional.course,unknown,yes,no,cellular,jul,wed,574,1,999,0,nonexistent,1.4,93.91799999999999,-42.7,4.957,5228.1,no
31,blue-collar,married,basic.9y,no,no,no,cellular,jul,wed,715,1,999,0,nonexistent,1.4,93.91799999999999,-42.7,4.957,5228.1,no
43,housemaid,married,basic.9y,unknown,no,no,cellular,jul,wed,96,1,999,0,nonexistent,1.4,93.91799999999999,-42.7,4.957,5228.1,no
55,blue-collar,married,basic.4y,no,no,no,cellular,jul,wed,525,2,999,0,nonexistent,1.4,93.91799999999999,-42.7,4.957,5228.1,no
31,blue-collar,married,basic.9y,no,yes,no,cellular,jul,wed,229,1,999,0,nonexistent,1.4,93.91799999999999,-42.7,4.957,5228.1,no
43,blue-collar,single,basic.6y,no,yes,yes,cellular,jul,wed,1806,4,999,0,nonexistent,1.4,93.91799999999999,-42.7,4.957,5228.1,yes
28,blue-collar,single,basic.6y,unknown,yes,no,cellular,jul,wed,400,1,999,0,nonexistent,1.4,93.91799999999999,-42.7,4.957,5228.1,no
34,technician,divorced,professional.course,no,no,no,cellular,jul,wed,130,1,999,0,nonexistent,1.4,93.91799999999999,-42.7,4.957,5228.1,no
27,services,married,high.school,no,no,no,cellular,jul,wed,151,4,999,0,nonexistent,1.4,93.91799999999999,-42.7,4.957,5228.1,no
48,blue-collar,married,basic.6y,no,yes,no,cellular,jul,wed,79,1,999,0,nonexistent,1.4,93.91799999999999,-42.7,4.957,5228.1,no
37,entrepreneur,divorced,high.school,unknown,no,no,cellular,jul,wed,344,3,999,0,nonexistent,1.4,93.91799999999999,-42.7,4.957,5228.1,no
49,blue-collar,divorced,unknown,unknown,no,no,cellular,jul,wed,291,1,999,0,nonexistent,1.4,93.91799999999999,-42.7,4.957,5228.1,no
31,self-employed,married,basic.9y,no,no,no,cellular,jul,wed,56,1,999,0,nonexistent,1.4,93.91799999999999,-42.7,4.957,5228.1,no
34,technician,divorced,professional.course,no,yes,no,cellular,jul,wed,401,1,999,0,nonexistent,1.4,93.91799999999999,-42.7,4.957,5228.1,no
31,blue-collar,single,basic.9y,no,no,no,telephone,jul,wed,138,1,999,0,nonexistent,1.4,93.91799999999999,-42.7,4.957,5228.1,no
52,management,married,university.degree,unknown,no,no,cellular,jul,wed,272,1,999,0,nonexistent,1.4,93.91799999999999,-42.7,4.957,5228.1,no
24,admin.,single,high.school,no,yes,no,cellular,jul,wed,145,4,999,0,nonexistent,1.4,93.91799999999999,-42.7,4.957,5228.1,no
49,services,married,high.school,unknown,yes,no,cellular,jul,wed,226,1,999,0,nonexistent,1.4,93.91799999999999,-42.7,4.957,5228.1,no
45,unemployed,married,basic.6y,unknown,no,no,cellular,jul,wed,211,2,999,0,nonexistent,1.4,93.91799999999999,-42.7,4.957,5228.1,no
39,technician,married,unknown,no,yes,no,cellular,jul,wed,94,1,999,0,nonexistent,1.4,93.91799999999999,-42.7,4.957,5228.1,no
28,admin.,married,basic.9y,unknown,no,no,cellular,jul,wed,428,2,999,0,nonexistent,1.4,93.91799999999999,-42.7,4.957,5228.1,no
32,admin.,single,high.school,no,yes,no,cellular,jul,wed,156,1,999,0,nonexistent,1.4,93.91799999999999,-42.7,4.957,5228.1,no
29,technician,divorced,high.school,no,no,no,cellular,jul,wed,191,1,999,0,nonexistent,1.4,93.91799999999999,-42.7,4.957,5228.1,no
39,technician,married,high.school,unknown,no,no,cellular,jul,wed,781,1,999,0,nonexistent,1.4,93.91799999999999,-42.7,4.957,5228.1,yes
45,unknown,unknown,unknown,no,yes,no,cellular,jul,wed,586,1,999,0,nonexistent,1.4,93.91799999999999,-42.7,4.957,5228.1,yes
34,blue-collar,single,basic.6y,no,yes,yes,cellular,jul,wed,195,1,999,0,nonexistent,1.4,93.91799999999999,-42.7,4.957,5228.1,no
55,management,married,basic.9y,no,yes,no,cellular,jul,wed,49,1,999,0,nonexistent,1.4,93.91799999999999,-42.7,4.957,5228.1,no
55,management,married,basic.9y,no,yes,no,cellular,jul,wed,90,1,999,0,nonexistent,1.4,93.91799999999999,-42.7,4.957,5228.1,no
29,services,married,unknown,no,yes,yes,cellular,jul,wed,268,2,999,0,nonexistent,1.4,93.91799999999999,-42.7,4.957,5228.1,no
45,management,married,high.school,unknown,no,no,cellular,jul,wed,94,3,999,0,nonexistent,1.4,93.91799999999999,-42.7,4.957,5228.1,no
29,technician,divorced,high.school,no,no,no,cellular,jul,wed,269,1,999,0,nonexistent,1.4,93.91799999999999,-42.7,4.957,5228.1,no
56,admin.,married,high.school,unknown,no,no,cellular,jul,wed,120,4,999,0,nonexistent,1.4,93.91799999999999,-42.7,4.957,5228.1,no
49,retired,married,high.school,no,yes,no,cellular,jul,wed,239,1,999,0,nonexistent,1.4,93.91799999999999,-42.7,4.957,5228.1,no
31,blue-collar,married,basic.9y,no,no,no,cellular,jul,wed,129,2,999,0,nonexistent,1.4,93.91799999999999,-42.7,4.957,5228.1,no
35,admin.,single,university.degree,no,no,yes,telephone,jul,wed,98,1,999,0,nonexistent,1.4,93.91799999999999,-42.7,4.957,5228.1,no
49,retired,married,high.school,no,yes,no,cellular,jul,wed,555,1,999,0,nonexistent,1.4,93.91799999999999,-42.7,4.957,5228.1,yes
37,technician,married,high.school,no,yes,no,cellular,jul,wed,130,1,999,0,nonexistent,1.4,93.91799999999999,-42.7,4.957,5228.1,no
34,admin.,married,university.degree,no,yes,no,cellular,jul,wed,686,6,999,0,nonexistent,1.4,93.91799999999999,-42.7,4.957,5228.1,yes
34,admin.,married,high.school,no,yes,yes,cellular,jul,wed,29,8,999,0,nonexistent,1.4,93.91799999999999,-42.7,4.957,5228.1,no
43,technician,single,professional.course,unknown,no,no,cellular,jul,wed,528,9,999,0,nonexistent,1.4,93.91799999999999,-42.7,4.957,5228.1,no
26,technician,single,professional.course,no,no,no,cellular,jul,wed,83,2,999,0,nonexistent,1.4,93.91799999999999,-42.7,4.957,5228.1,no
23,blue-collar,single,high.school,no,yes,no,cellular,jul,wed,60,1,999,0,nonexistent,1.4,93.91799999999999,-42.7,4.957,5228.1,no
23,blue-collar,single,high.school,no,no,no,cellular,jul,wed,251,1,999,0,nonexistent,1.4,93.91799999999999,-42.7,4.957,5228.1,no
49,blue-collar,divorced,unknown,unknown,yes,no,cellular,jul,wed,206,2,999,0,nonexistent,1.4,93.91799999999999,-42.7,4.957,5228.1,no
30,admin.,married,university.degree,no,yes,no,cellular,jul,wed,1150,1,999,0,nonexistent,1.4,93.91799999999999,-42.7,4.957,5228.1,no
26,services,single,basic.9y,no,yes,no,cellular,jul,wed,294,2,999,0,nonexistent,1.4,93.91799999999999,-42.7,4.957,5228.1,no
23,blue-collar,single,high.school,no,no,no,cellular,jul,wed,435,1,999,0,nonexistent,1.4,93.91799999999999,-42.7,4.957,5228.1,yes
31,self-employed,married,basic.9y,no,no,no,cellular,jul,wed,155,2,999,0,nonexistent,1.4,93.91799999999999,-42.7,4.957,5228.1,no
29,admin.,single,university.degree,no,yes,no,cellular,jul,wed,130,1,999,0,nonexistent,1.4,93.91799999999999,-42.7,4.957,5228.1,no
52,blue-collar,married,basic.4y,unknown,yes,no,cellular,jul,wed,294,1,999,0,nonexistent,1.4,93.91799999999999,-42.7,4.957,5228.1,no
42,services,married,high.school,unknown,no,yes,telephone,jul,wed,198,1,999,0,nonexistent,1.4,93.91799999999999,-42.7,4.957,5228.1,no
47,blue-collar,single,basic.9y,unknown,yes,no,cellular,jul,wed,72,1,999,0,nonexistent,1.4,93.91799999999999,-42.7,4.957,5228.1,no
23,blue-collar,single,high.school,no,yes,no,cellular,jul,wed,830,1,999,0,nonexistent,1.4,93.91799999999999,-42.7,4.957,5228.1,yes
44,blue-collar,married,basic.4y,no,yes,no,cellular,jul,wed,464,1,999,0,nonexistent,1.4,93.91799999999999,-42.7,4.957,5228.1,no
24,blue-collar,divorced,high.school,no,yes,no,cellular,jul,wed,57,2,999,0,nonexistent,1.4,93.91799999999999,-42.7,4.957,5228.1,no
26,technician,single,professional.course,no,yes,no,cellular,jul,wed,76,7,999,0,nonexistent,1.4,93.91799999999999,-42.7,4.957,5228.1,no
47,blue-collar,single,basic.9y,unknown,yes,no,cellular,jul,wed,318,1,999,0,nonexistent,1.4,93.91799999999999,-42.7,4.957,5228.1,no
29,admin.,married,university.degree,no,yes,no,cellular,jul,wed,39,9,999,0,nonexistent,1.4,93.91799999999999,-42.7,4.957,5228.1,no
29,admin.,single,university.degree,no,no,no,cellular,jul,wed,873,2,999,0,nonexistent,1.4,93.91799999999999,-42.7,4.957,5228.1,yes
31,blue-collar,single,high.school,no,no,no,cellular,jul,wed,166,1,999,0,nonexistent,1.4,93.91799999999999,-42.7,4.957,5228.1,no
30,admin.,married,high.school,no,no,no,cellular,jul,wed,227,1,999,0,nonexistent,1.4,93.91799999999999,-42.7,4.957,5228.1,no
25,admin.,single,high.school,no,yes,no,cellular,jul,wed,202,1,999,0,nonexistent,1.4,93.91799999999999,-42.7,4.957,5228.1,no
27,technician,single,high.school,no,yes,no,telephone,jul,wed,109,1,999,0,nonexistent,1.4,93.91799999999999,-42.7,4.957,5228.1,no
34,technician,single,university.degree,no,yes,no,cellular,jul,wed,329,1,999,0,nonexistent,1.4,93.91799999999999,-42.7,4.957,5228.1,no
44,blue-collar,married,basic.4y,no,yes,no,cellular,jul,wed,214,1,999,0,nonexistent,1.4,93.91799999999999,-42.7,4.957,5228.1,no
41,blue-collar,single,basic.6y,no,yes,no,cellular,jul,wed,142,1,999,0,nonexistent,1.4,93.91799999999999,-42.7,4.957,5228.1,no
32,blue-collar,married,basic.6y,no,yes,no,cellular,jul,wed,151,1,999,0,nonexistent,1.4,93.91799999999999,-42.7,4.957,5228.1,no
31,admin.,single,university.degree,no,yes,no,cellular,jul,wed,335,1,999,0,nonexistent,1.4,93.91799999999999,-42.7,4.957,5228.1,no
37,services,divorced,basic.9y,no,no,no,cellular,jul,wed,143,1,999,0,nonexistent,1.4,93.91799999999999,-42.7,4.957,5228.1,no
35,blue-collar,single,basic.9y,no,yes,no,cellular,jul,wed,48,1,999,0,nonexistent,1.4,93.91799999999999,-42.7,4.957,5228.1,no
34,admin.,married,university.degree,no,no,no,cellular,jul,wed,198,2,999,0,nonexistent,1.4,93.91799999999999,-42.7,4.957,5228.1,no
31,admin.,single,high.school,no,yes,no,cellular,jul,wed,183,1,999,0,nonexistent,1.4,93.91799999999999,-42.7,4.957,5228.1,no
31,unemployed,single,high.school,no,yes,yes,cellular,jul,wed,45,1,999,0,nonexistent,1.4,93.91799999999999,-42.7,4.957,5228.1,no
37,services,divorced,basic.9y,no,yes,no,cellular,jul,wed,684,1,999,0,nonexistent,1.4,93.91799999999999,-42.7,4.957,5228.1,no
31,unemployed,single,high.school,no,yes,no,cellular,jul,wed,255,1,999,0,nonexistent,1.4,93.91799999999999,-42.7,4.957,5228.1,no
31,management,single,university.degree,no,no,no,cellular,jul,wed,143,1,999,0,nonexistent,1.4,93.91799999999999,-42.7,4.957,5228.1,no
37,services,divorced,basic.9y,no,no,no,cellular,jul,wed,885,1,999,0,nonexistent,1.4,93.91799999999999,-42.7,4.957,5228.1,no
50,retired,married,basic.4y,no,no,no,cellular,jul,wed,1222,1,999,0,nonexistent,1.4,93.91799999999999,-42.7,4.957,5228.1,yes
31,blue-collar,married,basic.9y,no,yes,yes,cellular,jul,wed,520,1,999,0,nonexistent,1.4,93.91799999999999,-42.7,4.957,5228.1,no
29,admin.,single,university.degree,no,yes,no,cellular,jul,wed,156,2,999,0,nonexistent,1.4,93.91799999999999,-42.7,4.957,5228.1,no
31,blue-collar,single,basic.9y,no,yes,no,cellular,jul,wed,325,2,999,0,nonexistent,1.4,93.91799999999999,-42.7,4.957,5228.1,no
50,retired,married,basic.4y,no,unknown,unknown,cellular,jul,wed,236,1,999,0,nonexistent,1.4,93.91799999999999,-42.7,4.957,5228.1,no
52,admin.,married,high.school,no,yes,no,cellular,jul,wed,419,2,999,0,nonexistent,1.4,93.91799999999999,-42.7,4.957,5228.1,no
42,technician,married,high.school,unknown,yes,no,cellular,jul,wed,197,1,999,0,nonexistent,1.4,93.91799999999999,-42.7,4.957,5228.1,no
47,technician,divorced,professional.course,no,yes,no,cellular,jul,wed,226,1,999,0,nonexistent,1.4,93.91799999999999,-42.7,4.957,5228.1,no
55,housemaid,married,university.degree,no,yes,no,cellular,jul,wed,705,1,999,0,nonexistent,1.4,93.91799999999999,-42.7,4.957,5228.1,no
26,admin.,married,university.degree,no,yes,no,telephone,jul,wed,649,2,999,0,nonexistent,1.4,93.91799999999999,-42.7,4.957,5228.1,no
37,blue-collar,married,basic.9y,no,no,no,cellular,jul,wed,77,1,999,0,nonexistent,1.4,93.91799999999999,-42.7,4.957,5228.1,no
23,blue-collar,single,high.school,no,yes,no,cellular,jul,wed,231,2,999,0,nonexistent,1.4,93.91799999999999,-42.7,4.957,5228.1,no
29,self-employed,single,university.degree,no,yes,no,cellular,jul,wed,513,1,999,0,nonexistent,1.4,93.91799999999999,-42.7,4.957,5228.1,no
31,technician,married,professional.course,no,yes,no,cellular,jul,wed,87,2,999,0,nonexistent,1.4,93.91799999999999,-42.7,4.957,5228.1,no
55,housemaid,married,university.degree,no,no,no,cellular,jul,wed,988,1,999,0,nonexistent,1.4,93.91799999999999,-42.7,4.957,5228.1,yes
21,admin.,single,high.school,no,yes,no,cellular,jul,wed,102,1,999,0,nonexistent,1.4,93.91799999999999,-42.7,4.957,5228.1,no
21,admin.,single,high.school,no,yes,no,cellular,jul,wed,111,1,999,0,nonexistent,1.4,93.91799999999999,-42.7,4.957,5228.1,no
34,admin.,married,high.school,unknown,no,no,cellular,jul,wed,241,2,999,0,nonexistent,1.4,93.91799999999999,-42.7,4.957,5228.1,no
46,blue-collar,single,basic.4y,unknown,yes,no,telephone,jul,wed,558,6,999,0,nonexistent,1.4,93.91799999999999,-42.7,4.957,5228.1,no
21,admin.,single,high.school,no,yes,no,cellular,jul,wed,680,1,999,0,nonexistent,1.4,93.91799999999999,-42.7,4.957,5228.1,no
35,admin.,single,high.school,no,yes,yes,cellular,jul,wed,652,1,999,0,nonexistent,1.4,93.91799999999999,-42.7,4.957,5228.1,yes
28,services,married,high.school,no,yes,no,cellular,jul,wed,350,1,999,0,nonexistent,1.4,93.91799999999999,-42.7,4.957,5228.1,no
28,services,married,high.school,no,no,no,cellular,jul,wed,359,1,999,0,nonexistent,1.4,93.91799999999999,-42.7,4.957,5228.1,no
49,management,single,basic.4y,unknown,yes,no,cellular,jul,wed,592,1,999,0,nonexistent,1.4,93.91799999999999,-42.7,4.957,5228.1,no
39,blue-collar,married,basic.9y,unknown,yes,no,cellular,jul,wed,165,5,999,0,nonexistent,1.4,93.91799999999999,-42.7,4.957,5228.1,no
25,services,married,basic.9y,no,no,no,cellular,jul,wed,128,2,999,0,nonexistent,1.4,93.91799999999999,-42.7,4.957,5228.1,no
27,blue-collar,married,basic.9y,no,no,no,cellular,jul,wed,68,1,999,0,nonexistent,1.4,93.91799999999999,-42.7,4.957,5228.1,no
26,technician,married,basic.9y,unknown,yes,no,telephone,jul,wed,367,6,999,0,nonexistent,1.4,93.91799999999999,-42.7,4.957,5228.1,yes
25,management,married,basic.6y,no,no,no,cellular,jul,wed,192,2,999,0,nonexistent,1.4,93.91799999999999,-42.7,4.957,5228.1,no
27,blue-collar,married,basic.9y,no,no,no,cellular,jul,wed,128,1,999,0,nonexistent,1.4,93.91799999999999,-42.7,4.957,5228.1,no
25,services,divorced,high.school,no,yes,no,cellular,jul,wed,158,1,999,0,nonexistent,1.4,93.91799999999999,-42.7,4.957,5228.1,no
30,blue-collar,married,basic.9y,no,yes,no,cellular,jul,wed,547,2,999,0,nonexistent,1.4,93.91799999999999,-42.7,4.957,5228.1,no
33,blue-collar,married,basic.9y,no,yes,no,cellular,jul,wed,1019,11,999,0,nonexistent,1.4,93.91799999999999,-42.7,4.957,5228.1,yes
43,blue-collar,single,basic.6y,no,no,no,cellular,jul,wed,93,3,999,0,nonexistent,1.4,93.91799999999999,-42.7,4.957,5228.1,no
43,technician,married,high.school,no,no,no,cellular,jul,wed,332,3,999,0,nonexistent,1.4,93.91799999999999,-42.7,4.957,5228.1,no
52,admin.,married,high.school,no,no,no,cellular,jul,wed,131,7,999,0,nonexistent,1.4,93.91799999999999,-42.7,4.957,5228.1,no
48,blue-collar,married,basic.6y,unknown,yes,no,cellular,jul,wed,709,2,999,0,nonexistent,1.4,93.91799999999999,-42.7,4.957,5228.1,yes
29,self-employed,married,basic.9y,unknown,yes,no,telephone,jul,wed,188,1,999,0,nonexistent,1.4,93.91799999999999,-42.7,4.957,5228.1,no
25,services,married,high.school,unknown,no,no,cellular,jul,wed,59,1,999,0,nonexistent,1.4,93.91799999999999,-42.7,4.957,5228.1,no
21,services,single,high.school,no,yes,no,telephone,jul,wed,198,1,999,0,nonexistent,1.4,93.91799999999999,-42.7,4.957,5228.1,no
33,entrepreneur,married,professional.course,no,yes,no,cellular,jul,wed,157,2,999,0,nonexistent,1.4,93.91799999999999,-42.7,4.957,5228.1,no
40,services,married,high.school,no,yes,no,cellular,jul,wed,254,2,999,0,nonexistent,1.4,93.91799999999999,-42.7,4.957,5228.1,no
43,blue-collar,single,basic.6y,no,yes,no,cellular,jul,wed,199,2,999,0,nonexistent,1.4,93.91799999999999,-42.7,4.957,5228.1,no
34,blue-collar,married,basic.4y,unknown,no,no,cellular,jul,wed,171,6,999,0,nonexistent,1.4,93.91799999999999,-42.7,4.957,5228.1,no
31,admin.,married,university.degree,no,yes,no,cellular,jul,wed,101,3,999,0,nonexistent,1.4,93.91799999999999,-42.7,4.957,5228.1,no
24,technician,single,professional.course,no,no,no,cellular,jul,wed,98,2,999,0,nonexistent,1.4,93.91799999999999,-42.7,4.957,5228.1,no
59,retired,married,university.degree,unknown,yes,yes,cellular,jul,wed,87,16,999,0,nonexistent,1.4,93.91799999999999,-42.7,4.957,5228.1,no
38,blue-collar,married,basic.9y,no,yes,no,cellular,jul,wed,217,9,999,0,nonexistent,1.4,93.91799999999999,-42.7,4.957,5228.1,no
27,housemaid,single,high.school,no,no,no,cellular,jul,wed,293,2,999,0,nonexistent,1.4,93.91799999999999,-42.7,4.957,5228.1,no
29,blue-collar,married,professional.course,no,no,no,cellular,jul,wed,378,2,999,0,nonexistent,1.4,93.91799999999999,-42.7,4.957,5228.1,no
29,admin.,single,university.degree,no,no,no,telephone,jul,wed,129,6,999,0,nonexistent,1.4,93.91799999999999,-42.7,4.957,5228.1,no
49,blue-collar,divorced,unknown,unknown,no,no,cellular,jul,wed,132,2,999,0,nonexistent,1.4,93.91799999999999,-42.7,4.957,5228.1,no
28,services,married,high.school,no,no,no,cellular,jul,wed,240,2,999,0,nonexistent,1.4,93.91799999999999,-42.7,4.957,5228.1,no
29,services,married,high.school,unknown,no,no,cellular,jul,wed,111,4,999,0,nonexistent,1.4,93.91799999999999,-42.7,4.957,5228.1,no
43,technician,married,high.school,no,no,no,cellular,jul,wed,322,4,999,0,nonexistent,1.4,93.91799999999999,-42.7,4.957,5228.1,no
34,blue-collar,single,basic.6y,no,unknown,unknown,cellular,jul,wed,254,3,999,0,nonexistent,1.4,93.91799999999999,-42.7,4.957,5228.1,no
26,admin.,single,university.degree,no,yes,no,cellular,jul,wed,455,1,999,0,nonexistent,1.4,93.91799999999999,-42.7,4.957,5228.1,no
34,blue-collar,married,basic.4y,unknown,no,no,cellular,jul,wed,285,5,999,0,nonexistent,1.4,93.91799999999999,-42.7,4.957,5228.1,no
51,admin.,married,high.school,no,yes,no,cellular,jul,wed,69,3,999,0,nonexistent,1.4,93.91799999999999,-42.7,4.957,5228.1,no
47,blue-collar,single,basic.9y,unknown,yes,no,cellular,jul,wed,89,2,999,0,nonexistent,1.4,93.91799999999999,-42.7,4.957,5228.1,no
30,blue-collar,married,basic.6y,no,yes,yes,cellular,jul,wed,1018,2,999,0,nonexistent,1.4,93.91799999999999,-42.7,4.957,5228.1,yes
35,blue-collar,single,high.school,unknown,yes,no,cellular,jul,wed,60,5,999,0,nonexistent,1.4,93.91799999999999,-42.7,4.957,5228.1,no
26,technician,single,professional.course,no,yes,no,cellular,jul,wed,173,2,999,0,nonexistent,1.4,93.91799999999999,-42.7,4.957,5228.1,no
29,technician,divorced,high.school,no,yes,no,cellular,jul,wed,128,2,999,0,nonexistent,1.4,93.91799999999999,-42.7,4.957,5228.1,no
35,student,married,basic.9y,no,no,no,cellular,jul,wed,156,6,999,0,nonexistent,1.4,93.91799999999999,-42.7,4.957,5228.1,no
58,admin.,divorced,basic.9y,no,no,no,telephone,jul,wed,231,5,999,0,nonexistent,1.4,93.91799999999999,-42.7,4.957,5228.1,no
38,blue-collar,married,basic.4y,unknown,yes,no,cellular,jul,wed,406,4,999,0,nonexistent,1.4,93.91799999999999,-42.7,4.957,5228.1,no
49,blue-collar,divorced,unknown,unknown,no,no,cellular,jul,wed,255,2,999,0,nonexistent,1.4,93.91799999999999,-42.7,4.957,5228.1,no
37,entrepreneur,divorced,high.school,unknown,yes,no,cellular,jul,wed,538,2,999,0,nonexistent,1.4,93.91799999999999,-42.7,4.957,5228.1,no
44,admin.,divorced,university.degree,no,no,no,cellular,jul,wed,191,6,999,0,nonexistent,1.4,93.91799999999999,-42.7,4.957,5228.1,no
23,blue-collar,married,basic.9y,no,yes,no,cellular,jul,wed,240,2,999,0,nonexistent,1.4,93.91799999999999,-42.7,4.957,5228.1,no
29,admin.,single,university.degree,no,no,no,cellular,jul,wed,164,6,999,0,nonexistent,1.4,93.91799999999999,-42.7,4.957,5228.1,no
29,admin.,single,university.degree,no,yes,no,telephone,jul,wed,73,6,999,0,nonexistent,1.4,93.91799999999999,-42.7,4.957,5228.1,no
28,blue-collar,single,basic.9y,unknown,no,yes,cellular,jul,wed,278,2,999,0,nonexistent,1.4,93.91799999999999,-42.7,4.957,5228.1,no
42,technician,married,high.school,unknown,no,no,cellular,jul,wed,252,2,999,0,nonexistent,1.4,93.91799999999999,-42.7,4.957,5228.1,no
29,admin.,single,university.degree,no,yes,no,cellular,jul,wed,77,6,999,0,nonexistent,1.4,93.91799999999999,-42.7,4.957,5228.1,no
37,blue-collar,married,basic.6y,unknown,yes,no,cellular,jul,wed,345,10,999,0,nonexistent,1.4,93.91799999999999,-42.7,4.957,5228.1,no
40,admin.,single,high.school,no,no,no,cellular,jul,wed,282,2,999,0,nonexistent,1.4,93.91799999999999,-42.7,4.957,5228.1,no
43,technician,single,professional.course,unknown,yes,no,telephone,jul,wed,39,7,999,0,nonexistent,1.4,93.91799999999999,-42.7,4.957,5228.1,no
33,management,married,basic.6y,no,no,no,cellular,jul,wed,169,5,999,0,nonexistent,1.4,93.91799999999999,-42.7,4.957,5228.1,no
34,admin.,married,university.degree,no,no,no,cellular,jul,wed,781,2,999,0,nonexistent,1.4,93.91799999999999,-42.7,4.957,5228.1,yes
27,admin.,married,high.school,no,yes,no,telephone,jul,wed,202,6,999,0,nonexistent,1.4,93.91799999999999,-42.7,4.957,5228.1,no
29,technician,single,university.degree,no,no,yes,telephone,jul,wed,357,7,999,0,nonexistent,1.4,93.91799999999999,-42.7,4.957,5228.1,no
29,technician,single,university.degree,no,no,no,cellular,jul,wed,159,6,999,0,nonexistent,1.4,93.91799999999999,-42.7,4.957,5228.1,no
26,technician,single,professional.course,no,no,yes,cellular,jul,wed,168,2,999,0,nonexistent,1.4,93.91799999999999,-42.7,4.957,5228.1,no
26,admin.,single,university.degree,no,no,no,cellular,jul,wed,212,1,999,0,nonexistent,1.4,93.91799999999999,-42.7,4.957,5228.1,no
46,management,divorced,basic.4y,no,no,no,telephone,jul,wed,201,5,999,0,nonexistent,1.4,93.91799999999999,-42.7,4.957,5228.1,no
28,services,married,basic.9y,no,no,no,cellular,jul,wed,191,1,999,0,nonexistent,1.4,93.91799999999999,-42.7,4.957,5228.1,no
37,technician,married,high.school,no,yes,no,cellular,jul,wed,1339,3,999,0,nonexistent,1.4,93.91799999999999,-42.7,4.957,5228.1,no
24,management,married,basic.9y,no,no,no,telephone,jul,wed,127,11,999,0,nonexistent,1.4,93.91799999999999,-42.7,4.957,5228.1,no
29,admin.,married,university.degree,no,no,no,cellular,jul,wed,319,5,999,0,nonexistent,1.4,93.91799999999999,-42.7,4.957,5228.1,no
38,management,single,university.degree,no,no,no,telephone,jul,wed,284,8,999,0,nonexistent,1.4,93.91799999999999,-42.7,4.957,5228.1,no
43,technician,married,basic.9y,no,no,yes,telephone,jul,wed,264,5,999,0,nonexistent,1.4,93.91799999999999,-42.7,4.957,5228.1,no
35,services,married,basic.9y,no,no,yes,cellular,jul,wed,204,2,999,0,nonexistent,1.4,93.91799999999999,-42.7,4.957,5228.1,no
23,blue-collar,single,unknown,unknown,no,no,cellular,jul,wed,1473,6,999,0,nonexistent,1.4,93.91799999999999,-42.7,4.957,5228.1,no
55,admin.,single,high.school,no,no,yes,cellular,jul,wed,108,5,999,0,nonexistent,1.4,93.91799999999999,-42.7,4.957,5228.1,no
37,entrepreneur,divorced,high.school,unknown,no,no,cellular,jul,wed,524,4,999,0,nonexistent,1.4,93.91799999999999,-42.7,4.957,5228.1,no
29,admin.,married,university.degree,no,yes,no,cellular,jul,wed,184,1,999,0,nonexistent,1.4,93.91799999999999,-42.7,4.957,5228.1,no
30,admin.,single,university.degree,no,yes,yes,cellular,jul,wed,613,3,999,0,nonexistent,1.4,93.91799999999999,-42.7,4.957,5228.1,no
29,admin.,married,university.degree,no,no,no,cellular,jul,wed,268,1,999,0,nonexistent,1.4,93.91799999999999,-42.7,4.957,5228.1,no
44,blue-collar,married,basic.6y,unknown,no,no,cellular,jul,wed,605,6,999,0,nonexistent,1.4,93.91799999999999,-42.7,4.957,5228.1,no
33,technician,divorced,professional.course,no,no,no,cellular,jul,thu,93,7,999,0,nonexistent,1.4,93.91799999999999,-42.7,4.958,5228.1,no
32,admin.,single,high.school,no,no,no,cellular,jul,thu,98,3,999,0,nonexistent,1.4,93.91799999999999,-42.7,4.958,5228.1,no
49,blue-collar,divorced,basic.6y,unknown,yes,no,cellular,jul,thu,128,3,999,0,nonexistent,1.4,93.91799999999999,-42.7,4.958,5228.1,no
23,retired,single,professional.course,no,yes,no,cellular,jul,thu,102,2,999,0,nonexistent,1.4,93.91799999999999,-42.7,4.958,5228.1,no
30,technician,married,high.school,no,no,no,cellular,jul,thu,199,2,999,0,nonexistent,1.4,93.91799999999999,-42.7,4.958,5228.1,no
52,technician,married,professional.course,no,yes,no,telephone,jul,thu,293,20,999,0,nonexistent,1.4,93.91799999999999,-42.7,4.958,5228.1,no
36,management,married,university.degree,no,no,yes,cellular,jul,thu,59,2,999,0,nonexistent,1.4,93.91799999999999,-42.7,4.958,5228.1,no
32,admin.,single,basic.9y,no,no,no,cellular,jul,thu,330,1,999,0,nonexistent,1.4,93.91799999999999,-42.7,4.958,5228.1,no
36,admin.,divorced,university.degree,no,yes,no,cellular,jul,thu,59,3,999,0,nonexistent,1.4,93.91799999999999,-42.7,4.958,5228.1,no
36,blue-collar,married,basic.9y,unknown,yes,no,cellular,jul,thu,159,3,999,0,nonexistent,1.4,93.91799999999999,-42.7,4.958,5228.1,no
28,self-employed,single,high.school,no,no,no,cellular,jul,thu,63,6,999,0,nonexistent,1.4,93.91799999999999,-42.7,4.958,5228.1,no
36,blue-collar,married,basic.9y,unknown,yes,no,cellular,jul,thu,53,2,999,0,nonexistent,1.4,93.91799999999999,-42.7,4.958,5228.1,no
40,management,single,university.degree,no,no,no,cellular,jul,thu,309,2,999,0,nonexistent,1.4,93.91799999999999,-42.7,4.958,5228.1,no
30,admin.,single,university.degree,no,no,no,cellular,jul,thu,257,2,999,0,nonexistent,1.4,93.91799999999999,-42.7,4.958,5228.1,no
30,admin.,single,university.degree,no,no,no,cellular,jul,thu,36,2,999,0,nonexistent,1.4,93.91799999999999,-42.7,4.958,5228.1,no
35,blue-collar,married,basic.9y,no,yes,no,cellular,jul,thu,55,14,999,0,nonexistent,1.4,93.91799999999999,-42.7,4.958,5228.1,no
30,admin.,married,basic.6y,no,yes,yes,cellular,jul,thu,53,1,999,0,nonexistent,1.4,93.91799999999999,-42.7,4.958,5228.1,no
39,blue-collar,married,basic.4y,no,yes,no,cellular,jul,thu,71,1,999,0,nonexistent,1.4,93.91799999999999,-42.7,4.958,5228.1,no
24,student,single,university.degree,unknown,yes,no,cellular,jul,thu,20,3,999,0,nonexistent,1.4,93.91799999999999,-42.7,4.958,5228.1,no
37,blue-collar,married,basic.9y,unknown,yes,no,cellular,jul,thu,117,1,999,0,nonexistent,1.4,93.91799999999999,-42.7,4.958,5228.1,no
28,admin.,single,high.school,no,yes,no,cellular,jul,thu,80,1,999,0,nonexistent,1.4,93.91799999999999,-42.7,4.958,5228.1,no
26,technician,single,university.degree,no,yes,no,cellular,jul,thu,261,1,999,0,nonexistent,1.4,93.91799999999999,-42.7,4.958,5228.1,no
36,blue-collar,married,basic.6y,no,no,no,cellular,jul,thu,201,1,999,0,nonexistent,1.4,93.91799999999999,-42.7,4.958,5228.1,no
30,admin.,married,basic.6y,no,yes,no,cellular,jul,thu,397,1,999,0,nonexistent,1.4,93.91799999999999,-42.7,4.958,5228.1,no
38,blue-collar,married,basic.9y,no,no,no,cellular,jul,thu,69,1,999,0,nonexistent,1.4,93.91799999999999,-42.7,4.958,5228.1,no
29,admin.,married,high.school,no,no,no,cellular,jul,thu,48,7,999,0,nonexistent,1.4,93.91799999999999,-42.7,4.958,5228.1,no
44,technician,single,professional.course,no,yes,no,cellular,jul,thu,90,1,999,0,nonexistent,1.4,93.91799999999999,-42.7,4.958,5228.1,no
28,blue-collar,single,basic.9y,no,no,no,cellular,jul,thu,72,3,999,0,nonexistent,1.4,93.91799999999999,-42.7,4.958,5228.1,no
41,technician,married,professional.course,no,yes,yes,cellular,jul,thu,539,1,999,0,nonexistent,1.4,93.91799999999999,-42.7,4.958,5228.1,no
32,blue-collar,married,basic.6y,unknown,yes,no,cellular,jul,thu,317,1,999,0,nonexistent,1.4,93.91799999999999,-42.7,4.958,5228.1,no
24,services,single,high.school,no,no,no,cellular,jul,thu,1150,3,999,0,nonexistent,1.4,93.91799999999999,-42.7,4.958,5228.1,yes
25,blue-collar,married,basic.4y,no,yes,no,cellular,jul,thu,144,1,999,0,nonexistent,1.4,93.91799999999999,-42.7,4.958,5228.1,no
44,technician,single,professional.course,no,yes,yes,cellular,jul,thu,123,1,999,0,nonexistent,1.4,93.91799999999999,-42.7,4.958,5228.1,no
47,blue-collar,married,basic.4y,unknown,yes,yes,cellular,jul,thu,114,1,999,0,nonexistent,1.4,93.91799999999999,-42.7,4.958,5228.1,no
25,blue-collar,married,basic.4y,no,yes,no,cellular,jul,thu,235,1,999,0,nonexistent,1.4,93.91799999999999,-42.7,4.958,5228.1,no
35,unemployed,married,high.school,no,no,yes,telephone,jul,thu,84,1,999,0,nonexistent,1.4,93.91799999999999,-42.7,4.958,5228.1,no
26,blue-collar,married,basic.9y,no,yes,no,cellular,jul,thu,106,1,999,0,nonexistent,1.4,93.91799999999999,-42.7,4.958,5228.1,no
31,blue-collar,married,basic.9y,unknown,yes,no,telephone,jul,thu,151,1,999,0,nonexistent,1.4,93.91799999999999,-42.7,4.958,5228.1,no
54,blue-collar,married,basic.9y,unknown,yes,no,cellular,jul,thu,102,1,999,0,nonexistent,1.4,93.91799999999999,-42.7,4.958,5228.1,no
25,blue-collar,married,basic.4y,no,no,yes,cellular,jul,thu,521,1,999,0,nonexistent,1.4,93.91799999999999,-42.7,4.958,5228.1,no
36,blue-collar,married,basic.9y,no,yes,no,cellular,jul,thu,181,2,999,0,nonexistent,1.4,93.91799999999999,-42.7,4.958,5228.1,no
55,housemaid,divorced,unknown,unknown,yes,no,cellular,jul,thu,80,5,999,0,nonexistent,1.4,93.91799999999999,-42.7,4.958,5228.1,no
26,technician,divorced,unknown,unknown,no,no,cellular,jul,thu,187,1,999,0,nonexistent,1.4,93.91799999999999,-42.7,4.958,5228.1,no
40,services,married,basic.9y,no,yes,no,cellular,jul,thu,158,1,999,0,nonexistent,1.4,93.91799999999999,-42.7,4.958,5228.1,no
49,services,single,high.school,no,yes,yes,cellular,jul,thu,205,1,999,0,nonexistent,1.4,93.91799999999999,-42.7,4.958,5228.1,no
49,self-employed,married,university.degree,no,no,no,cellular,jul,thu,114,2,999,0,nonexistent,1.4,93.91799999999999,-42.7,4.958,5228.1,no
40,services,married,basic.9y,no,no,no,cellular,jul,thu,228,1,999,0,nonexistent,1.4,93.91799999999999,-42.7,4.958,5228.1,no
35,self-employed,married,university.degree,no,yes,no,cellular,jul,thu,628,1,999,0,nonexistent,1.4,93.91799999999999,-42.7,4.958,5228.1,no
28,blue-collar,single,basic.9y,no,no,no,cellular,jul,thu,302,2,999,0,nonexistent,1.4,93.91799999999999,-42.7,4.958,5228.1,no
30,blue-collar,single,basic.9y,no,yes,no,telephone,jul,thu,17,3,999,0,nonexistent,1.4,93.91799999999999,-42.7,4.958,5228.1,no
45,services,married,basic.9y,no,no,no,cellular,jul,thu,50,1,999,0,nonexistent,1.4,93.91799999999999,-42.7,4.958,5228.1,no
44,admin.,married,university.degree,no,no,no,cellular,jul,thu,72,1,999,0,nonexistent,1.4,93.91799999999999,-42.7,4.958,5228.1,no
32,admin.,married,university.degree,no,yes,no,cellular,jul,thu,72,1,999,0,nonexistent,1.4,93.91799999999999,-42.7,4.958,5228.1,no
29,admin.,single,university.degree,no,yes,yes,cellular,jul,thu,258,1,999,0,nonexistent,1.4,93.91799999999999,-42.7,4.958,5228.1,no
32,admin.,married,university.degree,no,no,no,cellular,jul,thu,45,2,999,0,nonexistent,1.4,93.91799999999999,-42.7,4.958,5228.1,no
45,admin.,single,university.degree,no,yes,no,cellular,jul,thu,544,1,999,0,nonexistent,1.4,93.91799999999999,-42.7,4.958,5228.1,no
49,technician,divorced,high.school,no,no,no,cellular,jul,thu,124,1,999,0,nonexistent,1.4,93.91799999999999,-42.7,4.958,5228.1,no
31,services,single,basic.9y,no,yes,no,cellular,jul,thu,753,2,999,0,nonexistent,1.4,93.91799999999999,-42.7,4.958,5228.1,yes
49,services,single,high.school,no,yes,no,cellular,jul,thu,72,6,999,0,nonexistent,1.4,93.91799999999999,-42.7,4.958,5228.1,no
29,admin.,single,university.degree,no,no,no,cellular,jul,thu,686,1,999,0,nonexistent,1.4,93.91799999999999,-42.7,4.958,5228.1,no
31,student,single,university.degree,no,yes,no,cellular,jul,thu,277,1,999,0,nonexistent,1.4,93.91799999999999,-42.7,4.958,5228.1,no
27,blue-collar,single,basic.9y,no,yes,no,cellular,jul,thu,64,1,999,0,nonexistent,1.4,93.91799999999999,-42.7,4.958,5228.1,no
49,technician,divorced,high.school,no,yes,no,cellular,jul,thu,388,1,999,0,nonexistent,1.4,93.91799999999999,-42.7,4.958,5228.1,no
31,student,single,university.degree,no,yes,no,cellular,jul,thu,324,1,999,0,nonexistent,1.4,93.91799999999999,-42.7,4.958,5228.1,no
27,blue-collar,single,basic.9y,no,yes,no,cellular,jul,thu,295,1,999,0,nonexistent,1.4,93.91799999999999,-42.7,4.958,5228.1,no
27,blue-collar,single,basic.9y,no,no,no,cellular,jul,thu,284,1,999,0,nonexistent,1.4,93.91799999999999,-42.7,4.958,5228.1,no
27,blue-collar,single,basic.9y,no,no,no,cellular,jul,thu,86,1,999,0,nonexistent,1.4,93.91799999999999,-42.7,4.958,5228.1,no
47,blue-collar,divorced,basic.9y,no,yes,no,cellular,jul,thu,504,2,999,0,nonexistent,1.4,93.91799999999999,-42.7,4.958,5228.1,no
32,entrepreneur,married,basic.9y,no,yes,no,cellular,jul,thu,430,2,999,0,nonexistent,1.4,93.91799999999999,-42.7,4.958,5228.1,no
43,technician,single,university.degree,no,yes,no,cellular,jul,thu,201,1,999,0,nonexistent,1.4,93.91799999999999,-42.7,4.958,5228.1,no
43,technician,married,basic.9y,no,yes,no,cellular,jul,thu,50,1,999,0,nonexistent,1.4,93.91799999999999,-42.7,4.958,5228.1,no
26,technician,single,high.school,no,no,no,cellular,jul,thu,224,2,999,0,nonexistent,1.4,93.91799999999999,-42.7,4.958,5228.1,no
43,technician,single,university.degree,no,yes,no,cellular,jul,thu,272,1,999,0,nonexistent,1.4,93.91799999999999,-42.7,4.958,5228.1,no
49,self-employed,married,basic.9y,unknown,yes,no,cellular,jul,thu,82,1,999,0,nonexistent,1.4,93.91799999999999,-42.7,4.958,5228.1,no
31,self-employed,divorced,university.degree,no,unknown,unknown,cellular,jul,thu,262,1,999,0,nonexistent,1.4,93.91799999999999,-42.7,4.958,5228.1,no
49,admin.,single,university.degree,no,yes,no,telephone,jul,thu,344,10,999,0,nonexistent,1.4,93.91799999999999,-42.7,4.958,5228.1,no
27,blue-collar,single,basic.9y,no,yes,no,cellular,jul,thu,818,1,999,0,nonexistent,1.4,93.91799999999999,-42.7,4.958,5228.1,no
43,technician,single,university.degree,no,yes,no,cellular,jul,thu,534,1,999,0,nonexistent,1.4,93.91799999999999,-42.7,4.958,5228.1,no
52,technician,married,professional.course,no,yes,no,cellular,jul,thu,402,2,999,0,nonexistent,1.4,93.91799999999999,-42.7,4.958,5228.1,no
24,technician,single,basic.6y,no,yes,no,cellular,jul,thu,127,5,999,0,nonexistent,1.4,93.91799999999999,-42.7,4.958,5228.1,no
37,blue-collar,married,basic.4y,no,no,no,cellular,jul,thu,89,1,999,0,nonexistent,1.4,93.91799999999999,-42.7,4.958,5228.1,no
27,admin.,single,high.school,unknown,yes,no,cellular,jul,thu,87,1,999,0,nonexistent,1.4,93.91799999999999,-42.7,4.958,5228.1,no
27,admin.,single,high.school,unknown,yes,no,cellular,jul,thu,97,1,999,0,nonexistent,1.4,93.91799999999999,-42.7,4.958,5228.1,no
42,entrepreneur,married,basic.4y,unknown,yes,no,cellular,jul,thu,287,1,999,0,nonexistent,1.4,93.91799999999999,-42.7,4.958,5228.1,no
27,admin.,single,high.school,unknown,yes,no,cellular,jul,thu,284,1,999,0,nonexistent,1.4,93.91799999999999,-42.7,4.958,5228.1,no
30,blue-collar,married,basic.9y,unknown,yes,no,cellular,jul,thu,67,1,999,0,nonexistent,1.4,93.91799999999999,-42.7,4.958,5228.1,no
33,management,single,basic.9y,no,yes,no,cellular,jul,thu,234,1,999,0,nonexistent,1.4,93.91799999999999,-42.7,4.958,5228.1,no
34,blue-collar,married,basic.4y,no,yes,no,cellular,jul,thu,54,1,999,0,nonexistent,1.4,93.91799999999999,-42.7,4.958,5228.1,no
50,blue-collar,married,unknown,unknown,no,no,cellular,jul,thu,59,1,999,0,nonexistent,1.4,93.91799999999999,-42.7,4.958,5228.1,no
50,blue-collar,married,unknown,unknown,no,no,cellular,jul,thu,134,1,999,0,nonexistent,1.4,93.91799999999999,-42.7,4.958,5228.1,no
49,admin.,single,university.degree,no,yes,no,telephone,jul,thu,167,1,999,0,nonexistent,1.4,93.91799999999999,-42.7,4.958,5228.1,no
50,blue-collar,married,unknown,unknown,yes,no,cellular,jul,thu,58,1,999,0,nonexistent,1.4,93.91799999999999,-42.7,4.958,5228.1,no
33,management,single,basic.9y,no,yes,no,cellular,jul,thu,509,1,999,0,nonexistent,1.4,93.91799999999999,-42.7,4.958,5228.1,no
30,unemployed,married,professional.course,no,unknown,unknown,cellular,jul,thu,156,6,999,0,nonexistent,1.4,93.91799999999999,-42.7,4.958,5228.1,no
39,admin.,divorced,high.school,no,yes,yes,cellular,jul,thu,354,1,999,0,nonexistent,1.4,93.91799999999999,-42.7,4.958,5228.1,no
50,blue-collar,married,unknown,unknown,yes,no,cellular,jul,thu,224,1,999,0,nonexistent,1.4,93.91799999999999,-42.7,4.958,5228.1,no
42,housemaid,married,basic.9y,no,yes,no,cellular,jul,thu,410,1,999,0,nonexistent,1.4,93.91799999999999,-42.7,4.958,5228.1,no
34,technician,single,professional.course,no,yes,no,cellular,jul,thu,109,1,999,0,nonexistent,1.4,93.91799999999999,-42.7,4.958,5228.1,no
50,blue-collar,married,unknown,unknown,no,no,cellular,jul,thu,1275,1,999,0,nonexistent,1.4,93.91799999999999,-42.7,4.958,5228.1,yes
30,entrepreneur,single,university.degree,no,yes,no,cellular,jul,thu,11,12,999,0,nonexistent,1.4,93.91799999999999,-42.7,4.958,5228.1,no
50,blue-collar,married,unknown,unknown,no,no,cellular,jul,thu,1183,1,999,0,nonexistent,1.4,93.91799999999999,-42.7,4.958,5228.1,no
25,blue-collar,single,basic.9y,no,no,no,cellular,jul,thu,692,1,999,0,nonexistent,1.4,93.91799999999999,-42.7,4.958,5228.1,no
58,blue-collar,divorced,basic.4y,no,yes,no,cellular,jul,thu,158,1,999,0,nonexistent,1.4,93.91799999999999,-42.7,4.958,5228.1,no
47,blue-collar,married,basic.4y,unknown,no,no,cellular,jul,thu,136,2,999,0,nonexistent,1.4,93.91799999999999,-42.7,4.958,5228.1,no
50,blue-collar,married,unknown,unknown,no,no,cellular,jul,thu,114,1,999,0,nonexistent,1.4,93.91799999999999,-42.7,4.958,5228.1,no
51,blue-collar,married,basic.4y,unknown,yes,no,cellular,jul,thu,118,2,999,0,nonexistent,1.4,93.91799999999999,-42.7,4.958,5228.1,no
29,admin.,single,university.degree,no,yes,no,telephone,jul,thu,109,3,999,0,nonexistent,1.4,93.91799999999999,-42.7,4.958,5228.1,no
24,admin.,single,high.school,unknown,unknown,unknown,cellular,jul,thu,84,1,999,0,nonexistent,1.4,93.91799999999999,-42.7,4.958,5228.1,no
24,admin.,single,high.school,unknown,yes,no,telephone,jul,thu,15,1,999,0,nonexistent,1.4,93.91799999999999,-42.7,4.958,5228.1,no
30,technician,married,basic.9y,no,no,yes,cellular,jul,thu,536,2,999,0,nonexistent,1.4,93.91799999999999,-42.7,4.958,5228.1,no
35,admin.,married,high.school,no,no,no,cellular,jul,thu,490,7,999,0,nonexistent,1.4,93.91799999999999,-42.7,4.958,5228.1,no
25,blue-collar,married,basic.4y,no,no,yes,telephone,jul,thu,1008,2,999,0,nonexistent,1.4,93.91799999999999,-42.7,4.958,5228.1,yes
24,admin.,single,high.school,unknown,yes,yes,cellular,jul,thu,493,1,999,0,nonexistent,1.4,93.91799999999999,-42.7,4.958,5228.1,no
24,admin.,single,high.school,unknown,yes,no,cellular,jul,thu,421,1,999,0,nonexistent,1.4,93.91799999999999,-42.7,4.958,5228.1,no
24,admin.,single,high.school,unknown,yes,no,cellular,jul,thu,259,1,999,0,nonexistent,1.4,93.91799999999999,-42.7,4.958,5228.1,no
32,technician,married,university.degree,no,yes,no,cellular,jul,thu,80,2,999,0,nonexistent,1.4,93.91799999999999,-42.7,4.958,5228.1,no
29,unemployed,married,university.degree,no,no,no,cellular,jul,thu,509,1,999,0,nonexistent,1.4,93.91799999999999,-42.7,4.958,5228.1,no
23,management,single,university.degree,no,no,yes,cellular,jul,thu,49,1,999,0,nonexistent,1.4,93.91799999999999,-42.7,4.958,5228.1,no
23,management,single,university.degree,no,yes,no,cellular,jul,thu,134,1,999,0,nonexistent,1.4,93.91799999999999,-42.7,4.958,5228.1,no
27,unemployed,single,university.degree,no,yes,yes,cellular,jul,thu,538,2,999,0,nonexistent,1.4,93.91799999999999,-42.7,4.958,5228.1,yes
41,entrepreneur,divorced,basic.9y,no,yes,no,cellular,jul,thu,179,1,999,0,nonexistent,1.4,93.91799999999999,-42.7,4.958,5228.1,no
34,blue-collar,married,basic.4y,unknown,yes,yes,cellular,jul,thu,195,3,999,0,nonexistent,1.4,93.91799999999999,-42.7,4.958,5228.1,no
23,management,single,university.degree,no,no,no,cellular,jul,thu,795,1,999,0,nonexistent,1.4,93.91799999999999,-42.7,4.958,5228.1,yes
35,blue-collar,married,basic.9y,no,yes,no,cellular,jul,thu,225,3,999,0,nonexistent,1.4,93.91799999999999,-42.7,4.958,5228.1,no
39,housemaid,divorced,basic.9y,no,no,no,cellular,jul,thu,926,1,999,0,nonexistent,1.4,93.91799999999999,-42.7,4.958,5228.1,yes
41,entrepreneur,divorced,basic.9y,no,yes,yes,cellular,jul,thu,219,1,999,0,nonexistent,1.4,93.91799999999999,-42.7,4.958,5228.1,no
58,retired,married,high.school,no,no,no,cellular,jul,thu,119,1,999,0,nonexistent,1.4,93.91799999999999,-42.7,4.958,5228.1,no
58,retired,married,high.school,no,yes,no,cellular,jul,thu,232,1,999,0,nonexistent,1.4,93.91799999999999,-42.7,4.958,5228.1,no
58,retired,married,high.school,no,yes,no,cellular,jul,thu,245,1,999,0,nonexistent,1.4,93.91799999999999,-42.7,4.958,5228.1,no
33,technician,divorced,university.degree,no,yes,yes,cellular,jul,thu,260,1,999,0,nonexistent,1.4,93.91799999999999,-42.7,4.958,5228.1,no
24,admin.,single,high.school,unknown,yes,no,cellular,jul,thu,470,1,999,0,nonexistent,1.4,93.91799999999999,-42.7,4.958,5228.1,no
35,self-employed,married,university.degree,no,no,no,cellular,jul,thu,109,3,999,0,nonexistent,1.4,93.91799999999999,-42.7,4.958,5228.1,no
27,student,single,university.degree,no,yes,no,cellular,jul,thu,172,1,999,0,nonexistent,1.4,93.91799999999999,-42.7,4.958,5228.1,no
27,student,single,university.degree,no,unknown,unknown,cellular,jul,thu,312,1,999,0,nonexistent,1.4,93.91799999999999,-42.7,4.958,5228.1,no
27,student,single,university.degree,no,yes,no,cellular,jul,thu,393,1,999,0,nonexistent,1.4,93.91799999999999,-42.7,4.958,5228.1,no
45,services,married,basic.9y,unknown,yes,no,cellular,jul,thu,157,1,999,0,nonexistent,1.4,93.91799999999999,-42.7,4.958,5228.1,no
45,services,married,basic.9y,unknown,yes,yes,cellular,jul,thu,270,1,999,0,nonexistent,1.4,93.91799999999999,-42.7,4.958,5228.1,no
32,admin.,single,university.degree,no,no,no,cellular,jul,thu,79,1,999,0,nonexistent,1.4,93.91799999999999,-42.7,4.958,5228.1,no
27,blue-collar,married,basic.9y,no,no,yes,cellular,jul,thu,655,1,999,0,nonexistent,1.4,93.91799999999999,-42.7,4.958,5228.1,no
49,technician,divorced,high.school,no,no,no,cellular,jul,thu,123,2,999,0,nonexistent,1.4,93.91799999999999,-42.7,4.958,5228.1,no
45,services,married,basic.9y,unknown,no,yes,cellular,jul,thu,479,1,999,0,nonexistent,1.4,93.91799999999999,-42.7,4.958,5228.1,no
32,admin.,single,university.degree,no,yes,no,cellular,jul,thu,96,1,999,0,nonexistent,1.4,93.91799999999999,-42.7,4.958,5228.1,no
54,blue-collar,married,basic.9y,unknown,no,no,cellular,jul,thu,225,2,999,0,nonexistent,1.4,93.91799999999999,-42.7,4.958,5228.1,no
33,services,divorced,high.school,no,no,no,cellular,jul,thu,654,1,999,0,nonexistent,1.4,93.91799999999999,-42.7,4.958,5228.1,no
29,technician,married,high.school,unknown,no,no,cellular,jul,thu,321,1,999,0,nonexistent,1.4,93.91799999999999,-42.7,4.958,5228.1,no
36,technician,single,professional.course,no,no,no,cellular,jul,thu,54,4,999,0,nonexistent,1.4,93.91799999999999,-42.7,4.958,5228.1,no
32,admin.,single,university.degree,no,no,yes,cellular,jul,thu,1027,1,999,0,nonexistent,1.4,93.91799999999999,-42.7,4.958,5228.1,yes
32,self-employed,single,university.degree,no,yes,no,cellular,jul,thu,630,1,999,0,nonexistent,1.4,93.91799999999999,-42.7,4.958,5228.1,no
24,services,single,high.school,no,no,no,cellular,jul,thu,360,2,999,0,nonexistent,1.4,93.91799999999999,-42.7,4.958,5228.1,no
50,entrepreneur,married,basic.4y,unknown,no,no,cellular,jul,thu,180,1,999,0,nonexistent,1.4,93.91799999999999,-42.7,4.958,5228.1,no
26,admin.,single,university.degree,no,no,no,cellular,jul,thu,184,1,999,0,nonexistent,1.4,93.91799999999999,-42.7,4.958,5228.1,no
43,services,married,high.school,no,no,no,cellular,jul,thu,345,1,999,0,nonexistent,1.4,93.91799999999999,-42.7,4.958,5228.1,no
33,technician,single,professional.course,unknown,yes,no,cellular,jul,thu,506,1,999,0,nonexistent,1.4,93.91799999999999,-42.7,4.958,5228.1,no
39,blue-collar,married,basic.4y,no,yes,no,cellular,jul,thu,388,2,999,0,nonexistent,1.4,93.91799999999999,-42.7,4.958,5228.1,no
43,blue-collar,married,basic.4y,no,yes,no,cellular,jul,thu,377,11,999,0,nonexistent,1.4,93.91799999999999,-42.7,4.958,5228.1,no
23,services,single,high.school,no,no,no,cellular,jul,thu,796,2,999,0,nonexistent,1.4,93.91799999999999,-42.7,4.958,5228.1,no
50,blue-collar,single,basic.4y,unknown,yes,no,telephone,jul,thu,381,7,999,0,nonexistent,1.4,93.91799999999999,-42.7,4.958,5228.1,no
23,management,single,university.degree,no,yes,yes,cellular,jul,thu,804,2,999,0,nonexistent,1.4,93.91799999999999,-42.7,4.958,5228.1,no
41,blue-collar,divorced,high.school,no,yes,no,cellular,jul,thu,168,6,999,0,nonexistent,1.4,93.91799999999999,-42.7,4.958,5228.1,no
26,admin.,single,high.school,unknown,yes,no,cellular,jul,thu,263,6,999,0,nonexistent,1.4,93.91799999999999,-42.7,4.958,5228.1,no
25,blue-collar,married,basic.4y,no,yes,yes,cellular,jul,thu,309,2,999,0,nonexistent,1.4,93.91799999999999,-42.7,4.958,5228.1,no
40,housemaid,divorced,high.school,unknown,yes,yes,cellular,jul,thu,43,2,999,0,nonexistent,1.4,93.91799999999999,-42.7,4.958,5228.1,no
29,admin.,single,basic.9y,no,no,no,cellular,jul,thu,504,1,999,0,nonexistent,1.4,93.91799999999999,-42.7,4.958,5228.1,no
29,blue-collar,single,high.school,no,no,no,cellular,jul,thu,353,3,999,0,nonexistent,1.4,93.91799999999999,-42.7,4.958,5228.1,no
57,entrepreneur,married,unknown,unknown,no,no,cellular,jul,thu,384,4,999,0,nonexistent,1.4,93.91799999999999,-42.7,4.958,5228.1,no
24,technician,single,basic.6y,no,yes,yes,cellular,jul,thu,18,8,999,0,nonexistent,1.4,93.91799999999999,-42.7,4.958,5228.1,no
32,blue-collar,married,basic.4y,unknown,yes,no,cellular,jul,thu,334,3,999,0,nonexistent,1.4,93.91799999999999,-42.7,4.958,5228.1,no
26,blue-collar,single,basic.9y,no,yes,no,cellular,jul,thu,275,17,999,0,nonexistent,1.4,93.91799999999999,-42.7,4.958,5228.1,no
24,technician,single,basic.6y,no,yes,no,cellular,jul,thu,378,7,999,0,nonexistent,1.4,93.91799999999999,-42.7,4.958,5228.1,no
35,technician,married,professional.course,no,yes,yes,cellular,jul,thu,54,3,999,0,nonexistent,1.4,93.91799999999999,-42.7,4.958,5228.1,no
56,admin.,divorced,basic.6y,no,no,yes,cellular,jul,thu,174,8,999,0,nonexistent,1.4,93.91799999999999,-42.7,4.958,5228.1,no
42,entrepreneur,married,basic.4y,unknown,yes,no,telephone,jul,thu,485,2,999,0,nonexistent,1.4,93.91799999999999,-42.7,4.958,5228.1,no
23,management,single,university.degree,no,no,no,cellular,jul,thu,1584,2,999,0,nonexistent,1.4,93.91799999999999,-42.7,4.958,5228.1,yes
25,blue-collar,married,basic.4y,no,no,no,cellular,jul,thu,420,2,999,0,nonexistent,1.4,93.91799999999999,-42.7,4.958,5228.1,no
26,housemaid,married,basic.4y,no,no,no,cellular,jul,thu,62,1,999,0,nonexistent,1.4,93.91799999999999,-42.7,4.958,5228.1,no
49,blue-collar,single,basic.6y,unknown,yes,no,cellular,jul,thu,626,3,999,0,nonexistent,1.4,93.91799999999999,-42.7,4.958,5228.1,yes
29,unemployed,married,university.degree,no,yes,no,cellular,jul,thu,104,2,999,0,nonexistent,1.4,93.91799999999999,-42.7,4.958,5228.1,no
26,housemaid,married,basic.4y,no,no,no,cellular,jul,thu,695,1,999,0,nonexistent,1.4,93.91799999999999,-42.7,4.958,5228.1,no
24,technician,single,basic.6y,no,yes,no,telephone,jul,thu,1448,7,999,0,nonexistent,1.4,93.91799999999999,-42.7,4.958,5228.1,yes
23,management,single,university.degree,no,no,no,cellular,jul,thu,271,2,999,0,nonexistent,1.4,93.91799999999999,-42.7,4.958,5228.1,no
26,housemaid,married,basic.4y,no,yes,no,cellular,jul,thu,1151,1,999,0,nonexistent,1.4,93.91799999999999,-42.7,4.958,5228.1,no
28,admin.,single,basic.9y,unknown,no,no,telephone,jul,thu,171,8,999,0,nonexistent,1.4,93.91799999999999,-42.7,4.958,5228.1,no
26,admin.,single,high.school,unknown,yes,no,cellular,jul,thu,120,3,999,0,nonexistent,1.4,93.91799999999999,-42.7,4.958,5228.1,no
28,services,single,basic.9y,no,yes,no,cellular,jul,thu,277,3,999,0,nonexistent,1.4,93.91799999999999,-42.7,4.958,5228.1,no
25,admin.,single,university.degree,no,yes,no,cellular,jul,thu,271,5,999,0,nonexistent,1.4,93.91799999999999,-42.7,4.958,5228.1,no
52,blue-collar,divorced,basic.4y,unknown,no,no,cellular,jul,thu,160,6,999,0,nonexistent,1.4,93.91799999999999,-42.7,4.958,5228.1,no
35,technician,married,professional.course,no,no,yes,cellular,jul,thu,207,2,999,0,nonexistent,1.4,93.91799999999999,-42.7,4.958,5228.1,no
35,admin.,divorced,high.school,no,yes,no,telephone,jul,thu,197,3,999,0,nonexistent,1.4,93.91799999999999,-42.7,4.958,5228.1,no
34,technician,single,university.degree,no,yes,no,telephone,jul,thu,202,5,999,0,nonexistent,1.4,93.91799999999999,-42.7,4.958,5228.1,no
27,blue-collar,single,basic.9y,no,no,no,cellular,jul,thu,656,3,999,0,nonexistent,1.4,93.91799999999999,-42.7,4.958,5228.1,yes
33,management,married,university.degree,no,yes,yes,cellular,jul,thu,1390,2,999,0,nonexistent,1.4,93.91799999999999,-42.7,4.958,5228.1,no
28,blue-collar,single,unknown,no,no,no,cellular,jul,thu,637,1,999,0,nonexistent,1.4,93.91799999999999,-42.7,4.958,5228.1,yes
49,blue-collar,divorced,basic.6y,unknown,yes,no,cellular,jul,thu,188,3,999,0,nonexistent,1.4,93.91799999999999,-42.7,4.958,5228.1,no
50,admin.,divorced,university.degree,no,yes,no,cellular,jul,thu,231,2,999,0,nonexistent,1.4,93.91799999999999,-42.7,4.958,5228.1,no
31,blue-collar,divorced,basic.9y,no,no,no,cellular,jul,thu,551,3,999,0,nonexistent,1.4,93.91799999999999,-42.7,4.958,5228.1,yes
28,blue-collar,single,unknown,no,yes,no,cellular,jul,thu,25,1,999,0,nonexistent,1.4,93.91799999999999,-42.7,4.958,5228.1,no
56,admin.,divorced,basic.6y,no,no,no,cellular,jul,thu,614,5,999,0,nonexistent,1.4,93.91799999999999,-42.7,4.958,5228.1,no
28,blue-collar,single,unknown,no,no,no,cellular,jul,thu,437,1,999,0,nonexistent,1.4,93.91799999999999,-42.7,4.958,5228.1,no
31,technician,married,basic.9y,no,no,yes,cellular,jul,thu,1319,5,999,0,nonexistent,1.4,93.91799999999999,-42.7,4.958,5228.1,yes
27,admin.,single,high.school,unknown,yes,no,cellular,jul,thu,606,3,999,0,nonexistent,1.4,93.91799999999999,-42.7,4.958,5228.1,no
50,entrepreneur,married,basic.4y,unknown,no,no,cellular,jul,thu,235,2,999,0,nonexistent,1.4,93.91799999999999,-42.7,4.958,5228.1,no
24,services,single,basic.9y,unknown,yes,no,cellular,jul,thu,199,1,999,0,nonexistent,1.4,93.91799999999999,-42.7,4.958,5228.1,no
25,blue-collar,married,basic.6y,unknown,no,no,cellular,jul,thu,201,3,999,0,nonexistent,1.4,93.91799999999999,-42.7,4.958,5228.1,no
31,self-employed,divorced,university.degree,no,yes,no,cellular,jul,thu,275,3,999,0,nonexistent,1.4,93.91799999999999,-42.7,4.958,5228.1,no
35,blue-collar,married,basic.9y,no,yes,no,telephone,jul,thu,268,5,999,0,nonexistent,1.4,93.91799999999999,-42.7,4.958,5228.1,no
39,admin.,married,high.school,unknown,no,no,cellular,jul,thu,210,2,999,0,nonexistent,1.4,93.91799999999999,-42.7,4.958,5228.1,no
24,blue-collar,single,basic.9y,no,no,no,cellular,jul,thu,538,3,999,0,nonexistent,1.4,93.91799999999999,-42.7,4.958,5228.1,no
44,blue-collar,married,basic.6y,unknown,no,no,telephone,jul,thu,304,4,999,0,nonexistent,1.4,93.91799999999999,-42.7,4.958,5228.1,no
37,blue-collar,married,basic.4y,no,no,no,cellular,jul,thu,147,2,999,0,nonexistent,1.4,93.91799999999999,-42.7,4.958,5228.1,no
50,blue-collar,married,unknown,unknown,no,no,cellular,jul,thu,84,2,999,0,nonexistent,1.4,93.91799999999999,-42.7,4.958,5228.1,no
50,blue-collar,married,unknown,unknown,yes,no,cellular,jul,thu,125,2,999,0,nonexistent,1.4,93.91799999999999,-42.7,4.958,5228.1,no
41,technician,married,professional.course,no,yes,no,cellular,jul,thu,410,3,999,0,nonexistent,1.4,93.91799999999999,-42.7,4.958,5228.1,no
27,blue-collar,married,basic.6y,no,yes,no,cellular,jul,thu,209,4,999,0,nonexistent,1.4,93.91799999999999,-42.7,4.958,5228.1,no
27,technician,single,professional.course,no,no,no,cellular,jul,thu,234,1,999,0,nonexistent,1.4,93.91799999999999,-42.7,4.958,5228.1,no
33,blue-collar,single,basic.9y,no,yes,no,telephone,jul,thu,124,8,999,0,nonexistent,1.4,93.91799999999999,-42.7,4.958,5228.1,no
46,blue-collar,married,basic.4y,unknown,no,no,cellular,jul,thu,111,2,999,0,nonexistent,1.4,93.91799999999999,-42.7,4.958,5228.1,no
35,unknown,single,high.school,unknown,yes,no,cellular,jul,thu,277,3,999,0,nonexistent,1.4,93.91799999999999,-42.7,4.958,5228.1,no
33,admin.,married,university.degree,no,no,no,cellular,jul,thu,278,1,999,0,nonexistent,1.4,93.91799999999999,-42.7,4.958,5228.1,no
25,admin.,single,university.degree,no,yes,no,cellular,jul,thu,174,2,999,0,nonexistent,1.4,93.91799999999999,-42.7,4.958,5228.1,no
35,blue-collar,married,basic.9y,no,no,no,telephone,jul,thu,46,6,999,0,nonexistent,1.4,93.91799999999999,-42.7,4.958,5228.1,no
27,blue-collar,divorced,unknown,no,no,no,cellular,jul,thu,536,5,999,0,nonexistent,1.4,93.91799999999999,-42.7,4.958,5228.1,no
59,retired,single,high.school,no,no,no,cellular,jul,thu,257,2,999,0,nonexistent,1.4,93.91799999999999,-42.7,4.958,5228.1,no
37,blue-collar,single,basic.4y,no,no,yes,cellular,jul,thu,728,3,999,0,nonexistent,1.4,93.91799999999999,-42.7,4.958,5228.1,no
33,admin.,married,university.degree,no,no,no,cellular,jul,thu,1018,1,999,0,nonexistent,1.4,93.91799999999999,-42.7,4.958,5228.1,no
50,blue-collar,married,unknown,unknown,no,no,cellular,jul,thu,291,2,999,0,nonexistent,1.4,93.91799999999999,-42.7,4.958,5228.1,no
32,management,single,university.degree,no,no,no,cellular,jul,thu,654,1,999,0,nonexistent,1.4,93.91799999999999,-42.7,4.958,5228.1,no
45,admin.,divorced,university.degree,no,yes,no,cellular,jul,thu,1673,2,999,0,nonexistent,1.4,93.91799999999999,-42.7,4.958,5228.1,no
44,technician,single,professional.course,no,no,no,cellular,jul,thu,330,3,999,0,nonexistent,1.4,93.91799999999999,-42.7,4.958,5228.1,no
42,entrepreneur,married,basic.4y,unknown,yes,no,cellular,jul,thu,124,2,999,0,nonexistent,1.4,93.91799999999999,-42.7,4.958,5228.1,no
42,self-employed,single,professional.course,no,yes,no,telephone,jul,thu,171,3,999,0,nonexistent,1.4,93.91799999999999,-42.7,4.958,5228.1,no
24,technician,single,basic.6y,no,yes,no,telephone,jul,thu,248,9,999,0,nonexistent,1.4,93.91799999999999,-42.7,4.958,5228.1,no
44,technician,single,professional.course,no,yes,no,cellular,jul,thu,408,11,999,0,nonexistent,1.4,93.91799999999999,-42.7,4.958,5228.1,no
25,services,single,basic.6y,unknown,yes,no,cellular,jul,thu,301,1,999,0,nonexistent,1.4,93.91799999999999,-42.7,4.958,5228.1,no
23,technician,married,professional.course,no,no,no,cellular,jul,thu,81,3,999,0,nonexistent,1.4,93.91799999999999,-42.7,4.958,5228.1,no
57,technician,married,basic.9y,unknown,yes,yes,cellular,jul,thu,155,6,999,0,nonexistent,1.4,93.91799999999999,-42.7,4.958,5228.1,no
26,services,single,high.school,no,no,no,cellular,jul,thu,770,2,999,0,nonexistent,1.4,93.91799999999999,-42.7,4.958,5228.1,no
32,admin.,single,basic.9y,no,yes,no,cellular,jul,thu,77,2,999,0,nonexistent,1.4,93.91799999999999,-42.7,4.958,5228.1,no
26,admin.,married,high.school,no,no,no,cellular,jul,thu,991,5,999,0,nonexistent,1.4,93.91799999999999,-42.7,4.958,5228.1,yes
28,blue-collar,single,unknown,no,no,no,cellular,jul,thu,82,2,999,0,nonexistent,1.4,93.91799999999999,-42.7,4.958,5228.1,no
28,blue-collar,single,basic.9y,no,no,no,telephone,jul,thu,610,2,999,0,nonexistent,1.4,93.91799999999999,-42.7,4.958,5228.1,no
50,entrepreneur,married,basic.4y,unknown,yes,no,cellular,jul,thu,175,3,999,0,nonexistent,1.4,93.91799999999999,-42.7,4.958,5228.1,no
32,admin.,married,university.degree,no,yes,no,cellular,jul,thu,122,17,999,0,nonexistent,1.4,93.91799999999999,-42.7,4.958,5228.1,no
49,technician,divorced,high.school,no,yes,no,cellular,jul,thu,395,3,999,0,nonexistent,1.4,93.91799999999999,-42.7,4.958,5228.1,no
38,entrepreneur,married,basic.6y,unknown,no,no,telephone,jul,thu,517,5,999,0,nonexistent,1.4,93.91799999999999,-42.7,4.958,5228.1,no
38,services,divorced,high.school,no,yes,no,cellular,jul,thu,444,4,999,0,nonexistent,1.4,93.91799999999999,-42.7,4.958,5228.1,no
36,technician,single,professional.course,no,yes,no,cellular,jul,thu,230,5,999,0,nonexistent,1.4,93.91799999999999,-42.7,4.958,5228.1,no
36,admin.,married,university.degree,unknown,no,no,cellular,jul,thu,674,3,999,0,nonexistent,1.4,93.91799999999999,-42.7,4.958,5228.1,no
48,unemployed,married,basic.4y,unknown,yes,no,cellular,jul,thu,172,3,999,0,nonexistent,1.4,93.91799999999999,-42.7,4.958,5228.1,no
35,unemployed,divorced,basic.9y,no,no,no,cellular,jul,thu,169,7,999,0,nonexistent,1.4,93.91799999999999,-42.7,4.958,5228.1,no
24,admin.,single,high.school,unknown,no,no,cellular,jul,thu,320,2,999,0,nonexistent,1.4,93.91799999999999,-42.7,4.958,5228.1,no
46,admin.,single,university.degree,unknown,yes,no,cellular,jul,thu,153,1,999,0,nonexistent,1.4,93.91799999999999,-42.7,4.958,5228.1,no
46,admin.,single,university.degree,unknown,yes,no,cellular,jul,thu,154,1,999,0,nonexistent,1.4,93.91799999999999,-42.7,4.958,5228.1,no
29,blue-collar,single,professional.course,no,no,no,cellular,jul,thu,43,8,999,0,nonexistent,1.4,93.91799999999999,-42.7,4.958,5228.1,no
50,technician,married,professional.course,no,yes,no,cellular,jul,thu,143,1,999,0,nonexistent,1.4,93.91799999999999,-42.7,4.958,5228.1,no
49,admin.,divorced,high.school,no,no,no,telephone,jul,thu,27,1,999,0,nonexistent,1.4,93.91799999999999,-42.7,4.958,5228.1,no
37,admin.,single,university.degree,no,no,no,cellular,jul,thu,546,6,999,0,nonexistent,1.4,93.91799999999999,-42.7,4.958,5228.1,no
30,technician,single,university.degree,no,yes,no,cellular,jul,thu,91,2,999,0,nonexistent,1.4,93.91799999999999,-42.7,4.958,5228.1,no
24,technician,single,basic.6y,no,no,no,cellular,jul,thu,75,3,999,0,nonexistent,1.4,93.91799999999999,-42.7,4.958,5228.1,no
42,services,married,high.school,no,no,no,cellular,jul,thu,1153,4,999,0,nonexistent,1.4,93.91799999999999,-42.7,4.958,5228.1,yes
49,admin.,divorced,high.school,no,no,no,cellular,jul,thu,602,1,999,0,nonexistent,1.4,93.91799999999999,-42.7,4.958,5228.1,no
32,blue-collar,married,basic.4y,unknown,no,no,cellular,jul,thu,740,2,999,0,nonexistent,1.4,93.91799999999999,-42.7,4.958,5228.1,no
27,blue-collar,divorced,unknown,no,no,no,cellular,jul,thu,193,2,999,0,nonexistent,1.4,93.91799999999999,-42.7,4.958,5228.1,no
28,blue-collar,married,basic.9y,no,no,no,cellular,jul,thu,125,1,999,0,nonexistent,1.4,93.91799999999999,-42.7,4.958,5228.1,no
52,housemaid,single,university.degree,no,no,no,cellular,jul,thu,188,3,999,0,nonexistent,1.4,93.91799999999999,-42.7,4.958,5228.1,no
25,services,single,high.school,no,yes,no,cellular,jul,fri,172,2,999,0,nonexistent,1.4,93.91799999999999,-42.7,4.957,5228.1,no
41,blue-collar,married,basic.4y,no,yes,no,cellular,jul,fri,138,3,999,0,nonexistent,1.4,93.91799999999999,-42.7,4.957,5228.1,no
22,admin.,single,high.school,no,yes,no,cellular,jul,fri,64,2,999,0,nonexistent,1.4,93.91799999999999,-42.7,4.957,5228.1,no
32,services,married,high.school,no,no,yes,cellular,jul,fri,157,3,999,0,nonexistent,1.4,93.91799999999999,-42.7,4.957,5228.1,no
32,services,single,high.school,no,no,no,cellular,jul,fri,185,2,999,0,nonexistent,1.4,93.91799999999999,-42.7,4.957,5228.1,no
53,services,divorced,basic.9y,no,yes,no,cellular,jul,fri,121,2,999,0,nonexistent,1.4,93.91799999999999,-42.7,4.957,5228.1,no
29,admin.,single,high.school,no,no,yes,telephone,jul,fri,21,9,999,0,nonexistent,1.4,93.91799999999999,-42.7,4.957,5228.1,no
35,blue-collar,married,basic.9y,no,no,no,cellular,jul,fri,156,3,999,0,nonexistent,1.4,93.91799999999999,-42.7,4.957,5228.1,no
34,services,married,high.school,no,no,no,cellular,jul,fri,95,8,999,0,nonexistent,1.4,93.91799999999999,-42.7,4.957,5228.1,no
32,self-employed,married,university.degree,unknown,no,no,cellular,jul,fri,172,3,999,0,nonexistent,1.4,93.91799999999999,-42.7,4.957,5228.1,no
41,blue-collar,married,basic.4y,no,no,no,cellular,jul,fri,623,3,999,0,nonexistent,1.4,93.91799999999999,-42.7,4.957,5228.1,yes
37,technician,married,professional.course,no,no,yes,cellular,jul,fri,674,3,999,0,nonexistent,1.4,93.91799999999999,-42.7,4.957,5228.1,yes
39,housemaid,married,basic.6y,no,yes,no,cellular,jul,fri,76,4,999,0,nonexistent,1.4,93.91799999999999,-42.7,4.957,5228.1,no
31,blue-collar,single,basic.9y,no,yes,yes,cellular,jul,fri,1081,2,999,0,nonexistent,1.4,93.91799999999999,-42.7,4.957,5228.1,yes
30,blue-collar,married,basic.6y,unknown,yes,no,cellular,jul,fri,50,4,999,0,nonexistent,1.4,93.91799999999999,-42.7,4.957,5228.1,no
46,admin.,single,university.degree,no,no,no,cellular,jul,fri,142,10,999,0,nonexistent,1.4,93.91799999999999,-42.7,4.957,5228.1,no
47,technician,married,professional.course,no,yes,no,cellular,jul,fri,165,3,999,0,nonexistent,1.4,93.91799999999999,-42.7,4.957,5228.1,no
53,management,married,high.school,no,no,no,cellular,jul,fri,91,10,999,0,nonexistent,1.4,93.91799999999999,-42.7,4.957,5228.1,no
42,entrepreneur,married,university.degree,unknown,no,no,cellular,jul,fri,400,6,999,0,nonexistent,1.4,93.91799999999999,-42.7,4.957,5228.1,no
31,self-employed,single,university.degree,no,yes,no,cellular,jul,fri,85,2,999,0,nonexistent,1.4,93.91799999999999,-42.7,4.957,5228.1,no
51,housemaid,married,high.school,unknown,yes,yes,cellular,jul,fri,454,1,999,0,nonexistent,1.4,93.91799999999999,-42.7,4.957,5228.1,no
29,admin.,single,high.school,no,yes,yes,cellular,jul,fri,67,11,999,0,nonexistent,1.4,93.91799999999999,-42.7,4.957,5228.1,no
53,services,divorced,basic.9y,no,no,no,cellular,jul,fri,127,3,999,0,nonexistent,1.4,93.91799999999999,-42.7,4.957,5228.1,no
48,admin.,married,high.school,no,no,no,cellular,jul,fri,145,2,999,0,nonexistent,1.4,93.91799999999999,-42.7,4.957,5228.1,no
38,technician,single,professional.course,no,no,no,cellular,jul,fri,59,4,999,0,nonexistent,1.4,93.91799999999999,-42.7,4.957,5228.1,no
31,technician,single,university.degree,no,no,no,cellular,jul,fri,85,1,999,0,nonexistent,1.4,93.91799999999999,-42.7,4.957,5228.1,no
30,technician,married,professional.course,no,yes,yes,cellular,jul,fri,292,2,999,0,nonexistent,1.4,93.91799999999999,-42.7,4.957,5228.1,no
27,admin.,married,university.degree,no,no,no,cellular,jul,fri,146,1,999,0,nonexistent,1.4,93.91799999999999,-42.7,4.957,5228.1,no
28,technician,married,basic.9y,no,yes,no,cellular,jul,fri,83,2,999,0,nonexistent,1.4,93.91799999999999,-42.7,4.957,5228.1,no
28,blue-collar,single,basic.9y,no,yes,no,cellular,jul,fri,103,2,999,0,nonexistent,1.4,93.91799999999999,-42.7,4.957,5228.1,no
57,blue-collar,married,high.school,unknown,no,no,cellular,jul,fri,558,1,999,0,nonexistent,1.4,93.91799999999999,-42.7,4.957,5228.1,yes
57,blue-collar,married,high.school,unknown,yes,no,cellular,jul,fri,572,1,999,0,nonexistent,1.4,93.91799999999999,-42.7,4.957,5228.1,yes
37,admin.,married,high.school,no,no,yes,cellular,jul,fri,354,1,999,0,nonexistent,1.4,93.91799999999999,-42.7,4.957,5228.1,no
35,admin.,single,university.degree,no,no,no,cellular,jul,fri,91,1,999,0,nonexistent,1.4,93.91799999999999,-42.7,4.957,5228.1,no
42,blue-collar,married,basic.6y,unknown,no,no,cellular,jul,fri,304,3,999,0,nonexistent,1.4,93.91799999999999,-42.7,4.957,5228.1,no
35,admin.,single,university.degree,no,yes,no,cellular,jul,fri,199,1,999,0,nonexistent,1.4,93.91799999999999,-42.7,4.957,5228.1,no
36,admin.,married,high.school,no,unknown,unknown,cellular,jul,fri,191,1,999,0,nonexistent,1.4,93.91799999999999,-42.7,4.957,5228.1,no
31,admin.,single,basic.9y,no,no,no,cellular,jul,fri,978,1,999,0,nonexistent,1.4,93.91799999999999,-42.7,4.957,5228.1,yes
32,blue-collar,single,basic.9y,unknown,yes,no,cellular,jul,fri,144,1,999,0,nonexistent,1.4,93.91799999999999,-42.7,4.957,5228.1,no
32,blue-collar,single,basic.9y,unknown,unknown,unknown,cellular,jul,fri,240,1,999,0,nonexistent,1.4,93.91799999999999,-42.7,4.957,5228.1,no
32,blue-collar,single,basic.9y,unknown,no,no,cellular,jul,fri,166,1,999,0,nonexistent,1.4,93.91799999999999,-42.7,4.957,5228.1,no
35,admin.,single,university.degree,no,no,no,cellular,jul,fri,536,1,999,0,nonexistent,1.4,93.91799999999999,-42.7,4.957,5228.1,yes
32,blue-collar,single,basic.9y,unknown,no,no,cellular,jul,fri,316,1,999,0,nonexistent,1.4,93.91799999999999,-42.7,4.957,5228.1,no
33,management,single,university.degree,no,yes,no,cellular,jul,fri,72,1,999,0,nonexistent,1.4,93.91799999999999,-42.7,4.957,5228.1,no
29,management,single,basic.9y,no,yes,no,telephone,jul,fri,11,1,999,0,nonexistent,1.4,93.91799999999999,-42.7,4.957,5228.1,no
29,management,single,basic.9y,no,yes,no,cellular,jul,fri,135,1,999,0,nonexistent,1.4,93.91799999999999,-42.7,4.957,5228.1,no
52,retired,married,basic.4y,unknown,yes,no,cellular,jul,fri,412,1,999,0,nonexistent,1.4,93.91799999999999,-42.7,4.957,5228.1,no
56,admin.,married,university.degree,no,yes,yes,cellular,jul,fri,383,1,999,0,nonexistent,1.4,93.91799999999999,-42.7,4.957,5228.1,no
27,admin.,single,high.school,no,yes,no,telephone,jul,fri,41,1,999,0,nonexistent,1.4,93.91799999999999,-42.7,4.957,5228.1,no
29,admin.,single,high.school,no,no,no,cellular,jul,fri,567,1,999,0,nonexistent,1.4,93.91799999999999,-42.7,4.957,5228.1,yes
31,technician,single,university.degree,no,yes,no,cellular,jul,fri,800,6,999,0,nonexistent,1.4,93.91799999999999,-42.7,4.957,5228.1,no
30,admin.,married,university.degree,no,no,no,cellular,jul,fri,84,2,999,0,nonexistent,1.4,93.91799999999999,-42.7,4.957,5228.1,no
39,self-employed,married,university.degree,no,no,no,cellular,jul,fri,178,1,999,0,nonexistent,1.4,93.91799999999999,-42.7,4.957,5228.1,no
29,technician,single,high.school,no,no,no,cellular,jul,fri,33,1,999,0,nonexistent,1.4,93.91799999999999,-42.7,4.957,5228.1,no
26,technician,married,university.degree,no,yes,no,cellular,jul,fri,116,1,999,0,nonexistent,1.4,93.91799999999999,-42.7,4.957,5228.1,no
27,services,single,high.school,no,yes,no,cellular,jul,fri,71,3,999,0,nonexistent,1.4,93.91799999999999,-42.7,4.957,5228.1,no
43,blue-collar,married,basic.9y,no,yes,no,cellular,jul,fri,226,1,999,0,nonexistent,1.4,93.91799999999999,-42.7,4.957,5228.1,no
29,management,single,basic.9y,no,no,yes,cellular,jul,fri,968,1,999,0,nonexistent,1.4,93.91799999999999,-42.7,4.957,5228.1,yes
43,blue-collar,married,basic.9y,no,no,no,cellular,jul,fri,377,1,999,0,nonexistent,1.4,93.91799999999999,-42.7,4.957,5228.1,no
46,blue-collar,married,basic.4y,unknown,no,no,cellular,jul,fri,111,1,999,0,nonexistent,1.4,93.91799999999999,-42.7,4.957,5228.1,no
46,blue-collar,married,basic.4y,unknown,no,no,cellular,jul,fri,113,1,999,0,nonexistent,1.4,93.91799999999999,-42.7,4.957,5228.1,no
36,blue-collar,married,basic.9y,no,yes,no,cellular,jul,fri,225,1,999,0,nonexistent,1.4,93.91799999999999,-42.7,4.957,5228.1,no
46,blue-collar,married,basic.4y,unknown,yes,no,cellular,jul,fri,277,1,999,0,nonexistent,1.4,93.91799999999999,-42.7,4.957,5228.1,no
29,technician,single,professional.course,no,yes,no,cellular,jul,fri,274,3,999,0,nonexistent,1.4,93.91799999999999,-42.7,4.957,5228.1,no
30,blue-collar,married,basic.6y,unknown,yes,no,cellular,jul,fri,474,2,999,0,nonexistent,1.4,93.91799999999999,-42.7,4.957,5228.1,yes
31,technician,married,high.school,no,yes,no,cellular,jul,fri,110,10,999,0,nonexistent,1.4,93.91799999999999,-42.7,4.957,5228.1,no
53,blue-collar,married,basic.4y,unknown,yes,yes,telephone,jul,fri,131,7,999,0,nonexistent,1.4,93.91799999999999,-42.7,4.957,5228.1,no
26,blue-collar,single,high.school,no,yes,no,cellular,jul,fri,115,1,999,0,nonexistent,1.4,93.91799999999999,-42.7,4.957,5228.1,no
26,blue-collar,single,high.school,no,no,no,cellular,jul,fri,102,1,999,0,nonexistent,1.4,93.91799999999999,-42.7,4.957,5228.1,no
50,self-employed,married,basic.9y,no,no,no,cellular,jul,fri,411,3,999,0,nonexistent,1.4,93.91799999999999,-42.7,4.957,5228.1,no
33,admin.,single,high.school,no,yes,no,cellular,jul,fri,516,1,999,0,nonexistent,1.4,93.91799999999999,-42.7,4.957,5228.1,yes
31,admin.,married,university.degree,no,no,no,cellular,jul,fri,143,1,999,0,nonexistent,1.4,93.91799999999999,-42.7,4.957,5228.1,no
25,services,married,high.school,no,yes,no,cellular,jul,fri,164,1,999,0,nonexistent,1.4,93.91799999999999,-42.7,4.957,5228.1,no
45,blue-collar,divorced,basic.4y,unknown,yes,no,cellular,jul,fri,120,1,999,0,nonexistent,1.4,93.91799999999999,-42.7,4.957,5228.1,no
24,blue-collar,single,high.school,no,yes,no,cellular,jul,fri,203,1,999,0,nonexistent,1.4,93.91799999999999,-42.7,4.957,5228.1,no
31,services,divorced,high.school,unknown,yes,no,cellular,jul,fri,73,1,999,0,nonexistent,1.4,93.91799999999999,-42.7,4.957,5228.1,no
24,blue-collar,single,high.school,no,no,no,cellular,jul,fri,482,2,999,0,nonexistent,1.4,93.91799999999999,-42.7,4.957,5228.1,no
56,admin.,married,university.degree,no,no,yes,cellular,jul,fri,569,1,999,0,nonexistent,1.4,93.91799999999999,-42.7,4.957,5228.1,no
30,unemployed,divorced,high.school,no,no,no,cellular,jul,fri,167,3,999,0,nonexistent,1.4,93.91799999999999,-42.7,4.957,5228.1,no
28,services,divorced,high.school,unknown,no,yes,cellular,jul,fri,278,2,999,0,nonexistent,1.4,93.91799999999999,-42.7,4.957,5228.1,yes
54,blue-collar,married,basic.4y,unknown,no,no,cellular,jul,fri,94,1,999,0,nonexistent,1.4,93.91799999999999,-42.7,4.957,5228.1,no
31,technician,single,unknown,no,unknown,unknown,cellular,jul,fri,177,3,999,0,nonexistent,1.4,93.91799999999999,-42.7,4.957,5228.1,no
27,services,married,high.school,no,yes,no,cellular,jul,fri,110,1,999,0,nonexistent,1.4,93.91799999999999,-42.7,4.957,5228.1,no
37,blue-collar,divorced,basic.9y,no,yes,no,cellular,jul,fri,383,1,999,0,nonexistent,1.4,93.91799999999999,-42.7,4.957,5228.1,no
38,blue-collar,married,basic.9y,no,no,no,cellular,jul,fri,286,1,999,0,nonexistent,1.4,93.91799999999999,-42.7,4.957,5228.1,no
22,blue-collar,single,basic.9y,no,no,no,cellular,jul,fri,106,1,999,0,nonexistent,1.4,93.91799999999999,-42.7,4.957,5228.1,no
38,blue-collar,married,basic.9y,no,no,no,cellular,jul,fri,610,1,999,0,nonexistent,1.4,93.91799999999999,-42.7,4.957,5228.1,yes
37,blue-collar,married,basic.9y,no,yes,no,cellular,jul,fri,223,1,999,0,nonexistent,1.4,93.91799999999999,-42.7,4.957,5228.1,no
32,admin.,single,university.degree,no,yes,no,cellular,jul,fri,313,1,999,0,nonexistent,1.4,93.91799999999999,-42.7,4.957,5228.1,no
56,admin.,married,university.degree,no,unknown,unknown,cellular,jul,fri,41,1,999,0,nonexistent,1.4,93.91799999999999,-42.7,4.957,5228.1,no
34,admin.,single,high.school,no,yes,no,cellular,jul,fri,108,1,999,0,nonexistent,1.4,93.91799999999999,-42.7,4.957,5228.1,no
29,services,single,university.degree,no,no,no,cellular,jul,fri,116,1,999,0,nonexistent,1.4,93.91799999999999,-42.7,4.957,5228.1,no
50,services,married,high.school,no,yes,no,cellular,jul,fri,60,7,999,0,nonexistent,1.4,93.91799999999999,-42.7,4.957,5228.1,no
44,services,divorced,high.school,no,no,no,cellular,jul,fri,238,3,999,0,nonexistent,1.4,93.91799999999999,-42.7,4.957,5228.1,no
29,services,single,university.degree,no,yes,no,cellular,jul,fri,337,1,999,0,nonexistent,1.4,93.91799999999999,-42.7,4.957,5228.1,no
33,blue-collar,married,basic.6y,unknown,yes,no,cellular,jul,fri,63,2,999,0,nonexistent,1.4,93.91799999999999,-42.7,4.957,5228.1,no
30,admin.,married,university.degree,no,no,no,cellular,jul,fri,483,1,999,0,nonexistent,1.4,93.91799999999999,-42.7,4.957,5228.1,no
38,services,married,high.school,no,yes,no,cellular,jul,fri,47,1,999,0,nonexistent,1.4,93.91799999999999,-42.7,4.957,5228.1,no
35,blue-collar,single,basic.4y,no,no,no,cellular,jul,fri,308,2,999,0,nonexistent,1.4,93.91799999999999,-42.7,4.957,5228.1,no
29,blue-collar,single,basic.9y,no,no,no,cellular,jul,fri,269,1,999,0,nonexistent,1.4,93.91799999999999,-42.7,4.957,5228.1,no
37,blue-collar,married,basic.6y,no,no,no,cellular,jul,fri,640,3,999,0,nonexistent,1.4,93.91799999999999,-42.7,4.957,5228.1,yes
28,management,single,university.degree,no,no,no,cellular,jul,fri,292,3,999,0,nonexistent,1.4,93.91799999999999,-42.7,4.957,5228.1,no
42,admin.,married,university.degree,no,no,no,cellular,jul,fri,147,1,999,0,nonexistent,1.4,93.91799999999999,-42.7,4.957,5228.1,no
42,admin.,married,university.degree,no,yes,no,cellular,jul,fri,287,1,999,0,nonexistent,1.4,93.91799999999999,-42.7,4.957,5228.1,no
57,blue-collar,married,basic.9y,unknown,no,no,cellular,jul,fri,168,1,999,0,nonexistent,1.4,93.91799999999999,-42.7,4.957,5228.1,no
22,blue-collar,single,basic.4y,unknown,yes,no,cellular,jul,fri,25,1,999,0,nonexistent,1.4,93.91799999999999,-42.7,4.957,5228.1,no
30,blue-collar,married,high.school,no,yes,no,cellular,jul,fri,159,2,999,0,nonexistent,1.4,93.91799999999999,-42.7,4.957,5228.1,no
31,blue-collar,divorced,basic.9y,no,yes,no,cellular,jul,fri,65,1,999,0,nonexistent,1.4,93.91799999999999,-42.7,4.957,5228.1,no
33,admin.,married,high.school,no,yes,no,cellular,jul,fri,90,1,999,0,nonexistent,1.4,93.91799999999999,-42.7,4.957,5228.1,no
46,admin.,single,university.degree,no,yes,no,cellular,jul,fri,439,3,999,0,nonexistent,1.4,93.91799999999999,-42.7,4.957,5228.1,no
49,unemployed,divorced,university.degree,no,yes,yes,cellular,jul,fri,133,5,999,0,nonexistent,1.4,93.91799999999999,-42.7,4.957,5228.1,no
47,blue-collar,married,basic.9y,unknown,yes,no,cellular,jul,fri,67,1,999,0,nonexistent,1.4,93.91799999999999,-42.7,4.957,5228.1,no
36,management,single,university.degree,no,yes,no,cellular,jul,fri,381,1,999,0,nonexistent,1.4,93.91799999999999,-42.7,4.957,5228.1,no
44,services,married,basic.4y,unknown,no,no,cellular,jul,fri,226,1,999,0,nonexistent,1.4,93.91799999999999,-42.7,4.957,5228.1,no
49,technician,married,professional.course,no,yes,no,cellular,jul,fri,354,1,999,0,nonexistent,1.4,93.91799999999999,-42.7,4.957,5228.1,no
45,housemaid,married,university.degree,unknown,yes,no,cellular,jul,fri,117,2,999,0,nonexistent,1.4,93.91799999999999,-42.7,4.957,5228.1,no
47,technician,divorced,professional.course,no,yes,no,cellular,jul,fri,239,1,999,0,nonexistent,1.4,93.91799999999999,-42.7,4.957,5228.1,no
32,services,single,professional.course,no,yes,no,cellular,jul,fri,671,1,999,0,nonexistent,1.4,93.91799999999999,-42.7,4.957,5228.1,yes
45,admin.,divorced,university.degree,no,no,no,cellular,jul,fri,508,1,999,0,nonexistent,1.4,93.91799999999999,-42.7,4.957,5228.1,no
45,housemaid,divorced,basic.4y,unknown,no,no,cellular,jul,fri,420,1,999,0,nonexistent,1.4,93.91799999999999,-42.7,4.957,5228.1,yes
25,entrepreneur,single,basic.9y,no,yes,no,cellular,jul,fri,263,1,999,0,nonexistent,1.4,93.91799999999999,-42.7,4.957,5228.1,no
30,admin.,married,high.school,no,yes,no,cellular,jul,fri,362,2,999,0,nonexistent,1.4,93.91799999999999,-42.7,4.957,5228.1,no
26,blue-collar,married,basic.9y,no,no,no,cellular,jul,fri,199,1,999,0,nonexistent,1.4,93.91799999999999,-42.7,4.957,5228.1,no
46,blue-collar,married,basic.4y,no,yes,no,cellular,jul,fri,342,1,999,0,nonexistent,1.4,93.91799999999999,-42.7,4.957,5228.1,no
36,housemaid,divorced,basic.4y,unknown,no,no,cellular,jul,fri,300,1,999,0,nonexistent,1.4,93.91799999999999,-42.7,4.957,5228.1,no
26,blue-collar,married,basic.9y,no,yes,no,cellular,jul,fri,207,1,999,0,nonexistent,1.4,93.91799999999999,-42.7,4.957,5228.1,no
30,unemployed,divorced,high.school,no,yes,no,cellular,jul,fri,115,4,999,0,nonexistent,1.4,93.91799999999999,-42.7,4.957,5228.1,no
49,services,divorced,basic.6y,unknown,yes,yes,cellular,jul,fri,112,3,999,0,nonexistent,1.4,93.91799999999999,-42.7,4.957,5228.1,no
51,services,married,basic.4y,no,yes,no,cellular,jul,fri,104,1,999,0,nonexistent,1.4,93.91799999999999,-42.7,4.957,5228.1,no
31,admin.,single,university.degree,no,yes,yes,cellular,jul,fri,111,1,999,0,nonexistent,1.4,93.91799999999999,-42.7,4.957,5228.1,no
50,admin.,divorced,high.school,no,yes,no,cellular,jul,fri,95,4,999,0,nonexistent,1.4,93.91799999999999,-42.7,4.957,5228.1,no
25,services,single,high.school,no,yes,no,cellular,jul,fri,259,3,999,0,nonexistent,1.4,93.91799999999999,-42.7,4.957,5228.1,no
53,services,divorced,basic.9y,no,yes,no,cellular,jul,fri,503,2,999,0,nonexistent,1.4,93.91799999999999,-42.7,4.957,5228.1,no
45,blue-collar,divorced,basic.4y,unknown,yes,no,telephone,jul,fri,168,1,999,0,nonexistent,1.4,93.91799999999999,-42.7,4.957,5228.1,no
45,blue-collar,divorced,basic.4y,unknown,yes,no,cellular,jul,fri,328,1,999,0,nonexistent,1.4,93.91799999999999,-42.7,4.957,5228.1,no
35,technician,married,university.degree,no,no,no,cellular,jul,fri,187,1,999,0,nonexistent,1.4,93.91799999999999,-42.7,4.957,5228.1,no
26,admin.,single,high.school,no,no,no,cellular,jul,fri,140,3,999,0,nonexistent,1.4,93.91799999999999,-42.7,4.957,5228.1,no
49,services,divorced,basic.6y,unknown,no,no,telephone,jul,fri,744,4,999,0,nonexistent,1.4,93.91799999999999,-42.7,4.957,5228.1,no
57,retired,divorced,basic.4y,unknown,no,no,cellular,jul,fri,655,4,999,0,nonexistent,1.4,93.91799999999999,-42.7,4.957,5228.1,yes
59,management,married,basic.9y,unknown,yes,no,cellular,jul,fri,142,1,999,0,nonexistent,1.4,93.91799999999999,-42.7,4.957,5228.1,no
35,technician,married,university.degree,no,no,no,cellular,jul,fri,642,1,999,0,nonexistent,1.4,93.91799999999999,-42.7,4.957,5228.1,no
32,blue-collar,single,basic.4y,no,yes,no,cellular,jul,fri,141,1,999,0,nonexistent,1.4,93.91799999999999,-42.7,4.957,5228.1,no
24,blue-collar,single,basic.9y,no,yes,no,cellular,jul,fri,659,5,999,0,nonexistent,1.4,93.91799999999999,-42.7,4.957,5228.1,yes
43,blue-collar,married,basic.4y,unknown,yes,no,cellular,jul,fri,101,6,999,0,nonexistent,1.4,93.91799999999999,-42.7,4.957,5228.1,no
60,admin.,divorced,high.school,no,yes,no,cellular,jul,fri,179,1,999,0,nonexistent,1.4,93.91799999999999,-42.7,4.957,5228.1,no
60,admin.,divorced,high.school,no,yes,no,cellular,jul,fri,144,1,999,0,nonexistent,1.4,93.91799999999999,-42.7,4.957,5228.1,no
33,services,married,basic.9y,no,yes,no,cellular,jul,fri,169,2,999,0,nonexistent,1.4,93.91799999999999,-42.7,4.957,5228.1,no
31,technician,divorced,high.school,no,no,no,cellular,jul,fri,143,7,999,0,nonexistent,1.4,93.91799999999999,-42.7,4.957,5228.1,no
56,blue-collar,married,basic.4y,no,yes,no,cellular,jul,fri,641,1,999,0,nonexistent,1.4,93.91799999999999,-42.7,4.957,5228.1,yes
25,admin.,single,university.degree,no,no,no,cellular,jul,fri,835,1,999,0,nonexistent,1.4,93.91799999999999,-42.7,4.957,5228.1,no
43,blue-collar,married,basic.9y,no,yes,no,cellular,jul,fri,83,2,999,0,nonexistent,1.4,93.91799999999999,-42.7,4.957,5228.1,no
43,technician,single,university.degree,no,yes,no,telephone,jul,fri,54,7,999,0,nonexistent,1.4,93.91799999999999,-42.7,4.957,5228.1,no
33,management,single,university.degree,no,yes,no,cellular,jul,fri,415,2,999,0,nonexistent,1.4,93.91799999999999,-42.7,4.957,5228.1,yes
42,admin.,married,university.degree,no,yes,no,cellular,jul,fri,146,2,999,0,nonexistent,1.4,93.91799999999999,-42.7,4.957,5228.1,no
30,admin.,married,university.degree,no,no,no,cellular,jul,fri,70,1,999,0,nonexistent,1.4,93.91799999999999,-42.7,4.957,5228.1,no
33,admin.,married,high.school,no,no,no,cellular,jul,fri,595,2,999,0,nonexistent,1.4,93.91799999999999,-42.7,4.957,5228.1,no
37,blue-collar,married,basic.4y,unknown,yes,no,cellular,jul,fri,97,3,999,0,nonexistent,1.4,93.91799999999999,-42.7,4.957,5228.1,no
27,technician,single,basic.9y,unknown,no,no,cellular,jul,fri,171,7,999,0,nonexistent,1.4,93.91799999999999,-42.7,4.957,5228.1,no
53,self-employed,married,university.degree,unknown,no,no,telephone,jul,fri,239,2,999,0,nonexistent,1.4,93.91799999999999,-42.7,4.957,5228.1,no
37,technician,married,professional.course,no,yes,no,cellular,jul,fri,328,3,999,0,nonexistent,1.4,93.91799999999999,-42.7,4.957,5228.1,no
34,admin.,single,high.school,no,yes,no,cellular,jul,fri,49,5,999,0,nonexistent,1.4,93.91799999999999,-42.7,4.957,5228.1,no
39,blue-collar,married,basic.9y,no,yes,no,cellular,jul,fri,635,3,999,0,nonexistent,1.4,93.91799999999999,-42.7,4.957,5228.1,yes
26,services,single,high.school,unknown,yes,no,cellular,jul,fri,34,3,999,0,nonexistent,1.4,93.91799999999999,-42.7,4.957,5228.1,no
42,admin.,single,university.degree,unknown,yes,no,cellular,jul,fri,218,3,999,0,nonexistent,1.4,93.91799999999999,-42.7,4.957,5228.1,no
47,technician,married,professional.course,no,yes,no,cellular,jul,fri,352,5,999,0,nonexistent,1.4,93.91799999999999,-42.7,4.957,5228.1,no
46,management,divorced,university.degree,no,yes,no,cellular,jul,fri,317,6,999,0,nonexistent,1.4,93.91799999999999,-42.7,4.957,5228.1,no
37,entrepreneur,single,professional.course,no,yes,no,cellular,jul,fri,92,2,999,0,nonexistent,1.4,93.91799999999999,-42.7,4.957,5228.1,no
38,entrepreneur,married,basic.9y,no,no,no,cellular,jul,fri,102,2,999,0,nonexistent,1.4,93.91799999999999,-42.7,4.957,5228.1,no
43,blue-collar,married,high.school,no,no,no,cellular,jul,fri,297,2,999,0,nonexistent,1.4,93.91799999999999,-42.7,4.957,5228.1,no
30,admin.,married,high.school,unknown,no,no,cellular,jul,fri,225,7,999,0,nonexistent,1.4,93.91799999999999,-42.7,4.957,5228.1,no
47,admin.,single,university.degree,no,no,yes,telephone,jul,fri,183,9,999,0,nonexistent,1.4,93.91799999999999,-42.7,4.957,5228.1,no
20,student,single,university.degree,no,yes,no,cellular,jul,fri,1503,11,999,0,nonexistent,1.4,93.91799999999999,-42.7,4.957,5228.1,no
33,entrepreneur,married,basic.6y,no,yes,no,cellular,jul,fri,168,7,999,0,nonexistent,1.4,93.91799999999999,-42.7,4.957,5228.1,no
25,blue-collar,single,basic.6y,no,no,yes,cellular,jul,fri,1127,3,999,0,nonexistent,1.4,93.91799999999999,-42.7,4.957,5228.1,yes
24,technician,single,professional.course,no,no,no,cellular,jul,fri,73,4,999,0,nonexistent,1.4,93.91799999999999,-42.7,4.957,5228.1,no
38,entrepreneur,married,basic.9y,no,no,yes,telephone,jul,fri,129,4,999,0,nonexistent,1.4,93.91799999999999,-42.7,4.957,5228.1,no
56,admin.,married,university.degree,no,no,no,telephone,jul,fri,55,9,999,0,nonexistent,1.4,93.91799999999999,-42.7,4.957,5228.1,no
41,admin.,single,university.degree,no,yes,no,cellular,jul,fri,706,9,999,0,nonexistent,1.4,93.91799999999999,-42.7,4.957,5228.1,no
37,technician,married,professional.course,no,yes,no,cellular,jul,fri,728,6,999,0,nonexistent,1.4,93.91799999999999,-42.7,4.957,5228.1,no
35,technician,single,university.degree,no,yes,no,cellular,jul,fri,127,10,999,0,nonexistent,1.4,93.91799999999999,-42.7,4.957,5228.1,no
49,technician,married,professional.course,no,yes,no,cellular,jul,fri,579,2,999,0,nonexistent,1.4,93.91799999999999,-42.7,4.957,5228.1,no
41,self-employed,married,basic.9y,unknown,yes,no,cellular,jul,fri,909,3,999,0,nonexistent,1.4,93.91799999999999,-42.7,4.957,5228.1,no
25,technician,single,high.school,no,no,no,cellular,jul,fri,96,3,999,0,nonexistent,1.4,93.91799999999999,-42.7,4.957,5228.1,no
39,blue-collar,single,basic.4y,unknown,yes,no,telephone,jul,fri,129,2,999,0,nonexistent,1.4,93.91799999999999,-42.7,4.957,5228.1,no
45,housemaid,divorced,basic.4y,unknown,yes,no,cellular,jul,fri,183,2,999,0,nonexistent,1.4,93.91799999999999,-42.7,4.957,5228.1,no
37,technician,married,professional.course,no,yes,no,cellular,jul,fri,252,6,999,0,nonexistent,1.4,93.91799999999999,-42.7,4.957,5228.1,no
44,self-employed,married,high.school,unknown,no,no,cellular,jul,fri,175,11,999,0,nonexistent,1.4,93.91799999999999,-42.7,4.957,5228.1,no
33,technician,married,high.school,no,yes,no,cellular,jul,fri,1360,9,999,0,nonexistent,1.4,93.91799999999999,-42.7,4.957,5228.1,yes
36,blue-collar,married,basic.9y,no,no,yes,cellular,jul,fri,118,3,999,0,nonexistent,1.4,93.91799999999999,-42.7,4.957,5228.1,no
36,admin.,divorced,high.school,no,yes,no,cellular,jul,fri,464,3,999,0,nonexistent,1.4,93.91799999999999,-42.7,4.957,5228.1,no
41,self-employed,married,basic.9y,unknown,no,no,cellular,jul,fri,788,6,999,0,nonexistent,1.4,93.91799999999999,-42.7,4.957,5228.1,no
30,technician,married,professional.course,no,yes,no,cellular,jul,fri,570,2,999,0,nonexistent,1.4,93.91799999999999,-42.7,4.957,5228.1,no
38,services,married,high.school,no,no,no,cellular,jul,fri,905,3,999,0,nonexistent,1.4,93.91799999999999,-42.7,4.957,5228.1,no
60,admin.,divorced,high.school,no,no,no,cellular,jul,fri,30,2,999,0,nonexistent,1.4,93.91799999999999,-42.7,4.957,5228.1,no
51,retired,married,basic.9y,no,no,no,cellular,jul,fri,180,2,999,0,nonexistent,1.4,93.91799999999999,-42.7,4.957,5228.1,no
44,services,married,basic.4y,unknown,no,yes,cellular,jul,fri,127,4,999,0,nonexistent,1.4,93.91799999999999,-42.7,4.957,5228.1,no
28,admin.,married,university.degree,no,yes,no,cellular,jul,fri,112,2,999,0,nonexistent,1.4,93.91799999999999,-42.7,4.957,5228.1,no
26,blue-collar,married,basic.9y,no,yes,yes,cellular,jul,fri,300,3,999,0,nonexistent,1.4,93.91799999999999,-42.7,4.957,5228.1,no
31,services,single,university.degree,no,no,yes,cellular,jul,fri,409,2,999,0,nonexistent,1.4,93.91799999999999,-42.7,4.957,5228.1,no
29,admin.,married,basic.9y,no,yes,no,cellular,jul,fri,247,5,999,0,nonexistent,1.4,93.91799999999999,-42.7,4.957,5228.1,no
56,admin.,married,university.degree,no,yes,no,cellular,jul,fri,177,5,999,0,nonexistent,1.4,93.91799999999999,-42.7,4.957,5228.1,no
29,services,single,high.school,no,no,no,cellular,jul,fri,320,2,999,0,nonexistent,1.4,93.91799999999999,-42.7,4.957,5228.1,no
32,entrepreneur,single,university.degree,no,no,no,cellular,jul,fri,89,2,999,0,nonexistent,1.4,93.91799999999999,-42.7,4.957,5228.1,no
26,services,single,high.school,no,yes,no,telephone,jul,fri,200,3,999,0,nonexistent,1.4,93.91799999999999,-42.7,4.957,5228.1,no
31,technician,married,university.degree,no,yes,no,cellular,jul,fri,166,2,999,0,nonexistent,1.4,93.91799999999999,-42.7,4.957,5228.1,no
36,services,divorced,basic.4y,unknown,no,no,cellular,jul,fri,207,9,999,0,nonexistent,1.4,93.91799999999999,-42.7,4.957,5228.1,no
28,technician,single,university.degree,no,no,no,cellular,jul,fri,453,3,999,0,nonexistent,1.4,93.91799999999999,-42.7,4.957,5228.1,no
26,services,single,high.school,no,yes,no,cellular,jul,fri,37,4,999,0,nonexistent,1.4,93.91799999999999,-42.7,4.957,5228.1,no
24,blue-collar,single,basic.9y,no,no,no,cellular,jul,fri,191,3,999,0,nonexistent,1.4,93.91799999999999,-42.7,4.957,5228.1,no
28,admin.,single,high.school,no,no,no,telephone,jul,fri,70,2,999,0,nonexistent,1.4,93.91799999999999,-42.7,4.957,5228.1,no
35,blue-collar,married,basic.9y,no,yes,no,cellular,jul,fri,1373,4,999,0,nonexistent,1.4,93.91799999999999,-42.7,4.957,5228.1,yes
53,blue-collar,married,basic.4y,unknown,no,no,cellular,jul,fri,93,4,999,0,nonexistent,1.4,93.91799999999999,-42.7,4.957,5228.1,no
21,blue-collar,single,basic.9y,no,no,no,cellular,jul,fri,127,2,999,0,nonexistent,1.4,93.91799999999999,-42.7,4.957,5228.1,no
29,entrepreneur,married,professional.course,no,no,no,cellular,jul,fri,462,2,999,0,nonexistent,1.4,93.91799999999999,-42.7,4.957,5228.1,no
33,admin.,married,university.degree,no,no,no,cellular,jul,fri,305,10,999,0,nonexistent,1.4,93.91799999999999,-42.7,4.957,5228.1,no
39,blue-collar,married,basic.9y,no,yes,yes,telephone,jul,fri,99,5,999,0,nonexistent,1.4,93.91799999999999,-42.7,4.957,5228.1,no
31,blue-collar,single,university.degree,no,no,no,cellular,jul,fri,35,3,999,0,nonexistent,1.4,93.91799999999999,-42.7,4.957,5228.1,no
53,technician,married,professional.course,unknown,yes,yes,cellular,jul,fri,264,2,999,0,nonexistent,1.4,93.91799999999999,-42.7,4.957,5228.1,no
29,admin.,single,university.degree,unknown,yes,no,cellular,jul,fri,837,8,999,0,nonexistent,1.4,93.91799999999999,-42.7,4.957,5228.1,no
29,admin.,single,university.degree,no,yes,no,cellular,jul,fri,243,1,999,0,nonexistent,1.4,93.91799999999999,-42.7,4.957,5228.1,no
21,admin.,married,unknown,no,yes,no,cellular,jul,fri,528,3,999,0,nonexistent,1.4,93.91799999999999,-42.7,4.957,5228.1,no
29,admin.,single,university.degree,no,no,no,telephone,jul,fri,277,1,999,0,nonexistent,1.4,93.91799999999999,-42.7,4.957,5228.1,no
39,blue-collar,single,basic.4y,unknown,no,no,telephone,jul,fri,470,24,999,0,nonexistent,1.4,93.91799999999999,-42.7,4.957,5228.1,no
34,blue-collar,married,basic.9y,unknown,yes,no,cellular,jul,fri,913,4,999,0,nonexistent,1.4,93.91799999999999,-42.7,4.957,5228.1,yes
37,technician,married,professional.course,no,no,no,cellular,jul,fri,127,3,999,0,nonexistent,1.4,93.91799999999999,-42.7,4.957,5228.1,no
33,technician,married,professional.course,no,no,yes,cellular,jul,fri,414,6,999,0,nonexistent,1.4,93.91799999999999,-42.7,4.957,5228.1,no
30,admin.,married,university.degree,no,yes,no,cellular,jul,fri,799,2,999,0,nonexistent,1.4,93.91799999999999,-42.7,4.957,5228.1,yes
31,blue-collar,divorced,unknown,no,yes,no,cellular,jul,fri,320,1,999,0,nonexistent,1.4,93.91799999999999,-42.7,4.957,5228.1,no
31,blue-collar,divorced,unknown,no,yes,no,cellular,jul,fri,596,1,999,0,nonexistent,1.4,93.91799999999999,-42.7,4.957,5228.1,no
57,admin.,married,basic.9y,no,no,no,cellular,jul,fri,1139,2,999,0,nonexistent,1.4,93.91799999999999,-42.7,4.957,5228.1,yes
51,blue-collar,married,basic.6y,no,yes,no,cellular,jul,fri,227,2,999,0,nonexistent,1.4,93.91799999999999,-42.7,4.957,5228.1,no
26,blue-collar,single,basic.9y,unknown,yes,no,cellular,jul,mon,82,4,999,0,nonexistent,1.4,93.91799999999999,-42.7,4.96,5228.1,no
37,blue-collar,married,basic.9y,unknown,no,no,telephone,jul,mon,179,2,999,0,nonexistent,1.4,93.91799999999999,-42.7,4.96,5228.1,no
44,admin.,single,basic.9y,no,no,no,cellular,jul,mon,83,2,999,0,nonexistent,1.4,93.91799999999999,-42.7,4.96,5228.1,no
37,technician,single,professional.course,no,no,no,telephone,jul,mon,280,3,999,0,nonexistent,1.4,93.91799999999999,-42.7,4.96,5228.1,no
30,management,married,university.degree,no,yes,no,cellular,jul,mon,124,3,999,0,nonexistent,1.4,93.91799999999999,-42.7,4.96,5228.1,no
39,technician,single,professional.course,no,yes,no,telephone,jul,mon,241,3,999,0,nonexistent,1.4,93.91799999999999,-42.7,4.96,5228.1,no
30,blue-collar,married,basic.4y,unknown,no,no,cellular,jul,mon,61,2,999,0,nonexistent,1.4,93.91799999999999,-42.7,4.96,5228.1,no
27,blue-collar,single,basic.9y,no,yes,no,cellular,jul,mon,120,2,999,0,nonexistent,1.4,93.91799999999999,-42.7,4.96,5228.1,no
33,admin.,single,university.degree,no,no,no,cellular,jul,mon,190,4,999,0,nonexistent,1.4,93.91799999999999,-42.7,4.96,5228.1,no
26,blue-collar,single,basic.9y,no,yes,no,cellular,jul,mon,200,2,999,0,nonexistent,1.4,93.91799999999999,-42.7,4.96,5228.1,no
38,technician,married,professional.course,no,yes,no,cellular,jul,mon,239,2,999,0,nonexistent,1.4,93.91799999999999,-42.7,4.96,5228.1,no
26,admin.,single,university.degree,no,yes,no,cellular,jul,mon,200,2,999,0,nonexistent,1.4,93.91799999999999,-42.7,4.96,5228.1,no
30,technician,single,university.degree,no,yes,no,cellular,jul,mon,463,2,999,0,nonexistent,1.4,93.91799999999999,-42.7,4.96,5228.1,no
34,blue-collar,married,high.school,no,yes,no,telephone,jul,mon,50,2,999,0,nonexistent,1.4,93.91799999999999,-42.7,4.96,5228.1,no
25,services,single,high.school,no,yes,no,cellular,jul,mon,75,2,999,0,nonexistent,1.4,93.91799999999999,-42.7,4.96,5228.1,no
39,blue-collar,single,basic.9y,unknown,yes,no,cellular,jul,mon,123,3,999,0,nonexistent,1.4,93.91799999999999,-42.7,4.96,5228.1,no
24,services,married,high.school,no,yes,no,cellular,jul,mon,93,4,999,0,nonexistent,1.4,93.91799999999999,-42.7,4.96,5228.1,no
43,admin.,married,high.school,no,no,no,cellular,jul,mon,999,2,999,0,nonexistent,1.4,93.91799999999999,-42.7,4.96,5228.1,yes
36,services,single,high.school,no,yes,no,cellular,jul,mon,335,8,999,0,nonexistent,1.4,93.91799999999999,-42.7,4.96,5228.1,no
33,blue-collar,married,unknown,no,yes,no,cellular,jul,mon,43,2,999,0,nonexistent,1.4,93.91799999999999,-42.7,4.96,5228.1,no
52,housemaid,divorced,basic.9y,unknown,no,no,cellular,jul,mon,272,2,999,0,nonexistent,1.4,93.91799999999999,-42.7,4.96,5228.1,no
39,admin.,single,university.degree,no,yes,no,cellular,jul,mon,589,2,999,0,nonexistent,1.4,93.91799999999999,-42.7,4.96,5228.1,no
59,retired,married,basic.4y,unknown,no,no,cellular,jul,mon,91,4,999,0,nonexistent,1.4,93.91799999999999,-42.7,4.96,5228.1,no
27,student,single,high.school,unknown,yes,no,cellular,jul,mon,54,3,999,0,nonexistent,1.4,93.91799999999999,-42.7,4.96,5228.1,no
55,entrepreneur,married,university.degree,no,yes,no,cellular,jul,mon,322,4,999,0,nonexistent,1.4,93.91799999999999,-42.7,4.96,5228.1,no
25,blue-collar,married,basic.9y,no,yes,no,cellular,jul,mon,78,16,999,0,nonexistent,1.4,93.91799999999999,-42.7,4.96,5228.1,no
48,services,divorced,high.school,no,yes,no,cellular,jul,mon,72,2,999,0,nonexistent,1.4,93.91799999999999,-42.7,4.96,5228.1,no
22,blue-collar,single,basic.9y,no,yes,no,telephone,jul,mon,110,7,999,0,nonexistent,1.4,93.91799999999999,-42.7,4.96,5228.1,no
60,retired,married,university.degree,no,yes,no,cellular,jul,mon,120,3,999,0,nonexistent,1.4,93.91799999999999,-42.7,4.96,5228.1,no
35,blue-collar,married,unknown,no,yes,no,cellular,jul,mon,149,4,999,0,nonexistent,1.4,93.91799999999999,-42.7,4.96,5228.1,no
26,admin.,divorced,basic.9y,no,no,no,cellular,jul,mon,489,3,999,0,nonexistent,1.4,93.91799999999999,-42.7,4.96,5228.1,no
31,services,single,high.school,no,no,yes,telephone,jul,mon,1425,2,999,0,nonexistent,1.4,93.91799999999999,-42.7,4.96,5228.1,no
43,blue-collar,married,basic.9y,unknown,yes,no,cellular,jul,mon,24,3,999,0,nonexistent,1.4,93.91799999999999,-42.7,4.96,5228.1,no
33,blue-collar,married,unknown,no,no,yes,cellular,jul,mon,78,2,999,0,nonexistent,1.4,93.91799999999999,-42.7,4.96,5228.1,no
27,technician,single,professional.course,no,no,no,cellular,jul,mon,93,7,999,0,nonexistent,1.4,93.91799999999999,-42.7,4.96,5228.1,no
20,student,single,high.school,no,yes,no,cellular,jul,mon,100,4,999,0,nonexistent,1.4,93.91799999999999,-42.7,4.96,5228.1,no
41,blue-collar,married,basic.4y,unknown,yes,no,cellular,jul,mon,257,2,999,0,nonexistent,1.4,93.91799999999999,-42.7,4.96,5228.1,no
50,blue-collar,married,basic.4y,unknown,yes,yes,cellular,jul,mon,140,4,999,0,nonexistent,1.4,93.91799999999999,-42.7,4.96,5228.1,no
33,blue-collar,married,basic.6y,no,no,no,cellular,jul,mon,122,2,999,0,nonexistent,1.4,93.91799999999999,-42.7,4.96,5228.1,no
36,blue-collar,married,basic.4y,no,yes,no,cellular,jul,mon,97,6,999,0,nonexistent,1.4,93.91799999999999,-42.7,4.96,5228.1,no
24,admin.,single,professional.course,no,yes,no,cellular,jul,mon,357,1,999,0,nonexistent,1.4,93.91799999999999,-42.7,4.96,5228.1,no
40,management,married,university.degree,no,yes,no,cellular,jul,mon,638,3,999,0,nonexistent,1.4,93.91799999999999,-42.7,4.96,5228.1,yes
45,admin.,married,university.degree,unknown,yes,no,cellular,jul,mon,478,11,999,0,nonexistent,1.4,93.91799999999999,-42.7,4.96,5228.1,no
29,blue-collar,married,basic.9y,no,yes,no,cellular,jul,mon,166,1,999,0,nonexistent,1.4,93.91799999999999,-42.7,4.96,5228.1,no
32,technician,married,professional.course,no,no,no,cellular,jul,mon,203,2,999,0,nonexistent,1.4,93.91799999999999,-42.7,4.96,5228.1,no
36,self-employed,single,university.degree,no,no,no,cellular,jul,mon,84,1,999,0,nonexistent,1.4,93.91799999999999,-42.7,4.96,5228.1,no
32,admin.,single,high.school,unknown,no,yes,cellular,jul,mon,169,4,999,0,nonexistent,1.4,93.91799999999999,-42.7,4.96,5228.1,no
26,admin.,married,high.school,no,yes,no,cellular,jul,mon,176,4,999,0,nonexistent,1.4,93.91799999999999,-42.7,4.96,5228.1,no
36,self-employed,single,university.degree,no,no,no,cellular,jul,mon,195,1,999,0,nonexistent,1.4,93.91799999999999,-42.7,4.96,5228.1,no
28,technician,married,basic.9y,no,unknown,unknown,cellular,jul,mon,153,2,999,0,nonexistent,1.4,93.91799999999999,-42.7,4.96,5228.1,no
25,technician,single,professional.course,no,yes,no,cellular,jul,mon,519,2,999,0,nonexistent,1.4,93.91799999999999,-42.7,4.96,5228.1,no
51,blue-collar,married,basic.4y,unknown,no,no,cellular,jul,mon,227,4,999,0,nonexistent,1.4,93.91799999999999,-42.7,4.96,5228.1,no
28,technician,married,basic.9y,no,yes,no,cellular,jul,mon,236,2,999,0,nonexistent,1.4,93.91799999999999,-42.7,4.96,5228.1,no
35,blue-collar,married,basic.4y,unknown,no,yes,cellular,jul,mon,180,4,999,0,nonexistent,1.4,93.91799999999999,-42.7,4.96,5228.1,no
48,services,divorced,high.school,no,no,yes,cellular,jul,mon,88,4,999,0,nonexistent,1.4,93.91799999999999,-42.7,4.96,5228.1,no
30,technician,single,university.degree,no,no,no,cellular,jul,mon,89,20,999,0,nonexistent,1.4,93.91799999999999,-42.7,4.96,5228.1,no
30,admin.,single,university.degree,no,yes,yes,cellular,jul,mon,317,3,999,0,nonexistent,1.4,93.91799999999999,-42.7,4.96,5228.1,no
34,technician,divorced,professional.course,no,yes,no,cellular,jul,mon,172,4,999,0,nonexistent,1.4,93.91799999999999,-42.7,4.96,5228.1,no
26,technician,single,high.school,no,yes,no,cellular,jul,mon,538,1,999,0,nonexistent,1.4,93.91799999999999,-42.7,4.96,5228.1,no
29,blue-collar,married,basic.9y,no,yes,no,cellular,jul,mon,808,1,999,0,nonexistent,1.4,93.91799999999999,-42.7,4.96,5228.1,no
36,admin.,divorced,university.degree,no,yes,no,cellular,jul,mon,130,1,999,0,nonexistent,1.4,93.91799999999999,-42.7,4.96,5228.1,no
30,management,single,university.degree,no,yes,no,cellular,jul,mon,96,1,999,0,nonexistent,1.4,93.91799999999999,-42.7,4.96,5228.1,no
46,blue-collar,married,basic.9y,no,no,no,cellular,jul,mon,76,3,999,0,nonexistent,1.4,93.91799999999999,-42.7,4.96,5228.1,no
30,technician,single,university.degree,no,yes,yes,cellular,jul,mon,126,4,999,0,nonexistent,1.4,93.91799999999999,-42.7,4.96,5228.1,no
46,blue-collar,married,basic.9y,no,yes,no,cellular,jul,mon,124,1,999,0,nonexistent,1.4,93.91799999999999,-42.7,4.96,5228.1,no
27,blue-collar,single,basic.9y,no,yes,no,cellular,jul,mon,405,1,999,0,nonexistent,1.4,93.91799999999999,-42.7,4.96,5228.1,no
40,self-employed,married,high.school,no,no,no,cellular,jul,mon,521,1,999,0,nonexistent,1.4,93.91799999999999,-42.7,4.96,5228.1,no
59,blue-collar,married,basic.4y,unknown,unknown,unknown,cellular,jul,mon,416,4,999,0,nonexistent,1.4,93.91799999999999,-42.7,4.96,5228.1,no
46,management,single,university.degree,no,yes,no,cellular,jul,mon,93,1,999,0,nonexistent,1.4,93.91799999999999,-42.7,4.96,5228.1,no
47,technician,single,professional.course,unknown,no,no,cellular,jul,mon,171,1,999,0,nonexistent,1.4,93.91799999999999,-42.7,4.96,5228.1,no
26,admin.,married,high.school,no,no,no,cellular,jul,mon,455,4,999,0,nonexistent,1.4,93.91799999999999,-42.7,4.96,5228.1,no
36,blue-collar,married,high.school,unknown,yes,no,cellular,jul,mon,150,4,999,0,nonexistent,1.4,93.91799999999999,-42.7,4.96,5228.1,no
29,blue-collar,married,basic.4y,no,yes,yes,cellular,jul,mon,93,1,999,0,nonexistent,1.4,93.91799999999999,-42.7,4.96,5228.1,no
25,admin.,single,basic.9y,no,no,no,cellular,jul,mon,66,1,999,0,nonexistent,1.4,93.91799999999999,-42.7,4.96,5228.1,no
30,management,single,university.degree,no,yes,no,cellular,jul,mon,323,1,999,0,nonexistent,1.4,93.91799999999999,-42.7,4.96,5228.1,no
36,services,divorced,high.school,no,yes,no,cellular,jul,mon,226,1,999,0,nonexistent,1.4,93.91799999999999,-42.7,4.96,5228.1,no
29,blue-collar,married,basic.4y,no,yes,yes,cellular,jul,mon,472,1,999,0,nonexistent,1.4,93.91799999999999,-42.7,4.96,5228.1,no
41,blue-collar,single,university.degree,no,no,no,cellular,jul,mon,357,1,999,0,nonexistent,1.4,93.91799999999999,-42.7,4.96,5228.1,no
27,technician,single,professional.course,no,no,no,cellular,jul,mon,581,4,999,0,nonexistent,1.4,93.91799999999999,-42.7,4.96,5228.1,no
28,blue-collar,married,basic.4y,no,yes,no,cellular,jul,mon,113,1,999,0,nonexistent,1.4,93.91799999999999,-42.7,4.96,5228.1,no
34,admin.,married,high.school,no,yes,yes,cellular,jul,mon,193,1,999,0,nonexistent,1.4,93.91799999999999,-42.7,4.96,5228.1,no
34,admin.,married,high.school,no,yes,no,cellular,jul,mon,38,1,999,0,nonexistent,1.4,93.91799999999999,-42.7,4.96,5228.1,no
55,blue-collar,married,basic.4y,unknown,yes,no,cellular,jul,mon,108,1,999,0,nonexistent,1.4,93.91799999999999,-42.7,4.96,5228.1,no
40,management,married,university.degree,no,no,no,cellular,jul,mon,77,2,999,0,nonexistent,1.4,93.91799999999999,-42.7,4.96,5228.1,no
53,entrepreneur,married,university.degree,no,yes,no,cellular,jul,mon,212,1,999,0,nonexistent,1.4,93.91799999999999,-42.7,4.96,5228.1,no
28,blue-collar,married,basic.9y,no,yes,no,cellular,jul,mon,225,3,999,0,nonexistent,1.4,93.91799999999999,-42.7,4.96,5228.1,no
53,entrepreneur,married,university.degree,no,no,no,cellular,jul,mon,304,1,999,0,nonexistent,1.4,93.91799999999999,-42.7,4.96,5228.1,no
57,admin.,married,university.degree,no,no,no,cellular,jul,mon,230,1,999,0,nonexistent,1.4,93.91799999999999,-42.7,4.96,5228.1,no
54,blue-collar,married,basic.4y,no,no,no,cellular,jul,mon,856,1,999,0,nonexistent,1.4,93.91799999999999,-42.7,4.96,5228.1,no
32,admin.,single,high.school,unknown,no,no,cellular,jul,mon,590,3,999,0,nonexistent,1.4,93.91799999999999,-42.7,4.96,5228.1,yes
35,self-employed,divorced,basic.9y,no,no,no,cellular,jul,mon,53,6,999,0,nonexistent,1.4,93.91799999999999,-42.7,4.96,5228.1,no
42,blue-collar,single,high.school,unknown,yes,no,cellular,jul,mon,55,5,999,0,nonexistent,1.4,93.91799999999999,-42.7,4.96,5228.1,no
46,blue-collar,single,basic.6y,unknown,yes,no,cellular,jul,mon,169,1,999,0,nonexistent,1.4,93.91799999999999,-42.7,4.96,5228.1,no
43,admin.,married,high.school,no,yes,no,cellular,jul,mon,475,4,999,0,nonexistent,1.4,93.91799999999999,-42.7,4.96,5228.1,no
36,blue-collar,single,basic.9y,unknown,no,no,cellular,jul,mon,54,10,999,0,nonexistent,1.4,93.91799999999999,-42.7,4.96,5228.1,no
28,admin.,single,high.school,no,yes,no,cellular,jul,mon,101,1,999,0,nonexistent,1.4,93.91799999999999,-42.7,4.96,5228.1,no
38,management,married,high.school,no,yes,no,cellular,jul,mon,54,8,999,0,nonexistent,1.4,93.91799999999999,-42.7,4.96,5228.1,no
38,blue-collar,single,basic.9y,no,no,yes,cellular,jul,mon,730,8,999,0,nonexistent,1.4,93.91799999999999,-42.7,4.96,5228.1,no
39,blue-collar,married,basic.4y,unknown,no,no,cellular,jul,mon,533,1,999,0,nonexistent,1.4,93.91799999999999,-42.7,4.96,5228.1,no
34,blue-collar,married,high.school,no,no,yes,cellular,jul,mon,177,1,999,0,nonexistent,1.4,93.91799999999999,-42.7,4.96,5228.1,no
24,admin.,married,high.school,no,yes,no,cellular,jul,mon,296,1,999,0,nonexistent,1.4,93.91799999999999,-42.7,4.96,5228.1,no
43,admin.,married,high.school,no,no,yes,cellular,jul,mon,304,3,999,0,nonexistent,1.4,93.91799999999999,-42.7,4.96,5228.1,no
41,blue-collar,married,basic.4y,unknown,no,no,cellular,jul,mon,103,3,999,0,nonexistent,1.4,93.91799999999999,-42.7,4.96,5228.1,no
35,services,divorced,high.school,unknown,no,yes,cellular,jul,mon,97,2,999,0,nonexistent,1.4,93.91799999999999,-42.7,4.96,5228.1,no
33,admin.,single,high.school,no,no,no,cellular,jul,mon,31,1,999,0,nonexistent,1.4,93.91799999999999,-42.7,4.96,5228.1,no
60,admin.,married,high.school,unknown,no,yes,cellular,jul,mon,90,1,999,0,nonexistent,1.4,93.91799999999999,-42.7,4.96,5228.1,no
48,entrepreneur,married,basic.9y,no,no,no,cellular,jul,mon,90,1,999,0,nonexistent,1.4,93.91799999999999,-42.7,4.96,5228.1,no
46,services,married,high.school,no,yes,no,cellular,jul,mon,170,3,999,0,nonexistent,1.4,93.91799999999999,-42.7,4.96,5228.1,no
27,blue-collar,married,basic.9y,no,no,yes,cellular,jul,mon,99,1,999,0,nonexistent,1.4,93.91799999999999,-42.7,4.96,5228.1,no
31,blue-collar,married,basic.9y,no,no,no,cellular,jul,mon,111,1,999,0,nonexistent,1.4,93.91799999999999,-42.7,4.96,5228.1,no
29,blue-collar,married,basic.6y,no,no,no,cellular,jul,mon,115,1,999,0,nonexistent,1.4,93.91799999999999,-42.7,4.96,5228.1,no
39,services,married,high.school,no,yes,no,telephone,jul,mon,158,1,999,0,nonexistent,1.4,93.91799999999999,-42.7,4.96,5228.1,no
37,technician,divorced,professional.course,no,no,yes,cellular,jul,mon,100,2,999,0,nonexistent,1.4,93.91799999999999,-42.7,4.96,5228.1,no
55,admin.,married,university.degree,unknown,no,no,cellular,jul,mon,118,3,999,0,nonexistent,1.4,93.91799999999999,-42.7,4.96,5228.1,no
32,admin.,married,high.school,no,yes,no,telephone,jul,mon,19,1,999,0,nonexistent,1.4,93.91799999999999,-42.7,4.96,5228.1,no
32,admin.,married,high.school,no,no,no,telephone,jul,mon,65,1,999,0,nonexistent,1.4,93.91799999999999,-42.7,4.96,5228.1,no
32,services,married,high.school,unknown,no,no,cellular,jul,mon,44,1,999,0,nonexistent,1.4,93.91799999999999,-42.7,4.96,5228.1,no
29,services,married,high.school,unknown,no,yes,cellular,jul,mon,479,1,999,0,nonexistent,1.4,93.91799999999999,-42.7,4.96,5228.1,no
44,admin.,single,basic.9y,no,no,no,cellular,jul,mon,71,11,999,0,nonexistent,1.4,93.91799999999999,-42.7,4.96,5228.1,no
39,technician,single,professional.course,no,no,no,cellular,jul,mon,617,2,999,0,nonexistent,1.4,93.91799999999999,-42.7,4.96,5228.1,yes
46,management,married,university.degree,no,yes,no,cellular,jul,mon,92,2,999,0,nonexistent,1.4,93.91799999999999,-42.7,4.96,5228.1,no
44,housemaid,married,basic.4y,unknown,yes,no,cellular,jul,mon,95,1,999,0,nonexistent,1.4,93.91799999999999,-42.7,4.96,5228.1,no
27,blue-collar,single,high.school,no,yes,no,cellular,jul,mon,156,1,999,0,nonexistent,1.4,93.91799999999999,-42.7,4.96,5228.1,no
32,admin.,divorced,basic.9y,no,no,no,cellular,jul,mon,177,1,999,0,nonexistent,1.4,93.91799999999999,-42.7,4.96,5228.1,no
45,admin.,married,university.degree,unknown,no,yes,cellular,jul,mon,93,1,999,0,nonexistent,1.4,93.91799999999999,-42.7,4.96,5228.1,no
34,blue-collar,married,basic.6y,no,yes,yes,cellular,jul,mon,218,1,999,0,nonexistent,1.4,93.91799999999999,-42.7,4.96,5228.1,no
26,blue-collar,single,basic.9y,no,yes,no,cellular,jul,mon,369,1,999,0,nonexistent,1.4,93.91799999999999,-42.7,4.96,5228.1,no
29,technician,married,high.school,no,no,no,cellular,jul,mon,206,1,999,0,nonexistent,1.4,93.91799999999999,-42.7,4.96,5228.1,no
30,admin.,single,high.school,no,no,yes,cellular,jul,mon,101,3,999,0,nonexistent,1.4,93.91799999999999,-42.7,4.96,5228.1,no
24,admin.,single,professional.course,no,yes,no,cellular,jul,mon,171,2,999,0,nonexistent,1.4,93.91799999999999,-42.7,4.96,5228.1,no
38,blue-collar,married,basic.4y,unknown,yes,no,cellular,jul,mon,1039,7,999,0,nonexistent,1.4,93.91799999999999,-42.7,4.96,5228.1,yes
36,blue-collar,single,basic.9y,unknown,yes,no,cellular,jul,mon,221,8,999,0,nonexistent,1.4,93.91799999999999,-42.7,4.96,5228.1,no
44,blue-collar,married,basic.9y,unknown,yes,no,cellular,jul,mon,369,1,999,0,nonexistent,1.4,93.91799999999999,-42.7,4.96,5228.1,no
32,admin.,single,high.school,unknown,yes,no,cellular,jul,mon,141,2,999,0,nonexistent,1.4,93.91799999999999,-42.7,4.96,5228.1,no
44,blue-collar,married,basic.9y,unknown,yes,no,cellular,jul,mon,574,1,999,0,nonexistent,1.4,93.91799999999999,-42.7,4.96,5228.1,yes
44,admin.,single,basic.9y,no,yes,yes,cellular,jul,mon,919,2,999,0,nonexistent,1.4,93.91799999999999,-42.7,4.96,5228.1,yes
47,services,divorced,basic.9y,unknown,no,no,cellular,jul,mon,678,1,999,0,nonexistent,1.4,93.91799999999999,-42.7,4.96,5228.1,no
44,admin.,married,high.school,no,no,no,cellular,jul,mon,101,1,999,0,nonexistent,1.4,93.91799999999999,-42.7,4.96,5228.1,no
39,admin.,married,university.degree,no,yes,no,cellular,jul,mon,72,4,999,0,nonexistent,1.4,93.91799999999999,-42.7,4.96,5228.1,no
39,technician,single,professional.course,no,no,no,cellular,jul,mon,65,2,999,0,nonexistent,1.4,93.91799999999999,-42.7,4.96,5228.1,no
31,admin.,single,high.school,no,no,no,cellular,jul,mon,1017,6,999,0,nonexistent,1.4,93.91799999999999,-42.7,4.96,5228.1,yes
40,self-employed,married,high.school,no,yes,no,cellular,jul,mon,51,7,999,0,nonexistent,1.4,93.91799999999999,-42.7,4.96,5228.1,no
24,blue-collar,single,basic.9y,no,no,yes,cellular,jul,mon,237,1,999,0,nonexistent,1.4,93.91799999999999,-42.7,4.96,5228.1,no
41,technician,divorced,high.school,no,yes,no,cellular,jul,mon,357,1,999,0,nonexistent,1.4,93.91799999999999,-42.7,4.96,5228.1,no
24,blue-collar,single,basic.9y,no,yes,yes,cellular,jul,mon,449,1,999,0,nonexistent,1.4,93.91799999999999,-42.7,4.96,5228.1,no
22,blue-collar,single,basic.9y,no,yes,yes,cellular,jul,mon,848,1,999,0,nonexistent,1.4,93.91799999999999,-42.7,4.96,5228.1,yes
38,entrepreneur,married,professional.course,no,yes,no,cellular,jul,mon,356,2,999,0,nonexistent,1.4,93.91799999999999,-42.7,4.96,5228.1,no
37,admin.,single,high.school,no,no,no,cellular,jul,mon,71,15,999,0,nonexistent,1.4,93.91799999999999,-42.7,4.96,5228.1,no
56,technician,married,professional.course,no,yes,no,cellular,jul,mon,163,3,999,0,nonexistent,1.4,93.91799999999999,-42.7,4.96,5228.1,no
43,admin.,married,high.school,no,no,yes,cellular,jul,mon,111,1,999,0,nonexistent,1.4,93.91799999999999,-42.7,4.96,5228.1,no
39,admin.,married,university.degree,no,no,no,telephone,jul,mon,733,3,999,0,nonexistent,1.4,93.91799999999999,-42.7,4.96,5228.1,yes
40,self-employed,married,high.school,no,no,no,cellular,jul,mon,353,2,999,0,nonexistent,1.4,93.91799999999999,-42.7,4.96,5228.1,no
43,admin.,married,high.school,no,yes,no,cellular,jul,mon,119,1,999,0,nonexistent,1.4,93.91799999999999,-42.7,4.96,5228.1,no
40,self-employed,married,high.school,no,yes,no,telephone,jul,mon,79,1,999,0,nonexistent,1.4,93.91799999999999,-42.7,4.96,5228.1,no
27,blue-collar,single,basic.9y,no,no,no,cellular,jul,mon,808,5,999,0,nonexistent,1.4,93.91799999999999,-42.7,4.96,5228.1,no
43,admin.,married,high.school,no,no,no,cellular,jul,mon,507,1,999,0,nonexistent,1.4,93.91799999999999,-42.7,4.96,5228.1,no
55,admin.,married,university.degree,no,no,no,cellular,jul,mon,93,1,999,0,nonexistent,1.4,93.91799999999999,-42.7,4.96,5228.1,no
28,technician,married,basic.9y,no,yes,no,cellular,jul,mon,1080,4,999,0,nonexistent,1.4,93.91799999999999,-42.7,4.96,5228.1,yes
43,blue-collar,married,high.school,unknown,no,no,cellular,jul,mon,339,1,999,0,nonexistent,1.4,93.91799999999999,-42.7,4.96,5228.1,no
43,services,married,high.school,no,no,no,cellular,jul,mon,710,1,999,0,nonexistent,1.4,93.91799999999999,-42.7,4.96,5228.1,yes
40,blue-collar,single,basic.9y,unknown,yes,no,cellular,jul,mon,824,5,999,0,nonexistent,1.4,93.91799999999999,-42.7,4.96,5228.1,no
19,student,single,basic.9y,unknown,yes,no,cellular,jul,mon,87,4,999,0,nonexistent,1.4,93.91799999999999,-42.7,4.96,5228.1,no
40,admin.,married,university.degree,no,no,no,cellular,jul,mon,1156,1,999,0,nonexistent,1.4,93.91799999999999,-42.7,4.96,5228.1,no
51,blue-collar,married,basic.4y,unknown,no,no,cellular,jul,mon,200,2,999,0,nonexistent,1.4,93.91799999999999,-42.7,4.96,5228.1,no
35,technician,married,professional.course,no,no,no,cellular,jul,mon,80,3,999,0,nonexistent,1.4,93.91799999999999,-42.7,4.96,5228.1,no
48,services,divorced,high.school,no,no,no,cellular,jul,mon,137,3,999,0,nonexistent,1.4,93.91799999999999,-42.7,4.96,5228.1,no
37,blue-collar,married,basic.9y,unknown,yes,no,cellular,jul,mon,623,1,999,0,nonexistent,1.4,93.91799999999999,-42.7,4.96,5228.1,no
31,services,single,high.school,no,no,no,cellular,jul,mon,881,4,999,0,nonexistent,1.4,93.91799999999999,-42.7,4.96,5228.1,no
47,housemaid,divorced,basic.4y,unknown,no,no,cellular,jul,mon,255,1,999,0,nonexistent,1.4,93.91799999999999,-42.7,4.96,5228.1,no
59,entrepreneur,married,university.degree,unknown,no,no,cellular,jul,mon,251,5,999,0,nonexistent,1.4,93.91799999999999,-42.7,4.96,5228.1,no
47,housemaid,divorced,basic.4y,unknown,no,no,cellular,jul,mon,357,1,999,0,nonexistent,1.4,93.91799999999999,-42.7,4.96,5228.1,no
22,blue-collar,single,unknown,unknown,no,no,cellular,jul,mon,228,3,999,0,nonexistent,1.4,93.91799999999999,-42.7,4.96,5228.1,no
56,housemaid,divorced,basic.4y,unknown,yes,no,cellular,jul,mon,121,2,999,0,nonexistent,1.4,93.91799999999999,-42.7,4.96,5228.1,no
48,services,divorced,high.school,no,yes,no,cellular,jul,mon,200,2,999,0,nonexistent,1.4,93.91799999999999,-42.7,4.96,5228.1,no
31,blue-collar,single,basic.4y,no,no,no,cellular,jul,mon,116,3,999,0,nonexistent,1.4,93.91799999999999,-42.7,4.96,5228.1,no
38,entrepreneur,married,university.degree,unknown,no,no,cellular,jul,mon,157,1,999,0,nonexistent,1.4,93.91799999999999,-42.7,4.96,5228.1,no
26,blue-collar,single,basic.9y,no,yes,yes,cellular,jul,mon,151,2,999,0,nonexistent,1.4,93.91799999999999,-42.7,4.96,5228.1,no
39,admin.,single,university.degree,no,no,no,cellular,jul,mon,333,3,999,0,nonexistent,1.4,93.91799999999999,-42.7,4.96,5228.1,no
36,technician,married,unknown,unknown,yes,no,cellular,jul,mon,81,1,999,0,nonexistent,1.4,93.91799999999999,-42.7,4.96,5228.1,no
52,blue-collar,divorced,basic.9y,unknown,yes,yes,cellular,jul,mon,410,1,999,0,nonexistent,1.4,93.91799999999999,-42.7,4.96,5228.1,no
35,blue-collar,married,basic.4y,unknown,yes,no,cellular,jul,mon,56,1,999,0,nonexistent,1.4,93.91799999999999,-42.7,4.96,5228.1,no
32,services,married,university.degree,no,no,no,telephone,jul,mon,691,10,999,0,nonexistent,1.4,93.91799999999999,-42.7,4.96,5228.1,yes
33,admin.,married,basic.9y,no,yes,yes,cellular,jul,mon,202,3,999,0,nonexistent,1.4,93.91799999999999,-42.7,4.96,5228.1,no
28,blue-collar,divorced,basic.9y,no,yes,yes,cellular,jul,mon,125,1,999,0,nonexistent,1.4,93.91799999999999,-42.7,4.96,5228.1,no
35,entrepreneur,single,university.degree,no,yes,no,cellular,jul,mon,580,3,999,0,nonexistent,1.4,93.91799999999999,-42.7,4.96,5228.1,no
44,admin.,single,basic.9y,no,yes,no,cellular,jul,mon,61,1,999,0,nonexistent,1.4,93.91799999999999,-42.7,4.96,5228.1,no
30,admin.,single,high.school,no,yes,no,telephone,jul,mon,742,4,999,0,nonexistent,1.4,93.91799999999999,-42.7,4.96,5228.1,no
49,admin.,married,university.degree,unknown,no,no,cellular,jul,mon,80,1,999,0,nonexistent,1.4,93.91799999999999,-42.7,4.96,5228.1,no
36,blue-collar,single,basic.6y,unknown,yes,no,telephone,jul,mon,1877,1,999,0,nonexistent,1.4,93.91799999999999,-42.7,4.96,5228.1,yes
49,admin.,married,university.degree,unknown,yes,no,telephone,jul,mon,18,1,999,0,nonexistent,1.4,93.91799999999999,-42.7,4.96,5228.1,no
39,blue-collar,married,basic.6y,no,yes,no,cellular,jul,mon,167,1,999,0,nonexistent,1.4,93.91799999999999,-42.7,4.96,5228.1,no
27,blue-collar,single,basic.9y,no,yes,no,cellular,jul,mon,295,3,999,0,nonexistent,1.4,93.91799999999999,-42.7,4.96,5228.1,no
35,blue-collar,married,basic.4y,no,yes,no,cellular,jul,mon,181,1,999,0,nonexistent,1.4,93.91799999999999,-42.7,4.96,5228.1,no
24,blue-collar,married,basic.9y,no,no,no,telephone,jul,mon,171,1,999,0,nonexistent,1.4,93.91799999999999,-42.7,4.96,5228.1,no
24,blue-collar,married,basic.9y,no,yes,no,cellular,jul,mon,46,1,999,0,nonexistent,1.4,93.91799999999999,-42.7,4.96,5228.1,no
51,blue-collar,married,basic.4y,unknown,no,no,cellular,jul,mon,578,2,999,0,nonexistent,1.4,93.91799999999999,-42.7,4.96,5228.1,no
33,blue-collar,married,basic.6y,unknown,yes,no,cellular,jul,mon,299,1,999,0,nonexistent,1.4,93.91799999999999,-42.7,4.96,5228.1,no
26,admin.,married,university.degree,no,yes,no,cellular,jul,mon,588,1,999,0,nonexistent,1.4,93.91799999999999,-42.7,4.96,5228.1,no
44,admin.,single,basic.9y,no,yes,yes,cellular,jul,mon,145,5,999,0,nonexistent,1.4,93.91799999999999,-42.7,4.96,5228.1,no
48,blue-collar,married,basic.6y,unknown,yes,yes,cellular,jul,mon,250,1,999,0,nonexistent,1.4,93.91799999999999,-42.7,4.96,5228.1,no
30,technician,single,university.degree,no,yes,yes,cellular,jul,mon,149,7,999,0,nonexistent,1.4,93.91799999999999,-42.7,4.96,5228.1,no
23,services,single,high.school,no,yes,yes,cellular,jul,mon,129,2,999,0,nonexistent,1.4,93.91799999999999,-42.7,4.96,5228.1,no
25,services,single,high.school,no,yes,yes,cellular,jul,mon,208,3,999,0,nonexistent,1.4,93.91799999999999,-42.7,4.96,5228.1,no
25,technician,single,professional.course,no,yes,no,cellular,jul,mon,292,2,999,0,nonexistent,1.4,93.91799999999999,-42.7,4.96,5228.1,no
39,blue-collar,married,basic.4y,unknown,no,no,cellular,jul,mon,222,1,999,0,nonexistent,1.4,93.91799999999999,-42.7,4.96,5228.1,no
44,admin.,single,basic.9y,no,yes,no,cellular,jul,mon,50,5,999,0,nonexistent,1.4,93.91799999999999,-42.7,4.96,5228.1,no
41,technician,married,unknown,no,no,no,cellular,jul,mon,250,1,999,0,nonexistent,1.4,93.91799999999999,-42.7,4.96,5228.1,no
44,blue-collar,married,basic.9y,unknown,no,no,cellular,jul,mon,147,1,999,0,nonexistent,1.4,93.91799999999999,-42.7,4.96,5228.1,no
22,services,married,high.school,unknown,yes,no,cellular,jul,mon,100,1,999,0,nonexistent,1.4,93.91799999999999,-42.7,4.96,5228.1,no
29,admin.,married,high.school,no,no,no,telephone,jul,mon,89,1,999,0,nonexistent,1.4,93.91799999999999,-42.7,4.96,5228.1,no
32,admin.,married,high.school,no,yes,no,telephone,jul,mon,107,3,999,0,nonexistent,1.4,93.91799999999999,-42.7,4.96,5228.1,no
35,services,married,high.school,no,yes,yes,cellular,jul,mon,332,1,999,0,nonexistent,1.4,93.91799999999999,-42.7,4.96,5228.1,no
25,blue-collar,married,basic.9y,no,no,no,cellular,jul,mon,132,3,999,0,nonexistent,1.4,93.91799999999999,-42.7,4.96,5228.1,no
54,retired,married,basic.4y,unknown,yes,yes,cellular,jul,mon,320,1,999,0,nonexistent,1.4,93.91799999999999,-42.7,4.96,5228.1,no
32,blue-collar,married,basic.9y,unknown,yes,no,cellular,jul,mon,91,9,999,0,nonexistent,1.4,93.91799999999999,-42.7,4.96,5228.1,no
26,housemaid,married,basic.4y,no,yes,no,cellular,jul,mon,149,2,999,0,nonexistent,1.4,93.91799999999999,-42.7,4.96,5228.1,no
56,blue-collar,married,unknown,unknown,yes,yes,cellular,jul,mon,210,1,999,0,nonexistent,1.4,93.91799999999999,-42.7,4.96,5228.1,no
22,blue-collar,single,unknown,unknown,no,no,telephone,jul,mon,50,4,999,0,nonexistent,1.4,93.91799999999999,-42.7,4.96,5228.1,no
31,services,single,university.degree,no,yes,no,cellular,jul,mon,68,9,999,0,nonexistent,1.4,93.91799999999999,-42.7,4.96,5228.1,no
56,blue-collar,married,unknown,unknown,no,no,cellular,jul,mon,298,1,999,0,nonexistent,1.4,93.91799999999999,-42.7,4.96,5228.1,no
30,services,single,university.degree,no,yes,no,cellular,jul,mon,195,1,999,0,nonexistent,1.4,93.91799999999999,-42.7,4.96,5228.1,no
58,management,married,university.degree,no,yes,no,cellular,jul,mon,260,1,999,0,nonexistent,1.4,93.91799999999999,-42.7,4.96,5228.1,no
30,services,married,high.school,no,no,no,cellular,jul,mon,474,1,999,0,nonexistent,1.4,93.91799999999999,-42.7,4.96,5228.1,no
39,technician,single,professional.course,no,no,no,cellular,jul,mon,690,3,999,0,nonexistent,1.4,93.91799999999999,-42.7,4.96,5228.1,no
40,admin.,single,basic.9y,no,no,no,cellular,jul,mon,1089,1,999,0,nonexistent,1.4,93.91799999999999,-42.7,4.96,5228.1,no
44,management,single,high.school,no,no,no,cellular,jul,mon,312,1,999,0,nonexistent,1.4,93.91799999999999,-42.7,4.96,5228.1,no
30,management,single,university.degree,no,no,no,cellular,jul,mon,211,2,999,0,nonexistent,1.4,93.91799999999999,-42.7,4.96,5228.1,no
32,technician,single,high.school,no,no,no,cellular,jul,mon,147,1,999,0,nonexistent,1.4,93.91799999999999,-42.7,4.96,5228.1,no
42,blue-collar,married,basic.4y,no,no,no,cellular,jul,mon,378,1,999,0,nonexistent,1.4,93.91799999999999,-42.7,4.96,5228.1,no
32,technician,married,professional.course,no,no,no,cellular,jul,mon,60,2,999,0,nonexistent,1.4,93.91799999999999,-42.7,4.96,5228.1,no
46,blue-collar,divorced,basic.9y,unknown,no,no,cellular,jul,mon,862,2,999,0,nonexistent,1.4,93.91799999999999,-42.7,4.96,5228.1,no
41,entrepreneur,divorced,high.school,unknown,yes,no,cellular,jul,mon,71,5,999,0,nonexistent,1.4,93.91799999999999,-42.7,4.96,5228.1,no
31,services,divorced,high.school,no,yes,no,cellular,jul,mon,172,1,999,0,nonexistent,1.4,93.91799999999999,-42.7,4.96,5228.1,no
37,admin.,single,high.school,no,yes,no,cellular,jul,mon,291,1,999,0,nonexistent,1.4,93.91799999999999,-42.7,4.96,5228.1,no
26,services,single,high.school,no,no,no,cellular,jul,mon,91,1,999,0,nonexistent,1.4,93.91799999999999,-42.7,4.96,5228.1,no
29,admin.,single,university.degree,no,no,yes,telephone,jul,mon,1130,8,999,0,nonexistent,1.4,93.91799999999999,-42.7,4.96,5228.1,yes
29,admin.,married,basic.9y,no,yes,no,cellular,jul,mon,577,2,999,0,nonexistent,1.4,93.91799999999999,-42.7,4.96,5228.1,yes
26,services,single,high.school,no,yes,no,cellular,jul,mon,509,1,999,0,nonexistent,1.4,93.91799999999999,-42.7,4.96,5228.1,no
26,services,single,high.school,no,yes,no,cellular,jul,mon,256,1,999,0,nonexistent,1.4,93.91799999999999,-42.7,4.96,5228.1,no
33,services,married,high.school,no,no,no,cellular,jul,mon,1342,2,999,0,nonexistent,1.4,93.91799999999999,-42.7,4.96,5228.1,yes
29,technician,married,high.school,no,no,no,cellular,jul,mon,363,1,999,0,nonexistent,1.4,93.91799999999999,-42.7,4.96,5228.1,no
31,services,divorced,high.school,no,yes,no,cellular,jul,mon,522,1,999,0,nonexistent,1.4,93.91799999999999,-42.7,4.96,5228.1,no
46,services,married,high.school,no,no,yes,cellular,jul,mon,306,1,999,0,nonexistent,1.4,93.91799999999999,-42.7,4.96,5228.1,no
30,admin.,single,university.degree,no,no,no,cellular,jul,mon,106,3,999,0,nonexistent,1.4,93.91799999999999,-42.7,4.96,5228.1,no
50,entrepreneur,married,basic.9y,unknown,no,no,cellular,jul,mon,262,4,999,0,nonexistent,1.4,93.91799999999999,-42.7,4.96,5228.1,no
37,admin.,single,high.school,no,yes,no,cellular,jul,mon,87,1,999,0,nonexistent,1.4,93.91799999999999,-42.7,4.96,5228.1,no
47,blue-collar,married,basic.6y,no,no,yes,cellular,jul,mon,930,1,999,0,nonexistent,1.4,93.91799999999999,-42.7,4.96,5228.1,no
30,services,married,high.school,no,yes,yes,telephone,jul,mon,342,9,999,0,nonexistent,1.4,93.91799999999999,-42.7,4.96,5228.1,no
48,admin.,divorced,university.degree,no,no,yes,cellular,jul,mon,564,5,999,0,nonexistent,1.4,93.91799999999999,-42.7,4.96,5228.1,no
37,admin.,married,high.school,no,no,no,cellular,jul,mon,157,3,999,0,nonexistent,1.4,93.91799999999999,-42.7,4.96,5228.1,no
58,admin.,divorced,university.degree,no,yes,no,cellular,jul,mon,418,5,999,0,nonexistent,1.4,93.91799999999999,-42.7,4.96,5228.1,no
31,blue-collar,married,basic.9y,no,yes,yes,cellular,jul,mon,199,3,999,0,nonexistent,1.4,93.91799999999999,-42.7,4.96,5228.1,no
42,blue-collar,married,basic.4y,no,yes,no,cellular,jul,mon,251,2,999,0,nonexistent,1.4,93.91799999999999,-42.7,4.96,5228.1,no
28,technician,single,professional.course,no,yes,no,cellular,jul,mon,1002,3,999,0,nonexistent,1.4,93.91799999999999,-42.7,4.96,5228.1,yes
30,management,married,university.degree,no,no,yes,cellular,jul,mon,833,5,999,0,nonexistent,1.4,93.91799999999999,-42.7,4.96,5228.1,no
35,services,divorced,high.school,unknown,yes,no,cellular,jul,mon,274,3,999,0,nonexistent,1.4,93.91799999999999,-42.7,4.96,5228.1,no
46,unemployed,married,basic.9y,no,yes,no,cellular,jul,mon,241,3,999,0,nonexistent,1.4,93.91799999999999,-42.7,4.96,5228.1,no
43,admin.,married,high.school,no,yes,no,telephone,jul,mon,132,10,999,0,nonexistent,1.4,93.91799999999999,-42.7,4.96,5228.1,no
43,admin.,married,high.school,no,yes,no,cellular,jul,mon,250,2,999,0,nonexistent,1.4,93.91799999999999,-42.7,4.96,5228.1,no
22,blue-collar,single,unknown,unknown,unknown,unknown,cellular,jul,mon,47,2,999,0,nonexistent,1.4,93.91799999999999,-42.7,4.96,5228.1,no
48,services,divorced,high.school,no,yes,no,cellular,jul,mon,313,2,999,0,nonexistent,1.4,93.91799999999999,-42.7,4.96,5228.1,no
22,student,single,university.degree,no,yes,no,telephone,jul,mon,138,12,999,0,nonexistent,1.4,93.91799999999999,-42.7,4.96,5228.1,no
43,blue-collar,married,basic.9y,unknown,yes,no,cellular,jul,mon,227,4,999,0,nonexistent,1.4,93.91799999999999,-42.7,4.96,5228.1,no
32,admin.,married,high.school,no,yes,no,cellular,jul,mon,67,2,999,0,nonexistent,1.4,93.91799999999999,-42.7,4.96,5228.1,no
44,blue-collar,married,basic.9y,unknown,yes,no,cellular,jul,mon,162,2,999,0,nonexistent,1.4,93.91799999999999,-42.7,4.96,5228.1,no
33,blue-collar,married,basic.9y,no,no,no,cellular,jul,mon,121,4,999,0,nonexistent,1.4,93.91799999999999,-42.7,4.96,5228.1,no
39,admin.,married,university.degree,no,yes,no,cellular,jul,mon,929,15,999,0,nonexistent,1.4,93.91799999999999,-42.7,4.96,5228.1,no
33,blue-collar,married,unknown,no,no,no,cellular,jul,mon,91,4,999,0,nonexistent,1.4,93.91799999999999,-42.7,4.96,5228.1,no
35,blue-collar,single,basic.4y,unknown,no,no,cellular,jul,mon,59,4,999,0,nonexistent,1.4,93.91799999999999,-42.7,4.96,5228.1,no
29,admin.,married,high.school,no,yes,no,cellular,jul,mon,126,3,999,0,nonexistent,1.4,93.91799999999999,-42.7,4.96,5228.1,no
57,blue-collar,married,basic.4y,unknown,yes,no,cellular,jul,mon,769,3,999,0,nonexistent,1.4,93.91799999999999,-42.7,4.96,5228.1,no
41,admin.,married,university.degree,no,no,no,cellular,jul,mon,1360,3,999,0,nonexistent,1.4,93.91799999999999,-42.7,4.96,5228.1,yes
49,admin.,married,university.degree,unknown,no,no,cellular,jul,mon,91,3,999,0,nonexistent,1.4,93.91799999999999,-42.7,4.96,5228.1,no
37,technician,divorced,professional.course,unknown,yes,no,cellular,jul,mon,1134,5,999,0,nonexistent,1.4,93.91799999999999,-42.7,4.96,5228.1,yes
30,blue-collar,married,basic.6y,no,no,no,cellular,jul,mon,173,2,999,0,nonexistent,1.4,93.91799999999999,-42.7,4.96,5228.1,no
49,management,married,university.degree,no,no,no,cellular,jul,mon,86,4,999,0,nonexistent,1.4,93.91799999999999,-42.7,4.96,5228.1,no
32,blue-collar,married,basic.4y,no,yes,no,cellular,jul,mon,130,4,999,0,nonexistent,1.4,93.91799999999999,-42.7,4.96,5228.1,no
43,blue-collar,married,basic.9y,unknown,yes,no,cellular,jul,mon,75,3,999,0,nonexistent,1.4,93.91799999999999,-42.7,4.96,5228.1,no
38,housemaid,married,unknown,unknown,yes,no,cellular,jul,mon,208,2,999,0,nonexistent,1.4,93.91799999999999,-42.7,4.96,5228.1,no
36,blue-collar,single,basic.6y,unknown,no,no,cellular,jul,mon,276,2,999,0,nonexistent,1.4,93.91799999999999,-42.7,4.96,5228.1,no
26,admin.,single,unknown,no,no,yes,cellular,jul,mon,106,3,999,0,nonexistent,1.4,93.91799999999999,-42.7,4.96,5228.1,no
33,admin.,divorced,high.school,no,yes,no,cellular,jul,mon,482,2,999,0,nonexistent,1.4,93.91799999999999,-42.7,4.96,5228.1,no
27,blue-collar,single,basic.9y,unknown,yes,no,telephone,jul,mon,21,31,999,0,nonexistent,1.4,93.91799999999999,-42.7,4.96,5228.1,no
55,technician,married,professional.course,unknown,no,no,cellular,jul,mon,240,2,999,0,nonexistent,1.4,93.91799999999999,-42.7,4.96,5228.1,no
39,management,married,university.degree,unknown,yes,no,cellular,jul,mon,908,3,999,0,nonexistent,1.4,93.91799999999999,-42.7,4.96,5228.1,yes
35,entrepreneur,single,university.degree,no,yes,no,cellular,jul,mon,88,5,999,0,nonexistent,1.4,93.91799999999999,-42.7,4.96,5228.1,no
27,admin.,single,university.degree,no,yes,yes,cellular,jul,mon,150,4,999,0,nonexistent,1.4,93.91799999999999,-42.7,4.96,5228.1,no
46,housemaid,married,basic.4y,unknown,yes,no,cellular,jul,mon,31,20,999,0,nonexistent,1.4,93.91799999999999,-42.7,4.96,5228.1,no
36,services,married,high.school,no,yes,yes,cellular,jul,mon,185,7,999,0,nonexistent,1.4,93.91799999999999,-42.7,4.96,5228.1,no
37,blue-collar,single,basic.9y,no,no,no,cellular,jul,mon,167,2,999,0,nonexistent,1.4,93.91799999999999,-42.7,4.96,5228.1,no
27,admin.,single,university.degree,no,no,no,telephone,jul,mon,86,9,999,0,nonexistent,1.4,93.91799999999999,-42.7,4.96,5228.1,no
23,admin.,single,high.school,no,yes,no,cellular,jul,mon,34,3,999,0,nonexistent,1.4,93.91799999999999,-42.7,4.96,5228.1,no
36,admin.,married,university.degree,no,yes,no,cellular,jul,mon,105,10,999,0,nonexistent,1.4,93.91799999999999,-42.7,4.96,5228.1,no
32,services,married,basic.4y,unknown,no,no,cellular,jul,mon,322,3,999,0,nonexistent,1.4,93.91799999999999,-42.7,4.96,5228.1,no
25,housemaid,single,basic.9y,no,yes,no,cellular,jul,mon,898,5,999,0,nonexistent,1.4,93.91799999999999,-42.7,4.96,5228.1,no
32,admin.,married,high.school,no,no,no,cellular,jul,mon,549,2,999,0,nonexistent,1.4,93.91799999999999,-42.7,4.96,5228.1,no
32,blue-collar,married,basic.4y,unknown,no,no,cellular,jul,mon,193,5,999,0,nonexistent,1.4,93.91799999999999,-42.7,4.96,5228.1,no
30,admin.,single,high.school,no,no,no,telephone,jul,mon,177,3,999,0,nonexistent,1.4,93.91799999999999,-42.7,4.96,5228.1,no
32,blue-collar,married,basic.4y,unknown,yes,yes,cellular,jul,mon,419,2,999,0,nonexistent,1.4,93.91799999999999,-42.7,4.96,5228.1,no
55,technician,married,professional.course,unknown,no,no,cellular,jul,mon,78,4,999,0,nonexistent,1.4,93.91799999999999,-42.7,4.96,5228.1,no
43,admin.,married,high.school,no,yes,no,cellular,jul,mon,24,28,999,0,nonexistent,1.4,93.91799999999999,-42.7,4.96,5228.1,no
30,management,single,university.degree,no,no,yes,telephone,jul,mon,100,11,999,0,nonexistent,1.4,93.91799999999999,-42.7,4.96,5228.1,no
33,admin.,married,university.degree,no,no,no,cellular,jul,mon,145,2,999,0,nonexistent,1.4,93.91799999999999,-42.7,4.96,5228.1,no
25,admin.,single,high.school,no,no,no,telephone,jul,mon,184,21,999,0,nonexistent,1.4,93.91799999999999,-42.7,4.96,5228.1,no
33,blue-collar,married,basic.6y,unknown,no,yes,cellular,jul,mon,111,2,999,0,nonexistent,1.4,93.91799999999999,-42.7,4.96,5228.1,no
25,services,single,high.school,no,no,no,cellular,jul,mon,322,2,999,0,nonexistent,1.4,93.91799999999999,-42.7,4.96,5228.1,no
48,blue-collar,married,basic.9y,no,no,no,cellular,jul,mon,54,3,999,0,nonexistent,1.4,93.91799999999999,-42.7,4.96,5228.1,no
45,blue-collar,married,basic.4y,unknown,yes,no,cellular,jul,mon,98,3,999,0,nonexistent,1.4,93.91799999999999,-42.7,4.96,5228.1,no
49,admin.,married,university.degree,unknown,no,no,cellular,jul,mon,97,3,999,0,nonexistent,1.4,93.91799999999999,-42.7,4.96,5228.1,no
24,admin.,single,high.school,no,yes,no,telephone,jul,mon,722,3,999,0,nonexistent,1.4,93.91799999999999,-42.7,4.96,5228.1,no
51,technician,married,basic.6y,no,yes,no,cellular,jul,tue,166,2,999,0,nonexistent,1.4,93.91799999999999,-42.7,4.961,5228.1,no
31,blue-collar,single,high.school,no,no,no,cellular,jul,tue,78,2,999,0,nonexistent,1.4,93.91799999999999,-42.7,4.961,5228.1,no
41,admin.,divorced,high.school,no,no,no,cellular,jul,tue,126,3,999,0,nonexistent,1.4,93.91799999999999,-42.7,4.961,5228.1,no
58,retired,married,professional.course,unknown,no,no,telephone,jul,tue,44,8,999,0,nonexistent,1.4,93.91799999999999,-42.7,4.961,5228.1,no
37,management,married,unknown,no,yes,no,cellular,jul,tue,70,9,999,0,nonexistent,1.4,93.91799999999999,-42.7,4.961,5228.1,no
28,admin.,single,high.school,no,no,no,cellular,jul,tue,72,14,999,0,nonexistent,1.4,93.91799999999999,-42.7,4.961,5228.1,no
42,admin.,single,university.degree,no,no,no,cellular,jul,tue,125,4,999,0,nonexistent,1.4,93.91799999999999,-42.7,4.961,5228.1,no
38,blue-collar,divorced,basic.4y,no,yes,no,cellular,jul,tue,85,3,999,0,nonexistent,1.4,93.91799999999999,-42.7,4.961,5228.1,no
44,blue-collar,married,professional.course,unknown,no,no,cellular,jul,tue,156,20,999,0,nonexistent,1.4,93.91799999999999,-42.7,4.961,5228.1,no
44,blue-collar,married,professional.course,unknown,no,no,cellular,jul,tue,181,11,999,0,nonexistent,1.4,93.91799999999999,-42.7,4.961,5228.1,no
30,unemployed,married,high.school,no,yes,no,cellular,jul,tue,383,3,999,0,nonexistent,1.4,93.91799999999999,-42.7,4.961,5228.1,no
48,technician,single,high.school,no,no,yes,cellular,jul,tue,93,2,999,0,nonexistent,1.4,93.91799999999999,-42.7,4.961,5228.1,no
30,services,single,high.school,unknown,yes,no,cellular,jul,tue,40,5,999,0,nonexistent,1.4,93.91799999999999,-42.7,4.961,5228.1,no
57,housemaid,divorced,basic.6y,no,yes,no,cellular,jul,tue,87,3,999,0,nonexistent,1.4,93.91799999999999,-42.7,4.961,5228.1,no
37,admin.,married,university.degree,no,yes,no,cellular,jul,tue,46,3,999,0,nonexistent,1.4,93.91799999999999,-42.7,4.961,5228.1,no
31,admin.,single,high.school,no,no,no,cellular,jul,tue,17,7,999,0,nonexistent,1.4,93.91799999999999,-42.7,4.961,5228.1,no
28,technician,married,professional.course,no,no,no,cellular,jul,tue,261,3,999,0,nonexistent,1.4,93.91799999999999,-42.7,4.961,5228.1,no
38,services,single,high.school,unknown,yes,no,cellular,jul,tue,204,3,999,0,nonexistent,1.4,93.91799999999999,-42.7,4.961,5228.1,no
30,admin.,single,high.school,no,yes,no,cellular,jul,tue,102,7,999,0,nonexistent,1.4,93.91799999999999,-42.7,4.961,5228.1,no
35,admin.,divorced,high.school,no,unknown,unknown,cellular,jul,tue,637,2,999,0,nonexistent,1.4,93.91799999999999,-42.7,4.961,5228.1,no
39,blue-collar,married,basic.6y,unknown,yes,no,cellular,jul,tue,238,2,999,0,nonexistent,1.4,93.91799999999999,-42.7,4.961,5228.1,no
31,blue-collar,married,basic.6y,no,yes,no,cellular,jul,tue,420,3,999,0,nonexistent,1.4,93.91799999999999,-42.7,4.961,5228.1,no
59,housemaid,married,basic.4y,unknown,no,no,cellular,jul,tue,121,2,999,0,nonexistent,1.4,93.91799999999999,-42.7,4.961,5228.1,no
33,technician,single,professional.course,no,yes,no,cellular,jul,tue,312,1,999,0,nonexistent,1.4,93.91799999999999,-42.7,4.961,5228.1,no
56,entrepreneur,married,university.degree,unknown,no,yes,cellular,jul,tue,41,1,999,0,nonexistent,1.4,93.91799999999999,-42.7,4.961,5228.1,no
29,technician,married,professional.course,no,yes,yes,cellular,jul,tue,82,1,999,0,nonexistent,1.4,93.91799999999999,-42.7,4.961,5228.1,no
38,self-employed,single,unknown,no,yes,no,cellular,jul,tue,438,3,999,0,nonexistent,1.4,93.91799999999999,-42.7,4.961,5228.1,no
33,blue-collar,married,basic.6y,no,yes,no,cellular,jul,tue,376,1,999,0,nonexistent,1.4,93.91799999999999,-42.7,4.961,5228.1,no
41,services,divorced,high.school,no,yes,no,cellular,jul,tue,77,5,999,0,nonexistent,1.4,93.91799999999999,-42.7,4.961,5228.1,no
40,management,married,university.degree,no,no,no,cellular,jul,tue,314,4,999,0,nonexistent,1.4,93.91799999999999,-42.7,4.961,5228.1,no
33,services,married,high.school,no,yes,no,cellular,jul,tue,278,5,999,0,nonexistent,1.4,93.91799999999999,-42.7,4.961,5228.1,no
33,admin.,single,university.degree,no,no,yes,cellular,jul,tue,263,5,999,0,nonexistent,1.4,93.91799999999999,-42.7,4.961,5228.1,no
21,services,single,high.school,no,yes,no,cellular,jul,tue,344,3,999,0,nonexistent,1.4,93.91799999999999,-42.7,4.961,5228.1,no
33,blue-collar,married,basic.6y,no,no,no,cellular,jul,tue,1077,1,999,0,nonexistent,1.4,93.91799999999999,-42.7,4.961,5228.1,yes
46,blue-collar,married,basic.4y,unknown,yes,no,cellular,jul,tue,152,1,999,0,nonexistent,1.4,93.91799999999999,-42.7,4.961,5228.1,no
31,admin.,single,university.degree,no,yes,no,cellular,jul,tue,72,1,999,0,nonexistent,1.4,93.91799999999999,-42.7,4.961,5228.1,no
31,admin.,single,university.degree,no,yes,no,cellular,jul,tue,137,1,999,0,nonexistent,1.4,93.91799999999999,-42.7,4.961,5228.1,no
31,admin.,single,university.degree,no,yes,no,cellular,jul,tue,214,1,999,0,nonexistent,1.4,93.91799999999999,-42.7,4.961,5228.1,no
58,retired,married,basic.4y,unknown,no,no,cellular,jul,tue,70,1,999,0,nonexistent,1.4,93.91799999999999,-42.7,4.961,5228.1,no
35,blue-collar,divorced,basic.4y,no,yes,no,cellular,jul,tue,178,1,999,0,nonexistent,1.4,93.91799999999999,-42.7,4.961,5228.1,no
35,blue-collar,divorced,basic.4y,no,yes,no,cellular,jul,tue,123,1,999,0,nonexistent,1.4,93.91799999999999,-42.7,4.961,5228.1,no
36,admin.,single,high.school,no,no,no,cellular,jul,tue,90,1,999,0,nonexistent,1.4,93.91799999999999,-42.7,4.961,5228.1,no
36,admin.,single,high.school,no,no,no,cellular,jul,tue,80,1,999,0,nonexistent,1.4,93.91799999999999,-42.7,4.961,5228.1,no
58,retired,married,basic.4y,unknown,no,no,cellular,jul,tue,307,1,999,0,nonexistent,1.4,93.91799999999999,-42.7,4.961,5228.1,no
36,admin.,single,high.school,no,no,no,cellular,jul,tue,259,1,999,0,nonexistent,1.4,93.91799999999999,-42.7,4.961,5228.1,no
33,blue-collar,married,basic.9y,no,yes,no,cellular,jul,tue,132,1,999,0,nonexistent,1.4,93.91799999999999,-42.7,4.961,5228.1,no
46,housemaid,divorced,basic.4y,unknown,yes,no,cellular,jul,tue,161,1,999,0,nonexistent,1.4,93.91799999999999,-42.7,4.961,5228.1,no
33,services,single,high.school,no,yes,no,cellular,jul,tue,714,1,999,0,nonexistent,1.4,93.91799999999999,-42.7,4.961,5228.1,yes
27,blue-collar,married,basic.4y,no,yes,no,cellular,jul,tue,66,1,999,0,nonexistent,1.4,93.91799999999999,-42.7,4.961,5228.1,no
46,housemaid,divorced,basic.4y,unknown,yes,no,cellular,jul,tue,259,1,999,0,nonexistent,1.4,93.91799999999999,-42.7,4.961,5228.1,no
27,blue-collar,married,basic.4y,no,yes,no,cellular,jul,tue,185,1,999,0,nonexistent,1.4,93.91799999999999,-42.7,4.961,5228.1,no
54,technician,married,high.school,no,no,no,cellular,jul,tue,422,8,999,0,nonexistent,1.4,93.91799999999999,-42.7,4.961,5228.1,no
27,admin.,single,university.degree,unknown,yes,yes,cellular,jul,tue,255,1,999,0,nonexistent,1.4,93.91799999999999,-42.7,4.961,5228.1,no
46,housemaid,divorced,basic.4y,unknown,no,yes,cellular,jul,tue,518,1,999,0,nonexistent,1.4,93.91799999999999,-42.7,4.961,5228.1,no
23,blue-collar,single,basic.9y,no,yes,no,cellular,jul,tue,255,1,999,0,nonexistent,1.4,93.91799999999999,-42.7,4.961,5228.1,no
28,blue-collar,single,high.school,no,no,no,cellular,jul,tue,139,1,999,0,nonexistent,1.4,93.91799999999999,-42.7,4.961,5228.1,no
38,blue-collar,married,basic.4y,unknown,no,no,cellular,jul,tue,690,1,999,0,nonexistent,1.4,93.91799999999999,-42.7,4.961,5228.1,yes
39,blue-collar,single,high.school,unknown,yes,no,cellular,jul,tue,132,6,999,0,nonexistent,1.4,93.91799999999999,-42.7,4.961,5228.1,no
27,admin.,single,basic.9y,no,yes,yes,cellular,jul,tue,81,2,999,0,nonexistent,1.4,93.91799999999999,-42.7,4.961,5228.1,no
33,blue-collar,married,basic.6y,no,yes,no,cellular,jul,tue,702,2,999,0,nonexistent,1.4,93.91799999999999,-42.7,4.961,5228.1,no
30,blue-collar,divorced,basic.9y,no,yes,no,cellular,jul,tue,168,2,999,0,nonexistent,1.4,93.91799999999999,-42.7,4.961,5228.1,no
44,blue-collar,married,professional.course,unknown,no,no,cellular,jul,tue,407,4,999,0,nonexistent,1.4,93.91799999999999,-42.7,4.961,5228.1,no
30,admin.,single,high.school,no,yes,yes,cellular,jul,tue,254,1,999,0,nonexistent,1.4,93.91799999999999,-42.7,4.961,5228.1,no
30,admin.,single,high.school,no,no,no,cellular,jul,tue,176,1,999,0,nonexistent,1.4,93.91799999999999,-42.7,4.961,5228.1,no
40,admin.,married,high.school,no,no,no,cellular,jul,tue,305,1,999,0,nonexistent,1.4,93.91799999999999,-42.7,4.961,5228.1,no
22,admin.,single,high.school,no,yes,no,cellular,jul,tue,107,1,999,0,nonexistent,1.4,93.91799999999999,-42.7,4.961,5228.1,no
32,technician,single,unknown,no,yes,no,cellular,jul,tue,121,3,999,0,nonexistent,1.4,93.91799999999999,-42.7,4.961,5228.1,no
60,retired,married,basic.6y,no,no,no,cellular,jul,tue,268,1,999,0,nonexistent,1.4,93.91799999999999,-42.7,4.961,5228.1,no
59,retired,married,basic.6y,no,yes,no,cellular,jul,tue,196,1,999,0,nonexistent,1.4,93.91799999999999,-42.7,4.961,5228.1,no
35,services,single,high.school,unknown,yes,no,cellular,jul,tue,150,1,999,0,nonexistent,1.4,93.91799999999999,-42.7,4.961,5228.1,no
59,retired,married,basic.6y,no,yes,no,cellular,jul,tue,367,1,999,0,nonexistent,1.4,93.91799999999999,-42.7,4.961,5228.1,no
33,technician,single,professional.course,no,no,no,cellular,jul,tue,152,1,999,0,nonexistent,1.4,93.91799999999999,-42.7,4.961,5228.1,no
40,admin.,single,university.degree,no,no,no,cellular,jul,tue,490,1,999,0,nonexistent,1.4,93.91799999999999,-42.7,4.961,5228.1,no
37,admin.,married,university.degree,no,yes,no,cellular,jul,tue,125,3,999,0,nonexistent,1.4,93.91799999999999,-42.7,4.961,5228.1,no
59,retired,married,basic.6y,no,yes,no,cellular,jul,tue,807,1,999,0,nonexistent,1.4,93.91799999999999,-42.7,4.961,5228.1,no
56,blue-collar,married,basic.4y,unknown,no,no,cellular,jul,tue,1545,1,999,0,nonexistent,1.4,93.91799999999999,-42.7,4.961,5228.1,yes
35,services,single,high.school,unknown,yes,no,cellular,jul,tue,40,1,999,0,nonexistent,1.4,93.91799999999999,-42.7,4.961,5228.1,no
35,services,single,high.school,unknown,yes,no,cellular,jul,tue,118,1,999,0,nonexistent,1.4,93.91799999999999,-42.7,4.961,5228.1,no
37,services,single,high.school,no,no,no,cellular,jul,tue,108,1,999,0,nonexistent,1.4,93.91799999999999,-42.7,4.961,5228.1,no
56,blue-collar,married,unknown,unknown,yes,no,cellular,jul,tue,1017,1,999,0,nonexistent,1.4,93.91799999999999,-42.7,4.961,5228.1,no
35,services,single,high.school,unknown,no,no,cellular,jul,tue,520,1,999,0,nonexistent,1.4,93.91799999999999,-42.7,4.961,5228.1,no
26,blue-collar,single,basic.9y,no,yes,no,cellular,jul,tue,56,3,999,0,nonexistent,1.4,93.91799999999999,-42.7,4.961,5228.1,no
46,blue-collar,married,unknown,no,yes,no,cellular,jul,tue,89,1,999,0,nonexistent,1.4,93.91799999999999,-42.7,4.961,5228.1,no
26,blue-collar,married,basic.4y,unknown,no,no,cellular,jul,tue,199,1,999,0,nonexistent,1.4,93.91799999999999,-42.7,4.961,5228.1,no
38,self-employed,single,unknown,no,no,no,cellular,jul,tue,843,8,999,0,nonexistent,1.4,93.91799999999999,-42.7,4.961,5228.1,no
24,blue-collar,married,professional.course,no,no,no,cellular,jul,tue,273,4,999,0,nonexistent,1.4,93.91799999999999,-42.7,4.961,5228.1,no
37,admin.,single,unknown,no,no,no,telephone,jul,tue,74,13,999,0,nonexistent,1.4,93.91799999999999,-42.7,4.961,5228.1,no
48,blue-collar,single,basic.4y,no,no,yes,cellular,jul,tue,271,1,999,0,nonexistent,1.4,93.91799999999999,-42.7,4.961,5228.1,no
54,services,married,high.school,no,no,no,cellular,jul,tue,152,1,999,0,nonexistent,1.4,93.91799999999999,-42.7,4.961,5228.1,no
38,blue-collar,married,basic.4y,unknown,yes,no,cellular,jul,tue,71,2,999,0,nonexistent,1.4,93.91799999999999,-42.7,4.961,5228.1,no
25,blue-collar,married,basic.9y,no,yes,yes,cellular,jul,tue,599,2,999,0,nonexistent,1.4,93.91799999999999,-42.7,4.961,5228.1,no
55,admin.,married,unknown,no,yes,yes,cellular,jul,tue,247,1,999,0,nonexistent,1.4,93.91799999999999,-42.7,4.961,5228.1,no
30,admin.,single,university.degree,no,yes,yes,cellular,jul,tue,204,1,999,0,nonexistent,1.4,93.91799999999999,-42.7,4.961,5228.1,no
30,admin.,single,university.degree,no,no,yes,telephone,jul,tue,215,1,999,0,nonexistent,1.4,93.91799999999999,-42.7,4.961,5228.1,no
37,blue-collar,married,high.school,unknown,yes,no,cellular,jul,tue,423,1,999,0,nonexistent,1.4,93.91799999999999,-42.7,4.961,5228.1,no
41,blue-collar,married,basic.9y,no,yes,no,cellular,jul,tue,285,1,999,0,nonexistent,1.4,93.91799999999999,-42.7,4.961,5228.1,no
41,management,single,university.degree,no,no,no,cellular,jul,tue,200,1,999,0,nonexistent,1.4,93.91799999999999,-42.7,4.961,5228.1,no
36,admin.,married,university.degree,unknown,yes,no,cellular,jul,tue,352,3,999,0,nonexistent,1.4,93.91799999999999,-42.7,4.961,5228.1,no
30,admin.,single,high.school,no,no,yes,cellular,jul,tue,68,2,999,0,nonexistent,1.4,93.91799999999999,-42.7,4.961,5228.1,no
27,admin.,single,university.degree,no,yes,yes,cellular,jul,tue,292,1,999,0,nonexistent,1.4,93.91799999999999,-42.7,4.961,5228.1,no
35,blue-collar,married,unknown,no,yes,no,cellular,jul,tue,506,1,999,0,nonexistent,1.4,93.91799999999999,-42.7,4.961,5228.1,no
38,housemaid,married,basic.4y,unknown,no,no,cellular,jul,tue,136,2,999,0,nonexistent,1.4,93.91799999999999,-42.7,4.961,5228.1,no
59,retired,married,basic.6y,no,yes,no,cellular,jul,tue,89,2,999,0,nonexistent,1.4,93.91799999999999,-42.7,4.961,5228.1,no
32,blue-collar,married,basic.4y,no,yes,no,cellular,jul,tue,117,1,999,0,nonexistent,1.4,93.91799999999999,-42.7,4.961,5228.1,no
31,admin.,single,university.degree,no,yes,no,cellular,jul,tue,89,2,999,0,nonexistent,1.4,93.91799999999999,-42.7,4.961,5228.1,no
30,admin.,single,high.school,no,no,yes,cellular,jul,tue,455,2,999,0,nonexistent,1.4,93.91799999999999,-42.7,4.961,5228.1,no
27,unemployed,single,university.degree,no,no,no,telephone,jul,tue,27,1,999,0,nonexistent,1.4,93.91799999999999,-42.7,4.961,5228.1,no
27,unemployed,single,university.degree,no,yes,no,cellular,jul,tue,120,1,999,0,nonexistent,1.4,93.91799999999999,-42.7,4.961,5228.1,no
32,blue-collar,married,basic.4y,no,no,yes,telephone,jul,tue,605,1,999,0,nonexistent,1.4,93.91799999999999,-42.7,4.961,5228.1,no
40,management,married,university.degree,no,no,yes,cellular,jul,tue,630,1,999,0,nonexistent,1.4,93.91799999999999,-42.7,4.961,5228.1,no
31,self-employed,single,high.school,no,yes,no,cellular,jul,tue,151,2,999,0,nonexistent,1.4,93.91799999999999,-42.7,4.961,5228.1,no
39,technician,married,professional.course,no,no,no,cellular,jul,tue,62,1,999,0,nonexistent,1.4,93.91799999999999,-42.7,4.961,5228.1,no
39,technician,married,professional.course,no,no,yes,cellular,jul,tue,90,1,999,0,nonexistent,1.4,93.91799999999999,-42.7,4.961,5228.1,no
23,blue-collar,single,basic.9y,no,no,no,cellular,jul,tue,164,1,999,0,nonexistent,1.4,93.91799999999999,-42.7,4.961,5228.1,no
56,admin.,married,unknown,unknown,no,no,cellular,jul,tue,599,1,999,0,nonexistent,1.4,93.91799999999999,-42.7,4.961,5228.1,no
30,admin.,single,university.degree,no,no,yes,cellular,jul,tue,127,2,999,0,nonexistent,1.4,93.91799999999999,-42.7,4.961,5228.1,no
30,management,single,high.school,no,no,no,cellular,jul,tue,1288,2,999,0,nonexistent,1.4,93.91799999999999,-42.7,4.961,5228.1,no
32,blue-collar,married,basic.6y,no,no,no,cellular,jul,tue,59,1,999,0,nonexistent,1.4,93.91799999999999,-42.7,4.961,5228.1,no
34,services,single,high.school,no,no,no,telephone,jul,tue,29,16,999,0,nonexistent,1.4,93.91799999999999,-42.7,4.961,5228.1,no
29,technician,married,professional.course,no,no,no,cellular,jul,tue,156,3,999,0,nonexistent,1.4,93.91799999999999,-42.7,4.961,5228.1,no
49,admin.,married,basic.9y,no,yes,no,cellular,jul,tue,73,2,999,0,nonexistent,1.4,93.91799999999999,-42.7,4.961,5228.1,no
26,blue-collar,single,basic.6y,unknown,no,no,cellular,jul,tue,333,2,999,0,nonexistent,1.4,93.91799999999999,-42.7,4.961,5228.1,no
46,technician,married,basic.9y,unknown,yes,no,cellular,jul,tue,267,1,999,0,nonexistent,1.4,93.91799999999999,-42.7,4.961,5228.1,no
35,admin.,married,university.degree,unknown,yes,no,cellular,jul,tue,403,1,999,0,nonexistent,1.4,93.91799999999999,-42.7,4.961,5228.1,no
58,retired,married,basic.4y,no,no,yes,cellular,jul,tue,52,1,999,0,nonexistent,1.4,93.91799999999999,-42.7,4.961,5228.1,no
49,blue-collar,married,basic.9y,unknown,no,no,cellular,jul,tue,270,2,999,0,nonexistent,1.4,93.91799999999999,-42.7,4.961,5228.1,no
58,retired,married,basic.4y,no,no,no,cellular,jul,tue,283,1,999,0,nonexistent,1.4,93.91799999999999,-42.7,4.961,5228.1,no
58,retired,married,basic.4y,no,no,no,cellular,jul,tue,81,1,999,0,nonexistent,1.4,93.91799999999999,-42.7,4.961,5228.1,no
50,blue-collar,married,basic.4y,no,no,yes,cellular,jul,tue,849,1,999,0,nonexistent,1.4,93.91799999999999,-42.7,4.961,5228.1,yes
36,services,divorced,professional.course,no,yes,no,telephone,jul,tue,261,12,999,0,nonexistent,1.4,93.91799999999999,-42.7,4.961,5228.1,no
58,retired,married,basic.4y,no,no,no,cellular,jul,tue,114,1,999,0,nonexistent,1.4,93.91799999999999,-42.7,4.961,5228.1,no
45,services,married,high.school,unknown,no,no,cellular,jul,tue,70,1,999,0,nonexistent,1.4,93.91799999999999,-42.7,4.961,5228.1,no
26,blue-collar,single,basic.6y,unknown,yes,no,cellular,jul,tue,1833,2,999,0,nonexistent,1.4,93.91799999999999,-42.7,4.961,5228.1,yes
31,technician,single,professional.course,no,yes,no,cellular,jul,tue,77,3,999,0,nonexistent,1.4,93.91799999999999,-42.7,4.961,5228.1,no
35,blue-collar,married,university.degree,no,unknown,unknown,cellular,jul,tue,87,2,999,0,nonexistent,1.4,93.91799999999999,-42.7,4.961,5228.1,no
40,blue-collar,married,basic.9y,no,yes,no,cellular,jul,tue,86,1,999,0,nonexistent,1.4,93.91799999999999,-42.7,4.961,5228.1,no
28,technician,single,high.school,no,no,no,cellular,jul,tue,431,8,999,0,nonexistent,1.4,93.91799999999999,-42.7,4.961,5228.1,no
46,self-employed,married,university.degree,no,no,yes,cellular,jul,tue,1220,12,999,0,nonexistent,1.4,93.91799999999999,-42.7,4.961,5228.1,no
55,entrepreneur,divorced,unknown,no,no,no,cellular,jul,tue,67,9,999,0,nonexistent,1.4,93.91799999999999,-42.7,4.961,5228.1,no
25,blue-collar,single,high.school,no,yes,no,cellular,jul,tue,214,1,999,0,nonexistent,1.4,93.91799999999999,-42.7,4.961,5228.1,no
53,technician,divorced,professional.course,no,yes,yes,cellular,jul,tue,639,3,999,0,nonexistent,1.4,93.91799999999999,-42.7,4.961,5228.1,no
35,services,divorced,university.degree,no,yes,no,cellular,jul,tue,722,2,999,0,nonexistent,1.4,93.91799999999999,-42.7,4.961,5228.1,yes
49,admin.,single,high.school,no,yes,no,cellular,jul,tue,1281,1,999,0,nonexistent,1.4,93.91799999999999,-42.7,4.961,5228.1,no
22,services,single,high.school,no,yes,no,cellular,jul,tue,246,3,999,0,nonexistent,1.4,93.91799999999999,-42.7,4.961,5228.1,no
48,entrepreneur,single,university.degree,no,yes,no,cellular,jul,tue,654,1,999,0,nonexistent,1.4,93.91799999999999,-42.7,4.961,5228.1,no
56,retired,married,basic.4y,unknown,no,no,cellular,jul,tue,112,3,999,0,nonexistent,1.4,93.91799999999999,-42.7,4.961,5228.1,no
39,blue-collar,married,basic.4y,no,no,no,telephone,jul,tue,204,2,999,0,nonexistent,1.4,93.91799999999999,-42.7,4.961,5228.1,no
31,self-employed,single,high.school,no,no,no,cellular,jul,tue,364,2,999,0,nonexistent,1.4,93.91799999999999,-42.7,4.961,5228.1,no
31,self-employed,single,high.school,no,no,yes,cellular,jul,tue,85,2,999,0,nonexistent,1.4,93.91799999999999,-42.7,4.961,5228.1,no
45,entrepreneur,divorced,professional.course,no,yes,no,cellular,jul,tue,211,3,999,0,nonexistent,1.4,93.91799999999999,-42.7,4.961,5228.1,no
35,blue-collar,divorced,unknown,no,yes,no,cellular,jul,tue,1029,3,999,0,nonexistent,1.4,93.91799999999999,-42.7,4.961,5228.1,no
37,admin.,married,university.degree,no,yes,no,telephone,jul,tue,135,3,999,0,nonexistent,1.4,93.91799999999999,-42.7,4.961,5228.1,no
33,technician,single,professional.course,no,no,no,cellular,jul,tue,115,3,999,0,nonexistent,1.4,93.91799999999999,-42.7,4.961,5228.1,no
49,admin.,married,high.school,no,no,no,cellular,jul,tue,443,1,999,0,nonexistent,1.4,93.91799999999999,-42.7,4.961,5228.1,no
36,admin.,single,unknown,no,no,no,cellular,jul,tue,133,1,999,0,nonexistent,1.4,93.91799999999999,-42.7,4.961,5228.1,no
42,entrepreneur,married,university.degree,no,yes,no,cellular,jul,tue,578,1,999,0,nonexistent,1.4,93.91799999999999,-42.7,4.961,5228.1,no
36,admin.,single,unknown,no,no,no,cellular,jul,tue,209,1,999,0,nonexistent,1.4,93.91799999999999,-42.7,4.961,5228.1,no
34,services,single,high.school,no,unknown,unknown,cellular,jul,tue,24,12,999,0,nonexistent,1.4,93.91799999999999,-42.7,4.961,5228.1,no
27,blue-collar,single,basic.6y,no,no,no,cellular,jul,tue,1508,1,999,0,nonexistent,1.4,93.91799999999999,-42.7,4.961,5228.1,yes
57,management,married,university.degree,no,no,no,cellular,jul,tue,101,1,999,0,nonexistent,1.4,93.91799999999999,-42.7,4.961,5228.1,no
57,management,married,university.degree,no,no,no,cellular,jul,tue,632,1,999,0,nonexistent,1.4,93.91799999999999,-42.7,4.961,5228.1,no
49,unemployed,married,basic.4y,unknown,yes,yes,cellular,jul,tue,212,17,999,0,nonexistent,1.4,93.91799999999999,-42.7,4.961,5228.1,no
44,admin.,married,university.degree,no,yes,no,cellular,jul,tue,263,2,999,0,nonexistent,1.4,93.91799999999999,-42.7,4.961,5228.1,no
41,blue-collar,married,unknown,unknown,yes,yes,cellular,jul,tue,97,3,999,0,nonexistent,1.4,93.91799999999999,-42.7,4.961,5228.1,no
52,retired,divorced,professional.course,no,no,no,cellular,jul,tue,867,2,999,0,nonexistent,1.4,93.91799999999999,-42.7,4.961,5228.1,no
45,entrepreneur,divorced,professional.course,no,yes,no,cellular,jul,tue,50,2,999,0,nonexistent,1.4,93.91799999999999,-42.7,4.961,5228.1,no
30,admin.,single,university.degree,no,yes,no,cellular,jul,tue,124,2,999,0,nonexistent,1.4,93.91799999999999,-42.7,4.961,5228.1,no
31,self-employed,single,high.school,no,no,no,cellular,jul,tue,196,3,999,0,nonexistent,1.4,93.91799999999999,-42.7,4.961,5228.1,no
29,blue-collar,single,high.school,no,yes,no,cellular,jul,tue,966,2,999,0,nonexistent,1.4,93.91799999999999,-42.7,4.961,5228.1,yes
48,blue-collar,married,basic.4y,no,yes,no,cellular,jul,tue,264,1,999,0,nonexistent,1.4,93.91799999999999,-42.7,4.961,5228.1,no
28,technician,single,high.school,no,yes,no,cellular,jul,tue,124,2,999,0,nonexistent,1.4,93.91799999999999,-42.7,4.961,5228.1,no
58,retired,married,basic.4y,no,no,no,cellular,jul,tue,165,2,999,0,nonexistent,1.4,93.91799999999999,-42.7,4.961,5228.1,no
45,services,married,high.school,unknown,no,no,cellular,jul,tue,210,2,999,0,nonexistent,1.4,93.91799999999999,-42.7,4.961,5228.1,no
49,unemployed,married,basic.4y,unknown,yes,no,telephone,jul,tue,275,4,999,0,nonexistent,1.4,93.91799999999999,-42.7,4.961,5228.1,no
28,admin.,married,high.school,no,unknown,unknown,cellular,jul,tue,502,3,999,0,nonexistent,1.4,93.91799999999999,-42.7,4.961,5228.1,no
50,entrepreneur,married,university.degree,no,no,no,cellular,jul,tue,289,1,999,0,nonexistent,1.4,93.91799999999999,-42.7,4.961,5228.1,no
46,unemployed,married,professional.course,no,no,no,cellular,jul,tue,182,1,999,0,nonexistent,1.4,93.91799999999999,-42.7,4.961,5228.1,no
44,technician,married,high.school,no,yes,no,telephone,jul,tue,92,1,999,0,nonexistent,1.4,93.91799999999999,-42.7,4.961,5228.1,no
31,blue-collar,single,basic.4y,no,yes,no,cellular,jul,tue,160,1,999,0,nonexistent,1.4,93.91799999999999,-42.7,4.961,5228.1,no
35,admin.,married,professional.course,no,no,no,cellular,jul,tue,139,1,999,0,nonexistent,1.4,93.91799999999999,-42.7,4.961,5228.1,no
53,admin.,single,unknown,unknown,no,no,cellular,jul,tue,183,1,999,0,nonexistent,1.4,93.91799999999999,-42.7,4.961,5228.1,no
33,blue-collar,divorced,basic.9y,no,no,no,cellular,jul,tue,134,1,999,0,nonexistent,1.4,93.91799999999999,-42.7,4.961,5228.1,no
35,blue-collar,divorced,basic.4y,no,no,yes,cellular,jul,tue,487,4,999,0,nonexistent,1.4,93.91799999999999,-42.7,4.961,5228.1,no
31,admin.,single,university.degree,no,yes,no,cellular,jul,tue,82,3,999,0,nonexistent,1.4,93.91799999999999,-42.7,4.961,5228.1,no
51,housemaid,married,basic.9y,no,yes,no,cellular,jul,tue,681,1,999,0,nonexistent,1.4,93.91799999999999,-42.7,4.961,5228.1,no
48,technician,single,professional.course,unknown,yes,no,cellular,jul,tue,417,1,999,0,nonexistent,1.4,93.91799999999999,-42.7,4.961,5228.1,no
27,admin.,single,university.degree,unknown,yes,no,cellular,jul,tue,77,1,999,0,nonexistent,1.4,93.91799999999999,-42.7,4.961,5228.1,no
27,admin.,single,university.degree,unknown,yes,no,cellular,jul,tue,72,1,999,0,nonexistent,1.4,93.91799999999999,-42.7,4.961,5228.1,no
27,admin.,single,university.degree,unknown,yes,no,cellular,jul,tue,282,1,999,0,nonexistent,1.4,93.91799999999999,-42.7,4.961,5228.1,no
27,admin.,single,university.degree,unknown,yes,no,cellular,jul,tue,226,1,999,0,nonexistent,1.4,93.91799999999999,-42.7,4.961,5228.1,no
27,admin.,single,university.degree,unknown,no,no,cellular,jul,tue,137,1,999,0,nonexistent,1.4,93.91799999999999,-42.7,4.961,5228.1,no
27,admin.,single,university.degree,unknown,yes,no,cellular,jul,tue,261,1,999,0,nonexistent,1.4,93.91799999999999,-42.7,4.961,5228.1,no
35,admin.,married,university.degree,unknown,no,no,cellular,jul,tue,105,2,999,0,nonexistent,1.4,93.91799999999999,-42.7,4.961,5228.1,no
28,technician,single,high.school,no,yes,no,cellular,jul,tue,445,2,999,0,nonexistent,1.4,93.91799999999999,-42.7,4.961,5228.1,no
42,entrepreneur,married,university.degree,no,yes,no,cellular,jul,tue,370,2,999,0,nonexistent,1.4,93.91799999999999,-42.7,4.961,5228.1,no
41,blue-collar,divorced,unknown,no,yes,no,cellular,jul,tue,242,7,999,0,nonexistent,1.4,93.91799999999999,-42.7,4.961,5228.1,no
33,technician,single,professional.course,no,no,yes,cellular,jul,tue,1408,2,999,0,nonexistent,1.4,93.91799999999999,-42.7,4.961,5228.1,no
26,services,married,high.school,no,yes,no,telephone,jul,tue,514,11,999,0,nonexistent,1.4,93.91799999999999,-42.7,4.961,5228.1,no
26,blue-collar,single,basic.6y,unknown,yes,no,cellular,jul,tue,126,3,999,0,nonexistent,1.4,93.91799999999999,-42.7,4.961,5228.1,no
27,blue-collar,married,basic.6y,unknown,yes,no,cellular,jul,tue,163,2,999,0,nonexistent,1.4,93.91799999999999,-42.7,4.961,5228.1,no
43,services,divorced,unknown,unknown,yes,yes,cellular,jul,tue,483,7,999,0,nonexistent,1.4,93.91799999999999,-42.7,4.961,5228.1,no
30,admin.,single,university.degree,no,yes,no,cellular,jul,tue,608,3,999,0,nonexistent,1.4,93.91799999999999,-42.7,4.961,5228.1,no
49,services,divorced,high.school,unknown,yes,no,cellular,jul,tue,100,9,999,0,nonexistent,1.4,93.91799999999999,-42.7,4.961,5228.1,no
49,admin.,married,basic.9y,no,yes,yes,cellular,jul,tue,145,4,999,0,nonexistent,1.4,93.91799999999999,-42.7,4.961,5228.1,no
51,housemaid,married,basic.9y,no,yes,no,cellular,jul,tue,160,2,999,0,nonexistent,1.4,93.91799999999999,-42.7,4.961,5228.1,no
40,blue-collar,divorced,unknown,no,yes,no,cellular,jul,tue,160,6,999,0,nonexistent,1.4,93.91799999999999,-42.7,4.961,5228.1,no
43,entrepreneur,married,university.degree,unknown,yes,no,cellular,jul,tue,261,1,999,0,nonexistent,1.4,93.91799999999999,-42.7,4.961,5228.1,no
43,entrepreneur,married,university.degree,unknown,yes,no,cellular,jul,tue,307,1,999,0,nonexistent,1.4,93.91799999999999,-42.7,4.961,5228.1,no
38,blue-collar,married,basic.6y,unknown,no,no,cellular,jul,tue,403,7,999,0,nonexistent,1.4,93.91799999999999,-42.7,4.961,5228.1,no
31,blue-collar,single,high.school,no,no,yes,cellular,jul,tue,241,9,999,0,nonexistent,1.4,93.91799999999999,-42.7,4.961,5228.1,no
23,blue-collar,single,basic.9y,no,yes,no,cellular,jul,tue,211,1,999,0,nonexistent,1.4,93.91799999999999,-42.7,4.961,5228.1,no
25,services,single,unknown,no,yes,no,cellular,jul,tue,598,5,999,0,nonexistent,1.4,93.91799999999999,-42.7,4.961,5228.1,yes
33,blue-collar,married,basic.6y,no,yes,no,cellular,jul,tue,1206,2,999,0,nonexistent,1.4,93.91799999999999,-42.7,4.961,5228.1,no
36,admin.,single,high.school,no,no,yes,cellular,jul,tue,248,2,999,0,nonexistent,1.4,93.91799999999999,-42.7,4.961,5228.1,no
58,retired,married,basic.4y,no,no,no,cellular,jul,tue,139,2,999,0,nonexistent,1.4,93.91799999999999,-42.7,4.961,5228.1,no
29,management,married,university.degree,no,yes,no,cellular,jul,tue,181,1,999,0,nonexistent,1.4,93.91799999999999,-42.7,4.961,5228.1,no
54,retired,divorced,basic.4y,no,yes,no,cellular,jul,tue,237,1,999,0,nonexistent,1.4,93.91799999999999,-42.7,4.961,5228.1,no
53,management,married,university.degree,no,no,no,cellular,jul,tue,477,2,999,0,nonexistent,1.4,93.91799999999999,-42.7,4.961,5228.1,no
41,management,married,high.school,no,yes,no,cellular,jul,tue,312,3,999,0,nonexistent,1.4,93.91799999999999,-42.7,4.961,5228.1,no
50,blue-collar,married,basic.4y,no,yes,no,cellular,jul,tue,186,2,999,0,nonexistent,1.4,93.91799999999999,-42.7,4.961,5228.1,no
27,technician,married,university.degree,no,yes,no,cellular,jul,tue,459,1,999,0,nonexistent,1.4,93.91799999999999,-42.7,4.961,5228.1,no
24,blue-collar,married,professional.course,no,no,no,cellular,jul,tue,240,10,999,0,nonexistent,1.4,93.91799999999999,-42.7,4.961,5228.1,no
27,admin.,single,university.degree,unknown,no,yes,telephone,jul,tue,287,2,999,0,nonexistent,1.4,93.91799999999999,-42.7,4.961,5228.1,no
32,blue-collar,single,basic.9y,no,yes,no,cellular,jul,tue,124,2,999,0,nonexistent,1.4,93.91799999999999,-42.7,4.961,5228.1,no
60,housemaid,married,illiterate,unknown,yes,no,cellular,jul,tue,176,7,999,0,nonexistent,1.4,93.91799999999999,-42.7,4.961,5228.1,no
33,services,single,high.school,unknown,yes,no,cellular,jul,tue,560,2,999,0,nonexistent,1.4,93.91799999999999,-42.7,4.961,5228.1,yes
37,services,single,high.school,no,no,yes,cellular,jul,tue,96,2,999,0,nonexistent,1.4,93.91799999999999,-42.7,4.961,5228.1,no
28,technician,single,high.school,no,no,no,cellular,jul,tue,100,7,999,0,nonexistent,1.4,93.91799999999999,-42.7,4.961,5228.1,no
38,self-employed,single,unknown,no,yes,yes,cellular,jul,tue,55,3,999,0,nonexistent,1.4,93.91799999999999,-42.7,4.961,5228.1,no
27,admin.,single,university.degree,no,no,no,cellular,jul,tue,1237,7,999,0,nonexistent,1.4,93.91799999999999,-42.7,4.961,5228.1,yes
27,blue-collar,single,unknown,no,unknown,unknown,cellular,jul,tue,81,4,999,0,nonexistent,1.4,93.91799999999999,-42.7,4.961,5228.1,no
34,blue-collar,married,basic.4y,no,yes,no,cellular,jul,tue,246,4,999,0,nonexistent,1.4,93.91799999999999,-42.7,4.961,5228.1,no
34,blue-collar,married,unknown,no,no,yes,cellular,jul,tue,44,13,999,0,nonexistent,1.4,93.91799999999999,-42.7,4.961,5228.1,no
38,blue-collar,divorced,basic.4y,no,yes,no,cellular,jul,tue,493,5,999,0,nonexistent,1.4,93.91799999999999,-42.7,4.961,5228.1,no
44,blue-collar,married,basic.4y,no,no,no,cellular,jul,tue,345,5,999,0,nonexistent,1.4,93.91799999999999,-42.7,4.961,5228.1,no
58,retired,married,basic.4y,no,yes,no,cellular,jul,tue,216,2,999,0,nonexistent,1.4,93.91799999999999,-42.7,4.961,5228.1,no
54,technician,married,high.school,no,yes,no,cellular,jul,tue,187,4,999,0,nonexistent,1.4,93.91799999999999,-42.7,4.961,5228.1,no
56,retired,married,basic.4y,unknown,no,no,cellular,jul,tue,580,3,999,0,nonexistent,1.4,93.91799999999999,-42.7,4.961,5228.1,no
23,services,single,high.school,no,no,no,cellular,jul,tue,191,3,999,0,nonexistent,1.4,93.91799999999999,-42.7,4.961,5228.1,no
41,blue-collar,married,basic.9y,no,no,no,cellular,jul,tue,184,4,999,0,nonexistent,1.4,93.91799999999999,-42.7,4.961,5228.1,no
47,blue-collar,single,unknown,unknown,yes,no,cellular,jul,tue,213,5,999,0,nonexistent,1.4,93.91799999999999,-42.7,4.961,5228.1,no
28,blue-collar,married,basic.9y,no,no,no,telephone,jul,tue,400,8,999,0,nonexistent,1.4,93.91799999999999,-42.7,4.961,5228.1,no
33,blue-collar,married,basic.6y,no,no,yes,cellular,jul,tue,289,3,999,0,nonexistent,1.4,93.91799999999999,-42.7,4.961,5228.1,no
41,services,single,unknown,unknown,no,no,cellular,jul,tue,717,13,999,0,nonexistent,1.4,93.91799999999999,-42.7,4.961,5228.1,no
51,blue-collar,married,basic.9y,unknown,yes,no,cellular,jul,tue,156,3,999,0,nonexistent,1.4,93.91799999999999,-42.7,4.961,5228.1,no
48,entrepreneur,single,university.degree,no,no,no,cellular,jul,tue,149,2,999,0,nonexistent,1.4,93.91799999999999,-42.7,4.961,5228.1,no
29,blue-collar,single,basic.9y,unknown,yes,no,cellular,jul,tue,89,5,999,0,nonexistent,1.4,93.91799999999999,-42.7,4.961,5228.1,no
29,self-employed,married,university.degree,no,yes,no,cellular,jul,tue,503,7,999,0,nonexistent,1.4,93.91799999999999,-42.7,4.961,5228.1,no
33,services,single,high.school,unknown,yes,no,cellular,jul,tue,282,2,999,0,nonexistent,1.4,93.91799999999999,-42.7,4.961,5228.1,no
20,services,single,high.school,no,no,no,telephone,jul,tue,97,15,999,0,nonexistent,1.4,93.91799999999999,-42.7,4.961,5228.1,no
24,blue-collar,single,unknown,no,no,no,cellular,jul,tue,39,17,999,0,nonexistent,1.4,93.91799999999999,-42.7,4.961,5228.1,no
40,management,married,university.degree,no,no,no,cellular,jul,tue,88,2,999,0,nonexistent,1.4,93.91799999999999,-42.7,4.961,5228.1,no
44,unknown,married,basic.6y,no,no,no,cellular,jul,tue,199,2,999,0,nonexistent,1.4,93.91799999999999,-42.7,4.961,5228.1,no
36,management,divorced,university.degree,no,yes,no,cellular,jul,tue,233,1,999,0,nonexistent,1.4,93.91799999999999,-42.7,4.961,5228.1,no
34,blue-collar,married,basic.6y,unknown,yes,no,cellular,jul,tue,126,4,999,0,nonexistent,1.4,93.91799999999999,-42.7,4.961,5228.1,no
27,admin.,single,basic.9y,no,yes,no,cellular,jul,tue,44,4,999,0,nonexistent,1.4,93.91799999999999,-42.7,4.961,5228.1,no
47,blue-collar,single,unknown,unknown,yes,no,cellular,jul,tue,78,10,999,0,nonexistent,1.4,93.91799999999999,-42.7,4.961,5228.1,no
27,blue-collar,single,basic.6y,no,yes,yes,cellular,jul,tue,246,4,999,0,nonexistent,1.4,93.91799999999999,-42.7,4.961,5228.1,no
46,blue-collar,married,basic.4y,unknown,no,no,cellular,jul,tue,203,4,999,0,nonexistent,1.4,93.91799999999999,-42.7,4.961,5228.1,no
43,admin.,married,university.degree,unknown,yes,no,cellular,jul,tue,112,2,999,0,nonexistent,1.4,93.91799999999999,-42.7,4.961,5228.1,no
38,blue-collar,married,basic.6y,no,no,no,cellular,jul,tue,728,8,999,0,nonexistent,1.4,93.91799999999999,-42.7,4.961,5228.1,no
41,services,divorced,high.school,no,yes,no,cellular,jul,tue,249,3,999,0,nonexistent,1.4,93.91799999999999,-42.7,4.961,5228.1,no
30,admin.,single,university.degree,no,yes,no,cellular,jul,tue,282,2,999,0,nonexistent,1.4,93.91799999999999,-42.7,4.961,5228.1,no
24,admin.,single,high.school,no,no,yes,cellular,jul,tue,210,5,999,0,nonexistent,1.4,93.91799999999999,-42.7,4.961,5228.1,no
37,self-employed,divorced,professional.course,no,yes,no,cellular,jul,tue,437,2,999,0,nonexistent,1.4,93.91799999999999,-42.7,4.961,5228.1,no
26,blue-collar,single,basic.9y,no,yes,no,cellular,jul,tue,36,2,999,0,nonexistent,1.4,93.91799999999999,-42.7,4.961,5228.1,no
55,admin.,married,university.degree,no,yes,no,cellular,jul,tue,464,5,999,0,nonexistent,1.4,93.91799999999999,-42.7,4.961,5228.1,no
53,admin.,married,university.degree,unknown,yes,no,cellular,jul,tue,188,3,999,0,nonexistent,1.4,93.91799999999999,-42.7,4.961,5228.1,no
51,blue-collar,married,basic.4y,no,yes,no,cellular,jul,tue,279,3,999,0,nonexistent,1.4,93.91799999999999,-42.7,4.961,5228.1,no
35,services,divorced,university.degree,no,yes,no,telephone,jul,tue,119,2,999,0,nonexistent,1.4,93.91799999999999,-42.7,4.961,5228.1,no
31,blue-collar,single,high.school,no,yes,no,cellular,jul,tue,162,3,999,0,nonexistent,1.4,93.91799999999999,-42.7,4.961,5228.1,no
22,services,married,basic.9y,no,yes,no,cellular,jul,tue,209,2,999,0,nonexistent,1.4,93.91799999999999,-42.7,4.961,5228.1,no
20,student,single,high.school,no,yes,yes,cellular,jul,tue,136,4,999,0,nonexistent,1.4,93.91799999999999,-42.7,4.961,5228.1,no
57,technician,divorced,professional.course,no,no,no,cellular,jul,tue,624,2,999,0,nonexistent,1.4,93.91799999999999,-42.7,4.961,5228.1,no
52,entrepreneur,married,university.degree,unknown,yes,no,cellular,jul,tue,167,3,999,0,nonexistent,1.4,93.91799999999999,-42.7,4.961,5228.1,no
35,housemaid,married,basic.4y,no,yes,no,cellular,jul,tue,38,1,999,0,nonexistent,1.4,93.91799999999999,-42.7,4.961,5228.1,no
35,housemaid,married,basic.4y,no,no,yes,cellular,jul,tue,203,1,999,0,nonexistent,1.4,93.91799999999999,-42.7,4.961,5228.1,no
31,blue-collar,single,high.school,no,no,no,telephone,jul,tue,802,11,999,0,nonexistent,1.4,93.91799999999999,-42.7,4.961,5228.1,yes
28,blue-collar,married,basic.9y,no,no,no,cellular,jul,tue,143,5,999,0,nonexistent,1.4,93.91799999999999,-42.7,4.961,5228.1,no
29,blue-collar,single,basic.9y,unknown,yes,no,cellular,jul,tue,262,1,999,0,nonexistent,1.4,93.91799999999999,-42.7,4.961,5228.1,no
29,blue-collar,single,basic.9y,unknown,yes,no,cellular,jul,tue,254,1,999,0,nonexistent,1.4,93.91799999999999,-42.7,4.961,5228.1,no
50,entrepreneur,married,university.degree,no,no,no,cellular,jul,tue,1226,2,999,0,nonexistent,1.4,93.91799999999999,-42.7,4.961,5228.1,no
48,technician,married,professional.course,unknown,no,no,cellular,jul,tue,113,2,999,0,nonexistent,1.4,93.91799999999999,-42.7,4.961,5228.1,no
29,blue-collar,single,basic.9y,unknown,yes,no,cellular,jul,tue,714,1,999,0,nonexistent,1.4,93.91799999999999,-42.7,4.961,5228.1,no
32,blue-collar,single,basic.9y,no,yes,yes,cellular,jul,tue,282,6,999,0,nonexistent,1.4,93.91799999999999,-42.7,4.961,5228.1,no
29,blue-collar,single,basic.9y,unknown,no,no,cellular,jul,tue,534,1,999,0,nonexistent,1.4,93.91799999999999,-42.7,4.961,5228.1,no
35,services,married,unknown,unknown,yes,yes,cellular,jul,tue,174,9,999,0,nonexistent,1.4,93.91799999999999,-42.7,4.961,5228.1,no
29,blue-collar,single,basic.9y,unknown,yes,yes,cellular,jul,tue,532,1,999,0,nonexistent,1.4,93.91799999999999,-42.7,4.961,5228.1,no
53,admin.,single,unknown,unknown,yes,no,cellular,jul,tue,319,2,999,0,nonexistent,1.4,93.91799999999999,-42.7,4.961,5228.1,no
31,blue-collar,married,unknown,unknown,no,no,cellular,jul,tue,1608,13,999,0,nonexistent,1.4,93.91799999999999,-42.7,4.961,5228.1,yes
31,admin.,single,university.degree,no,unknown,unknown,cellular,jul,wed,61,2,999,0,nonexistent,1.4,93.91799999999999,-42.7,4.963,5228.1,no
30,management,married,university.degree,no,no,no,cellular,jul,wed,84,2,999,0,nonexistent,1.4,93.91799999999999,-42.7,4.963,5228.1,no
59,technician,divorced,basic.9y,no,yes,no,cellular,jul,wed,85,13,999,0,nonexistent,1.4,93.91799999999999,-42.7,4.963,5228.1,no
34,blue-collar,married,basic.9y,no,yes,no,cellular,jul,wed,487,5,999,0,nonexistent,1.4,93.91799999999999,-42.7,4.963,5228.1,no
30,management,married,university.degree,no,yes,no,cellular,jul,wed,217,2,999,0,nonexistent,1.4,93.91799999999999,-42.7,4.963,5228.1,no
24,services,single,basic.9y,no,no,no,cellular,jul,wed,439,3,999,0,nonexistent,1.4,93.91799999999999,-42.7,4.963,5228.1,no
31,blue-collar,married,basic.6y,no,no,no,cellular,jul,wed,411,2,999,0,nonexistent,1.4,93.91799999999999,-42.7,4.963,5228.1,no
44,blue-collar,married,basic.4y,unknown,no,no,cellular,jul,wed,71,3,999,0,nonexistent,1.4,93.91799999999999,-42.7,4.963,5228.1,no
21,services,single,basic.9y,no,yes,no,cellular,jul,wed,285,2,999,0,nonexistent,1.4,93.91799999999999,-42.7,4.963,5228.1,no
25,blue-collar,single,basic.9y,unknown,yes,no,cellular,jul,wed,442,2,999,0,nonexistent,1.4,93.91799999999999,-42.7,4.963,5228.1,no
30,blue-collar,married,unknown,no,no,no,cellular,jul,wed,59,4,999,0,nonexistent,1.4,93.91799999999999,-42.7,4.963,5228.1,no
39,services,married,unknown,unknown,no,no,cellular,jul,wed,100,5,999,0,nonexistent,1.4,93.91799999999999,-42.7,4.963,5228.1,no
59,retired,married,unknown,unknown,no,no,cellular,jul,wed,133,3,999,0,nonexistent,1.4,93.91799999999999,-42.7,4.963,5228.1,no
36,entrepreneur,married,university.degree,no,yes,no,cellular,jul,wed,40,8,999,0,nonexistent,1.4,93.91799999999999,-42.7,4.963,5228.1,no
32,admin.,married,university.degree,no,no,yes,cellular,jul,wed,70,5,999,0,nonexistent,1.4,93.91799999999999,-42.7,4.963,5228.1,no
26,services,single,high.school,no,yes,no,cellular,jul,wed,75,10,999,0,nonexistent,1.4,93.91799999999999,-42.7,4.963,5228.1,no
26,services,single,high.school,no,yes,no,cellular,jul,wed,284,8,999,0,nonexistent,1.4,93.91799999999999,-42.7,4.963,5228.1,no
28,blue-collar,single,high.school,no,yes,no,cellular,jul,wed,221,2,999,0,nonexistent,1.4,93.91799999999999,-42.7,4.963,5228.1,no
42,housemaid,married,basic.4y,unknown,no,yes,cellular,jul,wed,123,1,999,0,nonexistent,1.4,93.91799999999999,-42.7,4.963,5228.1,no
49,blue-collar,divorced,basic.9y,no,yes,no,cellular,jul,wed,364,2,999,0,nonexistent,1.4,93.91799999999999,-42.7,4.963,5228.1,no
35,admin.,married,professional.course,no,yes,no,cellular,jul,wed,194,1,999,0,nonexistent,1.4,93.91799999999999,-42.7,4.963,5228.1,no
41,blue-collar,single,basic.6y,unknown,no,no,cellular,jul,wed,92,1,999,0,nonexistent,1.4,93.91799999999999,-42.7,4.963,5228.1,no
43,admin.,married,university.degree,no,yes,yes,cellular,jul,wed,73,1,999,0,nonexistent,1.4,93.91799999999999,-42.7,4.963,5228.1,no
27,blue-collar,single,high.school,no,yes,no,cellular,jul,wed,164,1,999,0,nonexistent,1.4,93.91799999999999,-42.7,4.963,5228.1,no
30,management,married,university.degree,no,no,yes,cellular,jul,wed,92,1,999,0,nonexistent,1.4,93.91799999999999,-42.7,4.963,5228.1,no
31,blue-collar,single,high.school,no,yes,no,cellular,jul,wed,73,1,999,0,nonexistent,1.4,93.91799999999999,-42.7,4.963,5228.1,no
56,housemaid,single,basic.4y,unknown,no,yes,cellular,jul,wed,122,1,999,0,nonexistent,1.4,93.91799999999999,-42.7,4.963,5228.1,no
31,technician,married,basic.9y,no,no,no,cellular,jul,wed,500,3,999,0,nonexistent,1.4,93.91799999999999,-42.7,4.963,5228.1,no
59,blue-collar,married,basic.9y,unknown,yes,no,cellular,jul,wed,569,1,999,0,nonexistent,1.4,93.91799999999999,-42.7,4.963,5228.1,no
58,entrepreneur,married,university.degree,no,no,no,telephone,jul,wed,38,1,999,0,nonexistent,1.4,93.91799999999999,-42.7,4.963,5228.1,no
58,entrepreneur,married,university.degree,no,no,yes,cellular,jul,wed,137,1,999,0,nonexistent,1.4,93.91799999999999,-42.7,4.963,5228.1,no
32,self-employed,married,university.degree,no,yes,no,cellular,jul,wed,181,1,999,0,nonexistent,1.4,93.91799999999999,-42.7,4.963,5228.1,no
45,retired,married,basic.4y,no,no,no,cellular,jul,wed,390,1,999,0,nonexistent,1.4,93.91799999999999,-42.7,4.963,5228.1,no
31,admin.,single,high.school,no,yes,no,cellular,jul,wed,926,1,999,0,nonexistent,1.4,93.91799999999999,-42.7,4.963,5228.1,yes
24,services,single,basic.9y,no,no,no,cellular,jul,wed,105,1,999,0,nonexistent,1.4,93.91799999999999,-42.7,4.963,5228.1,no
24,services,single,basic.9y,no,yes,no,cellular,jul,wed,411,1,999,0,nonexistent,1.4,93.91799999999999,-42.7,4.963,5228.1,no
38,blue-collar,married,basic.6y,no,yes,no,telephone,jul,wed,226,1,999,0,nonexistent,1.4,93.91799999999999,-42.7,4.963,5228.1,no
23,admin.,single,professional.course,no,no,no,cellular,jul,wed,141,1,999,0,nonexistent,1.4,93.91799999999999,-42.7,4.963,5228.1,no
23,admin.,single,professional.course,no,no,no,cellular,jul,wed,187,1,999,0,nonexistent,1.4,93.91799999999999,-42.7,4.963,5228.1,no
23,admin.,single,professional.course,no,yes,no,cellular,jul,wed,245,1,999,0,nonexistent,1.4,93.91799999999999,-42.7,4.963,5228.1,no
23,admin.,single,professional.course,no,no,yes,cellular,jul,wed,190,1,999,0,nonexistent,1.4,93.91799999999999,-42.7,4.963,5228.1,no
23,admin.,single,professional.course,no,yes,no,cellular,jul,wed,58,1,999,0,nonexistent,1.4,93.91799999999999,-42.7,4.963,5228.1,no
23,admin.,single,professional.course,no,no,no,cellular,jul,wed,115,1,999,0,nonexistent,1.4,93.91799999999999,-42.7,4.963,5228.1,no
23,admin.,single,professional.course,no,yes,no,cellular,jul,wed,429,1,999,0,nonexistent,1.4,93.91799999999999,-42.7,4.963,5228.1,no
38,management,divorced,university.degree,no,yes,no,cellular,jul,wed,256,9,999,0,nonexistent,1.4,93.91799999999999,-42.7,4.963,5228.1,no
34,admin.,single,high.school,no,yes,no,cellular,jul,wed,271,2,999,0,nonexistent,1.4,93.91799999999999,-42.7,4.963,5228.1,no
33,blue-collar,married,basic.4y,no,yes,no,telephone,jul,wed,157,4,999,0,nonexistent,1.4,93.91799999999999,-42.7,4.963,5228.1,no
56,blue-collar,married,basic.9y,no,yes,no,cellular,jul,wed,114,1,999,0,nonexistent,1.4,93.91799999999999,-42.7,4.963,5228.1,no
28,admin.,single,high.school,no,no,no,cellular,jul,wed,107,1,999,0,nonexistent,1.4,93.91799999999999,-42.7,4.963,5228.1,no
26,admin.,single,university.degree,no,no,no,cellular,jul,wed,285,3,999,0,nonexistent,1.4,93.91799999999999,-42.7,4.963,5228.1,no
40,services,married,basic.4y,unknown,yes,no,cellular,jul,wed,205,1,999,0,nonexistent,1.4,93.91799999999999,-42.7,4.963,5228.1,no
33,admin.,single,university.degree,no,yes,no,telephone,jul,wed,40,1,999,0,nonexistent,1.4,93.91799999999999,-42.7,4.963,5228.1,no
30,services,single,high.school,no,no,yes,cellular,jul,wed,237,1,999,0,nonexistent,1.4,93.91799999999999,-42.7,4.963,5228.1,no
31,blue-collar,married,basic.4y,unknown,yes,no,cellular,jul,wed,106,1,999,0,nonexistent,1.4,93.91799999999999,-42.7,4.963,5228.1,no
31,blue-collar,married,basic.4y,unknown,yes,no,cellular,jul,wed,158,1,999,0,nonexistent,1.4,93.91799999999999,-42.7,4.963,5228.1,no
31,blue-collar,married,basic.4y,unknown,yes,no,telephone,jul,wed,145,1,999,0,nonexistent,1.4,93.91799999999999,-42.7,4.963,5228.1,no
24,technician,single,basic.9y,no,yes,no,cellular,jul,wed,74,1,999,0,nonexistent,1.4,93.91799999999999,-42.7,4.963,5228.1,no
38,blue-collar,married,basic.6y,no,yes,no,cellular,jul,wed,126,1,999,0,nonexistent,1.4,93.91799999999999,-42.7,4.963,5228.1,no
49,technician,married,professional.course,no,no,no,cellular,jul,wed,244,1,999,0,nonexistent,1.4,93.91799999999999,-42.7,4.963,5228.1,no
30,admin.,single,high.school,no,yes,no,cellular,jul,wed,730,1,999,0,nonexistent,1.4,93.91799999999999,-42.7,4.963,5228.1,no
35,admin.,married,high.school,no,no,no,cellular,jul,wed,223,1,999,0,nonexistent,1.4,93.91799999999999,-42.7,4.963,5228.1,no
39,admin.,married,basic.6y,unknown,yes,no,cellular,jul,wed,138,1,999,0,nonexistent,1.4,93.91799999999999,-42.7,4.963,5228.1,no
32,blue-collar,divorced,basic.6y,unknown,yes,no,telephone,jul,wed,104,1,999,0,nonexistent,1.4,93.91799999999999,-42.7,4.963,5228.1,no
31,blue-collar,single,high.school,no,yes,yes,cellular,jul,wed,376,1,999,0,nonexistent,1.4,93.91799999999999,-42.7,4.963,5228.1,no
40,entrepreneur,married,university.degree,no,no,no,cellular,jul,wed,94,4,999,0,nonexistent,1.4,93.91799999999999,-42.7,4.963,5228.1,no
50,admin.,married,basic.6y,no,yes,no,cellular,jul,wed,137,1,999,0,nonexistent,1.4,93.91799999999999,-42.7,4.963,5228.1,no
31,blue-collar,single,high.school,no,yes,no,cellular,jul,wed,379,1,999,0,nonexistent,1.4,93.91799999999999,-42.7,4.963,5228.1,no
55,retired,married,basic.4y,no,no,no,cellular,jul,wed,761,1,999,0,nonexistent,1.4,93.91799999999999,-42.7,4.963,5228.1,yes
48,technician,divorced,professional.course,no,yes,yes,cellular,jul,wed,232,1,999,0,nonexistent,1.4,93.91799999999999,-42.7,4.963,5228.1,no
36,blue-collar,married,high.school,no,yes,yes,cellular,jul,wed,302,1,999,0,nonexistent,1.4,93.91799999999999,-42.7,4.963,5228.1,no
53,management,married,university.degree,unknown,no,no,cellular,jul,wed,184,2,999,0,nonexistent,1.4,93.91799999999999,-42.7,4.963,5228.1,no
36,blue-collar,married,high.school,no,yes,no,cellular,jul,wed,77,11,999,0,nonexistent,1.4,93.91799999999999,-42.7,4.963,5228.1,no
32,technician,single,high.school,no,yes,no,cellular,jul,wed,229,1,999,0,nonexistent,1.4,93.91799999999999,-42.7,4.963,5228.1,no
42,admin.,married,university.degree,no,unknown,unknown,cellular,jul,wed,95,1,999,0,nonexistent,1.4,93.91799999999999,-42.7,4.963,5228.1,no
40,admin.,divorced,university.degree,no,unknown,unknown,cellular,jul,wed,145,1,999,0,nonexistent,1.4,93.91799999999999,-42.7,4.963,5228.1,no
51,blue-collar,single,basic.4y,unknown,no,no,cellular,jul,wed,104,1,999,0,nonexistent,1.4,93.91799999999999,-42.7,4.963,5228.1,no
59,technician,divorced,basic.9y,no,yes,no,cellular,jul,wed,142,1,999,0,nonexistent,1.4,93.91799999999999,-42.7,4.963,5228.1,no
26,admin.,single,high.school,no,no,yes,cellular,jul,wed,136,1,999,0,nonexistent,1.4,93.91799999999999,-42.7,4.963,5228.1,no
25,admin.,single,university.degree,no,yes,no,cellular,jul,wed,105,1,999,0,nonexistent,1.4,93.91799999999999,-42.7,4.963,5228.1,no
21,blue-collar,married,basic.9y,no,no,no,cellular,jul,wed,160,1,999,0,nonexistent,1.4,93.91799999999999,-42.7,4.963,5228.1,no
40,blue-collar,married,basic.6y,no,yes,no,cellular,jul,wed,167,1,999,0,nonexistent,1.4,93.91799999999999,-42.7,4.963,5228.1,no
34,services,married,high.school,no,no,no,cellular,jul,wed,235,11,999,0,nonexistent,1.4,93.91799999999999,-42.7,4.963,5228.1,no
37,unemployed,single,basic.9y,unknown,yes,yes,cellular,jul,wed,633,1,999,0,nonexistent,1.4,93.91799999999999,-42.7,4.963,5228.1,yes
32,services,single,high.school,no,yes,no,telephone,jul,wed,272,2,999,0,nonexistent,1.4,93.91799999999999,-42.7,4.963,5228.1,no
39,management,married,basic.9y,no,no,no,cellular,jul,wed,55,1,999,0,nonexistent,1.4,93.91799999999999,-42.7,4.963,5228.1,no
29,technician,single,university.degree,no,yes,yes,cellular,jul,wed,1089,6,999,0,nonexistent,1.4,93.91799999999999,-42.7,4.963,5228.1,no
44,management,married,university.degree,no,yes,yes,telephone,jul,wed,43,1,999,0,nonexistent,1.4,93.91799999999999,-42.7,4.963,5228.1,no
39,services,married,unknown,unknown,yes,no,cellular,jul,wed,40,1,999,0,nonexistent,1.4,93.91799999999999,-42.7,4.963,5228.1,no
31,blue-collar,divorced,basic.9y,unknown,yes,no,cellular,jul,wed,336,1,999,0,nonexistent,1.4,93.91799999999999,-42.7,4.963,5228.1,no
43,admin.,divorced,university.degree,no,no,no,cellular,jul,wed,471,2,999,0,nonexistent,1.4,93.91799999999999,-42.7,4.963,5228.1,no
37,unemployed,married,professional.course,unknown,yes,no,cellular,jul,wed,59,1,999,0,nonexistent,1.4,93.91799999999999,-42.7,4.963,5228.1,no
27,blue-collar,single,basic.9y,unknown,yes,no,telephone,jul,wed,104,1,999,0,nonexistent,1.4,93.91799999999999,-42.7,4.963,5228.1,no
48,services,married,basic.9y,no,yes,no,cellular,jul,wed,18,1,999,0,nonexistent,1.4,93.91799999999999,-42.7,4.963,5228.1,no
24,services,single,basic.9y,no,yes,no,telephone,jul,wed,184,1,999,0,nonexistent,1.4,93.91799999999999,-42.7,4.963,5228.1,no
48,services,married,basic.9y,no,yes,no,cellular,jul,wed,178,1,999,0,nonexistent,1.4,93.91799999999999,-42.7,4.963,5228.1,no
24,services,single,basic.9y,no,no,no,cellular,jul,wed,250,1,999,0,nonexistent,1.4,93.91799999999999,-42.7,4.963,5228.1,no
44,technician,married,professional.course,no,no,no,cellular,jul,wed,115,1,999,0,nonexistent,1.4,93.91799999999999,-42.7,4.963,5228.1,no
31,housemaid,single,high.school,no,yes,yes,cellular,jul,wed,61,2,999,0,nonexistent,1.4,93.91799999999999,-42.7,4.963,5228.1,no
38,technician,married,unknown,no,yes,no,cellular,jul,wed,644,1,999,0,nonexistent,1.4,93.91799999999999,-42.7,4.963,5228.1,no
46,services,married,high.school,no,yes,yes,telephone,jul,wed,36,1,999,0,nonexistent,1.4,93.91799999999999,-42.7,4.963,5228.1,no
37,admin.,divorced,high.school,no,yes,no,cellular,jul,wed,178,1,999,0,nonexistent,1.4,93.91799999999999,-42.7,4.963,5228.1,no
48,unknown,married,basic.6y,no,no,no,cellular,jul,wed,884,1,999,0,nonexistent,1.4,93.91799999999999,-42.7,4.963,5228.1,no
28,admin.,single,university.degree,no,yes,no,cellular,jul,wed,156,2,999,0,nonexistent,1.4,93.91799999999999,-42.7,4.963,5228.1,no
36,blue-collar,married,high.school,no,no,no,cellular,jul,wed,238,1,999,0,nonexistent,1.4,93.91799999999999,-42.7,4.963,5228.1,no
40,blue-collar,married,high.school,no,no,no,cellular,jul,wed,319,1,999,0,nonexistent,1.4,93.91799999999999,-42.7,4.963,5228.1,no
33,blue-collar,married,basic.4y,no,yes,yes,cellular,jul,wed,371,1,999,0,nonexistent,1.4,93.91799999999999,-42.7,4.963,5228.1,no
32,blue-collar,divorced,basic.6y,unknown,yes,no,cellular,jul,wed,670,1,999,0,nonexistent,1.4,93.91799999999999,-42.7,4.963,5228.1,no
28,management,single,university.degree,no,yes,no,cellular,jul,wed,35,9,999,0,nonexistent,1.4,93.91799999999999,-42.7,4.963,5228.1,no
31,blue-collar,married,basic.9y,no,no,no,cellular,jul,wed,284,1,999,0,nonexistent,1.4,93.91799999999999,-42.7,4.963,5228.1,no
26,admin.,single,university.degree,no,yes,no,cellular,jul,wed,182,1,999,0,nonexistent,1.4,93.91799999999999,-42.7,4.963,5228.1,no
36,entrepreneur,married,university.degree,no,no,yes,cellular,jul,wed,56,1,999,0,nonexistent,1.4,93.91799999999999,-42.7,4.963,5228.1,no
30,technician,married,university.degree,no,yes,no,telephone,jul,wed,31,2,999,0,nonexistent,1.4,93.91799999999999,-42.7,4.963,5228.1,no
42,admin.,married,university.degree,no,no,no,cellular,jul,wed,73,2,999,0,nonexistent,1.4,93.91799999999999,-42.7,4.963,5228.1,no
31,housemaid,single,high.school,no,no,yes,cellular,jul,wed,952,2,999,0,nonexistent,1.4,93.91799999999999,-42.7,4.963,5228.1,no
39,services,married,high.school,no,no,no,cellular,jul,wed,111,1,999,0,nonexistent,1.4,93.91799999999999,-42.7,4.963,5228.1,no
24,blue-collar,single,basic.9y,unknown,yes,no,cellular,jul,wed,213,1,999,0,nonexistent,1.4,93.91799999999999,-42.7,4.963,5228.1,no
39,services,married,unknown,unknown,no,no,cellular,jul,wed,146,2,999,0,nonexistent,1.4,93.91799999999999,-42.7,4.963,5228.1,no
57,admin.,single,basic.9y,no,yes,no,cellular,jul,wed,158,3,999,0,nonexistent,1.4,93.91799999999999,-42.7,4.963,5228.1,no
24,services,single,basic.9y,no,yes,no,telephone,jul,wed,163,4,999,0,nonexistent,1.4,93.91799999999999,-42.7,4.963,5228.1,no
21,blue-collar,married,basic.9y,no,yes,no,cellular,jul,wed,150,2,999,0,nonexistent,1.4,93.91799999999999,-42.7,4.963,5228.1,no
36,blue-collar,single,basic.6y,no,yes,no,cellular,jul,wed,423,1,999,0,nonexistent,1.4,93.91799999999999,-42.7,4.963,5228.1,no
44,admin.,married,basic.6y,no,no,no,cellular,jul,wed,368,1,999,0,nonexistent,1.4,93.91799999999999,-42.7,4.963,5228.1,no
30,management,married,university.degree,no,yes,no,cellular,jul,wed,280,1,999,0,nonexistent,1.4,93.91799999999999,-42.7,4.963,5228.1,no
36,services,married,high.school,unknown,no,no,cellular,jul,wed,79,3,999,0,nonexistent,1.4,93.91799999999999,-42.7,4.963,5228.1,no
32,technician,single,high.school,no,no,no,telephone,jul,wed,40,5,999,0,nonexistent,1.4,93.91799999999999,-42.7,4.963,5228.1,no
38,blue-collar,married,high.school,no,yes,no,cellular,jul,wed,122,5,999,0,nonexistent,1.4,93.91799999999999,-42.7,4.963,5228.1,no
25,blue-collar,single,basic.6y,no,no,no,cellular,jul,wed,123,2,999,0,nonexistent,1.4,93.91799999999999,-42.7,4.963,5228.1,no
32,technician,married,professional.course,no,no,yes,cellular,jul,wed,183,1,999,0,nonexistent,1.4,93.91799999999999,-42.7,4.963,5228.1,no
40,entrepreneur,married,university.degree,no,no,no,cellular,jul,wed,639,1,999,0,nonexistent,1.4,93.91799999999999,-42.7,4.963,5228.1,no
29,admin.,divorced,unknown,no,no,no,cellular,jul,wed,222,1,999,0,nonexistent,1.4,93.91799999999999,-42.7,4.963,5228.1,no
51,blue-collar,single,basic.4y,unknown,yes,no,telephone,jul,wed,70,2,999,0,nonexistent,1.4,93.91799999999999,-42.7,4.963,5228.1,no
47,self-employed,single,unknown,no,yes,no,cellular,jul,wed,202,1,999,0,nonexistent,1.4,93.91799999999999,-42.7,4.963,5228.1,no
36,blue-collar,married,basic.9y,no,no,no,cellular,jul,wed,157,1,999,0,nonexistent,1.4,93.91799999999999,-42.7,4.963,5228.1,no
26,services,single,high.school,no,yes,no,cellular,jul,wed,190,1,999,0,nonexistent,1.4,93.91799999999999,-42.7,4.963,5228.1,no
26,services,single,high.school,no,no,no,cellular,jul,wed,172,1,999,0,nonexistent,1.4,93.91799999999999,-42.7,4.963,5228.1,no
44,admin.,married,basic.6y,no,no,no,cellular,jul,wed,70,1,999,0,nonexistent,1.4,93.91799999999999,-42.7,4.963,5228.1,no
25,blue-collar,single,basic.9y,unknown,no,no,telephone,jul,wed,173,4,999,0,nonexistent,1.4,93.91799999999999,-42.7,4.963,5228.1,no
55,unemployed,married,university.degree,no,yes,no,cellular,jul,wed,387,1,999,0,nonexistent,1.4,93.91799999999999,-42.7,4.963,5228.1,no
30,blue-collar,married,basic.6y,no,yes,no,cellular,jul,wed,74,3,999,0,nonexistent,1.4,93.91799999999999,-42.7,4.963,5228.1,no
33,management,married,high.school,no,yes,no,cellular,jul,wed,155,2,999,0,nonexistent,1.4,93.91799999999999,-42.7,4.963,5228.1,no
39,blue-collar,single,university.degree,no,no,no,cellular,jul,wed,81,1,999,0,nonexistent,1.4,93.91799999999999,-42.7,4.963,5228.1,no
24,admin.,married,unknown,no,yes,no,cellular,jul,wed,165,2,999,0,nonexistent,1.4,93.91799999999999,-42.7,4.963,5228.1,no
53,services,married,high.school,no,no,yes,cellular,jul,wed,159,2,999,0,nonexistent,1.4,93.91799999999999,-42.7,4.963,5228.1,no
30,management,married,university.degree,no,no,yes,cellular,jul,wed,465,2,999,0,nonexistent,1.4,93.91799999999999,-42.7,4.963,5228.1,no
26,student,single,high.school,no,no,yes,cellular,jul,wed,312,1,999,0,nonexistent,1.4,93.91799999999999,-42.7,4.963,5228.1,no
30,admin.,married,university.degree,no,yes,no,telephone,jul,wed,717,8,999,0,nonexistent,1.4,93.91799999999999,-42.7,4.963,5228.1,no
25,technician,single,university.degree,no,no,yes,telephone,jul,wed,355,3,999,0,nonexistent,1.4,93.91799999999999,-42.7,4.963,5228.1,no
36,entrepreneur,married,university.degree,no,yes,no,cellular,jul,wed,191,2,999,0,nonexistent,1.4,93.91799999999999,-42.7,4.963,5228.1,no
37,entrepreneur,married,university.degree,no,yes,no,cellular,jul,wed,538,2,999,0,nonexistent,1.4,93.91799999999999,-42.7,4.963,5228.1,no
58,retired,married,basic.4y,unknown,yes,no,cellular,jul,wed,374,1,999,0,nonexistent,1.4,93.91799999999999,-42.7,4.963,5228.1,no
24,admin.,married,unknown,no,yes,yes,cellular,jul,wed,130,5,999,0,nonexistent,1.4,93.91799999999999,-42.7,4.963,5228.1,no
53,entrepreneur,divorced,university.degree,no,yes,no,cellular,jul,wed,97,5,999,0,nonexistent,1.4,93.91799999999999,-42.7,4.963,5228.1,no
28,admin.,married,university.degree,no,yes,no,cellular,jul,wed,529,1,999,0,nonexistent,1.4,93.91799999999999,-42.7,4.963,5228.1,yes
49,unemployed,married,high.school,no,yes,no,cellular,jul,wed,98,1,999,0,nonexistent,1.4,93.91799999999999,-42.7,4.963,5228.1,no
33,blue-collar,married,basic.4y,no,yes,no,cellular,jul,wed,273,2,999,0,nonexistent,1.4,93.91799999999999,-42.7,4.963,5228.1,no
39,services,married,unknown,unknown,unknown,unknown,cellular,jul,wed,140,2,999,0,nonexistent,1.4,93.91799999999999,-42.7,4.963,5228.1,no
56,retired,married,professional.course,no,no,no,cellular,jul,wed,135,1,999,0,nonexistent,1.4,93.91799999999999,-42.7,4.963,5228.1,no
24,admin.,married,university.degree,no,no,no,cellular,jul,wed,135,1,999,0,nonexistent,1.4,93.91799999999999,-42.7,4.963,5228.1,no
34,technician,married,professional.course,no,no,no,cellular,jul,wed,511,3,999,0,nonexistent,1.4,93.91799999999999,-42.7,4.963,5228.1,no
27,management,single,university.degree,no,no,no,cellular,jul,wed,435,3,999,0,nonexistent,1.4,93.91799999999999,-42.7,4.963,5228.1,no
37,admin.,single,university.degree,no,no,no,telephone,jul,wed,36,2,999,0,nonexistent,1.4,93.91799999999999,-42.7,4.963,5228.1,no
49,self-employed,divorced,university.degree,no,no,yes,cellular,jul,wed,207,2,999,0,nonexistent,1.4,93.91799999999999,-42.7,4.963,5228.1,no
30,management,married,university.degree,no,unknown,unknown,cellular,jul,wed,173,2,999,0,nonexistent,1.4,93.91799999999999,-42.7,4.963,5228.1,no
40,admin.,divorced,university.degree,no,no,no,cellular,jul,wed,366,2,999,0,nonexistent,1.4,93.91799999999999,-42.7,4.963,5228.1,no
52,admin.,divorced,university.degree,no,no,yes,cellular,jul,wed,216,8,999,0,nonexistent,1.4,93.91799999999999,-42.7,4.963,5228.1,no
44,technician,married,professional.course,no,no,no,cellular,jul,wed,96,1,999,0,nonexistent,1.4,93.91799999999999,-42.7,4.963,5228.1,no
36,blue-collar,married,basic.9y,unknown,yes,no,cellular,jul,wed,297,1,999,0,nonexistent,1.4,93.91799999999999,-42.7,4.963,5228.1,no
50,housemaid,married,unknown,no,yes,no,cellular,jul,wed,58,2,999,0,nonexistent,1.4,93.91799999999999,-42.7,4.963,5228.1,no
31,blue-collar,married,basic.4y,unknown,no,no,cellular,jul,wed,99,2,999,0,nonexistent,1.4,93.91799999999999,-42.7,4.963,5228.1,no
27,services,single,high.school,no,yes,yes,cellular,jul,wed,158,2,999,0,nonexistent,1.4,93.91799999999999,-42.7,4.963,5228.1,no
25,blue-collar,married,high.school,no,no,no,telephone,jul,wed,90,1,999,0,nonexistent,1.4,93.91799999999999,-42.7,4.963,5228.1,no
30,blue-collar,married,basic.6y,no,no,yes,cellular,jul,wed,1152,2,999,0,nonexistent,1.4,93.91799999999999,-42.7,4.963,5228.1,yes
27,blue-collar,single,high.school,no,yes,no,cellular,jul,wed,55,1,999,0,nonexistent,1.4,93.91799999999999,-42.7,4.963,5228.1,no
36,self-employed,single,university.degree,no,yes,no,cellular,jul,wed,335,3,999,0,nonexistent,1.4,93.91799999999999,-42.7,4.963,5228.1,no
49,self-employed,divorced,university.degree,no,yes,no,cellular,jul,wed,126,4,999,0,nonexistent,1.4,93.91799999999999,-42.7,4.963,5228.1,no
26,technician,single,professional.course,no,no,no,cellular,jul,wed,169,2,999,0,nonexistent,1.4,93.91799999999999,-42.7,4.963,5228.1,no
49,unknown,married,university.degree,no,yes,no,cellular,jul,wed,92,2,999,0,nonexistent,1.4,93.91799999999999,-42.7,4.963,5228.1,no
34,blue-collar,married,high.school,unknown,yes,no,telephone,jul,wed,203,4,999,0,nonexistent,1.4,93.91799999999999,-42.7,4.963,5228.1,no
37,technician,single,university.degree,no,yes,no,cellular,jul,wed,256,1,999,0,nonexistent,1.4,93.91799999999999,-42.7,4.963,5228.1,no
29,blue-collar,married,unknown,no,yes,no,cellular,jul,wed,167,1,999,0,nonexistent,1.4,93.91799999999999,-42.7,4.963,5228.1,no
24,admin.,married,university.degree,no,yes,no,cellular,jul,wed,134,1,999,0,nonexistent,1.4,93.91799999999999,-42.7,4.963,5228.1,no
39,blue-collar,married,basic.6y,unknown,no,no,cellular,jul,wed,85,3,999,0,nonexistent,1.4,93.91799999999999,-42.7,4.963,5228.1,no
32,technician,married,professional.course,no,yes,no,cellular,jul,wed,172,2,999,0,nonexistent,1.4,93.91799999999999,-42.7,4.963,5228.1,no
53,entrepreneur,divorced,university.degree,no,no,no,telephone,jul,wed,383,2,999,0,nonexistent,1.4,93.91799999999999,-42.7,4.963,5228.1,no
26,services,single,high.school,no,unknown,unknown,telephone,jul,wed,588,1,999,0,nonexistent,1.4,93.91799999999999,-42.7,4.963,5228.1,no
31,blue-collar,married,basic.9y,no,no,no,cellular,jul,wed,152,1,999,0,nonexistent,1.4,93.91799999999999,-42.7,4.963,5228.1,no
34,blue-collar,married,basic.9y,no,yes,no,cellular,jul,wed,874,3,999,0,nonexistent,1.4,93.91799999999999,-42.7,4.963,5228.1,no
24,admin.,married,university.degree,no,yes,no,cellular,jul,wed,396,2,999,0,nonexistent,1.4,93.91799999999999,-42.7,4.963,5228.1,no
29,self-employed,married,professional.course,unknown,no,no,cellular,jul,wed,434,1,999,0,nonexistent,1.4,93.91799999999999,-42.7,4.963,5228.1,no
53,blue-collar,married,basic.4y,no,yes,no,cellular,jul,wed,545,24,999,0,nonexistent,1.4,93.91799999999999,-42.7,4.963,5228.1,no
34,admin.,married,university.degree,no,no,no,telephone,jul,wed,34,4,999,0,nonexistent,1.4,93.91799999999999,-42.7,4.963,5228.1,no
27,services,single,university.degree,no,no,no,cellular,jul,wed,698,2,999,0,nonexistent,1.4,93.91799999999999,-42.7,4.963,5228.1,no
24,services,single,basic.9y,no,yes,no,cellular,jul,wed,73,4,999,0,nonexistent,1.4,93.91799999999999,-42.7,4.963,5228.1,no
36,admin.,divorced,high.school,no,no,no,cellular,jul,wed,1960,3,999,0,nonexistent,1.4,93.91799999999999,-42.7,4.963,5228.1,yes
44,admin.,married,basic.6y,no,no,no,cellular,jul,wed,212,3,999,0,nonexistent,1.4,93.91799999999999,-42.7,4.963,5228.1,no
42,admin.,married,university.degree,no,no,no,cellular,jul,wed,1331,3,999,0,nonexistent,1.4,93.91799999999999,-42.7,4.963,5228.1,no
40,admin.,divorced,high.school,no,no,no,cellular,jul,wed,1776,3,999,0,nonexistent,1.4,93.91799999999999,-42.7,4.963,5228.1,no
39,admin.,married,basic.6y,unknown,no,no,cellular,jul,wed,312,2,999,0,nonexistent,1.4,93.91799999999999,-42.7,4.963,5228.1,no
36,services,married,high.school,no,no,no,cellular,jul,wed,98,3,999,0,nonexistent,1.4,93.91799999999999,-42.7,4.963,5228.1,no
24,technician,married,high.school,unknown,no,no,cellular,jul,wed,517,4,999,0,nonexistent,1.4,93.91799999999999,-42.7,4.963,5228.1,no
48,services,married,basic.9y,no,no,no,cellular,jul,wed,271,6,999,0,nonexistent,1.4,93.91799999999999,-42.7,4.963,5228.1,no
34,technician,single,professional.course,no,yes,no,cellular,jul,wed,100,2,999,0,nonexistent,1.4,93.91799999999999,-42.7,4.963,5228.1,no
25,services,married,high.school,no,no,no,cellular,jul,wed,206,1,999,0,nonexistent,1.4,93.91799999999999,-42.7,4.963,5228.1,no
29,technician,single,university.degree,no,yes,yes,cellular,jul,wed,166,1,999,0,nonexistent,1.4,93.91799999999999,-42.7,4.963,5228.1,no
39,services,married,high.school,unknown,yes,no,cellular,jul,wed,671,4,999,0,nonexistent,1.4,93.91799999999999,-42.7,4.963,5228.1,no
29,technician,single,university.degree,no,no,no,cellular,jul,wed,259,1,999,0,nonexistent,1.4,93.91799999999999,-42.7,4.963,5228.1,no
31,technician,single,professional.course,no,no,no,telephone,jul,wed,296,2,999,0,nonexistent,1.4,93.91799999999999,-42.7,4.963,5228.1,no
33,entrepreneur,married,basic.9y,no,yes,yes,telephone,jul,wed,85,6,999,0,nonexistent,1.4,93.91799999999999,-42.7,4.963,5228.1,no
55,unknown,married,unknown,unknown,yes,no,cellular,jul,wed,323,3,999,0,nonexistent,1.4,93.91799999999999,-42.7,4.963,5228.1,no
29,technician,single,university.degree,no,yes,no,cellular,jul,wed,438,1,999,0,nonexistent,1.4,93.91799999999999,-42.7,4.963,5228.1,no
33,blue-collar,married,basic.9y,unknown,no,no,cellular,jul,wed,218,3,999,0,nonexistent,1.4,93.91799999999999,-42.7,4.963,5228.1,no
58,retired,married,basic.4y,unknown,no,no,cellular,jul,wed,119,2,999,0,nonexistent,1.4,93.91799999999999,-42.7,4.963,5228.1,no
23,admin.,single,professional.course,no,yes,no,cellular,jul,wed,332,2,999,0,nonexistent,1.4,93.91799999999999,-42.7,4.963,5228.1,no
57,technician,married,basic.4y,unknown,no,no,cellular,jul,wed,158,2,999,0,nonexistent,1.4,93.91799999999999,-42.7,4.963,5228.1,no
29,blue-collar,married,basic.9y,no,no,no,cellular,jul,wed,125,2,999,0,nonexistent,1.4,93.91799999999999,-42.7,4.963,5228.1,no
27,services,single,university.degree,no,unknown,unknown,cellular,jul,wed,288,9,999,0,nonexistent,1.4,93.91799999999999,-42.7,4.963,5228.1,no
50,self-employed,divorced,university.degree,unknown,yes,no,cellular,jul,wed,544,11,999,0,nonexistent,1.4,93.91799999999999,-42.7,4.963,5228.1,no
40,entrepreneur,married,basic.4y,unknown,yes,no,cellular,jul,wed,448,2,999,0,nonexistent,1.4,93.91799999999999,-42.7,4.963,5228.1,no
32,services,single,basic.9y,no,no,no,cellular,jul,wed,168,1,999,0,nonexistent,1.4,93.91799999999999,-42.7,4.963,5228.1,no
26,admin.,single,university.degree,no,no,no,cellular,jul,wed,203,4,999,0,nonexistent,1.4,93.91799999999999,-42.7,4.963,5228.1,no
48,technician,divorced,professional.course,no,yes,no,cellular,jul,wed,118,3,999,0,nonexistent,1.4,93.91799999999999,-42.7,4.963,5228.1,no
23,admin.,single,professional.course,no,yes,no,cellular,jul,wed,902,2,999,0,nonexistent,1.4,93.91799999999999,-42.7,4.963,5228.1,yes
56,management,divorced,high.school,no,no,yes,cellular,jul,wed,361,3,999,0,nonexistent,1.4,93.91799999999999,-42.7,4.963,5228.1,no
31,blue-collar,married,high.school,no,no,no,cellular,jul,wed,248,2,999,0,nonexistent,1.4,93.91799999999999,-42.7,4.963,5228.1,no
32,services,single,basic.9y,no,no,no,cellular,jul,wed,711,1,999,0,nonexistent,1.4,93.91799999999999,-42.7,4.963,5228.1,no
30,blue-collar,married,basic.6y,no,yes,no,cellular,jul,wed,55,10,999,0,nonexistent,1.4,93.91799999999999,-42.7,4.963,5228.1,no
31,admin.,single,university.degree,no,yes,no,cellular,jul,wed,1327,2,999,0,nonexistent,1.4,93.91799999999999,-42.7,4.963,5228.1,yes
30,management,married,university.degree,no,yes,no,telephone,jul,wed,90,2,999,0,nonexistent,1.4,93.91799999999999,-42.7,4.963,5228.1,no
37,blue-collar,married,basic.9y,no,yes,no,cellular,jul,wed,1090,12,999,0,nonexistent,1.4,93.91799999999999,-42.7,4.963,5228.1,no
35,entrepreneur,married,university.degree,no,yes,no,telephone,jul,wed,82,3,999,0,nonexistent,1.4,93.91799999999999,-42.7,4.963,5228.1,no
38,technician,single,professional.course,no,unknown,unknown,cellular,jul,wed,361,2,999,0,nonexistent,1.4,93.91799999999999,-42.7,4.963,5228.1,no
33,admin.,single,university.degree,no,no,no,telephone,jul,wed,67,2,999,0,nonexistent,1.4,93.91799999999999,-42.7,4.963,5228.1,no
21,blue-collar,married,basic.9y,no,yes,no,cellular,jul,wed,2078,6,999,0,nonexistent,1.4,93.91799999999999,-42.7,4.963,5228.1,yes
36,blue-collar,married,basic.9y,no,no,no,cellular,jul,wed,339,4,999,0,nonexistent,1.4,93.91799999999999,-42.7,4.963,5228.1,no
53,services,married,professional.course,no,yes,no,cellular,jul,wed,185,10,999,0,nonexistent,1.4,93.91799999999999,-42.7,4.963,5228.1,no
46,admin.,divorced,high.school,no,no,yes,cellular,jul,wed,400,2,999,0,nonexistent,1.4,93.91799999999999,-42.7,4.963,5228.1,no
23,admin.,single,professional.course,no,no,no,cellular,jul,wed,580,2,999,0,nonexistent,1.4,93.91799999999999,-42.7,4.963,5228.1,no
38,blue-collar,married,basic.6y,no,no,no,cellular,jul,wed,179,17,999,0,nonexistent,1.4,93.91799999999999,-42.7,4.963,5228.1,no
42,technician,single,high.school,no,no,no,cellular,jul,wed,58,2,999,0,nonexistent,1.4,93.91799999999999,-42.7,4.963,5228.1,no
30,management,married,university.degree,no,yes,yes,cellular,jul,wed,229,4,999,0,nonexistent,1.4,93.91799999999999,-42.7,4.963,5228.1,no
38,blue-collar,married,basic.6y,no,no,no,cellular,jul,wed,530,3,999,0,nonexistent,1.4,93.91799999999999,-42.7,4.963,5228.1,no
25,blue-collar,married,basic.9y,no,yes,no,cellular,jul,wed,497,5,999,0,nonexistent,1.4,93.91799999999999,-42.7,4.963,5228.1,no
31,technician,married,basic.9y,no,yes,no,cellular,jul,wed,81,1,999,0,nonexistent,1.4,93.91799999999999,-42.7,4.963,5228.1,no
53,blue-collar,married,basic.6y,no,yes,no,cellular,jul,wed,362,19,999,0,nonexistent,1.4,93.91799999999999,-42.7,4.963,5228.1,no
42,self-employed,married,university.degree,no,no,no,telephone,jul,wed,185,1,999,0,nonexistent,1.4,93.91799999999999,-42.7,4.963,5228.1,no
56,blue-collar,married,basic.9y,unknown,yes,no,cellular,jul,wed,125,1,999,0,nonexistent,1.4,93.91799999999999,-42.7,4.963,5228.1,no
42,self-employed,married,university.degree,no,no,no,cellular,jul,wed,673,1,999,0,nonexistent,1.4,93.91799999999999,-42.7,4.963,5228.1,no
49,self-employed,divorced,university.degree,no,yes,no,cellular,jul,wed,1124,2,999,0,nonexistent,1.4,93.91799999999999,-42.7,4.963,5228.1,yes
51,admin.,married,basic.9y,unknown,yes,no,cellular,jul,wed,228,2,999,0,nonexistent,1.4,93.91799999999999,-42.7,4.963,5228.1,yes
30,technician,divorced,professional.course,no,no,no,cellular,jul,wed,180,1,999,0,nonexistent,1.4,93.91799999999999,-42.7,4.963,5228.1,no
30,technician,divorced,professional.course,no,no,yes,cellular,jul,wed,808,1,999,0,nonexistent,1.4,93.91799999999999,-42.7,4.963,5228.1,yes
28,admin.,married,university.degree,no,yes,no,cellular,jul,wed,510,2,999,0,nonexistent,1.4,93.91799999999999,-42.7,4.963,5228.1,no
33,technician,married,university.degree,no,yes,no,cellular,jul,wed,162,6,999,0,nonexistent,1.4,93.91799999999999,-42.7,4.963,5228.1,no
26,admin.,single,university.degree,no,yes,no,cellular,jul,wed,413,5,999,0,nonexistent,1.4,93.91799999999999,-42.7,4.963,5228.1,no
54,housemaid,unknown,basic.4y,no,yes,no,cellular,jul,wed,198,13,999,0,nonexistent,1.4,93.91799999999999,-42.7,4.963,5228.1,no
55,management,married,basic.9y,no,yes,no,cellular,jul,wed,421,2,999,0,nonexistent,1.4,93.91799999999999,-42.7,4.963,5228.1,no
25,services,single,basic.9y,no,no,no,telephone,jul,wed,350,2,999,0,nonexistent,1.4,93.91799999999999,-42.7,4.963,5228.1,no
35,admin.,married,professional.course,no,yes,no,cellular,jul,wed,322,3,999,0,nonexistent,1.4,93.91799999999999,-42.7,4.963,5228.1,no
36,entrepreneur,married,university.degree,no,no,no,cellular,jul,wed,638,2,999,0,nonexistent,1.4,93.91799999999999,-42.7,4.963,5228.1,yes
28,admin.,single,high.school,no,no,yes,cellular,jul,wed,437,2,999,0,nonexistent,1.4,93.91799999999999,-42.7,4.963,5228.1,no
32,services,divorced,basic.9y,unknown,no,no,cellular,jul,wed,68,2,999,0,nonexistent,1.4,93.91799999999999,-42.7,4.963,5228.1,no
28,admin.,single,university.degree,no,yes,no,cellular,jul,wed,147,4,999,0,nonexistent,1.4,93.91799999999999,-42.7,4.963,5228.1,no
34,services,married,high.school,no,no,no,telephone,jul,wed,248,2,999,0,nonexistent,1.4,93.91799999999999,-42.7,4.963,5228.1,no
57,blue-collar,married,basic.6y,unknown,yes,no,cellular,jul,wed,108,4,999,0,nonexistent,1.4,93.91799999999999,-42.7,4.963,5228.1,no
38,blue-collar,married,basic.6y,no,no,no,cellular,jul,wed,328,2,999,0,nonexistent,1.4,93.91799999999999,-42.7,4.963,5228.1,no
56,retired,married,professional.course,no,yes,no,cellular,jul,wed,1066,2,999,0,nonexistent,1.4,93.91799999999999,-42.7,4.963,5228.1,no
38,blue-collar,married,basic.9y,no,yes,no,cellular,jul,wed,305,2,999,0,nonexistent,1.4,93.91799999999999,-42.7,4.963,5228.1,no
39,technician,married,professional.course,no,unknown,unknown,cellular,jul,wed,68,3,999,0,nonexistent,1.4,93.91799999999999,-42.7,4.963,5228.1,no
30,blue-collar,married,basic.6y,no,yes,yes,telephone,jul,wed,329,3,999,0,nonexistent,1.4,93.91799999999999,-42.7,4.963,5228.1,no
26,blue-collar,married,basic.6y,no,no,no,cellular,jul,wed,609,2,999,0,nonexistent,1.4,93.91799999999999,-42.7,4.963,5228.1,no
49,admin.,married,high.school,no,no,no,cellular,jul,wed,652,2,999,0,nonexistent,1.4,93.91799999999999,-42.7,4.963,5228.1,no
39,services,married,unknown,unknown,yes,yes,cellular,jul,wed,1201,6,999,0,nonexistent,1.4,93.91799999999999,-42.7,4.963,5228.1,yes
35,services,married,basic.9y,no,yes,yes,cellular,jul,wed,252,6,999,0,nonexistent,1.4,93.91799999999999,-42.7,4.963,5228.1,no
27,blue-collar,single,basic.9y,unknown,yes,no,cellular,jul,wed,1309,4,999,0,nonexistent,1.4,93.91799999999999,-42.7,4.963,5228.1,yes
48,technician,divorced,professional.course,no,no,no,cellular,jul,wed,127,2,999,0,nonexistent,1.4,93.91799999999999,-42.7,4.963,5228.1,no
37,admin.,married,high.school,no,yes,yes,cellular,jul,wed,205,6,999,0,nonexistent,1.4,93.91799999999999,-42.7,4.963,5228.1,no
59,services,married,high.school,unknown,yes,no,cellular,jul,wed,476,3,999,0,nonexistent,1.4,93.91799999999999,-42.7,4.963,5228.1,no
32,blue-collar,married,basic.6y,no,yes,no,cellular,jul,wed,158,4,999,0,nonexistent,1.4,93.91799999999999,-42.7,4.963,5228.1,no
24,services,single,high.school,no,no,no,cellular,jul,wed,74,5,999,0,nonexistent,1.4,93.91799999999999,-42.7,4.963,5228.1,no
28,admin.,married,high.school,no,no,no,cellular,jul,wed,419,5,999,0,nonexistent,1.4,93.91799999999999,-42.7,4.963,5228.1,no
32,blue-collar,married,basic.6y,no,yes,no,telephone,jul,wed,165,2,999,0,nonexistent,1.4,93.91799999999999,-42.7,4.963,5228.1,no
35,management,single,unknown,no,yes,yes,cellular,jul,wed,408,3,999,0,nonexistent,1.4,93.91799999999999,-42.7,4.963,5228.1,no
39,housemaid,single,basic.4y,unknown,no,no,telephone,jul,wed,135,2,999,0,nonexistent,1.4,93.91799999999999,-42.7,4.963,5228.1,no
23,services,single,high.school,no,unknown,unknown,cellular,jul,wed,1300,3,999,0,nonexistent,1.4,93.91799999999999,-42.7,4.963,5228.1,no
52,housemaid,married,high.school,unknown,yes,no,cellular,jul,wed,41,2,999,0,nonexistent,1.4,93.91799999999999,-42.7,4.963,5228.1,no
38,entrepreneur,married,university.degree,no,yes,no,telephone,jul,wed,83,4,999,0,nonexistent,1.4,93.91799999999999,-42.7,4.963,5228.1,no
30,admin.,divorced,basic.6y,no,no,no,cellular,jul,wed,144,10,999,0,nonexistent,1.4,93.91799999999999,-42.7,4.963,5228.1,no
60,blue-collar,married,basic.4y,unknown,yes,no,cellular,jul,wed,293,5,999,0,nonexistent,1.4,93.91799999999999,-42.7,4.963,5228.1,no
44,blue-collar,divorced,basic.9y,no,no,no,telephone,jul,wed,161,2,999,0,nonexistent,1.4,93.91799999999999,-42.7,4.963,5228.1,no
50,admin.,married,university.degree,unknown,yes,no,telephone,jul,wed,173,2,999,0,nonexistent,1.4,93.91799999999999,-42.7,4.963,5228.1,no
26,services,single,high.school,no,yes,no,cellular,jul,wed,156,3,999,0,nonexistent,1.4,93.91799999999999,-42.7,4.963,5228.1,no
31,blue-collar,married,basic.9y,unknown,no,no,cellular,jul,wed,280,4,999,0,nonexistent,1.4,93.91799999999999,-42.7,4.963,5228.1,no
47,self-employed,married,basic.9y,no,yes,no,cellular,jul,wed,1359,6,999,0,nonexistent,1.4,93.91799999999999,-42.7,4.963,5228.1,yes
43,admin.,married,university.degree,no,yes,no,telephone,jul,wed,122,4,999,0,nonexistent,1.4,93.91799999999999,-42.7,4.963,5228.1,no
60,self-employed,married,university.degree,no,yes,no,cellular,jul,wed,416,4,999,0,nonexistent,1.4,93.91799999999999,-42.7,4.963,5228.1,yes
27,technician,married,professional.course,no,no,no,telephone,jul,wed,36,15,999,0,nonexistent,1.4,93.91799999999999,-42.7,4.963,5228.1,no
26,blue-collar,single,basic.4y,no,no,no,cellular,jul,wed,53,17,999,0,nonexistent,1.4,93.91799999999999,-42.7,4.963,5228.1,no
36,services,divorced,high.school,no,no,no,cellular,jul,wed,532,2,999,0,nonexistent,1.4,93.91799999999999,-42.7,4.963,5228.1,yes
48,services,married,basic.9y,no,yes,no,cellular,jul,wed,107,4,999,0,nonexistent,1.4,93.91799999999999,-42.7,4.963,5228.1,no
31,blue-collar,married,basic.4y,unknown,no,no,cellular,jul,wed,933,2,999,0,nonexistent,1.4,93.91799999999999,-42.7,4.963,5228.1,no
34,management,married,university.degree,no,no,no,cellular,jul,wed,85,2,999,0,nonexistent,1.4,93.91799999999999,-42.7,4.963,5228.1,no
31,blue-collar,married,basic.4y,unknown,yes,no,cellular,jul,wed,790,2,999,0,nonexistent,1.4,93.91799999999999,-42.7,4.963,5228.1,no
27,blue-collar,single,basic.9y,unknown,yes,yes,cellular,jul,wed,171,4,999,0,nonexistent,1.4,93.91799999999999,-42.7,4.963,5228.1,no
26,blue-collar,single,professional.course,no,yes,no,cellular,jul,wed,505,2,999,0,nonexistent,1.4,93.91799999999999,-42.7,4.963,5228.1,no
32,technician,married,professional.course,no,no,no,cellular,jul,wed,495,2,999,0,nonexistent,1.4,93.91799999999999,-42.7,4.963,5228.1,no
58,technician,married,unknown,unknown,no,no,cellular,jul,wed,799,4,999,0,nonexistent,1.4,93.91799999999999,-42.7,4.963,5228.1,no
41,blue-collar,married,basic.6y,no,yes,no,cellular,jul,wed,111,2,999,0,nonexistent,1.4,93.91799999999999,-42.7,4.963,5228.1,no
29,self-employed,married,professional.course,unknown,yes,yes,cellular,jul,wed,683,2,999,0,nonexistent,1.4,93.91799999999999,-42.7,4.963,5228.1,yes
24,admin.,married,university.degree,no,yes,yes,cellular,jul,wed,84,13,999,0,nonexistent,1.4,93.91799999999999,-42.7,4.963,5228.1,no
48,technician,divorced,professional.course,no,yes,yes,cellular,jul,wed,547,2,999,0,nonexistent,1.4,93.91799999999999,-42.7,4.963,5228.1,no
27,admin.,married,high.school,no,yes,no,telephone,jul,wed,103,5,999,0,nonexistent,1.4,93.91799999999999,-42.7,4.963,5228.1,no
26,blue-collar,married,basic.6y,no,no,no,cellular,jul,wed,236,5,999,0,nonexistent,1.4,93.91799999999999,-42.7,4.963,5228.1,no
32,services,married,basic.9y,no,yes,no,telephone,jul,wed,71,3,999,0,nonexistent,1.4,93.91799999999999,-42.7,4.963,5228.1,no
40,admin.,divorced,university.degree,no,no,no,telephone,jul,wed,192,5,999,0,nonexistent,1.4,93.91799999999999,-42.7,4.963,5228.1,no
40,blue-collar,divorced,basic.9y,no,no,no,cellular,jul,thu,50,4,999,0,nonexistent,1.4,93.91799999999999,-42.7,4.962,5228.1,no
29,technician,single,high.school,no,no,no,cellular,jul,thu,54,29,999,0,nonexistent,1.4,93.91799999999999,-42.7,4.962,5228.1,no
44,admin.,married,high.school,no,no,no,cellular,jul,thu,42,3,999,0,nonexistent,1.4,93.91799999999999,-42.7,4.962,5228.1,no
56,retired,married,basic.4y,no,no,no,cellular,jul,thu,57,4,999,0,nonexistent,1.4,93.91799999999999,-42.7,4.962,5228.1,no
31,blue-collar,single,basic.9y,unknown,no,yes,telephone,jul,thu,70,3,999,0,nonexistent,1.4,93.91799999999999,-42.7,4.962,5228.1,no
58,blue-collar,married,basic.4y,no,no,yes,cellular,jul,thu,265,3,999,0,nonexistent,1.4,93.91799999999999,-42.7,4.962,5228.1,no
52,services,married,high.school,unknown,yes,no,cellular,jul,thu,117,2,999,0,nonexistent,1.4,93.91799999999999,-42.7,4.962,5228.1,no
42,entrepreneur,married,university.degree,no,unknown,unknown,cellular,jul,thu,430,4,999,0,nonexistent,1.4,93.91799999999999,-42.7,4.962,5228.1,yes
47,technician,divorced,high.school,no,no,no,cellular,jul,thu,202,3,999,0,nonexistent,1.4,93.91799999999999,-42.7,4.962,5228.1,no
41,technician,single,university.degree,no,no,no,cellular,jul,thu,537,2,999,0,nonexistent,1.4,93.91799999999999,-42.7,4.962,5228.1,no
42,admin.,married,high.school,no,no,yes,cellular,jul,thu,219,6,999,0,nonexistent,1.4,93.91799999999999,-42.7,4.962,5228.1,no
58,blue-collar,married,basic.4y,no,yes,no,telephone,jul,thu,48,6,999,0,nonexistent,1.4,93.91799999999999,-42.7,4.962,5228.1,no
41,blue-collar,married,high.school,no,yes,yes,cellular,jul,thu,241,3,999,0,nonexistent,1.4,93.91799999999999,-42.7,4.962,5228.1,no
49,services,married,high.school,no,no,no,cellular,jul,thu,63,4,999,0,nonexistent,1.4,93.91799999999999,-42.7,4.962,5228.1,no
32,technician,married,university.degree,no,yes,no,cellular,jul,thu,357,7,999,0,nonexistent,1.4,93.91799999999999,-42.7,4.962,5228.1,no
41,entrepreneur,single,high.school,no,yes,yes,cellular,jul,thu,21,20,999,0,nonexistent,1.4,93.91799999999999,-42.7,4.962,5228.1,no
44,entrepreneur,married,university.degree,unknown,no,yes,cellular,jul,thu,13,2,999,0,nonexistent,1.4,93.91799999999999,-42.7,4.962,5228.1,no
43,housemaid,divorced,basic.6y,unknown,no,yes,cellular,jul,thu,53,1,999,0,nonexistent,1.4,93.91799999999999,-42.7,4.962,5228.1,no
56,blue-collar,married,basic.4y,no,yes,no,cellular,jul,thu,119,5,999,0,nonexistent,1.4,93.91799999999999,-42.7,4.962,5228.1,no
29,blue-collar,single,basic.6y,no,yes,no,cellular,jul,thu,92,1,999,0,nonexistent,1.4,93.91799999999999,-42.7,4.962,5228.1,no
38,blue-collar,married,basic.6y,no,unknown,unknown,cellular,jul,thu,226,1,999,0,nonexistent,1.4,93.91799999999999,-42.7,4.962,5228.1,no
39,services,divorced,high.school,no,no,yes,cellular,jul,thu,187,1,999,0,nonexistent,1.4,93.91799999999999,-42.7,4.962,5228.1,no
39,services,divorced,high.school,no,no,yes,cellular,jul,thu,208,1,999,0,nonexistent,1.4,93.91799999999999,-42.7,4.962,5228.1,no
26,admin.,married,high.school,no,no,no,cellular,jul,thu,125,2,999,0,nonexistent,1.4,93.91799999999999,-42.7,4.962,5228.1,no
36,admin.,single,university.degree,no,no,yes,cellular,jul,thu,139,1,999,0,nonexistent,1.4,93.91799999999999,-42.7,4.962,5228.1,no
44,blue-collar,married,basic.9y,unknown,yes,no,cellular,jul,thu,101,1,999,0,nonexistent,1.4,93.91799999999999,-42.7,4.962,5228.1,no
31,services,married,high.school,unknown,no,yes,cellular,jul,thu,205,1,999,0,nonexistent,1.4,93.91799999999999,-42.7,4.962,5228.1,no
29,admin.,single,university.degree,no,no,yes,cellular,jul,thu,65,1,999,0,nonexistent,1.4,93.91799999999999,-42.7,4.962,5228.1,no
41,technician,single,university.degree,no,no,no,cellular,jul,thu,186,2,999,0,nonexistent,1.4,93.91799999999999,-42.7,4.962,5228.1,no
43,admin.,single,high.school,no,yes,no,cellular,jul,thu,66,1,999,0,nonexistent,1.4,93.91799999999999,-42.7,4.962,5228.1,no
51,technician,married,professional.course,no,yes,yes,cellular,jul,thu,137,4,999,0,nonexistent,1.4,93.91799999999999,-42.7,4.962,5228.1,no
50,entrepreneur,married,basic.9y,no,yes,no,cellular,jul,thu,129,1,999,0,nonexistent,1.4,93.91799999999999,-42.7,4.962,5228.1,no
35,management,single,university.degree,unknown,yes,no,cellular,jul,thu,211,1,999,0,nonexistent,1.4,93.91799999999999,-42.7,4.962,5228.1,no
41,technician,single,university.degree,no,yes,yes,cellular,jul,thu,78,1,999,0,nonexistent,1.4,93.91799999999999,-42.7,4.962,5228.1,no
41,entrepreneur,single,high.school,no,no,no,cellular,jul,thu,67,1,999,0,nonexistent,1.4,93.91799999999999,-42.7,4.962,5228.1,no
27,blue-collar,single,basic.6y,no,no,no,cellular,jul,thu,326,1,999,0,nonexistent,1.4,93.91799999999999,-42.7,4.962,5228.1,no
41,entrepreneur,single,high.school,no,yes,no,telephone,jul,thu,70,1,999,0,nonexistent,1.4,93.91799999999999,-42.7,4.962,5228.1,no
55,entrepreneur,married,university.degree,unknown,no,no,cellular,jul,thu,58,2,999,0,nonexistent,1.4,93.91799999999999,-42.7,4.962,5228.1,no
49,blue-collar,married,basic.9y,unknown,no,yes,cellular,jul,thu,76,1,999,0,nonexistent,1.4,93.91799999999999,-42.7,4.962,5228.1,no
43,housemaid,divorced,basic.6y,unknown,yes,yes,cellular,jul,thu,97,2,999,0,nonexistent,1.4,93.91799999999999,-42.7,4.962,5228.1,no
59,technician,married,university.degree,unknown,no,yes,cellular,jul,thu,459,7,999,0,nonexistent,1.4,93.91799999999999,-42.7,4.962,5228.1,no
41,technician,single,university.degree,no,no,no,cellular,jul,thu,196,3,999,0,nonexistent,1.4,93.91799999999999,-42.7,4.962,5228.1,no
54,blue-collar,married,basic.4y,unknown,yes,yes,cellular,jul,thu,71,5,999,0,nonexistent,1.4,93.91799999999999,-42.7,4.962,5228.1,no
25,blue-collar,single,basic.9y,no,yes,yes,cellular,jul,thu,212,2,999,0,nonexistent,1.4,93.91799999999999,-42.7,4.962,5228.1,no
47,admin.,married,professional.course,no,no,no,cellular,jul,thu,458,1,999,0,nonexistent,1.4,93.91799999999999,-42.7,4.962,5228.1,no
54,services,married,high.school,unknown,no,no,telephone,jul,thu,105,1,999,0,nonexistent,1.4,93.91799999999999,-42.7,4.962,5228.1,no
26,blue-collar,single,basic.9y,no,no,no,telephone,jul,thu,77,1,999,0,nonexistent,1.4,93.91799999999999,-42.7,4.962,5228.1,no
32,student,single,high.school,no,yes,no,cellular,jul,thu,853,2,999,0,nonexistent,1.4,93.91799999999999,-42.7,4.962,5228.1,yes
57,management,married,university.degree,no,no,no,cellular,jul,thu,164,1,999,0,nonexistent,1.4,93.91799999999999,-42.7,4.962,5228.1,no
43,entrepreneur,married,high.school,no,yes,no,cellular,jul,thu,380,1,999,0,nonexistent,1.4,93.91799999999999,-42.7,4.962,5228.1,no
31,blue-collar,married,basic.4y,no,yes,no,cellular,jul,thu,467,1,999,0,nonexistent,1.4,93.91799999999999,-42.7,4.962,5228.1,no
54,services,married,high.school,unknown,no,yes,cellular,jul,thu,338,1,999,0,nonexistent,1.4,93.91799999999999,-42.7,4.962,5228.1,no
50,technician,married,professional.course,no,no,yes,cellular,jul,thu,168,1,999,0,nonexistent,1.4,93.91799999999999,-42.7,4.962,5228.1,no
54,technician,married,professional.course,unknown,no,yes,cellular,jul,thu,157,1,999,0,nonexistent,1.4,93.91799999999999,-42.7,4.962,5228.1,no
59,technician,married,professional.course,no,no,no,cellular,jul,thu,464,1,999,0,nonexistent,1.4,93.91799999999999,-42.7,4.962,5228.1,no
27,services,single,high.school,no,yes,no,cellular,jul,thu,211,2,999,0,nonexistent,1.4,93.91799999999999,-42.7,4.962,5228.1,no
56,services,married,high.school,unknown,yes,no,telephone,jul,thu,279,11,999,0,nonexistent,1.4,93.91799999999999,-42.7,4.962,5228.1,no
47,technician,divorced,high.school,no,yes,no,cellular,jul,thu,335,2,999,0,nonexistent,1.4,93.91799999999999,-42.7,4.962,5228.1,no
33,technician,single,high.school,no,yes,no,cellular,jul,thu,209,1,999,0,nonexistent,1.4,93.91799999999999,-42.7,4.962,5228.1,no
56,services,married,high.school,unknown,no,yes,cellular,jul,thu,775,1,999,0,nonexistent,1.4,93.91799999999999,-42.7,4.962,5228.1,no
40,services,married,basic.9y,unknown,no,no,cellular,jul,thu,63,1,999,0,nonexistent,1.4,93.91799999999999,-42.7,4.962,5228.1,no
49,blue-collar,married,basic.9y,unknown,no,no,cellular,jul,thu,71,1,999,0,nonexistent,1.4,93.91799999999999,-42.7,4.962,5228.1,no
49,technician,married,basic.4y,no,yes,no,cellular,jul,thu,197,1,999,0,nonexistent,1.4,93.91799999999999,-42.7,4.962,5228.1,no
31,entrepreneur,single,university.degree,no,yes,no,cellular,jul,thu,329,1,999,0,nonexistent,1.4,93.91799999999999,-42.7,4.962,5228.1,no
49,technician,married,professional.course,no,no,yes,cellular,jul,thu,70,2,999,0,nonexistent,1.4,93.91799999999999,-42.7,4.962,5228.1,no
46,blue-collar,married,high.school,unknown,yes,no,cellular,jul,thu,53,5,999,0,nonexistent,1.4,93.91799999999999,-42.7,4.962,5228.1,no
33,technician,single,basic.9y,no,no,no,cellular,jul,thu,142,1,999,0,nonexistent,1.4,93.91799999999999,-42.7,4.962,5228.1,no
23,blue-collar,single,basic.9y,no,yes,no,cellular,jul,thu,523,2,999,0,nonexistent,1.4,93.91799999999999,-42.7,4.962,5228.1,no
44,admin.,married,university.degree,no,yes,no,cellular,jul,thu,604,1,999,0,nonexistent,1.4,93.91799999999999,-42.7,4.962,5228.1,no
53,technician,married,basic.9y,no,yes,no,cellular,jul,thu,144,1,999,0,nonexistent,1.4,93.91799999999999,-42.7,4.962,5228.1,no
53,entrepreneur,married,university.degree,no,yes,no,cellular,jul,thu,302,1,999,0,nonexistent,1.4,93.91799999999999,-42.7,4.962,5228.1,no
58,blue-collar,married,basic.9y,no,no,no,cellular,jul,thu,205,1,999,0,nonexistent,1.4,93.91799999999999,-42.7,4.962,5228.1,no
59,admin.,married,basic.4y,unknown,yes,no,cellular,jul,thu,137,1,999,0,nonexistent,1.4,93.91799999999999,-42.7,4.962,5228.1,no
54,services,married,basic.9y,unknown,yes,no,cellular,jul,thu,58,2,999,0,nonexistent,1.4,93.91799999999999,-42.7,4.962,5228.1,no
47,technician,divorced,high.school,no,yes,no,cellular,jul,thu,100,2,999,0,nonexistent,1.4,93.91799999999999,-42.7,4.962,5228.1,no
52,retired,single,basic.9y,no,no,no,telephone,jul,thu,239,6,999,0,nonexistent,1.4,93.91799999999999,-42.7,4.962,5228.1,no
54,technician,married,high.school,unknown,no,no,cellular,jul,thu,1756,1,999,0,nonexistent,1.4,93.91799999999999,-42.7,4.962,5228.1,no
45,services,married,high.school,no,no,no,cellular,jul,thu,77,1,999,0,nonexistent,1.4,93.91799999999999,-42.7,4.962,5228.1,no
54,services,single,basic.9y,no,no,yes,cellular,jul,thu,169,1,999,0,nonexistent,1.4,93.91799999999999,-42.7,4.962,5228.1,no
57,self-employed,married,university.degree,no,no,yes,cellular,jul,thu,1441,2,999,0,nonexistent,1.4,93.91799999999999,-42.7,4.962,5228.1,yes
52,technician,married,professional.course,no,no,no,cellular,jul,thu,71,1,999,0,nonexistent,1.4,93.91799999999999,-42.7,4.962,5228.1,no
53,technician,married,unknown,no,yes,no,cellular,jul,thu,38,1,999,0,nonexistent,1.4,93.91799999999999,-42.7,4.962,5228.1,no
52,technician,married,professional.course,no,no,no,cellular,jul,thu,191,1,999,0,nonexistent,1.4,93.91799999999999,-42.7,4.962,5228.1,no
51,services,single,high.school,unknown,no,no,cellular,jul,thu,171,1,999,0,nonexistent,1.4,93.91799999999999,-42.7,4.962,5228.1,no
47,technician,divorced,high.school,no,yes,no,cellular,jul,thu,149,2,999,0,nonexistent,1.4,93.91799999999999,-42.7,4.962,5228.1,no
53,blue-collar,married,unknown,unknown,unknown,unknown,telephone,jul,thu,747,1,999,0,nonexistent,1.4,93.91799999999999,-42.7,4.962,5228.1,no
44,admin.,married,university.degree,no,no,no,cellular,jul,thu,186,2,999,0,nonexistent,1.4,93.91799999999999,-42.7,4.962,5228.1,no
46,technician,divorced,university.degree,no,yes,no,cellular,jul,thu,223,2,999,0,nonexistent,1.4,93.91799999999999,-42.7,4.962,5228.1,no
48,management,married,university.degree,no,yes,yes,telephone,jul,thu,154,1,999,0,nonexistent,1.4,93.91799999999999,-42.7,4.962,5228.1,no
52,blue-collar,married,basic.9y,no,yes,no,telephone,jul,thu,60,1,999,0,nonexistent,1.4,93.91799999999999,-42.7,4.962,5228.1,no
39,services,divorced,high.school,no,no,no,cellular,jul,thu,151,2,999,0,nonexistent,1.4,93.91799999999999,-42.7,4.962,5228.1,no
38,admin.,divorced,high.school,no,no,no,cellular,jul,thu,188,1,999,0,nonexistent,1.4,93.91799999999999,-42.7,4.962,5228.1,no
54,technician,married,university.degree,no,yes,no,cellular,jul,thu,185,6,999,0,nonexistent,1.4,93.91799999999999,-42.7,4.962,5228.1,no
36,management,married,unknown,unknown,yes,no,cellular,jul,thu,171,1,999,0,nonexistent,1.4,93.91799999999999,-42.7,4.962,5228.1,no
48,blue-collar,married,basic.4y,unknown,yes,no,cellular,jul,thu,203,1,999,0,nonexistent,1.4,93.91799999999999,-42.7,4.962,5228.1,no
44,services,married,high.school,unknown,unknown,unknown,cellular,jul,thu,84,1,999,0,nonexistent,1.4,93.91799999999999,-42.7,4.962,5228.1,no
55,admin.,married,basic.4y,no,no,no,cellular,jul,thu,134,1,999,0,nonexistent,1.4,93.91799999999999,-42.7,4.962,5228.1,no
57,self-employed,married,basic.4y,no,yes,yes,cellular,jul,thu,164,2,999,0,nonexistent,1.4,93.91799999999999,-42.7,4.962,5228.1,no
49,technician,married,professional.course,no,yes,no,cellular,jul,thu,15,3,999,0,nonexistent,1.4,93.91799999999999,-42.7,4.962,5228.1,no
43,blue-collar,single,basic.9y,no,no,no,cellular,jul,thu,386,2,999,0,nonexistent,1.4,93.91799999999999,-42.7,4.962,5228.1,no
43,blue-collar,married,basic.9y,unknown,no,no,cellular,jul,thu,401,1,999,0,nonexistent,1.4,93.91799999999999,-42.7,4.962,5228.1,no
51,housemaid,divorced,high.school,no,yes,yes,cellular,jul,thu,137,1,999,0,nonexistent,1.4,93.91799999999999,-42.7,4.962,5228.1,no
52,services,married,high.school,unknown,no,no,cellular,jul,thu,200,1,999,0,nonexistent,1.4,93.91799999999999,-42.7,4.962,5228.1,no
41,blue-collar,single,basic.6y,unknown,no,no,cellular,jul,thu,225,1,999,0,nonexistent,1.4,93.91799999999999,-42.7,4.962,5228.1,no
45,admin.,married,unknown,unknown,yes,no,cellular,jul,thu,92,1,999,0,nonexistent,1.4,93.91799999999999,-42.7,4.962,5228.1,no
45,admin.,married,unknown,unknown,no,no,cellular,jul,thu,188,1,999,0,nonexistent,1.4,93.91799999999999,-42.7,4.962,5228.1,no
39,self-employed,single,high.school,no,no,no,cellular,jul,thu,168,2,999,0,nonexistent,1.4,93.91799999999999,-42.7,4.962,5228.1,no
45,admin.,married,unknown,unknown,yes,no,cellular,jul,thu,651,1,999,0,nonexistent,1.4,93.91799999999999,-42.7,4.962,5228.1,yes
57,blue-collar,married,basic.4y,no,yes,no,telephone,jul,thu,305,1,999,0,nonexistent,1.4,93.91799999999999,-42.7,4.962,5228.1,no
46,blue-collar,married,high.school,unknown,yes,no,cellular,jul,thu,497,2,999,0,nonexistent,1.4,93.91799999999999,-42.7,4.962,5228.1,no
41,entrepreneur,single,high.school,no,yes,no,cellular,jul,thu,205,3,999,0,nonexistent,1.4,93.91799999999999,-42.7,4.962,5228.1,no
51,housemaid,married,basic.4y,no,yes,no,telephone,jul,thu,179,4,999,0,nonexistent,1.4,93.91799999999999,-42.7,4.962,5228.1,no
34,services,divorced,high.school,no,no,no,telephone,jul,thu,212,4,999,0,nonexistent,1.4,93.91799999999999,-42.7,4.962,5228.1,no
30,admin.,single,university.degree,no,yes,no,cellular,jul,thu,39,2,999,0,nonexistent,1.4,93.91799999999999,-42.7,4.962,5228.1,no
24,services,single,high.school,no,yes,no,cellular,jul,thu,576,2,999,0,nonexistent,1.4,93.91799999999999,-42.7,4.962,5228.1,no
46,blue-collar,married,basic.6y,no,yes,yes,cellular,jul,thu,94,2,999,0,nonexistent,1.4,93.91799999999999,-42.7,4.962,5228.1,no
57,blue-collar,married,unknown,no,yes,no,cellular,jul,thu,240,5,999,0,nonexistent,1.4,93.91799999999999,-42.7,4.962,5228.1,no
57,technician,married,professional.course,no,yes,no,cellular,jul,thu,147,1,999,0,nonexistent,1.4,93.91799999999999,-42.7,4.962,5228.1,no
43,technician,married,high.school,no,yes,no,cellular,jul,thu,604,1,999,0,nonexistent,1.4,93.91799999999999,-42.7,4.962,5228.1,no
37,blue-collar,single,basic.9y,no,no,no,cellular,jul,thu,211,1,999,0,nonexistent,1.4,93.91799999999999,-42.7,4.962,5228.1,no
35,blue-collar,married,unknown,no,yes,no,cellular,jul,thu,120,1,999,0,nonexistent,1.4,93.91799999999999,-42.7,4.962,5228.1,no
29,entrepreneur,married,high.school,no,yes,no,cellular,jul,thu,169,1,999,0,nonexistent,1.4,93.91799999999999,-42.7,4.962,5228.1,no
34,blue-collar,divorced,basic.6y,no,yes,no,cellular,jul,thu,1491,2,999,0,nonexistent,1.4,93.91799999999999,-42.7,4.962,5228.1,yes
53,blue-collar,married,unknown,no,no,no,cellular,jul,thu,131,1,999,0,nonexistent,1.4,93.91799999999999,-42.7,4.962,5228.1,no
53,unknown,single,unknown,no,yes,no,cellular,jul,thu,343,1,999,0,nonexistent,1.4,93.91799999999999,-42.7,4.962,5228.1,no
23,blue-collar,single,basic.9y,no,yes,no,telephone,jul,thu,308,4,999,0,nonexistent,1.4,93.91799999999999,-42.7,4.962,5228.1,no
32,technician,single,university.degree,no,yes,no,telephone,jul,thu,119,2,999,0,nonexistent,1.4,93.91799999999999,-42.7,4.962,5228.1,no
45,admin.,married,unknown,unknown,yes,no,cellular,jul,thu,418,2,999,0,nonexistent,1.4,93.91799999999999,-42.7,4.962,5228.1,no
53,blue-collar,married,unknown,no,no,yes,cellular,jul,thu,821,1,999,0,nonexistent,1.4,93.91799999999999,-42.7,4.962,5228.1,no
50,blue-collar,married,basic.9y,unknown,yes,no,cellular,jul,thu,99,1,999,0,nonexistent,1.4,93.91799999999999,-42.7,4.962,5228.1,no
50,blue-collar,married,basic.9y,unknown,no,no,cellular,jul,thu,16,1,999,0,nonexistent,1.4,93.91799999999999,-42.7,4.962,5228.1,no
50,blue-collar,married,basic.9y,unknown,yes,no,cellular,jul,thu,78,1,999,0,nonexistent,1.4,93.91799999999999,-42.7,4.962,5228.1,no
50,unemployed,married,professional.course,unknown,yes,yes,cellular,jul,thu,225,1,999,0,nonexistent,1.4,93.91799999999999,-42.7,4.962,5228.1,no
53,management,married,unknown,unknown,yes,no,cellular,jul,thu,250,1,999,0,nonexistent,1.4,93.91799999999999,-42.7,4.962,5228.1,no
56,blue-collar,married,basic.4y,no,yes,no,cellular,jul,thu,208,1,999,0,nonexistent,1.4,93.91799999999999,-42.7,4.962,5228.1,no
55,blue-collar,married,basic.6y,unknown,no,no,cellular,jul,thu,23,1,999,0,nonexistent,1.4,93.91799999999999,-42.7,4.962,5228.1,no
40,blue-collar,single,professional.course,no,yes,no,cellular,jul,thu,498,1,999,0,nonexistent,1.4,93.91799999999999,-42.7,4.962,5228.1,no
55,blue-collar,married,basic.6y,unknown,unknown,unknown,cellular,jul,thu,78,1,999,0,nonexistent,1.4,93.91799999999999,-42.7,4.962,5228.1,no
42,management,married,high.school,no,no,no,cellular,jul,thu,204,1,999,0,nonexistent,1.4,93.91799999999999,-42.7,4.962,5228.1,no
41,entrepreneur,single,high.school,no,yes,no,cellular,jul,thu,90,3,999,0,nonexistent,1.4,93.91799999999999,-42.7,4.962,5228.1,no
55,services,divorced,high.school,no,no,no,cellular,jul,thu,539,1,999,0,nonexistent,1.4,93.91799999999999,-42.7,4.962,5228.1,no
48,blue-collar,married,basic.4y,unknown,no,no,cellular,jul,thu,107,2,999,0,nonexistent,1.4,93.91799999999999,-42.7,4.962,5228.1,no
43,admin.,married,university.degree,no,no,no,cellular,jul,thu,48,4,999,0,nonexistent,1.4,93.91799999999999,-42.7,4.962,5228.1,no
51,admin.,married,university.degree,unknown,no,no,cellular,jul,thu,229,2,999,0,nonexistent,1.4,93.91799999999999,-42.7,4.962,5228.1,no
31,admin.,single,high.school,no,yes,no,cellular,jul,thu,304,2,999,0,nonexistent,1.4,93.91799999999999,-42.7,4.962,5228.1,no
27,services,single,high.school,no,no,no,cellular,jul,thu,129,2,999,0,nonexistent,1.4,93.91799999999999,-42.7,4.962,5228.1,no
48,admin.,married,high.school,no,yes,no,cellular,jul,thu,903,1,999,0,nonexistent,1.4,93.91799999999999,-42.7,4.962,5228.1,yes
29,admin.,single,university.degree,no,yes,no,telephone,jul,thu,122,12,999,0,nonexistent,1.4,93.91799999999999,-42.7,4.962,5228.1,no
30,admin.,single,university.degree,no,yes,no,cellular,jul,thu,873,8,999,0,nonexistent,1.4,93.91799999999999,-42.7,4.962,5228.1,yes
35,blue-collar,divorced,basic.9y,unknown,yes,no,cellular,jul,thu,248,1,999,0,nonexistent,1.4,93.91799999999999,-42.7,4.962,5228.1,no
55,unknown,married,basic.4y,no,yes,no,cellular,jul,thu,1298,1,999,0,nonexistent,1.4,93.91799999999999,-42.7,4.962,5228.1,yes
41,entrepreneur,single,high.school,no,yes,no,cellular,jul,thu,149,2,999,0,nonexistent,1.4,93.91799999999999,-42.7,4.962,5228.1,no
47,technician,divorced,high.school,no,yes,no,telephone,jul,thu,147,1,999,0,nonexistent,1.4,93.91799999999999,-42.7,4.962,5228.1,no
21,unemployed,married,high.school,no,yes,yes,cellular,jul,thu,85,3,999,0,nonexistent,1.4,93.91799999999999,-42.7,4.962,5228.1,no
32,technician,single,university.degree,no,yes,no,cellular,jul,thu,72,5,999,0,nonexistent,1.4,93.91799999999999,-42.7,4.962,5228.1,no
55,unknown,married,basic.4y,no,no,yes,cellular,jul,thu,185,1,999,0,nonexistent,1.4,93.91799999999999,-42.7,4.962,5228.1,no
43,blue-collar,single,basic.9y,no,no,no,telephone,jul,thu,28,4,999,0,nonexistent,1.4,93.91799999999999,-42.7,4.962,5228.1,no
54,retired,married,basic.9y,no,yes,no,cellular,jul,thu,148,1,999,0,nonexistent,1.4,93.91799999999999,-42.7,4.962,5228.1,no
43,blue-collar,married,unknown,no,yes,no,cellular,jul,thu,172,3,999,0,nonexistent,1.4,93.91799999999999,-42.7,4.962,5228.1,no
34,admin.,single,unknown,unknown,yes,no,cellular,jul,thu,51,2,999,0,nonexistent,1.4,93.91799999999999,-42.7,4.962,5228.1,no
36,management,married,university.degree,no,yes,yes,cellular,jul,thu,90,2,999,0,nonexistent,1.4,93.91799999999999,-42.7,4.962,5228.1,no
47,technician,divorced,high.school,no,no,yes,cellular,jul,thu,1869,1,999,0,nonexistent,1.4,93.91799999999999,-42.7,4.962,5228.1,no
59,unknown,married,unknown,no,yes,no,cellular,jul,thu,52,2,999,0,nonexistent,1.4,93.91799999999999,-42.7,4.962,5228.1,no
29,technician,single,professional.course,no,no,no,telephone,jul,thu,575,4,999,0,nonexistent,1.4,93.91799999999999,-42.7,4.962,5228.1,no
54,technician,married,basic.6y,no,yes,no,cellular,jul,thu,823,1,999,0,nonexistent,1.4,93.91799999999999,-42.7,4.962,5228.1,no
48,blue-collar,married,basic.4y,unknown,no,no,cellular,jul,thu,484,2,999,0,nonexistent,1.4,93.91799999999999,-42.7,4.962,5228.1,no
50,management,married,professional.course,no,unknown,unknown,cellular,jul,thu,230,2,999,0,nonexistent,1.4,93.91799999999999,-42.7,4.962,5228.1,no
54,technician,married,basic.6y,no,no,no,cellular,jul,thu,112,1,999,0,nonexistent,1.4,93.91799999999999,-42.7,4.962,5228.1,no
56,blue-collar,married,basic.4y,no,yes,no,cellular,jul,thu,81,3,999,0,nonexistent,1.4,93.91799999999999,-42.7,4.962,5228.1,no
39,services,divorced,high.school,no,yes,no,cellular,jul,thu,56,1,999,0,nonexistent,1.4,93.91799999999999,-42.7,4.962,5228.1,no
53,blue-collar,married,basic.9y,unknown,yes,no,cellular,jul,thu,332,3,999,0,nonexistent,1.4,93.91799999999999,-42.7,4.962,5228.1,no
53,technician,married,unknown,unknown,yes,no,cellular,jul,thu,988,5,999,0,nonexistent,1.4,93.91799999999999,-42.7,4.962,5228.1,no
25,blue-collar,single,basic.9y,no,no,yes,cellular,jul,thu,151,2,999,0,nonexistent,1.4,93.91799999999999,-42.7,4.962,5228.1,no
56,blue-collar,married,basic.4y,no,yes,no,cellular,jul,thu,132,1,999,0,nonexistent,1.4,93.91799999999999,-42.7,4.962,5228.1,no
25,blue-collar,single,basic.9y,no,yes,no,cellular,jul,thu,218,3,999,0,nonexistent,1.4,93.91799999999999,-42.7,4.962,5228.1,no
54,unemployed,married,university.degree,no,yes,no,cellular,jul,thu,773,2,999,0,nonexistent,1.4,93.91799999999999,-42.7,4.962,5228.1,no
38,blue-collar,single,high.school,unknown,no,no,cellular,jul,thu,147,3,999,0,nonexistent,1.4,93.91799999999999,-42.7,4.962,5228.1,no
57,blue-collar,married,basic.4y,no,yes,no,cellular,jul,thu,953,1,999,0,nonexistent,1.4,93.91799999999999,-42.7,4.962,5228.1,no
43,admin.,married,high.school,no,yes,no,cellular,jul,thu,1259,1,999,0,nonexistent,1.4,93.91799999999999,-42.7,4.962,5228.1,no
48,unemployed,married,basic.6y,no,yes,no,cellular,jul,thu,267,1,999,0,nonexistent,1.4,93.91799999999999,-42.7,4.962,5228.1,no
53,entrepreneur,married,university.degree,no,yes,yes,cellular,jul,thu,736,2,999,0,nonexistent,1.4,93.91799999999999,-42.7,4.962,5228.1,no
43,entrepreneur,married,high.school,no,no,no,cellular,jul,thu,362,1,999,0,nonexistent,1.4,93.91799999999999,-42.7,4.962,5228.1,no
33,technician,single,basic.9y,no,no,no,cellular,jul,thu,89,2,999,0,nonexistent,1.4,93.91799999999999,-42.7,4.962,5228.1,no
28,blue-collar,married,basic.4y,no,no,no,cellular,jul,thu,196,2,999,0,nonexistent,1.4,93.91799999999999,-42.7,4.962,5228.1,no
35,technician,single,professional.course,no,no,yes,cellular,jul,thu,346,2,999,0,nonexistent,1.4,93.91799999999999,-42.7,4.962,5228.1,no
32,blue-collar,married,basic.9y,no,no,no,cellular,jul,thu,79,3,999,0,nonexistent,1.4,93.91799999999999,-42.7,4.962,5228.1,no
48,unemployed,married,basic.6y,no,no,no,cellular,jul,thu,1850,1,999,0,nonexistent,1.4,93.91799999999999,-42.7,4.962,5228.1,yes
50,management,married,basic.9y,no,yes,yes,cellular,jul,thu,217,9,999,0,nonexistent,1.4,93.91799999999999,-42.7,4.962,5228.1,no
28,admin.,married,high.school,no,yes,no,cellular,jul,thu,119,3,999,0,nonexistent,1.4,93.91799999999999,-42.7,4.962,5228.1,no
30,blue-collar,married,basic.4y,no,yes,no,cellular,jul,thu,347,5,999,0,nonexistent,1.4,93.91799999999999,-42.7,4.962,5228.1,no
35,technician,single,professional.course,no,yes,yes,cellular,jul,thu,559,2,999,0,nonexistent,1.4,93.91799999999999,-42.7,4.962,5228.1,no
57,blue-collar,married,basic.4y,unknown,no,no,cellular,jul,thu,135,1,999,0,nonexistent,1.4,93.91799999999999,-42.7,4.962,5228.1,no
45,admin.,married,unknown,unknown,yes,no,telephone,jul,thu,27,2,999,0,nonexistent,1.4,93.91799999999999,-42.7,4.962,5228.1,no
41,blue-collar,married,high.school,no,yes,yes,cellular,jul,thu,126,6,999,0,nonexistent,1.4,93.91799999999999,-42.7,4.962,5228.1,no
27,services,single,high.school,no,no,no,telephone,jul,thu,101,14,999,0,nonexistent,1.4,93.91799999999999,-42.7,4.962,5228.1,no
42,services,divorced,high.school,no,yes,yes,cellular,jul,thu,464,1,999,0,nonexistent,1.4,93.91799999999999,-42.7,4.962,5228.1,no
57,blue-collar,married,basic.4y,no,yes,no,cellular,jul,thu,631,1,999,0,nonexistent,1.4,93.91799999999999,-42.7,4.962,5228.1,no
22,blue-collar,married,basic.9y,no,yes,no,cellular,jul,thu,203,1,999,0,nonexistent,1.4,93.91799999999999,-42.7,4.962,5228.1,no
59,retired,single,professional.course,unknown,yes,no,cellular,jul,thu,306,1,999,0,nonexistent,1.4,93.91799999999999,-42.7,4.962,5228.1,no
31,services,married,basic.9y,unknown,yes,no,cellular,jul,thu,318,1,999,0,nonexistent,1.4,93.91799999999999,-42.7,4.962,5228.1,no
43,entrepreneur,married,high.school,no,yes,no,cellular,jul,thu,810,1,999,0,nonexistent,1.4,93.91799999999999,-42.7,4.962,5228.1,no
48,admin.,married,high.school,unknown,yes,no,cellular,jul,thu,273,6,999,0,nonexistent,1.4,93.91799999999999,-42.7,4.962,5228.1,no
59,retired,single,professional.course,unknown,yes,no,telephone,jul,thu,780,1,999,0,nonexistent,1.4,93.91799999999999,-42.7,4.962,5228.1,no
44,admin.,married,university.degree,no,yes,yes,cellular,jul,thu,844,5,999,0,nonexistent,1.4,93.91799999999999,-42.7,4.962,5228.1,no
22,blue-collar,married,basic.9y,no,yes,no,cellular,jul,thu,448,1,999,0,nonexistent,1.4,93.91799999999999,-42.7,4.962,5228.1,no
49,management,married,high.school,no,no,no,telephone,jul,thu,258,2,999,0,nonexistent,1.4,93.91799999999999,-42.7,4.962,5228.1,no
59,technician,married,university.degree,unknown,no,no,cellular,jul,thu,213,10,999,0,nonexistent,1.4,93.91799999999999,-42.7,4.962,5228.1,no
50,management,married,university.degree,no,yes,no,cellular,jul,thu,161,2,999,0,nonexistent,1.4,93.91799999999999,-42.7,4.962,5228.1,no
59,entrepreneur,married,basic.4y,no,yes,no,cellular,jul,thu,82,3,999,0,nonexistent,1.4,93.91799999999999,-42.7,4.962,5228.1,no
48,blue-collar,married,unknown,no,no,no,cellular,jul,thu,730,2,999,0,nonexistent,1.4,93.91799999999999,-42.7,4.962,5228.1,no
58,blue-collar,married,unknown,unknown,yes,no,cellular,jul,thu,180,4,999,0,nonexistent,1.4,93.91799999999999,-42.7,4.962,5228.1,no
50,management,married,university.degree,unknown,unknown,unknown,cellular,jul,thu,367,2,999,0,nonexistent,1.4,93.91799999999999,-42.7,4.962,5228.1,no
33,technician,single,basic.9y,no,yes,no,cellular,jul,thu,144,3,999,0,nonexistent,1.4,93.91799999999999,-42.7,4.962,5228.1,no
43,blue-collar,married,basic.9y,unknown,yes,no,cellular,jul,thu,732,2,999,0,nonexistent,1.4,93.91799999999999,-42.7,4.962,5228.1,no
47,technician,divorced,high.school,no,yes,no,cellular,jul,thu,303,3,999,0,nonexistent,1.4,93.91799999999999,-42.7,4.962,5228.1,no
50,management,married,high.school,unknown,yes,no,cellular,jul,thu,90,6,999,0,nonexistent,1.4,93.91799999999999,-42.7,4.962,5228.1,no
54,technician,married,professional.course,no,no,yes,cellular,jul,thu,268,2,999,0,nonexistent,1.4,93.91799999999999,-42.7,4.962,5228.1,no
47,technician,divorced,high.school,no,yes,no,cellular,jul,thu,828,2,999,0,nonexistent,1.4,93.91799999999999,-42.7,4.962,5228.1,no
35,services,single,basic.9y,no,yes,no,cellular,jul,thu,136,2,999,0,nonexistent,1.4,93.91799999999999,-42.7,4.962,5228.1,no
33,admin.,married,university.degree,no,no,no,cellular,jul,thu,180,3,999,0,nonexistent,1.4,93.91799999999999,-42.7,4.962,5228.1,no
45,blue-collar,married,basic.4y,no,yes,no,cellular,jul,thu,367,2,999,0,nonexistent,1.4,93.91799999999999,-42.7,4.962,5228.1,yes
48,admin.,married,basic.9y,no,yes,no,cellular,jul,thu,347,5,999,0,nonexistent,1.4,93.91799999999999,-42.7,4.962,5228.1,no
57,unemployed,married,university.degree,no,yes,no,cellular,jul,thu,1173,4,999,0,nonexistent,1.4,93.91799999999999,-42.7,4.962,5228.1,no
41,entrepreneur,single,high.school,no,yes,no,telephone,jul,thu,153,2,999,0,nonexistent,1.4,93.91799999999999,-42.7,4.962,5228.1,no
57,admin.,married,university.degree,no,yes,no,cellular,jul,thu,73,10,999,0,nonexistent,1.4,93.91799999999999,-42.7,4.962,5228.1,no
56,unemployed,married,unknown,no,no,no,telephone,jul,thu,626,5,999,0,nonexistent,1.4,93.91799999999999,-42.7,4.962,5228.1,no
35,services,single,basic.9y,no,yes,no,cellular,jul,thu,123,5,999,0,nonexistent,1.4,93.91799999999999,-42.7,4.962,5228.1,no
35,technician,married,professional.course,no,yes,yes,cellular,jul,thu,77,3,999,0,nonexistent,1.4,93.91799999999999,-42.7,4.962,5228.1,no
28,unemployed,married,university.degree,no,yes,no,cellular,jul,thu,263,2,999,0,nonexistent,1.4,93.91799999999999,-42.7,4.962,5228.1,no
34,technician,divorced,university.degree,no,no,no,cellular,jul,thu,91,10,999,0,nonexistent,1.4,93.91799999999999,-42.7,4.962,5228.1,no
47,technician,divorced,high.school,no,no,yes,cellular,jul,thu,417,5,999,0,nonexistent,1.4,93.91799999999999,-42.7,4.962,5228.1,no
47,technician,divorced,high.school,no,no,no,telephone,jul,thu,393,3,999,0,nonexistent,1.4,93.91799999999999,-42.7,4.962,5228.1,no
55,unknown,married,basic.4y,no,yes,no,cellular,jul,thu,633,7,999,0,nonexistent,1.4,93.91799999999999,-42.7,4.962,5228.1,no
25,technician,divorced,high.school,no,yes,no,cellular,jul,thu,237,2,999,0,nonexistent,1.4,93.91799999999999,-42.7,4.962,5228.1,no
49,blue-collar,married,basic.9y,unknown,yes,no,cellular,jul,thu,180,19,999,0,nonexistent,1.4,93.91799999999999,-42.7,4.962,5228.1,no
34,management,single,university.degree,no,no,no,cellular,jul,thu,257,2,999,0,nonexistent,1.4,93.91799999999999,-42.7,4.962,5228.1,no
52,blue-collar,married,basic.9y,unknown,yes,no,cellular,jul,thu,212,3,999,0,nonexistent,1.4,93.91799999999999,-42.7,4.962,5228.1,no
26,technician,single,university.degree,no,no,no,telephone,jul,thu,447,4,999,0,nonexistent,1.4,93.91799999999999,-42.7,4.962,5228.1,no
57,self-employed,married,university.degree,no,no,no,telephone,jul,thu,552,16,999,0,nonexistent,1.4,93.91799999999999,-42.7,4.962,5228.1,no
51,housemaid,divorced,high.school,no,yes,no,cellular,jul,thu,241,2,999,0,nonexistent,1.4,93.91799999999999,-42.7,4.962,5228.1,no
59,unemployed,married,basic.4y,unknown,yes,no,cellular,jul,thu,458,9,999,0,nonexistent,1.4,93.91799999999999,-42.7,4.962,5228.1,yes
37,admin.,married,basic.6y,no,yes,yes,cellular,jul,thu,1602,6,999,0,nonexistent,1.4,93.91799999999999,-42.7,4.962,5228.1,yes
57,blue-collar,married,basic.4y,unknown,no,no,cellular,jul,fri,42,3,999,0,nonexistent,1.4,93.91799999999999,-42.7,4.962,5228.1,no
37,technician,married,basic.6y,unknown,no,no,cellular,jul,fri,130,2,999,0,nonexistent,1.4,93.91799999999999,-42.7,4.962,5228.1,no
49,technician,married,professional.course,unknown,no,no,cellular,jul,fri,197,6,999,0,nonexistent,1.4,93.91799999999999,-42.7,4.962,5228.1,no
48,admin.,single,high.school,no,no,no,cellular,jul,fri,52,3,999,0,nonexistent,1.4,93.91799999999999,-42.7,4.962,5228.1,no
35,admin.,single,high.school,no,no,no,cellular,jul,fri,441,12,999,0,nonexistent,1.4,93.91799999999999,-42.7,4.962,5228.1,no
52,blue-collar,married,unknown,unknown,yes,no,cellular,jul,fri,31,3,999,0,nonexistent,1.4,93.91799999999999,-42.7,4.962,5228.1,no
36,admin.,single,high.school,no,no,no,telephone,jul,fri,219,2,999,0,nonexistent,1.4,93.91799999999999,-42.7,4.962,5228.1,no
57,blue-collar,married,basic.4y,unknown,no,no,cellular,jul,fri,179,2,999,0,nonexistent,1.4,93.91799999999999,-42.7,4.962,5228.1,no
52,blue-collar,married,basic.9y,unknown,no,no,telephone,jul,fri,1492,2,999,0,nonexistent,1.4,93.91799999999999,-42.7,4.962,5228.1,yes
43,admin.,married,basic.9y,no,no,no,cellular,jul,fri,72,3,999,0,nonexistent,1.4,93.91799999999999,-42.7,4.962,5228.1,no
45,technician,divorced,unknown,unknown,no,no,cellular,jul,fri,64,2,999,0,nonexistent,1.4,93.91799999999999,-42.7,4.962,5228.1,no
43,entrepreneur,single,university.degree,no,no,yes,cellular,jul,fri,210,2,999,0,nonexistent,1.4,93.91799999999999,-42.7,4.962,5228.1,no
60,retired,married,high.school,unknown,no,no,telephone,jul,fri,133,7,999,0,nonexistent,1.4,93.91799999999999,-42.7,4.962,5228.1,no
49,admin.,divorced,high.school,no,no,no,cellular,jul,fri,203,2,999,0,nonexistent,1.4,93.91799999999999,-42.7,4.962,5228.1,no
41,admin.,married,basic.9y,unknown,no,no,cellular,jul,fri,823,3,999,0,nonexistent,1.4,93.91799999999999,-42.7,4.962,5228.1,no
52,blue-collar,married,basic.4y,unknown,no,yes,cellular,jul,fri,682,10,999,0,nonexistent,1.4,93.91799999999999,-42.7,4.962,5228.1,no
42,technician,married,professional.course,no,yes,no,cellular,jul,fri,154,2,999,0,nonexistent,1.4,93.91799999999999,-42.7,4.962,5228.1,no
49,management,married,university.degree,no,yes,no,telephone,jul,fri,150,2,999,0,nonexistent,1.4,93.91799999999999,-42.7,4.962,5228.1,no
46,technician,married,professional.course,no,yes,no,cellular,jul,fri,13,9,999,0,nonexistent,1.4,93.91799999999999,-42.7,4.962,5228.1,no
33,technician,single,high.school,no,yes,no,cellular,jul,fri,1422,2,999,0,nonexistent,1.4,93.91799999999999,-42.7,4.962,5228.1,yes
52,blue-collar,married,basic.4y,unknown,no,yes,cellular,jul,fri,114,12,999,0,nonexistent,1.4,93.91799999999999,-42.7,4.962,5228.1,no
31,admin.,divorced,high.school,no,no,yes,cellular,jul,fri,186,2,999,0,nonexistent,1.4,93.91799999999999,-42.7,4.962,5228.1,no
32,entrepreneur,divorced,university.degree,no,yes,yes,cellular,jul,fri,57,4,999,0,nonexistent,1.4,93.91799999999999,-42.7,4.962,5228.1,no
32,entrepreneur,divorced,university.degree,no,no,no,cellular,jul,fri,123,16,999,0,nonexistent,1.4,93.91799999999999,-42.7,4.962,5228.1,no
28,services,single,high.school,no,no,no,cellular,jul,fri,102,2,999,0,nonexistent,1.4,93.91799999999999,-42.7,4.962,5228.1,no
56,services,married,high.school,no,yes,yes,cellular,jul,fri,65,4,999,0,nonexistent,1.4,93.91799999999999,-42.7,4.962,5228.1,no
50,technician,married,university.degree,no,no,no,telephone,jul,fri,78,5,999,0,nonexistent,1.4,93.91799999999999,-42.7,4.962,5228.1,no
36,services,married,high.school,no,yes,no,cellular,jul,fri,303,3,999,0,nonexistent,1.4,93.91799999999999,-42.7,4.962,5228.1,no
47,technician,divorced,professional.course,no,no,yes,cellular,jul,fri,43,7,999,0,nonexistent,1.4,93.91799999999999,-42.7,4.962,5228.1,no
32,admin.,single,high.school,no,yes,no,cellular,jul,fri,212,2,999,0,nonexistent,1.4,93.91799999999999,-42.7,4.962,5228.1,no
35,admin.,single,university.degree,unknown,yes,no,cellular,jul,fri,111,2,999,0,nonexistent,1.4,93.91799999999999,-42.7,4.962,5228.1,no
42,admin.,married,university.degree,no,no,no,cellular,jul,fri,591,3,999,0,nonexistent,1.4,93.91799999999999,-42.7,4.962,5228.1,no
54,blue-collar,married,basic.9y,unknown,yes,no,cellular,jul,fri,602,5,999,0,nonexistent,1.4,93.91799999999999,-42.7,4.962,5228.1,no
51,entrepreneur,married,basic.6y,unknown,no,no,cellular,jul,fri,190,2,999,0,nonexistent,1.4,93.91799999999999,-42.7,4.962,5228.1,no
27,services,single,high.school,no,no,yes,cellular,jul,fri,616,5,999,0,nonexistent,1.4,93.91799999999999,-42.7,4.962,5228.1,yes
46,admin.,married,professional.course,no,no,no,cellular,jul,fri,359,1,999,0,nonexistent,1.4,93.91799999999999,-42.7,4.962,5228.1,no
47,blue-collar,married,basic.4y,unknown,no,yes,cellular,jul,fri,110,1,999,0,nonexistent,1.4,93.91799999999999,-42.7,4.962,5228.1,no
27,technician,single,high.school,no,no,no,cellular,jul,fri,198,1,999,0,nonexistent,1.4,93.91799999999999,-42.7,4.962,5228.1,no
53,management,married,university.degree,no,yes,no,cellular,jul,fri,136,5,999,0,nonexistent,1.4,93.91799999999999,-42.7,4.962,5228.1,no
55,technician,married,unknown,no,no,no,cellular,jul,fri,173,8,999,0,nonexistent,1.4,93.91799999999999,-42.7,4.962,5228.1,no
38,blue-collar,divorced,high.school,no,no,no,cellular,jul,fri,294,1,999,0,nonexistent,1.4,93.91799999999999,-42.7,4.962,5228.1,no
27,technician,single,high.school,no,yes,no,cellular,jul,fri,784,1,999,0,nonexistent,1.4,93.91799999999999,-42.7,4.962,5228.1,yes
40,admin.,married,university.degree,no,yes,no,cellular,jul,fri,310,1,999,0,nonexistent,1.4,93.91799999999999,-42.7,4.962,5228.1,no
42,blue-collar,single,basic.4y,no,yes,yes,cellular,jul,fri,107,4,999,0,nonexistent,1.4,93.91799999999999,-42.7,4.962,5228.1,no
43,admin.,single,high.school,no,yes,no,cellular,jul,fri,110,1,999,0,nonexistent,1.4,93.91799999999999,-42.7,4.962,5228.1,no
34,blue-collar,single,unknown,no,no,yes,cellular,jul,fri,1000,1,999,0,nonexistent,1.4,93.91799999999999,-42.7,4.962,5228.1,yes
39,admin.,single,high.school,no,yes,no,cellular,jul,fri,361,1,999,0,nonexistent,1.4,93.91799999999999,-42.7,4.962,5228.1,no
50,retired,married,professional.course,no,yes,no,cellular,jul,fri,695,1,999,0,nonexistent,1.4,93.91799999999999,-42.7,4.962,5228.1,yes
52,blue-collar,single,unknown,unknown,no,yes,cellular,jul,fri,137,11,999,0,nonexistent,1.4,93.91799999999999,-42.7,4.962,5228.1,no
43,admin.,single,high.school,no,yes,no,cellular,jul,fri,335,1,999,0,nonexistent,1.4,93.91799999999999,-42.7,4.962,5228.1,no
44,admin.,married,unknown,no,no,no,cellular,jul,fri,735,1,999,0,nonexistent,1.4,93.91799999999999,-42.7,4.962,5228.1,yes
55,unemployed,married,high.school,no,yes,yes,cellular,jul,fri,57,5,999,0,nonexistent,1.4,93.91799999999999,-42.7,4.962,5228.1,no
28,blue-collar,single,basic.9y,no,no,no,cellular,jul,fri,159,1,999,0,nonexistent,1.4,93.91799999999999,-42.7,4.962,5228.1,no
39,admin.,single,high.school,no,yes,no,cellular,jul,fri,337,1,999,0,nonexistent,1.4,93.91799999999999,-42.7,4.962,5228.1,no
28,blue-collar,single,basic.9y,no,yes,no,cellular,jul,fri,267,1,999,0,nonexistent,1.4,93.91799999999999,-42.7,4.962,5228.1,no
28,blue-collar,single,basic.9y,no,no,no,cellular,jul,fri,803,1,999,0,nonexistent,1.4,93.91799999999999,-42.7,4.962,5228.1,no
45,technician,married,university.degree,no,yes,no,cellular,jul,fri,115,1,999,0,nonexistent,1.4,93.91799999999999,-42.7,4.962,5228.1,no
32,blue-collar,married,professional.course,no,yes,no,telephone,jul,fri,168,1,999,0,nonexistent,1.4,93.91799999999999,-42.7,4.962,5228.1,no
44,blue-collar,married,unknown,unknown,no,no,cellular,jul,fri,18,2,999,0,nonexistent,1.4,93.91799999999999,-42.7,4.962,5228.1,no
48,admin.,married,university.degree,no,no,no,cellular,jul,fri,54,1,999,0,nonexistent,1.4,93.91799999999999,-42.7,4.962,5228.1,no
38,technician,single,unknown,no,yes,no,cellular,jul,fri,172,1,999,0,nonexistent,1.4,93.91799999999999,-42.7,4.962,5228.1,no
32,blue-collar,married,professional.course,no,no,no,cellular,jul,fri,256,1,999,0,nonexistent,1.4,93.91799999999999,-42.7,4.962,5228.1,no
36,services,single,high.school,no,yes,no,cellular,jul,fri,862,1,999,0,nonexistent,1.4,93.91799999999999,-42.7,4.962,5228.1,yes
45,technician,divorced,unknown,unknown,no,no,cellular,jul,fri,134,1,999,0,nonexistent,1.4,93.91799999999999,-42.7,4.962,5228.1,no
52,admin.,married,high.school,no,no,no,cellular,jul,fri,324,1,999,0,nonexistent,1.4,93.91799999999999,-42.7,4.962,5228.1,no
44,blue-collar,married,basic.4y,no,yes,no,cellular,jul,fri,65,5,999,0,nonexistent,1.4,93.91799999999999,-42.7,4.962,5228.1,no
40,admin.,single,university.degree,no,yes,no,cellular,jul,fri,250,1,999,0,nonexistent,1.4,93.91799999999999,-42.7,4.962,5228.1,no
40,admin.,single,university.degree,no,yes,no,cellular,jul,fri,198,1,999,0,nonexistent,1.4,93.91799999999999,-42.7,4.962,5228.1,no
42,blue-collar,single,basic.4y,no,yes,no,cellular,jul,fri,112,2,999,0,nonexistent,1.4,93.91799999999999,-42.7,4.962,5228.1,no
56,technician,married,unknown,unknown,yes,no,cellular,jul,fri,86,4,999,0,nonexistent,1.4,93.91799999999999,-42.7,4.962,5228.1,no
50,admin.,married,university.degree,no,yes,no,cellular,jul,fri,127,1,999,0,nonexistent,1.4,93.91799999999999,-42.7,4.962,5228.1,no
48,admin.,divorced,university.degree,unknown,yes,no,cellular,jul,fri,246,2,999,0,nonexistent,1.4,93.91799999999999,-42.7,4.962,5228.1,no
51,retired,married,basic.9y,unknown,yes,no,cellular,jul,fri,50,1,999,0,nonexistent,1.4,93.91799999999999,-42.7,4.962,5228.1,no
43,admin.,single,high.school,no,yes,no,cellular,jul,fri,71,2,999,0,nonexistent,1.4,93.91799999999999,-42.7,4.962,5228.1,no
35,services,single,basic.9y,no,no,no,cellular,jul,fri,61,2,999,0,nonexistent,1.4,93.91799999999999,-42.7,4.962,5228.1,no
39,self-employed,married,basic.6y,no,yes,no,cellular,jul,fri,40,1,999,0,nonexistent,1.4,93.91799999999999,-42.7,4.962,5228.1,no
53,retired,married,high.school,no,no,no,cellular,jul,fri,720,2,999,0,nonexistent,1.4,93.91799999999999,-42.7,4.962,5228.1,no
40,technician,married,professional.course,no,no,no,cellular,jul,fri,175,1,999,0,nonexistent,1.4,93.91799999999999,-42.7,4.962,5228.1,no
27,admin.,married,university.degree,no,yes,no,cellular,jul,fri,226,1,999,0,nonexistent,1.4,93.91799999999999,-42.7,4.962,5228.1,no
27,admin.,married,university.degree,no,unknown,unknown,cellular,jul,fri,352,1,999,0,nonexistent,1.4,93.91799999999999,-42.7,4.962,5228.1,no
52,blue-collar,married,unknown,unknown,no,no,cellular,jul,fri,227,1,999,0,nonexistent,1.4,93.91799999999999,-42.7,4.962,5228.1,no
32,blue-collar,married,basic.4y,no,no,no,telephone,jul,fri,110,1,999,0,nonexistent,1.4,93.91799999999999,-42.7,4.962,5228.1,no
29,services,single,university.degree,no,no,no,cellular,jul,fri,246,1,999,0,nonexistent,1.4,93.91799999999999,-42.7,4.962,5228.1,no
51,technician,divorced,professional.course,no,no,no,cellular,jul,fri,63,1,999,0,nonexistent,1.4,93.91799999999999,-42.7,4.962,5228.1,no
38,admin.,married,university.degree,no,no,no,cellular,jul,fri,188,5,999,0,nonexistent,1.4,93.91799999999999,-42.7,4.962,5228.1,no
42,technician,single,professional.course,no,yes,no,cellular,jul,fri,98,1,999,0,nonexistent,1.4,93.91799999999999,-42.7,4.962,5228.1,no
47,blue-collar,married,basic.6y,unknown,no,no,cellular,jul,fri,51,1,999,0,nonexistent,1.4,93.91799999999999,-42.7,4.962,5228.1,no
27,technician,single,unknown,no,yes,no,cellular,jul,fri,238,1,999,0,nonexistent,1.4,93.91799999999999,-42.7,4.962,5228.1,no
45,admin.,married,professional.course,no,no,no,cellular,jul,fri,49,1,999,0,nonexistent,1.4,93.91799999999999,-42.7,4.962,5228.1,no
35,management,married,university.degree,no,no,no,cellular,jul,fri,102,2,999,0,nonexistent,1.4,93.91799999999999,-42.7,4.962,5228.1,no
48,admin.,single,high.school,no,no,yes,cellular,jul,fri,18,7,999,0,nonexistent,1.4,93.91799999999999,-42.7,4.962,5228.1,no
46,technician,divorced,university.degree,unknown,yes,no,telephone,jul,fri,1946,4,999,0,nonexistent,1.4,93.91799999999999,-42.7,4.962,5228.1,yes
50,admin.,married,university.degree,no,no,no,cellular,jul,fri,99,1,999,0,nonexistent,1.4,93.91799999999999,-42.7,4.962,5228.1,no
57,blue-collar,married,basic.4y,unknown,yes,no,cellular,jul,fri,153,1,999,0,nonexistent,1.4,93.91799999999999,-42.7,4.962,5228.1,no
60,retired,married,high.school,unknown,yes,no,telephone,jul,fri,297,2,999,0,nonexistent,1.4,93.91799999999999,-42.7,4.962,5228.1,no
60,retired,married,basic.6y,unknown,no,no,cellular,jul,fri,135,1,999,0,nonexistent,1.4,93.91799999999999,-42.7,4.962,5228.1,no
60,retired,married,basic.6y,unknown,no,no,cellular,jul,fri,95,1,999,0,nonexistent,1.4,93.91799999999999,-42.7,4.962,5228.1,no
57,blue-collar,married,basic.4y,unknown,yes,no,telephone,jul,fri,182,1,999,0,nonexistent,1.4,93.91799999999999,-42.7,4.962,5228.1,no
51,technician,divorced,unknown,unknown,yes,no,cellular,jul,fri,102,1,999,0,nonexistent,1.4,93.91799999999999,-42.7,4.962,5228.1,no
51,blue-collar,married,basic.4y,no,no,no,cellular,jul,fri,46,1,999,0,nonexistent,1.4,93.91799999999999,-42.7,4.962,5228.1,no
45,admin.,married,professional.course,no,no,no,cellular,jul,fri,1106,1,999,0,nonexistent,1.4,93.91799999999999,-42.7,4.962,5228.1,no
56,blue-collar,married,basic.9y,unknown,no,no,cellular,jul,fri,236,8,999,0,nonexistent,1.4,93.91799999999999,-42.7,4.962,5228.1,no
43,blue-collar,married,high.school,no,yes,yes,cellular,jul,fri,132,5,999,0,nonexistent,1.4,93.91799999999999,-42.7,4.962,5228.1,no
31,entrepreneur,married,university.degree,no,yes,no,cellular,jul,fri,94,2,999,0,nonexistent,1.4,93.91799999999999,-42.7,4.962,5228.1,no
54,unemployed,married,high.school,unknown,no,no,cellular,jul,fri,203,1,999,0,nonexistent,1.4,93.91799999999999,-42.7,4.962,5228.1,no
57,retired,single,basic.4y,no,no,no,telephone,jul,fri,102,4,999,0,nonexistent,1.4,93.91799999999999,-42.7,4.962,5228.1,no
39,admin.,married,high.school,no,no,no,cellular,jul,fri,184,2,999,0,nonexistent,1.4,93.91799999999999,-42.7,4.962,5228.1,no
50,technician,married,university.degree,no,yes,no,cellular,jul,fri,367,1,999,0,nonexistent,1.4,93.91799999999999,-42.7,4.962,5228.1,no
47,admin.,married,basic.6y,no,yes,no,cellular,jul,fri,426,1,999,0,nonexistent,1.4,93.91799999999999,-42.7,4.962,5228.1,no
45,admin.,divorced,high.school,no,yes,no,cellular,jul,fri,800,2,999,0,nonexistent,1.4,93.91799999999999,-42.7,4.962,5228.1,no
58,retired,married,professional.course,no,yes,no,cellular,jul,fri,96,2,999,0,nonexistent,1.4,93.91799999999999,-42.7,4.962,5228.1,no
46,technician,divorced,university.degree,no,no,yes,cellular,jul,fri,165,3,999,0,nonexistent,1.4,93.91799999999999,-42.7,4.962,5228.1,no
55,blue-collar,married,basic.9y,no,no,no,cellular,jul,fri,357,1,999,0,nonexistent,1.4,93.91799999999999,-42.7,4.962,5228.1,no
53,technician,married,professional.course,unknown,no,no,cellular,jul,fri,69,1,999,0,nonexistent,1.4,93.91799999999999,-42.7,4.962,5228.1,no
54,retired,married,professional.course,no,yes,no,cellular,jul,fri,72,1,999,0,nonexistent,1.4,93.91799999999999,-42.7,4.962,5228.1,no
53,technician,married,professional.course,unknown,no,no,cellular,jul,fri,209,1,999,0,nonexistent,1.4,93.91799999999999,-42.7,4.962,5228.1,no
40,blue-collar,married,basic.9y,unknown,no,yes,cellular,jul,fri,49,1,999,0,nonexistent,1.4,93.91799999999999,-42.7,4.962,5228.1,no
51,housemaid,married,basic.4y,unknown,yes,no,cellular,jul,fri,135,2,999,0,nonexistent,1.4,93.91799999999999,-42.7,4.962,5228.1,no
28,blue-collar,single,basic.9y,no,yes,yes,cellular,jul,fri,132,5,999,0,nonexistent,1.4,93.91799999999999,-42.7,4.962,5228.1,no
56,technician,married,unknown,unknown,yes,no,cellular,jul,fri,177,1,999,0,nonexistent,1.4,93.91799999999999,-42.7,4.962,5228.1,no
27,admin.,married,university.degree,no,no,no,cellular,jul,fri,67,5,999,0,nonexistent,1.4,93.91799999999999,-42.7,4.962,5228.1,no
57,admin.,single,unknown,no,yes,no,cellular,jul,fri,153,2,999,0,nonexistent,1.4,93.91799999999999,-42.7,4.962,5228.1,no
51,services,married,high.school,unknown,yes,yes,cellular,jul,fri,239,5,999,0,nonexistent,1.4,93.91799999999999,-42.7,4.962,5228.1,no
38,technician,single,unknown,no,no,no,cellular,jul,fri,337,2,999,0,nonexistent,1.4,93.91799999999999,-42.7,4.962,5228.1,no
54,technician,married,professional.course,no,yes,no,telephone,jul,fri,149,1,999,0,nonexistent,1.4,93.91799999999999,-42.7,4.962,5228.1,no
51,blue-collar,married,basic.9y,unknown,yes,no,cellular,jul,fri,97,1,999,0,nonexistent,1.4,93.91799999999999,-42.7,4.962,5228.1,no
41,admin.,married,basic.9y,unknown,yes,no,cellular,jul,fri,471,2,999,0,nonexistent,1.4,93.91799999999999,-42.7,4.962,5228.1,no
48,admin.,single,high.school,no,yes,yes,telephone,jul,fri,214,2,999,0,nonexistent,1.4,93.91799999999999,-42.7,4.962,5228.1,no
54,technician,married,professional.course,no,no,no,cellular,jul,fri,796,1,999,0,nonexistent,1.4,93.91799999999999,-42.7,4.962,5228.1,no
58,retired,married,professional.course,no,yes,no,cellular,jul,fri,51,4,999,0,nonexistent,1.4,93.91799999999999,-42.7,4.962,5228.1,no
55,management,married,basic.9y,no,yes,no,telephone,jul,fri,106,3,999,0,nonexistent,1.4,93.91799999999999,-42.7,4.962,5228.1,no
52,blue-collar,married,basic.9y,unknown,yes,no,cellular,jul,fri,211,2,999,0,nonexistent,1.4,93.91799999999999,-42.7,4.962,5228.1,no
42,admin.,married,high.school,no,yes,no,cellular,jul,fri,311,6,999,0,nonexistent,1.4,93.91799999999999,-42.7,4.962,5228.1,no
34,technician,married,university.degree,no,yes,yes,cellular,jul,fri,483,3,999,0,nonexistent,1.4,93.91799999999999,-42.7,4.962,5228.1,no
58,retired,married,professional.course,no,yes,yes,cellular,jul,fri,605,1,999,0,nonexistent,1.4,93.91799999999999,-42.7,4.962,5228.1,no
50,blue-collar,married,basic.9y,unknown,yes,yes,cellular,jul,fri,110,1,999,0,nonexistent,1.4,93.91799999999999,-42.7,4.962,5228.1,no
48,blue-collar,married,basic.4y,unknown,no,no,cellular,jul,fri,276,1,999,0,nonexistent,1.4,93.91799999999999,-42.7,4.962,5228.1,no
53,admin.,married,university.degree,no,no,no,telephone,jul,fri,120,1,999,0,nonexistent,1.4,93.91799999999999,-42.7,4.962,5228.1,no
54,retired,married,professional.course,no,no,yes,cellular,jul,fri,39,3,999,0,nonexistent,1.4,93.91799999999999,-42.7,4.962,5228.1,no
39,admin.,married,university.degree,no,yes,no,cellular,jul,fri,127,1,999,0,nonexistent,1.4,93.91799999999999,-42.7,4.962,5228.1,no
52,blue-collar,married,basic.4y,unknown,no,no,cellular,jul,fri,80,1,999,0,nonexistent,1.4,93.91799999999999,-42.7,4.962,5228.1,no
59,retired,divorced,university.degree,no,no,no,telephone,jul,fri,87,1,999,0,nonexistent,1.4,93.91799999999999,-42.7,4.962,5228.1,no
28,blue-collar,single,basic.9y,no,no,no,cellular,jul,fri,66,2,999,0,nonexistent,1.4,93.91799999999999,-42.7,4.962,5228.1,no
42,admin.,single,high.school,no,no,no,cellular,jul,fri,163,1,999,0,nonexistent,1.4,93.91799999999999,-42.7,4.962,5228.1,no
54,unemployed,married,high.school,unknown,yes,no,cellular,jul,fri,83,2,999,0,nonexistent,1.4,93.91799999999999,-42.7,4.962,5228.1,no
51,technician,divorced,unknown,unknown,no,no,telephone,jul,fri,511,1,999,0,nonexistent,1.4,93.91799999999999,-42.7,4.962,5228.1,no
28,technician,single,unknown,no,yes,no,cellular,jul,fri,184,1,999,0,nonexistent,1.4,93.91799999999999,-42.7,4.962,5228.1,no
35,services,single,basic.9y,no,no,no,cellular,jul,fri,102,5,999,0,nonexistent,1.4,93.91799999999999,-42.7,4.962,5228.1,no
28,blue-collar,single,basic.9y,no,no,no,cellular,jul,fri,53,5,999,0,nonexistent,1.4,93.91799999999999,-42.7,4.962,5228.1,no
39,admin.,married,university.degree,no,no,no,cellular,jul,fri,743,13,999,0,nonexistent,1.4,93.91799999999999,-42.7,4.962,5228.1,yes
55,retired,married,basic.4y,unknown,yes,no,cellular,jul,fri,129,3,999,0,nonexistent,1.4,93.91799999999999,-42.7,4.962,5228.1,no
55,retired,married,basic.4y,unknown,yes,yes,cellular,jul,fri,258,1,999,0,nonexistent,1.4,93.91799999999999,-42.7,4.962,5228.1,no
56,admin.,married,university.degree,unknown,no,no,cellular,jul,fri,98,1,999,0,nonexistent,1.4,93.91799999999999,-42.7,4.962,5228.1,no
48,self-employed,divorced,professional.course,no,no,no,telephone,jul,fri,657,2,999,0,nonexistent,1.4,93.91799999999999,-42.7,4.962,5228.1,no
54,blue-collar,married,basic.9y,no,no,no,cellular,jul,fri,261,3,999,0,nonexistent,1.4,93.91799999999999,-42.7,4.962,5228.1,no
26,services,married,high.school,no,yes,no,cellular,jul,fri,442,12,999,0,nonexistent,1.4,93.91799999999999,-42.7,4.962,5228.1,no
60,management,married,university.degree,no,no,no,cellular,jul,fri,241,2,999,0,nonexistent,1.4,93.91799999999999,-42.7,4.962,5228.1,no
49,technician,married,professional.course,unknown,yes,yes,cellular,jul,fri,152,1,999,0,nonexistent,1.4,93.91799999999999,-42.7,4.962,5228.1,no
55,unemployed,married,high.school,no,yes,yes,cellular,jul,fri,730,1,999,0,nonexistent,1.4,93.91799999999999,-42.7,4.962,5228.1,no
52,blue-collar,married,basic.4y,unknown,yes,no,cellular,jul,fri,36,1,999,0,nonexistent,1.4,93.91799999999999,-42.7,4.962,5228.1,no
30,technician,married,high.school,no,no,no,cellular,jul,fri,1161,26,999,0,nonexistent,1.4,93.91799999999999,-42.7,4.962,5228.1,no
58,admin.,married,basic.9y,no,no,no,cellular,jul,fri,90,7,999,0,nonexistent,1.4,93.91799999999999,-42.7,4.962,5228.1,no
50,technician,married,university.degree,no,no,no,cellular,jul,fri,95,1,999,0,nonexistent,1.4,93.91799999999999,-42.7,4.962,5228.1,no
56,admin.,married,university.degree,no,yes,yes,cellular,jul,fri,374,2,999,0,nonexistent,1.4,93.91799999999999,-42.7,4.962,5228.1,no
36,services,married,high.school,no,no,no,cellular,jul,fri,468,4,999,0,nonexistent,1.4,93.91799999999999,-42.7,4.962,5228.1,no
51,entrepreneur,married,basic.6y,unknown,no,no,cellular,jul,fri,141,3,999,0,nonexistent,1.4,93.91799999999999,-42.7,4.962,5228.1,no
32,entrepreneur,divorced,university.degree,no,no,no,cellular,jul,fri,155,4,999,0,nonexistent,1.4,93.91799999999999,-42.7,4.962,5228.1,no
50,housemaid,married,basic.4y,unknown,unknown,unknown,cellular,jul,fri,356,9,999,0,nonexistent,1.4,93.91799999999999,-42.7,4.962,5228.1,no
46,technician,divorced,university.degree,no,no,no,cellular,jul,fri,147,2,999,0,nonexistent,1.4,93.91799999999999,-42.7,4.962,5228.1,no
45,admin.,married,basic.6y,no,no,yes,cellular,jul,fri,268,2,999,0,nonexistent,1.4,93.91799999999999,-42.7,4.962,5228.1,no
41,admin.,married,basic.9y,unknown,no,no,telephone,jul,fri,259,2,999,0,nonexistent,1.4,93.91799999999999,-42.7,4.962,5228.1,no
55,retired,married,professional.course,no,yes,no,cellular,jul,fri,1031,8,999,0,nonexistent,1.4,93.91799999999999,-42.7,4.962,5228.1,yes
46,technician,married,professional.course,no,unknown,unknown,cellular,jul,fri,1368,2,999,0,nonexistent,1.4,93.91799999999999,-42.7,4.962,5228.1,no
36,unknown,single,unknown,no,no,no,cellular,jul,fri,295,2,999,0,nonexistent,1.4,93.91799999999999,-42.7,4.962,5228.1,no
58,services,married,high.school,no,no,no,cellular,jul,fri,134,1,999,0,nonexistent,1.4,93.91799999999999,-42.7,4.962,5228.1,no
33,technician,single,high.school,no,yes,no,cellular,jul,fri,270,1,999,0,nonexistent,1.4,93.91799999999999,-42.7,4.962,5228.1,no
33,services,married,high.school,no,yes,no,cellular,jul,fri,396,1,999,0,nonexistent,1.4,93.91799999999999,-42.7,4.962,5228.1,no
28,services,single,high.school,no,yes,no,cellular,jul,fri,273,1,999,0,nonexistent,1.4,93.91799999999999,-42.7,4.962,5228.1,no
42,blue-collar,single,basic.4y,no,unknown,unknown,telephone,jul,fri,385,1,999,0,nonexistent,1.4,93.91799999999999,-42.7,4.962,5228.1,no
52,admin.,divorced,high.school,no,no,no,cellular,jul,fri,87,5,999,0,nonexistent,1.4,93.91799999999999,-42.7,4.962,5228.1,no
43,technician,married,professional.course,no,no,no,cellular,jul,fri,161,7,999,0,nonexistent,1.4,93.91799999999999,-42.7,4.962,5228.1,no
51,entrepreneur,married,basic.6y,unknown,yes,no,cellular,jul,fri,92,15,999,0,nonexistent,1.4,93.91799999999999,-42.7,4.962,5228.1,no
53,retired,married,professional.course,no,no,no,cellular,jul,fri,124,2,999,0,nonexistent,1.4,93.91799999999999,-42.7,4.962,5228.1,no
39,self-employed,married,university.degree,no,no,no,cellular,jul,fri,356,3,999,0,nonexistent,1.4,93.91799999999999,-42.7,4.962,5228.1,no
49,technician,married,professional.course,unknown,no,no,cellular,jul,fri,394,2,999,0,nonexistent,1.4,93.91799999999999,-42.7,4.962,5228.1,no
51,admin.,married,university.degree,no,no,no,cellular,jul,fri,293,4,999,0,nonexistent,1.4,93.91799999999999,-42.7,4.962,5228.1,no
60,technician,married,high.school,no,no,no,cellular,jul,fri,590,8,999,0,nonexistent,1.4,93.91799999999999,-42.7,4.962,5228.1,yes
28,services,married,high.school,no,no,yes,cellular,jul,fri,200,3,999,0,nonexistent,1.4,93.91799999999999,-42.7,4.962,5228.1,no
59,retired,married,basic.9y,unknown,no,no,cellular,jul,fri,1330,3,999,0,nonexistent,1.4,93.91799999999999,-42.7,4.962,5228.1,yes
45,blue-collar,married,basic.4y,no,no,no,cellular,jul,fri,194,2,999,0,nonexistent,1.4,93.91799999999999,-42.7,4.962,5228.1,no
49,admin.,divorced,high.school,no,yes,no,cellular,jul,fri,238,4,999,0,nonexistent,1.4,93.91799999999999,-42.7,4.962,5228.1,no
35,unemployed,single,basic.9y,no,no,no,cellular,jul,fri,936,1,999,0,nonexistent,1.4,93.91799999999999,-42.7,4.962,5228.1,no
27,admin.,single,university.degree,no,no,yes,cellular,jul,fri,83,10,999,0,nonexistent,1.4,93.91799999999999,-42.7,4.962,5228.1,no
52,services,married,high.school,unknown,yes,no,cellular,jul,fri,946,3,999,0,nonexistent,1.4,93.91799999999999,-42.7,4.962,5228.1,yes
31,services,married,high.school,no,no,yes,cellular,jul,fri,1319,2,999,0,nonexistent,1.4,93.91799999999999,-42.7,4.962,5228.1,no
43,entrepreneur,married,university.degree,no,no,yes,cellular,jul,fri,250,3,999,0,nonexistent,1.4,93.91799999999999,-42.7,4.962,5228.1,no
58,technician,married,basic.4y,unknown,no,yes,cellular,jul,fri,103,3,999,0,nonexistent,1.4,93.91799999999999,-42.7,4.962,5228.1,no
59,admin.,married,unknown,unknown,yes,no,cellular,jul,fri,150,2,999,0,nonexistent,1.4,93.91799999999999,-42.7,4.962,5228.1,no
51,entrepreneur,married,basic.6y,unknown,yes,yes,cellular,jul,fri,124,2,999,0,nonexistent,1.4,93.91799999999999,-42.7,4.962,5228.1,no
53,retired,married,high.school,no,yes,no,cellular,jul,fri,99,7,999,0,nonexistent,1.4,93.91799999999999,-42.7,4.962,5228.1,no
59,retired,married,high.school,no,yes,no,cellular,jul,fri,1448,17,999,0,nonexistent,1.4,93.91799999999999,-42.7,4.962,5228.1,yes
52,blue-collar,married,basic.9y,unknown,no,yes,cellular,jul,fri,432,3,999,0,nonexistent,1.4,93.91799999999999,-42.7,4.962,5228.1,no
32,admin.,single,high.school,no,yes,no,telephone,jul,fri,143,3,999,0,nonexistent,1.4,93.91799999999999,-42.7,4.962,5228.1,no
35,unemployed,single,basic.9y,no,yes,yes,cellular,jul,fri,50,3,999,0,nonexistent,1.4,93.91799999999999,-42.7,4.962,5228.1,no
42,self-employed,married,basic.4y,unknown,yes,no,cellular,jul,fri,126,3,999,0,nonexistent,1.4,93.91799999999999,-42.7,4.962,5228.1,no
42,admin.,married,university.degree,no,no,yes,cellular,jul,fri,400,2,999,0,nonexistent,1.4,93.91799999999999,-42.7,4.962,5228.1,no
46,student,single,unknown,no,yes,no,telephone,jul,fri,279,4,999,0,nonexistent,1.4,93.91799999999999,-42.7,4.962,5228.1,yes
44,blue-collar,married,basic.9y,no,no,yes,cellular,jul,fri,185,3,999,0,nonexistent,1.4,93.91799999999999,-42.7,4.962,5228.1,no
38,admin.,divorced,high.school,no,yes,yes,cellular,jul,fri,164,4,999,0,nonexistent,1.4,93.91799999999999,-42.7,4.962,5228.1,no
56,admin.,married,university.degree,no,no,yes,cellular,jul,fri,188,9,999,0,nonexistent,1.4,93.91799999999999,-42.7,4.962,5228.1,no
53,technician,married,professional.course,unknown,no,yes,cellular,jul,fri,118,3,999,0,nonexistent,1.4,93.91799999999999,-42.7,4.962,5228.1,no
56,admin.,married,high.school,unknown,yes,no,cellular,jul,fri,661,4,999,0,nonexistent,1.4,93.91799999999999,-42.7,4.962,5228.1,yes
57,admin.,single,unknown,no,no,no,cellular,jul,fri,137,7,999,0,nonexistent,1.4,93.91799999999999,-42.7,4.962,5228.1,no
48,admin.,single,high.school,no,yes,no,cellular,jul,fri,237,5,999,0,nonexistent,1.4,93.91799999999999,-42.7,4.962,5228.1,no
47,blue-collar,married,basic.6y,unknown,yes,yes,cellular,jul,fri,138,4,999,0,nonexistent,1.4,93.91799999999999,-42.7,4.962,5228.1,no
42,management,married,high.school,no,yes,no,cellular,jul,fri,96,3,999,0,nonexistent,1.4,93.91799999999999,-42.7,4.962,5228.1,no
45,blue-collar,married,basic.4y,no,no,no,cellular,jul,fri,144,2,999,0,nonexistent,1.4,93.91799999999999,-42.7,4.962,5228.1,no
58,blue-collar,married,basic.4y,unknown,yes,no,cellular,jul,fri,198,4,999,0,nonexistent,1.4,93.91799999999999,-42.7,4.962,5228.1,no
53,blue-collar,married,unknown,unknown,yes,no,cellular,jul,fri,386,2,999,0,nonexistent,1.4,93.91799999999999,-42.7,4.962,5228.1,no
51,admin.,single,university.degree,no,no,no,telephone,jul,fri,163,5,999,0,nonexistent,1.4,93.91799999999999,-42.7,4.962,5228.1,no
28,admin.,single,high.school,no,no,yes,cellular,jul,fri,63,12,999,0,nonexistent,1.4,93.91799999999999,-42.7,4.962,5228.1,no
56,technician,married,unknown,unknown,yes,yes,cellular,jul,fri,84,3,999,0,nonexistent,1.4,93.91799999999999,-42.7,4.962,5228.1,no
40,admin.,divorced,basic.9y,no,yes,yes,cellular,jul,fri,481,3,999,0,nonexistent,1.4,93.91799999999999,-42.7,4.962,5228.1,no
28,blue-collar,single,basic.9y,no,no,no,cellular,jul,fri,1369,9,999,0,nonexistent,1.4,93.91799999999999,-42.7,4.962,5228.1,yes
39,admin.,married,university.degree,no,no,no,cellular,jul,fri,653,4,999,0,nonexistent,1.4,93.91799999999999,-42.7,4.962,5228.1,yes
50,retired,married,professional.course,no,yes,yes,cellular,jul,fri,460,5,999,0,nonexistent,1.4,93.91799999999999,-42.7,4.962,5228.1,no
44,blue-collar,married,basic.9y,no,no,no,cellular,jul,fri,41,3,999,0,nonexistent,1.4,93.91799999999999,-42.7,4.962,5228.1,no
50,blue-collar,married,basic.9y,unknown,yes,no,telephone,jul,fri,282,9,999,0,nonexistent,1.4,93.91799999999999,-42.7,4.962,5228.1,no
54,technician,married,professional.course,no,no,yes,telephone,jul,fri,395,6,999,0,nonexistent,1.4,93.91799999999999,-42.7,4.962,5228.1,no
49,technician,married,professional.course,no,yes,no,cellular,jul,fri,190,4,999,0,nonexistent,1.4,93.91799999999999,-42.7,4.962,5228.1,no
55,blue-collar,married,basic.9y,unknown,yes,no,cellular,jul,mon,71,7,999,0,nonexistent,1.4,93.91799999999999,-42.7,4.962,5228.1,no
55,admin.,divorced,professional.course,unknown,no,no,cellular,jul,mon,68,4,999,0,nonexistent,1.4,93.91799999999999,-42.7,4.962,5228.1,no
46,admin.,married,high.school,unknown,yes,no,cellular,jul,mon,151,2,999,0,nonexistent,1.4,93.91799999999999,-42.7,4.962,5228.1,no
43,admin.,married,high.school,no,yes,yes,cellular,jul,mon,32,2,999,0,nonexistent,1.4,93.91799999999999,-42.7,4.962,5228.1,no
44,management,married,high.school,unknown,yes,no,cellular,jul,mon,102,6,999,0,nonexistent,1.4,93.91799999999999,-42.7,4.962,5228.1,no
44,blue-collar,married,basic.9y,unknown,no,no,cellular,jul,mon,29,12,999,0,nonexistent,1.4,93.91799999999999,-42.7,4.962,5228.1,no
48,services,married,high.school,no,yes,yes,telephone,jul,mon,63,5,999,0,nonexistent,1.4,93.91799999999999,-42.7,4.962,5228.1,no
55,blue-collar,married,basic.9y,unknown,no,no,cellular,jul,mon,40,3,999,0,nonexistent,1.4,93.91799999999999,-42.7,4.962,5228.1,no
42,unknown,married,unknown,no,yes,no,cellular,jul,mon,33,2,999,0,nonexistent,1.4,93.91799999999999,-42.7,4.962,5228.1,no
54,housemaid,divorced,university.degree,unknown,yes,no,cellular,jul,mon,57,4,999,0,nonexistent,1.4,93.91799999999999,-42.7,4.962,5228.1,no
54,technician,married,basic.6y,no,yes,no,cellular,jul,mon,177,17,999,0,nonexistent,1.4,93.91799999999999,-42.7,4.962,5228.1,no
59,admin.,divorced,high.school,no,yes,yes,cellular,jul,mon,44,2,999,0,nonexistent,1.4,93.91799999999999,-42.7,4.962,5228.1,no
42,self-employed,married,university.degree,no,no,no,cellular,jul,mon,243,30,999,0,nonexistent,1.4,93.91799999999999,-42.7,4.962,5228.1,no
51,blue-collar,married,basic.9y,unknown,no,no,telephone,jul,mon,41,5,999,0,nonexistent,1.4,93.91799999999999,-42.7,4.962,5228.1,no
50,management,divorced,university.degree,no,no,no,cellular,jul,mon,60,6,999,0,nonexistent,1.4,93.91799999999999,-42.7,4.962,5228.1,no
44,technician,divorced,university.degree,unknown,yes,yes,telephone,jul,mon,31,3,999,0,nonexistent,1.4,93.91799999999999,-42.7,4.962,5228.1,no
40,admin.,divorced,high.school,no,yes,yes,cellular,jul,mon,52,10,999,0,nonexistent,1.4,93.91799999999999,-42.7,4.962,5228.1,no
37,student,married,unknown,no,yes,no,cellular,jul,mon,110,17,999,0,nonexistent,1.4,93.91799999999999,-42.7,4.962,5228.1,no
51,technician,married,basic.9y,unknown,yes,yes,cellular,jul,mon,33,2,999,0,nonexistent,1.4,93.91799999999999,-42.7,4.962,5228.1,no
49,unknown,unknown,unknown,unknown,yes,yes,cellular,jul,mon,49,9,999,0,nonexistent,1.4,93.91799999999999,-42.7,4.962,5228.1,no
44,admin.,married,high.school,unknown,no,no,cellular,jul,mon,327,2,999,0,nonexistent,1.4,93.91799999999999,-42.7,4.962,5228.1,no
47,technician,single,professional.course,no,yes,no,cellular,jul,mon,108,2,999,0,nonexistent,1.4,93.91799999999999,-42.7,4.962,5228.1,no
41,services,married,high.school,no,yes,yes,cellular,jul,mon,95,2,999,0,nonexistent,1.4,93.91799999999999,-42.7,4.962,5228.1,no
56,admin.,divorced,basic.6y,unknown,no,yes,cellular,jul,mon,234,2,999,0,nonexistent,1.4,93.91799999999999,-42.7,4.962,5228.1,no
41,services,married,high.school,no,yes,no,cellular,jul,mon,56,8,999,0,nonexistent,1.4,93.91799999999999,-42.7,4.962,5228.1,no
51,retired,divorced,professional.course,no,yes,no,cellular,jul,mon,70,3,999,0,nonexistent,1.4,93.91799999999999,-42.7,4.962,5228.1,no
40,blue-collar,married,basic.6y,no,yes,no,cellular,jul,mon,62,2,999,0,nonexistent,1.4,93.91799999999999,-42.7,4.962,5228.1,no
37,admin.,married,university.degree,unknown,yes,no,cellular,jul,mon,110,5,999,0,nonexistent,1.4,93.91799999999999,-42.7,4.962,5228.1,no
45,admin.,married,high.school,unknown,yes,no,cellular,jul,mon,386,3,999,0,nonexistent,1.4,93.91799999999999,-42.7,4.962,5228.1,no
34,admin.,married,high.school,no,yes,no,cellular,jul,mon,295,3,999,0,nonexistent,1.4,93.91799999999999,-42.7,4.962,5228.1,no
43,blue-collar,married,basic.9y,no,no,no,cellular,jul,mon,458,6,999,0,nonexistent,1.4,93.91799999999999,-42.7,4.962,5228.1,yes
51,admin.,divorced,university.degree,no,no,no,cellular,jul,mon,117,3,999,0,nonexistent,1.4,93.91799999999999,-42.7,4.962,5228.1,no
36,blue-collar,married,basic.9y,no,yes,no,cellular,jul,mon,57,5,999,0,nonexistent,1.4,93.91799999999999,-42.7,4.962,5228.1,no
50,management,divorced,university.degree,no,no,no,cellular,jul,mon,983,2,999,0,nonexistent,1.4,93.91799999999999,-42.7,4.962,5228.1,yes
47,technician,single,professional.course,no,yes,no,cellular,jul,mon,365,3,999,0,nonexistent,1.4,93.91799999999999,-42.7,4.962,5228.1,yes
42,self-employed,married,university.degree,unknown,no,yes,cellular,jul,mon,95,2,999,0,nonexistent,1.4,93.91799999999999,-42.7,4.962,5228.1,no
36,blue-collar,single,basic.9y,no,no,no,cellular,jul,mon,31,2,999,0,nonexistent,1.4,93.91799999999999,-42.7,4.962,5228.1,no
38,technician,married,university.degree,no,yes,no,cellular,jul,mon,55,5,999,0,nonexistent,1.4,93.91799999999999,-42.7,4.962,5228.1,no
48,services,married,high.school,unknown,yes,no,cellular,jul,mon,49,6,999,0,nonexistent,1.4,93.91799999999999,-42.7,4.962,5228.1,no
56,blue-collar,married,basic.4y,unknown,no,no,telephone,jul,mon,36,1,999,0,nonexistent,1.4,93.91799999999999,-42.7,4.962,5228.1,no
59,retired,married,university.degree,no,yes,no,cellular,jul,mon,664,7,999,0,nonexistent,1.4,93.91799999999999,-42.7,4.962,5228.1,yes
40,blue-collar,married,professional.course,no,yes,no,cellular,jul,mon,108,3,999,0,nonexistent,1.4,93.91799999999999,-42.7,4.962,5228.1,no
46,services,married,high.school,unknown,no,no,cellular,jul,mon,57,2,999,0,nonexistent,1.4,93.91799999999999,-42.7,4.962,5228.1,no
44,blue-collar,single,high.school,unknown,no,no,cellular,jul,mon,699,2,999,0,nonexistent,1.4,93.91799999999999,-42.7,4.962,5228.1,yes
37,admin.,divorced,high.school,no,no,yes,cellular,jul,mon,131,6,999,0,nonexistent,1.4,93.91799999999999,-42.7,4.962,5228.1,no
43,services,married,basic.6y,unknown,no,no,cellular,jul,mon,463,1,999,0,nonexistent,1.4,93.91799999999999,-42.7,4.962,5228.1,no
43,services,married,basic.6y,unknown,yes,yes,cellular,jul,mon,228,1,999,0,nonexistent,1.4,93.91799999999999,-42.7,4.962,5228.1,no
31,management,single,university.degree,no,yes,no,cellular,jul,mon,30,2,999,0,nonexistent,1.4,93.91799999999999,-42.7,4.962,5228.1,no
55,admin.,married,high.school,no,yes,no,cellular,jul,mon,700,1,999,0,nonexistent,1.4,93.91799999999999,-42.7,4.962,5228.1,yes
53,admin.,married,university.degree,no,yes,yes,cellular,jul,mon,124,2,999,0,nonexistent,1.4,93.91799999999999,-42.7,4.962,5228.1,no
43,management,married,university.degree,unknown,no,yes,cellular,jul,mon,219,2,999,0,nonexistent,1.4,93.91799999999999,-42.7,4.962,5228.1,no
41,services,married,high.school,no,yes,no,cellular,jul,mon,82,2,999,0,nonexistent,1.4,93.91799999999999,-42.7,4.962,5228.1,no
51,admin.,divorced,university.degree,no,yes,no,cellular,jul,mon,151,2,999,0,nonexistent,1.4,93.91799999999999,-42.7,4.962,5228.1,no
47,management,single,university.degree,unknown,yes,no,cellular,jul,mon,106,2,999,0,nonexistent,1.4,93.91799999999999,-42.7,4.962,5228.1,no
58,retired,married,unknown,unknown,yes,no,telephone,jul,mon,121,1,999,0,nonexistent,1.4,93.91799999999999,-42.7,4.962,5228.1,no
48,services,married,high.school,no,yes,yes,cellular,jul,mon,115,7,999,0,nonexistent,1.4,93.91799999999999,-42.7,4.962,5228.1,no
43,services,married,basic.6y,unknown,unknown,unknown,cellular,jul,mon,939,2,999,0,nonexistent,1.4,93.91799999999999,-42.7,4.962,5228.1,yes
45,admin.,divorced,university.degree,no,yes,yes,cellular,jul,mon,340,1,999,0,nonexistent,1.4,93.91799999999999,-42.7,4.962,5228.1,no
44,technician,divorced,university.degree,unknown,no,no,cellular,jul,mon,73,2,999,0,nonexistent,1.4,93.91799999999999,-42.7,4.962,5228.1,no
58,retired,divorced,basic.4y,unknown,yes,no,cellular,jul,mon,362,5,999,0,nonexistent,1.4,93.91799999999999,-42.7,4.962,5228.1,no
58,retired,married,unknown,unknown,yes,no,telephone,jul,mon,22,1,999,0,nonexistent,1.4,93.91799999999999,-42.7,4.962,5228.1,no
38,admin.,married,high.school,no,yes,no,cellular,jul,mon,319,2,999,0,nonexistent,1.4,93.91799999999999,-42.7,4.962,5228.1,no
30,admin.,married,high.school,no,no,no,cellular,jul,mon,219,1,999,0,nonexistent,1.4,93.91799999999999,-42.7,4.962,5228.1,no
43,technician,divorced,high.school,no,yes,yes,cellular,jul,mon,200,1,999,0,nonexistent,1.4,93.91799999999999,-42.7,4.962,5228.1,no
58,retired,married,unknown,unknown,yes,no,cellular,jul,mon,174,1,999,0,nonexistent,1.4,93.91799999999999,-42.7,4.962,5228.1,no
51,technician,married,basic.9y,unknown,no,no,cellular,jul,mon,136,4,999,0,nonexistent,1.4,93.91799999999999,-42.7,4.962,5228.1,no
44,technician,divorced,university.degree,unknown,no,no,cellular,jul,mon,154,1,999,0,nonexistent,1.4,93.91799999999999,-42.7,4.962,5228.1,no
40,blue-collar,married,professional.course,no,no,no,telephone,jul,mon,108,5,999,0,nonexistent,1.4,93.91799999999999,-42.7,4.962,5228.1,no
46,management,married,university.degree,no,no,no,cellular,jul,mon,87,3,999,0,nonexistent,1.4,93.91799999999999,-42.7,4.962,5228.1,no
57,technician,married,professional.course,no,no,no,cellular,jul,mon,68,2,999,0,nonexistent,1.4,93.91799999999999,-42.7,4.962,5228.1,no
57,self-employed,married,university.degree,unknown,unknown,unknown,telephone,jul,mon,644,1,999,0,nonexistent,1.4,93.91799999999999,-42.7,4.962,5228.1,no
47,housemaid,married,basic.4y,unknown,yes,no,telephone,jul,mon,148,1,999,0,nonexistent,1.4,93.91799999999999,-42.7,4.962,5228.1,no
56,services,married,university.degree,no,no,no,cellular,jul,mon,139,2,999,0,nonexistent,1.4,93.91799999999999,-42.7,4.962,5228.1,no
40,blue-collar,married,professional.course,no,no,no,cellular,jul,mon,240,2,999,0,nonexistent,1.4,93.91799999999999,-42.7,4.962,5228.1,no
57,admin.,married,basic.9y,unknown,no,no,cellular,jul,mon,194,3,999,0,nonexistent,1.4,93.91799999999999,-42.7,4.962,5228.1,no
46,management,married,university.degree,no,no,no,cellular,jul,mon,662,2,999,0,nonexistent,1.4,93.91799999999999,-42.7,4.962,5228.1,yes
53,services,married,unknown,unknown,yes,no,cellular,jul,mon,60,1,999,0,nonexistent,1.4,93.91799999999999,-42.7,4.962,5228.1,no
57,self-employed,married,university.degree,unknown,yes,no,telephone,jul,mon,40,1,999,0,nonexistent,1.4,93.91799999999999,-42.7,4.962,5228.1,no
31,admin.,single,university.degree,no,no,no,cellular,jul,mon,173,1,999,0,nonexistent,1.4,93.91799999999999,-42.7,4.962,5228.1,no
47,housemaid,married,basic.4y,unknown,no,no,cellular,jul,mon,78,1,999,0,nonexistent,1.4,93.91799999999999,-42.7,4.962,5228.1,no
59,retired,married,basic.9y,no,no,no,cellular,jul,mon,551,4,999,0,nonexistent,1.4,93.91799999999999,-42.7,4.962,5228.1,no
50,management,divorced,university.degree,no,no,no,telephone,jul,mon,130,7,999,0,nonexistent,1.4,93.91799999999999,-42.7,4.962,5228.1,no
58,admin.,single,unknown,unknown,no,yes,cellular,jul,mon,49,1,999,0,nonexistent,1.4,93.91799999999999,-42.7,4.962,5228.1,no
49,blue-collar,married,unknown,unknown,no,no,cellular,jul,mon,295,2,999,0,nonexistent,1.4,93.91799999999999,-42.7,4.962,5228.1,no
47,housemaid,married,basic.4y,unknown,no,no,cellular,jul,mon,139,1,999,0,nonexistent,1.4,93.91799999999999,-42.7,4.962,5228.1,no
44,management,married,high.school,unknown,no,no,telephone,jul,mon,137,1,999,0,nonexistent,1.4,93.91799999999999,-42.7,4.962,5228.1,no
42,self-employed,married,university.degree,no,no,no,cellular,jul,mon,97,2,999,0,nonexistent,1.4,93.91799999999999,-42.7,4.962,5228.1,no
55,admin.,married,university.degree,no,no,no,cellular,jul,mon,73,4,999,0,nonexistent,1.4,93.91799999999999,-42.7,4.962,5228.1,no
44,management,married,high.school,unknown,yes,no,cellular,jul,mon,126,1,999,0,nonexistent,1.4,93.91799999999999,-42.7,4.962,5228.1,no
44,management,married,high.school,unknown,no,no,cellular,jul,mon,164,1,999,0,nonexistent,1.4,93.91799999999999,-42.7,4.962,5228.1,no
42,admin.,married,university.degree,no,no,no,cellular,jul,mon,24,12,999,0,nonexistent,1.4,93.91799999999999,-42.7,4.962,5228.1,no
42,self-employed,married,university.degree,no,no,no,cellular,jul,mon,84,2,999,0,nonexistent,1.4,93.91799999999999,-42.7,4.962,5228.1,no
43,services,married,basic.6y,unknown,no,no,cellular,jul,mon,547,3,999,0,nonexistent,1.4,93.91799999999999,-42.7,4.962,5228.1,no
50,unknown,married,unknown,unknown,no,no,cellular,jul,mon,53,1,999,0,nonexistent,1.4,93.91799999999999,-42.7,4.962,5228.1,no
56,blue-collar,married,basic.4y,unknown,no,no,cellular,jul,mon,241,6,999,0,nonexistent,1.4,93.91799999999999,-42.7,4.962,5228.1,no
44,management,married,high.school,unknown,yes,no,cellular,jul,mon,418,1,999,0,nonexistent,1.4,93.91799999999999,-42.7,4.962,5228.1,no
44,services,divorced,high.school,no,yes,yes,telephone,jul,mon,112,1,999,0,nonexistent,1.4,93.91799999999999,-42.7,4.962,5228.1,no
57,retired,married,basic.4y,unknown,no,yes,cellular,jul,mon,65,5,999,0,nonexistent,1.4,93.91799999999999,-42.7,4.962,5228.1,no
53,unemployed,married,basic.6y,unknown,no,no,cellular,jul,mon,273,1,999,0,nonexistent,1.4,93.91799999999999,-42.7,4.962,5228.1,no
44,services,divorced,high.school,no,yes,yes,cellular,jul,mon,1169,1,999,0,nonexistent,1.4,93.91799999999999,-42.7,4.962,5228.1,yes
46,admin.,divorced,university.degree,no,yes,no,telephone,jul,mon,59,4,999,0,nonexistent,1.4,93.91799999999999,-42.7,4.962,5228.1,no
40,blue-collar,married,professional.course,no,yes,yes,cellular,jul,mon,431,1,999,0,nonexistent,1.4,93.91799999999999,-42.7,4.962,5228.1,yes
50,unknown,married,unknown,unknown,yes,no,cellular,jul,mon,143,1,999,0,nonexistent,1.4,93.91799999999999,-42.7,4.962,5228.1,no
43,services,married,basic.6y,unknown,yes,yes,cellular,jul,mon,405,3,999,0,nonexistent,1.4,93.91799999999999,-42.7,4.962,5228.1,no
40,self-employed,married,unknown,unknown,no,no,cellular,jul,mon,143,9,999,0,nonexistent,1.4,93.91799999999999,-42.7,4.962,5228.1,no
40,admin.,divorced,high.school,no,no,no,cellular,jul,mon,837,2,999,0,nonexistent,1.4,93.91799999999999,-42.7,4.962,5228.1,yes
36,blue-collar,married,basic.9y,no,no,no,cellular,jul,mon,63,1,999,0,nonexistent,1.4,93.91799999999999,-42.7,4.962,5228.1,no
45,admin.,married,high.school,unknown,no,yes,telephone,jul,mon,55,1,999,0,nonexistent,1.4,93.91799999999999,-42.7,4.962,5228.1,no
51,services,married,high.school,unknown,yes,no,telephone,jul,mon,596,3,999,0,nonexistent,1.4,93.91799999999999,-42.7,4.962,5228.1,yes
37,admin.,married,university.degree,unknown,yes,no,cellular,jul,mon,35,1,999,0,nonexistent,1.4,93.91799999999999,-42.7,4.962,5228.1,no
47,housemaid,married,basic.4y,unknown,no,no,cellular,jul,mon,71,3,999,0,nonexistent,1.4,93.91799999999999,-42.7,4.962,5228.1,no
43,services,married,high.school,no,no,no,cellular,jul,mon,337,1,999,0,nonexistent,1.4,93.91799999999999,-42.7,4.962,5228.1,no
43,services,married,basic.6y,unknown,yes,no,cellular,jul,mon,65,4,999,0,nonexistent,1.4,93.91799999999999,-42.7,4.962,5228.1,no
42,unknown,married,unknown,no,yes,no,cellular,jul,mon,48,9,999,0,nonexistent,1.4,93.91799999999999,-42.7,4.962,5228.1,no
45,services,married,high.school,unknown,no,no,cellular,jul,mon,174,1,999,0,nonexistent,1.4,93.91799999999999,-42.7,4.962,5228.1,no
45,admin.,married,high.school,unknown,yes,no,cellular,jul,mon,201,1,999,0,nonexistent,1.4,93.91799999999999,-42.7,4.962,5228.1,no
37,admin.,married,university.degree,unknown,no,no,cellular,jul,mon,332,1,999,0,nonexistent,1.4,93.91799999999999,-42.7,4.962,5228.1,no
56,blue-collar,married,basic.4y,unknown,no,no,cellular,jul,mon,55,3,999,0,nonexistent,1.4,93.91799999999999,-42.7,4.962,5228.1,no
45,admin.,married,high.school,unknown,no,yes,cellular,jul,mon,301,1,999,0,nonexistent,1.4,93.91799999999999,-42.7,4.962,5228.1,no
51,admin.,divorced,university.degree,no,no,no,telephone,jul,mon,359,1,999,0,nonexistent,1.4,93.91799999999999,-42.7,4.962,5228.1,no
54,blue-collar,married,basic.4y,no,no,no,cellular,jul,mon,54,1,999,0,nonexistent,1.4,93.91799999999999,-42.7,4.962,5228.1,no
59,admin.,divorced,high.school,no,yes,no,cellular,jul,mon,86,3,999,0,nonexistent,1.4,93.91799999999999,-42.7,4.962,5228.1,no
55,admin.,divorced,university.degree,no,yes,no,cellular,jul,mon,404,2,999,0,nonexistent,1.4,93.91799999999999,-42.7,4.962,5228.1,no
34,blue-collar,single,high.school,no,yes,no,cellular,jul,mon,435,2,999,0,nonexistent,1.4,93.91799999999999,-42.7,4.962,5228.1,no
57,admin.,married,university.degree,no,no,yes,cellular,jul,mon,231,3,999,0,nonexistent,1.4,93.91799999999999,-42.7,4.962,5228.1,no
40,blue-collar,married,basic.4y,no,yes,yes,telephone,jul,mon,40,5,999,0,nonexistent,1.4,93.91799999999999,-42.7,4.962,5228.1,no
43,admin.,single,university.degree,no,yes,no,cellular,jul,mon,73,6,999,0,nonexistent,1.4,93.91799999999999,-42.7,4.962,5228.1,no
45,admin.,divorced,high.school,no,no,no,cellular,jul,mon,300,1,999,0,nonexistent,1.4,93.91799999999999,-42.7,4.962,5228.1,no
48,services,married,high.school,unknown,yes,no,cellular,jul,mon,193,6,999,0,nonexistent,1.4,93.91799999999999,-42.7,4.962,5228.1,no
44,management,married,high.school,unknown,no,yes,telephone,jul,mon,73,5,999,0,nonexistent,1.4,93.91799999999999,-42.7,4.962,5228.1,no
58,retired,married,basic.4y,unknown,no,no,cellular,jul,mon,22,18,999,0,nonexistent,1.4,93.91799999999999,-42.7,4.962,5228.1,no
47,technician,married,basic.9y,no,yes,no,cellular,jul,mon,502,2,999,0,nonexistent,1.4,93.91799999999999,-42.7,4.962,5228.1,no
47,self-employed,married,university.degree,no,no,yes,cellular,jul,mon,83,4,999,0,nonexistent,1.4,93.91799999999999,-42.7,4.962,5228.1,no
51,admin.,divorced,university.degree,no,yes,no,cellular,jul,mon,289,4,999,0,nonexistent,1.4,93.91799999999999,-42.7,4.962,5228.1,no
54,management,divorced,professional.course,no,no,no,cellular,jul,mon,89,1,999,0,nonexistent,1.4,93.91799999999999,-42.7,4.962,5228.1,no
48,services,married,high.school,no,no,no,cellular,jul,mon,157,3,999,0,nonexistent,1.4,93.91799999999999,-42.7,4.962,5228.1,no
51,admin.,divorced,university.degree,no,yes,no,cellular,jul,mon,438,2,999,0,nonexistent,1.4,93.91799999999999,-42.7,4.962,5228.1,no
55,technician,married,professional.course,no,no,no,telephone,jul,mon,155,1,999,0,nonexistent,1.4,93.91799999999999,-42.7,4.962,5228.1,no
40,blue-collar,married,professional.course,no,no,no,cellular,jul,mon,189,1,999,0,nonexistent,1.4,93.91799999999999,-42.7,4.962,5228.1,no
26,blue-collar,single,high.school,unknown,yes,no,cellular,jul,mon,246,1,999,0,nonexistent,1.4,93.91799999999999,-42.7,4.962,5228.1,no
59,admin.,divorced,high.school,unknown,no,yes,cellular,jul,mon,630,3,999,0,nonexistent,1.4,93.91799999999999,-42.7,4.962,5228.1,yes
37,admin.,married,university.degree,no,no,no,cellular,jul,mon,60,4,999,0,nonexistent,1.4,93.91799999999999,-42.7,4.962,5228.1,no
40,self-employed,married,unknown,unknown,no,no,telephone,jul,mon,1025,1,999,0,nonexistent,1.4,93.91799999999999,-42.7,4.962,5228.1,no
47,admin.,married,university.degree,unknown,yes,no,cellular,jul,mon,231,8,999,0,nonexistent,1.4,93.91799999999999,-42.7,4.962,5228.1,no
43,services,married,basic.6y,unknown,yes,yes,cellular,jul,mon,76,5,999,0,nonexistent,1.4,93.91799999999999,-42.7,4.962,5228.1,no
53,unemployed,married,basic.6y,unknown,yes,no,cellular,jul,mon,131,3,999,0,nonexistent,1.4,93.91799999999999,-42.7,4.962,5228.1,no
50,management,divorced,university.degree,no,no,no,cellular,jul,mon,85,3,999,0,nonexistent,1.4,93.91799999999999,-42.7,4.962,5228.1,no
48,blue-collar,married,basic.9y,no,yes,yes,cellular,jul,mon,60,3,999,0,nonexistent,1.4,93.91799999999999,-42.7,4.962,5228.1,no
48,technician,married,professional.course,no,yes,no,cellular,jul,mon,383,2,999,0,nonexistent,1.4,93.91799999999999,-42.7,4.962,5228.1,yes
36,services,single,high.school,no,no,no,cellular,jul,mon,719,2,999,0,nonexistent,1.4,93.91799999999999,-42.7,4.962,5228.1,no
56,admin.,divorced,basic.6y,unknown,no,no,cellular,jul,mon,70,3,999,0,nonexistent,1.4,93.91799999999999,-42.7,4.962,5228.1,no
36,blue-collar,single,basic.9y,no,no,no,cellular,jul,mon,234,2,999,0,nonexistent,1.4,93.91799999999999,-42.7,4.962,5228.1,no
40,blue-collar,married,professional.course,no,no,no,cellular,jul,mon,81,5,999,0,nonexistent,1.4,93.91799999999999,-42.7,4.962,5228.1,no
57,self-employed,married,university.degree,unknown,no,no,cellular,jul,mon,83,4,999,0,nonexistent,1.4,93.91799999999999,-42.7,4.962,5228.1,no
44,blue-collar,married,basic.9y,no,yes,no,cellular,jul,mon,89,2,999,0,nonexistent,1.4,93.91799999999999,-42.7,4.962,5228.1,no
47,blue-collar,married,basic.4y,no,yes,no,cellular,jul,mon,82,4,999,0,nonexistent,1.4,93.91799999999999,-42.7,4.962,5228.1,no
42,services,divorced,high.school,unknown,yes,no,cellular,jul,mon,118,3,999,0,nonexistent,1.4,93.91799999999999,-42.7,4.962,5228.1,no
46,admin.,married,high.school,no,no,no,cellular,jul,mon,76,10,999,0,nonexistent,1.4,93.91799999999999,-42.7,4.962,5228.1,no
49,technician,single,university.degree,unknown,no,no,telephone,jul,mon,97,1,999,0,nonexistent,1.4,93.91799999999999,-42.7,4.962,5228.1,no
47,blue-collar,married,professional.course,no,no,no,cellular,jul,mon,86,2,999,0,nonexistent,1.4,93.91799999999999,-42.7,4.962,5228.1,no
46,blue-collar,married,high.school,unknown,no,no,cellular,jul,mon,33,29,999,0,nonexistent,1.4,93.91799999999999,-42.7,4.962,5228.1,no
51,admin.,divorced,university.degree,no,yes,no,cellular,jul,mon,1339,2,999,0,nonexistent,1.4,93.91799999999999,-42.7,4.962,5228.1,no
49,technician,married,professional.course,no,yes,no,cellular,jul,mon,359,2,999,0,nonexistent,1.4,93.91799999999999,-42.7,4.962,5228.1,no
40,blue-collar,married,professional.course,no,no,no,cellular,jul,mon,102,5,999,0,nonexistent,1.4,93.91799999999999,-42.7,4.962,5228.1,no
46,housemaid,married,basic.4y,unknown,yes,no,cellular,jul,mon,59,8,999,0,nonexistent,1.4,93.91799999999999,-42.7,4.962,5228.1,no
53,services,married,high.school,unknown,yes,no,cellular,jul,mon,153,1,999,0,nonexistent,1.4,93.91799999999999,-42.7,4.962,5228.1,no
41,technician,divorced,professional.course,no,yes,no,cellular,jul,mon,112,2,999,0,nonexistent,1.4,93.91799999999999,-42.7,4.962,5228.1,no
40,blue-collar,married,professional.course,no,no,no,cellular,jul,mon,674,2,999,0,nonexistent,1.4,93.91799999999999,-42.7,4.962,5228.1,no
37,admin.,married,university.degree,no,no,no,telephone,jul,mon,1009,5,999,0,nonexistent,1.4,93.91799999999999,-42.7,4.962,5228.1,yes
55,self-employed,married,unknown,unknown,no,no,cellular,jul,mon,136,3,999,0,nonexistent,1.4,93.91799999999999,-42.7,4.962,5228.1,no
40,self-employed,married,unknown,unknown,yes,no,telephone,jul,mon,81,2,999,0,nonexistent,1.4,93.91799999999999,-42.7,4.962,5228.1,no
42,management,divorced,university.degree,unknown,yes,no,cellular,jul,mon,141,3,999,0,nonexistent,1.4,93.91799999999999,-42.7,4.962,5228.1,no
44,services,divorced,high.school,no,yes,no,cellular,jul,mon,158,5,999,0,nonexistent,1.4,93.91799999999999,-42.7,4.962,5228.1,no
48,technician,married,unknown,no,yes,no,cellular,jul,mon,1096,2,999,0,nonexistent,1.4,93.91799999999999,-42.7,4.962,5228.1,yes
42,self-employed,married,university.degree,no,unknown,unknown,cellular,jul,mon,624,3,999,0,nonexistent,1.4,93.91799999999999,-42.7,4.962,5228.1,no
43,management,married,university.degree,unknown,no,no,cellular,jul,mon,93,2,999,0,nonexistent,1.4,93.91799999999999,-42.7,4.962,5228.1,no
49,technician,married,professional.course,no,yes,no,cellular,jul,mon,534,3,999,0,nonexistent,1.4,93.91799999999999,-42.7,4.962,5228.1,no
43,unemployed,divorced,basic.9y,no,no,no,cellular,jul,mon,117,2,999,0,nonexistent,1.4,93.91799999999999,-42.7,4.962,5228.1,no
37,blue-collar,married,basic.9y,no,yes,no,cellular,jul,mon,247,3,999,0,nonexistent,1.4,93.91799999999999,-42.7,4.962,5228.1,no
45,services,married,university.degree,unknown,yes,no,telephone,jul,mon,317,8,999,0,nonexistent,1.4,93.91799999999999,-42.7,4.962,5228.1,no
53,admin.,divorced,high.school,no,yes,no,telephone,jul,mon,75,3,999,0,nonexistent,1.4,93.91799999999999,-42.7,4.962,5228.1,no
56,services,divorced,university.degree,no,yes,no,cellular,jul,mon,63,5,999,0,nonexistent,1.4,93.91799999999999,-42.7,4.962,5228.1,no
43,blue-collar,married,basic.9y,no,yes,no,cellular,jul,mon,318,7,999,0,nonexistent,1.4,93.91799999999999,-42.7,4.962,5228.1,no
30,admin.,married,unknown,no,no,no,cellular,jul,mon,246,3,999,0,nonexistent,1.4,93.91799999999999,-42.7,4.962,5228.1,no
52,admin.,divorced,university.degree,no,yes,no,cellular,jul,mon,867,2,999,0,nonexistent,1.4,93.91799999999999,-42.7,4.962,5228.1,yes
43,unemployed,divorced,basic.9y,no,yes,yes,telephone,jul,mon,41,2,999,0,nonexistent,1.4,93.91799999999999,-42.7,4.962,5228.1,no
48,unknown,married,unknown,unknown,yes,no,cellular,jul,mon,207,7,999,0,nonexistent,1.4,93.91799999999999,-42.7,4.962,5228.1,no
56,services,divorced,high.school,unknown,yes,no,cellular,jul,mon,761,8,999,0,nonexistent,1.4,93.91799999999999,-42.7,4.962,5228.1,no
41,admin.,married,high.school,no,yes,yes,cellular,jul,mon,234,15,999,0,nonexistent,1.4,93.91799999999999,-42.7,4.962,5228.1,no
36,management,single,university.degree,no,no,no,cellular,jul,mon,310,5,999,0,nonexistent,1.4,93.91799999999999,-42.7,4.962,5228.1,no
48,self-employed,married,high.school,unknown,yes,yes,cellular,jul,mon,88,3,999,0,nonexistent,1.4,93.91799999999999,-42.7,4.962,5228.1,no
45,admin.,married,high.school,no,yes,yes,cellular,jul,mon,283,4,999,0,nonexistent,1.4,93.91799999999999,-42.7,4.962,5228.1,no
42,admin.,single,basic.9y,unknown,yes,no,cellular,jul,mon,418,3,999,0,nonexistent,1.4,93.91799999999999,-42.7,4.962,5228.1,no
45,self-employed,divorced,university.degree,no,no,no,cellular,jul,mon,179,8,999,0,nonexistent,1.4,93.91799999999999,-42.7,4.962,5228.1,no
39,admin.,single,high.school,no,no,no,cellular,jul,mon,419,7,999,0,nonexistent,1.4,93.91799999999999,-42.7,4.962,5228.1,no
53,management,divorced,high.school,no,no,no,cellular,jul,mon,121,2,999,0,nonexistent,1.4,93.91799999999999,-42.7,4.962,5228.1,no
56,blue-collar,divorced,unknown,no,no,no,cellular,jul,mon,42,3,999,0,nonexistent,1.4,93.91799999999999,-42.7,4.962,5228.1,no
41,services,married,high.school,unknown,no,yes,telephone,jul,mon,187,11,999,0,nonexistent,1.4,93.91799999999999,-42.7,4.962,5228.1,no
48,admin.,single,university.degree,no,yes,yes,cellular,jul,mon,141,7,999,0,nonexistent,1.4,93.91799999999999,-42.7,4.962,5228.1,no
42,technician,divorced,professional.course,no,yes,yes,cellular,jul,mon,154,5,999,0,nonexistent,1.4,93.91799999999999,-42.7,4.962,5228.1,no
41,admin.,married,high.school,no,no,no,cellular,jul,mon,339,8,999,0,nonexistent,1.4,93.91799999999999,-42.7,4.962,5228.1,no
43,admin.,married,high.school,no,no,yes,cellular,jul,mon,551,3,999,0,nonexistent,1.4,93.91799999999999,-42.7,4.962,5228.1,yes
50,self-employed,married,professional.course,no,yes,yes,cellular,jul,mon,106,2,999,0,nonexistent,1.4,93.91799999999999,-42.7,4.962,5228.1,no
44,admin.,married,university.degree,no,yes,yes,cellular,jul,mon,239,4,999,0,nonexistent,1.4,93.91799999999999,-42.7,4.962,5228.1,no
39,technician,single,university.degree,unknown,no,no,cellular,jul,mon,644,3,999,0,nonexistent,1.4,93.91799999999999,-42.7,4.962,5228.1,no
57,retired,married,university.degree,no,yes,no,cellular,jul,mon,322,11,999,0,nonexistent,1.4,93.91799999999999,-42.7,4.962,5228.1,no
54,admin.,divorced,unknown,no,yes,yes,cellular,jul,mon,269,7,999,0,nonexistent,1.4,93.91799999999999,-42.7,4.962,5228.1,no
38,admin.,married,university.degree,no,yes,no,cellular,jul,mon,124,3,999,0,nonexistent,1.4,93.91799999999999,-42.7,4.962,5228.1,no
53,admin.,married,high.school,no,no,no,cellular,jul,mon,180,5,999,0,nonexistent,1.4,93.91799999999999,-42.7,4.962,5228.1,no
32,blue-collar,single,basic.4y,no,no,no,cellular,jul,mon,160,4,999,0,nonexistent,1.4,93.91799999999999,-42.7,4.962,5228.1,no
47,services,divorced,high.school,no,yes,no,cellular,jul,mon,192,19,999,0,nonexistent,1.4,93.91799999999999,-42.7,4.962,5228.1,no
49,management,married,university.degree,unknown,yes,no,telephone,jul,mon,182,12,999,0,nonexistent,1.4,93.91799999999999,-42.7,4.962,5228.1,no
50,self-employed,divorced,university.degree,unknown,yes,no,cellular,jul,mon,433,4,999,0,nonexistent,1.4,93.91799999999999,-42.7,4.962,5228.1,no
56,technician,divorced,basic.6y,no,yes,no,cellular,jul,mon,120,4,999,0,nonexistent,1.4,93.91799999999999,-42.7,4.962,5228.1,no
27,admin.,married,high.school,no,yes,no,cellular,jul,mon,290,2,999,0,nonexistent,1.4,93.91799999999999,-42.7,4.962,5228.1,no
57,admin.,married,university.degree,no,yes,no,cellular,jul,mon,118,4,999,0,nonexistent,1.4,93.91799999999999,-42.7,4.962,5228.1,no
39,admin.,divorced,high.school,no,yes,no,cellular,jul,mon,58,5,999,0,nonexistent,1.4,93.91799999999999,-42.7,4.962,5228.1,no
46,admin.,married,high.school,no,yes,no,cellular,jul,mon,149,11,999,0,nonexistent,1.4,93.91799999999999,-42.7,4.962,5228.1,no
40,admin.,divorced,university.degree,no,no,no,cellular,jul,mon,114,4,999,0,nonexistent,1.4,93.91799999999999,-42.7,4.962,5228.1,no
42,services,married,basic.4y,no,no,no,cellular,jul,mon,101,3,999,0,nonexistent,1.4,93.91799999999999,-42.7,4.962,5228.1,no
56,blue-collar,divorced,unknown,no,no,yes,cellular,jul,mon,117,8,999,0,nonexistent,1.4,93.91799999999999,-42.7,4.962,5228.1,no
47,services,married,basic.6y,no,yes,no,cellular,jul,mon,159,10,999,0,nonexistent,1.4,93.91799999999999,-42.7,4.962,5228.1,no
40,management,married,university.degree,unknown,yes,no,cellular,jul,mon,37,12,999,0,nonexistent,1.4,93.91799999999999,-42.7,4.962,5228.1,no
36,technician,divorced,university.degree,no,no,yes,cellular,jul,mon,127,4,999,0,nonexistent,1.4,93.91799999999999,-42.7,4.962,5228.1,no
43,housemaid,married,basic.4y,no,no,no,cellular,jul,mon,90,6,999,0,nonexistent,1.4,93.91799999999999,-42.7,4.962,5228.1,no
37,services,married,high.school,no,no,yes,cellular,jul,mon,264,5,999,0,nonexistent,1.4,93.91799999999999,-42.7,4.962,5228.1,no
58,unemployed,divorced,high.school,no,no,no,cellular,jul,mon,377,4,999,0,nonexistent,1.4,93.91799999999999,-42.7,4.962,5228.1,no
57,retired,married,high.school,no,no,no,cellular,jul,mon,73,2,999,0,nonexistent,1.4,93.91799999999999,-42.7,4.962,5228.1,no
58,housemaid,married,university.degree,unknown,yes,no,cellular,jul,mon,71,6,999,0,nonexistent,1.4,93.91799999999999,-42.7,4.962,5228.1,no
44,blue-collar,married,unknown,unknown,no,no,cellular,jul,mon,118,2,999,0,nonexistent,1.4,93.91799999999999,-42.7,4.962,5228.1,no
58,admin.,married,university.degree,unknown,no,no,cellular,jul,mon,257,6,999,0,nonexistent,1.4,93.91799999999999,-42.7,4.962,5228.1,no
30,admin.,married,unknown,no,no,no,cellular,jul,mon,234,11,999,0,nonexistent,1.4,93.91799999999999,-42.7,4.962,5228.1,no
49,blue-collar,divorced,basic.6y,unknown,no,no,cellular,jul,mon,1065,3,999,0,nonexistent,1.4,93.91799999999999,-42.7,4.962,5228.1,yes
55,services,divorced,high.school,no,yes,no,cellular,jul,mon,499,3,999,0,nonexistent,1.4,93.91799999999999,-42.7,4.962,5228.1,no
30,admin.,married,unknown,no,no,no,cellular,jul,mon,220,6,999,0,nonexistent,1.4,93.91799999999999,-42.7,4.962,5228.1,no
30,admin.,married,unknown,no,no,no,cellular,jul,mon,270,3,999,0,nonexistent,1.4,93.91799999999999,-42.7,4.962,5228.1,no
55,blue-collar,divorced,basic.4y,no,yes,no,cellular,jul,mon,213,3,999,0,nonexistent,1.4,93.91799999999999,-42.7,4.962,5228.1,no
56,blue-collar,divorced,basic.6y,unknown,no,no,telephone,jul,mon,1037,3,999,0,nonexistent,1.4,93.91799999999999,-42.7,4.962,5228.1,no
36,housemaid,married,basic.4y,no,no,no,cellular,jul,mon,262,4,999,0,nonexistent,1.4,93.91799999999999,-42.7,4.962,5228.1,no
46,self-employed,married,university.degree,no,no,no,cellular,jul,mon,22,3,999,0,nonexistent,1.4,93.91799999999999,-42.7,4.962,5228.1,no
53,management,married,unknown,no,no,no,cellular,jul,mon,123,2,999,0,nonexistent,1.4,93.91799999999999,-42.7,4.962,5228.1,no
47,blue-collar,divorced,basic.9y,no,yes,yes,cellular,jul,mon,138,3,999,0,nonexistent,1.4,93.91799999999999,-42.7,4.962,5228.1,no
48,self-employed,married,university.degree,unknown,no,no,cellular,jul,mon,191,2,999,0,nonexistent,1.4,93.91799999999999,-42.7,4.962,5228.1,no
55,retired,divorced,high.school,no,no,no,cellular,jul,mon,609,6,999,0,nonexistent,1.4,93.91799999999999,-42.7,4.962,5228.1,no
53,retired,divorced,basic.9y,no,no,no,telephone,jul,mon,313,16,999,0,nonexistent,1.4,93.91799999999999,-42.7,4.962,5228.1,no
55,admin.,married,high.school,no,yes,no,cellular,jul,mon,170,3,999,0,nonexistent,1.4,93.91799999999999,-42.7,4.962,5228.1,no
57,retired,single,unknown,unknown,no,no,cellular,jul,mon,117,5,999,0,nonexistent,1.4,93.91799999999999,-42.7,4.962,5228.1,no
38,student,single,unknown,unknown,yes,yes,cellular,jul,mon,76,4,999,0,nonexistent,1.4,93.91799999999999,-42.7,4.962,5228.1,no
36,technician,married,professional.course,no,no,no,cellular,jul,mon,314,4,999,0,nonexistent,1.4,93.91799999999999,-42.7,4.962,5228.1,no
48,housemaid,married,university.degree,no,yes,no,cellular,jul,mon,306,6,999,0,nonexistent,1.4,93.91799999999999,-42.7,4.962,5228.1,no
52,housemaid,married,basic.9y,no,yes,no,cellular,jul,mon,83,12,999,0,nonexistent,1.4,93.91799999999999,-42.7,4.962,5228.1,no
47,services,married,basic.6y,no,yes,no,cellular,jul,mon,320,3,999,0,nonexistent,1.4,93.91799999999999,-42.7,4.962,5228.1,no
43,unemployed,divorced,basic.9y,no,no,no,cellular,jul,mon,39,9,999,0,nonexistent,1.4,93.91799999999999,-42.7,4.962,5228.1,no
58,technician,divorced,unknown,unknown,yes,no,cellular,jul,mon,341,12,999,0,nonexistent,1.4,93.91799999999999,-42.7,4.962,5228.1,no
34,admin.,married,university.degree,no,yes,yes,cellular,jul,mon,151,7,999,0,nonexistent,1.4,93.91799999999999,-42.7,4.962,5228.1,no
51,entrepreneur,divorced,university.degree,no,unknown,unknown,cellular,jul,mon,19,14,999,0,nonexistent,1.4,93.91799999999999,-42.7,4.962,5228.1,no
41,admin.,married,high.school,no,yes,yes,cellular,jul,mon,76,3,999,0,nonexistent,1.4,93.91799999999999,-42.7,4.962,5228.1,no
55,technician,married,basic.9y,unknown,yes,no,cellular,jul,mon,72,6,999,0,nonexistent,1.4,93.91799999999999,-42.7,4.962,5228.1,no
57,admin.,married,university.degree,unknown,yes,no,cellular,jul,mon,194,24,999,0,nonexistent,1.4,93.91799999999999,-42.7,4.962,5228.1,no
45,self-employed,divorced,university.degree,no,no,yes,cellular,jul,mon,890,4,999,0,nonexistent,1.4,93.91799999999999,-42.7,4.962,5228.1,yes
45,self-employed,divorced,university.degree,no,yes,no,cellular,jul,mon,168,4,999,0,nonexistent,1.4,93.91799999999999,-42.7,4.962,5228.1,no
58,technician,married,professional.course,no,no,yes,telephone,jul,mon,76,18,999,0,nonexistent,1.4,93.91799999999999,-42.7,4.962,5228.1,no
56,services,divorced,high.school,no,no,no,cellular,jul,mon,167,6,999,0,nonexistent,1.4,93.91799999999999,-42.7,4.962,5228.1,no
48,admin.,single,university.degree,no,no,no,cellular,jul,mon,472,3,999,0,nonexistent,1.4,93.91799999999999,-42.7,4.962,5228.1,no
54,self-employed,divorced,high.school,unknown,no,no,telephone,jul,mon,178,4,999,0,nonexistent,1.4,93.91799999999999,-42.7,4.962,5228.1,no
46,admin.,divorced,professional.course,no,yes,no,cellular,jul,mon,276,2,999,0,nonexistent,1.4,93.91799999999999,-42.7,4.962,5228.1,no
49,technician,married,university.degree,no,no,no,cellular,jul,mon,147,15,999,0,nonexistent,1.4,93.91799999999999,-42.7,4.962,5228.1,no
60,retired,divorced,professional.course,no,no,no,cellular,jul,mon,131,7,999,0,nonexistent,1.4,93.91799999999999,-42.7,4.962,5228.1,no
50,admin.,divorced,university.degree,unknown,no,yes,cellular,jul,mon,85,9,999,0,nonexistent,1.4,93.91799999999999,-42.7,4.962,5228.1,no
53,blue-collar,married,high.school,no,yes,no,cellular,jul,mon,209,4,999,0,nonexistent,1.4,93.91799999999999,-42.7,4.962,5228.1,no
58,admin.,divorced,university.degree,no,no,no,cellular,jul,mon,97,6,999,0,nonexistent,1.4,93.91799999999999,-42.7,4.962,5228.1,no
50,admin.,married,university.degree,no,no,no,telephone,jul,mon,1076,17,999,0,nonexistent,1.4,93.91799999999999,-42.7,4.962,5228.1,yes
46,self-employed,married,university.degree,no,yes,no,cellular,jul,mon,152,4,999,0,nonexistent,1.4,93.91799999999999,-42.7,4.962,5228.1,no
44,technician,divorced,professional.course,no,no,yes,telephone,jul,mon,107,3,999,0,nonexistent,1.4,93.91799999999999,-42.7,4.962,5228.1,no
42,housemaid,married,basic.9y,unknown,no,no,cellular,jul,mon,100,16,999,0,nonexistent,1.4,93.91799999999999,-42.7,4.962,5228.1,no
46,management,married,basic.9y,unknown,yes,yes,cellular,jul,mon,488,4,999,0,nonexistent,1.4,93.91799999999999,-42.7,4.962,5228.1,no
43,unemployed,divorced,basic.9y,no,yes,no,cellular,jul,mon,265,4,999,0,nonexistent,1.4,93.91799999999999,-42.7,4.962,5228.1,no
57,retired,single,unknown,unknown,yes,yes,cellular,jul,mon,174,6,999,0,nonexistent,1.4,93.91799999999999,-42.7,4.962,5228.1,no
26,admin.,single,university.degree,no,no,no,telephone,jul,mon,127,7,999,0,nonexistent,1.4,93.91799999999999,-42.7,4.962,5228.1,no
53,blue-collar,married,high.school,no,no,yes,cellular,jul,mon,136,2,999,0,nonexistent,1.4,93.91799999999999,-42.7,4.962,5228.1,no
55,services,divorced,high.school,no,no,no,cellular,jul,mon,164,7,999,0,nonexistent,1.4,93.91799999999999,-42.7,4.962,5228.1,no
36,housemaid,married,basic.4y,no,yes,yes,cellular,jul,mon,120,6,999,0,nonexistent,1.4,93.91799999999999,-42.7,4.962,5228.1,no
57,admin.,married,professional.course,no,unknown,unknown,cellular,jul,mon,127,6,999,0,nonexistent,1.4,93.91799999999999,-42.7,4.962,5228.1,no
42,housemaid,married,basic.4y,unknown,yes,no,telephone,jul,mon,122,3,999,0,nonexistent,1.4,93.91799999999999,-42.7,4.962,5228.1,no
40,admin.,divorced,university.degree,no,no,no,cellular,jul,mon,206,10,999,0,nonexistent,1.4,93.91799999999999,-42.7,4.962,5228.1,no
48,retired,married,basic.4y,unknown,yes,yes,telephone,jul,mon,27,17,999,0,nonexistent,1.4,93.91799999999999,-42.7,4.962,5228.1,no
39,admin.,divorced,high.school,no,no,no,telephone,jul,mon,210,3,999,0,nonexistent,1.4,93.91799999999999,-42.7,4.962,5228.1,no
49,technician,married,high.school,no,yes,no,telephone,jul,mon,126,8,999,0,nonexistent,1.4,93.91799999999999,-42.7,4.962,5228.1,no
39,admin.,single,high.school,no,yes,no,telephone,jul,mon,215,3,999,0,nonexistent,1.4,93.91799999999999,-42.7,4.962,5228.1,no
50,technician,single,professional.course,no,no,yes,cellular,jul,mon,173,8,999,0,nonexistent,1.4,93.91799999999999,-42.7,4.962,5228.1,no
49,blue-collar,divorced,basic.6y,unknown,yes,no,cellular,jul,mon,786,4,999,0,nonexistent,1.4,93.91799999999999,-42.7,4.962,5228.1,no
57,retired,married,high.school,no,no,no,cellular,jul,tue,193,9,999,0,nonexistent,1.4,93.91799999999999,-42.7,4.961,5228.1,no
50,blue-collar,married,basic.9y,unknown,yes,no,cellular,jul,tue,215,3,999,0,nonexistent,1.4,93.91799999999999,-42.7,4.961,5228.1,no
43,blue-collar,married,basic.9y,no,yes,yes,cellular,jul,tue,393,2,999,0,nonexistent,1.4,93.91799999999999,-42.7,4.961,5228.1,no
53,retired,divorced,university.degree,no,yes,no,cellular,jul,tue,62,4,999,0,nonexistent,1.4,93.91799999999999,-42.7,4.961,5228.1,no
38,self-employed,married,high.school,no,yes,no,telephone,jul,tue,121,5,999,0,nonexistent,1.4,93.91799999999999,-42.7,4.961,5228.1,no
55,entrepreneur,divorced,university.degree,no,no,no,telephone,jul,tue,345,16,999,0,nonexistent,1.4,93.91799999999999,-42.7,4.961,5228.1,no
45,technician,married,high.school,no,yes,no,cellular,jul,tue,88,5,999,0,nonexistent,1.4,93.91799999999999,-42.7,4.961,5228.1,no
53,technician,married,professional.course,no,no,yes,cellular,jul,tue,178,11,999,0,nonexistent,1.4,93.91799999999999,-42.7,4.961,5228.1,no
39,admin.,divorced,high.school,no,no,no,cellular,jul,tue,858,6,999,0,nonexistent,1.4,93.91799999999999,-42.7,4.961,5228.1,no
55,blue-collar,divorced,basic.4y,no,yes,no,cellular,jul,tue,82,3,999,0,nonexistent,1.4,93.91799999999999,-42.7,4.961,5228.1,no
50,self-employed,married,high.school,no,yes,no,cellular,jul,tue,119,6,999,0,nonexistent,1.4,93.91799999999999,-42.7,4.961,5228.1,no
32,blue-collar,single,high.school,no,no,no,telephone,jul,tue,480,8,999,0,nonexistent,1.4,93.91799999999999,-42.7,4.961,5228.1,no
42,technician,single,professional.course,no,yes,no,cellular,jul,tue,179,6,999,0,nonexistent,1.4,93.91799999999999,-42.7,4.961,5228.1,no
35,admin.,single,unknown,no,yes,no,cellular,jul,tue,95,4,999,0,nonexistent,1.4,93.91799999999999,-42.7,4.961,5228.1,no
46,admin.,single,university.degree,no,yes,yes,cellular,jul,tue,62,7,999,0,nonexistent,1.4,93.91799999999999,-42.7,4.961,5228.1,no
47,technician,single,unknown,no,no,no,cellular,jul,tue,117,2,999,0,nonexistent,1.4,93.91799999999999,-42.7,4.961,5228.1,no
38,unemployed,married,basic.4y,unknown,yes,no,cellular,jul,tue,176,20,999,0,nonexistent,1.4,93.91799999999999,-42.7,4.961,5228.1,no
53,technician,single,professional.course,no,no,no,cellular,jul,tue,114,1,999,0,nonexistent,1.4,93.91799999999999,-42.7,4.961,5228.1,no
55,technician,married,basic.9y,unknown,yes,no,cellular,jul,tue,234,4,999,0,nonexistent,1.4,93.91799999999999,-42.7,4.961,5228.1,no
45,management,divorced,university.degree,no,yes,yes,cellular,jul,tue,192,1,999,0,nonexistent,1.4,93.91799999999999,-42.7,4.961,5228.1,no
53,blue-collar,married,high.school,no,yes,no,cellular,jul,tue,118,7,999,0,nonexistent,1.4,93.91799999999999,-42.7,4.961,5228.1,no
51,services,married,high.school,unknown,no,no,cellular,jul,tue,158,1,999,0,nonexistent,1.4,93.91799999999999,-42.7,4.961,5228.1,no
31,blue-collar,single,professional.course,no,no,yes,telephone,jul,tue,186,1,999,0,nonexistent,1.4,93.91799999999999,-42.7,4.961,5228.1,no
43,admin.,married,high.school,no,no,no,cellular,jul,tue,215,5,999,0,nonexistent,1.4,93.91799999999999,-42.7,4.961,5228.1,no
36,admin.,married,university.degree,no,yes,no,cellular,jul,tue,54,1,999,0,nonexistent,1.4,93.91799999999999,-42.7,4.961,5228.1,no
50,management,divorced,high.school,no,no,no,cellular,jul,tue,36,1,999,0,nonexistent,1.4,93.91799999999999,-42.7,4.961,5228.1,no
46,admin.,single,university.degree,no,yes,yes,cellular,jul,tue,146,1,999,0,nonexistent,1.4,93.91799999999999,-42.7,4.961,5228.1,no
33,entrepreneur,married,university.degree,no,yes,no,cellular,jul,tue,303,1,999,0,nonexistent,1.4,93.91799999999999,-42.7,4.961,5228.1,no
57,unknown,married,unknown,unknown,no,no,cellular,jul,tue,156,4,999,0,nonexistent,1.4,93.91799999999999,-42.7,4.961,5228.1,no
48,retired,married,basic.4y,unknown,no,no,cellular,jul,tue,32,4,999,0,nonexistent,1.4,93.91799999999999,-42.7,4.961,5228.1,no
36,admin.,married,university.degree,unknown,yes,no,cellular,jul,tue,874,1,999,0,nonexistent,1.4,93.91799999999999,-42.7,4.961,5228.1,yes
53,blue-collar,divorced,basic.4y,no,yes,no,cellular,jul,tue,648,2,999,0,nonexistent,1.4,93.91799999999999,-42.7,4.961,5228.1,yes
36,technician,married,professional.course,no,no,no,cellular,jul,tue,71,2,999,0,nonexistent,1.4,93.91799999999999,-42.7,4.961,5228.1,no
43,admin.,married,university.degree,no,yes,no,cellular,jul,tue,101,3,999,0,nonexistent,1.4,93.91799999999999,-42.7,4.961,5228.1,no
43,management,divorced,university.degree,no,yes,no,cellular,jul,tue,76,1,999,0,nonexistent,1.4,93.91799999999999,-42.7,4.961,5228.1,no
49,admin.,single,university.degree,no,no,no,cellular,jul,tue,90,4,999,0,nonexistent,1.4,93.91799999999999,-42.7,4.961,5228.1,no
54,management,married,university.degree,no,no,yes,cellular,jul,tue,218,1,999,0,nonexistent,1.4,93.91799999999999,-42.7,4.961,5228.1,no
36,blue-collar,married,basic.6y,no,no,no,cellular,jul,tue,164,1,999,0,nonexistent,1.4,93.91799999999999,-42.7,4.961,5228.1,no
47,technician,married,basic.9y,no,unknown,unknown,cellular,jul,tue,1569,1,999,0,nonexistent,1.4,93.91799999999999,-42.7,4.961,5228.1,no
57,admin.,married,university.degree,no,yes,no,telephone,jul,tue,7,4,999,0,nonexistent,1.4,93.91799999999999,-42.7,4.961,5228.1,no
57,admin.,divorced,high.school,unknown,yes,no,cellular,jul,tue,162,1,999,0,nonexistent,1.4,93.91799999999999,-42.7,4.961,5228.1,no
54,housemaid,divorced,basic.4y,no,unknown,unknown,cellular,jul,tue,179,2,999,0,nonexistent,1.4,93.91799999999999,-42.7,4.961,5228.1,no
42,management,married,high.school,unknown,no,no,cellular,jul,tue,179,5,999,0,nonexistent,1.4,93.91799999999999,-42.7,4.961,5228.1,no
54,blue-collar,married,illiterate,unknown,yes,yes,cellular,jul,tue,83,1,999,0,nonexistent,1.4,93.91799999999999,-42.7,4.961,5228.1,no
59,retired,divorced,university.degree,unknown,yes,no,cellular,jul,tue,165,1,999,0,nonexistent,1.4,93.91799999999999,-42.7,4.961,5228.1,no
50,services,married,high.school,no,no,no,cellular,jul,tue,301,1,999,0,nonexistent,1.4,93.91799999999999,-42.7,4.961,5228.1,no
50,services,married,high.school,no,yes,no,cellular,jul,tue,117,1,999,0,nonexistent,1.4,93.91799999999999,-42.7,4.961,5228.1,no
47,services,divorced,professional.course,no,yes,no,telephone,jul,tue,165,1,999,0,nonexistent,1.4,93.91799999999999,-42.7,4.961,5228.1,no
44,blue-collar,married,unknown,unknown,no,yes,cellular,jul,tue,25,21,999,0,nonexistent,1.4,93.91799999999999,-42.7,4.961,5228.1,no
47,services,divorced,professional.course,no,no,no,cellular,jul,tue,318,1,999,0,nonexistent,1.4,93.91799999999999,-42.7,4.961,5228.1,no
46,admin.,married,university.degree,unknown,yes,no,cellular,jul,tue,112,2,999,0,nonexistent,1.4,93.91799999999999,-42.7,4.961,5228.1,no
45,housemaid,married,basic.4y,no,yes,no,cellular,jul,tue,241,4,999,0,nonexistent,1.4,93.91799999999999,-42.7,4.961,5228.1,no
52,entrepreneur,divorced,high.school,unknown,yes,no,cellular,jul,tue,710,1,999,0,nonexistent,1.4,93.91799999999999,-42.7,4.961,5228.1,yes
50,technician,married,professional.course,unknown,yes,no,cellular,jul,tue,116,1,999,0,nonexistent,1.4,93.91799999999999,-42.7,4.961,5228.1,no
55,retired,divorced,high.school,no,yes,no,cellular,jul,tue,609,3,999,0,nonexistent,1.4,93.91799999999999,-42.7,4.961,5228.1,no
49,housemaid,divorced,basic.4y,unknown,yes,no,cellular,jul,tue,129,1,999,0,nonexistent,1.4,93.91799999999999,-42.7,4.961,5228.1,no
60,retired,divorced,basic.4y,no,yes,no,cellular,jul,tue,600,1,999,0,nonexistent,1.4,93.91799999999999,-42.7,4.961,5228.1,yes
46,admin.,single,university.degree,no,no,no,cellular,jul,tue,206,2,999,0,nonexistent,1.4,93.91799999999999,-42.7,4.961,5228.1,no
60,retired,divorced,high.school,unknown,yes,yes,cellular,jul,tue,102,2,999,0,nonexistent,1.4,93.91799999999999,-42.7,4.961,5228.1,no
42,admin.,married,basic.9y,unknown,no,no,telephone,jul,tue,75,1,999,0,nonexistent,1.4,93.91799999999999,-42.7,4.961,5228.1,no
53,technician,divorced,professional.course,no,no,no,cellular,jul,tue,124,1,999,0,nonexistent,1.4,93.91799999999999,-42.7,4.961,5228.1,no
53,entrepreneur,married,university.degree,unknown,yes,no,cellular,jul,tue,893,1,999,0,nonexistent,1.4,93.91799999999999,-42.7,4.961,5228.1,yes
47,services,single,high.school,no,yes,no,cellular,jul,tue,43,1,999,0,nonexistent,1.4,93.91799999999999,-42.7,4.961,5228.1,no
42,admin.,married,basic.9y,unknown,no,yes,cellular,jul,tue,336,1,999,0,nonexistent,1.4,93.91799999999999,-42.7,4.961,5228.1,no
30,services,married,basic.9y,no,no,no,cellular,jul,tue,70,2,999,0,nonexistent,1.4,93.91799999999999,-42.7,4.961,5228.1,no
46,admin.,married,university.degree,unknown,yes,no,cellular,jul,tue,55,2,999,0,nonexistent,1.4,93.91799999999999,-42.7,4.961,5228.1,no
41,admin.,married,university.degree,no,no,no,cellular,jul,tue,184,2,999,0,nonexistent,1.4,93.91799999999999,-42.7,4.961,5228.1,no
50,unknown,married,unknown,unknown,yes,no,telephone,jul,tue,237,1,999,0,nonexistent,1.4,93.91799999999999,-42.7,4.961,5228.1,no
43,services,married,university.degree,no,yes,no,cellular,jul,tue,135,1,999,0,nonexistent,1.4,93.91799999999999,-42.7,4.961,5228.1,no
43,admin.,married,university.degree,no,yes,no,cellular,jul,tue,24,1,999,0,nonexistent,1.4,93.91799999999999,-42.7,4.961,5228.1,no
43,admin.,married,university.degree,no,no,no,cellular,jul,tue,497,1,999,0,nonexistent,1.4,93.91799999999999,-42.7,4.961,5228.1,no
36,admin.,married,university.degree,unknown,no,no,cellular,jul,tue,97,1,999,0,nonexistent,1.4,93.91799999999999,-42.7,4.961,5228.1,no
38,services,married,high.school,no,yes,no,cellular,jul,tue,55,1,999,0,nonexistent,1.4,93.91799999999999,-42.7,4.961,5228.1,no
41,admin.,married,high.school,no,yes,no,cellular,jul,tue,60,3,999,0,nonexistent,1.4,93.91799999999999,-42.7,4.961,5228.1,no
39,admin.,single,high.school,no,no,no,cellular,jul,tue,48,2,999,0,nonexistent,1.4,93.91799999999999,-42.7,4.961,5228.1,no
54,admin.,divorced,unknown,no,no,no,cellular,jul,tue,109,2,999,0,nonexistent,1.4,93.91799999999999,-42.7,4.961,5228.1,no
46,housemaid,divorced,professional.course,unknown,no,no,cellular,jul,tue,167,2,999,0,nonexistent,1.4,93.91799999999999,-42.7,4.961,5228.1,no
43,admin.,married,high.school,no,yes,no,cellular,jul,tue,197,1,999,0,nonexistent,1.4,93.91799999999999,-42.7,4.961,5228.1,no
45,admin.,married,university.degree,no,no,no,cellular,jul,tue,345,4,999,0,nonexistent,1.4,93.91799999999999,-42.7,4.961,5228.1,no
48,services,married,high.school,unknown,no,no,cellular,jul,tue,165,1,999,0,nonexistent,1.4,93.91799999999999,-42.7,4.961,5228.1,no
57,admin.,single,university.degree,no,yes,no,cellular,jul,tue,69,1,999,0,nonexistent,1.4,93.91799999999999,-42.7,4.961,5228.1,no
60,technician,married,professional.course,unknown,no,no,telephone,jul,tue,55,15,999,0,nonexistent,1.4,93.91799999999999,-42.7,4.961,5228.1,no
43,admin.,married,high.school,no,no,no,telephone,jul,tue,647,1,999,0,nonexistent,1.4,93.91799999999999,-42.7,4.961,5228.1,no
57,admin.,single,university.degree,no,no,no,cellular,jul,tue,105,1,999,0,nonexistent,1.4,93.91799999999999,-42.7,4.961,5228.1,no
50,technician,single,basic.4y,unknown,yes,no,cellular,jul,tue,96,5,999,0,nonexistent,1.4,93.91799999999999,-42.7,4.961,5228.1,no
54,management,married,university.degree,no,yes,no,cellular,jul,tue,100,2,999,0,nonexistent,1.4,93.91799999999999,-42.7,4.961,5228.1,no
47,blue-collar,single,unknown,no,yes,no,cellular,jul,tue,91,2,999,0,nonexistent,1.4,93.91799999999999,-42.7,4.961,5228.1,no
36,services,married,high.school,unknown,no,yes,cellular,jul,tue,285,2,999,0,nonexistent,1.4,93.91799999999999,-42.7,4.961,5228.1,no
35,admin.,married,professional.course,no,no,no,cellular,jul,tue,214,1,999,0,nonexistent,1.4,93.91799999999999,-42.7,4.961,5228.1,no
53,blue-collar,divorced,basic.4y,no,no,no,cellular,jul,tue,305,1,999,0,nonexistent,1.4,93.91799999999999,-42.7,4.961,5228.1,no
58,technician,divorced,unknown,unknown,yes,no,cellular,jul,tue,261,4,999,0,nonexistent,1.4,93.91799999999999,-42.7,4.961,5228.1,no
53,blue-collar,divorced,basic.4y,no,no,yes,cellular,jul,tue,446,1,999,0,nonexistent,1.4,93.91799999999999,-42.7,4.961,5228.1,no
51,technician,married,professional.course,no,yes,no,cellular,jul,tue,248,2,999,0,nonexistent,1.4,93.91799999999999,-42.7,4.961,5228.1,no
58,admin.,married,high.school,unknown,yes,no,cellular,jul,tue,103,1,999,0,nonexistent,1.4,93.91799999999999,-42.7,4.961,5228.1,no
50,technician,single,university.degree,unknown,no,no,cellular,jul,tue,86,2,999,0,nonexistent,1.4,93.91799999999999,-42.7,4.961,5228.1,no
38,housemaid,married,basic.4y,unknown,unknown,unknown,cellular,jul,tue,105,3,999,0,nonexistent,1.4,93.91799999999999,-42.7,4.961,5228.1,no
56,services,divorced,high.school,no,no,no,cellular,jul,tue,57,3,999,0,nonexistent,1.4,93.91799999999999,-42.7,4.961,5228.1,no
56,services,divorced,university.degree,no,no,no,cellular,jul,tue,221,3,999,0,nonexistent,1.4,93.91799999999999,-42.7,4.961,5228.1,no
33,admin.,married,university.degree,no,no,no,cellular,jul,tue,2516,1,999,0,nonexistent,1.4,93.91799999999999,-42.7,4.961,5228.1,yes
48,housemaid,married,basic.4y,unknown,yes,yes,cellular,jul,tue,72,3,999,0,nonexistent,1.4,93.91799999999999,-42.7,4.961,5228.1,no
47,admin.,married,high.school,no,yes,no,cellular,jul,tue,247,2,999,0,nonexistent,1.4,93.91799999999999,-42.7,4.961,5228.1,no
29,services,divorced,high.school,unknown,no,no,cellular,jul,tue,145,2,999,0,nonexistent,1.4,93.91799999999999,-42.7,4.961,5228.1,no
30,admin.,married,unknown,no,no,yes,cellular,jul,tue,64,2,999,0,nonexistent,1.4,93.91799999999999,-42.7,4.961,5228.1,no
56,admin.,divorced,university.degree,no,no,no,cellular,jul,tue,213,1,999,0,nonexistent,1.4,93.91799999999999,-42.7,4.961,5228.1,no
52,housemaid,married,university.degree,no,no,yes,cellular,jul,tue,137,1,999,0,nonexistent,1.4,93.91799999999999,-42.7,4.961,5228.1,no
57,admin.,married,university.degree,no,yes,yes,telephone,jul,tue,104,1,999,0,nonexistent,1.4,93.91799999999999,-42.7,4.961,5228.1,no
49,admin.,single,university.degree,no,no,no,cellular,jul,tue,57,3,999,0,nonexistent,1.4,93.91799999999999,-42.7,4.961,5228.1,no
56,technician,married,professional.course,no,yes,no,cellular,jul,tue,208,1,999,0,nonexistent,1.4,93.91799999999999,-42.7,4.961,5228.1,no
35,admin.,married,professional.course,no,no,no,cellular,jul,tue,735,2,999,0,nonexistent,1.4,93.91799999999999,-42.7,4.961,5228.1,no
57,technician,married,basic.9y,no,no,no,cellular,jul,tue,94,1,999,0,nonexistent,1.4,93.91799999999999,-42.7,4.961,5228.1,no
59,retired,divorced,university.degree,unknown,no,no,cellular,jul,tue,46,2,999,0,nonexistent,1.4,93.91799999999999,-42.7,4.961,5228.1,no
54,unemployed,married,high.school,unknown,no,no,telephone,jul,tue,28,2,999,0,nonexistent,1.4,93.91799999999999,-42.7,4.961,5228.1,no
44,technician,divorced,professional.course,no,yes,no,cellular,jul,tue,121,2,999,0,nonexistent,1.4,93.91799999999999,-42.7,4.961,5228.1,no
26,admin.,single,university.degree,no,yes,yes,cellular,jul,tue,65,1,999,0,nonexistent,1.4,93.91799999999999,-42.7,4.961,5228.1,no
54,technician,divorced,professional.course,no,yes,yes,cellular,jul,tue,797,14,999,0,nonexistent,1.4,93.91799999999999,-42.7,4.961,5228.1,no
55,services,divorced,high.school,unknown,no,no,cellular,jul,tue,204,3,999,0,nonexistent,1.4,93.91799999999999,-42.7,4.961,5228.1,no
26,admin.,single,university.degree,no,no,no,cellular,jul,tue,212,1,999,0,nonexistent,1.4,93.91799999999999,-42.7,4.961,5228.1,no
33,admin.,married,university.degree,no,no,yes,cellular,jul,tue,255,2,999,0,nonexistent,1.4,93.91799999999999,-42.7,4.961,5228.1,no
55,blue-collar,divorced,basic.4y,no,no,yes,cellular,jul,tue,196,3,999,0,nonexistent,1.4,93.91799999999999,-42.7,4.961,5228.1,no
43,admin.,married,university.degree,no,yes,no,telephone,jul,tue,145,2,999,0,nonexistent,1.4,93.91799999999999,-42.7,4.961,5228.1,no
43,housemaid,married,basic.4y,no,no,no,telephone,jul,tue,81,2,999,0,nonexistent,1.4,93.91799999999999,-42.7,4.961,5228.1,no
47,technician,single,unknown,no,yes,yes,telephone,jul,tue,24,1,999,0,nonexistent,1.4,93.91799999999999,-42.7,4.961,5228.1,no
58,housemaid,married,basic.4y,unknown,yes,no,telephone,jul,tue,35,1,999,0,nonexistent,1.4,93.91799999999999,-42.7,4.961,5228.1,no
37,services,married,high.school,no,yes,no,cellular,jul,tue,520,7,999,0,nonexistent,1.4,93.91799999999999,-42.7,4.961,5228.1,no
34,admin.,married,university.degree,no,no,no,cellular,jul,tue,283,1,999,0,nonexistent,1.4,93.91799999999999,-42.7,4.961,5228.1,no
24,student,single,high.school,no,yes,no,cellular,jul,tue,153,1,999,0,nonexistent,1.4,93.91799999999999,-42.7,4.961,5228.1,no
51,blue-collar,divorced,basic.9y,no,yes,no,cellular,jul,tue,82,6,999,0,nonexistent,1.4,93.91799999999999,-42.7,4.961,5228.1,no
58,housemaid,married,basic.4y,unknown,no,no,cellular,jul,tue,533,1,999,0,nonexistent,1.4,93.91799999999999,-42.7,4.961,5228.1,no
57,admin.,married,professional.course,no,yes,no,cellular,jul,tue,60,4,999,0,nonexistent,1.4,93.91799999999999,-42.7,4.961,5228.1,no
24,student,single,high.school,no,no,no,cellular,jul,tue,569,1,999,0,nonexistent,1.4,93.91799999999999,-42.7,4.961,5228.1,no
44,entrepreneur,married,high.school,no,yes,no,cellular,jul,tue,300,1,999,0,nonexistent,1.4,93.91799999999999,-42.7,4.961,5228.1,no
35,admin.,married,high.school,no,no,no,cellular,jul,tue,100,11,999,0,nonexistent,1.4,93.91799999999999,-42.7,4.961,5228.1,no
54,admin.,divorced,high.school,no,no,yes,cellular,jul,tue,129,4,999,0,nonexistent,1.4,93.91799999999999,-42.7,4.961,5228.1,no
49,admin.,single,university.degree,no,no,no,cellular,jul,tue,57,6,999,0,nonexistent,1.4,93.91799999999999,-42.7,4.961,5228.1,no
46,technician,divorced,university.degree,no,no,no,cellular,jul,tue,199,8,999,0,nonexistent,1.4,93.91799999999999,-42.7,4.961,5228.1,no
40,admin.,divorced,university.degree,no,yes,no,cellular,jul,tue,56,3,999,0,nonexistent,1.4,93.91799999999999,-42.7,4.961,5228.1,no
36,technician,married,professional.course,no,no,no,cellular,jul,tue,281,3,999,0,nonexistent,1.4,93.91799999999999,-42.7,4.961,5228.1,no
47,blue-collar,married,basic.4y,no,yes,no,cellular,jul,tue,207,2,999,0,nonexistent,1.4,93.91799999999999,-42.7,4.961,5228.1,no
35,admin.,married,professional.course,no,yes,yes,cellular,jul,tue,1186,2,999,0,nonexistent,1.4,93.91799999999999,-42.7,4.961,5228.1,no
38,unemployed,married,basic.4y,unknown,no,no,cellular,jul,tue,195,1,999,0,nonexistent,1.4,93.91799999999999,-42.7,4.961,5228.1,no
48,blue-collar,married,basic.6y,no,yes,no,cellular,jul,tue,63,1,999,0,nonexistent,1.4,93.91799999999999,-42.7,4.961,5228.1,no
47,blue-collar,married,high.school,no,yes,no,cellular,jul,tue,20,18,999,0,nonexistent,1.4,93.91799999999999,-42.7,4.961,5228.1,no
53,admin.,divorced,high.school,no,no,no,cellular,jul,tue,52,3,999,0,nonexistent,1.4,93.91799999999999,-42.7,4.961,5228.1,no
44,student,single,unknown,unknown,no,yes,cellular,jul,tue,113,6,999,0,nonexistent,1.4,93.91799999999999,-42.7,4.961,5228.1,no
46,technician,single,professional.course,no,no,no,cellular,jul,tue,328,2,999,0,nonexistent,1.4,93.91799999999999,-42.7,4.961,5228.1,no
56,admin.,divorced,university.degree,no,yes,no,cellular,jul,tue,86,3,999,0,nonexistent,1.4,93.91799999999999,-42.7,4.961,5228.1,no
49,entrepreneur,married,university.degree,no,no,no,cellular,jul,tue,114,3,999,0,nonexistent,1.4,93.91799999999999,-42.7,4.961,5228.1,no
39,admin.,divorced,high.school,no,no,no,cellular,jul,tue,121,17,999,0,nonexistent,1.4,93.91799999999999,-42.7,4.961,5228.1,no
26,self-employed,married,university.degree,no,yes,yes,cellular,jul,tue,45,3,999,0,nonexistent,1.4,93.91799999999999,-42.7,4.961,5228.1,no
43,unemployed,divorced,basic.9y,no,yes,no,cellular,jul,tue,187,2,999,0,nonexistent,1.4,93.91799999999999,-42.7,4.961,5228.1,no
57,blue-collar,married,basic.4y,unknown,no,no,cellular,jul,tue,369,1,999,0,nonexistent,1.4,93.91799999999999,-42.7,4.961,5228.1,no
34,admin.,single,university.degree,unknown,no,no,telephone,jul,tue,143,5,999,0,nonexistent,1.4,93.91799999999999,-42.7,4.961,5228.1,no
59,housemaid,divorced,basic.4y,unknown,no,no,cellular,jul,tue,277,1,999,0,nonexistent,1.4,93.91799999999999,-42.7,4.961,5228.1,no
42,blue-collar,single,basic.6y,unknown,yes,yes,cellular,jul,tue,85,1,999,0,nonexistent,1.4,93.91799999999999,-42.7,4.961,5228.1,no
47,admin.,married,high.school,unknown,no,no,cellular,jul,tue,96,3,999,0,nonexistent,1.4,93.91799999999999,-42.7,4.961,5228.1,no
42,blue-collar,single,basic.6y,unknown,no,no,telephone,jul,tue,126,1,999,0,nonexistent,1.4,93.91799999999999,-42.7,4.961,5228.1,no
39,admin.,divorced,high.school,no,yes,yes,cellular,jul,tue,180,9,999,0,nonexistent,1.4,93.91799999999999,-42.7,4.961,5228.1,no
58,admin.,married,high.school,no,yes,no,cellular,jul,tue,104,6,999,0,nonexistent,1.4,93.91799999999999,-42.7,4.961,5228.1,no
36,housemaid,married,basic.4y,no,yes,no,cellular,jul,tue,665,3,999,0,nonexistent,1.4,93.91799999999999,-42.7,4.961,5228.1,no
26,services,single,high.school,no,no,yes,cellular,jul,tue,125,12,999,0,nonexistent,1.4,93.91799999999999,-42.7,4.961,5228.1,no
46,services,divorced,high.school,no,no,yes,cellular,jul,tue,246,17,999,0,nonexistent,1.4,93.91799999999999,-42.7,4.961,5228.1,no
47,admin.,divorced,university.degree,no,no,no,cellular,jul,tue,33,1,999,0,nonexistent,1.4,93.91799999999999,-42.7,4.961,5228.1,no
32,technician,single,professional.course,no,yes,no,cellular,jul,tue,95,6,999,0,nonexistent,1.4,93.91799999999999,-42.7,4.961,5228.1,no
55,retired,married,professional.course,no,yes,no,cellular,jul,tue,277,3,999,0,nonexistent,1.4,93.91799999999999,-42.7,4.961,5228.1,no
31,blue-collar,married,high.school,no,yes,no,cellular,jul,tue,127,7,999,0,nonexistent,1.4,93.91799999999999,-42.7,4.961,5228.1,no
28,technician,single,university.degree,unknown,no,no,telephone,jul,tue,38,3,999,0,nonexistent,1.4,93.91799999999999,-42.7,4.961,5228.1,no
52,admin.,married,high.school,no,no,no,telephone,jul,tue,790,1,999,0,nonexistent,1.4,93.91799999999999,-42.7,4.961,5228.1,no
40,admin.,single,high.school,no,yes,no,cellular,jul,tue,635,3,999,0,nonexistent,1.4,93.91799999999999,-42.7,4.961,5228.1,no
37,admin.,single,high.school,no,yes,no,telephone,jul,tue,77,34,999,0,nonexistent,1.4,93.91799999999999,-42.7,4.961,5228.1,no
53,management,single,professional.course,unknown,no,no,cellular,jul,tue,72,5,999,0,nonexistent,1.4,93.91799999999999,-42.7,4.961,5228.1,no
31,blue-collar,single,professional.course,no,no,yes,cellular,jul,tue,171,13,999,0,nonexistent,1.4,93.91799999999999,-42.7,4.961,5228.1,no
46,technician,divorced,professional.course,unknown,no,no,telephone,jul,tue,665,4,999,0,nonexistent,1.4,93.91799999999999,-42.7,4.961,5228.1,no
50,services,single,high.school,no,yes,no,cellular,jul,tue,110,2,999,0,nonexistent,1.4,93.91799999999999,-42.7,4.961,5228.1,no
35,technician,divorced,professional.course,no,no,no,cellular,jul,tue,77,4,999,0,nonexistent,1.4,93.91799999999999,-42.7,4.961,5228.1,no
59,housemaid,divorced,university.degree,no,yes,no,cellular,jul,tue,226,1,999,0,nonexistent,1.4,93.91799999999999,-42.7,4.961,5228.1,no
59,housemaid,divorced,university.degree,no,no,no,cellular,jul,tue,367,1,999,0,nonexistent,1.4,93.91799999999999,-42.7,4.961,5228.1,no
56,retired,married,basic.6y,no,yes,no,cellular,jul,tue,509,1,999,0,nonexistent,1.4,93.91799999999999,-42.7,4.961,5228.1,no
49,retired,married,high.school,no,yes,no,cellular,jul,tue,228,1,999,0,nonexistent,1.4,93.91799999999999,-42.7,4.961,5228.1,no
30,admin.,married,high.school,no,no,no,cellular,jul,tue,935,4,999,0,nonexistent,1.4,93.91799999999999,-42.7,4.961,5228.1,no
27,services,divorced,high.school,no,yes,no,telephone,jul,tue,129,3,999,0,nonexistent,1.4,93.91799999999999,-42.7,4.961,5228.1,no
25,admin.,single,high.school,no,no,no,cellular,jul,tue,313,6,999,0,nonexistent,1.4,93.91799999999999,-42.7,4.961,5228.1,no
55,blue-collar,single,basic.9y,unknown,yes,no,cellular,jul,tue,80,3,999,0,nonexistent,1.4,93.91799999999999,-42.7,4.961,5228.1,no
57,admin.,divorced,university.degree,unknown,yes,no,telephone,jul,tue,375,4,999,0,nonexistent,1.4,93.91799999999999,-42.7,4.961,5228.1,no
55,blue-collar,single,basic.9y,unknown,no,yes,cellular,jul,tue,194,3,999,0,nonexistent,1.4,93.91799999999999,-42.7,4.961,5228.1,no
43,housemaid,divorced,basic.9y,no,yes,no,cellular,jul,tue,94,5,999,0,nonexistent,1.4,93.91799999999999,-42.7,4.961,5228.1,no
32,admin.,married,professional.course,unknown,yes,no,cellular,jul,tue,97,7,999,0,nonexistent,1.4,93.91799999999999,-42.7,4.961,5228.1,no
39,services,married,high.school,no,yes,yes,cellular,jul,tue,197,4,999,0,nonexistent,1.4,93.91799999999999,-42.7,4.961,5228.1,no
48,technician,married,professional.course,no,yes,no,telephone,jul,tue,616,11,999,0,nonexistent,1.4,93.91799999999999,-42.7,4.961,5228.1,yes
42,admin.,divorced,high.school,no,yes,yes,telephone,jul,tue,207,3,999,0,nonexistent,1.4,93.91799999999999,-42.7,4.961,5228.1,no
57,admin.,divorced,university.degree,unknown,yes,yes,cellular,jul,tue,816,6,999,0,nonexistent,1.4,93.91799999999999,-42.7,4.961,5228.1,yes
54,entrepreneur,divorced,high.school,unknown,no,yes,cellular,jul,tue,268,6,999,0,nonexistent,1.4,93.91799999999999,-42.7,4.961,5228.1,no
36,technician,married,high.school,no,yes,no,cellular,jul,tue,123,4,999,0,nonexistent,1.4,93.91799999999999,-42.7,4.961,5228.1,no
59,housemaid,divorced,unknown,no,unknown,unknown,cellular,jul,tue,246,4,999,0,nonexistent,1.4,93.91799999999999,-42.7,4.961,5228.1,no
26,unemployed,married,high.school,no,unknown,unknown,cellular,jul,tue,263,2,999,0,nonexistent,1.4,93.91799999999999,-42.7,4.961,5228.1,no
46,services,divorced,high.school,no,no,no,cellular,jul,tue,69,5,999,0,nonexistent,1.4,93.91799999999999,-42.7,4.961,5228.1,no
39,blue-collar,married,unknown,no,yes,no,cellular,jul,tue,82,5,999,0,nonexistent,1.4,93.91799999999999,-42.7,4.961,5228.1,no
37,admin.,single,high.school,no,yes,no,cellular,jul,tue,205,11,999,0,nonexistent,1.4,93.91799999999999,-42.7,4.961,5228.1,no
52,admin.,divorced,high.school,unknown,yes,no,cellular,jul,tue,136,3,999,0,nonexistent,1.4,93.91799999999999,-42.7,4.961,5228.1,no
28,technician,single,university.degree,unknown,no,no,cellular,jul,tue,808,3,999,0,nonexistent,1.4,93.91799999999999,-42.7,4.961,5228.1,yes
37,admin.,single,high.school,no,yes,no,cellular,jul,tue,316,2,999,0,nonexistent,1.4,93.91799999999999,-42.7,4.961,5228.1,no
33,technician,married,professional.course,no,yes,yes,cellular,jul,tue,110,5,999,0,nonexistent,1.4,93.91799999999999,-42.7,4.961,5228.1,no
48,services,married,basic.6y,unknown,yes,no,cellular,jul,tue,64,6,999,0,nonexistent,1.4,93.91799999999999,-42.7,4.961,5228.1,no
35,services,married,high.school,no,yes,no,cellular,jul,tue,110,3,999,0,nonexistent,1.4,93.91799999999999,-42.7,4.961,5228.1,no
55,entrepreneur,divorced,university.degree,no,no,yes,telephone,jul,tue,119,7,999,0,nonexistent,1.4,93.91799999999999,-42.7,4.961,5228.1,no
30,blue-collar,married,basic.9y,no,yes,no,cellular,jul,tue,336,7,999,0,nonexistent,1.4,93.91799999999999,-42.7,4.961,5228.1,no
43,admin.,married,high.school,no,no,no,cellular,jul,tue,327,5,999,0,nonexistent,1.4,93.91799999999999,-42.7,4.961,5228.1,no
48,technician,married,professional.course,no,no,no,telephone,jul,tue,316,3,999,0,nonexistent,1.4,93.91799999999999,-42.7,4.961,5228.1,no
44,blue-collar,single,basic.9y,no,yes,no,telephone,jul,tue,1127,11,999,0,nonexistent,1.4,93.91799999999999,-42.7,4.961,5228.1,yes
55,housemaid,married,basic.4y,unknown,no,no,telephone,jul,tue,1140,2,999,0,nonexistent,1.4,93.91799999999999,-42.7,4.961,5228.1,no
43,retired,married,basic.9y,no,yes,no,cellular,jul,tue,284,3,999,0,nonexistent,1.4,93.91799999999999,-42.7,4.961,5228.1,no
38,management,divorced,university.degree,no,yes,no,cellular,jul,tue,543,9,999,0,nonexistent,1.4,93.91799999999999,-42.7,4.961,5228.1,no
54,retired,divorced,basic.4y,unknown,no,yes,cellular,jul,tue,189,5,999,0,nonexistent,1.4,93.91799999999999,-42.7,4.961,5228.1,no
37,admin.,single,high.school,no,yes,no,cellular,jul,tue,52,4,999,0,nonexistent,1.4,93.91799999999999,-42.7,4.961,5228.1,no
44,housemaid,married,university.degree,unknown,no,yes,cellular,jul,tue,468,2,999,0,nonexistent,1.4,93.91799999999999,-42.7,4.961,5228.1,no
26,unemployed,married,high.school,no,no,no,cellular,jul,tue,322,4,999,0,nonexistent,1.4,93.91799999999999,-42.7,4.961,5228.1,no
41,housemaid,divorced,high.school,unknown,yes,yes,cellular,jul,tue,185,5,999,0,nonexistent,1.4,93.91799999999999,-42.7,4.961,5228.1,no
53,services,married,high.school,no,no,yes,cellular,jul,tue,347,3,999,0,nonexistent,1.4,93.91799999999999,-42.7,4.961,5228.1,no
30,admin.,divorced,university.degree,no,yes,no,telephone,jul,tue,399,9,999,0,nonexistent,1.4,93.91799999999999,-42.7,4.961,5228.1,no
47,housemaid,married,basic.4y,unknown,no,no,cellular,jul,tue,637,2,999,0,nonexistent,1.4,93.91799999999999,-42.7,4.961,5228.1,no
58,retired,divorced,professional.course,no,no,no,cellular,jul,tue,60,24,999,0,nonexistent,1.4,93.91799999999999,-42.7,4.961,5228.1,no
25,admin.,single,high.school,no,no,yes,cellular,jul,tue,234,6,999,0,nonexistent,1.4,93.91799999999999,-42.7,4.961,5228.1,no
53,housemaid,married,basic.4y,unknown,no,no,cellular,jul,tue,165,20,999,0,nonexistent,1.4,93.91799999999999,-42.7,4.961,5228.1,no
47,housemaid,married,basic.4y,unknown,yes,yes,telephone,jul,tue,308,2,999,0,nonexistent,1.4,93.91799999999999,-42.7,4.961,5228.1,no
31,blue-collar,single,professional.course,no,no,no,cellular,jul,tue,75,8,999,0,nonexistent,1.4,93.91799999999999,-42.7,4.961,5228.1,no
45,admin.,married,university.degree,no,no,no,cellular,jul,tue,242,5,999,0,nonexistent,1.4,93.91799999999999,-42.7,4.961,5228.1,no
55,management,married,basic.4y,unknown,no,yes,cellular,jul,tue,142,7,999,0,nonexistent,1.4,93.91799999999999,-42.7,4.961,5228.1,no
44,unknown,married,high.school,unknown,no,no,cellular,jul,tue,153,3,999,0,nonexistent,1.4,93.91799999999999,-42.7,4.961,5228.1,no
55,housemaid,married,basic.4y,unknown,yes,no,telephone,jul,tue,481,2,999,0,nonexistent,1.4,93.91799999999999,-42.7,4.961,5228.1,no
46,admin.,married,university.degree,no,no,no,telephone,jul,tue,53,6,999,0,nonexistent,1.4,93.91799999999999,-42.7,4.961,5228.1,no
37,admin.,single,high.school,no,yes,no,cellular,jul,tue,234,5,999,0,nonexistent,1.4,93.91799999999999,-42.7,4.961,5228.1,no
44,technician,divorced,unknown,no,no,no,telephone,jul,tue,222,3,999,0,nonexistent,1.4,93.91799999999999,-42.7,4.961,5228.1,no
30,blue-collar,single,high.school,no,yes,no,cellular,jul,tue,186,6,999,0,nonexistent,1.4,93.91799999999999,-42.7,4.961,5228.1,no
30,technician,married,professional.course,no,no,no,cellular,jul,tue,333,19,999,0,nonexistent,1.4,93.91799999999999,-42.7,4.961,5228.1,no
37,admin.,single,high.school,no,no,no,cellular,jul,tue,333,8,999,0,nonexistent,1.4,93.91799999999999,-42.7,4.961,5228.1,no
52,admin.,married,university.degree,no,yes,no,cellular,jul,tue,79,4,999,0,nonexistent,1.4,93.91799999999999,-42.7,4.961,5228.1,no
38,blue-collar,married,unknown,no,no,no,cellular,jul,tue,112,6,999,0,nonexistent,1.4,93.91799999999999,-42.7,4.961,5228.1,no
34,blue-collar,single,high.school,no,yes,no,cellular,jul,tue,101,4,999,0,nonexistent,1.4,93.91799999999999,-42.7,4.961,5228.1,no
32,admin.,married,high.school,no,no,no,cellular,jul,tue,193,14,999,0,nonexistent,1.4,93.91799999999999,-42.7,4.961,5228.1,no
47,retired,married,university.degree,no,no,no,telephone,jul,tue,863,10,999,0,nonexistent,1.4,93.91799999999999,-42.7,4.961,5228.1,no
35,management,single,university.degree,no,yes,no,cellular,jul,tue,590,23,999,0,nonexistent,1.4,93.91799999999999,-42.7,4.961,5228.1,no
38,admin.,married,university.degree,no,yes,no,cellular,jul,tue,92,30,999,0,nonexistent,1.4,93.91799999999999,-42.7,4.961,5228.1,no
52,admin.,single,high.school,unknown,yes,no,cellular,jul,tue,153,3,999,0,nonexistent,1.4,93.91799999999999,-42.7,4.961,5228.1,no
40,housemaid,married,basic.6y,no,yes,no,telephone,jul,tue,225,3,999,0,nonexistent,1.4,93.91799999999999,-42.7,4.961,5228.1,no
37,admin.,single,high.school,no,yes,no,telephone,jul,tue,49,4,999,0,nonexistent,1.4,93.91799999999999,-42.7,4.961,5228.1,no
27,services,single,basic.9y,no,yes,yes,cellular,jul,tue,88,6,999,0,nonexistent,1.4,93.91799999999999,-42.7,4.961,5228.1,no
31,blue-collar,single,professional.course,no,yes,no,cellular,jul,tue,825,13,999,0,nonexistent,1.4,93.91799999999999,-42.7,4.961,5228.1,no
34,admin.,single,university.degree,no,yes,no,cellular,jul,wed,11,6,999,0,nonexistent,1.4,93.91799999999999,-42.7,4.963,5228.1,no
45,admin.,married,university.degree,no,no,no,cellular,jul,wed,520,4,999,0,nonexistent,1.4,93.91799999999999,-42.7,4.963,5228.1,no
48,entrepreneur,married,basic.9y,no,yes,no,cellular,jul,wed,44,7,999,0,nonexistent,1.4,93.91799999999999,-42.7,4.963,5228.1,no
26,services,single,university.degree,no,yes,no,cellular,jul,wed,142,8,999,0,nonexistent,1.4,93.91799999999999,-42.7,4.963,5228.1,no
55,services,married,basic.9y,no,yes,no,telephone,jul,wed,78,4,999,0,nonexistent,1.4,93.91799999999999,-42.7,4.963,5228.1,no
28,management,married,university.degree,no,yes,yes,cellular,jul,wed,329,4,999,0,nonexistent,1.4,93.91799999999999,-42.7,4.963,5228.1,no
40,admin.,single,high.school,no,yes,no,cellular,jul,wed,353,5,999,0,nonexistent,1.4,93.91799999999999,-42.7,4.963,5228.1,no
47,housemaid,married,basic.4y,unknown,no,no,cellular,jul,wed,189,3,999,0,nonexistent,1.4,93.91799999999999,-42.7,4.963,5228.1,no
31,housemaid,single,high.school,no,yes,no,cellular,jul,wed,125,3,999,0,nonexistent,1.4,93.91799999999999,-42.7,4.963,5228.1,no
60,blue-collar,divorced,basic.4y,unknown,no,no,cellular,jul,wed,105,3,999,0,nonexistent,1.4,93.91799999999999,-42.7,4.963,5228.1,no
44,blue-collar,married,basic.6y,no,yes,no,cellular,jul,wed,334,5,999,0,nonexistent,1.4,93.91799999999999,-42.7,4.963,5228.1,no
53,housemaid,married,basic.4y,unknown,no,yes,cellular,jul,wed,68,3,999,0,nonexistent,1.4,93.91799999999999,-42.7,4.963,5228.1,no
46,admin.,married,university.degree,no,yes,no,cellular,jul,wed,28,11,999,0,nonexistent,1.4,93.91799999999999,-42.7,4.963,5228.1,no
45,housemaid,divorced,basic.4y,unknown,yes,no,cellular,jul,wed,458,2,999,0,nonexistent,1.4,93.91799999999999,-42.7,4.963,5228.1,no
42,admin.,married,high.school,no,no,no,cellular,jul,wed,189,6,999,0,nonexistent,1.4,93.91799999999999,-42.7,4.963,5228.1,no
40,unemployed,divorced,university.degree,no,yes,no,cellular,jul,wed,18,1,999,0,nonexistent,1.4,93.91799999999999,-42.7,4.963,5228.1,no
45,technician,married,professional.course,no,no,no,cellular,jul,wed,158,1,999,0,nonexistent,1.4,93.91799999999999,-42.7,4.963,5228.1,no
39,admin.,single,university.degree,no,yes,yes,cellular,jul,wed,59,1,999,0,nonexistent,1.4,93.91799999999999,-42.7,4.963,5228.1,no
32,services,single,basic.9y,no,yes,no,cellular,jul,wed,31,20,999,0,nonexistent,1.4,93.91799999999999,-42.7,4.963,5228.1,no
39,admin.,single,university.degree,no,yes,no,cellular,jul,wed,150,1,999,0,nonexistent,1.4,93.91799999999999,-42.7,4.963,5228.1,no
56,retired,married,basic.6y,no,yes,no,telephone,jul,wed,90,1,999,0,nonexistent,1.4,93.91799999999999,-42.7,4.963,5228.1,no
37,admin.,single,university.degree,no,yes,no,cellular,jul,wed,305,2,999,0,nonexistent,1.4,93.91799999999999,-42.7,4.963,5228.1,no
47,services,divorced,basic.4y,unknown,no,no,cellular,jul,wed,67,6,999,0,nonexistent,1.4,93.91799999999999,-42.7,4.963,5228.1,no
39,admin.,married,high.school,no,yes,no,telephone,jul,wed,128,1,999,0,nonexistent,1.4,93.91799999999999,-42.7,4.963,5228.1,no
50,services,single,high.school,no,yes,no,cellular,jul,wed,99,2,999,0,nonexistent,1.4,93.91799999999999,-42.7,4.963,5228.1,no
49,admin.,divorced,basic.9y,no,no,no,cellular,jul,wed,39,1,999,0,nonexistent,1.4,93.91799999999999,-42.7,4.963,5228.1,no
49,admin.,divorced,basic.9y,no,yes,no,cellular,jul,wed,70,1,999,0,nonexistent,1.4,93.91799999999999,-42.7,4.963,5228.1,no
32,admin.,married,university.degree,no,no,yes,cellular,jul,wed,112,8,999,0,nonexistent,1.4,93.91799999999999,-42.7,4.963,5228.1,no
25,services,single,high.school,unknown,yes,no,cellular,jul,wed,113,1,999,0,nonexistent,1.4,93.91799999999999,-42.7,4.963,5228.1,no
41,student,married,unknown,unknown,yes,yes,cellular,jul,wed,69,5,999,0,nonexistent,1.4,93.91799999999999,-42.7,4.963,5228.1,no
56,retired,married,basic.6y,no,no,no,cellular,jul,wed,120,1,999,0,nonexistent,1.4,93.91799999999999,-42.7,4.963,5228.1,no
59,retired,married,high.school,unknown,yes,no,cellular,jul,wed,81,1,999,0,nonexistent,1.4,93.91799999999999,-42.7,4.963,5228.1,no
37,admin.,single,university.degree,no,no,yes,cellular,jul,wed,312,5,999,0,nonexistent,1.4,93.91799999999999,-42.7,4.963,5228.1,no
33,technician,married,university.degree,no,yes,yes,telephone,jul,wed,89,1,999,0,nonexistent,1.4,93.91799999999999,-42.7,4.963,5228.1,no
49,services,married,high.school,unknown,yes,yes,cellular,jul,wed,42,1,999,0,nonexistent,1.4,93.91799999999999,-42.7,4.963,5228.1,no
25,services,single,high.school,unknown,yes,yes,cellular,jul,wed,843,1,999,0,nonexistent,1.4,93.91799999999999,-42.7,4.963,5228.1,yes
38,technician,married,university.degree,no,yes,yes,cellular,jul,wed,150,1,999,0,nonexistent,1.4,93.91799999999999,-42.7,4.963,5228.1,no
38,admin.,single,university.degree,no,yes,no,cellular,jul,wed,834,1,999,0,nonexistent,1.4,93.91799999999999,-42.7,4.963,5228.1,no
58,technician,married,basic.9y,no,yes,no,cellular,jul,wed,528,1,999,0,nonexistent,1.4,93.91799999999999,-42.7,4.963,5228.1,no
58,technician,married,basic.9y,no,no,no,cellular,jul,wed,516,1,999,0,nonexistent,1.4,93.91799999999999,-42.7,4.963,5228.1,no
46,admin.,married,university.degree,no,yes,yes,cellular,jul,wed,129,1,999,0,nonexistent,1.4,93.91799999999999,-42.7,4.963,5228.1,no
46,services,divorced,high.school,no,yes,no,cellular,jul,wed,652,1,999,0,nonexistent,1.4,93.91799999999999,-42.7,4.963,5228.1,no
42,entrepreneur,single,unknown,no,no,no,cellular,jul,wed,295,1,999,0,nonexistent,1.4,93.91799999999999,-42.7,4.963,5228.1,no
25,services,single,high.school,unknown,no,no,telephone,jul,wed,273,2,999,0,nonexistent,1.4,93.91799999999999,-42.7,4.963,5228.1,no
29,admin.,single,high.school,no,no,no,telephone,jul,wed,38,1,999,0,nonexistent,1.4,93.91799999999999,-42.7,4.963,5228.1,no
34,technician,single,professional.course,unknown,yes,no,cellular,jul,wed,409,2,999,0,nonexistent,1.4,93.91799999999999,-42.7,4.963,5228.1,no
39,services,divorced,high.school,no,no,no,cellular,jul,wed,160,1,999,0,nonexistent,1.4,93.91799999999999,-42.7,4.963,5228.1,no
45,admin.,single,professional.course,no,yes,no,cellular,jul,wed,77,1,999,0,nonexistent,1.4,93.91799999999999,-42.7,4.963,5228.1,no
36,services,married,high.school,no,no,no,cellular,jul,wed,65,4,999,0,nonexistent,1.4,93.91799999999999,-42.7,4.963,5228.1,no
24,blue-collar,single,basic.4y,no,yes,yes,cellular,jul,wed,132,1,999,0,nonexistent,1.4,93.91799999999999,-42.7,4.963,5228.1,no
31,services,single,high.school,unknown,yes,no,cellular,jul,wed,166,1,999,0,nonexistent,1.4,93.91799999999999,-42.7,4.963,5228.1,no
45,blue-collar,married,basic.9y,no,yes,no,cellular,jul,wed,73,1,999,0,nonexistent,1.4,93.91799999999999,-42.7,4.963,5228.1,no
55,entrepreneur,single,unknown,unknown,no,no,telephone,jul,wed,542,1,999,0,nonexistent,1.4,93.91799999999999,-42.7,4.963,5228.1,yes
27,services,single,basic.9y,no,no,no,telephone,jul,wed,120,4,999,0,nonexistent,1.4,93.91799999999999,-42.7,4.963,5228.1,no
55,unknown,married,unknown,unknown,yes,no,cellular,jul,wed,219,1,999,0,nonexistent,1.4,93.91799999999999,-42.7,4.963,5228.1,no
41,blue-collar,married,basic.6y,no,yes,yes,telephone,jul,wed,47,1,999,0,nonexistent,1.4,93.91799999999999,-42.7,4.963,5228.1,no
36,admin.,married,high.school,no,yes,no,cellular,jul,wed,93,2,999,0,nonexistent,1.4,93.91799999999999,-42.7,4.963,5228.1,no
52,management,married,university.degree,no,no,no,cellular,jul,wed,119,2,999,0,nonexistent,1.4,93.91799999999999,-42.7,4.963,5228.1,no
28,self-employed,married,university.degree,no,yes,no,cellular,jul,wed,229,1,999,0,nonexistent,1.4,93.91799999999999,-42.7,4.963,5228.1,no
43,admin.,married,high.school,no,yes,no,cellular,jul,wed,25,1,999,0,nonexistent,1.4,93.91799999999999,-42.7,4.963,5228.1,no
44,unknown,married,high.school,unknown,yes,no,telephone,jul,wed,195,3,999,0,nonexistent,1.4,93.91799999999999,-42.7,4.963,5228.1,no
58,entrepreneur,married,university.degree,no,yes,no,telephone,jul,wed,64,1,999,0,nonexistent,1.4,93.91799999999999,-42.7,4.963,5228.1,no
42,management,married,university.degree,no,yes,yes,telephone,jul,wed,270,1,999,0,nonexistent,1.4,93.91799999999999,-42.7,4.963,5228.1,no
32,admin.,married,professional.course,no,yes,no,cellular,jul,wed,173,3,999,0,nonexistent,1.4,93.91799999999999,-42.7,4.963,5228.1,no
28,self-employed,married,university.degree,no,yes,no,cellular,jul,wed,695,1,999,0,nonexistent,1.4,93.91799999999999,-42.7,4.963,5228.1,no
50,admin.,married,university.degree,no,yes,no,cellular,jul,wed,115,1,999,0,nonexistent,1.4,93.91799999999999,-42.7,4.963,5228.1,no
58,entrepreneur,married,university.degree,no,no,no,cellular,jul,wed,101,1,999,0,nonexistent,1.4,93.91799999999999,-42.7,4.963,5228.1,no
30,admin.,single,high.school,no,yes,no,cellular,jul,wed,605,1,999,0,nonexistent,1.4,93.91799999999999,-42.7,4.963,5228.1,no
55,entrepreneur,divorced,university.degree,no,yes,no,cellular,jul,wed,537,1,999,0,nonexistent,1.4,93.91799999999999,-42.7,4.963,5228.1,no
22,services,married,basic.9y,unknown,no,no,telephone,jul,wed,42,2,999,0,nonexistent,1.4,93.91799999999999,-42.7,4.963,5228.1,no
28,self-employed,single,university.degree,no,yes,no,telephone,jul,wed,51,19,999,0,nonexistent,1.4,93.91799999999999,-42.7,4.963,5228.1,no
25,admin.,single,high.school,no,no,no,cellular,jul,wed,71,4,999,0,nonexistent,1.4,93.91799999999999,-42.7,4.963,5228.1,no
39,technician,married,university.degree,no,yes,no,cellular,jul,wed,141,8,999,0,nonexistent,1.4,93.91799999999999,-42.7,4.963,5228.1,no
43,admin.,married,high.school,no,yes,yes,cellular,jul,wed,351,1,999,0,nonexistent,1.4,93.91799999999999,-42.7,4.963,5228.1,no
33,admin.,married,university.degree,no,no,no,cellular,jul,wed,50,1,999,0,nonexistent,1.4,93.91799999999999,-42.7,4.963,5228.1,no
28,technician,single,professional.course,no,no,no,cellular,jul,wed,76,2,999,0,nonexistent,1.4,93.91799999999999,-42.7,4.963,5228.1,no
34,admin.,married,university.degree,unknown,no,no,cellular,jul,wed,183,1,999,0,nonexistent,1.4,93.91799999999999,-42.7,4.963,5228.1,no
34,technician,married,professional.course,no,yes,no,cellular,jul,wed,58,1,999,0,nonexistent,1.4,93.91799999999999,-42.7,4.963,5228.1,no
41,housemaid,divorced,basic.9y,unknown,no,no,cellular,jul,wed,141,1,999,0,nonexistent,1.4,93.91799999999999,-42.7,4.963,5228.1,no
37,admin.,married,university.degree,no,yes,no,cellular,jul,wed,55,22,999,0,nonexistent,1.4,93.91799999999999,-42.7,4.963,5228.1,no
44,admin.,married,high.school,no,yes,yes,cellular,jul,wed,164,1,999,0,nonexistent,1.4,93.91799999999999,-42.7,4.963,5228.1,no
28,technician,single,professional.course,no,yes,no,cellular,jul,wed,111,1,999,0,nonexistent,1.4,93.91799999999999,-42.7,4.963,5228.1,no
40,technician,single,unknown,no,yes,no,telephone,jul,wed,145,2,999,0,nonexistent,1.4,93.91799999999999,-42.7,4.963,5228.1,no
52,blue-collar,divorced,basic.4y,no,yes,no,cellular,jul,wed,292,8,999,0,nonexistent,1.4,93.91799999999999,-42.7,4.963,5228.1,no
24,blue-collar,single,basic.9y,no,yes,no,cellular,jul,wed,71,1,999,0,nonexistent,1.4,93.91799999999999,-42.7,4.963,5228.1,no
24,blue-collar,single,basic.9y,no,yes,no,cellular,jul,wed,220,1,999,0,nonexistent,1.4,93.91799999999999,-42.7,4.963,5228.1,no
50,services,single,high.school,no,yes,no,telephone,jul,wed,340,1,999,0,nonexistent,1.4,93.91799999999999,-42.7,4.963,5228.1,no
36,unemployed,single,high.school,no,yes,no,cellular,jul,wed,148,1,999,0,nonexistent,1.4,93.91799999999999,-42.7,4.963,5228.1,no
51,blue-collar,married,high.school,unknown,yes,no,cellular,jul,wed,105,2,999,0,nonexistent,1.4,93.91799999999999,-42.7,4.963,5228.1,no
56,management,married,university.degree,no,no,yes,telephone,jul,wed,154,1,999,0,nonexistent,1.4,93.91799999999999,-42.7,4.963,5228.1,no
37,blue-collar,married,basic.6y,unknown,yes,no,cellular,jul,wed,83,1,999,0,nonexistent,1.4,93.91799999999999,-42.7,4.963,5228.1,no
37,blue-collar,married,basic.6y,unknown,no,no,cellular,jul,wed,77,1,999,0,nonexistent,1.4,93.91799999999999,-42.7,4.963,5228.1,no
39,blue-collar,married,basic.9y,unknown,no,no,cellular,jul,wed,138,1,999,0,nonexistent,1.4,93.91799999999999,-42.7,4.963,5228.1,no
37,blue-collar,married,basic.6y,unknown,no,no,cellular,jul,wed,244,1,999,0,nonexistent,1.4,93.91799999999999,-42.7,4.963,5228.1,no
36,unemployed,single,high.school,no,yes,no,cellular,jul,wed,597,1,999,0,nonexistent,1.4,93.91799999999999,-42.7,4.963,5228.1,no
40,unemployed,divorced,university.degree,no,no,no,cellular,jul,wed,161,5,999,0,nonexistent,1.4,93.91799999999999,-42.7,4.963,5228.1,no
34,admin.,married,university.degree,unknown,unknown,unknown,telephone,jul,wed,171,2,999,0,nonexistent,1.4,93.91799999999999,-42.7,4.963,5228.1,no
50,services,single,high.school,no,no,no,cellular,jul,wed,81,1,999,0,nonexistent,1.4,93.91799999999999,-42.7,4.963,5228.1,no
40,unemployed,divorced,university.degree,no,yes,no,cellular,jul,wed,1373,2,999,0,nonexistent,1.4,93.91799999999999,-42.7,4.963,5228.1,yes
47,unknown,married,unknown,no,yes,no,cellular,jul,wed,133,1,999,0,nonexistent,1.4,93.91799999999999,-42.7,4.963,5228.1,no
41,housemaid,divorced,basic.9y,unknown,no,yes,cellular,jul,wed,122,1,999,0,nonexistent,1.4,93.91799999999999,-42.7,4.963,5228.1,no
44,admin.,single,university.degree,no,yes,no,cellular,jul,wed,153,1,999,0,nonexistent,1.4,93.91799999999999,-42.7,4.963,5228.1,no
33,management,single,university.degree,no,yes,no,cellular,jul,wed,65,1,999,0,nonexistent,1.4,93.91799999999999,-42.7,4.963,5228.1,no
44,self-employed,married,basic.9y,unknown,yes,no,cellular,jul,wed,41,1,999,0,nonexistent,1.4,93.91799999999999,-42.7,4.963,5228.1,no
46,admin.,married,university.degree,no,no,no,cellular,jul,wed,29,2,999,0,nonexistent,1.4,93.91799999999999,-42.7,4.963,5228.1,no
28,self-employed,married,university.degree,no,no,no,cellular,jul,wed,86,3,999,0,nonexistent,1.4,93.91799999999999,-42.7,4.963,5228.1,no
31,admin.,married,university.degree,no,yes,no,cellular,jul,wed,255,1,999,0,nonexistent,1.4,93.91799999999999,-42.7,4.963,5228.1,no
35,blue-collar,married,professional.course,no,yes,no,cellular,jul,wed,218,2,999,0,nonexistent,1.4,93.91799999999999,-42.7,4.963,5228.1,no
35,admin.,married,high.school,no,no,no,cellular,jul,wed,788,1,999,0,nonexistent,1.4,93.91799999999999,-42.7,4.963,5228.1,yes
31,housemaid,single,high.school,no,yes,no,cellular,jul,wed,380,4,999,0,nonexistent,1.4,93.91799999999999,-42.7,4.963,5228.1,no
25,admin.,single,high.school,no,no,no,cellular,jul,wed,55,2,999,0,nonexistent,1.4,93.91799999999999,-42.7,4.963,5228.1,no
50,services,single,high.school,no,no,no,cellular,jul,wed,129,9,999,0,nonexistent,1.4,93.91799999999999,-42.7,4.963,5228.1,no
33,student,married,high.school,no,no,no,cellular,jul,wed,622,2,999,0,nonexistent,1.4,93.91799999999999,-42.7,4.963,5228.1,no
53,blue-collar,married,basic.6y,no,no,no,cellular,jul,wed,86,1,999,0,nonexistent,1.4,93.91799999999999,-42.7,4.963,5228.1,no
36,admin.,married,high.school,no,no,no,cellular,jul,wed,227,6,999,0,nonexistent,1.4,93.91799999999999,-42.7,4.963,5228.1,no
41,services,divorced,high.school,no,no,no,cellular,jul,wed,120,1,999,0,nonexistent,1.4,93.91799999999999,-42.7,4.963,5228.1,no
30,services,married,high.school,unknown,yes,no,cellular,jul,wed,149,1,999,0,nonexistent,1.4,93.91799999999999,-42.7,4.963,5228.1,no
33,technician,married,professional.course,no,yes,no,cellular,jul,wed,144,6,999,0,nonexistent,1.4,93.91799999999999,-42.7,4.963,5228.1,no
32,blue-collar,single,university.degree,no,yes,yes,cellular,jul,wed,126,2,999,0,nonexistent,1.4,93.91799999999999,-42.7,4.963,5228.1,no
25,services,single,basic.9y,no,yes,no,cellular,jul,wed,197,1,999,0,nonexistent,1.4,93.91799999999999,-42.7,4.963,5228.1,no
37,blue-collar,married,basic.6y,unknown,no,no,cellular,jul,wed,99,2,999,0,nonexistent,1.4,93.91799999999999,-42.7,4.963,5228.1,no
32,technician,single,professional.course,no,yes,no,cellular,jul,wed,156,2,999,0,nonexistent,1.4,93.91799999999999,-42.7,4.963,5228.1,no
40,management,single,high.school,no,no,no,cellular,jul,wed,94,4,999,0,nonexistent,1.4,93.91799999999999,-42.7,4.963,5228.1,no
39,blue-collar,married,basic.9y,unknown,no,no,telephone,jul,wed,87,2,999,0,nonexistent,1.4,93.91799999999999,-42.7,4.963,5228.1,no
31,blue-collar,single,high.school,no,yes,no,telephone,jul,wed,82,1,999,0,nonexistent,1.4,93.91799999999999,-42.7,4.963,5228.1,no
25,student,single,university.degree,no,yes,yes,cellular,jul,wed,77,3,999,0,nonexistent,1.4,93.91799999999999,-42.7,4.963,5228.1,no
25,services,single,basic.9y,no,no,yes,cellular,jul,wed,444,1,999,0,nonexistent,1.4,93.91799999999999,-42.7,4.963,5228.1,no
41,housemaid,married,basic.6y,no,no,no,telephone,jul,wed,34,2,999,0,nonexistent,1.4,93.91799999999999,-42.7,4.963,5228.1,no
31,blue-collar,single,high.school,no,no,yes,cellular,jul,wed,287,1,999,0,nonexistent,1.4,93.91799999999999,-42.7,4.963,5228.1,no
31,admin.,single,university.degree,no,yes,no,cellular,jul,wed,152,4,999,0,nonexistent,1.4,93.91799999999999,-42.7,4.963,5228.1,no
24,blue-collar,single,basic.9y,no,yes,no,cellular,jul,wed,74,2,999,0,nonexistent,1.4,93.91799999999999,-42.7,4.963,5228.1,no
29,student,single,university.degree,no,yes,no,cellular,jul,wed,209,4,999,0,nonexistent,1.4,93.91799999999999,-42.7,4.963,5228.1,no
30,technician,single,university.degree,no,yes,no,cellular,jul,wed,72,15,999,0,nonexistent,1.4,93.91799999999999,-42.7,4.963,5228.1,no
51,housemaid,married,high.school,no,yes,no,cellular,jul,wed,44,3,999,0,nonexistent,1.4,93.91799999999999,-42.7,4.963,5228.1,no
52,admin.,married,basic.9y,no,no,no,cellular,jul,wed,1171,2,999,0,nonexistent,1.4,93.91799999999999,-42.7,4.963,5228.1,yes
55,entrepreneur,divorced,professional.course,no,no,no,telephone,jul,wed,117,4,999,0,nonexistent,1.4,93.91799999999999,-42.7,4.963,5228.1,no
57,admin.,single,university.degree,no,no,no,cellular,jul,wed,341,4,999,0,nonexistent,1.4,93.91799999999999,-42.7,4.963,5228.1,no
28,self-employed,married,university.degree,no,yes,yes,cellular,jul,wed,186,3,999,0,nonexistent,1.4,93.91799999999999,-42.7,4.963,5228.1,no
33,technician,married,professional.course,no,no,no,cellular,jul,wed,96,4,999,0,nonexistent,1.4,93.91799999999999,-42.7,4.963,5228.1,no
32,admin.,married,professional.course,no,yes,no,telephone,jul,wed,166,2,999,0,nonexistent,1.4,93.91799999999999,-42.7,4.963,5228.1,no
35,services,married,high.school,no,yes,no,cellular,jul,wed,698,2,999,0,nonexistent,1.4,93.91799999999999,-42.7,4.963,5228.1,no
25,admin.,single,high.school,no,no,no,cellular,jul,wed,114,2,999,0,nonexistent,1.4,93.91799999999999,-42.7,4.963,5228.1,no
40,admin.,married,university.degree,unknown,yes,no,telephone,jul,wed,340,1,999,0,nonexistent,1.4,93.91799999999999,-42.7,4.963,5228.1,no
31,admin.,married,high.school,no,yes,no,cellular,jul,wed,106,2,999,0,nonexistent,1.4,93.91799999999999,-42.7,4.963,5228.1,no
40,admin.,married,university.degree,unknown,yes,no,cellular,jul,wed,424,1,999,0,nonexistent,1.4,93.91799999999999,-42.7,4.963,5228.1,no
35,services,married,high.school,no,yes,no,cellular,jul,wed,436,2,999,0,nonexistent,1.4,93.91799999999999,-42.7,4.963,5228.1,no
34,self-employed,single,university.degree,no,yes,no,cellular,jul,wed,159,1,999,0,nonexistent,1.4,93.91799999999999,-42.7,4.963,5228.1,no
34,self-employed,single,university.degree,no,no,no,cellular,jul,wed,208,1,999,0,nonexistent,1.4,93.91799999999999,-42.7,4.963,5228.1,no
36,admin.,married,high.school,no,no,no,cellular,jul,wed,96,8,999,0,nonexistent,1.4,93.91799999999999,-42.7,4.963,5228.1,no
34,self-employed,single,university.degree,no,yes,no,cellular,jul,wed,359,1,999,0,nonexistent,1.4,93.91799999999999,-42.7,4.963,5228.1,no
32,blue-collar,married,high.school,no,no,no,cellular,jul,wed,259,2,999,0,nonexistent,1.4,93.91799999999999,-42.7,4.963,5228.1,no
38,blue-collar,married,unknown,no,yes,yes,cellular,jul,wed,225,2,999,0,nonexistent,1.4,93.91799999999999,-42.7,4.963,5228.1,no
37,admin.,married,high.school,no,yes,yes,telephone,jul,wed,1089,2,999,0,nonexistent,1.4,93.91799999999999,-42.7,4.963,5228.1,yes
40,technician,married,professional.course,no,no,no,cellular,jul,wed,65,5,999,0,nonexistent,1.4,93.91799999999999,-42.7,4.963,5228.1,no
48,technician,married,professional.course,no,no,yes,cellular,jul,wed,266,5,999,0,nonexistent,1.4,93.91799999999999,-42.7,4.963,5228.1,no
34,self-employed,single,university.degree,no,no,no,cellular,jul,wed,1211,1,999,0,nonexistent,1.4,93.91799999999999,-42.7,4.963,5228.1,yes
44,blue-collar,single,basic.9y,no,yes,no,cellular,jul,wed,50,18,999,0,nonexistent,1.4,93.91799999999999,-42.7,4.963,5228.1,no
57,management,married,unknown,no,no,no,cellular,jul,wed,178,2,999,0,nonexistent,1.4,93.91799999999999,-42.7,4.963,5228.1,no
37,admin.,single,high.school,no,no,no,telephone,jul,wed,130,2,999,0,nonexistent,1.4,93.91799999999999,-42.7,4.963,5228.1,no
41,housemaid,divorced,basic.9y,unknown,no,no,cellular,jul,wed,118,2,999,0,nonexistent,1.4,93.91799999999999,-42.7,4.963,5228.1,no
36,blue-collar,divorced,basic.9y,no,no,no,telephone,jul,wed,109,7,999,0,nonexistent,1.4,93.91799999999999,-42.7,4.963,5228.1,no
39,admin.,single,basic.9y,unknown,no,yes,cellular,jul,wed,94,4,999,0,nonexistent,1.4,93.91799999999999,-42.7,4.963,5228.1,no
58,blue-collar,married,basic.4y,unknown,yes,no,cellular,jul,wed,647,6,999,0,nonexistent,1.4,93.91799999999999,-42.7,4.963,5228.1,no
55,blue-collar,married,professional.course,no,yes,no,cellular,jul,wed,120,2,999,0,nonexistent,1.4,93.91799999999999,-42.7,4.963,5228.1,no
31,blue-collar,married,professional.course,no,yes,no,cellular,jul,wed,458,2,999,0,nonexistent,1.4,93.91799999999999,-42.7,4.963,5228.1,yes
48,entrepreneur,married,basic.9y,no,yes,no,cellular,jul,wed,438,2,999,0,nonexistent,1.4,93.91799999999999,-42.7,4.963,5228.1,no
40,self-employed,married,university.degree,no,yes,no,cellular,jul,wed,225,5,999,0,nonexistent,1.4,93.91799999999999,-42.7,4.963,5228.1,no
35,student,single,unknown,unknown,no,no,cellular,jul,wed,103,2,999,0,nonexistent,1.4,93.91799999999999,-42.7,4.963,5228.1,no
29,services,single,high.school,no,yes,no,cellular,jul,wed,112,3,999,0,nonexistent,1.4,93.91799999999999,-42.7,4.963,5228.1,no
39,technician,single,university.degree,no,no,no,cellular,jul,wed,31,1,999,0,nonexistent,1.4,93.91799999999999,-42.7,4.963,5228.1,no
48,technician,divorced,professional.course,no,yes,no,telephone,jul,wed,216,7,999,0,nonexistent,1.4,93.91799999999999,-42.7,4.963,5228.1,no
25,admin.,married,high.school,no,no,no,telephone,jul,wed,156,7,999,0,nonexistent,1.4,93.91799999999999,-42.7,4.963,5228.1,no
36,technician,married,high.school,no,no,no,cellular,jul,wed,1165,4,999,0,nonexistent,1.4,93.91799999999999,-42.7,4.963,5228.1,no
44,admin.,married,university.degree,no,yes,no,cellular,jul,wed,89,1,999,0,nonexistent,1.4,93.91799999999999,-42.7,4.963,5228.1,no
30,unemployed,single,university.degree,no,yes,yes,cellular,jul,wed,266,3,999,0,nonexistent,1.4,93.91799999999999,-42.7,4.963,5228.1,no
33,admin.,married,university.degree,no,yes,no,cellular,jul,wed,107,10,999,0,nonexistent,1.4,93.91799999999999,-42.7,4.963,5228.1,no
44,admin.,married,university.degree,no,yes,no,cellular,jul,wed,486,1,999,0,nonexistent,1.4,93.91799999999999,-42.7,4.963,5228.1,no
30,blue-collar,single,high.school,no,yes,no,cellular,jul,wed,72,7,999,0,nonexistent,1.4,93.91799999999999,-42.7,4.963,5228.1,no
39,technician,married,university.degree,no,yes,yes,cellular,jul,wed,63,2,999,0,nonexistent,1.4,93.91799999999999,-42.7,4.963,5228.1,no
44,admin.,married,high.school,no,no,no,telephone,jul,wed,100,3,999,0,nonexistent,1.4,93.91799999999999,-42.7,4.963,5228.1,no
41,management,married,university.degree,no,no,no,cellular,jul,wed,174,3,999,0,nonexistent,1.4,93.91799999999999,-42.7,4.963,5228.1,no
33,admin.,single,professional.course,no,yes,no,cellular,jul,wed,520,2,999,0,nonexistent,1.4,93.91799999999999,-42.7,4.963,5228.1,no
30,admin.,single,high.school,no,no,yes,cellular,jul,wed,233,3,999,0,nonexistent,1.4,93.91799999999999,-42.7,4.963,5228.1,no
24,technician,single,university.degree,no,no,yes,cellular,jul,wed,109,3,999,0,nonexistent,1.4,93.91799999999999,-42.7,4.963,5228.1,no
34,technician,married,professional.course,unknown,yes,no,cellular,jul,wed,64,4,999,0,nonexistent,1.4,93.91799999999999,-42.7,4.963,5228.1,no
34,unemployed,married,high.school,no,yes,yes,cellular,jul,wed,41,5,999,0,nonexistent,1.4,93.91799999999999,-42.7,4.963,5228.1,no
33,admin.,divorced,high.school,no,unknown,unknown,cellular,jul,wed,57,17,999,0,nonexistent,1.4,93.91799999999999,-42.7,4.963,5228.1,no
38,housemaid,married,high.school,no,yes,no,cellular,jul,wed,335,5,999,0,nonexistent,1.4,93.91799999999999,-42.7,4.963,5228.1,no
56,retired,divorced,basic.4y,no,no,yes,cellular,jul,wed,246,3,999,0,nonexistent,1.4,93.91799999999999,-42.7,4.963,5228.1,no
35,admin.,single,high.school,no,no,no,cellular,jul,wed,86,3,999,0,nonexistent,1.4,93.91799999999999,-42.7,4.963,5228.1,no
58,retired,divorced,professional.course,no,no,no,cellular,jul,wed,85,2,999,0,nonexistent,1.4,93.91799999999999,-42.7,4.963,5228.1,no
31,unemployed,divorced,university.degree,no,yes,yes,cellular,jul,wed,104,7,999,0,nonexistent,1.4,93.91799999999999,-42.7,4.963,5228.1,no
57,admin.,married,university.degree,unknown,no,no,cellular,jul,wed,35,2,999,0,nonexistent,1.4,93.91799999999999,-42.7,4.963,5228.1,no
31,blue-collar,single,basic.9y,no,no,yes,cellular,jul,wed,85,2,999,0,nonexistent,1.4,93.91799999999999,-42.7,4.963,5228.1,no
31,admin.,married,high.school,unknown,no,no,cellular,jul,wed,82,3,999,0,nonexistent,1.4,93.91799999999999,-42.7,4.963,5228.1,no
36,self-employed,single,university.degree,no,no,no,cellular,jul,wed,540,6,999,0,nonexistent,1.4,93.91799999999999,-42.7,4.963,5228.1,yes
29,technician,married,university.degree,no,yes,no,cellular,jul,wed,115,5,999,0,nonexistent,1.4,93.91799999999999,-42.7,4.963,5228.1,no
43,management,married,unknown,no,yes,yes,cellular,jul,wed,595,1,999,0,nonexistent,1.4,93.91799999999999,-42.7,4.963,5228.1,no
37,technician,married,professional.course,no,yes,no,telephone,jul,wed,242,4,999,0,nonexistent,1.4,93.91799999999999,-42.7,4.963,5228.1,no
35,self-employed,single,university.degree,no,yes,no,cellular,jul,wed,288,2,999,0,nonexistent,1.4,93.91799999999999,-42.7,4.963,5228.1,no
37,admin.,married,university.degree,unknown,yes,no,cellular,jul,wed,163,1,999,0,nonexistent,1.4,93.91799999999999,-42.7,4.963,5228.1,no
39,self-employed,married,professional.course,no,yes,no,telephone,jul,wed,339,8,999,0,nonexistent,1.4,93.91799999999999,-42.7,4.963,5228.1,no
34,services,married,high.school,no,no,no,telephone,jul,wed,29,1,999,0,nonexistent,1.4,93.91799999999999,-42.7,4.963,5228.1,no
48,technician,married,professional.course,no,no,no,cellular,jul,wed,72,4,999,0,nonexistent,1.4,93.91799999999999,-42.7,4.963,5228.1,no
26,management,single,university.degree,no,no,yes,cellular,jul,wed,352,1,999,0,nonexistent,1.4,93.91799999999999,-42.7,4.963,5228.1,no
36,admin.,divorced,university.degree,unknown,yes,yes,cellular,jul,wed,103,1,999,0,nonexistent,1.4,93.91799999999999,-42.7,4.963,5228.1,no
56,retired,divorced,high.school,no,yes,no,cellular,jul,wed,173,4,999,0,nonexistent,1.4,93.91799999999999,-42.7,4.963,5228.1,no
27,blue-collar,single,high.school,no,yes,no,telephone,jul,wed,168,7,999,0,nonexistent,1.4,93.91799999999999,-42.7,4.963,5228.1,no
36,management,married,university.degree,no,no,yes,cellular,jul,wed,50,2,999,0,nonexistent,1.4,93.91799999999999,-42.7,4.963,5228.1,no
53,technician,married,professional.course,unknown,no,no,telephone,jul,wed,191,3,999,0,nonexistent,1.4,93.91799999999999,-42.7,4.963,5228.1,no
37,entrepreneur,divorced,high.school,no,no,yes,cellular,jul,wed,245,1,999,0,nonexistent,1.4,93.91799999999999,-42.7,4.963,5228.1,no
46,admin.,single,high.school,no,no,no,cellular,jul,wed,251,3,999,0,nonexistent,1.4,93.91799999999999,-42.7,4.963,5228.1,no
23,student,single,high.school,no,yes,no,cellular,jul,wed,139,5,999,0,nonexistent,1.4,93.91799999999999,-42.7,4.963,5228.1,no
23,services,single,high.school,no,no,yes,cellular,jul,wed,207,1,999,0,nonexistent,1.4,93.91799999999999,-42.7,4.963,5228.1,no
32,admin.,single,high.school,unknown,yes,no,cellular,jul,wed,88,4,999,0,nonexistent,1.4,93.91799999999999,-42.7,4.963,5228.1,no
24,admin.,single,high.school,no,yes,yes,cellular,jul,wed,100,3,999,0,nonexistent,1.4,93.91799999999999,-42.7,4.963,5228.1,no
26,blue-collar,married,high.school,no,no,no,cellular,jul,wed,142,3,999,0,nonexistent,1.4,93.91799999999999,-42.7,4.963,5228.1,no
46,technician,divorced,professional.course,no,yes,no,cellular,jul,wed,90,3,999,0,nonexistent,1.4,93.91799999999999,-42.7,4.963,5228.1,no
35,admin.,married,university.degree,no,no,no,cellular,jul,wed,695,2,999,0,nonexistent,1.4,93.91799999999999,-42.7,4.963,5228.1,yes
39,admin.,married,university.degree,no,yes,yes,cellular,jul,wed,53,6,999,0,nonexistent,1.4,93.91799999999999,-42.7,4.963,5228.1,no
44,admin.,divorced,high.school,no,yes,no,cellular,jul,wed,269,17,999,0,nonexistent,1.4,93.91799999999999,-42.7,4.963,5228.1,no
48,services,married,professional.course,unknown,yes,yes,cellular,jul,wed,354,3,999,0,nonexistent,1.4,93.91799999999999,-42.7,4.963,5228.1,no
30,admin.,single,high.school,no,no,no,cellular,jul,wed,251,3,999,0,nonexistent,1.4,93.91799999999999,-42.7,4.963,5228.1,no
43,admin.,divorced,high.school,no,no,no,cellular,jul,wed,764,4,999,0,nonexistent,1.4,93.91799999999999,-42.7,4.963,5228.1,yes
40,services,married,high.school,no,yes,yes,cellular,jul,wed,251,3,999,0,nonexistent,1.4,93.91799999999999,-42.7,4.963,5228.1,no
37,services,single,high.school,no,yes,no,cellular,jul,wed,411,2,999,0,nonexistent,1.4,93.91799999999999,-42.7,4.963,5228.1,no
40,self-employed,single,university.degree,no,yes,no,cellular,jul,wed,1065,3,999,0,nonexistent,1.4,93.91799999999999,-42.7,4.963,5228.1,yes
35,self-employed,married,university.degree,no,no,no,telephone,jul,wed,100,3,999,0,nonexistent,1.4,93.91799999999999,-42.7,4.963,5228.1,no
43,technician,divorced,professional.course,unknown,yes,yes,cellular,jul,wed,180,7,999,0,nonexistent,1.4,93.91799999999999,-42.7,4.963,5228.1,no
45,unknown,single,high.school,no,yes,no,cellular,jul,wed,83,3,999,0,nonexistent,1.4,93.91799999999999,-42.7,4.963,5228.1,no
42,technician,married,university.degree,no,no,no,cellular,jul,wed,130,3,999,0,nonexistent,1.4,93.91799999999999,-42.7,4.963,5228.1,no
41,management,married,university.degree,no,no,no,telephone,jul,wed,300,5,999,0,nonexistent,1.4,93.91799999999999,-42.7,4.963,5228.1,no
44,admin.,divorced,high.school,no,yes,yes,cellular,jul,wed,70,6,999,0,nonexistent,1.4,93.91799999999999,-42.7,4.963,5228.1,no
35,technician,married,professional.course,no,yes,yes,cellular,jul,wed,126,2,999,0,nonexistent,1.4,93.91799999999999,-42.7,4.963,5228.1,no
42,technician,married,basic.9y,unknown,yes,no,cellular,jul,wed,130,3,999,0,nonexistent,1.4,93.91799999999999,-42.7,4.963,5228.1,no
34,technician,married,professional.course,unknown,yes,no,cellular,jul,wed,75,5,999,0,nonexistent,1.4,93.91799999999999,-42.7,4.963,5228.1,no
43,housemaid,married,basic.6y,unknown,yes,no,cellular,jul,wed,61,3,999,0,nonexistent,1.4,93.91799999999999,-42.7,4.963,5228.1,no
30,admin.,single,high.school,no,no,no,cellular,jul,wed,95,3,999,0,nonexistent,1.4,93.91799999999999,-42.7,4.963,5228.1,no
56,blue-collar,married,basic.9y,no,no,no,cellular,jul,wed,70,5,999,0,nonexistent,1.4,93.91799999999999,-42.7,4.963,5228.1,no
58,unknown,married,high.school,unknown,no,no,cellular,jul,wed,258,2,999,0,nonexistent,1.4,93.91799999999999,-42.7,4.963,5228.1,no
38,admin.,married,unknown,no,no,yes,cellular,jul,wed,311,3,999,0,nonexistent,1.4,93.91799999999999,-42.7,4.963,5228.1,no
39,services,single,high.school,no,no,no,cellular,jul,wed,239,4,999,0,nonexistent,1.4,93.91799999999999,-42.7,4.963,5228.1,no
32,admin.,married,university.degree,no,yes,no,telephone,jul,wed,2692,8,999,0,nonexistent,1.4,93.91799999999999,-42.7,4.963,5228.1,yes
28,services,married,high.school,no,yes,yes,telephone,jul,wed,79,8,999,0,nonexistent,1.4,93.91799999999999,-42.7,4.963,5228.1,no
49,technician,married,basic.9y,unknown,yes,no,cellular,jul,wed,117,17,999,0,nonexistent,1.4,93.91799999999999,-42.7,4.963,5228.1,no
48,admin.,divorced,university.degree,no,yes,no,cellular,jul,wed,121,3,999,0,nonexistent,1.4,93.91799999999999,-42.7,4.963,5228.1,no
32,management,single,university.degree,no,no,no,cellular,jul,wed,675,3,999,0,nonexistent,1.4,93.91799999999999,-42.7,4.963,5228.1,yes
51,management,married,basic.9y,no,no,no,cellular,jul,wed,71,3,999,0,nonexistent,1.4,93.91799999999999,-42.7,4.963,5228.1,no
35,blue-collar,married,basic.4y,no,no,no,cellular,jul,wed,103,8,999,0,nonexistent,1.4,93.91799999999999,-42.7,4.963,5228.1,no
45,services,divorced,high.school,no,yes,yes,cellular,jul,wed,230,3,999,0,nonexistent,1.4,93.91799999999999,-42.7,4.963,5228.1,no
40,admin.,married,professional.course,unknown,no,no,cellular,jul,wed,100,3,999,0,nonexistent,1.4,93.91799999999999,-42.7,4.963,5228.1,no
33,services,married,professional.course,no,yes,no,cellular,jul,wed,192,3,999,0,nonexistent,1.4,93.91799999999999,-42.7,4.963,5228.1,no
38,admin.,married,unknown,no,yes,no,cellular,jul,wed,87,3,999,0,nonexistent,1.4,93.91799999999999,-42.7,4.963,5228.1,no
56,technician,divorced,university.degree,unknown,yes,yes,cellular,jul,wed,448,5,999,0,nonexistent,1.4,93.91799999999999,-42.7,4.963,5228.1,no
33,unemployed,married,high.school,unknown,yes,yes,cellular,jul,wed,285,8,999,0,nonexistent,1.4,93.91799999999999,-42.7,4.963,5228.1,no
54,housemaid,married,basic.4y,unknown,yes,no,cellular,jul,wed,92,3,999,0,nonexistent,1.4,93.91799999999999,-42.7,4.963,5228.1,no
51,management,married,basic.9y,no,yes,no,cellular,jul,wed,154,4,999,0,nonexistent,1.4,93.91799999999999,-42.7,4.963,5228.1,no
37,blue-collar,married,basic.9y,no,yes,yes,cellular,jul,wed,184,3,999,0,nonexistent,1.4,93.91799999999999,-42.7,4.963,5228.1,no
30,admin.,single,high.school,no,yes,no,telephone,jul,wed,196,3,999,0,nonexistent,1.4,93.91799999999999,-42.7,4.963,5228.1,no
32,admin.,married,high.school,no,no,no,cellular,jul,wed,185,4,999,0,nonexistent,1.4,93.91799999999999,-42.7,4.963,5228.1,no
40,self-employed,single,university.degree,no,yes,yes,telephone,jul,wed,98,11,999,0,nonexistent,1.4,93.91799999999999,-42.7,4.963,5228.1,no
24,blue-collar,single,basic.9y,no,yes,no,cellular,jul,wed,590,3,999,0,nonexistent,1.4,93.91799999999999,-42.7,4.963,5228.1,no
33,services,married,professional.course,no,no,no,cellular,jul,wed,782,7,999,0,nonexistent,1.4,93.91799999999999,-42.7,4.963,5228.1,yes
26,admin.,single,university.degree,no,no,no,telephone,jul,wed,342,5,999,0,nonexistent,1.4,93.91799999999999,-42.7,4.963,5228.1,no
35,technician,married,professional.course,no,no,no,cellular,jul,wed,151,8,999,0,nonexistent,1.4,93.91799999999999,-42.7,4.963,5228.1,no
33,admin.,divorced,high.school,no,no,no,cellular,jul,wed,249,3,999,0,nonexistent,1.4,93.91799999999999,-42.7,4.963,5228.1,no
58,retired,married,basic.4y,no,yes,no,cellular,jul,wed,134,23,999,0,nonexistent,1.4,93.91799999999999,-42.7,4.963,5228.1,no
27,self-employed,married,university.degree,no,no,no,telephone,jul,wed,215,3,999,0,nonexistent,1.4,93.91799999999999,-42.7,4.963,5228.1,no
37,housemaid,single,professional.course,no,yes,no,cellular,jul,wed,60,8,999,0,nonexistent,1.4,93.91799999999999,-42.7,4.963,5228.1,no
37,blue-collar,married,professional.course,no,yes,no,cellular,jul,wed,83,4,999,0,nonexistent,1.4,93.91799999999999,-42.7,4.963,5228.1,no
46,technician,divorced,professional.course,no,no,no,cellular,jul,wed,187,3,999,0,nonexistent,1.4,93.91799999999999,-42.7,4.963,5228.1,no
36,management,married,university.degree,no,no,no,cellular,jul,wed,777,10,999,0,nonexistent,1.4,93.91799999999999,-42.7,4.963,5228.1,yes
30,admin.,single,university.degree,no,no,no,telephone,jul,wed,84,3,999,0,nonexistent,1.4,93.91799999999999,-42.7,4.963,5228.1,no
31,services,single,high.school,no,yes,no,cellular,jul,wed,21,20,999,0,nonexistent,1.4,93.91799999999999,-42.7,4.963,5228.1,no
32,technician,single,university.degree,no,no,no,cellular,jul,wed,61,4,999,0,nonexistent,1.4,93.91799999999999,-42.7,4.963,5228.1,no
42,blue-collar,married,basic.4y,no,no,no,cellular,jul,wed,53,10,999,0,nonexistent,1.4,93.91799999999999,-42.7,4.963,5228.1,no
22,unemployed,single,high.school,no,no,no,telephone,jul,wed,82,3,999,0,nonexistent,1.4,93.91799999999999,-42.7,4.963,5228.1,no
51,management,married,basic.9y,no,yes,no,telephone,jul,wed,208,2,999,0,nonexistent,1.4,93.91799999999999,-42.7,4.963,5228.1,no
36,technician,married,professional.course,no,no,no,cellular,jul,wed,84,2,999,0,nonexistent,1.4,93.91799999999999,-42.7,4.963,5228.1,no
42,blue-collar,married,basic.4y,no,yes,no,cellular,jul,wed,962,4,999,0,nonexistent,1.4,93.91799999999999,-42.7,4.963,5228.1,yes
43,services,married,high.school,unknown,no,yes,cellular,jul,wed,105,11,999,0,nonexistent,1.4,93.91799999999999,-42.7,4.963,5228.1,no
48,services,married,professional.course,unknown,yes,yes,cellular,jul,wed,98,2,999,0,nonexistent,1.4,93.91799999999999,-42.7,4.963,5228.1,no
38,admin.,married,high.school,no,no,no,cellular,jul,wed,166,3,999,0,nonexistent,1.4,93.91799999999999,-42.7,4.963,5228.1,no
26,blue-collar,single,high.school,no,no,yes,cellular,jul,wed,111,8,999,0,nonexistent,1.4,93.91799999999999,-42.7,4.963,5228.1,no
38,admin.,married,unknown,no,yes,no,cellular,jul,wed,481,3,999,0,nonexistent,1.4,93.91799999999999,-42.7,4.963,5228.1,yes
40,admin.,married,basic.9y,no,yes,no,cellular,jul,thu,106,4,999,0,nonexistent,1.4,93.91799999999999,-42.7,4.968,5228.1,no
55,technician,married,professional.course,no,yes,yes,cellular,jul,thu,101,5,999,0,nonexistent,1.4,93.91799999999999,-42.7,4.968,5228.1,no
44,admin.,divorced,high.school,no,yes,yes,cellular,jul,thu,75,11,999,0,nonexistent,1.4,93.91799999999999,-42.7,4.968,5228.1,no
49,technician,married,basic.9y,unknown,yes,no,cellular,jul,thu,75,2,999,0,nonexistent,1.4,93.91799999999999,-42.7,4.968,5228.1,no
27,admin.,single,professional.course,unknown,yes,no,cellular,jul,thu,114,2,999,0,nonexistent,1.4,93.91799999999999,-42.7,4.968,5228.1,no
42,admin.,married,university.degree,no,yes,no,telephone,jul,thu,24,12,999,0,nonexistent,1.4,93.91799999999999,-42.7,4.968,5228.1,no
56,entrepreneur,married,basic.4y,unknown,yes,no,cellular,jul,thu,20,20,999,0,nonexistent,1.4,93.91799999999999,-42.7,4.968,5228.1,no
32,blue-collar,single,high.school,no,no,no,telephone,jul,thu,234,4,999,0,nonexistent,1.4,93.91799999999999,-42.7,4.968,5228.1,no
28,admin.,single,university.degree,no,yes,no,cellular,jul,thu,13,10,999,0,nonexistent,1.4,93.91799999999999,-42.7,4.968,5228.1,no
41,self-employed,divorced,university.degree,no,no,no,cellular,jul,thu,81,10,999,0,nonexistent,1.4,93.91799999999999,-42.7,4.968,5228.1,no
41,admin.,single,university.degree,no,yes,no,cellular,jul,thu,435,5,999,0,nonexistent,1.4,93.91799999999999,-42.7,4.968,5228.1,no
52,retired,married,basic.9y,unknown,no,no,cellular,jul,thu,59,4,999,0,nonexistent,1.4,93.91799999999999,-42.7,4.968,5228.1,no
38,admin.,married,high.school,no,no,no,cellular,jul,thu,175,5,999,0,nonexistent,1.4,93.91799999999999,-42.7,4.968,5228.1,no
54,blue-collar,married,basic.9y,no,yes,no,cellular,jul,thu,150,2,999,0,nonexistent,1.4,93.91799999999999,-42.7,4.968,5228.1,no
47,admin.,married,basic.9y,no,yes,yes,telephone,jul,thu,43,4,999,0,nonexistent,1.4,93.91799999999999,-42.7,4.968,5228.1,no
37,services,single,high.school,no,no,no,cellular,jul,thu,52,6,999,0,nonexistent,1.4,93.91799999999999,-42.7,4.968,5228.1,no
40,unknown,married,unknown,no,yes,yes,cellular,jul,thu,67,6,999,0,nonexistent,1.4,93.91799999999999,-42.7,4.968,5228.1,no
36,blue-collar,married,basic.9y,no,no,no,cellular,jul,thu,85,2,999,0,nonexistent,1.4,93.91799999999999,-42.7,4.968,5228.1,no
35,self-employed,married,university.degree,no,no,no,telephone,jul,thu,11,5,999,0,nonexistent,1.4,93.91799999999999,-42.7,4.968,5228.1,no
30,admin.,single,high.school,no,no,no,cellular,jul,thu,13,27,999,0,nonexistent,1.4,93.91799999999999,-42.7,4.968,5228.1,no
34,technician,married,university.degree,no,no,no,cellular,jul,thu,153,3,999,0,nonexistent,1.4,93.91799999999999,-42.7,4.968,5228.1,no
28,admin.,single,high.school,no,yes,no,cellular,jul,thu,87,6,999,0,nonexistent,1.4,93.91799999999999,-42.7,4.968,5228.1,no
42,admin.,divorced,university.degree,no,no,yes,telephone,jul,thu,46,17,999,0,nonexistent,1.4,93.91799999999999,-42.7,4.968,5228.1,no
28,services,married,high.school,no,yes,no,cellular,jul,thu,69,6,999,0,nonexistent,1.4,93.91799999999999,-42.7,4.968,5228.1,no
58,blue-collar,divorced,basic.4y,unknown,no,no,telephone,jul,thu,69,7,999,0,nonexistent,1.4,93.91799999999999,-42.7,4.968,5228.1,no
30,admin.,single,high.school,no,no,no,cellular,jul,thu,160,4,999,0,nonexistent,1.4,93.91799999999999,-42.7,4.968,5228.1,no
46,technician,divorced,professional.course,no,yes,no,cellular,jul,thu,165,3,999,0,nonexistent,1.4,93.91799999999999,-42.7,4.968,5228.1,no
56,technician,divorced,university.degree,unknown,no,yes,cellular,jul,thu,13,2,999,0,nonexistent,1.4,93.91799999999999,-42.7,4.968,5228.1,no
42,admin.,married,high.school,unknown,no,yes,cellular,jul,thu,141,5,999,0,nonexistent,1.4,93.91799999999999,-42.7,4.968,5228.1,no
37,blue-collar,divorced,basic.9y,no,yes,no,cellular,jul,thu,346,2,999,0,nonexistent,1.4,93.91799999999999,-42.7,4.968,5228.1,no
39,admin.,married,university.degree,no,yes,no,cellular,jul,thu,79,3,999,0,nonexistent,1.4,93.91799999999999,-42.7,4.968,5228.1,no
56,retired,divorced,high.school,no,yes,no,cellular,jul,thu,11,10,999,0,nonexistent,1.4,93.91799999999999,-42.7,4.968,5228.1,no
50,technician,single,high.school,unknown,no,no,telephone,jul,thu,125,6,999,0,nonexistent,1.4,93.91799999999999,-42.7,4.968,5228.1,no
36,blue-collar,married,basic.6y,unknown,yes,no,cellular,jul,thu,11,16,999,0,nonexistent,1.4,93.91799999999999,-42.7,4.968,5228.1,no
35,technician,married,professional.course,no,unknown,unknown,cellular,jul,thu,12,12,999,0,nonexistent,1.4,93.91799999999999,-42.7,4.968,5228.1,no
36,blue-collar,single,high.school,no,yes,no,cellular,jul,thu,8,24,999,0,nonexistent,1.4,93.91799999999999,-42.7,4.968,5228.1,no
29,admin.,single,high.school,no,no,yes,cellular,jul,thu,130,3,999,0,nonexistent,1.4,93.91799999999999,-42.7,4.968,5228.1,no
32,blue-collar,single,high.school,no,yes,no,cellular,jul,thu,110,3,999,0,nonexistent,1.4,93.91799999999999,-42.7,4.968,5228.1,no
43,technician,divorced,professional.course,no,yes,no,cellular,jul,thu,87,3,999,0,nonexistent,1.4,93.91799999999999,-42.7,4.968,5228.1,no
36,blue-collar,married,basic.6y,unknown,yes,no,cellular,jul,thu,517,3,999,0,nonexistent,1.4,93.91799999999999,-42.7,4.968,5228.1,no
36,management,married,university.degree,no,yes,no,cellular,jul,thu,350,2,999,0,nonexistent,1.4,93.91799999999999,-42.7,4.968,5228.1,no
40,technician,married,professional.course,unknown,no,yes,telephone,jul,thu,921,3,999,0,nonexistent,1.4,93.91799999999999,-42.7,4.968,5228.1,no
40,blue-collar,single,basic.9y,no,yes,no,cellular,jul,thu,217,3,999,0,nonexistent,1.4,93.91799999999999,-42.7,4.968,5228.1,no
32,admin.,single,university.degree,no,no,yes,cellular,jul,thu,749,8,999,0,nonexistent,1.4,93.91799999999999,-42.7,4.968,5228.1,no
33,services,married,professional.course,no,yes,yes,cellular,jul,thu,630,4,999,0,nonexistent,1.4,93.91799999999999,-42.7,4.968,5228.1,yes
34,technician,married,university.degree,no,no,no,cellular,jul,thu,85,2,999,0,nonexistent,1.4,93.91799999999999,-42.7,4.968,5228.1,no
29,admin.,married,high.school,no,no,no,cellular,jul,thu,468,3,999,0,nonexistent,1.4,93.91799999999999,-42.7,4.968,5228.1,no
48,services,married,professional.course,unknown,yes,no,cellular,jul,thu,55,5,999,0,nonexistent,1.4,93.91799999999999,-42.7,4.968,5228.1,no
39,technician,married,high.school,no,no,no,cellular,jul,thu,28,1,999,0,nonexistent,1.4,93.91799999999999,-42.7,4.968,5228.1,no
35,technician,married,professional.course,no,no,no,cellular,jul,thu,207,3,999,0,nonexistent,1.4,93.91799999999999,-42.7,4.968,5228.1,no
30,admin.,single,university.degree,no,yes,no,cellular,jul,thu,27,3,999,0,nonexistent,1.4,93.91799999999999,-42.7,4.968,5228.1,no
42,self-employed,married,university.degree,no,yes,no,telephone,jul,thu,1088,14,999,0,nonexistent,1.4,93.91799999999999,-42.7,4.968,5228.1,yes
37,blue-collar,divorced,basic.9y,no,yes,no,cellular,jul,thu,1150,4,999,0,nonexistent,1.4,93.91799999999999,-42.7,4.968,5228.1,yes
39,technician,married,high.school,no,yes,no,cellular,jul,thu,404,1,999,0,nonexistent,1.4,93.91799999999999,-42.7,4.968,5228.1,no
39,technician,married,high.school,no,no,no,cellular,jul,thu,232,1,999,0,nonexistent,1.4,93.91799999999999,-42.7,4.968,5228.1,no
50,technician,married,high.school,no,no,no,cellular,jul,thu,190,1,999,0,nonexistent,1.4,93.91799999999999,-42.7,4.968,5228.1,no
46,admin.,single,high.school,no,unknown,unknown,cellular,jul,thu,37,3,999,0,nonexistent,1.4,93.91799999999999,-42.7,4.968,5228.1,no
27,admin.,married,high.school,unknown,no,no,cellular,jul,thu,84,3,999,0,nonexistent,1.4,93.91799999999999,-42.7,4.968,5228.1,no
28,admin.,single,university.degree,no,no,no,cellular,jul,thu,321,1,999,0,nonexistent,1.4,93.91799999999999,-42.7,4.968,5228.1,no
27,blue-collar,single,basic.4y,no,no,no,cellular,jul,thu,451,1,999,0,nonexistent,1.4,93.91799999999999,-42.7,4.968,5228.1,no
29,admin.,single,university.degree,no,no,no,cellular,jul,thu,117,1,999,0,nonexistent,1.4,93.91799999999999,-42.7,4.968,5228.1,no
27,blue-collar,single,basic.4y,no,no,no,cellular,jul,thu,508,1,999,0,nonexistent,1.4,93.91799999999999,-42.7,4.968,5228.1,no
22,unemployed,single,high.school,no,no,no,cellular,jul,thu,60,6,999,0,nonexistent,1.4,93.91799999999999,-42.7,4.968,5228.1,no
48,entrepreneur,married,university.degree,no,yes,no,cellular,jul,thu,207,1,999,0,nonexistent,1.4,93.91799999999999,-42.7,4.968,5228.1,no
31,blue-collar,single,high.school,no,yes,no,cellular,jul,thu,107,3,999,0,nonexistent,1.4,93.91799999999999,-42.7,4.968,5228.1,no
45,admin.,married,university.degree,no,no,no,cellular,jul,thu,196,1,999,0,nonexistent,1.4,93.91799999999999,-42.7,4.968,5228.1,no
38,admin.,married,high.school,no,no,yes,cellular,jul,thu,106,3,999,0,nonexistent,1.4,93.91799999999999,-42.7,4.968,5228.1,no
48,entrepreneur,married,university.degree,no,yes,no,cellular,jul,thu,413,1,999,0,nonexistent,1.4,93.91799999999999,-42.7,4.968,5228.1,no
35,technician,married,professional.course,no,no,yes,cellular,jul,thu,15,23,999,0,nonexistent,1.4,93.91799999999999,-42.7,4.968,5228.1,no
36,student,divorced,university.degree,no,no,yes,cellular,jul,thu,125,5,999,0,nonexistent,1.4,93.91799999999999,-42.7,4.968,5228.1,no
29,admin.,single,university.degree,no,yes,no,cellular,jul,thu,543,1,999,0,nonexistent,1.4,93.91799999999999,-42.7,4.968,5228.1,no
56,entrepreneur,married,basic.4y,unknown,yes,yes,cellular,jul,thu,14,20,999,0,nonexistent,1.4,93.91799999999999,-42.7,4.968,5228.1,no
44,admin.,single,basic.6y,unknown,yes,no,cellular,jul,thu,130,2,999,0,nonexistent,1.4,93.91799999999999,-42.7,4.968,5228.1,no
33,services,married,professional.course,no,no,yes,cellular,jul,thu,151,7,999,0,nonexistent,1.4,93.91799999999999,-42.7,4.968,5228.1,no
29,admin.,single,high.school,no,yes,yes,cellular,jul,thu,104,3,999,0,nonexistent,1.4,93.91799999999999,-42.7,4.968,5228.1,no
59,housemaid,married,basic.4y,no,yes,yes,cellular,jul,thu,69,1,999,0,nonexistent,1.4,93.91799999999999,-42.7,4.968,5228.1,no
45,blue-collar,single,university.degree,no,yes,no,cellular,jul,thu,102,1,999,0,nonexistent,1.4,93.91799999999999,-42.7,4.968,5228.1,no
49,technician,married,basic.9y,no,yes,no,cellular,jul,thu,183,1,999,0,nonexistent,1.4,93.91799999999999,-42.7,4.968,5228.1,no
42,technician,married,university.degree,no,no,yes,cellular,jul,thu,65,2,999,0,nonexistent,1.4,93.91799999999999,-42.7,4.968,5228.1,no
28,admin.,single,university.degree,no,no,no,cellular,jul,thu,395,2,999,0,nonexistent,1.4,93.91799999999999,-42.7,4.968,5228.1,no
45,blue-collar,single,university.degree,no,no,no,cellular,jul,thu,291,1,999,0,nonexistent,1.4,93.91799999999999,-42.7,4.968,5228.1,no
41,services,divorced,high.school,no,yes,no,cellular,jul,thu,474,1,999,0,nonexistent,1.4,93.91799999999999,-42.7,4.968,5228.1,no
50,management,married,university.degree,unknown,no,no,cellular,jul,thu,118,1,999,0,nonexistent,1.4,93.91799999999999,-42.7,4.968,5228.1,no
50,management,married,university.degree,unknown,yes,no,telephone,jul,thu,30,1,999,0,nonexistent,1.4,93.91799999999999,-42.7,4.968,5228.1,no
42,self-employed,married,university.degree,no,yes,no,telephone,jul,thu,30,6,999,0,nonexistent,1.4,93.91799999999999,-42.7,4.968,5228.1,no
45,entrepreneur,divorced,university.degree,no,no,yes,cellular,jul,thu,216,1,999,0,nonexistent,1.4,93.91799999999999,-42.7,4.968,5228.1,no
44,services,married,high.school,unknown,no,no,cellular,jul,thu,374,1,999,0,nonexistent,1.4,93.91799999999999,-42.7,4.968,5228.1,no
38,housemaid,married,high.school,no,yes,no,cellular,jul,thu,108,2,999,0,nonexistent,1.4,93.91799999999999,-42.7,4.968,5228.1,no
39,entrepreneur,married,high.school,no,yes,no,cellular,jul,thu,244,1,999,0,nonexistent,1.4,93.91799999999999,-42.7,4.968,5228.1,no
50,technician,married,high.school,no,yes,no,cellular,jul,thu,196,2,999,0,nonexistent,1.4,93.91799999999999,-42.7,4.968,5228.1,no
38,services,married,high.school,no,no,yes,cellular,jul,thu,74,1,999,0,nonexistent,1.4,93.91799999999999,-42.7,4.968,5228.1,no
38,services,married,high.school,no,no,no,cellular,jul,thu,81,1,999,0,nonexistent,1.4,93.91799999999999,-42.7,4.968,5228.1,no
35,blue-collar,married,basic.9y,unknown,yes,no,telephone,jul,thu,19,1,999,0,nonexistent,1.4,93.91799999999999,-42.7,4.968,5228.1,no
43,services,married,high.school,unknown,no,no,cellular,jul,thu,126,19,999,0,nonexistent,1.4,93.91799999999999,-42.7,4.968,5228.1,no
33,services,divorced,high.school,no,no,yes,cellular,jul,thu,51,7,999,0,nonexistent,1.4,93.91799999999999,-42.7,4.968,5228.1,no
32,admin.,married,university.degree,no,yes,no,cellular,jul,thu,61,1,999,0,nonexistent,1.4,93.91799999999999,-42.7,4.968,5228.1,no
32,admin.,married,university.degree,no,no,no,cellular,jul,thu,100,1,999,0,nonexistent,1.4,93.91799999999999,-42.7,4.968,5228.1,no
35,blue-collar,married,basic.9y,unknown,no,no,cellular,jul,thu,574,1,999,0,nonexistent,1.4,93.91799999999999,-42.7,4.968,5228.1,yes
32,technician,single,professional.course,no,no,yes,telephone,jul,thu,181,1,999,0,nonexistent,1.4,93.91799999999999,-42.7,4.968,5228.1,no
32,technician,single,professional.course,no,no,no,cellular,jul,thu,167,1,999,0,nonexistent,1.4,93.91799999999999,-42.7,4.968,5228.1,no
32,technician,single,professional.course,no,no,no,cellular,jul,thu,35,1,999,0,nonexistent,1.4,93.91799999999999,-42.7,4.968,5228.1,no
40,admin.,married,professional.course,no,yes,yes,cellular,jul,thu,203,6,999,0,nonexistent,1.4,93.91799999999999,-42.7,4.968,5228.1,no
33,technician,single,professional.course,no,no,no,cellular,jul,thu,140,3,999,0,nonexistent,1.4,93.91799999999999,-42.7,4.968,5228.1,no
32,technician,single,professional.course,no,no,no,cellular,jul,thu,119,1,999,0,nonexistent,1.4,93.91799999999999,-42.7,4.968,5228.1,no
32,technician,single,professional.course,no,yes,yes,cellular,jul,thu,234,1,999,0,nonexistent,1.4,93.91799999999999,-42.7,4.968,5228.1,no
25,technician,single,high.school,no,no,no,cellular,jul,thu,27,16,999,0,nonexistent,1.4,93.91799999999999,-42.7,4.968,5228.1,no
31,entrepreneur,single,university.degree,unknown,no,yes,telephone,jul,thu,15,1,999,0,nonexistent,1.4,93.91799999999999,-42.7,4.968,5228.1,no
37,unemployed,single,university.degree,no,yes,no,cellular,jul,thu,47,1,999,0,nonexistent,1.4,93.91799999999999,-42.7,4.968,5228.1,no
32,admin.,married,university.degree,no,no,no,cellular,jul,thu,46,4,999,0,nonexistent,1.4,93.91799999999999,-42.7,4.968,5228.1,no
53,technician,married,professional.course,no,yes,no,telephone,jul,thu,144,1,999,0,nonexistent,1.4,93.91799999999999,-42.7,4.968,5228.1,no
47,blue-collar,married,basic.4y,no,unknown,unknown,telephone,jul,thu,175,1,999,0,nonexistent,1.4,93.91799999999999,-42.7,4.968,5228.1,no
36,blue-collar,married,basic.6y,unknown,no,no,telephone,jul,thu,208,5,999,0,nonexistent,1.4,93.91799999999999,-42.7,4.968,5228.1,no
41,admin.,single,university.degree,no,yes,yes,telephone,jul,thu,180,5,999,0,nonexistent,1.4,93.91799999999999,-42.7,4.968,5228.1,no
35,technician,single,professional.course,no,yes,no,cellular,jul,thu,307,4,999,0,nonexistent,1.4,93.91799999999999,-42.7,4.968,5228.1,no
43,admin.,married,unknown,no,yes,no,telephone,jul,thu,121,1,999,0,nonexistent,1.4,93.91799999999999,-42.7,4.968,5228.1,no
38,services,married,high.school,no,yes,no,cellular,jul,thu,73,1,999,0,nonexistent,1.4,93.91799999999999,-42.7,4.968,5228.1,no
38,services,married,high.school,no,yes,no,telephone,jul,thu,120,1,999,0,nonexistent,1.4,93.91799999999999,-42.7,4.968,5228.1,no
38,services,married,high.school,no,no,no,cellular,jul,thu,127,1,999,0,nonexistent,1.4,93.91799999999999,-42.7,4.968,5228.1,no
40,admin.,married,professional.course,unknown,no,no,cellular,jul,thu,106,2,999,0,nonexistent,1.4,93.91799999999999,-42.7,4.968,5228.1,no
24,admin.,single,high.school,no,yes,no,cellular,jul,thu,725,3,999,0,nonexistent,1.4,93.91799999999999,-42.7,4.968,5228.1,yes
35,technician,single,professional.course,unknown,yes,no,cellular,jul,thu,105,5,999,0,nonexistent,1.4,93.91799999999999,-42.7,4.968,5228.1,no
28,services,married,high.school,no,yes,no,telephone,jul,thu,115,4,999,0,nonexistent,1.4,93.91799999999999,-42.7,4.968,5228.1,no
42,management,married,basic.9y,no,no,no,cellular,jul,thu,114,1,999,0,nonexistent,1.4,93.91799999999999,-42.7,4.968,5228.1,no
42,management,married,basic.9y,no,no,no,telephone,jul,thu,92,1,999,0,nonexistent,1.4,93.91799999999999,-42.7,4.968,5228.1,no
29,admin.,single,university.degree,no,no,no,cellular,jul,thu,6,14,999,0,nonexistent,1.4,93.91799999999999,-42.7,4.968,5228.1,no
39,technician,married,high.school,no,yes,no,cellular,jul,thu,123,3,999,0,nonexistent,1.4,93.91799999999999,-42.7,4.968,5228.1,no
56,management,married,university.degree,no,yes,no,cellular,jul,thu,22,1,999,0,nonexistent,1.4,93.91799999999999,-42.7,4.968,5228.1,no
42,management,married,basic.9y,no,yes,no,cellular,jul,thu,253,1,999,0,nonexistent,1.4,93.91799999999999,-42.7,4.968,5228.1,no
35,technician,married,professional.course,no,no,no,cellular,jul,thu,126,4,999,0,nonexistent,1.4,93.91799999999999,-42.7,4.968,5228.1,no
48,technician,married,professional.course,no,no,no,cellular,jul,thu,38,1,999,0,nonexistent,1.4,93.91799999999999,-42.7,4.968,5228.1,no
48,technician,married,professional.course,no,no,no,telephone,jul,thu,77,1,999,0,nonexistent,1.4,93.91799999999999,-42.7,4.968,5228.1,no
42,blue-collar,married,basic.9y,unknown,no,yes,cellular,jul,thu,349,1,999,0,nonexistent,1.4,93.91799999999999,-42.7,4.968,5228.1,no
53,blue-collar,married,basic.4y,unknown,no,yes,cellular,jul,thu,36,1,999,0,nonexistent,1.4,93.91799999999999,-42.7,4.968,5228.1,no
39,services,married,high.school,no,yes,no,cellular,jul,thu,543,29,999,0,nonexistent,1.4,93.91799999999999,-42.7,4.968,5228.1,no
52,blue-collar,married,basic.9y,no,yes,yes,cellular,jul,thu,114,1,999,0,nonexistent,1.4,93.91799999999999,-42.7,4.968,5228.1,no
26,blue-collar,married,high.school,no,yes,no,cellular,jul,thu,49,1,999,0,nonexistent,1.4,93.91799999999999,-42.7,4.968,5228.1,no
34,technician,married,professional.course,unknown,no,no,cellular,jul,thu,61,1,999,0,nonexistent,1.4,93.91799999999999,-42.7,4.968,5228.1,no
36,blue-collar,married,basic.9y,no,yes,no,telephone,jul,thu,77,2,999,0,nonexistent,1.4,93.91799999999999,-42.7,4.968,5228.1,no
32,technician,single,professional.course,no,yes,no,cellular,jul,thu,81,2,999,0,nonexistent,1.4,93.91799999999999,-42.7,4.968,5228.1,no
56,management,married,university.degree,no,yes,no,cellular,jul,thu,122,1,999,0,nonexistent,1.4,93.91799999999999,-42.7,4.968,5228.1,no
37,admin.,married,high.school,no,unknown,unknown,cellular,jul,thu,56,3,999,0,nonexistent,1.4,93.91799999999999,-42.7,4.968,5228.1,no
35,technician,single,professional.course,unknown,yes,no,cellular,jul,thu,53,1,999,0,nonexistent,1.4,93.91799999999999,-42.7,4.968,5228.1,no
34,unemployed,married,high.school,no,unknown,unknown,cellular,jul,thu,94,1,999,0,nonexistent,1.4,93.91799999999999,-42.7,4.968,5228.1,no
56,management,married,university.degree,no,yes,no,cellular,jul,thu,126,1,999,0,nonexistent,1.4,93.91799999999999,-42.7,4.968,5228.1,no
34,unemployed,married,high.school,no,yes,yes,cellular,jul,thu,118,1,999,0,nonexistent,1.4,93.91799999999999,-42.7,4.968,5228.1,no
46,technician,divorced,professional.course,no,no,no,cellular,jul,thu,60,3,999,0,nonexistent,1.4,93.91799999999999,-42.7,4.968,5228.1,no
49,technician,married,professional.course,unknown,yes,no,telephone,jul,thu,219,12,999,0,nonexistent,1.4,93.91799999999999,-42.7,4.968,5228.1,no
53,blue-collar,married,basic.4y,unknown,no,no,cellular,jul,thu,79,1,999,0,nonexistent,1.4,93.91799999999999,-42.7,4.968,5228.1,no
28,admin.,single,high.school,no,yes,no,cellular,jul,thu,231,1,999,0,nonexistent,1.4,93.91799999999999,-42.7,4.968,5228.1,no
56,technician,divorced,university.degree,unknown,yes,no,cellular,jul,thu,49,1,999,0,nonexistent,1.4,93.91799999999999,-42.7,4.968,5228.1,no
44,technician,married,professional.course,no,no,no,cellular,jul,thu,221,1,999,0,nonexistent,1.4,93.91799999999999,-42.7,4.968,5228.1,no
44,technician,married,professional.course,no,yes,no,telephone,jul,thu,168,1,999,0,nonexistent,1.4,93.91799999999999,-42.7,4.968,5228.1,no
29,technician,married,university.degree,no,no,no,telephone,jul,thu,240,1,999,0,nonexistent,1.4,93.91799999999999,-42.7,4.968,5228.1,no
43,admin.,married,basic.4y,no,yes,yes,telephone,jul,thu,119,8,999,0,nonexistent,1.4,93.91799999999999,-42.7,4.968,5228.1,no
56,technician,divorced,university.degree,unknown,no,no,cellular,jul,thu,59,12,999,0,nonexistent,1.4,93.91799999999999,-42.7,4.968,5228.1,no
52,blue-collar,married,basic.4y,no,yes,no,cellular,jul,thu,156,6,999,0,nonexistent,1.4,93.91799999999999,-42.7,4.968,5228.1,no
30,technician,single,university.degree,no,no,no,cellular,jul,thu,131,8,999,0,nonexistent,1.4,93.91799999999999,-42.7,4.968,5228.1,no
32,admin.,married,university.degree,no,no,no,cellular,jul,thu,189,2,999,0,nonexistent,1.4,93.91799999999999,-42.7,4.968,5228.1,no
36,entrepreneur,married,university.degree,unknown,yes,no,cellular,jul,thu,107,13,999,0,nonexistent,1.4,93.91799999999999,-42.7,4.968,5228.1,no
40,technician,married,university.degree,no,no,no,cellular,jul,thu,122,1,999,0,nonexistent,1.4,93.91799999999999,-42.7,4.968,5228.1,no
36,self-employed,single,basic.4y,no,no,no,telephone,jul,thu,73,1,999,0,nonexistent,1.4,93.91799999999999,-42.7,4.968,5228.1,no
39,services,married,high.school,no,yes,no,cellular,jul,thu,216,2,999,0,nonexistent,1.4,93.91799999999999,-42.7,4.968,5228.1,no
34,technician,married,professional.course,unknown,no,no,telephone,jul,thu,46,2,999,0,nonexistent,1.4,93.91799999999999,-42.7,4.968,5228.1,no
38,services,married,high.school,no,no,no,cellular,jul,thu,145,2,999,0,nonexistent,1.4,93.91799999999999,-42.7,4.968,5228.1,no
57,admin.,married,university.degree,unknown,no,no,cellular,jul,thu,38,15,999,0,nonexistent,1.4,93.91799999999999,-42.7,4.968,5228.1,no
60,retired,married,basic.6y,unknown,no,no,cellular,jul,thu,126,1,999,0,nonexistent,1.4,93.91799999999999,-42.7,4.968,5228.1,no
42,blue-collar,married,basic.9y,unknown,yes,no,cellular,jul,thu,62,2,999,0,nonexistent,1.4,93.91799999999999,-42.7,4.968,5228.1,no
28,technician,married,professional.course,no,no,no,telephone,jul,thu,45,1,999,0,nonexistent,1.4,93.91799999999999,-42.7,4.968,5228.1,no
28,technician,married,professional.course,no,no,no,cellular,jul,thu,53,1,999,0,nonexistent,1.4,93.91799999999999,-42.7,4.968,5228.1,no
27,blue-collar,single,basic.4y,no,yes,no,cellular,jul,thu,225,1,999,0,nonexistent,1.4,93.91799999999999,-42.7,4.968,5228.1,no
33,unemployed,married,high.school,unknown,unknown,unknown,cellular,jul,thu,268,1,999,0,nonexistent,1.4,93.91799999999999,-42.7,4.968,5228.1,no
48,management,married,university.degree,no,no,no,cellular,jul,thu,52,4,999,0,nonexistent,1.4,93.91799999999999,-42.7,4.968,5228.1,no
35,self-employed,single,university.degree,no,no,no,cellular,jul,thu,609,1,999,0,nonexistent,1.4,93.91799999999999,-42.7,4.968,5228.1,no
27,blue-collar,single,basic.4y,no,no,yes,cellular,jul,thu,83,1,999,0,nonexistent,1.4,93.91799999999999,-42.7,4.968,5228.1,no
51,management,married,basic.9y,no,yes,yes,cellular,jul,thu,79,6,999,0,nonexistent,1.4,93.91799999999999,-42.7,4.968,5228.1,no
28,services,married,high.school,no,no,no,cellular,jul,thu,462,1,999,0,nonexistent,1.4,93.91799999999999,-42.7,4.968,5228.1,no
38,services,married,high.school,no,no,no,cellular,jul,thu,857,2,999,0,nonexistent,1.4,93.91799999999999,-42.7,4.968,5228.1,yes
43,housemaid,married,basic.6y,unknown,yes,no,cellular,jul,thu,188,2,999,0,nonexistent,1.4,93.91799999999999,-42.7,4.968,5228.1,no
28,services,married,high.school,no,no,yes,telephone,jul,thu,80,1,999,0,nonexistent,1.4,93.91799999999999,-42.7,4.968,5228.1,no
37,housemaid,single,professional.course,no,no,yes,cellular,jul,thu,50,1,999,0,nonexistent,1.4,93.91799999999999,-42.7,4.968,5228.1,no
37,housemaid,single,professional.course,no,yes,no,cellular,jul,thu,255,1,999,0,nonexistent,1.4,93.91799999999999,-42.7,4.968,5228.1,no
46,services,married,high.school,no,no,no,cellular,jul,thu,92,1,999,0,nonexistent,1.4,93.91799999999999,-42.7,4.968,5228.1,no
39,management,married,high.school,no,no,yes,cellular,jul,thu,245,2,999,0,nonexistent,1.4,93.91799999999999,-42.7,4.968,5228.1,no
33,admin.,divorced,high.school,no,no,yes,cellular,jul,thu,83,3,999,0,nonexistent,1.4,93.91799999999999,-42.7,4.968,5228.1,no
36,entrepreneur,married,university.degree,unknown,yes,no,cellular,jul,thu,55,7,999,0,nonexistent,1.4,93.91799999999999,-42.7,4.968,5228.1,no
57,admin.,single,high.school,unknown,yes,no,telephone,jul,thu,35,6,999,0,nonexistent,1.4,93.91799999999999,-42.7,4.968,5228.1,no
28,admin.,single,university.degree,no,no,no,cellular,jul,thu,69,3,999,0,nonexistent,1.4,93.91799999999999,-42.7,4.968,5228.1,no
53,admin.,married,university.degree,no,yes,no,cellular,jul,thu,51,33,999,0,nonexistent,1.4,93.91799999999999,-42.7,4.968,5228.1,no
28,admin.,single,university.degree,no,no,no,cellular,jul,thu,829,2,999,0,nonexistent,1.4,93.91799999999999,-42.7,4.968,5228.1,yes
42,blue-collar,married,basic.9y,unknown,yes,no,cellular,jul,thu,367,2,999,0,nonexistent,1.4,93.91799999999999,-42.7,4.968,5228.1,no
28,services,married,high.school,no,no,no,cellular,jul,thu,612,2,999,0,nonexistent,1.4,93.91799999999999,-42.7,4.968,5228.1,yes
28,services,married,high.school,no,no,no,cellular,jul,thu,184,1,999,0,nonexistent,1.4,93.91799999999999,-42.7,4.968,5228.1,no
31,admin.,married,high.school,no,no,no,cellular,jul,thu,187,1,999,0,nonexistent,1.4,93.91799999999999,-42.7,4.968,5228.1,no
31,admin.,single,university.degree,no,no,no,cellular,jul,thu,128,1,999,0,nonexistent,1.4,93.91799999999999,-42.7,4.968,5228.1,no
29,technician,single,professional.course,no,yes,no,cellular,jul,thu,150,2,999,0,nonexistent,1.4,93.91799999999999,-42.7,4.968,5228.1,no
51,management,married,basic.4y,no,yes,no,cellular,jul,thu,47,2,999,0,nonexistent,1.4,93.91799999999999,-42.7,4.968,5228.1,no
53,blue-collar,married,basic.4y,unknown,no,no,cellular,jul,thu,249,2,999,0,nonexistent,1.4,93.91799999999999,-42.7,4.968,5228.1,no
36,admin.,married,high.school,no,yes,no,cellular,jul,thu,74,2,999,0,nonexistent,1.4,93.91799999999999,-42.7,4.968,5228.1,no
38,self-employed,divorced,basic.9y,no,yes,yes,cellular,jul,thu,119,3,999,0,nonexistent,1.4,93.91799999999999,-42.7,4.968,5228.1,no
37,blue-collar,married,basic.9y,unknown,no,yes,telephone,jul,thu,88,7,999,0,nonexistent,1.4,93.91799999999999,-42.7,4.968,5228.1,no
32,admin.,married,high.school,no,yes,no,cellular,jul,thu,434,2,999,0,nonexistent,1.4,93.91799999999999,-42.7,4.968,5228.1,no
36,blue-collar,single,high.school,no,no,no,cellular,jul,thu,288,1,999,0,nonexistent,1.4,93.91799999999999,-42.7,4.968,5228.1,no
44,admin.,divorced,university.degree,no,yes,no,cellular,jul,thu,155,11,999,0,nonexistent,1.4,93.91799999999999,-42.7,4.968,5228.1,no
28,services,single,high.school,no,no,no,cellular,jul,thu,465,2,999,0,nonexistent,1.4,93.91799999999999,-42.7,4.968,5228.1,no
31,management,single,university.degree,no,yes,no,cellular,jul,thu,166,3,999,0,nonexistent,1.4,93.91799999999999,-42.7,4.968,5228.1,no
44,unknown,married,unknown,no,yes,no,cellular,jul,thu,716,6,999,0,nonexistent,1.4,93.91799999999999,-42.7,4.968,5228.1,no
35,self-employed,married,university.degree,no,yes,no,telephone,jul,thu,33,12,999,0,nonexistent,1.4,93.91799999999999,-42.7,4.968,5228.1,no
42,technician,married,professional.course,unknown,yes,no,cellular,jul,thu,721,10,999,0,nonexistent,1.4,93.91799999999999,-42.7,4.968,5228.1,no
39,admin.,single,unknown,no,no,no,cellular,jul,thu,99,10,999,0,nonexistent,1.4,93.91799999999999,-42.7,4.968,5228.1,no
27,self-employed,married,university.degree,no,yes,no,telephone,jul,thu,36,3,999,0,nonexistent,1.4,93.91799999999999,-42.7,4.968,5228.1,no
50,unemployed,married,professional.course,no,no,no,cellular,jul,thu,74,3,999,0,nonexistent,1.4,93.91799999999999,-42.7,4.968,5228.1,no
58,unknown,married,high.school,unknown,no,no,cellular,jul,thu,222,2,999,0,nonexistent,1.4,93.91799999999999,-42.7,4.968,5228.1,no
22,unemployed,single,high.school,no,yes,no,cellular,jul,thu,361,3,999,0,nonexistent,1.4,93.91799999999999,-42.7,4.968,5228.1,yes
53,blue-collar,married,basic.4y,unknown,no,yes,cellular,jul,thu,247,2,999,0,nonexistent,1.4,93.91799999999999,-42.7,4.968,5228.1,no
36,admin.,single,university.degree,no,yes,no,cellular,jul,thu,109,7,999,0,nonexistent,1.4,93.91799999999999,-42.7,4.968,5228.1,no
54,admin.,married,university.degree,unknown,yes,no,cellular,jul,thu,324,3,999,0,nonexistent,1.4,93.91799999999999,-42.7,4.968,5228.1,no
47,technician,married,professional.course,no,no,no,cellular,jul,thu,223,1,999,0,nonexistent,1.4,93.91799999999999,-42.7,4.968,5228.1,no
59,services,married,high.school,no,yes,no,cellular,jul,thu,362,1,999,0,nonexistent,1.4,93.91799999999999,-42.7,4.968,5228.1,no
59,services,married,high.school,no,yes,no,cellular,jul,thu,300,1,999,0,nonexistent,1.4,93.91799999999999,-42.7,4.968,5228.1,no
45,management,married,university.degree,no,yes,no,cellular,jul,thu,391,1,999,0,nonexistent,1.4,93.91799999999999,-42.7,4.968,5228.1,no
57,technician,single,professional.course,no,yes,no,cellular,jul,thu,155,5,999,0,nonexistent,1.4,93.91799999999999,-42.7,4.968,5228.1,no
39,management,divorced,basic.9y,unknown,yes,no,cellular,jul,thu,86,1,999,0,nonexistent,1.4,93.91799999999999,-42.7,4.968,5228.1,no
45,blue-collar,married,basic.9y,no,unknown,unknown,cellular,jul,thu,151,10,999,0,nonexistent,1.4,93.91799999999999,-42.7,4.968,5228.1,no
55,management,married,university.degree,no,yes,yes,cellular,jul,thu,345,1,999,0,nonexistent,1.4,93.91799999999999,-42.7,4.968,5228.1,no
45,management,married,university.degree,no,no,no,cellular,jul,thu,843,1,999,0,nonexistent,1.4,93.91799999999999,-42.7,4.968,5228.1,no
44,blue-collar,divorced,professional.course,no,yes,yes,cellular,jul,thu,81,1,999,0,nonexistent,1.4,93.91799999999999,-42.7,4.968,5228.1,no
33,blue-collar,married,basic.6y,unknown,yes,no,cellular,jul,thu,75,3,999,0,nonexistent,1.4,93.91799999999999,-42.7,4.968,5228.1,no
25,admin.,single,basic.9y,no,no,no,cellular,jul,thu,198,3,999,0,nonexistent,1.4,93.91799999999999,-42.7,4.968,5228.1,no
25,admin.,single,basic.9y,no,no,no,cellular,jul,thu,81,3,999,0,nonexistent,1.4,93.91799999999999,-42.7,4.968,5228.1,no
30,unemployed,married,high.school,no,yes,no,cellular,jul,thu,34,1,999,0,nonexistent,1.4,93.91799999999999,-42.7,4.968,5228.1,no
53,admin.,married,high.school,unknown,no,no,cellular,jul,thu,61,1,999,0,nonexistent,1.4,93.91799999999999,-42.7,4.968,5228.1,no
60,management,married,professional.course,unknown,yes,no,cellular,jul,thu,241,4,999,0,nonexistent,1.4,93.91799999999999,-42.7,4.968,5228.1,no
34,services,married,high.school,no,yes,no,cellular,jul,thu,156,1,999,0,nonexistent,1.4,93.91799999999999,-42.7,4.968,5228.1,no
36,admin.,married,university.degree,no,no,no,cellular,jul,thu,1739,5,999,0,nonexistent,1.4,93.91799999999999,-42.7,4.968,5228.1,no
36,technician,single,professional.course,no,no,no,cellular,jul,thu,111,4,999,0,nonexistent,1.4,93.91799999999999,-42.7,4.968,5228.1,no
37,blue-collar,married,basic.4y,unknown,no,no,cellular,jul,thu,166,1,999,0,nonexistent,1.4,93.91799999999999,-42.7,4.968,5228.1,no
54,blue-collar,married,basic.9y,no,yes,no,telephone,jul,thu,28,1,999,0,nonexistent,1.4,93.91799999999999,-42.7,4.968,5228.1,no
55,admin.,divorced,university.degree,no,no,no,cellular,jul,thu,119,1,999,0,nonexistent,1.4,93.91799999999999,-42.7,4.968,5228.1,no
55,admin.,divorced,university.degree,no,yes,yes,cellular,jul,thu,209,1,999,0,nonexistent,1.4,93.91799999999999,-42.7,4.968,5228.1,no
25,admin.,single,basic.9y,no,no,no,cellular,jul,thu,18,29,999,0,nonexistent,1.4,93.91799999999999,-42.7,4.968,5228.1,no
30,services,single,high.school,no,no,no,telephone,jul,thu,444,5,999,0,nonexistent,1.4,93.91799999999999,-42.7,4.968,5228.1,no
36,admin.,single,university.degree,no,yes,no,cellular,jul,thu,744,8,999,0,nonexistent,1.4,93.91799999999999,-42.7,4.968,5228.1,no
34,technician,divorced,unknown,no,yes,no,telephone,jul,thu,190,4,999,0,nonexistent,1.4,93.91799999999999,-42.7,4.968,5228.1,no
31,self-employed,married,university.degree,no,no,no,cellular,jul,thu,245,5,999,0,nonexistent,1.4,93.91799999999999,-42.7,4.968,5228.1,no
48,blue-collar,married,professional.course,no,no,no,cellular,jul,thu,22,25,999,0,nonexistent,1.4,93.91799999999999,-42.7,4.968,5228.1,no
30,blue-collar,single,high.school,no,yes,no,telephone,jul,thu,13,16,999,0,nonexistent,1.4,93.91799999999999,-42.7,4.968,5228.1,no
31,services,single,high.school,no,yes,no,cellular,jul,thu,59,2,999,0,nonexistent,1.4,93.91799999999999,-42.7,4.968,5228.1,no
28,blue-collar,married,basic.4y,unknown,yes,no,cellular,jul,thu,108,9,999,0,nonexistent,1.4,93.91799999999999,-42.7,4.968,5228.1,no
33,admin.,single,professional.course,no,yes,no,cellular,jul,thu,134,2,999,0,nonexistent,1.4,93.91799999999999,-42.7,4.968,5228.1,no
28,technician,single,university.degree,no,yes,no,cellular,jul,thu,58,2,999,0,nonexistent,1.4,93.91799999999999,-42.7,4.968,5228.1,no
58,management,married,university.degree,no,no,yes,cellular,jul,thu,32,20,999,0,nonexistent,1.4,93.91799999999999,-42.7,4.968,5228.1,no
45,admin.,married,university.degree,no,no,no,cellular,jul,thu,9,7,999,0,nonexistent,1.4,93.91799999999999,-42.7,4.968,5228.1,no
48,technician,married,professional.course,unknown,no,yes,telephone,jul,thu,37,6,999,0,nonexistent,1.4,93.91799999999999,-42.7,4.968,5228.1,no
33,technician,married,university.degree,no,yes,no,cellular,jul,thu,90,5,999,0,nonexistent,1.4,93.91799999999999,-42.7,4.968,5228.1,no
54,admin.,married,university.degree,unknown,yes,no,cellular,jul,thu,20,27,999,0,nonexistent,1.4,93.91799999999999,-42.7,4.968,5228.1,no
36,admin.,single,university.degree,no,yes,no,cellular,jul,thu,33,33,999,0,nonexistent,1.4,93.91799999999999,-42.7,4.968,5228.1,no
36,admin.,single,university.degree,no,yes,yes,telephone,jul,thu,18,8,999,0,nonexistent,1.4,93.91799999999999,-42.7,4.968,5228.1,no
44,blue-collar,divorced,professional.course,no,no,no,cellular,jul,thu,66,31,999,0,nonexistent,1.4,93.91799999999999,-42.7,4.968,5228.1,no
39,technician,married,professional.course,no,yes,no,cellular,jul,thu,23,5,999,0,nonexistent,1.4,93.91799999999999,-42.7,4.968,5228.1,no
32,technician,married,university.degree,no,yes,no,cellular,jul,thu,19,6,999,0,nonexistent,1.4,93.91799999999999,-42.7,4.968,5228.1,no
25,admin.,single,basic.9y,no,yes,yes,cellular,jul,thu,37,17,999,0,nonexistent,1.4,93.91799999999999,-42.7,4.968,5228.1,no
38,admin.,married,high.school,no,yes,no,telephone,jul,thu,51,18,999,0,nonexistent,1.4,93.91799999999999,-42.7,4.968,5228.1,no
48,technician,married,professional.course,no,yes,no,cellular,jul,thu,21,2,999,0,nonexistent,1.4,93.91799999999999,-42.7,4.968,5228.1,no
38,admin.,married,basic.6y,no,yes,no,cellular,jul,thu,294,3,999,0,nonexistent,1.4,93.91799999999999,-42.7,4.968,5228.1,no
59,services,married,high.school,no,yes,no,cellular,jul,thu,70,5,999,0,nonexistent,1.4,93.91799999999999,-42.7,4.968,5228.1,no
38,technician,married,high.school,no,yes,yes,cellular,jul,thu,18,34,999,0,nonexistent,1.4,93.91799999999999,-42.7,4.968,5228.1,no
41,housemaid,married,basic.4y,unknown,no,no,cellular,jul,thu,17,24,999,0,nonexistent,1.4,93.91799999999999,-42.7,4.968,5228.1,no
52,blue-collar,married,basic.9y,unknown,no,no,cellular,jul,thu,393,3,999,0,nonexistent,1.4,93.91799999999999,-42.7,4.968,5228.1,no
32,technician,married,university.degree,no,yes,no,cellular,jul,thu,22,7,999,0,nonexistent,1.4,93.91799999999999,-42.7,4.968,5228.1,no
31,services,single,high.school,no,no,no,cellular,jul,thu,10,3,999,0,nonexistent,1.4,93.91799999999999,-42.7,4.968,5228.1,no
30,services,single,high.school,unknown,no,no,telephone,jul,thu,454,18,999,0,nonexistent,1.4,93.91799999999999,-42.7,4.968,5228.1,no
33,technician,married,university.degree,no,no,no,cellular,jul,thu,89,4,999,0,nonexistent,1.4,93.91799999999999,-42.7,4.968,5228.1,no
34,technician,married,professional.course,no,yes,no,cellular,jul,thu,11,3,999,0,nonexistent,1.4,93.91799999999999,-42.7,4.968,5228.1,no
59,retired,married,basic.4y,no,no,no,telephone,jul,thu,37,27,999,0,nonexistent,1.4,93.91799999999999,-42.7,4.968,5228.1,no
44,technician,single,unknown,unknown,no,yes,cellular,jul,thu,48,3,999,0,nonexistent,1.4,93.91799999999999,-42.7,4.968,5228.1,no
53,admin.,married,high.school,unknown,no,no,cellular,jul,thu,10,8,999,0,nonexistent,1.4,93.91799999999999,-42.7,4.968,5228.1,no
33,technician,single,university.degree,no,no,no,cellular,jul,thu,58,5,999,0,nonexistent,1.4,93.91799999999999,-42.7,4.968,5228.1,no
30,unemployed,married,high.school,no,yes,no,cellular,jul,thu,272,2,999,0,nonexistent,1.4,93.91799999999999,-42.7,4.968,5228.1,no
36,technician,single,professional.course,no,yes,yes,cellular,jul,thu,164,3,999,0,nonexistent,1.4,93.91799999999999,-42.7,4.968,5228.1,no
48,admin.,single,university.degree,no,yes,yes,telephone,jul,thu,55,6,999,0,nonexistent,1.4,93.91799999999999,-42.7,4.968,5228.1,no
26,blue-collar,married,basic.4y,unknown,yes,no,cellular,jul,thu,530,3,999,0,nonexistent,1.4,93.91799999999999,-42.7,4.968,5228.1,no
31,services,single,high.school,no,no,no,cellular,jul,thu,16,35,999,0,nonexistent,1.4,93.91799999999999,-42.7,4.968,5228.1,no
25,admin.,single,basic.9y,no,yes,no,cellular,jul,thu,14,28,999,0,nonexistent,1.4,93.91799999999999,-42.7,4.968,5228.1,no
47,technician,married,professional.course,no,yes,no,cellular,jul,thu,153,18,999,0,nonexistent,1.4,93.91799999999999,-42.7,4.968,5228.1,no
34,technician,divorced,unknown,no,yes,yes,cellular,jul,thu,8,8,999,0,nonexistent,1.4,93.91799999999999,-42.7,4.968,5228.1,no
38,admin.,married,basic.6y,no,yes,no,cellular,jul,thu,69,3,999,0,nonexistent,1.4,93.91799999999999,-42.7,4.968,5228.1,no
25,admin.,single,basic.9y,no,yes,yes,cellular,jul,thu,8,21,999,0,nonexistent,1.4,93.91799999999999,-42.7,4.968,5228.1,no
37,technician,married,professional.course,no,no,no,telephone,jul,thu,43,32,999,0,nonexistent,1.4,93.91799999999999,-42.7,4.968,5228.1,no
34,technician,divorced,unknown,no,yes,no,telephone,jul,thu,251,3,999,0,nonexistent,1.4,93.91799999999999,-42.7,4.968,5228.1,no
33,blue-collar,married,basic.9y,no,yes,no,cellular,jul,thu,21,14,999,0,nonexistent,1.4,93.91799999999999,-42.7,4.968,5228.1,no
55,retired,married,basic.9y,unknown,no,no,telephone,jul,thu,16,3,999,0,nonexistent,1.4,93.91799999999999,-42.7,4.968,5228.1,no
36,technician,single,professional.course,no,no,no,telephone,jul,thu,237,7,999,0,nonexistent,1.4,93.91799999999999,-42.7,4.968,5228.1,no
25,admin.,single,basic.9y,no,yes,no,cellular,jul,thu,115,4,999,0,nonexistent,1.4,93.91799999999999,-42.7,4.968,5228.1,no
36,unemployed,single,unknown,unknown,no,no,cellular,jul,thu,189,3,999,0,nonexistent,1.4,93.91799999999999,-42.7,4.968,5228.1,no
38,blue-collar,single,basic.6y,no,no,no,telephone,jul,thu,114,4,999,0,nonexistent,1.4,93.91799999999999,-42.7,4.968,5228.1,no
38,admin.,married,basic.6y,no,no,no,cellular,jul,thu,213,3,999,0,nonexistent,1.4,93.91799999999999,-42.7,4.968,5228.1,no
30,services,single,high.school,no,yes,no,cellular,jul,thu,70,6,999,0,nonexistent,1.4,93.91799999999999,-42.7,4.968,5228.1,no
52,admin.,married,university.degree,no,no,no,cellular,jul,thu,368,7,999,0,nonexistent,1.4,93.91799999999999,-42.7,4.968,5228.1,no
38,admin.,married,basic.6y,no,yes,no,cellular,jul,thu,135,3,999,0,nonexistent,1.4,93.91799999999999,-42.7,4.968,5228.1,no
36,admin.,single,university.degree,no,no,no,cellular,jul,thu,48,3,999,0,nonexistent,1.4,93.91799999999999,-42.7,4.968,5228.1,no
38,admin.,married,basic.6y,no,no,no,cellular,jul,thu,35,25,999,0,nonexistent,1.4,93.91799999999999,-42.7,4.968,5228.1,no
27,admin.,single,high.school,no,yes,no,telephone,jul,thu,14,23,999,0,nonexistent,1.4,93.91799999999999,-42.7,4.968,5228.1,no
43,admin.,married,professional.course,unknown,yes,no,cellular,jul,thu,68,2,999,0,nonexistent,1.4,93.91799999999999,-42.7,4.968,5228.1,no
59,retired,married,basic.4y,no,no,yes,telephone,jul,thu,22,3,999,0,nonexistent,1.4,93.91799999999999,-42.7,4.968,5228.1,no
41,blue-collar,married,basic.6y,no,no,no,telephone,jul,thu,5,3,999,0,nonexistent,1.4,93.91799999999999,-42.7,4.968,5228.1,no
49,technician,married,unknown,unknown,yes,no,cellular,jul,thu,160,14,999,0,nonexistent,1.4,93.91799999999999,-42.7,4.968,5228.1,no
39,admin.,married,university.degree,unknown,yes,no,cellular,jul,thu,33,3,999,0,nonexistent,1.4,93.91799999999999,-42.7,4.968,5228.1,no
49,admin.,single,high.school,no,no,no,telephone,jul,thu,6,2,999,0,nonexistent,1.4,93.91799999999999,-42.7,4.968,5228.1,no
55,retired,married,basic.9y,unknown,no,no,cellular,jul,thu,149,5,999,0,nonexistent,1.4,93.91799999999999,-42.7,4.968,5228.1,no
34,technician,divorced,unknown,no,no,no,cellular,jul,thu,40,7,999,0,nonexistent,1.4,93.91799999999999,-42.7,4.968,5228.1,no
39,admin.,single,high.school,no,no,no,cellular,jul,thu,9,6,999,0,nonexistent,1.4,93.91799999999999,-42.7,4.968,5228.1,no
25,admin.,single,basic.9y,no,no,no,cellular,jul,thu,39,8,999,0,nonexistent,1.4,93.91799999999999,-42.7,4.968,5228.1,no
32,technician,married,university.degree,no,yes,no,cellular,jul,thu,280,6,999,0,nonexistent,1.4,93.91799999999999,-42.7,4.968,5228.1,no
41,housemaid,married,basic.4y,unknown,yes,no,telephone,jul,thu,350,10,999,0,nonexistent,1.4,93.91799999999999,-42.7,4.968,5228.1,no
54,admin.,married,university.degree,unknown,yes,no,cellular,jul,thu,65,43,999,0,nonexistent,1.4,93.91799999999999,-42.7,4.968,5228.1,no
37,technician,married,professional.course,no,no,no,cellular,jul,thu,37,8,999,0,nonexistent,1.4,93.91799999999999,-42.7,4.968,5228.1,no
38,admin.,married,basic.6y,no,no,no,cellular,jul,thu,262,3,999,0,nonexistent,1.4,93.91799999999999,-42.7,4.968,5228.1,no
43,services,married,basic.6y,no,no,yes,cellular,jul,thu,124,8,999,0,nonexistent,1.4,93.91799999999999,-42.7,4.968,5228.1,no
42,entrepreneur,married,professional.course,no,yes,no,cellular,jul,thu,576,7,999,0,nonexistent,1.4,93.91799999999999,-42.7,4.968,5228.1,no
56,blue-collar,married,basic.6y,unknown,yes,no,cellular,jul,thu,10,5,999,0,nonexistent,1.4,93.91799999999999,-42.7,4.968,5228.1,no
58,blue-collar,married,basic.6y,unknown,yes,no,cellular,jul,thu,306,7,999,0,nonexistent,1.4,93.91799999999999,-42.7,4.968,5228.1,no
39,admin.,married,university.degree,unknown,yes,no,cellular,jul,thu,101,9,999,0,nonexistent,1.4,93.91799999999999,-42.7,4.968,5228.1,no
39,technician,married,unknown,no,yes,no,cellular,jul,thu,108,4,999,0,nonexistent,1.4,93.91799999999999,-42.7,4.968,5228.1,no
36,admin.,single,university.degree,no,no,no,cellular,jul,thu,67,6,999,0,nonexistent,1.4,93.91799999999999,-42.7,4.968,5228.1,no
36,admin.,single,university.degree,no,yes,no,telephone,jul,thu,16,8,999,0,nonexistent,1.4,93.91799999999999,-42.7,4.968,5228.1,no
39,admin.,married,university.degree,unknown,no,no,telephone,jul,thu,94,12,999,0,nonexistent,1.4,93.91799999999999,-42.7,4.968,5228.1,no
49,admin.,single,high.school,no,yes,no,cellular,jul,thu,24,13,999,0,nonexistent,1.4,93.91799999999999,-42.7,4.968,5228.1,no
38,admin.,married,basic.6y,no,no,no,cellular,jul,thu,18,6,999,0,nonexistent,1.4,93.91799999999999,-42.7,4.968,5228.1,no
54,admin.,married,university.degree,unknown,yes,no,cellular,jul,thu,77,5,999,0,nonexistent,1.4,93.91799999999999,-42.7,4.968,5228.1,no
43,admin.,married,professional.course,unknown,yes,no,cellular,jul,thu,747,4,999,0,nonexistent,1.4,93.91799999999999,-42.7,4.968,5228.1,no
24,technician,single,university.degree,no,no,no,cellular,jul,thu,299,3,999,0,nonexistent,1.4,93.91799999999999,-42.7,4.968,5228.1,no
31,services,single,high.school,no,yes,no,telephone,jul,thu,42,5,999,0,nonexistent,1.4,93.91799999999999,-42.7,4.968,5228.1,no
46,services,married,basic.9y,no,yes,no,cellular,jul,thu,40,9,999,0,nonexistent,1.4,93.91799999999999,-42.7,4.968,5228.1,no
45,blue-collar,married,basic.6y,no,no,yes,cellular,jul,thu,92,4,999,0,nonexistent,1.4,93.91799999999999,-42.7,4.968,5228.1,no
30,services,single,high.school,no,yes,no,cellular,jul,thu,92,10,999,0,nonexistent,1.4,93.91799999999999,-42.7,4.968,5228.1,no
59,technician,married,high.school,unknown,no,no,telephone,jul,thu,130,8,999,0,nonexistent,1.4,93.91799999999999,-42.7,4.968,5228.1,no
36,admin.,single,university.degree,no,no,no,cellular,jul,thu,18,40,999,0,nonexistent,1.4,93.91799999999999,-42.7,4.968,5228.1,no
25,admin.,single,basic.9y,no,yes,no,cellular,jul,thu,83,4,999,0,nonexistent,1.4,93.91799999999999,-42.7,4.968,5228.1,no
49,management,married,basic.9y,unknown,no,yes,cellular,jul,thu,8,16,999,0,nonexistent,1.4,93.91799999999999,-42.7,4.968,5228.1,no
28,technician,single,professional.course,no,no,no,cellular,jul,thu,28,5,999,0,nonexistent,1.4,93.91799999999999,-42.7,4.968,5228.1,no
25,admin.,single,basic.9y,no,yes,yes,cellular,jul,thu,14,30,999,0,nonexistent,1.4,93.91799999999999,-42.7,4.968,5228.1,no
25,admin.,single,basic.9y,no,yes,no,cellular,jul,thu,8,27,999,0,nonexistent,1.4,93.91799999999999,-42.7,4.968,5228.1,no
32,technician,married,university.degree,no,yes,no,telephone,jul,thu,443,4,999,0,nonexistent,1.4,93.91799999999999,-42.7,4.968,5228.1,no
38,admin.,married,basic.6y,no,yes,no,telephone,jul,thu,214,3,999,0,nonexistent,1.4,93.91799999999999,-42.7,4.968,5228.1,no
33,technician,married,university.degree,no,yes,no,cellular,jul,thu,258,7,999,0,nonexistent,1.4,93.91799999999999,-42.7,4.968,5228.1,no
54,services,married,basic.6y,no,yes,no,cellular,jul,thu,86,4,999,0,nonexistent,1.4,93.91799999999999,-42.7,4.968,5228.1,no
30,services,single,high.school,no,yes,no,cellular,jul,thu,248,5,999,0,nonexistent,1.4,93.91799999999999,-42.7,4.968,5228.1,no
36,admin.,single,university.degree,no,yes,no,cellular,jul,thu,536,7,999,0,nonexistent,1.4,93.91799999999999,-42.7,4.968,5228.1,no
36,admin.,single,university.degree,no,yes,no,cellular,jul,thu,148,6,999,0,nonexistent,1.4,93.91799999999999,-42.7,4.968,5228.1,no
36,admin.,married,high.school,no,no,yes,cellular,jul,thu,18,12,999,0,nonexistent,1.4,93.91799999999999,-42.7,4.968,5228.1,no
36,admin.,single,university.degree,no,no,no,cellular,jul,thu,78,16,999,0,nonexistent,1.4,93.91799999999999,-42.7,4.968,5228.1,no
32,technician,married,university.degree,no,yes,yes,telephone,jul,thu,50,6,999,0,nonexistent,1.4,93.91799999999999,-42.7,4.968,5228.1,no
31,services,single,high.school,no,no,no,cellular,jul,thu,61,4,999,0,nonexistent,1.4,93.91799999999999,-42.7,4.968,5228.1,no
48,technician,married,professional.course,unknown,yes,no,cellular,jul,thu,5,2,999,0,nonexistent,1.4,93.91799999999999,-42.7,4.968,5228.1,no
27,admin.,single,high.school,no,yes,no,cellular,jul,thu,5,3,999,0,nonexistent,1.4,93.91799999999999,-42.7,4.968,5228.1,no
42,admin.,married,university.degree,no,no,no,cellular,jul,thu,1142,5,999,0,nonexistent,1.4,93.91799999999999,-42.7,4.968,5228.1,yes
29,self-employed,single,university.degree,no,yes,yes,cellular,jul,thu,22,8,999,0,nonexistent,1.4,93.91799999999999,-42.7,4.968,5228.1,no
36,services,married,high.school,no,yes,yes,telephone,jul,thu,576,17,999,0,nonexistent,1.4,93.91799999999999,-42.7,4.968,5228.1,no
25,blue-collar,married,basic.9y,unknown,yes,no,cellular,jul,thu,28,12,999,0,nonexistent,1.4,93.91799999999999,-42.7,4.968,5228.1,no
28,blue-collar,married,basic.4y,unknown,yes,no,cellular,jul,thu,6,8,999,0,nonexistent,1.4,93.91799999999999,-42.7,4.968,5228.1,no
39,blue-collar,single,basic.4y,unknown,yes,no,cellular,jul,thu,6,12,999,0,nonexistent,1.4,93.91799999999999,-42.7,4.968,5228.1,no
34,technician,divorced,unknown,no,yes,no,cellular,jul,thu,420,6,999,0,nonexistent,1.4,93.91799999999999,-42.7,4.968,5228.1,no
33,technician,married,university.degree,no,yes,no,cellular,jul,thu,76,4,999,0,nonexistent,1.4,93.91799999999999,-42.7,4.968,5228.1,no
34,blue-collar,married,unknown,no,yes,no,telephone,jul,thu,15,25,999,0,nonexistent,1.4,93.91799999999999,-42.7,4.968,5228.1,no
36,services,married,high.school,no,yes,yes,cellular,jul,thu,1721,4,999,0,nonexistent,1.4,93.91799999999999,-42.7,4.968,5228.1,yes
38,admin.,married,basic.6y,no,yes,no,telephone,jul,thu,39,3,999,0,nonexistent,1.4,93.91799999999999,-42.7,4.968,5228.1,no
25,student,single,high.school,no,no,no,cellular,jul,thu,85,3,999,0,nonexistent,1.4,93.91799999999999,-42.7,4.968,5228.1,no
55,retired,married,high.school,no,yes,no,cellular,jul,thu,32,24,999,0,nonexistent,1.4,93.91799999999999,-42.7,4.968,5228.1,no
58,blue-collar,married,basic.6y,unknown,yes,yes,telephone,jul,thu,31,3,999,0,nonexistent,1.4,93.91799999999999,-42.7,4.968,5228.1,no
45,technician,married,basic.9y,unknown,no,no,cellular,jul,thu,31,22,999,0,nonexistent,1.4,93.91799999999999,-42.7,4.968,5228.1,no
31,services,single,high.school,no,yes,no,cellular,jul,thu,45,3,999,0,nonexistent,1.4,93.91799999999999,-42.7,4.968,5228.1,no
47,services,married,unknown,no,yes,no,cellular,jul,thu,43,3,999,0,nonexistent,1.4,93.91799999999999,-42.7,4.968,5228.1,no
39,technician,married,professional.course,no,no,no,cellular,jul,thu,84,6,999,0,nonexistent,1.4,93.91799999999999,-42.7,4.968,5228.1,no
38,admin.,married,basic.6y,no,yes,no,cellular,jul,thu,17,3,999,0,nonexistent,1.4,93.91799999999999,-42.7,4.968,5228.1,no
31,services,single,high.school,no,yes,no,cellular,jul,thu,34,5,999,0,nonexistent,1.4,93.91799999999999,-42.7,4.968,5228.1,no
31,services,single,high.school,no,yes,no,cellular,jul,thu,48,3,999,0,nonexistent,1.4,93.91799999999999,-42.7,4.968,5228.1,no
37,admin.,married,high.school,no,yes,no,telephone,jul,thu,29,14,999,0,nonexistent,1.4,93.91799999999999,-42.7,4.968,5228.1,no
51,retired,married,university.degree,unknown,no,no,cellular,jul,thu,110,3,999,0,nonexistent,1.4,93.91799999999999,-42.7,4.968,5228.1,no
34,technician,divorced,unknown,no,no,no,telephone,jul,thu,41,5,999,0,nonexistent,1.4,93.91799999999999,-42.7,4.968,5228.1,no
48,blue-collar,married,professional.course,no,yes,no,cellular,jul,thu,12,5,999,0,nonexistent,1.4,93.91799999999999,-42.7,4.968,5228.1,no
33,admin.,single,professional.course,no,yes,no,cellular,jul,thu,143,4,999,0,nonexistent,1.4,93.91799999999999,-42.7,4.968,5228.1,no
46,services,married,basic.9y,no,no,no,cellular,jul,thu,153,4,999,0,nonexistent,1.4,93.91799999999999,-42.7,4.968,5228.1,no
36,admin.,single,university.degree,no,no,yes,cellular,jul,thu,35,11,999,0,nonexistent,1.4,93.91799999999999,-42.7,4.968,5228.1,no
50,self-employed,married,professional.course,no,no,no,cellular,jul,thu,73,7,999,0,nonexistent,1.4,93.91799999999999,-42.7,4.968,5228.1,no
27,admin.,single,high.school,no,no,no,telephone,jul,thu,135,3,999,0,nonexistent,1.4,93.91799999999999,-42.7,4.968,5228.1,no
54,technician,married,basic.9y,no,no,yes,cellular,jul,thu,50,9,999,0,nonexistent,1.4,93.91799999999999,-42.7,4.968,5228.1,no
59,housemaid,married,basic.4y,no,no,yes,cellular,jul,thu,7,21,999,0,nonexistent,1.4,93.91799999999999,-42.7,4.968,5228.1,no
28,blue-collar,married,basic.4y,unknown,no,yes,cellular,jul,thu,29,8,999,0,nonexistent,1.4,93.91799999999999,-42.7,4.968,5228.1,no
45,management,divorced,high.school,no,no,yes,cellular,aug,mon,78,1,999,0,nonexistent,1.4,93.444,-36.1,4.97,5228.1,no
34,technician,single,university.degree,no,yes,no,cellular,aug,mon,156,1,999,0,nonexistent,1.4,93.444,-36.1,4.97,5228.1,no
41,technician,married,university.degree,no,unknown,unknown,cellular,aug,mon,531,1,999,0,nonexistent,1.4,93.444,-36.1,4.97,5228.1,no
38,blue-collar,single,high.school,no,yes,no,cellular,aug,mon,104,1,999,0,nonexistent,1.4,93.444,-36.1,4.97,5228.1,no
43,admin.,married,university.degree,no,no,no,cellular,aug,mon,116,1,999,0,nonexistent,1.4,93.444,-36.1,4.97,5228.1,no
45,management,divorced,high.school,no,yes,no,cellular,aug,mon,272,1,999,0,nonexistent,1.4,93.444,-36.1,4.97,5228.1,no
44,admin.,single,university.degree,no,no,no,cellular,aug,mon,208,1,999,0,nonexistent,1.4,93.444,-36.1,4.97,5228.1,no
50,self-employed,married,basic.4y,unknown,no,no,cellular,aug,mon,222,1,999,0,nonexistent,1.4,93.444,-36.1,4.97,5228.1,no
50,self-employed,married,basic.4y,unknown,yes,no,cellular,aug,mon,311,1,999,0,nonexistent,1.4,93.444,-36.1,4.97,5228.1,no
31,admin.,single,university.degree,no,yes,no,cellular,aug,mon,163,1,999,0,nonexistent,1.4,93.444,-36.1,4.97,5228.1,no
41,technician,married,university.degree,no,yes,no,cellular,aug,mon,89,1,999,0,nonexistent,1.4,93.444,-36.1,4.97,5228.1,no
41,technician,married,university.degree,no,yes,no,cellular,aug,mon,53,1,999,0,nonexistent,1.4,93.444,-36.1,4.97,5228.1,no
41,technician,married,university.degree,no,yes,no,cellular,aug,mon,71,1,999,0,nonexistent,1.4,93.444,-36.1,4.97,5228.1,no
57,unknown,married,unknown,unknown,yes,no,cellular,aug,mon,81,1,999,0,nonexistent,1.4,93.444,-36.1,4.97,5228.1,no
46,admin.,married,university.degree,no,yes,no,cellular,aug,mon,96,1,999,0,nonexistent,1.4,93.444,-36.1,4.97,5228.1,no
58,blue-collar,married,basic.9y,no,yes,no,cellular,aug,mon,436,1,999,0,nonexistent,1.4,93.444,-36.1,4.97,5228.1,no
33,admin.,single,university.degree,no,no,no,cellular,aug,mon,157,1,999,0,nonexistent,1.4,93.444,-36.1,4.97,5228.1,no
58,blue-collar,married,basic.9y,no,no,no,cellular,aug,mon,498,1,999,0,nonexistent,1.4,93.444,-36.1,4.97,5228.1,no
36,admin.,married,university.degree,no,no,no,cellular,aug,mon,147,1,999,0,nonexistent,1.4,93.444,-36.1,4.97,5228.1,no
58,blue-collar,married,basic.9y,no,yes,no,cellular,aug,mon,846,1,999,0,nonexistent,1.4,93.444,-36.1,4.97,5228.1,yes
48,blue-collar,married,university.degree,no,no,no,cellular,aug,mon,164,1,999,0,nonexistent,1.4,93.444,-36.1,4.97,5228.1,no
49,services,married,high.school,no,no,no,cellular,aug,mon,117,1,999,0,nonexistent,1.4,93.444,-36.1,4.97,5228.1,no
48,blue-collar,married,basic.9y,no,no,yes,cellular,aug,mon,221,1,999,0,nonexistent,1.4,93.444,-36.1,4.97,5228.1,no
53,management,married,university.degree,no,yes,no,cellular,aug,mon,629,1,999,0,nonexistent,1.4,93.444,-36.1,4.97,5228.1,no
56,admin.,married,basic.6y,no,yes,no,cellular,aug,mon,240,1,999,0,nonexistent,1.4,93.444,-36.1,4.97,5228.1,no
53,services,married,basic.9y,unknown,no,no,cellular,aug,mon,79,1,999,0,nonexistent,1.4,93.444,-36.1,4.97,5228.1,no
53,blue-collar,married,basic.4y,unknown,yes,no,cellular,aug,mon,144,1,999,0,nonexistent,1.4,93.444,-36.1,4.97,5228.1,no
37,student,married,professional.course,no,no,no,cellular,aug,mon,70,1,999,0,nonexistent,1.4,93.444,-36.1,4.97,5228.1,no
56,blue-collar,married,basic.9y,no,unknown,unknown,cellular,aug,mon,68,1,999,0,nonexistent,1.4,93.444,-36.1,4.97,5228.1,no
47,services,married,high.school,no,no,no,cellular,aug,mon,157,1,999,0,nonexistent,1.4,93.444,-36.1,4.97,5228.1,no
51,technician,married,professional.course,no,no,no,cellular,aug,mon,72,1,999,0,nonexistent,1.4,93.444,-36.1,4.97,5228.1,no
55,blue-collar,married,basic.4y,no,yes,no,telephone,aug,mon,94,1,999,0,nonexistent,1.4,93.444,-36.1,4.97,5228.1,no
55,blue-collar,married,basic.4y,no,yes,no,cellular,aug,mon,149,1,999,0,nonexistent,1.4,93.444,-36.1,4.97,5228.1,no
42,technician,divorced,professional.course,no,yes,no,cellular,aug,mon,151,1,999,0,nonexistent,1.4,93.444,-36.1,4.97,5228.1,no
58,retired,married,professional.course,no,yes,no,cellular,aug,mon,302,2,999,0,nonexistent,1.4,93.444,-36.1,4.97,5228.1,no
56,retired,married,university.degree,no,yes,no,cellular,aug,mon,270,1,999,0,nonexistent,1.4,93.444,-36.1,4.97,5228.1,no
46,technician,married,university.degree,unknown,no,no,cellular,aug,mon,139,1,999,0,nonexistent,1.4,93.444,-36.1,4.97,5228.1,no
49,technician,married,professional.course,unknown,yes,yes,cellular,aug,mon,148,1,999,0,nonexistent,1.4,93.444,-36.1,4.97,5228.1,no
33,admin.,divorced,university.degree,no,yes,no,cellular,aug,mon,73,1,999,0,nonexistent,1.4,93.444,-36.1,4.97,5228.1,no
46,housemaid,married,high.school,no,yes,no,cellular,aug,mon,121,1,999,0,nonexistent,1.4,93.444,-36.1,4.97,5228.1,no
46,housemaid,married,high.school,no,yes,no,telephone,aug,mon,130,1,999,0,nonexistent,1.4,93.444,-36.1,4.97,5228.1,no
60,retired,married,university.degree,unknown,yes,no,cellular,aug,mon,174,1,999,0,nonexistent,1.4,93.444,-36.1,4.97,5228.1,no
35,technician,divorced,university.degree,no,yes,yes,cellular,aug,mon,142,2,999,0,nonexistent,1.4,93.444,-36.1,4.97,5228.1,no
47,entrepreneur,married,university.degree,no,yes,yes,cellular,aug,mon,216,1,999,0,nonexistent,1.4,93.444,-36.1,4.97,5228.1,no
33,admin.,divorced,university.degree,no,no,yes,cellular,aug,mon,119,2,999,0,nonexistent,1.4,93.444,-36.1,4.97,5228.1,no
35,management,married,university.degree,unknown,yes,no,cellular,aug,mon,372,1,999,0,nonexistent,1.4,93.444,-36.1,4.97,5228.1,no
38,technician,married,professional.course,no,no,no,cellular,aug,mon,606,3,999,0,nonexistent,1.4,93.444,-36.1,4.97,5228.1,no
32,admin.,single,university.degree,no,no,no,cellular,aug,mon,200,1,999,0,nonexistent,1.4,93.444,-36.1,4.97,5228.1,no
49,technician,married,professional.course,no,no,no,cellular,aug,mon,96,1,999,0,nonexistent,1.4,93.444,-36.1,4.97,5228.1,no
31,admin.,married,university.degree,no,yes,no,cellular,aug,mon,244,1,999,0,nonexistent,1.4,93.444,-36.1,4.97,5228.1,no
30,technician,single,high.school,no,no,no,cellular,aug,mon,134,1,999,0,nonexistent,1.4,93.444,-36.1,4.97,5228.1,no
31,technician,married,professional.course,unknown,no,no,cellular,aug,mon,107,2,999,0,nonexistent,1.4,93.444,-36.1,4.97,5228.1,no
39,technician,single,professional.course,unknown,no,no,cellular,aug,mon,198,1,999,0,nonexistent,1.4,93.444,-36.1,4.97,5228.1,no
48,unknown,married,basic.9y,no,no,no,cellular,aug,mon,307,1,999,0,nonexistent,1.4,93.444,-36.1,4.97,5228.1,no
44,services,married,professional.course,no,no,yes,cellular,aug,mon,93,1,999,0,nonexistent,1.4,93.444,-36.1,4.97,5228.1,no
44,services,married,professional.course,no,no,no,cellular,aug,mon,90,1,999,0,nonexistent,1.4,93.444,-36.1,4.97,5228.1,no
34,technician,single,professional.course,no,yes,yes,telephone,aug,mon,64,1,999,0,nonexistent,1.4,93.444,-36.1,4.97,5228.1,no
34,technician,single,professional.course,no,yes,no,cellular,aug,mon,138,1,999,0,nonexistent,1.4,93.444,-36.1,4.97,5228.1,no
60,retired,married,basic.6y,no,no,no,cellular,aug,mon,79,1,999,0,nonexistent,1.4,93.444,-36.1,4.97,5228.1,no
36,admin.,married,professional.course,no,no,no,cellular,aug,mon,58,1,999,0,nonexistent,1.4,93.444,-36.1,4.97,5228.1,no
41,unknown,married,unknown,no,yes,no,cellular,aug,mon,230,1,999,0,nonexistent,1.4,93.444,-36.1,4.97,5228.1,no
33,technician,divorced,professional.course,no,no,yes,cellular,aug,mon,68,1,999,0,nonexistent,1.4,93.444,-36.1,4.97,5228.1,no
57,retired,married,basic.4y,no,yes,no,telephone,aug,mon,96,1,999,0,nonexistent,1.4,93.444,-36.1,4.97,5228.1,no
33,technician,divorced,professional.course,no,yes,no,cellular,aug,mon,413,1,999,0,nonexistent,1.4,93.444,-36.1,4.97,5228.1,no
45,blue-collar,married,basic.6y,unknown,no,no,cellular,aug,mon,160,1,999,0,nonexistent,1.4,93.444,-36.1,4.97,5228.1,no
49,blue-collar,married,basic.4y,unknown,yes,no,cellular,aug,mon,315,1,999,0,nonexistent,1.4,93.444,-36.1,4.97,5228.1,no
57,retired,married,basic.4y,no,no,no,cellular,aug,mon,177,1,999,0,nonexistent,1.4,93.444,-36.1,4.97,5228.1,no
46,blue-collar,married,basic.9y,no,no,no,cellular,aug,mon,488,2,999,0,nonexistent,1.4,93.444,-36.1,4.97,5228.1,no
46,technician,single,professional.course,unknown,no,no,cellular,aug,mon,824,2,999,0,nonexistent,1.4,93.444,-36.1,4.97,5228.1,no
57,admin.,married,high.school,unknown,yes,no,cellular,aug,mon,166,2,999,0,nonexistent,1.4,93.444,-36.1,4.97,5228.1,no
35,technician,single,professional.course,no,no,yes,cellular,aug,mon,50,1,999,0,nonexistent,1.4,93.444,-36.1,4.97,5228.1,no
34,admin.,single,university.degree,no,yes,no,cellular,aug,mon,432,1,999,0,nonexistent,1.4,93.444,-36.1,4.97,5228.1,no
45,technician,married,university.degree,unknown,yes,no,cellular,aug,mon,372,1,999,0,nonexistent,1.4,93.444,-36.1,4.97,5228.1,no
33,student,divorced,professional.course,no,no,no,cellular,aug,mon,1110,1,999,0,nonexistent,1.4,93.444,-36.1,4.97,5228.1,yes
35,technician,single,professional.course,no,no,no,cellular,aug,mon,148,1,999,0,nonexistent,1.4,93.444,-36.1,4.97,5228.1,no
41,unknown,married,unknown,no,yes,no,cellular,aug,mon,166,2,999,0,nonexistent,1.4,93.444,-36.1,4.97,5228.1,no
52,blue-collar,married,basic.9y,no,yes,no,cellular,aug,mon,551,1,999,0,nonexistent,1.4,93.444,-36.1,4.97,5228.1,no
46,blue-collar,married,basic.9y,no,no,no,cellular,aug,mon,122,1,999,0,nonexistent,1.4,93.444,-36.1,4.97,5228.1,no
37,technician,single,professional.course,no,yes,no,cellular,aug,mon,44,1,999,0,nonexistent,1.4,93.444,-36.1,4.97,5228.1,no
41,technician,married,professional.course,no,no,no,cellular,aug,mon,157,3,999,0,nonexistent,1.4,93.444,-36.1,4.97,5228.1,no
41,unknown,married,unknown,no,yes,yes,cellular,aug,mon,653,2,999,0,nonexistent,1.4,93.444,-36.1,4.97,5228.1,no
37,management,married,university.degree,unknown,no,no,cellular,aug,mon,149,1,999,0,nonexistent,1.4,93.444,-36.1,4.97,5228.1,no
37,management,married,university.degree,unknown,no,no,cellular,aug,mon,161,1,999,0,nonexistent,1.4,93.444,-36.1,4.97,5228.1,no
41,technician,married,university.degree,no,yes,yes,cellular,aug,mon,58,2,999,0,nonexistent,1.4,93.444,-36.1,4.97,5228.1,no
54,technician,divorced,high.school,no,no,no,cellular,aug,mon,86,4,999,0,nonexistent,1.4,93.444,-36.1,4.97,5228.1,no
57,admin.,married,high.school,no,yes,no,cellular,aug,mon,91,1,999,0,nonexistent,1.4,93.444,-36.1,4.97,5228.1,no
39,technician,single,university.degree,no,yes,no,cellular,aug,mon,112,1,999,0,nonexistent,1.4,93.444,-36.1,4.97,5228.1,no
29,technician,single,professional.course,no,no,no,cellular,aug,mon,165,2,999,0,nonexistent,1.4,93.444,-36.1,4.97,5228.1,no
39,housemaid,married,basic.4y,no,no,yes,cellular,aug,mon,357,2,999,0,nonexistent,1.4,93.444,-36.1,4.97,5228.1,no
36,technician,divorced,professional.course,no,yes,no,cellular,aug,mon,282,1,999,0,nonexistent,1.4,93.444,-36.1,4.97,5228.1,no
49,admin.,married,high.school,no,no,no,cellular,aug,mon,144,3,999,0,nonexistent,1.4,93.444,-36.1,4.97,5228.1,no
44,services,married,professional.course,no,no,no,cellular,aug,mon,341,2,999,0,nonexistent,1.4,93.444,-36.1,4.97,5228.1,no
53,blue-collar,married,unknown,no,no,no,cellular,aug,mon,115,1,999,0,nonexistent,1.4,93.444,-36.1,4.97,5228.1,no
56,admin.,married,university.degree,no,yes,no,cellular,aug,mon,178,2,999,0,nonexistent,1.4,93.444,-36.1,4.97,5228.1,no
34,admin.,single,university.degree,no,yes,no,cellular,aug,mon,298,1,999,0,nonexistent,1.4,93.444,-36.1,4.97,5228.1,no
39,admin.,married,university.degree,no,no,no,cellular,aug,mon,154,2,999,0,nonexistent,1.4,93.444,-36.1,4.97,5228.1,no
35,management,single,university.degree,no,yes,no,cellular,aug,mon,151,2,999,0,nonexistent,1.4,93.444,-36.1,4.97,5228.1,no
54,blue-collar,married,unknown,no,no,no,cellular,aug,mon,143,1,999,0,nonexistent,1.4,93.444,-36.1,4.97,5228.1,no
44,blue-collar,married,basic.9y,no,no,no,cellular,aug,mon,135,3,999,0,nonexistent,1.4,93.444,-36.1,4.97,5228.1,no
41,technician,divorced,professional.course,no,yes,no,cellular,aug,mon,182,3,999,0,nonexistent,1.4,93.444,-36.1,4.97,5228.1,no
50,blue-collar,married,basic.9y,unknown,yes,no,cellular,aug,mon,36,1,999,0,nonexistent,1.4,93.444,-36.1,4.97,5228.1,no
58,housemaid,married,basic.4y,unknown,yes,no,cellular,aug,mon,328,2,999,0,nonexistent,1.4,93.444,-36.1,4.97,5228.1,no
44,blue-collar,married,basic.9y,no,yes,no,cellular,aug,mon,378,2,999,0,nonexistent,1.4,93.444,-36.1,4.97,5228.1,no
58,retired,married,professional.course,unknown,no,no,cellular,aug,mon,244,2,999,0,nonexistent,1.4,93.444,-36.1,4.97,5228.1,no
30,unknown,married,university.degree,no,yes,no,cellular,aug,mon,171,1,999,0,nonexistent,1.4,93.444,-36.1,4.97,5228.1,no
30,unknown,married,university.degree,no,yes,no,cellular,aug,mon,190,1,999,0,nonexistent,1.4,93.444,-36.1,4.97,5228.1,no
33,technician,divorced,professional.course,no,yes,no,cellular,aug,mon,170,2,999,0,nonexistent,1.4,93.444,-36.1,4.97,5228.1,no
45,technician,divorced,high.school,no,yes,yes,cellular,aug,mon,482,3,999,0,nonexistent,1.4,93.444,-36.1,4.97,5228.1,no
32,technician,married,university.degree,no,yes,no,cellular,aug,mon,130,1,999,0,nonexistent,1.4,93.444,-36.1,4.97,5228.1,no
32,technician,married,university.degree,no,yes,no,cellular,aug,mon,151,1,999,0,nonexistent,1.4,93.444,-36.1,4.97,5228.1,no
58,blue-collar,married,basic.9y,no,yes,no,cellular,aug,mon,190,3,999,0,nonexistent,1.4,93.444,-36.1,4.97,5228.1,no
47,services,married,high.school,no,yes,no,cellular,aug,mon,140,2,999,0,nonexistent,1.4,93.444,-36.1,4.97,5228.1,no
45,technician,married,high.school,no,yes,no,cellular,aug,mon,84,1,999,0,nonexistent,1.4,93.444,-36.1,4.97,5228.1,no
54,technician,married,professional.course,unknown,no,yes,cellular,aug,mon,281,3,999,0,nonexistent,1.4,93.444,-36.1,4.97,5228.1,no
50,admin.,married,high.school,no,no,no,cellular,aug,mon,67,6,999,0,nonexistent,1.4,93.444,-36.1,4.97,5228.1,no
60,retired,married,university.degree,unknown,yes,no,cellular,aug,mon,368,2,999,0,nonexistent,1.4,93.444,-36.1,4.97,5228.1,no
60,retired,married,university.degree,unknown,yes,yes,cellular,aug,mon,146,3,999,0,nonexistent,1.4,93.444,-36.1,4.97,5228.1,no
40,technician,married,professional.course,unknown,yes,no,cellular,aug,mon,198,3,999,0,nonexistent,1.4,93.444,-36.1,4.97,5228.1,no
35,admin.,married,university.degree,no,no,no,cellular,aug,mon,337,4,999,0,nonexistent,1.4,93.444,-36.1,4.97,5228.1,no
34,admin.,single,university.degree,no,no,yes,cellular,aug,mon,230,3,999,0,nonexistent,1.4,93.444,-36.1,4.97,5228.1,no
33,technician,divorced,professional.course,no,no,no,cellular,aug,mon,686,2,999,0,nonexistent,1.4,93.444,-36.1,4.97,5228.1,no
54,technician,married,professional.course,unknown,yes,no,cellular,aug,mon,365,2,999,0,nonexistent,1.4,93.444,-36.1,4.97,5228.1,no
48,blue-collar,married,basic.9y,no,yes,no,cellular,aug,mon,597,2,999,0,nonexistent,1.4,93.444,-36.1,4.97,5228.1,no
48,housemaid,married,basic.4y,unknown,yes,no,cellular,aug,mon,441,2,999,0,nonexistent,1.4,93.444,-36.1,4.97,5228.1,no
30,admin.,single,university.degree,no,yes,no,cellular,aug,mon,857,2,999,0,nonexistent,1.4,93.444,-36.1,4.97,5228.1,no
30,admin.,married,university.degree,no,no,yes,cellular,aug,mon,753,2,999,0,nonexistent,1.4,93.444,-36.1,4.97,5228.1,no
41,technician,married,university.degree,no,yes,no,cellular,aug,mon,101,2,999,0,nonexistent,1.4,93.444,-36.1,4.97,5228.1,no
44,services,married,professional.course,no,no,no,cellular,aug,mon,186,2,999,0,nonexistent,1.4,93.444,-36.1,4.97,5228.1,no
58,retired,married,professional.course,unknown,yes,no,cellular,aug,mon,410,4,999,0,nonexistent,1.4,93.444,-36.1,4.97,5228.1,no
48,housemaid,married,basic.4y,unknown,yes,no,cellular,aug,mon,251,3,999,0,nonexistent,1.4,93.444,-36.1,4.97,5228.1,no
59,retired,married,basic.4y,no,no,no,cellular,aug,mon,357,3,999,0,nonexistent,1.4,93.444,-36.1,4.97,5228.1,no
54,technician,married,university.degree,no,yes,no,telephone,aug,mon,652,2,999,0,nonexistent,1.4,93.444,-36.1,4.97,5228.1,yes
34,admin.,single,university.degree,no,no,no,cellular,aug,mon,177,2,999,0,nonexistent,1.4,93.444,-36.1,4.97,5228.1,no
30,unknown,married,university.degree,no,yes,no,cellular,aug,mon,183,2,999,0,nonexistent,1.4,93.444,-36.1,4.97,5228.1,no
52,management,married,university.degree,no,no,no,cellular,aug,mon,1488,2,999,0,nonexistent,1.4,93.444,-36.1,4.97,5228.1,yes
40,entrepreneur,married,university.degree,no,yes,no,cellular,aug,mon,145,2,999,0,nonexistent,1.4,93.444,-36.1,4.97,5228.1,no
45,services,married,high.school,unknown,yes,no,cellular,aug,mon,413,2,999,0,nonexistent,1.4,93.444,-36.1,4.97,5228.1,no
50,technician,divorced,university.degree,unknown,no,no,cellular,aug,mon,114,2,999,0,nonexistent,1.4,93.444,-36.1,4.97,5228.1,no
47,technician,married,professional.course,no,no,no,cellular,aug,mon,428,2,999,0,nonexistent,1.4,93.444,-36.1,4.97,5228.1,no
32,technician,married,professional.course,no,yes,no,cellular,aug,tue,133,2,999,0,nonexistent,1.4,93.444,-36.1,4.968,5228.1,no
30,technician,married,university.degree,no,yes,no,cellular,aug,tue,142,2,999,0,nonexistent,1.4,93.444,-36.1,4.968,5228.1,no
38,blue-collar,single,high.school,no,no,no,cellular,aug,tue,250,2,999,0,nonexistent,1.4,93.444,-36.1,4.968,5228.1,no
50,admin.,married,basic.9y,no,no,no,cellular,aug,tue,125,3,999,0,nonexistent,1.4,93.444,-36.1,4.968,5228.1,no
30,technician,single,high.school,no,yes,no,cellular,aug,tue,276,2,999,0,nonexistent,1.4,93.444,-36.1,4.968,5228.1,no
56,retired,married,university.degree,no,yes,no,cellular,aug,tue,377,3,999,0,nonexistent,1.4,93.444,-36.1,4.968,5228.1,no
47,entrepreneur,married,university.degree,no,no,no,cellular,aug,tue,487,3,999,0,nonexistent,1.4,93.444,-36.1,4.968,5228.1,yes
52,technician,divorced,professional.course,no,yes,no,cellular,aug,tue,126,4,999,0,nonexistent,1.4,93.444,-36.1,4.968,5228.1,no
50,admin.,married,high.school,no,no,yes,cellular,aug,tue,519,3,999,0,nonexistent,1.4,93.444,-36.1,4.968,5228.1,no
53,blue-collar,married,basic.4y,no,no,no,cellular,aug,tue,76,1,999,0,nonexistent,1.4,93.444,-36.1,4.968,5228.1,no
43,admin.,single,university.degree,no,yes,no,cellular,aug,tue,837,2,999,0,nonexistent,1.4,93.444,-36.1,4.968,5228.1,yes
57,retired,married,basic.6y,no,no,no,cellular,aug,tue,222,1,999,0,nonexistent,1.4,93.444,-36.1,4.968,5228.1,no
35,unknown,married,basic.9y,no,no,no,cellular,aug,tue,117,1,999,0,nonexistent,1.4,93.444,-36.1,4.968,5228.1,no
58,admin.,married,high.school,no,yes,yes,cellular,aug,tue,314,1,999,0,nonexistent,1.4,93.444,-36.1,4.968,5228.1,no
58,admin.,married,high.school,no,yes,no,cellular,aug,tue,553,1,999,0,nonexistent,1.4,93.444,-36.1,4.968,5228.1,yes
52,admin.,married,unknown,no,yes,no,cellular,aug,tue,976,1,999,0,nonexistent,1.4,93.444,-36.1,4.968,5228.1,yes
38,technician,single,professional.course,no,yes,no,cellular,aug,tue,114,1,999,0,nonexistent,1.4,93.444,-36.1,4.968,5228.1,no
52,technician,divorced,university.degree,no,no,no,cellular,aug,tue,122,1,999,0,nonexistent,1.4,93.444,-36.1,4.968,5228.1,no
52,technician,divorced,university.degree,no,no,yes,cellular,aug,tue,86,1,999,0,nonexistent,1.4,93.444,-36.1,4.968,5228.1,no
52,admin.,married,unknown,no,no,no,cellular,aug,tue,91,1,999,0,nonexistent,1.4,93.444,-36.1,4.968,5228.1,no
35,admin.,married,university.degree,no,yes,no,cellular,aug,tue,36,1,999,0,nonexistent,1.4,93.444,-36.1,4.968,5228.1,no
52,admin.,married,unknown,no,no,no,cellular,aug,tue,422,1,999,0,nonexistent,1.4,93.444,-36.1,4.968,5228.1,no
52,technician,divorced,university.degree,no,no,yes,cellular,aug,tue,794,1,999,0,nonexistent,1.4,93.444,-36.1,4.968,5228.1,yes
47,admin.,married,high.school,no,yes,no,cellular,aug,tue,145,1,999,0,nonexistent,1.4,93.444,-36.1,4.968,5228.1,no
48,technician,divorced,professional.course,no,no,no,cellular,aug,tue,139,1,999,0,nonexistent,1.4,93.444,-36.1,4.968,5228.1,no
53,blue-collar,married,basic.9y,no,yes,no,cellular,aug,tue,241,1,999,0,nonexistent,1.4,93.444,-36.1,4.968,5228.1,no
47,services,married,high.school,no,yes,no,cellular,aug,tue,836,1,999,0,nonexistent,1.4,93.444,-36.1,4.968,5228.1,yes
41,technician,married,professional.course,no,no,no,cellular,aug,tue,269,1,999,0,nonexistent,1.4,93.444,-36.1,4.968,5228.1,no
45,housemaid,married,basic.4y,unknown,no,no,cellular,aug,tue,137,1,999,0,nonexistent,1.4,93.444,-36.1,4.968,5228.1,no
45,housemaid,married,basic.4y,unknown,no,no,cellular,aug,tue,148,1,999,0,nonexistent,1.4,93.444,-36.1,4.968,5228.1,no
35,admin.,single,university.degree,no,yes,no,cellular,aug,tue,448,1,999,0,nonexistent,1.4,93.444,-36.1,4.968,5228.1,no
48,blue-collar,married,basic.9y,no,yes,no,cellular,aug,tue,335,3,999,0,nonexistent,1.4,93.444,-36.1,4.968,5228.1,no
29,admin.,single,university.degree,no,no,no,cellular,aug,tue,140,1,999,0,nonexistent,1.4,93.444,-36.1,4.968,5228.1,no
58,blue-collar,married,basic.9y,no,no,no,cellular,aug,tue,171,2,999,0,nonexistent,1.4,93.444,-36.1,4.968,5228.1,no
37,admin.,married,university.degree,no,yes,no,cellular,aug,tue,356,1,999,0,nonexistent,1.4,93.444,-36.1,4.968,5228.1,no
51,admin.,married,university.degree,unknown,yes,no,cellular,aug,tue,545,1,999,0,nonexistent,1.4,93.444,-36.1,4.968,5228.1,no
48,management,married,high.school,unknown,no,no,cellular,aug,tue,135,1,999,0,nonexistent,1.4,93.444,-36.1,4.968,5228.1,no
39,technician,divorced,professional.course,no,yes,no,cellular,aug,tue,1134,1,999,0,nonexistent,1.4,93.444,-36.1,4.968,5228.1,yes
42,technician,married,high.school,no,yes,no,cellular,aug,tue,188,1,999,0,nonexistent,1.4,93.444,-36.1,4.968,5228.1,no
44,technician,single,professional.course,no,yes,no,cellular,aug,tue,164,3,999,0,nonexistent,1.4,93.444,-36.1,4.968,5228.1,no
42,technician,married,professional.course,no,yes,no,cellular,aug,tue,607,3,999,0,nonexistent,1.4,93.444,-36.1,4.968,5228.1,yes
39,admin.,married,university.degree,no,yes,yes,cellular,aug,tue,328,1,999,0,nonexistent,1.4,93.444,-36.1,4.968,5228.1,no
37,admin.,married,university.degree,no,yes,no,cellular,aug,tue,131,1,999,0,nonexistent,1.4,93.444,-36.1,4.968,5228.1,no
47,management,married,university.degree,no,no,no,cellular,aug,tue,175,1,999,0,nonexistent,1.4,93.444,-36.1,4.968,5228.1,no
41,technician,married,university.degree,no,yes,yes,cellular,aug,tue,124,1,999,0,nonexistent,1.4,93.444,-36.1,4.968,5228.1,no
34,admin.,married,university.degree,unknown,yes,no,cellular,aug,tue,148,1,999,0,nonexistent,1.4,93.444,-36.1,4.968,5228.1,no
34,admin.,married,university.degree,unknown,no,no,cellular,aug,tue,146,1,999,0,nonexistent,1.4,93.444,-36.1,4.968,5228.1,no
34,admin.,married,university.degree,unknown,yes,no,cellular,aug,tue,97,1,999,0,nonexistent,1.4,93.444,-36.1,4.968,5228.1,no
51,technician,divorced,high.school,unknown,no,no,cellular,aug,tue,162,3,999,0,nonexistent,1.4,93.444,-36.1,4.968,5228.1,no
41,technician,single,professional.course,no,yes,no,cellular,aug,tue,54,1,999,0,nonexistent,1.4,93.444,-36.1,4.968,5228.1,no
41,technician,single,professional.course,no,no,no,cellular,aug,tue,109,1,999,0,nonexistent,1.4,93.444,-36.1,4.968,5228.1,no
40,technician,married,professional.course,no,yes,no,cellular,aug,tue,114,1,999,0,nonexistent,1.4,93.444,-36.1,4.968,5228.1,no
43,management,married,university.degree,unknown,yes,no,cellular,aug,tue,268,2,999,0,nonexistent,1.4,93.444,-36.1,4.968,5228.1,no
40,technician,married,professional.course,no,no,no,cellular,aug,tue,348,1,999,0,nonexistent,1.4,93.444,-36.1,4.968,5228.1,no
53,blue-collar,married,basic.4y,unknown,yes,no,telephone,aug,tue,1186,4,999,0,nonexistent,1.4,93.444,-36.1,4.968,5228.1,yes
58,services,married,unknown,unknown,yes,no,cellular,aug,tue,197,1,999,0,nonexistent,1.4,93.444,-36.1,4.968,5228.1,no
45,blue-collar,married,basic.4y,no,yes,no,cellular,aug,tue,198,1,999,0,nonexistent,1.4,93.444,-36.1,4.968,5228.1,no
45,blue-collar,married,basic.4y,no,yes,no,cellular,aug,tue,111,1,999,0,nonexistent,1.4,93.444,-36.1,4.968,5228.1,no
53,technician,married,professional.course,no,yes,no,cellular,aug,tue,123,1,999,0,nonexistent,1.4,93.444,-36.1,4.968,5228.1,no
49,admin.,married,university.degree,no,yes,no,cellular,aug,tue,790,1,999,0,nonexistent,1.4,93.444,-36.1,4.968,5228.1,no
52,technician,married,professional.course,no,no,no,cellular,aug,tue,142,1,999,0,nonexistent,1.4,93.444,-36.1,4.968,5228.1,no
45,technician,married,professional.course,unknown,no,no,cellular,aug,tue,122,1,999,0,nonexistent,1.4,93.444,-36.1,4.968,5228.1,no
34,admin.,single,university.degree,no,yes,no,cellular,aug,tue,174,2,999,0,nonexistent,1.4,93.444,-36.1,4.968,5228.1,no
45,technician,married,professional.course,unknown,yes,no,cellular,aug,tue,183,1,999,0,nonexistent,1.4,93.444,-36.1,4.968,5228.1,no
48,blue-collar,married,basic.9y,unknown,no,no,cellular,aug,tue,157,1,999,0,nonexistent,1.4,93.444,-36.1,4.968,5228.1,no
48,blue-collar,married,basic.9y,unknown,yes,no,cellular,aug,tue,196,1,999,0,nonexistent,1.4,93.444,-36.1,4.968,5228.1,no
55,admin.,married,professional.course,no,yes,yes,cellular,aug,tue,482,1,999,0,nonexistent,1.4,93.444,-36.1,4.968,5228.1,no
46,technician,married,professional.course,no,no,no,cellular,aug,tue,92,1,999,0,nonexistent,1.4,93.444,-36.1,4.968,5228.1,no
30,technician,married,professional.course,no,yes,no,cellular,aug,tue,297,1,999,0,nonexistent,1.4,93.444,-36.1,4.968,5228.1,no
48,admin.,married,university.degree,unknown,yes,no,cellular,aug,tue,229,2,999,0,nonexistent,1.4,93.444,-36.1,4.968,5228.1,no
52,services,divorced,basic.6y,no,yes,no,cellular,aug,tue,138,1,999,0,nonexistent,1.4,93.444,-36.1,4.968,5228.1,no
53,technician,married,high.school,no,yes,no,cellular,aug,tue,231,1,999,0,nonexistent,1.4,93.444,-36.1,4.968,5228.1,no
53,technician,married,high.school,no,yes,no,cellular,aug,tue,105,1,999,0,nonexistent,1.4,93.444,-36.1,4.968,5228.1,no
53,blue-collar,married,basic.4y,no,no,no,cellular,aug,tue,238,2,999,0,nonexistent,1.4,93.444,-36.1,4.968,5228.1,no
33,admin.,married,university.degree,no,yes,yes,cellular,aug,tue,178,2,999,0,nonexistent,1.4,93.444,-36.1,4.968,5228.1,no
34,technician,divorced,professional.course,no,yes,no,cellular,aug,tue,278,1,999,0,nonexistent,1.4,93.444,-36.1,4.968,5228.1,no
40,technician,married,professional.course,no,no,no,cellular,aug,tue,156,1,999,0,nonexistent,1.4,93.444,-36.1,4.968,5228.1,no
44,admin.,married,basic.4y,unknown,yes,yes,cellular,aug,tue,286,1,999,0,nonexistent,1.4,93.444,-36.1,4.968,5228.1,no
53,blue-collar,married,basic.9y,no,yes,no,cellular,aug,tue,334,2,999,0,nonexistent,1.4,93.444,-36.1,4.968,5228.1,no
44,admin.,married,basic.4y,unknown,yes,no,cellular,aug,tue,222,1,999,0,nonexistent,1.4,93.444,-36.1,4.968,5228.1,no
30,unknown,married,university.degree,no,yes,no,cellular,aug,tue,95,2,999,0,nonexistent,1.4,93.444,-36.1,4.968,5228.1,no
35,unknown,married,basic.9y,no,yes,no,cellular,aug,tue,148,2,999,0,nonexistent,1.4,93.444,-36.1,4.968,5228.1,no
59,admin.,married,university.degree,no,yes,no,cellular,aug,tue,177,1,999,0,nonexistent,1.4,93.444,-36.1,4.968,5228.1,no
34,technician,divorced,professional.course,no,yes,no,cellular,aug,tue,104,3,999,0,nonexistent,1.4,93.444,-36.1,4.968,5228.1,no
56,admin.,married,high.school,unknown,yes,no,cellular,aug,tue,182,1,999,0,nonexistent,1.4,93.444,-36.1,4.968,5228.1,no
41,housemaid,married,basic.6y,no,no,no,cellular,aug,tue,56,2,999,0,nonexistent,1.4,93.444,-36.1,4.968,5228.1,no
32,technician,single,university.degree,no,no,no,cellular,aug,tue,68,1,999,0,nonexistent,1.4,93.444,-36.1,4.968,5228.1,no
32,technician,single,university.degree,no,yes,no,cellular,aug,tue,297,1,999,0,nonexistent,1.4,93.444,-36.1,4.968,5228.1,no
44,blue-collar,married,basic.4y,no,yes,no,cellular,aug,tue,720,2,999,0,nonexistent,1.4,93.444,-36.1,4.968,5228.1,yes
44,technician,married,university.degree,no,yes,no,cellular,aug,tue,231,1,999,0,nonexistent,1.4,93.444,-36.1,4.968,5228.1,no
49,admin.,divorced,university.degree,no,no,no,cellular,aug,tue,126,1,999,0,nonexistent,1.4,93.444,-36.1,4.968,5228.1,no
44,blue-collar,married,basic.6y,no,no,no,cellular,aug,tue,67,4,999,0,nonexistent,1.4,93.444,-36.1,4.968,5228.1,no
33,technician,married,university.degree,no,yes,no,cellular,aug,tue,316,2,999,0,nonexistent,1.4,93.444,-36.1,4.968,5228.1,no
49,admin.,married,university.degree,unknown,yes,no,cellular,aug,tue,202,1,999,0,nonexistent,1.4,93.444,-36.1,4.968,5228.1,no
33,admin.,married,university.degree,no,no,yes,cellular,aug,tue,149,2,999,0,nonexistent,1.4,93.444,-36.1,4.968,5228.1,no
52,services,divorced,basic.6y,no,yes,no,cellular,aug,tue,683,2,999,0,nonexistent,1.4,93.444,-36.1,4.968,5228.1,no
31,technician,single,professional.course,no,yes,no,cellular,aug,tue,176,1,999,0,nonexistent,1.4,93.444,-36.1,4.968,5228.1,no
50,blue-collar,married,basic.4y,unknown,yes,no,cellular,aug,tue,66,2,999,0,nonexistent,1.4,93.444,-36.1,4.968,5228.1,no
45,technician,married,professional.course,unknown,no,no,cellular,aug,tue,320,2,999,0,nonexistent,1.4,93.444,-36.1,4.968,5228.1,no
43,technician,single,professional.course,no,no,no,cellular,aug,tue,165,1,999,0,nonexistent,1.4,93.444,-36.1,4.968,5228.1,no
35,admin.,single,university.degree,no,no,no,cellular,aug,tue,199,2,999,0,nonexistent,1.4,93.444,-36.1,4.968,5228.1,no
52,technician,married,professional.course,unknown,yes,no,cellular,aug,tue,622,1,999,0,nonexistent,1.4,93.444,-36.1,4.968,5228.1,no
49,services,married,high.school,no,yes,no,cellular,aug,tue,158,2,999,0,nonexistent,1.4,93.444,-36.1,4.968,5228.1,no
43,admin.,married,university.degree,no,yes,no,cellular,aug,tue,531,3,999,0,nonexistent,1.4,93.444,-36.1,4.968,5228.1,yes
42,technician,divorced,university.degree,no,yes,no,cellular,aug,tue,141,2,999,0,nonexistent,1.4,93.444,-36.1,4.968,5228.1,no
49,admin.,married,university.degree,no,no,yes,cellular,aug,tue,414,2,999,0,nonexistent,1.4,93.444,-36.1,4.968,5228.1,no
38,admin.,divorced,university.degree,no,yes,no,cellular,aug,tue,339,2,999,0,nonexistent,1.4,93.444,-36.1,4.968,5228.1,no
46,admin.,married,university.degree,unknown,no,no,cellular,aug,tue,123,2,999,0,nonexistent,1.4,93.444,-36.1,4.968,5228.1,no
41,admin.,married,university.degree,no,no,no,cellular,aug,tue,766,2,999,0,nonexistent,1.4,93.444,-36.1,4.968,5228.1,yes
41,technician,married,university.degree,no,yes,no,cellular,aug,tue,27,3,999,0,nonexistent,1.4,93.444,-36.1,4.968,5228.1,no
37,admin.,married,university.degree,no,no,no,cellular,aug,tue,85,2,999,0,nonexistent,1.4,93.444,-36.1,4.968,5228.1,no
36,admin.,divorced,university.degree,no,yes,no,cellular,aug,tue,112,2,999,0,nonexistent,1.4,93.444,-36.1,4.968,5228.1,no
46,blue-collar,married,basic.9y,no,yes,yes,cellular,aug,tue,704,2,999,0,nonexistent,1.4,93.444,-36.1,4.968,5228.1,no
37,management,married,university.degree,no,no,no,cellular,aug,tue,104,1,999,0,nonexistent,1.4,93.444,-36.1,4.968,5228.1,no
42,admin.,married,university.degree,no,yes,no,cellular,aug,tue,1311,2,999,0,nonexistent,1.4,93.444,-36.1,4.968,5228.1,yes
46,technician,married,professional.course,no,no,yes,cellular,aug,tue,166,2,999,0,nonexistent,1.4,93.444,-36.1,4.968,5228.1,no
58,technician,married,professional.course,unknown,no,no,cellular,aug,tue,287,1,999,0,nonexistent,1.4,93.444,-36.1,4.968,5228.1,no
35,technician,single,professional.course,no,yes,no,cellular,aug,tue,109,4,999,0,nonexistent,1.4,93.444,-36.1,4.968,5228.1,no
32,housemaid,married,professional.course,no,yes,yes,cellular,aug,tue,291,1,999,0,nonexistent,1.4,93.444,-36.1,4.968,5228.1,no
39,unemployed,divorced,university.degree,unknown,no,no,cellular,aug,tue,307,1,999,0,nonexistent,1.4,93.444,-36.1,4.968,5228.1,no
40,technician,married,professional.course,no,no,no,cellular,aug,tue,451,1,999,0,nonexistent,1.4,93.444,-36.1,4.968,5228.1,no
32,unemployed,married,university.degree,no,yes,no,cellular,aug,tue,33,4,999,0,nonexistent,1.4,93.444,-36.1,4.968,5228.1,no
45,admin.,married,university.degree,unknown,no,no,cellular,aug,tue,239,1,999,0,nonexistent,1.4,93.444,-36.1,4.968,5228.1,no
57,housemaid,married,unknown,no,no,no,cellular,aug,tue,318,2,999,0,nonexistent,1.4,93.444,-36.1,4.968,5228.1,no
42,admin.,married,university.degree,no,no,no,cellular,aug,tue,101,2,999,0,nonexistent,1.4,93.444,-36.1,4.968,5228.1,no
44,technician,divorced,university.degree,unknown,no,no,cellular,aug,tue,117,1,999,0,nonexistent,1.4,93.444,-36.1,4.968,5228.1,no
49,blue-collar,married,high.school,no,no,no,cellular,aug,tue,193,2,999,0,nonexistent,1.4,93.444,-36.1,4.968,5228.1,no
36,self-employed,married,basic.9y,no,no,no,cellular,aug,tue,153,1,999,0,nonexistent,1.4,93.444,-36.1,4.968,5228.1,no
51,blue-collar,married,basic.4y,no,no,no,cellular,aug,tue,132,2,999,0,nonexistent,1.4,93.444,-36.1,4.968,5228.1,no
49,services,married,high.school,no,no,no,cellular,aug,tue,203,1,999,0,nonexistent,1.4,93.444,-36.1,4.968,5228.1,no
49,services,married,high.school,no,no,no,cellular,aug,tue,344,1,999,0,nonexistent,1.4,93.444,-36.1,4.968,5228.1,no
49,services,married,high.school,no,yes,no,cellular,aug,tue,197,1,999,0,nonexistent,1.4,93.444,-36.1,4.968,5228.1,no
35,technician,divorced,professional.course,no,no,no,cellular,aug,tue,101,3,999,0,nonexistent,1.4,93.444,-36.1,4.968,5228.1,no
43,admin.,married,university.degree,unknown,yes,no,cellular,aug,tue,1332,1,999,0,nonexistent,1.4,93.444,-36.1,4.968,5228.1,yes
40,admin.,married,university.degree,no,no,no,cellular,aug,tue,618,2,999,0,nonexistent,1.4,93.444,-36.1,4.968,5228.1,yes
40,admin.,married,university.degree,no,no,yes,cellular,aug,tue,445,3,999,0,nonexistent,1.4,93.444,-36.1,4.968,5228.1,no
45,technician,married,professional.course,unknown,yes,yes,cellular,aug,tue,504,2,999,0,nonexistent,1.4,93.444,-36.1,4.968,5228.1,no
35,admin.,married,university.degree,no,yes,no,cellular,aug,tue,385,3,999,0,nonexistent,1.4,93.444,-36.1,4.968,5228.1,no
43,entrepreneur,married,professional.course,no,no,no,cellular,aug,tue,56,2,999,0,nonexistent,1.4,93.444,-36.1,4.968,5228.1,no
35,technician,married,high.school,no,no,no,cellular,aug,tue,121,3,999,0,nonexistent,1.4,93.444,-36.1,4.968,5228.1,no
41,unknown,married,unknown,no,yes,no,cellular,aug,tue,214,3,999,0,nonexistent,1.4,93.444,-36.1,4.968,5228.1,no
30,admin.,married,university.degree,no,no,yes,cellular,aug,tue,129,4,999,0,nonexistent,1.4,93.444,-36.1,4.968,5228.1,no
35,admin.,married,university.degree,no,yes,no,cellular,aug,tue,146,3,999,0,nonexistent,1.4,93.444,-36.1,4.968,5228.1,no
35,technician,single,professional.course,no,no,no,cellular,aug,tue,513,2,999,0,nonexistent,1.4,93.444,-36.1,4.968,5228.1,no
45,blue-collar,married,unknown,unknown,no,no,cellular,aug,tue,371,3,999,0,nonexistent,1.4,93.444,-36.1,4.968,5228.1,no
32,admin.,single,university.degree,no,yes,no,cellular,aug,tue,419,3,999,0,nonexistent,1.4,93.444,-36.1,4.968,5228.1,yes
46,housemaid,married,basic.9y,no,yes,no,cellular,aug,tue,459,2,999,0,nonexistent,1.4,93.444,-36.1,4.968,5228.1,no
37,management,married,university.degree,no,yes,no,cellular,aug,tue,263,2,999,0,nonexistent,1.4,93.444,-36.1,4.968,5228.1,no
35,admin.,single,university.degree,no,no,no,cellular,aug,tue,332,2,999,0,nonexistent,1.4,93.444,-36.1,4.968,5228.1,no
34,blue-collar,married,professional.course,no,no,yes,cellular,aug,tue,150,4,999,0,nonexistent,1.4,93.444,-36.1,4.968,5228.1,no
52,technician,married,professional.course,unknown,no,no,cellular,aug,tue,131,2,999,0,nonexistent,1.4,93.444,-36.1,4.968,5228.1,no
34,admin.,married,university.degree,unknown,no,no,cellular,aug,tue,1227,2,999,0,nonexistent,1.4,93.444,-36.1,4.968,5228.1,yes
51,admin.,married,university.degree,unknown,yes,no,cellular,aug,tue,507,2,999,0,nonexistent,1.4,93.444,-36.1,4.968,5228.1,no
50,admin.,married,university.degree,no,yes,no,cellular,aug,tue,608,2,999,0,nonexistent,1.4,93.444,-36.1,4.968,5228.1,no
38,housemaid,married,university.degree,no,yes,no,cellular,aug,tue,295,2,999,0,nonexistent,1.4,93.444,-36.1,4.968,5228.1,no
51,admin.,married,high.school,no,no,no,cellular,aug,tue,178,4,999,0,nonexistent,1.4,93.444,-36.1,4.968,5228.1,no
51,admin.,married,university.degree,unknown,yes,no,cellular,aug,tue,147,2,999,0,nonexistent,1.4,93.444,-36.1,4.968,5228.1,no
48,housemaid,married,basic.4y,unknown,yes,yes,cellular,aug,tue,307,4,999,0,nonexistent,1.4,93.444,-36.1,4.968,5228.1,no
59,blue-collar,married,basic.9y,no,yes,no,cellular,aug,tue,1197,2,999,0,nonexistent,1.4,93.444,-36.1,4.968,5228.1,no
47,blue-collar,married,basic.6y,unknown,yes,no,cellular,aug,tue,78,2,999,0,nonexistent,1.4,93.444,-36.1,4.968,5228.1,no
36,admin.,married,university.degree,no,yes,no,cellular,aug,tue,223,4,999,0,nonexistent,1.4,93.444,-36.1,4.968,5228.1,no
48,blue-collar,married,professional.course,no,yes,no,cellular,aug,tue,996,2,999,0,nonexistent,1.4,93.444,-36.1,4.968,5228.1,no
57,retired,married,high.school,no,no,no,cellular,aug,wed,115,3,999,0,nonexistent,1.4,93.444,-36.1,4.967,5228.1,no
44,self-employed,married,professional.course,no,yes,no,telephone,aug,wed,116,5,999,0,nonexistent,1.4,93.444,-36.1,4.967,5228.1,no
33,housemaid,single,university.degree,unknown,yes,no,cellular,aug,wed,46,3,999,0,nonexistent,1.4,93.444,-36.1,4.967,5228.1,no
46,blue-collar,married,basic.4y,unknown,yes,no,cellular,aug,wed,1357,3,999,0,nonexistent,1.4,93.444,-36.1,4.967,5228.1,yes
44,admin.,married,basic.4y,unknown,yes,no,cellular,aug,wed,125,2,999,0,nonexistent,1.4,93.444,-36.1,4.967,5228.1,no
34,technician,single,university.degree,no,yes,yes,cellular,aug,wed,455,3,999,0,nonexistent,1.4,93.444,-36.1,4.967,5228.1,yes
41,admin.,divorced,university.degree,no,yes,no,cellular,aug,wed,146,4,999,0,nonexistent,1.4,93.444,-36.1,4.967,5228.1,no
31,technician,single,professional.course,no,no,no,cellular,aug,wed,81,2,999,0,nonexistent,1.4,93.444,-36.1,4.967,5228.1,no
36,technician,married,high.school,no,yes,no,cellular,aug,wed,205,2,999,0,nonexistent,1.4,93.444,-36.1,4.967,5228.1,no
46,blue-collar,divorced,professional.course,no,yes,no,cellular,aug,wed,192,1,999,0,nonexistent,1.4,93.444,-36.1,4.967,5228.1,no
58,retired,married,university.degree,unknown,yes,yes,cellular,aug,wed,269,1,999,0,nonexistent,1.4,93.444,-36.1,4.967,5228.1,no
53,services,married,high.school,no,yes,no,cellular,aug,wed,406,1,999,0,nonexistent,1.4,93.444,-36.1,4.967,5228.1,yes
32,technician,single,professional.course,no,no,no,cellular,aug,wed,103,1,999,0,nonexistent,1.4,93.444,-36.1,4.967,5228.1,no
58,housemaid,married,basic.4y,no,no,no,cellular,aug,wed,84,3,999,0,nonexistent,1.4,93.444,-36.1,4.967,5228.1,no
46,blue-collar,married,basic.9y,no,yes,no,cellular,aug,wed,175,1,999,0,nonexistent,1.4,93.444,-36.1,4.967,5228.1,no
37,management,married,university.degree,no,no,no,cellular,aug,wed,902,2,999,0,nonexistent,1.4,93.444,-36.1,4.967,5228.1,yes
46,admin.,married,university.degree,no,no,no,cellular,aug,wed,273,1,999,0,nonexistent,1.4,93.444,-36.1,4.967,5228.1,no
31,management,married,university.degree,no,no,yes,cellular,aug,wed,92,1,999,0,nonexistent,1.4,93.444,-36.1,4.967,5228.1,no
31,management,married,university.degree,no,no,no,cellular,aug,wed,347,1,999,0,nonexistent,1.4,93.444,-36.1,4.967,5228.1,no
38,technician,married,professional.course,no,no,yes,cellular,aug,wed,120,1,999,0,nonexistent,1.4,93.444,-36.1,4.967,5228.1,no
45,self-employed,married,basic.9y,no,no,no,cellular,aug,wed,80,1,999,0,nonexistent,1.4,93.444,-36.1,4.967,5228.1,no
32,technician,married,professional.course,no,no,no,cellular,aug,wed,153,1,999,0,nonexistent,1.4,93.444,-36.1,4.967,5228.1,no
30,admin.,single,university.degree,no,yes,no,cellular,aug,wed,218,1,999,0,nonexistent,1.4,93.444,-36.1,4.967,5228.1,no
32,admin.,single,university.degree,unknown,yes,yes,cellular,aug,wed,43,1,999,0,nonexistent,1.4,93.444,-36.1,4.967,5228.1,no
32,admin.,single,university.degree,unknown,no,no,cellular,aug,wed,174,1,999,0,nonexistent,1.4,93.444,-36.1,4.967,5228.1,no
44,blue-collar,married,unknown,no,yes,no,cellular,aug,wed,140,2,999,0,nonexistent,1.4,93.444,-36.1,4.967,5228.1,no
38,admin.,married,university.degree,no,no,no,cellular,aug,wed,898,1,999,0,nonexistent,1.4,93.444,-36.1,4.967,5228.1,no
51,technician,married,high.school,unknown,unknown,unknown,cellular,aug,wed,637,1,999,0,nonexistent,1.4,93.444,-36.1,4.967,5228.1,yes
46,admin.,married,high.school,no,unknown,unknown,cellular,aug,wed,251,1,999,0,nonexistent,1.4,93.444,-36.1,4.967,5228.1,no
53,management,married,university.degree,no,yes,no,cellular,aug,wed,115,1,999,0,nonexistent,1.4,93.444,-36.1,4.967,5228.1,no
32,admin.,single,university.degree,no,no,no,cellular,aug,wed,142,1,999,0,nonexistent,1.4,93.444,-36.1,4.967,5228.1,no
45,technician,married,professional.course,unknown,no,no,cellular,aug,wed,128,1,999,0,nonexistent,1.4,93.444,-36.1,4.967,5228.1,no
31,admin.,married,professional.course,no,yes,no,cellular,aug,wed,90,1,999,0,nonexistent,1.4,93.444,-36.1,4.967,5228.1,no
45,blue-collar,married,basic.6y,unknown,yes,yes,cellular,aug,wed,165,1,999,0,nonexistent,1.4,93.444,-36.1,4.967,5228.1,no
30,admin.,single,university.degree,no,yes,no,cellular,aug,wed,89,1,999,0,nonexistent,1.4,93.444,-36.1,4.967,5228.1,no
49,housemaid,married,basic.4y,unknown,yes,no,cellular,aug,wed,311,1,999,0,nonexistent,1.4,93.444,-36.1,4.967,5228.1,no
49,housemaid,married,basic.4y,unknown,yes,no,cellular,aug,wed,501,1,999,0,nonexistent,1.4,93.444,-36.1,4.967,5228.1,yes
44,unemployed,married,high.school,unknown,yes,no,cellular,aug,wed,209,1,999,0,nonexistent,1.4,93.444,-36.1,4.967,5228.1,no
39,technician,single,university.degree,no,no,no,cellular,aug,wed,50,1,999,0,nonexistent,1.4,93.444,-36.1,4.967,5228.1,no
30,admin.,single,university.degree,no,yes,no,cellular,aug,wed,182,1,999,0,nonexistent,1.4,93.444,-36.1,4.967,5228.1,no
32,technician,single,professional.course,no,yes,no,cellular,aug,wed,499,1,999,0,nonexistent,1.4,93.444,-36.1,4.967,5228.1,no
32,technician,single,professional.course,no,no,no,cellular,aug,wed,720,1,999,0,nonexistent,1.4,93.444,-36.1,4.967,5228.1,yes
34,admin.,married,university.degree,no,no,no,cellular,aug,wed,224,1,999,0,nonexistent,1.4,93.444,-36.1,4.967,5228.1,no
32,technician,single,professional.course,no,yes,yes,cellular,aug,wed,952,1,999,0,nonexistent,1.4,93.444,-36.1,4.967,5228.1,yes
31,blue-collar,single,basic.9y,no,no,no,cellular,aug,wed,38,1,999,0,nonexistent,1.4,93.444,-36.1,4.967,5228.1,no
51,admin.,married,high.school,no,yes,no,cellular,aug,wed,81,1,999,0,nonexistent,1.4,93.444,-36.1,4.967,5228.1,no
33,admin.,single,university.degree,no,yes,yes,cellular,aug,wed,102,1,999,0,nonexistent,1.4,93.444,-36.1,4.967,5228.1,no
33,admin.,single,university.degree,no,no,no,cellular,aug,wed,184,1,999,0,nonexistent,1.4,93.444,-36.1,4.967,5228.1,no
49,unemployed,married,professional.course,unknown,yes,no,cellular,aug,wed,397,2,999,0,nonexistent,1.4,93.444,-36.1,4.967,5228.1,yes
46,self-employed,married,basic.9y,unknown,yes,yes,cellular,aug,wed,102,3,999,0,nonexistent,1.4,93.444,-36.1,4.967,5228.1,no
32,technician,single,professional.course,no,yes,no,cellular,aug,wed,281,2,999,0,nonexistent,1.4,93.444,-36.1,4.967,5228.1,no
37,self-employed,married,university.degree,no,yes,yes,cellular,aug,wed,585,2,999,0,nonexistent,1.4,93.444,-36.1,4.967,5228.1,no
52,technician,married,professional.course,unknown,no,no,cellular,aug,wed,139,1,999,0,nonexistent,1.4,93.444,-36.1,4.967,5228.1,no
52,technician,married,professional.course,unknown,no,no,cellular,aug,wed,219,1,999,0,nonexistent,1.4,93.444,-36.1,4.967,5228.1,no
40,admin.,divorced,university.degree,no,no,yes,cellular,aug,wed,71,1,999,0,nonexistent,1.4,93.444,-36.1,4.967,5228.1,no
55,technician,married,university.degree,no,no,yes,cellular,aug,wed,358,1,999,0,nonexistent,1.4,93.444,-36.1,4.967,5228.1,no
55,admin.,married,university.degree,unknown,no,no,cellular,aug,wed,163,1,999,0,nonexistent,1.4,93.444,-36.1,4.967,5228.1,no
50,admin.,divorced,high.school,unknown,no,no,cellular,aug,wed,64,1,999,0,nonexistent,1.4,93.444,-36.1,4.967,5228.1,no
50,admin.,divorced,high.school,unknown,no,yes,cellular,aug,wed,359,1,999,0,nonexistent,1.4,93.444,-36.1,4.967,5228.1,no
32,technician,married,high.school,unknown,no,no,cellular,aug,wed,211,2,999,0,nonexistent,1.4,93.444,-36.1,4.967,5228.1,no
37,technician,single,high.school,no,yes,no,cellular,aug,wed,133,1,999,0,nonexistent,1.4,93.444,-36.1,4.967,5228.1,no
46,blue-collar,married,basic.4y,no,no,no,cellular,aug,wed,131,2,999,0,nonexistent,1.4,93.444,-36.1,4.967,5228.1,no
41,technician,married,high.school,no,no,no,cellular,aug,wed,91,2,999,0,nonexistent,1.4,93.444,-36.1,4.967,5228.1,no
37,technician,single,high.school,no,yes,yes,cellular,aug,wed,763,1,999,0,nonexistent,1.4,93.444,-36.1,4.967,5228.1,yes
31,technician,married,professional.course,no,yes,yes,cellular,aug,wed,184,1,999,0,nonexistent,1.4,93.444,-36.1,4.967,5228.1,no
31,admin.,married,university.degree,no,unknown,unknown,cellular,aug,wed,122,1,999,0,nonexistent,1.4,93.444,-36.1,4.967,5228.1,no
33,technician,married,university.degree,no,no,no,cellular,aug,wed,123,1,999,0,nonexistent,1.4,93.444,-36.1,4.967,5228.1,no
31,management,married,university.degree,no,yes,yes,cellular,aug,wed,649,2,999,0,nonexistent,1.4,93.444,-36.1,4.967,5228.1,yes
50,admin.,single,university.degree,no,yes,no,cellular,aug,wed,88,1,999,0,nonexistent,1.4,93.444,-36.1,4.967,5228.1,no
47,blue-collar,married,basic.6y,unknown,no,no,cellular,aug,wed,89,1,999,0,nonexistent,1.4,93.444,-36.1,4.967,5228.1,no
51,technician,married,professional.course,no,no,no,cellular,aug,wed,221,9,999,0,nonexistent,1.4,93.444,-36.1,4.967,5228.1,no
31,admin.,single,university.degree,no,no,yes,cellular,aug,wed,126,1,999,0,nonexistent,1.4,93.444,-36.1,4.967,5228.1,no
31,admin.,single,university.degree,no,yes,no,cellular,aug,wed,166,1,999,0,nonexistent,1.4,93.444,-36.1,4.967,5228.1,no
53,technician,married,high.school,no,yes,no,cellular,aug,wed,169,1,999,0,nonexistent,1.4,93.444,-36.1,4.967,5228.1,no
53,technician,married,high.school,no,yes,no,cellular,aug,wed,78,1,999,0,nonexistent,1.4,93.444,-36.1,4.967,5228.1,no
50,unemployed,married,high.school,unknown,yes,yes,cellular,aug,wed,400,1,999,0,nonexistent,1.4,93.444,-36.1,4.967,5228.1,no
53,technician,married,high.school,no,yes,no,cellular,aug,wed,329,1,999,0,nonexistent,1.4,93.444,-36.1,4.967,5228.1,no
48,blue-collar,married,professional.course,no,yes,no,cellular,aug,wed,119,1,999,0,nonexistent,1.4,93.444,-36.1,4.967,5228.1,no
37,technician,single,professional.course,no,no,no,cellular,aug,wed,341,1,999,0,nonexistent,1.4,93.444,-36.1,4.967,5228.1,no
38,admin.,single,high.school,no,yes,no,cellular,aug,wed,246,1,999,0,nonexistent,1.4,93.444,-36.1,4.967,5228.1,no
38,admin.,single,high.school,no,no,no,cellular,aug,wed,181,1,999,0,nonexistent,1.4,93.444,-36.1,4.967,5228.1,no
39,admin.,single,university.degree,no,no,no,cellular,aug,wed,127,1,999,0,nonexistent,1.4,93.444,-36.1,4.967,5228.1,no
46,blue-collar,married,basic.9y,no,yes,no,cellular,aug,wed,124,1,999,0,nonexistent,1.4,93.444,-36.1,4.967,5228.1,no
59,housemaid,married,basic.4y,unknown,no,no,cellular,aug,wed,148,1,999,0,nonexistent,1.4,93.444,-36.1,4.967,5228.1,no
48,unknown,married,unknown,no,yes,no,cellular,aug,wed,174,3,999,0,nonexistent,1.4,93.444,-36.1,4.967,5228.1,no
31,technician,single,high.school,no,yes,no,cellular,aug,wed,113,2,999,0,nonexistent,1.4,93.444,-36.1,4.967,5228.1,no
42,admin.,married,university.degree,no,no,no,cellular,aug,wed,68,2,999,0,nonexistent,1.4,93.444,-36.1,4.967,5228.1,no
31,technician,single,high.school,no,no,no,cellular,aug,wed,232,2,999,0,nonexistent,1.4,93.444,-36.1,4.967,5228.1,no
57,blue-collar,married,unknown,unknown,yes,no,cellular,aug,wed,376,2,999,0,nonexistent,1.4,93.444,-36.1,4.967,5228.1,no
35,technician,married,professional.course,no,no,no,cellular,aug,wed,199,5,999,0,nonexistent,1.4,93.444,-36.1,4.967,5228.1,no
42,admin.,married,university.degree,no,no,no,cellular,aug,wed,150,2,999,0,nonexistent,1.4,93.444,-36.1,4.967,5228.1,no
39,admin.,single,university.degree,no,yes,no,cellular,aug,wed,2191,1,999,0,nonexistent,1.4,93.444,-36.1,4.967,5228.1,no
57,retired,married,basic.4y,unknown,no,no,cellular,aug,wed,185,2,999,0,nonexistent,1.4,93.444,-36.1,4.967,5228.1,no
32,technician,married,professional.course,no,yes,no,cellular,aug,wed,166,2,999,0,nonexistent,1.4,93.444,-36.1,4.967,5228.1,no
34,admin.,married,university.degree,unknown,no,no,cellular,aug,wed,388,2,999,0,nonexistent,1.4,93.444,-36.1,4.967,5228.1,no
53,blue-collar,married,basic.4y,no,no,no,cellular,aug,wed,165,2,999,0,nonexistent,1.4,93.444,-36.1,4.967,5228.1,no
55,retired,married,basic.4y,unknown,yes,yes,cellular,aug,wed,89,1,999,0,nonexistent,1.4,93.444,-36.1,4.967,5228.1,no
46,blue-collar,divorced,professional.course,no,yes,no,cellular,aug,wed,254,2,999,0,nonexistent,1.4,93.444,-36.1,4.967,5228.1,no
50,unemployed,married,high.school,unknown,yes,no,cellular,aug,wed,344,2,999,0,nonexistent,1.4,93.444,-36.1,4.967,5228.1,no
33,technician,single,professional.course,no,yes,no,cellular,aug,wed,90,1,999,0,nonexistent,1.4,93.444,-36.1,4.967,5228.1,no
33,technician,single,professional.course,no,yes,no,cellular,aug,wed,244,1,999,0,nonexistent,1.4,93.444,-36.1,4.967,5228.1,no
33,technician,single,professional.course,no,yes,no,cellular,aug,wed,84,1,999,0,nonexistent,1.4,93.444,-36.1,4.967,5228.1,no
51,technician,married,professional.course,unknown,yes,no,cellular,aug,wed,365,2,999,0,nonexistent,1.4,93.444,-36.1,4.967,5228.1,no
47,blue-collar,married,basic.9y,no,yes,no,cellular,aug,wed,384,1,999,0,nonexistent,1.4,93.444,-36.1,4.967,5228.1,no
51,admin.,single,university.degree,unknown,yes,no,cellular,aug,wed,168,1,999,0,nonexistent,1.4,93.444,-36.1,4.967,5228.1,no
52,technician,divorced,university.degree,no,yes,yes,cellular,aug,wed,100,4,999,0,nonexistent,1.4,93.444,-36.1,4.967,5228.1,no
47,admin.,married,high.school,unknown,yes,no,cellular,aug,wed,136,2,999,0,nonexistent,1.4,93.444,-36.1,4.967,5228.1,no
31,technician,single,university.degree,no,no,no,cellular,aug,wed,118,1,999,0,nonexistent,1.4,93.444,-36.1,4.967,5228.1,no
31,technician,single,university.degree,no,unknown,unknown,cellular,aug,wed,184,1,999,0,nonexistent,1.4,93.444,-36.1,4.967,5228.1,no
29,technician,single,university.degree,no,yes,yes,cellular,aug,wed,44,1,999,0,nonexistent,1.4,93.444,-36.1,4.967,5228.1,no
45,retired,married,basic.9y,no,yes,no,cellular,aug,wed,45,2,999,0,nonexistent,1.4,93.444,-36.1,4.967,5228.1,no
31,technician,single,university.degree,no,yes,no,cellular,aug,wed,411,1,999,0,nonexistent,1.4,93.444,-36.1,4.967,5228.1,no
43,admin.,married,university.degree,unknown,yes,no,cellular,aug,wed,120,1,999,0,nonexistent,1.4,93.444,-36.1,4.967,5228.1,no
52,technician,single,professional.course,no,yes,no,cellular,aug,wed,72,2,999,0,nonexistent,1.4,93.444,-36.1,4.967,5228.1,no
49,admin.,divorced,university.degree,no,no,no,cellular,aug,wed,128,1,999,0,nonexistent,1.4,93.444,-36.1,4.967,5228.1,no
51,entrepreneur,married,basic.9y,no,no,no,cellular,aug,wed,135,1,999,0,nonexistent,1.4,93.444,-36.1,4.967,5228.1,no
51,entrepreneur,married,basic.9y,no,no,no,cellular,aug,wed,90,1,999,0,nonexistent,1.4,93.444,-36.1,4.967,5228.1,no
56,retired,married,basic.4y,unknown,yes,no,cellular,aug,wed,102,1,999,0,nonexistent,1.4,93.444,-36.1,4.967,5228.1,no
48,admin.,married,professional.course,no,no,no,cellular,aug,wed,265,1,999,0,nonexistent,1.4,93.444,-36.1,4.967,5228.1,no
56,retired,married,basic.4y,unknown,yes,no,cellular,aug,wed,198,1,999,0,nonexistent,1.4,93.444,-36.1,4.967,5228.1,no
41,admin.,divorced,high.school,no,no,no,cellular,aug,wed,170,1,999,0,nonexistent,1.4,93.444,-36.1,4.967,5228.1,no
33,technician,married,university.degree,no,yes,no,cellular,aug,wed,312,2,999,0,nonexistent,1.4,93.444,-36.1,4.967,5228.1,no
44,blue-collar,married,basic.4y,no,no,no,cellular,aug,wed,438,1,999,0,nonexistent,1.4,93.444,-36.1,4.967,5228.1,no
45,retired,married,basic.9y,no,yes,no,cellular,aug,wed,601,1,999,0,nonexistent,1.4,93.444,-36.1,4.967,5228.1,no
45,blue-collar,married,basic.4y,unknown,no,no,cellular,aug,wed,83,1,999,0,nonexistent,1.4,93.444,-36.1,4.967,5228.1,no
35,admin.,married,university.degree,no,yes,no,cellular,aug,wed,39,6,999,0,nonexistent,1.4,93.444,-36.1,4.967,5228.1,no
45,blue-collar,married,basic.4y,unknown,no,no,cellular,aug,wed,163,1,999,0,nonexistent,1.4,93.444,-36.1,4.967,5228.1,no
45,blue-collar,married,basic.4y,unknown,no,no,cellular,aug,wed,131,1,999,0,nonexistent,1.4,93.444,-36.1,4.967,5228.1,no
58,blue-collar,married,basic.4y,no,yes,no,cellular,aug,wed,127,1,999,0,nonexistent,1.4,93.444,-36.1,4.967,5228.1,no
37,management,married,university.degree,unknown,no,no,cellular,aug,wed,168,2,999,0,nonexistent,1.4,93.444,-36.1,4.967,5228.1,no
46,blue-collar,married,high.school,no,no,no,cellular,aug,wed,64,2,999,0,nonexistent,1.4,93.444,-36.1,4.967,5228.1,no
47,blue-collar,married,basic.6y,unknown,yes,no,cellular,aug,wed,55,2,999,0,nonexistent,1.4,93.444,-36.1,4.967,5228.1,no
59,technician,married,professional.course,no,no,no,cellular,aug,wed,378,4,999,0,nonexistent,1.4,93.444,-36.1,4.967,5228.1,no
55,admin.,married,university.degree,unknown,no,yes,cellular,aug,wed,308,2,999,0,nonexistent,1.4,93.444,-36.1,4.967,5228.1,no
31,admin.,single,university.degree,no,yes,no,cellular,aug,wed,432,2,999,0,nonexistent,1.4,93.444,-36.1,4.967,5228.1,no
31,technician,single,professional.course,no,yes,no,telephone,aug,wed,115,3,999,0,nonexistent,1.4,93.444,-36.1,4.967,5228.1,no
59,housemaid,married,basic.4y,unknown,no,no,cellular,aug,wed,291,2,999,0,nonexistent,1.4,93.444,-36.1,4.967,5228.1,no
31,technician,married,university.degree,no,yes,no,cellular,aug,wed,224,2,999,0,nonexistent,1.4,93.444,-36.1,4.967,5228.1,no
60,blue-collar,married,basic.4y,unknown,yes,no,cellular,aug,wed,165,1,999,0,nonexistent,1.4,93.444,-36.1,4.967,5228.1,no
52,blue-collar,married,basic.4y,no,yes,no,cellular,aug,wed,126,1,999,0,nonexistent,1.4,93.444,-36.1,4.967,5228.1,no
37,admin.,married,university.degree,no,no,no,cellular,aug,wed,996,1,999,0,nonexistent,1.4,93.444,-36.1,4.967,5228.1,yes
34,technician,married,university.degree,no,yes,yes,cellular,aug,wed,83,3,999,0,nonexistent,1.4,93.444,-36.1,4.967,5228.1,no
51,technician,married,high.school,unknown,no,no,cellular,aug,wed,108,1,999,0,nonexistent,1.4,93.444,-36.1,4.967,5228.1,no
36,self-employed,married,basic.4y,unknown,yes,no,cellular,aug,wed,175,4,999,0,nonexistent,1.4,93.444,-36.1,4.967,5228.1,no
44,technician,divorced,professional.course,no,yes,no,cellular,aug,wed,1552,3,999,0,nonexistent,1.4,93.444,-36.1,4.967,5228.1,yes
48,blue-collar,married,unknown,no,yes,yes,cellular,aug,wed,742,1,999,0,nonexistent,1.4,93.444,-36.1,4.967,5228.1,yes
54,technician,married,professional.course,no,no,no,cellular,aug,wed,171,3,999,0,nonexistent,1.4,93.444,-36.1,4.967,5228.1,no
48,admin.,married,university.degree,no,yes,no,cellular,aug,wed,203,7,999,0,nonexistent,1.4,93.444,-36.1,4.967,5228.1,no
41,admin.,single,university.degree,unknown,yes,yes,cellular,aug,wed,132,3,999,0,nonexistent,1.4,93.444,-36.1,4.967,5228.1,no
34,unknown,married,unknown,unknown,no,no,cellular,aug,wed,245,3,999,0,nonexistent,1.4,93.444,-36.1,4.967,5228.1,no
37,technician,single,professional.course,no,no,yes,cellular,aug,wed,175,1,999,0,nonexistent,1.4,93.444,-36.1,4.967,5228.1,no
30,admin.,single,university.degree,no,yes,no,cellular,aug,wed,72,1,999,0,nonexistent,1.4,93.444,-36.1,4.967,5228.1,no
47,management,married,university.degree,no,yes,no,cellular,aug,wed,101,1,999,0,nonexistent,1.4,93.444,-36.1,4.967,5228.1,no
34,admin.,single,university.degree,unknown,yes,no,cellular,aug,wed,184,1,999,0,nonexistent,1.4,93.444,-36.1,4.967,5228.1,no
34,admin.,single,university.degree,unknown,no,no,cellular,aug,wed,147,1,999,0,nonexistent,1.4,93.444,-36.1,4.967,5228.1,no
36,technician,single,professional.course,no,no,no,cellular,aug,wed,275,1,999,0,nonexistent,1.4,93.444,-36.1,4.967,5228.1,no
46,blue-collar,married,basic.4y,no,yes,no,cellular,aug,wed,269,3,999,0,nonexistent,1.4,93.444,-36.1,4.967,5228.1,no
41,technician,married,high.school,no,no,no,cellular,aug,wed,209,3,999,0,nonexistent,1.4,93.444,-36.1,4.967,5228.1,no
34,admin.,married,professional.course,no,yes,no,cellular,aug,wed,276,3,999,0,nonexistent,1.4,93.444,-36.1,4.967,5228.1,no
37,management,married,university.degree,no,yes,no,cellular,aug,wed,54,1,999,0,nonexistent,1.4,93.444,-36.1,4.967,5228.1,no
33,entrepreneur,married,university.degree,no,no,no,cellular,aug,wed,83,7,999,0,nonexistent,1.4,93.444,-36.1,4.967,5228.1,no
37,management,married,university.degree,no,yes,no,cellular,aug,wed,160,1,999,0,nonexistent,1.4,93.444,-36.1,4.967,5228.1,no
32,admin.,single,university.degree,unknown,yes,no,cellular,aug,wed,459,3,999,0,nonexistent,1.4,93.444,-36.1,4.967,5228.1,no
37,admin.,married,university.degree,unknown,no,no,cellular,aug,wed,739,1,999,0,nonexistent,1.4,93.444,-36.1,4.967,5228.1,yes
42,admin.,married,university.degree,no,no,no,cellular,aug,wed,21,5,999,0,nonexistent,1.4,93.444,-36.1,4.967,5228.1,no
35,admin.,married,university.degree,no,yes,no,cellular,aug,wed,252,5,999,0,nonexistent,1.4,93.444,-36.1,4.967,5228.1,no
46,management,married,high.school,no,no,no,cellular,aug,wed,322,5,999,0,nonexistent,1.4,93.444,-36.1,4.967,5228.1,no
43,technician,married,professional.course,unknown,no,no,cellular,aug,wed,54,3,999,0,nonexistent,1.4,93.444,-36.1,4.967,5228.1,no
58,retired,married,professional.course,no,yes,no,cellular,aug,wed,406,3,999,0,nonexistent,1.4,93.444,-36.1,4.967,5228.1,no
42,admin.,single,university.degree,no,no,no,cellular,aug,wed,286,3,999,0,nonexistent,1.4,93.444,-36.1,4.967,5228.1,no
57,blue-collar,married,basic.6y,no,no,no,cellular,aug,wed,433,3,999,0,nonexistent,1.4,93.444,-36.1,4.967,5228.1,no
43,admin.,single,university.degree,no,yes,yes,cellular,aug,wed,57,4,999,0,nonexistent,1.4,93.444,-36.1,4.967,5228.1,no
48,admin.,married,high.school,unknown,no,no,cellular,aug,wed,562,3,999,0,nonexistent,1.4,93.444,-36.1,4.967,5228.1,no
34,admin.,divorced,high.school,no,no,no,cellular,aug,wed,176,3,999,0,nonexistent,1.4,93.444,-36.1,4.967,5228.1,no
54,retired,married,high.school,no,no,no,cellular,aug,wed,543,4,999,0,nonexistent,1.4,93.444,-36.1,4.967,5228.1,no
42,technician,married,professional.course,no,yes,no,cellular,aug,wed,685,2,999,0,nonexistent,1.4,93.444,-36.1,4.967,5228.1,no
45,blue-collar,married,basic.9y,no,no,no,cellular,aug,wed,61,3,999,0,nonexistent,1.4,93.444,-36.1,4.967,5228.1,no
31,services,married,professional.course,unknown,no,yes,cellular,aug,wed,80,2,999,0,nonexistent,1.4,93.444,-36.1,4.967,5228.1,no
29,technician,single,university.degree,no,yes,yes,cellular,aug,wed,626,3,999,0,nonexistent,1.4,93.444,-36.1,4.967,5228.1,no
41,technician,married,high.school,no,yes,yes,cellular,aug,wed,105,6,999,0,nonexistent,1.4,93.444,-36.1,4.967,5228.1,no
49,management,married,university.degree,no,unknown,unknown,cellular,aug,wed,178,4,999,0,nonexistent,1.4,93.444,-36.1,4.967,5228.1,no
55,admin.,married,university.degree,no,no,no,cellular,aug,wed,54,6,999,0,nonexistent,1.4,93.444,-36.1,4.967,5228.1,no
29,management,married,university.degree,no,no,yes,cellular,aug,wed,181,2,999,0,nonexistent,1.4,93.444,-36.1,4.967,5228.1,no
47,entrepreneur,married,basic.6y,unknown,no,no,telephone,aug,wed,244,3,999,0,nonexistent,1.4,93.444,-36.1,4.967,5228.1,no
30,self-employed,single,university.degree,no,yes,yes,cellular,aug,wed,131,3,999,0,nonexistent,1.4,93.444,-36.1,4.967,5228.1,no
39,technician,married,high.school,no,yes,yes,cellular,aug,wed,132,2,999,0,nonexistent,1.4,93.444,-36.1,4.967,5228.1,no
47,management,married,university.degree,no,yes,yes,cellular,aug,wed,135,2,999,0,nonexistent,1.4,93.444,-36.1,4.967,5228.1,no
49,housemaid,married,university.degree,no,yes,no,cellular,aug,wed,210,2,999,0,nonexistent,1.4,93.444,-36.1,4.967,5228.1,no
31,technician,single,university.degree,no,yes,yes,cellular,aug,wed,107,2,999,0,nonexistent,1.4,93.444,-36.1,4.967,5228.1,no
52,blue-collar,married,basic.4y,unknown,yes,yes,cellular,aug,wed,1250,4,999,0,nonexistent,1.4,93.444,-36.1,4.967,5228.1,yes
42,technician,married,professional.course,no,yes,yes,cellular,aug,wed,40,2,999,0,nonexistent,1.4,93.444,-36.1,4.967,5228.1,no
46,management,married,high.school,no,yes,yes,cellular,aug,wed,1456,3,999,0,nonexistent,1.4,93.444,-36.1,4.967,5228.1,yes
35,technician,married,professional.course,no,yes,yes,cellular,aug,thu,122,3,999,0,nonexistent,1.4,93.444,-36.1,4.968,5228.1,no
42,technician,married,professional.course,no,yes,no,cellular,aug,thu,108,2,999,0,nonexistent,1.4,93.444,-36.1,4.968,5228.1,no
45,technician,divorced,professional.course,no,no,no,cellular,aug,thu,110,3,999,0,nonexistent,1.4,93.444,-36.1,4.968,5228.1,no
43,admin.,married,university.degree,no,yes,yes,cellular,aug,thu,297,7,999,0,nonexistent,1.4,93.444,-36.1,4.968,5228.1,no
48,technician,married,high.school,no,no,no,cellular,aug,thu,157,3,999,0,nonexistent,1.4,93.444,-36.1,4.968,5228.1,no
41,technician,married,unknown,unknown,yes,yes,cellular,aug,thu,93,1,999,0,nonexistent,1.4,93.444,-36.1,4.968,5228.1,no
37,technician,married,high.school,unknown,no,no,cellular,aug,thu,91,1,999,0,nonexistent,1.4,93.444,-36.1,4.968,5228.1,no
30,technician,single,university.degree,no,yes,yes,cellular,aug,thu,1288,3,999,0,nonexistent,1.4,93.444,-36.1,4.968,5228.1,yes
36,admin.,married,university.degree,no,no,no,cellular,aug,thu,187,1,999,0,nonexistent,1.4,93.444,-36.1,4.968,5228.1,no
44,technician,divorced,professional.course,no,yes,no,cellular,aug,thu,420,2,999,0,nonexistent,1.4,93.444,-36.1,4.968,5228.1,no
47,technician,married,professional.course,no,yes,no,cellular,aug,thu,117,1,999,0,nonexistent,1.4,93.444,-36.1,4.968,5228.1,no
47,blue-collar,married,basic.4y,no,no,no,cellular,aug,thu,82,1,999,0,nonexistent,1.4,93.444,-36.1,4.968,5228.1,no
39,technician,single,professional.course,no,no,no,cellular,aug,thu,122,1,999,0,nonexistent,1.4,93.444,-36.1,4.968,5228.1,no
39,technician,single,professional.course,no,yes,no,cellular,aug,thu,91,1,999,0,nonexistent,1.4,93.444,-36.1,4.968,5228.1,no
32,technician,single,university.degree,no,no,no,cellular,aug,thu,64,1,999,0,nonexistent,1.4,93.444,-36.1,4.968,5228.1,no
32,technician,married,university.degree,no,yes,no,cellular,aug,thu,67,1,999,0,nonexistent,1.4,93.444,-36.1,4.968,5228.1,no
47,blue-collar,married,basic.4y,no,yes,no,cellular,aug,thu,267,1,999,0,nonexistent,1.4,93.444,-36.1,4.968,5228.1,no
32,technician,married,university.degree,no,yes,no,cellular,aug,thu,74,1,999,0,nonexistent,1.4,93.444,-36.1,4.968,5228.1,no
32,technician,married,university.degree,no,no,yes,cellular,aug,thu,131,1,999,0,nonexistent,1.4,93.444,-36.1,4.968,5228.1,no
30,technician,single,university.degree,unknown,yes,no,cellular,aug,thu,78,1,999,0,nonexistent,1.4,93.444,-36.1,4.968,5228.1,no
32,technician,married,university.degree,no,yes,no,cellular,aug,thu,402,1,999,0,nonexistent,1.4,93.444,-36.1,4.968,5228.1,no
30,technician,single,university.degree,unknown,yes,no,cellular,aug,thu,123,1,999,0,nonexistent,1.4,93.444,-36.1,4.968,5228.1,no
30,technician,single,university.degree,unknown,no,no,cellular,aug,thu,132,1,999,0,nonexistent,1.4,93.444,-36.1,4.968,5228.1,no
32,admin.,single,university.degree,no,yes,yes,cellular,aug,thu,51,2,999,0,nonexistent,1.4,93.444,-36.1,4.968,5228.1,no
30,technician,married,high.school,no,no,no,cellular,aug,thu,51,1,999,0,nonexistent,1.4,93.444,-36.1,4.968,5228.1,no
39,technician,single,university.degree,no,no,no,cellular,aug,thu,163,1,999,0,nonexistent,1.4,93.444,-36.1,4.968,5228.1,no
30,technician,single,university.degree,unknown,no,no,cellular,aug,thu,666,1,999,0,nonexistent,1.4,93.444,-36.1,4.968,5228.1,no
38,admin.,married,university.degree,no,no,no,cellular,aug,thu,395,1,999,0,nonexistent,1.4,93.444,-36.1,4.968,5228.1,yes
38,admin.,married,university.degree,no,no,no,cellular,aug,thu,326,1,999,0,nonexistent,1.4,93.444,-36.1,4.968,5228.1,no
39,technician,single,university.degree,no,yes,no,cellular,aug,thu,292,1,999,0,nonexistent,1.4,93.444,-36.1,4.968,5228.1,no
48,admin.,married,high.school,no,no,no,cellular,aug,thu,663,2,999,0,nonexistent,1.4,93.444,-36.1,4.968,5228.1,yes
51,housemaid,married,basic.4y,unknown,no,yes,cellular,aug,thu,126,1,999,0,nonexistent,1.4,93.444,-36.1,4.968,5228.1,no
34,student,single,university.degree,no,no,no,cellular,aug,thu,387,1,999,0,nonexistent,1.4,93.444,-36.1,4.968,5228.1,no
29,admin.,married,university.degree,no,no,no,cellular,aug,thu,108,1,999,0,nonexistent,1.4,93.444,-36.1,4.968,5228.1,no
39,technician,single,professional.course,no,yes,no,cellular,aug,thu,142,1,999,0,nonexistent,1.4,93.444,-36.1,4.968,5228.1,no
48,blue-collar,married,basic.4y,unknown,yes,no,cellular,aug,thu,85,1,999,0,nonexistent,1.4,93.444,-36.1,4.968,5228.1,no
44,blue-collar,married,basic.9y,no,no,no,cellular,aug,thu,1056,1,999,0,nonexistent,1.4,93.444,-36.1,4.968,5228.1,yes
46,blue-collar,married,basic.9y,unknown,yes,no,cellular,aug,thu,48,1,999,0,nonexistent,1.4,93.444,-36.1,4.968,5228.1,no
39,technician,married,professional.course,no,yes,no,cellular,aug,thu,253,1,999,0,nonexistent,1.4,93.444,-36.1,4.968,5228.1,no
38,services,single,high.school,no,yes,no,cellular,aug,thu,228,1,999,0,nonexistent,1.4,93.444,-36.1,4.968,5228.1,no
46,blue-collar,married,basic.9y,unknown,no,no,cellular,aug,thu,124,1,999,0,nonexistent,1.4,93.444,-36.1,4.968,5228.1,no
30,student,single,university.degree,no,yes,yes,cellular,aug,thu,358,1,999,0,nonexistent,1.4,93.444,-36.1,4.968,5228.1,no
46,self-employed,married,basic.4y,no,no,yes,cellular,aug,thu,239,1,999,0,nonexistent,1.4,93.444,-36.1,4.968,5228.1,no
48,blue-collar,married,basic.4y,unknown,yes,no,cellular,aug,thu,84,1,999,0,nonexistent,1.4,93.444,-36.1,4.968,5228.1,no
48,blue-collar,married,basic.4y,unknown,no,yes,cellular,aug,thu,224,1,999,0,nonexistent,1.4,93.444,-36.1,4.968,5228.1,no
36,technician,married,university.degree,no,yes,yes,cellular,aug,thu,22,1,999,0,nonexistent,1.4,93.444,-36.1,4.968,5228.1,no
46,technician,single,professional.course,no,no,no,cellular,aug,thu,128,1,999,0,nonexistent,1.4,93.444,-36.1,4.968,5228.1,no
36,technician,married,university.degree,no,yes,no,cellular,aug,thu,131,1,999,0,nonexistent,1.4,93.444,-36.1,4.968,5228.1,no
35,technician,single,university.degree,no,yes,no,cellular,aug,thu,159,1,999,0,nonexistent,1.4,93.444,-36.1,4.968,5228.1,no
31,self-employed,married,basic.4y,unknown,yes,no,cellular,aug,thu,63,1,999,0,nonexistent,1.4,93.444,-36.1,4.968,5228.1,no
35,technician,single,university.degree,no,yes,yes,cellular,aug,thu,30,1,999,0,nonexistent,1.4,93.444,-36.1,4.968,5228.1,no
31,admin.,single,university.degree,no,yes,yes,cellular,aug,thu,1462,2,999,0,nonexistent,1.4,93.444,-36.1,4.968,5228.1,no
35,technician,single,university.degree,no,yes,yes,cellular,aug,thu,205,1,999,0,nonexistent,1.4,93.444,-36.1,4.968,5228.1,no
35,technician,single,university.degree,no,no,no,cellular,aug,thu,165,1,999,0,nonexistent,1.4,93.444,-36.1,4.968,5228.1,no
52,blue-collar,married,basic.9y,no,yes,no,cellular,aug,thu,152,1,999,0,nonexistent,1.4,93.444,-36.1,4.968,5228.1,no
29,technician,single,high.school,no,no,no,cellular,aug,thu,225,4,999,0,nonexistent,1.4,93.444,-36.1,4.968,5228.1,no
44,admin.,married,university.degree,unknown,yes,no,cellular,aug,thu,36,1,999,0,nonexistent,1.4,93.444,-36.1,4.968,5228.1,no
44,admin.,married,university.degree,unknown,yes,yes,cellular,aug,thu,163,1,999,0,nonexistent,1.4,93.444,-36.1,4.968,5228.1,no
41,admin.,single,university.degree,unknown,yes,no,cellular,aug,thu,566,3,999,0,nonexistent,1.4,93.444,-36.1,4.968,5228.1,yes
45,blue-collar,married,professional.course,no,yes,no,cellular,aug,thu,105,1,999,0,nonexistent,1.4,93.444,-36.1,4.968,5228.1,no
33,admin.,married,university.degree,no,yes,yes,cellular,aug,thu,1834,1,999,0,nonexistent,1.4,93.444,-36.1,4.968,5228.1,no
45,blue-collar,married,professional.course,no,no,no,cellular,aug,thu,398,1,999,0,nonexistent,1.4,93.444,-36.1,4.968,5228.1,no
49,housemaid,married,university.degree,no,yes,yes,cellular,aug,thu,131,1,999,0,nonexistent,1.4,93.444,-36.1,4.968,5228.1,no
33,admin.,married,university.degree,no,no,no,cellular,aug,thu,148,1,999,0,nonexistent,1.4,93.444,-36.1,4.968,5228.1,no
43,admin.,single,university.degree,no,no,yes,cellular,aug,thu,306,3,999,0,nonexistent,1.4,93.444,-36.1,4.968,5228.1,no
33,admin.,married,university.degree,no,no,yes,cellular,aug,thu,196,1,999,0,nonexistent,1.4,93.444,-36.1,4.968,5228.1,no
32,admin.,single,university.degree,no,yes,yes,cellular,aug,thu,1327,5,999,0,nonexistent,1.4,93.444,-36.1,4.968,5228.1,yes
31,admin.,divorced,university.degree,no,yes,no,cellular,aug,thu,46,1,999,0,nonexistent,1.4,93.444,-36.1,4.968,5228.1,no
38,services,single,high.school,no,yes,no,cellular,aug,thu,235,1,999,0,nonexistent,1.4,93.444,-36.1,4.968,5228.1,no
31,admin.,divorced,university.degree,no,yes,no,cellular,aug,thu,177,1,999,0,nonexistent,1.4,93.444,-36.1,4.968,5228.1,no
59,retired,married,professional.course,no,no,no,cellular,aug,thu,71,1,999,0,nonexistent,1.4,93.444,-36.1,4.968,5228.1,no
58,retired,married,professional.course,no,yes,yes,cellular,aug,thu,173,1,999,0,nonexistent,1.4,93.444,-36.1,4.968,5228.1,no
34,technician,divorced,university.degree,no,yes,yes,cellular,aug,thu,526,1,999,0,nonexistent,1.4,93.444,-36.1,4.968,5228.1,yes
33,technician,married,high.school,no,no,yes,cellular,aug,thu,401,2,999,0,nonexistent,1.4,93.444,-36.1,4.968,5228.1,yes
41,technician,divorced,university.degree,no,no,no,cellular,aug,thu,140,1,999,0,nonexistent,1.4,93.444,-36.1,4.968,5228.1,no
41,technician,divorced,university.degree,no,yes,no,cellular,aug,thu,95,1,999,0,nonexistent,1.4,93.444,-36.1,4.968,5228.1,no
41,technician,divorced,university.degree,no,no,no,cellular,aug,thu,86,1,999,0,nonexistent,1.4,93.444,-36.1,4.968,5228.1,no
40,housemaid,divorced,basic.9y,no,yes,no,cellular,aug,thu,144,1,999,0,nonexistent,1.4,93.444,-36.1,4.968,5228.1,no
31,admin.,single,university.degree,unknown,no,yes,cellular,aug,thu,116,1,999,0,nonexistent,1.4,93.444,-36.1,4.968,5228.1,no
31,admin.,single,university.degree,unknown,yes,no,cellular,aug,thu,67,1,999,0,nonexistent,1.4,93.444,-36.1,4.968,5228.1,no
35,technician,single,university.degree,no,no,no,cellular,aug,thu,92,2,999,0,nonexistent,1.4,93.444,-36.1,4.968,5228.1,no
32,technician,married,university.degree,no,no,no,cellular,aug,thu,137,1,999,0,nonexistent,1.4,93.444,-36.1,4.968,5228.1,no
42,admin.,divorced,university.degree,no,yes,no,cellular,aug,thu,85,3,999,0,nonexistent,1.4,93.444,-36.1,4.968,5228.1,no
32,technician,married,university.degree,no,no,no,cellular,aug,thu,251,1,999,0,nonexistent,1.4,93.444,-36.1,4.968,5228.1,no
48,services,married,basic.4y,unknown,no,no,cellular,aug,thu,88,1,999,0,nonexistent,1.4,93.444,-36.1,4.968,5228.1,no
48,services,married,basic.4y,unknown,yes,no,cellular,aug,thu,137,1,999,0,nonexistent,1.4,93.444,-36.1,4.968,5228.1,no
39,admin.,single,high.school,no,yes,no,cellular,aug,thu,73,1,999,0,nonexistent,1.4,93.444,-36.1,4.968,5228.1,no
39,admin.,single,high.school,no,no,yes,cellular,aug,thu,92,1,999,0,nonexistent,1.4,93.444,-36.1,4.968,5228.1,no
39,admin.,single,high.school,no,unknown,unknown,cellular,aug,thu,125,1,999,0,nonexistent,1.4,93.444,-36.1,4.968,5228.1,no
39,admin.,single,high.school,no,no,no,cellular,aug,thu,257,1,999,0,nonexistent,1.4,93.444,-36.1,4.968,5228.1,no
55,blue-collar,married,basic.4y,no,yes,no,cellular,aug,thu,100,1,999,0,nonexistent,1.4,93.444,-36.1,4.968,5228.1,no
49,admin.,married,basic.9y,unknown,no,yes,cellular,aug,thu,86,3,999,0,nonexistent,1.4,93.444,-36.1,4.968,5228.1,no
49,management,married,university.degree,no,yes,no,cellular,aug,thu,87,1,999,0,nonexistent,1.4,93.444,-36.1,4.968,5228.1,no
56,admin.,married,basic.6y,unknown,no,no,cellular,aug,thu,102,1,999,0,nonexistent,1.4,93.444,-36.1,4.968,5228.1,no
49,admin.,married,high.school,unknown,yes,no,cellular,aug,thu,82,1,999,0,nonexistent,1.4,93.444,-36.1,4.968,5228.1,no
44,admin.,divorced,university.degree,no,yes,no,cellular,aug,thu,169,1,999,0,nonexistent,1.4,93.444,-36.1,4.968,5228.1,no
53,blue-collar,married,basic.9y,unknown,yes,yes,cellular,aug,thu,64,1,999,0,nonexistent,1.4,93.444,-36.1,4.968,5228.1,no
31,admin.,married,high.school,no,no,no,cellular,aug,thu,57,1,999,0,nonexistent,1.4,93.444,-36.1,4.968,5228.1,no
33,technician,single,professional.course,no,no,no,cellular,aug,thu,14,1,999,0,nonexistent,1.4,93.444,-36.1,4.968,5228.1,no
41,technician,married,professional.course,no,yes,no,cellular,aug,thu,306,1,999,0,nonexistent,1.4,93.444,-36.1,4.968,5228.1,no
29,admin.,single,high.school,no,yes,no,cellular,aug,thu,61,1,999,0,nonexistent,1.4,93.444,-36.1,4.968,5228.1,no
41,unemployed,divorced,university.degree,unknown,yes,no,cellular,aug,thu,122,1,999,0,nonexistent,1.4,93.444,-36.1,4.968,5228.1,no
30,technician,single,university.degree,unknown,yes,no,cellular,aug,thu,103,2,999,0,nonexistent,1.4,93.444,-36.1,4.968,5228.1,no
36,admin.,married,university.degree,unknown,yes,no,cellular,aug,thu,94,1,999,0,nonexistent,1.4,93.444,-36.1,4.968,5228.1,no
50,blue-collar,married,basic.9y,unknown,no,no,cellular,aug,thu,203,1,999,0,nonexistent,1.4,93.444,-36.1,4.968,5228.1,no
36,admin.,married,university.degree,unknown,no,no,cellular,aug,thu,90,1,999,0,nonexistent,1.4,93.444,-36.1,4.968,5228.1,no
36,admin.,married,university.degree,unknown,no,no,cellular,aug,thu,111,1,999,0,nonexistent,1.4,93.444,-36.1,4.968,5228.1,no
45,self-employed,married,basic.4y,no,no,no,cellular,aug,thu,64,1,999,0,nonexistent,1.4,93.444,-36.1,4.968,5228.1,no
37,admin.,married,university.degree,unknown,no,no,cellular,aug,thu,105,1,999,0,nonexistent,1.4,93.444,-36.1,4.968,5228.1,no
37,admin.,married,university.degree,unknown,yes,no,cellular,aug,thu,244,1,999,0,nonexistent,1.4,93.444,-36.1,4.968,5228.1,no
59,retired,married,high.school,no,unknown,unknown,telephone,aug,thu,204,2,999,0,nonexistent,1.4,93.444,-36.1,4.968,5228.1,no
46,technician,single,university.degree,no,no,no,cellular,aug,thu,119,3,999,0,nonexistent,1.4,93.444,-36.1,4.968,5228.1,no
50,admin.,married,university.degree,no,no,no,cellular,aug,thu,88,2,999,0,nonexistent,1.4,93.444,-36.1,4.968,5228.1,no
38,housemaid,married,basic.4y,no,no,no,cellular,aug,thu,231,1,999,0,nonexistent,1.4,93.444,-36.1,4.968,5228.1,no
34,technician,married,high.school,no,yes,no,cellular,aug,thu,112,5,999,0,nonexistent,1.4,93.444,-36.1,4.968,5228.1,no
39,admin.,single,high.school,no,no,yes,cellular,aug,thu,216,2,999,0,nonexistent,1.4,93.444,-36.1,4.968,5228.1,no
56,retired,married,high.school,unknown,yes,no,cellular,aug,thu,252,2,999,0,nonexistent,1.4,93.444,-36.1,4.968,5228.1,no
31,services,married,professional.course,unknown,yes,no,cellular,aug,thu,133,5,999,0,nonexistent,1.4,93.444,-36.1,4.968,5228.1,no
56,blue-collar,married,basic.9y,no,yes,no,cellular,aug,thu,89,2,999,0,nonexistent,1.4,93.444,-36.1,4.968,5228.1,no
53,blue-collar,married,basic.9y,unknown,yes,no,cellular,aug,thu,504,2,999,0,nonexistent,1.4,93.444,-36.1,4.968,5228.1,no
45,blue-collar,married,basic.9y,no,yes,no,cellular,aug,thu,84,5,999,0,nonexistent,1.4,93.444,-36.1,4.968,5228.1,no
44,admin.,married,university.degree,no,no,no,cellular,aug,thu,84,10,999,0,nonexistent,1.4,93.444,-36.1,4.968,5228.1,no
48,services,married,basic.4y,unknown,no,yes,cellular,aug,thu,187,2,999,0,nonexistent,1.4,93.444,-36.1,4.968,5228.1,no
45,self-employed,married,basic.4y,no,yes,yes,cellular,aug,thu,266,2,999,0,nonexistent,1.4,93.444,-36.1,4.968,5228.1,no
31,admin.,married,high.school,no,no,no,cellular,aug,thu,155,2,999,0,nonexistent,1.4,93.444,-36.1,4.968,5228.1,no
29,services,single,professional.course,no,yes,yes,cellular,aug,thu,99,3,999,0,nonexistent,1.4,93.444,-36.1,4.968,5228.1,no
29,technician,single,high.school,no,yes,no,cellular,aug,thu,643,3,999,0,nonexistent,1.4,93.444,-36.1,4.968,5228.1,no
48,technician,married,professional.course,no,yes,no,cellular,aug,thu,107,2,999,0,nonexistent,1.4,93.444,-36.1,4.968,5228.1,no
39,admin.,married,university.degree,no,yes,no,cellular,aug,thu,90,2,999,0,nonexistent,1.4,93.444,-36.1,4.968,5228.1,no
50,technician,married,professional.course,no,yes,no,cellular,aug,thu,122,2,999,0,nonexistent,1.4,93.444,-36.1,4.968,5228.1,no
38,admin.,married,university.degree,no,no,no,cellular,aug,thu,89,2,999,0,nonexistent,1.4,93.444,-36.1,4.968,5228.1,no
42,management,married,university.degree,unknown,yes,no,cellular,aug,thu,109,5,999,0,nonexistent,1.4,93.444,-36.1,4.968,5228.1,no
29,admin.,single,university.degree,no,yes,no,cellular,aug,thu,228,3,999,0,nonexistent,1.4,93.444,-36.1,4.968,5228.1,no
35,management,married,university.degree,no,yes,no,cellular,aug,thu,76,1,999,0,nonexistent,1.4,93.444,-36.1,4.968,5228.1,no
39,management,married,university.degree,no,no,no,cellular,aug,thu,1321,6,999,0,nonexistent,1.4,93.444,-36.1,4.968,5228.1,yes
45,self-employed,married,basic.4y,no,yes,yes,cellular,aug,thu,797,1,999,0,nonexistent,1.4,93.444,-36.1,4.968,5228.1,yes
50,admin.,married,university.degree,no,no,no,cellular,aug,thu,407,2,999,0,nonexistent,1.4,93.444,-36.1,4.968,5228.1,no
33,admin.,married,university.degree,no,yes,no,cellular,aug,thu,59,1,999,0,nonexistent,1.4,93.444,-36.1,4.968,5228.1,no
33,admin.,married,university.degree,no,no,no,cellular,aug,thu,168,1,999,0,nonexistent,1.4,93.444,-36.1,4.968,5228.1,no
50,services,married,unknown,no,yes,no,cellular,aug,thu,90,2,999,0,nonexistent,1.4,93.444,-36.1,4.968,5228.1,no
45,admin.,divorced,university.degree,no,no,yes,cellular,aug,thu,205,4,999,0,nonexistent,1.4,93.444,-36.1,4.968,5228.1,no
39,admin.,married,university.degree,no,no,no,cellular,aug,thu,436,2,999,0,nonexistent,1.4,93.444,-36.1,4.968,5228.1,no
56,technician,married,professional.course,unknown,no,yes,cellular,aug,thu,190,1,999,0,nonexistent,1.4,93.444,-36.1,4.968,5228.1,no
54,admin.,single,university.degree,unknown,no,no,cellular,aug,thu,218,2,999,0,nonexistent,1.4,93.444,-36.1,4.968,5228.1,no
51,blue-collar,married,basic.4y,unknown,yes,yes,cellular,aug,thu,174,2,999,0,nonexistent,1.4,93.444,-36.1,4.968,5228.1,no
46,admin.,married,basic.9y,no,no,no,cellular,aug,thu,73,6,999,0,nonexistent,1.4,93.444,-36.1,4.968,5228.1,no
58,admin.,married,high.school,no,yes,no,cellular,aug,thu,107,1,999,0,nonexistent,1.4,93.444,-36.1,4.968,5228.1,no
34,management,married,university.degree,no,no,yes,cellular,aug,thu,82,2,999,0,nonexistent,1.4,93.444,-36.1,4.968,5228.1,no
30,admin.,married,university.degree,no,no,no,cellular,aug,thu,194,5,999,0,nonexistent,1.4,93.444,-36.1,4.968,5228.1,no
46,blue-collar,married,basic.9y,no,no,no,cellular,aug,thu,67,1,999,0,nonexistent,1.4,93.444,-36.1,4.968,5228.1,no
50,technician,married,professional.course,no,no,no,cellular,aug,thu,139,2,999,0,nonexistent,1.4,93.444,-36.1,4.968,5228.1,no
37,student,married,professional.course,unknown,no,no,cellular,aug,thu,266,1,999,0,nonexistent,1.4,93.444,-36.1,4.968,5228.1,no
37,admin.,single,university.degree,no,no,no,telephone,aug,thu,118,3,999,0,nonexistent,1.4,93.444,-36.1,4.968,5228.1,no
47,management,married,high.school,no,no,no,cellular,aug,thu,3422,1,999,0,nonexistent,1.4,93.444,-36.1,4.968,5228.1,no
49,technician,married,professional.course,unknown,yes,no,cellular,aug,thu,238,1,999,0,nonexistent,1.4,93.444,-36.1,4.968,5228.1,no
33,unknown,married,unknown,unknown,no,no,cellular,aug,thu,142,1,999,0,nonexistent,1.4,93.444,-36.1,4.968,5228.1,no
32,admin.,single,university.degree,no,no,no,cellular,aug,thu,159,2,999,0,nonexistent,1.4,93.444,-36.1,4.968,5228.1,no
41,self-employed,married,university.degree,no,no,no,cellular,aug,thu,314,2,999,0,nonexistent,1.4,93.444,-36.1,4.968,5228.1,no
38,services,single,high.school,no,yes,no,cellular,aug,thu,122,3,999,0,nonexistent,1.4,93.444,-36.1,4.968,5228.1,no
56,blue-collar,married,basic.4y,unknown,no,no,cellular,aug,thu,163,2,999,0,nonexistent,1.4,93.444,-36.1,4.968,5228.1,no
48,blue-collar,married,basic.4y,unknown,yes,no,cellular,aug,thu,115,3,999,0,nonexistent,1.4,93.444,-36.1,4.968,5228.1,no
33,admin.,married,university.degree,no,yes,no,cellular,aug,thu,83,1,999,0,nonexistent,1.4,93.444,-36.1,4.968,5228.1,no
30,technician,single,university.degree,unknown,yes,no,cellular,aug,thu,108,2,999,0,nonexistent,1.4,93.444,-36.1,4.968,5228.1,no
57,technician,married,high.school,no,no,no,cellular,aug,thu,1230,1,999,0,nonexistent,1.4,93.444,-36.1,4.968,5228.1,no
52,technician,divorced,high.school,no,yes,no,cellular,aug,thu,101,1,999,0,nonexistent,1.4,93.444,-36.1,4.968,5228.1,no
36,admin.,single,university.degree,no,no,no,cellular,aug,thu,110,1,999,0,nonexistent,1.4,93.444,-36.1,4.968,5228.1,no
36,admin.,single,university.degree,no,yes,no,cellular,aug,thu,117,1,999,0,nonexistent,1.4,93.444,-36.1,4.968,5228.1,no
57,admin.,married,university.degree,unknown,yes,no,cellular,aug,thu,74,1,999,0,nonexistent,1.4,93.444,-36.1,4.968,5228.1,no
36,admin.,married,high.school,unknown,yes,no,cellular,aug,thu,165,3,999,0,nonexistent,1.4,93.444,-36.1,4.968,5228.1,no
53,blue-collar,married,basic.4y,unknown,yes,no,cellular,aug,thu,446,1,999,0,nonexistent,1.4,93.444,-36.1,4.968,5228.1,no
54,admin.,married,university.degree,no,yes,no,cellular,aug,thu,201,2,999,0,nonexistent,1.4,93.444,-36.1,4.968,5228.1,no
37,housemaid,married,high.school,unknown,yes,no,cellular,aug,thu,481,1,999,0,nonexistent,1.4,93.444,-36.1,4.968,5228.1,no
46,technician,married,professional.course,unknown,no,no,cellular,aug,thu,166,3,999,0,nonexistent,1.4,93.444,-36.1,4.968,5228.1,no
57,admin.,single,university.degree,no,no,no,cellular,aug,thu,105,1,999,0,nonexistent,1.4,93.444,-36.1,4.968,5228.1,no
50,blue-collar,married,basic.4y,no,yes,no,cellular,aug,thu,198,4,999,0,nonexistent,1.4,93.444,-36.1,4.968,5228.1,no
50,entrepreneur,married,professional.course,no,yes,yes,cellular,aug,thu,184,1,999,0,nonexistent,1.4,93.444,-36.1,4.968,5228.1,no
41,admin.,divorced,university.degree,no,yes,no,cellular,aug,thu,339,3,999,0,nonexistent,1.4,93.444,-36.1,4.968,5228.1,no
51,technician,married,professional.course,no,yes,no,cellular,aug,thu,291,1,999,0,nonexistent,1.4,93.444,-36.1,4.968,5228.1,no
42,admin.,married,university.degree,no,yes,no,cellular,aug,thu,162,5,999,0,nonexistent,1.4,93.444,-36.1,4.968,5228.1,no
39,management,married,high.school,no,no,no,cellular,aug,thu,402,2,999,0,nonexistent,1.4,93.444,-36.1,4.968,5228.1,no
47,admin.,divorced,university.degree,no,no,no,cellular,aug,thu,235,7,999,0,nonexistent,1.4,93.444,-36.1,4.968,5228.1,no
36,admin.,married,high.school,unknown,no,no,cellular,aug,thu,324,3,999,0,nonexistent,1.4,93.444,-36.1,4.968,5228.1,no
32,admin.,married,high.school,no,no,no,cellular,aug,thu,876,1,999,0,nonexistent,1.4,93.444,-36.1,4.968,5228.1,yes
48,admin.,married,university.degree,no,yes,no,cellular,aug,thu,321,3,999,0,nonexistent,1.4,93.444,-36.1,4.968,5228.1,no
35,technician,married,professional.course,no,no,no,cellular,aug,thu,72,2,999,0,nonexistent,1.4,93.444,-36.1,4.968,5228.1,no
50,blue-collar,married,basic.9y,no,no,no,cellular,aug,thu,524,3,999,0,nonexistent,1.4,93.444,-36.1,4.968,5228.1,no
31,housemaid,married,basic.4y,no,no,no,cellular,aug,thu,235,1,999,0,nonexistent,1.4,93.444,-36.1,4.968,5228.1,no
31,housemaid,married,basic.4y,no,yes,no,cellular,aug,thu,248,1,999,0,nonexistent,1.4,93.444,-36.1,4.968,5228.1,no
48,technician,married,university.degree,unknown,yes,no,cellular,aug,thu,409,2,999,0,nonexistent,1.4,93.444,-36.1,4.968,5228.1,no
50,admin.,married,basic.9y,no,yes,no,cellular,aug,thu,61,1,999,0,nonexistent,1.4,93.444,-36.1,4.968,5228.1,no
50,admin.,married,basic.9y,no,no,no,cellular,aug,thu,84,1,999,0,nonexistent,1.4,93.444,-36.1,4.968,5228.1,no
55,retired,married,professional.course,no,yes,no,cellular,aug,thu,181,3,999,0,nonexistent,1.4,93.444,-36.1,4.968,5228.1,no
52,technician,married,professional.course,no,yes,no,cellular,aug,thu,88,3,999,0,nonexistent,1.4,93.444,-36.1,4.968,5228.1,no
38,technician,married,high.school,no,yes,no,cellular,aug,thu,452,3,999,0,nonexistent,1.4,93.444,-36.1,4.968,5228.1,no
45,admin.,married,basic.9y,no,no,no,cellular,aug,thu,524,5,999,0,nonexistent,1.4,93.444,-36.1,4.968,5228.1,no
56,technician,married,professional.course,no,yes,no,cellular,aug,thu,124,3,999,0,nonexistent,1.4,93.444,-36.1,4.968,5228.1,no
42,admin.,married,university.degree,unknown,yes,no,cellular,aug,thu,51,7,999,0,nonexistent,1.4,93.444,-36.1,4.968,5228.1,no
52,technician,single,professional.course,no,yes,no,cellular,aug,thu,365,5,999,0,nonexistent,1.4,93.444,-36.1,4.968,5228.1,no
48,blue-collar,married,basic.4y,unknown,no,no,cellular,aug,thu,90,3,999,0,nonexistent,1.4,93.444,-36.1,4.968,5228.1,no
32,admin.,divorced,university.degree,no,yes,no,telephone,aug,thu,262,7,999,0,nonexistent,1.4,93.444,-36.1,4.968,5228.1,no
39,admin.,married,university.degree,no,yes,no,cellular,aug,thu,217,3,999,0,nonexistent,1.4,93.444,-36.1,4.968,5228.1,no
40,admin.,single,university.degree,no,yes,no,cellular,aug,thu,123,3,999,0,nonexistent,1.4,93.444,-36.1,4.968,5228.1,no
34,technician,single,university.degree,no,yes,no,cellular,aug,thu,336,3,999,0,nonexistent,1.4,93.444,-36.1,4.968,5228.1,no
55,admin.,married,unknown,unknown,yes,no,cellular,aug,thu,197,4,999,0,nonexistent,1.4,93.444,-36.1,4.968,5228.1,no
44,self-employed,married,university.degree,no,no,no,cellular,aug,thu,242,4,999,0,nonexistent,1.4,93.444,-36.1,4.968,5228.1,no
45,blue-collar,married,basic.9y,no,yes,no,cellular,aug,thu,773,5,999,0,nonexistent,1.4,93.444,-36.1,4.968,5228.1,yes
49,technician,married,professional.course,unknown,yes,no,cellular,aug,thu,142,2,999,0,nonexistent,1.4,93.444,-36.1,4.968,5228.1,no
58,unemployed,married,professional.course,unknown,yes,no,cellular,aug,thu,147,3,999,0,nonexistent,1.4,93.444,-36.1,4.968,5228.1,no
34,admin.,single,university.degree,no,no,no,cellular,aug,thu,161,3,999,0,nonexistent,1.4,93.444,-36.1,4.968,5228.1,no
30,admin.,single,university.degree,no,no,no,cellular,aug,thu,1336,4,999,0,nonexistent,1.4,93.444,-36.1,4.968,5228.1,yes
45,blue-collar,married,high.school,unknown,no,no,cellular,aug,thu,124,3,999,0,nonexistent,1.4,93.444,-36.1,4.968,5228.1,no
56,admin.,married,university.degree,no,no,yes,cellular,aug,thu,260,3,999,0,nonexistent,1.4,93.444,-36.1,4.968,5228.1,no
48,blue-collar,married,basic.4y,unknown,yes,yes,cellular,aug,thu,111,5,999,0,nonexistent,1.4,93.444,-36.1,4.968,5228.1,no
48,blue-collar,married,basic.4y,unknown,no,yes,cellular,aug,thu,96,3,999,0,nonexistent,1.4,93.444,-36.1,4.968,5228.1,no
58,unemployed,married,professional.course,unknown,yes,no,cellular,aug,thu,191,2,999,0,nonexistent,1.4,93.444,-36.1,4.968,5228.1,no
50,entrepreneur,married,professional.course,unknown,yes,no,cellular,aug,thu,293,4,999,0,nonexistent,1.4,93.444,-36.1,4.968,5228.1,no
44,self-employed,married,university.degree,no,no,no,cellular,aug,thu,107,3,999,0,nonexistent,1.4,93.444,-36.1,4.968,5228.1,no
37,housemaid,married,high.school,unknown,no,yes,cellular,aug,thu,534,2,999,0,nonexistent,1.4,93.444,-36.1,4.968,5228.1,no
51,technician,divorced,professional.course,no,yes,no,cellular,aug,thu,158,3,999,0,nonexistent,1.4,93.444,-36.1,4.968,5228.1,no
38,housemaid,married,basic.6y,no,yes,no,cellular,aug,thu,256,3,999,0,nonexistent,1.4,93.444,-36.1,4.968,5228.1,no
58,unemployed,married,professional.course,unknown,no,no,cellular,aug,thu,123,3,999,0,nonexistent,1.4,93.444,-36.1,4.968,5228.1,no
31,admin.,single,university.degree,no,no,yes,cellular,aug,thu,173,3,999,0,nonexistent,1.4,93.444,-36.1,4.968,5228.1,no
36,admin.,married,high.school,unknown,yes,yes,cellular,aug,thu,163,5,999,0,nonexistent,1.4,93.444,-36.1,4.968,5228.1,no
45,technician,married,university.degree,no,no,no,telephone,aug,thu,430,3,999,0,nonexistent,1.4,93.444,-36.1,4.968,5228.1,no
32,admin.,married,university.degree,no,no,no,cellular,aug,thu,258,2,999,0,nonexistent,1.4,93.444,-36.1,4.968,5228.1,no
45,blue-collar,married,basic.4y,no,yes,yes,cellular,aug,thu,163,3,999,0,nonexistent,1.4,93.444,-36.1,4.968,5228.1,no
31,technician,married,university.degree,no,yes,yes,cellular,aug,thu,265,3,999,0,nonexistent,1.4,93.444,-36.1,4.968,5228.1,no
38,management,married,university.degree,no,yes,no,telephone,aug,thu,35,4,999,0,nonexistent,1.4,93.444,-36.1,4.968,5228.1,no
38,admin.,married,university.degree,no,yes,no,cellular,aug,thu,191,3,999,0,nonexistent,1.4,93.444,-36.1,4.968,5228.1,no
30,admin.,single,university.degree,no,no,no,cellular,aug,thu,152,4,999,0,nonexistent,1.4,93.444,-36.1,4.968,5228.1,no
30,technician,single,professional.course,no,yes,no,cellular,aug,thu,93,4,999,0,nonexistent,1.4,93.444,-36.1,4.968,5228.1,no
34,technician,single,university.degree,no,yes,no,cellular,aug,thu,385,4,999,0,nonexistent,1.4,93.444,-36.1,4.968,5228.1,no
59,unemployed,married,professional.course,no,no,no,cellular,aug,thu,82,3,999,0,nonexistent,1.4,93.444,-36.1,4.968,5228.1,no
34,admin.,single,university.degree,no,yes,no,cellular,aug,thu,419,3,999,0,nonexistent,1.4,93.444,-36.1,4.968,5228.1,no
30,admin.,married,high.school,no,no,no,cellular,aug,thu,390,3,999,0,nonexistent,1.4,93.444,-36.1,4.968,5228.1,no
30,admin.,single,university.degree,no,no,yes,cellular,aug,thu,185,4,999,0,nonexistent,1.4,93.444,-36.1,4.968,5228.1,no
46,services,married,basic.6y,no,yes,no,cellular,aug,thu,160,3,999,0,nonexistent,1.4,93.444,-36.1,4.968,5228.1,no
51,admin.,divorced,university.degree,no,yes,no,cellular,aug,thu,218,6,999,0,nonexistent,1.4,93.444,-36.1,4.968,5228.1,no
46,technician,married,professional.course,unknown,yes,no,cellular,aug,thu,721,5,999,0,nonexistent,1.4,93.444,-36.1,4.968,5228.1,no
39,management,married,high.school,no,no,no,cellular,aug,fri,215,3,999,0,nonexistent,1.4,93.444,-36.1,4.966,5228.1,no
47,technician,married,high.school,unknown,yes,no,cellular,aug,fri,152,5,999,0,nonexistent,1.4,93.444,-36.1,4.966,5228.1,no
33,self-employed,married,university.degree,no,no,no,cellular,aug,fri,36,7,999,0,nonexistent,1.4,93.444,-36.1,4.966,5228.1,no
51,blue-collar,married,basic.4y,unknown,no,no,cellular,aug,fri,153,1,999,0,nonexistent,1.4,93.444,-36.1,4.966,5228.1,no
51,blue-collar,married,basic.4y,unknown,no,no,cellular,aug,fri,116,1,999,0,nonexistent,1.4,93.444,-36.1,4.966,5228.1,no
42,admin.,married,university.degree,no,yes,no,cellular,aug,fri,231,1,999,0,nonexistent,1.4,93.444,-36.1,4.966,5228.1,no
51,blue-collar,married,basic.4y,unknown,yes,yes,cellular,aug,fri,129,1,999,0,nonexistent,1.4,93.444,-36.1,4.966,5228.1,no
31,technician,single,professional.course,no,no,no,cellular,aug,fri,193,2,999,0,nonexistent,1.4,93.444,-36.1,4.966,5228.1,yes
31,entrepreneur,married,university.degree,no,yes,no,cellular,aug,fri,138,1,999,0,nonexistent,1.4,93.444,-36.1,4.966,5228.1,no
31,entrepreneur,married,university.degree,no,no,no,cellular,aug,fri,188,1,999,0,nonexistent,1.4,93.444,-36.1,4.966,5228.1,no
34,admin.,single,university.degree,no,yes,yes,cellular,aug,fri,191,3,999,0,nonexistent,1.4,93.444,-36.1,4.966,5228.1,no
50,entrepreneur,married,professional.course,unknown,yes,no,cellular,aug,fri,1306,4,999,0,nonexistent,1.4,93.444,-36.1,4.966,5228.1,yes
35,technician,married,high.school,no,no,no,telephone,aug,fri,243,1,999,0,nonexistent,1.4,93.444,-36.1,4.966,5228.1,yes
31,admin.,married,university.degree,no,no,yes,cellular,aug,fri,96,2,999,0,nonexistent,1.4,93.444,-36.1,4.966,5228.1,no
37,technician,married,professional.course,no,no,no,cellular,aug,fri,188,1,999,0,nonexistent,1.4,93.444,-36.1,4.966,5228.1,no
31,admin.,married,professional.course,unknown,yes,no,cellular,aug,fri,126,1,999,0,nonexistent,1.4,93.444,-36.1,4.966,5228.1,no
38,technician,divorced,professional.course,no,yes,no,cellular,aug,fri,130,1,999,0,nonexistent,1.4,93.444,-36.1,4.966,5228.1,no
33,admin.,married,university.degree,no,no,no,cellular,aug,fri,58,1,999,0,nonexistent,1.4,93.444,-36.1,4.966,5228.1,no
38,technician,divorced,professional.course,no,yes,no,cellular,aug,fri,117,1,999,0,nonexistent,1.4,93.444,-36.1,4.966,5228.1,no
32,admin.,married,high.school,no,no,no,cellular,aug,fri,52,8,999,0,nonexistent,1.4,93.444,-36.1,4.966,5228.1,no
38,technician,divorced,professional.course,no,yes,no,cellular,aug,fri,550,1,999,0,nonexistent,1.4,93.444,-36.1,4.966,5228.1,no
47,services,married,high.school,no,no,no,cellular,aug,fri,130,1,999,0,nonexistent,1.4,93.444,-36.1,4.966,5228.1,no
57,admin.,married,university.degree,unknown,yes,no,cellular,aug,fri,161,1,999,0,nonexistent,1.4,93.444,-36.1,4.966,5228.1,no
51,technician,divorced,professional.course,no,no,yes,cellular,aug,fri,50,3,999,0,nonexistent,1.4,93.444,-36.1,4.966,5228.1,no
50,unemployed,married,professional.course,unknown,no,no,cellular,aug,fri,135,1,999,0,nonexistent,1.4,93.444,-36.1,4.966,5228.1,no
36,technician,divorced,university.degree,no,yes,no,cellular,aug,fri,207,1,999,0,nonexistent,1.4,93.444,-36.1,4.966,5228.1,no
50,unemployed,married,professional.course,unknown,yes,no,cellular,aug,fri,133,1,999,0,nonexistent,1.4,93.444,-36.1,4.966,5228.1,no
57,retired,married,professional.course,no,yes,no,cellular,aug,fri,282,3,999,0,nonexistent,1.4,93.444,-36.1,4.966,5228.1,no
33,technician,married,high.school,unknown,no,no,cellular,aug,fri,442,1,999,0,nonexistent,1.4,93.444,-36.1,4.966,5228.1,no
35,admin.,single,university.degree,no,yes,no,cellular,aug,fri,299,4,999,0,nonexistent,1.4,93.444,-36.1,4.966,5228.1,no
47,self-employed,married,basic.9y,no,yes,no,cellular,aug,fri,146,1,999,0,nonexistent,1.4,93.444,-36.1,4.966,5228.1,no
33,housemaid,married,basic.9y,no,yes,no,cellular,aug,fri,147,1,999,0,nonexistent,1.4,93.444,-36.1,4.966,5228.1,no
51,technician,married,university.degree,unknown,no,no,cellular,aug,fri,82,1,999,0,nonexistent,1.4,93.444,-36.1,4.966,5228.1,no
34,technician,married,professional.course,no,yes,no,cellular,aug,fri,31,1,999,0,nonexistent,1.4,93.444,-36.1,4.966,5228.1,no
31,admin.,single,university.degree,no,yes,no,cellular,aug,fri,292,1,999,0,nonexistent,1.4,93.444,-36.1,4.966,5228.1,no
34,technician,married,professional.course,no,no,no,cellular,aug,fri,161,1,999,0,nonexistent,1.4,93.444,-36.1,4.966,5228.1,no
46,entrepreneur,married,basic.9y,no,no,no,cellular,aug,fri,169,1,999,0,nonexistent,1.4,93.444,-36.1,4.966,5228.1,no
51,blue-collar,married,basic.4y,unknown,yes,no,cellular,aug,fri,207,1,999,0,nonexistent,1.4,93.444,-36.1,4.966,5228.1,no
51,blue-collar,married,basic.4y,unknown,yes,no,cellular,aug,fri,205,1,999,0,nonexistent,1.4,93.444,-36.1,4.966,5228.1,no
38,management,married,university.degree,no,yes,no,cellular,aug,fri,102,1,999,0,nonexistent,1.4,93.444,-36.1,4.966,5228.1,no
47,admin.,married,high.school,no,yes,no,cellular,aug,fri,106,1,999,0,nonexistent,1.4,93.444,-36.1,4.966,5228.1,no
45,technician,married,high.school,no,yes,yes,cellular,aug,fri,243,1,999,0,nonexistent,1.4,93.444,-36.1,4.966,5228.1,no
58,retired,married,high.school,no,yes,no,cellular,aug,fri,166,1,999,0,nonexistent,1.4,93.444,-36.1,4.966,5228.1,no
47,services,married,high.school,no,yes,no,cellular,aug,fri,207,1,999,0,nonexistent,1.4,93.444,-36.1,4.966,5228.1,no
34,admin.,married,university.degree,no,yes,no,cellular,aug,fri,193,1,999,0,nonexistent,1.4,93.444,-36.1,4.966,5228.1,no
54,blue-collar,married,basic.9y,no,yes,no,cellular,aug,fri,129,5,999,0,nonexistent,1.4,93.444,-36.1,4.966,5228.1,no
47,services,married,high.school,no,yes,yes,cellular,aug,fri,502,1,999,0,nonexistent,1.4,93.444,-36.1,4.966,5228.1,no
30,technician,single,professional.course,no,yes,no,cellular,aug,fri,126,1,999,0,nonexistent,1.4,93.444,-36.1,4.966,5228.1,no
39,management,married,university.degree,no,no,no,cellular,aug,fri,31,1,999,0,nonexistent,1.4,93.444,-36.1,4.966,5228.1,no
39,management,married,university.degree,no,no,no,cellular,aug,fri,155,1,999,0,nonexistent,1.4,93.444,-36.1,4.966,5228.1,no
31,technician,married,professional.course,unknown,no,no,cellular,aug,fri,93,1,999,0,nonexistent,1.4,93.444,-36.1,4.966,5228.1,no
44,admin.,divorced,university.degree,no,no,no,cellular,aug,fri,85,6,999,0,nonexistent,1.4,93.444,-36.1,4.966,5228.1,no
51,admin.,divorced,high.school,no,no,no,cellular,aug,fri,215,1,999,0,nonexistent,1.4,93.444,-36.1,4.966,5228.1,no
53,technician,divorced,professional.course,no,no,no,cellular,aug,fri,75,1,999,0,nonexistent,1.4,93.444,-36.1,4.966,5228.1,no
30,admin.,single,university.degree,no,yes,no,cellular,aug,fri,118,1,999,0,nonexistent,1.4,93.444,-36.1,4.966,5228.1,no
45,blue-collar,married,basic.4y,unknown,no,no,cellular,aug,fri,191,1,999,0,nonexistent,1.4,93.444,-36.1,4.966,5228.1,no
38,admin.,married,university.degree,no,no,no,cellular,aug,fri,111,1,999,0,nonexistent,1.4,93.444,-36.1,4.966,5228.1,no
56,housemaid,married,basic.4y,unknown,no,no,cellular,aug,fri,87,1,999,0,nonexistent,1.4,93.444,-36.1,4.966,5228.1,no
51,blue-collar,married,basic.4y,unknown,no,no,cellular,aug,fri,102,2,999,0,nonexistent,1.4,93.444,-36.1,4.966,5228.1,no
44,management,married,university.degree,no,no,no,cellular,aug,fri,261,1,999,0,nonexistent,1.4,93.444,-36.1,4.966,5228.1,no
40,technician,single,university.degree,no,yes,yes,cellular,aug,fri,150,2,999,0,nonexistent,1.4,93.444,-36.1,4.966,5228.1,no
36,blue-collar,married,professional.course,no,no,no,cellular,aug,fri,258,1,999,0,nonexistent,1.4,93.444,-36.1,4.966,5228.1,no
51,services,married,high.school,no,yes,no,cellular,aug,fri,241,4,999,0,nonexistent,1.4,93.444,-36.1,4.966,5228.1,no
36,technician,married,professional.course,no,no,no,cellular,aug,fri,94,1,999,0,nonexistent,1.4,93.444,-36.1,4.966,5228.1,no
48,technician,married,university.degree,unknown,no,no,cellular,aug,fri,109,2,999,0,nonexistent,1.4,93.444,-36.1,4.966,5228.1,no
47,self-employed,married,basic.9y,no,yes,no,cellular,aug,fri,97,2,999,0,nonexistent,1.4,93.444,-36.1,4.966,5228.1,no
45,blue-collar,married,basic.4y,unknown,yes,no,cellular,aug,fri,994,1,999,0,nonexistent,1.4,93.444,-36.1,4.966,5228.1,yes
57,technician,married,high.school,unknown,no,yes,cellular,aug,fri,257,1,999,0,nonexistent,1.4,93.444,-36.1,4.966,5228.1,no
38,admin.,married,university.degree,no,yes,no,cellular,aug,fri,175,1,999,0,nonexistent,1.4,93.444,-36.1,4.966,5228.1,no
44,admin.,single,university.degree,no,no,no,cellular,aug,fri,112,1,999,0,nonexistent,1.4,93.444,-36.1,4.966,5228.1,no
36,admin.,married,professional.course,no,no,no,cellular,aug,fri,75,1,999,0,nonexistent,1.4,93.444,-36.1,4.966,5228.1,no
36,admin.,married,professional.course,no,no,no,cellular,aug,fri,172,1,999,0,nonexistent,1.4,93.444,-36.1,4.966,5228.1,no
36,admin.,married,university.degree,unknown,no,no,cellular,aug,fri,169,2,999,0,nonexistent,1.4,93.444,-36.1,4.966,5228.1,no
32,technician,married,university.degree,no,no,no,cellular,aug,fri,198,1,999,0,nonexistent,1.4,93.444,-36.1,4.966,5228.1,no
45,blue-collar,married,basic.4y,no,no,no,cellular,aug,fri,507,2,999,0,nonexistent,1.4,93.444,-36.1,4.966,5228.1,yes
36,technician,married,professional.course,no,yes,no,cellular,aug,fri,197,1,999,0,nonexistent,1.4,93.444,-36.1,4.966,5228.1,no
33,admin.,married,professional.course,no,yes,no,cellular,aug,fri,130,2,999,0,nonexistent,1.4,93.444,-36.1,4.966,5228.1,no
44,admin.,single,university.degree,no,no,no,cellular,aug,fri,84,2,999,0,nonexistent,1.4,93.444,-36.1,4.966,5228.1,no
57,technician,married,high.school,unknown,no,no,cellular,aug,fri,784,1,999,0,nonexistent,1.4,93.444,-36.1,4.966,5228.1,yes
31,housemaid,married,basic.4y,no,no,no,cellular,aug,fri,172,5,999,0,nonexistent,1.4,93.444,-36.1,4.966,5228.1,no
49,admin.,married,high.school,no,yes,no,cellular,aug,fri,183,1,999,0,nonexistent,1.4,93.444,-36.1,4.966,5228.1,no
50,blue-collar,married,basic.4y,unknown,yes,no,cellular,aug,fri,80,1,999,0,nonexistent,1.4,93.444,-36.1,4.966,5228.1,no
34,admin.,married,university.degree,no,yes,no,cellular,aug,fri,80,1,999,0,nonexistent,1.4,93.444,-36.1,4.966,5228.1,no
37,admin.,married,high.school,unknown,no,no,cellular,aug,fri,45,1,999,0,nonexistent,1.4,93.444,-36.1,4.966,5228.1,no
50,blue-collar,married,basic.4y,unknown,yes,no,cellular,aug,fri,249,1,999,0,nonexistent,1.4,93.444,-36.1,4.966,5228.1,no
32,admin.,married,university.degree,unknown,yes,no,cellular,aug,fri,150,1,999,0,nonexistent,1.4,93.444,-36.1,4.966,5228.1,no
45,admin.,married,high.school,unknown,yes,yes,cellular,aug,fri,111,1,999,0,nonexistent,1.4,93.444,-36.1,4.966,5228.1,no
32,admin.,married,university.degree,unknown,no,no,cellular,aug,fri,298,1,999,0,nonexistent,1.4,93.444,-36.1,4.966,5228.1,no
29,technician,single,high.school,no,no,no,cellular,aug,fri,31,1,999,0,nonexistent,1.4,93.444,-36.1,4.966,5228.1,no
42,admin.,single,university.degree,no,no,no,cellular,aug,fri,353,1,999,0,nonexistent,1.4,93.444,-36.1,4.966,5228.1,no
36,technician,married,professional.course,unknown,no,no,cellular,aug,fri,201,1,999,0,nonexistent,1.4,93.444,-36.1,4.966,5228.1,no
29,technician,single,high.school,no,no,no,cellular,aug,fri,104,1,999,0,nonexistent,1.4,93.444,-36.1,4.966,5228.1,no
33,admin.,married,university.degree,no,unknown,unknown,cellular,aug,fri,74,2,999,0,nonexistent,1.4,93.444,-36.1,4.966,5228.1,no
46,admin.,married,professional.course,no,yes,no,cellular,aug,fri,75,1,999,0,nonexistent,1.4,93.444,-36.1,4.966,5228.1,no
35,housemaid,married,university.degree,unknown,no,yes,cellular,aug,fri,189,1,999,0,nonexistent,1.4,93.444,-36.1,4.966,5228.1,no
46,admin.,married,professional.course,no,no,no,cellular,aug,fri,385,1,999,0,nonexistent,1.4,93.444,-36.1,4.966,5228.1,no
32,admin.,single,university.degree,no,yes,no,cellular,aug,fri,233,1,999,0,nonexistent,1.4,93.444,-36.1,4.966,5228.1,no
58,admin.,married,university.degree,no,yes,no,cellular,aug,fri,124,2,999,0,nonexistent,1.4,93.444,-36.1,4.966,5228.1,no
47,entrepreneur,married,high.school,no,unknown,unknown,cellular,aug,fri,86,3,999,0,nonexistent,1.4,93.444,-36.1,4.966,5228.1,no
50,services,married,basic.4y,no,no,no,cellular,aug,fri,95,1,999,0,nonexistent,1.4,93.444,-36.1,4.966,5228.1,no
44,services,married,high.school,unknown,yes,yes,cellular,aug,fri,34,1,999,0,nonexistent,1.4,93.444,-36.1,4.966,5228.1,no
44,services,married,high.school,unknown,yes,yes,cellular,aug,fri,324,1,999,0,nonexistent,1.4,93.444,-36.1,4.966,5228.1,no
29,admin.,single,university.degree,unknown,yes,no,cellular,aug,fri,156,1,999,0,nonexistent,1.4,93.444,-36.1,4.966,5228.1,no
29,admin.,single,university.degree,unknown,yes,no,cellular,aug,fri,124,1,999,0,nonexistent,1.4,93.444,-36.1,4.966,5228.1,no
29,admin.,single,university.degree,unknown,yes,no,cellular,aug,fri,163,1,999,0,nonexistent,1.4,93.444,-36.1,4.966,5228.1,no
49,technician,married,professional.course,unknown,unknown,unknown,cellular,aug,fri,254,2,999,0,nonexistent,1.4,93.444,-36.1,4.966,5228.1,no
52,blue-collar,married,basic.4y,no,no,no,cellular,aug,fri,151,1,999,0,nonexistent,1.4,93.444,-36.1,4.966,5228.1,no
52,blue-collar,married,basic.4y,no,no,no,cellular,aug,fri,109,1,999,0,nonexistent,1.4,93.444,-36.1,4.966,5228.1,no
52,blue-collar,married,basic.9y,no,no,no,cellular,aug,fri,809,1,999,0,nonexistent,1.4,93.444,-36.1,4.966,5228.1,yes
60,admin.,married,university.degree,no,yes,yes,cellular,aug,fri,138,1,999,0,nonexistent,1.4,93.444,-36.1,4.966,5228.1,no
29,technician,married,professional.course,no,yes,no,cellular,aug,fri,112,1,999,0,nonexistent,1.4,93.444,-36.1,4.966,5228.1,no
29,technician,married,professional.course,no,yes,no,cellular,aug,fri,94,1,999,0,nonexistent,1.4,93.444,-36.1,4.966,5228.1,no
35,admin.,married,university.degree,unknown,no,no,cellular,aug,fri,70,1,999,0,nonexistent,1.4,93.444,-36.1,4.966,5228.1,no
46,admin.,married,high.school,unknown,no,no,cellular,aug,fri,49,3,999,0,nonexistent,1.4,93.444,-36.1,4.966,5228.1,no
42,technician,married,university.degree,no,no,no,cellular,aug,fri,321,1,999,0,nonexistent,1.4,93.444,-36.1,4.966,5228.1,no
50,blue-collar,married,basic.6y,no,yes,no,cellular,aug,fri,433,1,999,0,nonexistent,1.4,93.444,-36.1,4.966,5228.1,no
36,technician,married,university.degree,no,yes,no,cellular,aug,fri,124,1,999,0,nonexistent,1.4,93.444,-36.1,4.966,5228.1,no
36,technician,married,university.degree,no,unknown,unknown,cellular,aug,fri,248,1,999,0,nonexistent,1.4,93.444,-36.1,4.966,5228.1,no
42,technician,married,university.degree,no,yes,no,cellular,aug,fri,103,5,999,0,nonexistent,1.4,93.444,-36.1,4.966,5228.1,no
35,admin.,married,university.degree,no,yes,no,cellular,aug,fri,417,1,999,0,nonexistent,1.4,93.444,-36.1,4.966,5228.1,no
33,admin.,married,university.degree,no,yes,no,cellular,aug,fri,111,1,999,0,nonexistent,1.4,93.444,-36.1,4.966,5228.1,no
40,admin.,married,university.degree,no,no,yes,cellular,aug,fri,200,2,999,0,nonexistent,1.4,93.444,-36.1,4.966,5228.1,no
34,technician,married,professional.course,no,yes,no,cellular,aug,fri,189,1,999,0,nonexistent,1.4,93.444,-36.1,4.966,5228.1,no
34,technician,married,professional.course,no,yes,no,cellular,aug,fri,201,1,999,0,nonexistent,1.4,93.444,-36.1,4.966,5228.1,no
34,technician,married,professional.course,no,yes,no,cellular,aug,fri,50,1,999,0,nonexistent,1.4,93.444,-36.1,4.966,5228.1,no
54,admin.,married,high.school,no,yes,no,cellular,aug,fri,107,1,999,0,nonexistent,1.4,93.444,-36.1,4.966,5228.1,no
29,admin.,single,university.degree,unknown,no,no,cellular,aug,fri,521,2,999,0,nonexistent,1.4,93.444,-36.1,4.966,5228.1,no
51,housemaid,married,basic.4y,unknown,no,no,cellular,aug,fri,253,1,999,0,nonexistent,1.4,93.444,-36.1,4.966,5228.1,no
37,technician,married,professional.course,no,yes,no,cellular,aug,fri,73,4,999,0,nonexistent,1.4,93.444,-36.1,4.966,5228.1,no
40,technician,married,high.school,no,yes,no,cellular,aug,fri,419,1,999,0,nonexistent,1.4,93.444,-36.1,4.966,5228.1,yes
34,technician,married,professional.course,no,no,yes,cellular,aug,fri,118,1,999,0,nonexistent,1.4,93.444,-36.1,4.966,5228.1,no
53,blue-collar,married,basic.4y,unknown,yes,no,cellular,aug,fri,169,1,999,0,nonexistent,1.4,93.444,-36.1,4.966,5228.1,no
45,admin.,married,high.school,unknown,unknown,unknown,cellular,aug,fri,215,2,999,0,nonexistent,1.4,93.444,-36.1,4.966,5228.1,no
40,technician,single,university.degree,no,yes,no,cellular,aug,fri,117,2,999,0,nonexistent,1.4,93.444,-36.1,4.966,5228.1,no
44,services,married,high.school,unknown,yes,no,cellular,aug,fri,629,2,999,0,nonexistent,1.4,93.444,-36.1,4.966,5228.1,no
38,admin.,married,university.degree,no,yes,no,cellular,aug,fri,82,7,999,0,nonexistent,1.4,93.444,-36.1,4.966,5228.1,no
41,technician,married,university.degree,no,no,yes,cellular,aug,fri,133,2,999,0,nonexistent,1.4,93.444,-36.1,4.966,5228.1,no
40,admin.,single,university.degree,unknown,yes,no,cellular,aug,fri,876,2,999,0,nonexistent,1.4,93.444,-36.1,4.966,5228.1,no
33,technician,single,professional.course,no,yes,yes,cellular,aug,fri,125,1,999,0,nonexistent,1.4,93.444,-36.1,4.966,5228.1,no
53,services,married,high.school,no,yes,no,cellular,aug,fri,236,1,999,0,nonexistent,1.4,93.444,-36.1,4.966,5228.1,no
36,admin.,married,university.degree,no,yes,no,cellular,aug,fri,194,2,999,0,nonexistent,1.4,93.444,-36.1,4.966,5228.1,no
44,technician,divorced,high.school,unknown,yes,no,cellular,aug,fri,229,1,999,0,nonexistent,1.4,93.444,-36.1,4.966,5228.1,no
30,technician,single,professional.course,no,yes,no,cellular,aug,fri,445,1,999,0,nonexistent,1.4,93.444,-36.1,4.966,5228.1,no
42,technician,married,university.degree,no,no,yes,cellular,aug,fri,124,2,999,0,nonexistent,1.4,93.444,-36.1,4.966,5228.1,no
58,admin.,married,basic.9y,unknown,no,no,cellular,aug,fri,131,1,999,0,nonexistent,1.4,93.444,-36.1,4.966,5228.1,no
35,admin.,single,university.degree,no,no,yes,telephone,aug,fri,91,1,999,0,nonexistent,1.4,93.444,-36.1,4.966,5228.1,no
52,blue-collar,married,basic.4y,no,yes,no,cellular,aug,fri,362,2,999,0,nonexistent,1.4,93.444,-36.1,4.966,5228.1,no
46,services,married,basic.6y,no,yes,no,cellular,aug,fri,16,5,999,0,nonexistent,1.4,93.444,-36.1,4.966,5228.1,no
33,technician,married,high.school,no,no,no,cellular,aug,fri,108,1,999,0,nonexistent,1.4,93.444,-36.1,4.966,5228.1,no
60,admin.,married,university.degree,no,no,no,cellular,aug,fri,176,2,999,0,nonexistent,1.4,93.444,-36.1,4.966,5228.1,no
51,admin.,married,university.degree,no,yes,no,cellular,aug,fri,51,1,999,0,nonexistent,1.4,93.444,-36.1,4.966,5228.1,no
47,blue-collar,married,unknown,unknown,yes,no,cellular,aug,fri,310,3,999,0,nonexistent,1.4,93.444,-36.1,4.966,5228.1,no
57,retired,married,unknown,unknown,no,no,cellular,aug,fri,153,6,999,0,nonexistent,1.4,93.444,-36.1,4.966,5228.1,no
37,technician,divorced,professional.course,no,no,no,cellular,aug,fri,780,2,999,0,nonexistent,1.4,93.444,-36.1,4.966,5228.1,yes
34,technician,single,high.school,unknown,no,no,telephone,aug,fri,46,2,999,0,nonexistent,1.4,93.444,-36.1,4.966,5228.1,no
38,technician,married,professional.course,unknown,no,no,cellular,aug,fri,155,2,999,0,nonexistent,1.4,93.444,-36.1,4.966,5228.1,no
38,technician,married,professional.course,unknown,no,no,cellular,aug,fri,185,2,999,0,nonexistent,1.4,93.444,-36.1,4.966,5228.1,no
30,admin.,single,university.degree,no,no,no,cellular,aug,fri,459,1,999,0,nonexistent,1.4,93.444,-36.1,4.966,5228.1,yes
30,technician,single,professional.course,no,no,no,cellular,aug,fri,153,5,999,0,nonexistent,1.4,93.444,-36.1,4.966,5228.1,no
38,technician,single,professional.course,no,yes,no,cellular,aug,fri,87,1,999,0,nonexistent,1.4,93.444,-36.1,4.966,5228.1,no
37,admin.,single,university.degree,no,no,no,cellular,aug,fri,62,1,999,0,nonexistent,1.4,93.444,-36.1,4.966,5228.1,no
34,admin.,married,university.degree,no,yes,no,cellular,aug,fri,71,1,999,0,nonexistent,1.4,93.444,-36.1,4.966,5228.1,no
34,admin.,married,university.degree,no,no,no,cellular,aug,fri,147,1,999,0,nonexistent,1.4,93.444,-36.1,4.966,5228.1,no
33,technician,married,professional.course,no,no,no,cellular,aug,fri,335,3,999,0,nonexistent,1.4,93.444,-36.1,4.966,5228.1,no
52,blue-collar,married,basic.6y,no,yes,no,cellular,aug,fri,100,1,999,0,nonexistent,1.4,93.444,-36.1,4.966,5228.1,no
33,self-employed,married,basic.9y,unknown,no,no,cellular,aug,fri,116,1,999,0,nonexistent,1.4,93.444,-36.1,4.966,5228.1,no
34,admin.,divorced,high.school,no,no,no,cellular,aug,fri,178,3,999,0,nonexistent,1.4,93.444,-36.1,4.966,5228.1,no
45,management,married,university.degree,no,yes,no,cellular,aug,fri,156,4,999,0,nonexistent,1.4,93.444,-36.1,4.966,5228.1,no
52,services,married,professional.course,no,no,yes,cellular,aug,fri,173,7,999,0,nonexistent,1.4,93.444,-36.1,4.966,5228.1,no
46,technician,married,university.degree,no,no,no,cellular,aug,fri,74,3,999,0,nonexistent,1.4,93.444,-36.1,4.966,5228.1,no
32,admin.,married,university.degree,no,yes,no,cellular,aug,fri,79,3,999,0,nonexistent,1.4,93.444,-36.1,4.966,5228.1,no
35,admin.,married,university.degree,no,yes,no,cellular,aug,fri,193,1,999,0,nonexistent,1.4,93.444,-36.1,4.966,5228.1,no
41,technician,divorced,university.degree,no,yes,no,cellular,aug,fri,93,1,999,0,nonexistent,1.4,93.444,-36.1,4.966,5228.1,no
33,self-employed,married,basic.9y,unknown,no,no,cellular,aug,fri,1000,1,999,0,nonexistent,1.4,93.444,-36.1,4.966,5228.1,yes
35,admin.,married,university.degree,no,yes,no,cellular,aug,fri,494,1,999,0,nonexistent,1.4,93.444,-36.1,4.966,5228.1,no
38,admin.,married,university.degree,no,yes,no,cellular,aug,fri,172,7,999,0,nonexistent,1.4,93.444,-36.1,4.966,5228.1,no
38,admin.,married,university.degree,unknown,yes,no,cellular,aug,fri,273,5,999,0,nonexistent,1.4,93.444,-36.1,4.966,5228.1,no
41,technician,divorced,university.degree,no,no,no,cellular,aug,fri,519,1,999,0,nonexistent,1.4,93.444,-36.1,4.966,5228.1,yes
41,technician,divorced,university.degree,no,yes,no,cellular,aug,fri,167,1,999,0,nonexistent,1.4,93.444,-36.1,4.966,5228.1,no
51,admin.,divorced,university.degree,no,no,no,cellular,aug,fri,88,1,999,0,nonexistent,1.4,93.444,-36.1,4.966,5228.1,no
41,technician,divorced,university.degree,no,yes,no,cellular,aug,fri,191,1,999,0,nonexistent,1.4,93.444,-36.1,4.966,5228.1,no
34,admin.,divorced,high.school,no,yes,yes,cellular,aug,fri,63,2,999,0,nonexistent,1.4,93.444,-36.1,4.966,5228.1,no
48,entrepreneur,married,university.degree,no,no,no,cellular,aug,fri,83,1,999,0,nonexistent,1.4,93.444,-36.1,4.966,5228.1,no
31,admin.,single,university.degree,no,yes,no,cellular,aug,fri,136,1,999,0,nonexistent,1.4,93.444,-36.1,4.966,5228.1,no
31,technician,married,university.degree,no,no,no,cellular,aug,fri,52,3,999,0,nonexistent,1.4,93.444,-36.1,4.966,5228.1,no
49,housemaid,married,basic.4y,no,yes,no,cellular,aug,fri,448,5,999,0,nonexistent,1.4,93.444,-36.1,4.966,5228.1,no
58,admin.,married,high.school,no,no,no,cellular,aug,fri,528,1,999,0,nonexistent,1.4,93.444,-36.1,4.966,5228.1,no
46,blue-collar,married,basic.9y,unknown,no,no,cellular,aug,fri,140,3,999,0,nonexistent,1.4,93.444,-36.1,4.966,5228.1,no
50,blue-collar,married,basic.6y,no,no,no,cellular,aug,fri,733,3,999,0,nonexistent,1.4,93.444,-36.1,4.966,5228.1,yes
29,technician,single,high.school,no,yes,no,cellular,aug,fri,580,3,999,0,nonexistent,1.4,93.444,-36.1,4.966,5228.1,yes
38,technician,married,professional.course,no,no,no,cellular,aug,fri,93,1,999,0,nonexistent,1.4,93.444,-36.1,4.966,5228.1,no
34,technician,married,professional.course,no,yes,no,cellular,aug,fri,80,1,999,0,nonexistent,1.4,93.444,-36.1,4.966,5228.1,no
34,technician,single,professional.course,no,no,no,cellular,aug,fri,72,4,999,0,nonexistent,1.4,93.444,-36.1,4.966,5228.1,no
31,admin.,married,university.degree,no,yes,no,cellular,aug,fri,258,3,999,0,nonexistent,1.4,93.444,-36.1,4.966,5228.1,no
58,self-employed,married,university.degree,no,yes,no,cellular,aug,fri,173,3,999,0,nonexistent,1.4,93.444,-36.1,4.966,5228.1,no
30,admin.,single,high.school,no,yes,no,cellular,aug,fri,406,3,999,0,nonexistent,1.4,93.444,-36.1,4.966,5228.1,no
33,technician,married,professional.course,no,yes,no,cellular,aug,fri,229,4,999,0,nonexistent,1.4,93.444,-36.1,4.966,5228.1,no
50,blue-collar,married,basic.6y,no,yes,no,cellular,aug,fri,604,4,999,0,nonexistent,1.4,93.444,-36.1,4.966,5228.1,no
53,entrepreneur,married,university.degree,no,yes,no,cellular,aug,fri,899,2,999,0,nonexistent,1.4,93.444,-36.1,4.966,5228.1,no
49,services,married,high.school,unknown,yes,no,cellular,aug,fri,889,2,999,0,nonexistent,1.4,93.444,-36.1,4.966,5228.1,no
31,unemployed,married,university.degree,no,yes,no,cellular,aug,fri,420,4,999,0,nonexistent,1.4,93.444,-36.1,4.966,5228.1,no
32,technician,divorced,university.degree,no,yes,yes,cellular,aug,fri,515,3,999,0,nonexistent,1.4,93.444,-36.1,4.966,5228.1,no
29,admin.,single,university.degree,no,yes,no,cellular,aug,fri,79,3,999,0,nonexistent,1.4,93.444,-36.1,4.966,5228.1,no
48,housemaid,married,basic.6y,unknown,no,no,cellular,aug,fri,71,8,999,0,nonexistent,1.4,93.444,-36.1,4.966,5228.1,no
57,retired,married,basic.9y,unknown,yes,no,cellular,aug,fri,27,6,999,0,nonexistent,1.4,93.444,-36.1,4.966,5228.1,no
30,blue-collar,married,high.school,no,no,no,cellular,aug,fri,358,3,999,0,nonexistent,1.4,93.444,-36.1,4.966,5228.1,no
36,admin.,married,university.degree,no,unknown,unknown,cellular,aug,fri,114,3,999,0,nonexistent,1.4,93.444,-36.1,4.966,5228.1,no
42,self-employed,married,university.degree,no,no,yes,cellular,aug,fri,327,3,999,0,nonexistent,1.4,93.444,-36.1,4.966,5228.1,no
44,self-employed,married,professional.course,no,unknown,unknown,cellular,aug,fri,179,3,999,0,nonexistent,1.4,93.444,-36.1,4.966,5228.1,no
38,technician,married,university.degree,no,yes,no,cellular,aug,fri,306,3,999,0,nonexistent,1.4,93.444,-36.1,4.966,5228.1,no
57,retired,married,basic.9y,unknown,yes,no,cellular,aug,fri,189,3,999,0,nonexistent,1.4,93.444,-36.1,4.966,5228.1,no
50,blue-collar,married,basic.9y,no,yes,no,cellular,aug,fri,455,4,999,0,nonexistent,1.4,93.444,-36.1,4.966,5228.1,no
44,technician,married,high.school,no,yes,yes,cellular,aug,fri,390,2,999,0,nonexistent,1.4,93.444,-36.1,4.966,5228.1,no
43,admin.,married,university.degree,unknown,yes,no,cellular,aug,fri,209,3,999,0,nonexistent,1.4,93.444,-36.1,4.966,5228.1,no
40,management,married,university.degree,no,no,no,cellular,aug,fri,231,3,999,0,nonexistent,1.4,93.444,-36.1,4.966,5228.1,no
42,self-employed,married,university.degree,no,no,no,cellular,aug,fri,1206,4,999,0,nonexistent,1.4,93.444,-36.1,4.966,5228.1,yes
42,self-employed,married,university.degree,no,yes,no,cellular,aug,fri,219,2,999,0,nonexistent,1.4,93.444,-36.1,4.966,5228.1,no
35,technician,divorced,professional.course,no,no,no,cellular,aug,fri,424,4,999,0,nonexistent,1.4,93.444,-36.1,4.966,5228.1,no
38,entrepreneur,married,university.degree,no,unknown,unknown,cellular,aug,fri,188,5,999,0,nonexistent,1.4,93.444,-36.1,4.966,5228.1,no
33,technician,divorced,high.school,no,no,no,cellular,aug,fri,174,3,999,0,nonexistent,1.4,93.444,-36.1,4.966,5228.1,no
44,admin.,married,high.school,unknown,yes,no,cellular,aug,fri,453,3,999,0,nonexistent,1.4,93.444,-36.1,4.966,5228.1,no
42,self-employed,married,university.degree,no,yes,no,cellular,aug,fri,59,3,999,0,nonexistent,1.4,93.444,-36.1,4.966,5228.1,no
34,admin.,divorced,high.school,no,yes,no,cellular,aug,fri,263,5,999,0,nonexistent,1.4,93.444,-36.1,4.966,5228.1,no
33,admin.,divorced,high.school,no,yes,no,cellular,aug,fri,57,3,999,0,nonexistent,1.4,93.444,-36.1,4.966,5228.1,no
35,admin.,married,university.degree,no,yes,no,cellular,aug,fri,329,2,999,0,nonexistent,1.4,93.444,-36.1,4.966,5228.1,no
32,technician,single,university.degree,no,yes,no,cellular,aug,fri,166,3,999,0,nonexistent,1.4,93.444,-36.1,4.966,5228.1,no
58,self-employed,married,university.degree,no,yes,no,cellular,aug,fri,72,3,999,0,nonexistent,1.4,93.444,-36.1,4.966,5228.1,no
39,technician,divorced,professional.course,no,yes,no,cellular,aug,fri,108,4,999,0,nonexistent,1.4,93.444,-36.1,4.966,5228.1,no
53,admin.,divorced,high.school,no,no,yes,cellular,aug,fri,1567,3,999,0,nonexistent,1.4,93.444,-36.1,4.966,5228.1,no
30,blue-collar,married,high.school,no,yes,no,cellular,aug,fri,765,3,999,0,nonexistent,1.4,93.444,-36.1,4.966,5228.1,no
41,technician,divorced,university.degree,no,yes,yes,cellular,aug,fri,89,2,999,0,nonexistent,1.4,93.444,-36.1,4.966,5228.1,no
43,admin.,married,university.degree,unknown,no,no,cellular,aug,fri,170,3,999,0,nonexistent,1.4,93.444,-36.1,4.966,5228.1,no
29,admin.,married,university.degree,no,no,yes,cellular,aug,fri,14,5,999,0,nonexistent,1.4,93.444,-36.1,4.966,5228.1,no
42,self-employed,married,university.degree,no,no,no,cellular,aug,fri,148,3,999,0,nonexistent,1.4,93.444,-36.1,4.966,5228.1,no
41,technician,divorced,university.degree,no,yes,yes,cellular,aug,fri,116,2,999,0,nonexistent,1.4,93.444,-36.1,4.966,5228.1,no
37,technician,married,professional.course,unknown,yes,no,cellular,aug,fri,17,7,999,0,nonexistent,1.4,93.444,-36.1,4.966,5228.1,no
52,retired,married,high.school,no,yes,no,cellular,aug,fri,293,3,999,0,nonexistent,1.4,93.444,-36.1,4.966,5228.1,no
39,technician,divorced,professional.course,no,yes,no,cellular,aug,fri,445,3,999,0,nonexistent,1.4,93.444,-36.1,4.966,5228.1,no
44,admin.,married,high.school,unknown,no,no,cellular,aug,fri,262,4,999,0,nonexistent,1.4,93.444,-36.1,4.966,5228.1,no
33,technician,married,professional.course,no,no,no,cellular,aug,fri,45,3,999,0,nonexistent,1.4,93.444,-36.1,4.966,5228.1,no
35,technician,single,professional.course,no,yes,no,cellular,aug,mon,120,2,999,0,nonexistent,1.4,93.444,-36.1,4.965,5228.1,no
36,technician,married,high.school,no,no,no,cellular,aug,mon,46,3,999,0,nonexistent,1.4,93.444,-36.1,4.965,5228.1,no
58,technician,married,professional.course,no,yes,no,telephone,aug,mon,697,5,999,0,nonexistent,1.4,93.444,-36.1,4.965,5228.1,no
59,retired,married,basic.4y,no,yes,no,cellular,aug,mon,67,6,999,0,nonexistent,1.4,93.444,-36.1,4.965,5228.1,no
38,technician,divorced,high.school,no,yes,no,cellular,aug,mon,171,2,999,0,nonexistent,1.4,93.444,-36.1,4.965,5228.1,no
32,admin.,single,university.degree,no,yes,yes,cellular,aug,mon,326,3,999,0,nonexistent,1.4,93.444,-36.1,4.965,5228.1,no
42,technician,married,high.school,no,no,no,cellular,aug,mon,70,3,999,0,nonexistent,1.4,93.444,-36.1,4.965,5228.1,no
44,blue-collar,married,basic.6y,no,no,no,cellular,aug,mon,67,2,999,0,nonexistent,1.4,93.444,-36.1,4.965,5228.1,no
31,admin.,divorced,university.degree,no,yes,no,cellular,aug,mon,367,2,999,0,nonexistent,1.4,93.444,-36.1,4.965,5228.1,no
31,management,single,university.degree,no,yes,no,cellular,aug,mon,72,1,999,0,nonexistent,1.4,93.444,-36.1,4.965,5228.1,no
36,management,married,university.degree,no,yes,no,cellular,aug,mon,99,1,999,0,nonexistent,1.4,93.444,-36.1,4.965,5228.1,no
49,technician,married,professional.course,no,no,no,cellular,aug,mon,92,2,999,0,nonexistent,1.4,93.444,-36.1,4.965,5228.1,no
39,technician,single,high.school,no,no,no,cellular,aug,mon,177,3,999,0,nonexistent,1.4,93.444,-36.1,4.965,5228.1,no
31,management,single,university.degree,no,no,no,cellular,aug,mon,413,1,999,0,nonexistent,1.4,93.444,-36.1,4.965,5228.1,no
40,admin.,divorced,university.degree,no,no,no,cellular,aug,mon,144,1,999,0,nonexistent,1.4,93.444,-36.1,4.965,5228.1,no
38,technician,divorced,high.school,no,no,no,cellular,aug,mon,102,2,999,0,nonexistent,1.4,93.444,-36.1,4.965,5228.1,no
32,admin.,single,university.degree,no,yes,no,cellular,aug,mon,155,2,999,0,nonexistent,1.4,93.444,-36.1,4.965,5228.1,no
34,admin.,single,university.degree,no,yes,no,cellular,aug,mon,145,1,999,0,nonexistent,1.4,93.444,-36.1,4.965,5228.1,no
34,technician,married,high.school,no,yes,no,cellular,aug,mon,77,2,999,0,nonexistent,1.4,93.444,-36.1,4.965,5228.1,no
43,admin.,married,high.school,no,yes,no,cellular,aug,mon,210,1,999,0,nonexistent,1.4,93.444,-36.1,4.965,5228.1,no
33,technician,married,professional.course,no,yes,yes,cellular,aug,mon,106,2,999,0,nonexistent,1.4,93.444,-36.1,4.965,5228.1,no
44,admin.,divorced,university.degree,no,yes,no,cellular,aug,mon,105,1,999,0,nonexistent,1.4,93.444,-36.1,4.965,5228.1,no
31,technician,married,professional.course,no,yes,yes,cellular,aug,mon,98,1,999,0,nonexistent,1.4,93.444,-36.1,4.965,5228.1,no
55,blue-collar,married,basic.4y,no,yes,yes,cellular,aug,mon,588,1,999,0,nonexistent,1.4,93.444,-36.1,4.965,5228.1,no
32,management,married,university.degree,no,yes,no,cellular,aug,mon,73,1,999,0,nonexistent,1.4,93.444,-36.1,4.965,5228.1,no
56,unknown,married,basic.4y,no,yes,no,cellular,aug,mon,106,1,999,0,nonexistent,1.4,93.444,-36.1,4.965,5228.1,no
50,admin.,married,high.school,no,no,no,cellular,aug,mon,104,1,999,0,nonexistent,1.4,93.444,-36.1,4.965,5228.1,no
33,technician,single,high.school,no,yes,no,cellular,aug,mon,73,1,999,0,nonexistent,1.4,93.444,-36.1,4.965,5228.1,no
29,technician,single,professional.course,no,yes,no,cellular,aug,mon,111,1,999,0,nonexistent,1.4,93.444,-36.1,4.965,5228.1,no
33,technician,married,professional.course,unknown,yes,no,cellular,aug,mon,303,1,999,0,nonexistent,1.4,93.444,-36.1,4.965,5228.1,no
47,admin.,married,university.degree,unknown,yes,no,cellular,aug,mon,39,1,999,0,nonexistent,1.4,93.444,-36.1,4.965,5228.1,no
37,admin.,married,university.degree,unknown,yes,no,cellular,aug,mon,86,1,999,0,nonexistent,1.4,93.444,-36.1,4.965,5228.1,no
34,admin.,single,university.degree,no,yes,no,cellular,aug,mon,217,1,999,0,nonexistent,1.4,93.444,-36.1,4.965,5228.1,no
34,admin.,single,university.degree,no,yes,no,cellular,aug,mon,55,1,999,0,nonexistent,1.4,93.444,-36.1,4.965,5228.1,no
43,admin.,married,university.degree,no,unknown,unknown,cellular,aug,mon,72,2,999,0,nonexistent,1.4,93.444,-36.1,4.965,5228.1,no
47,retired,married,basic.9y,unknown,no,yes,cellular,aug,mon,97,1,999,0,nonexistent,1.4,93.444,-36.1,4.965,5228.1,no
35,admin.,married,university.degree,no,no,no,cellular,aug,mon,347,1,999,0,nonexistent,1.4,93.444,-36.1,4.965,5228.1,no
49,services,married,high.school,no,no,no,cellular,aug,mon,212,1,999,0,nonexistent,1.4,93.444,-36.1,4.965,5228.1,no
56,admin.,married,university.degree,no,no,no,cellular,aug,mon,165,2,999,0,nonexistent,1.4,93.444,-36.1,4.965,5228.1,no
45,admin.,married,university.degree,no,yes,no,cellular,aug,mon,226,1,999,0,nonexistent,1.4,93.444,-36.1,4.965,5228.1,no
44,technician,married,professional.course,unknown,yes,no,cellular,aug,mon,147,1,999,0,nonexistent,1.4,93.444,-36.1,4.965,5228.1,no
36,technician,married,professional.course,no,yes,no,cellular,aug,mon,45,1,999,0,nonexistent,1.4,93.444,-36.1,4.965,5228.1,no
35,admin.,single,university.degree,no,yes,yes,cellular,aug,mon,121,1,999,0,nonexistent,1.4,93.444,-36.1,4.965,5228.1,no
44,admin.,married,high.school,no,no,no,cellular,aug,mon,116,1,999,0,nonexistent,1.4,93.444,-36.1,4.965,5228.1,no
44,admin.,married,high.school,no,no,no,cellular,aug,mon,126,1,999,0,nonexistent,1.4,93.444,-36.1,4.965,5228.1,no
44,technician,married,professional.course,unknown,no,yes,cellular,aug,mon,607,1,999,0,nonexistent,1.4,93.444,-36.1,4.965,5228.1,no
43,management,divorced,university.degree,no,yes,no,cellular,aug,mon,269,1,999,0,nonexistent,1.4,93.444,-36.1,4.965,5228.1,no
40,technician,married,professional.course,no,yes,no,cellular,aug,mon,505,3,999,0,nonexistent,1.4,93.444,-36.1,4.965,5228.1,no
50,blue-collar,married,basic.4y,no,yes,no,cellular,aug,mon,82,1,999,0,nonexistent,1.4,93.444,-36.1,4.965,5228.1,no
32,admin.,married,university.degree,no,yes,yes,cellular,aug,mon,71,1,999,0,nonexistent,1.4,93.444,-36.1,4.965,5228.1,no
32,admin.,married,university.degree,no,no,no,cellular,aug,mon,218,1,999,0,nonexistent,1.4,93.444,-36.1,4.965,5228.1,no
44,admin.,married,high.school,no,yes,no,cellular,aug,mon,758,2,999,0,nonexistent,1.4,93.444,-36.1,4.965,5228.1,yes
32,admin.,married,university.degree,no,no,no,cellular,aug,mon,270,1,999,0,nonexistent,1.4,93.444,-36.1,4.965,5228.1,no
45,blue-collar,married,basic.4y,unknown,yes,yes,cellular,aug,mon,187,1,999,0,nonexistent,1.4,93.444,-36.1,4.965,5228.1,no
49,services,married,high.school,no,no,no,cellular,aug,mon,565,1,999,0,nonexistent,1.4,93.444,-36.1,4.965,5228.1,no
33,admin.,single,university.degree,no,yes,no,cellular,aug,mon,172,2,999,0,nonexistent,1.4,93.444,-36.1,4.965,5228.1,no
29,admin.,married,university.degree,no,yes,no,cellular,aug,mon,72,1,999,0,nonexistent,1.4,93.444,-36.1,4.965,5228.1,no
29,admin.,married,university.degree,no,yes,yes,cellular,aug,mon,164,1,999,0,nonexistent,1.4,93.444,-36.1,4.965,5228.1,no
41,self-employed,married,professional.course,no,no,no,cellular,aug,mon,69,1,999,0,nonexistent,1.4,93.444,-36.1,4.965,5228.1,no
41,self-employed,married,professional.course,no,yes,no,cellular,aug,mon,323,1,999,0,nonexistent,1.4,93.444,-36.1,4.965,5228.1,no
36,admin.,married,university.degree,no,no,no,cellular,aug,mon,123,2,999,0,nonexistent,1.4,93.444,-36.1,4.965,5228.1,no
45,services,married,high.school,unknown,no,no,cellular,aug,mon,138,2,999,0,nonexistent,1.4,93.444,-36.1,4.965,5228.1,no
37,admin.,married,university.degree,unknown,yes,yes,cellular,aug,mon,243,2,999,0,nonexistent,1.4,93.444,-36.1,4.965,5228.1,no
35,technician,single,professional.course,no,no,no,cellular,aug,mon,166,1,999,0,nonexistent,1.4,93.444,-36.1,4.965,5228.1,no
45,technician,married,professional.course,no,no,no,cellular,aug,mon,82,1,999,0,nonexistent,1.4,93.444,-36.1,4.965,5228.1,no
29,admin.,single,high.school,unknown,yes,no,cellular,aug,mon,102,4,999,0,nonexistent,1.4,93.444,-36.1,4.965,5228.1,no
50,admin.,married,basic.4y,unknown,yes,no,cellular,aug,mon,179,2,999,0,nonexistent,1.4,93.444,-36.1,4.965,5228.1,no
34,technician,married,professional.course,no,no,no,cellular,aug,mon,187,1,999,0,nonexistent,1.4,93.444,-36.1,4.965,5228.1,no
55,services,married,high.school,unknown,no,no,cellular,aug,mon,123,1,999,0,nonexistent,1.4,93.444,-36.1,4.965,5228.1,no
40,admin.,divorced,university.degree,no,yes,no,cellular,aug,mon,257,1,999,0,nonexistent,1.4,93.444,-36.1,4.965,5228.1,no
31,admin.,married,university.degree,unknown,yes,no,cellular,aug,mon,155,1,999,0,nonexistent,1.4,93.444,-36.1,4.965,5228.1,no
35,admin.,single,university.degree,no,no,no,cellular,aug,mon,90,2,999,0,nonexistent,1.4,93.444,-36.1,4.965,5228.1,no
31,admin.,married,university.degree,unknown,no,no,cellular,aug,mon,275,1,999,0,nonexistent,1.4,93.444,-36.1,4.965,5228.1,no
32,technician,single,high.school,no,no,no,cellular,aug,mon,111,5,999,0,nonexistent,1.4,93.444,-36.1,4.965,5228.1,no
39,technician,married,university.degree,no,yes,no,cellular,aug,mon,57,1,999,0,nonexistent,1.4,93.444,-36.1,4.965,5228.1,no
36,technician,single,university.degree,no,yes,no,cellular,aug,mon,101,3,999,0,nonexistent,1.4,93.444,-36.1,4.965,5228.1,no
46,blue-collar,married,basic.6y,no,yes,yes,cellular,aug,mon,104,2,999,0,nonexistent,1.4,93.444,-36.1,4.965,5228.1,no
36,housemaid,married,basic.6y,no,no,no,cellular,aug,mon,210,2,999,0,nonexistent,1.4,93.444,-36.1,4.965,5228.1,no
38,technician,divorced,high.school,no,yes,no,cellular,aug,mon,384,3,999,0,nonexistent,1.4,93.444,-36.1,4.965,5228.1,yes
51,technician,married,professional.course,unknown,yes,yes,cellular,aug,mon,273,1,999,0,nonexistent,1.4,93.444,-36.1,4.965,5228.1,no
31,admin.,married,university.degree,unknown,no,no,cellular,aug,mon,70,1,999,0,nonexistent,1.4,93.444,-36.1,4.965,5228.1,no
39,technician,single,professional.course,no,no,no,cellular,aug,mon,71,1,999,0,nonexistent,1.4,93.444,-36.1,4.965,5228.1,no
45,admin.,married,university.degree,no,no,no,cellular,aug,mon,237,1,999,0,nonexistent,1.4,93.444,-36.1,4.965,5228.1,no
54,retired,married,basic.4y,no,no,no,cellular,aug,mon,116,1,999,0,nonexistent,1.4,93.444,-36.1,4.965,5228.1,no
57,technician,single,high.school,no,yes,no,cellular,aug,mon,72,2,999,0,nonexistent,1.4,93.444,-36.1,4.965,5228.1,no
37,admin.,married,university.degree,no,no,yes,cellular,aug,mon,170,3,999,0,nonexistent,1.4,93.444,-36.1,4.965,5228.1,no
32,admin.,married,university.degree,no,yes,yes,cellular,aug,mon,217,1,999,0,nonexistent,1.4,93.444,-36.1,4.965,5228.1,no
47,admin.,married,university.degree,no,no,no,cellular,aug,mon,97,1,999,0,nonexistent,1.4,93.444,-36.1,4.965,5228.1,no
32,admin.,single,university.degree,no,yes,no,cellular,aug,mon,86,1,999,0,nonexistent,1.4,93.444,-36.1,4.965,5228.1,no
36,admin.,married,university.degree,no,yes,no,cellular,aug,mon,56,2,999,0,nonexistent,1.4,93.444,-36.1,4.965,5228.1,no
32,admin.,single,university.degree,no,yes,no,cellular,aug,mon,246,1,999,0,nonexistent,1.4,93.444,-36.1,4.965,5228.1,no
39,admin.,single,university.degree,unknown,no,yes,cellular,aug,mon,155,1,999,0,nonexistent,1.4,93.444,-36.1,4.965,5228.1,no
58,retired,married,basic.4y,unknown,no,no,cellular,aug,mon,139,1,999,0,nonexistent,1.4,93.444,-36.1,4.965,5228.1,no
30,admin.,single,university.degree,no,no,no,cellular,aug,mon,135,1,999,0,nonexistent,1.4,93.444,-36.1,4.965,5228.1,no
30,admin.,single,university.degree,no,no,yes,cellular,aug,mon,309,1,999,0,nonexistent,1.4,93.444,-36.1,4.965,5228.1,no
44,management,married,university.degree,no,yes,no,cellular,aug,mon,250,2,999,0,nonexistent,1.4,93.444,-36.1,4.965,5228.1,no
30,admin.,single,university.degree,no,no,yes,cellular,aug,mon,545,1,999,0,nonexistent,1.4,93.444,-36.1,4.965,5228.1,yes
39,technician,divorced,professional.course,no,yes,no,cellular,aug,mon,316,1,999,0,nonexistent,1.4,93.444,-36.1,4.965,5228.1,no
39,management,married,university.degree,no,no,no,cellular,aug,mon,168,1,999,0,nonexistent,1.4,93.444,-36.1,4.965,5228.1,no
59,retired,married,basic.9y,no,yes,no,cellular,aug,mon,230,1,999,0,nonexistent,1.4,93.444,-36.1,4.965,5228.1,no
34,technician,single,professional.course,no,yes,no,cellular,aug,mon,72,1,999,0,nonexistent,1.4,93.444,-36.1,4.965,5228.1,no
58,technician,married,professional.course,no,unknown,unknown,cellular,aug,mon,52,2,999,0,nonexistent,1.4,93.444,-36.1,4.965,5228.1,no
29,technician,married,university.degree,no,yes,no,cellular,aug,mon,242,1,999,0,nonexistent,1.4,93.444,-36.1,4.965,5228.1,no
31,technician,single,professional.course,no,yes,no,cellular,aug,mon,194,1,999,0,nonexistent,1.4,93.444,-36.1,4.965,5228.1,no
32,technician,single,university.degree,no,yes,no,cellular,aug,mon,90,1,999,0,nonexistent,1.4,93.444,-36.1,4.965,5228.1,no
34,technician,married,professional.course,no,no,no,cellular,aug,mon,126,2,999,0,nonexistent,1.4,93.444,-36.1,4.965,5228.1,no
35,technician,married,professional.course,no,yes,no,cellular,aug,mon,105,1,999,0,nonexistent,1.4,93.444,-36.1,4.965,5228.1,no
35,technician,married,professional.course,no,yes,yes,cellular,aug,mon,228,1,999,0,nonexistent,1.4,93.444,-36.1,4.965,5228.1,no
37,technician,single,professional.course,no,yes,no,cellular,aug,mon,76,1,999,0,nonexistent,1.4,93.444,-36.1,4.965,5228.1,no
37,technician,single,professional.course,no,yes,yes,cellular,aug,mon,149,1,999,0,nonexistent,1.4,93.444,-36.1,4.965,5228.1,no
37,technician,single,professional.course,no,yes,yes,cellular,aug,mon,331,1,999,0,nonexistent,1.4,93.444,-36.1,4.965,5228.1,no
36,technician,single,professional.course,no,yes,no,cellular,aug,mon,86,1,999,0,nonexistent,1.4,93.444,-36.1,4.965,5228.1,no
38,admin.,married,university.degree,no,yes,no,cellular,aug,mon,1070,1,999,0,nonexistent,1.4,93.444,-36.1,4.965,5228.1,yes
36,technician,single,professional.course,no,no,no,cellular,aug,mon,209,1,999,0,nonexistent,1.4,93.444,-36.1,4.965,5228.1,no
36,admin.,married,university.degree,no,no,no,cellular,aug,mon,610,2,999,0,nonexistent,1.4,93.444,-36.1,4.965,5228.1,yes
34,technician,married,professional.course,unknown,no,no,cellular,aug,mon,174,1,999,0,nonexistent,1.4,93.444,-36.1,4.965,5228.1,no
50,management,married,university.degree,unknown,no,no,cellular,aug,mon,139,2,999,0,nonexistent,1.4,93.444,-36.1,4.965,5228.1,no
37,technician,single,professional.course,unknown,yes,no,cellular,aug,mon,51,2,999,0,nonexistent,1.4,93.444,-36.1,4.965,5228.1,no
50,management,married,university.degree,unknown,yes,no,cellular,aug,mon,699,4,999,0,nonexistent,1.4,93.444,-36.1,4.965,5228.1,yes
36,technician,married,high.school,no,no,no,cellular,aug,mon,452,2,999,0,nonexistent,1.4,93.444,-36.1,4.965,5228.1,no
39,technician,married,high.school,no,no,no,cellular,aug,mon,225,2,999,0,nonexistent,1.4,93.444,-36.1,4.965,5228.1,no
30,management,married,high.school,no,no,no,cellular,aug,mon,65,2,999,0,nonexistent,1.4,93.444,-36.1,4.965,5228.1,no
36,housemaid,married,basic.6y,no,no,no,cellular,aug,mon,53,3,999,0,nonexistent,1.4,93.444,-36.1,4.965,5228.1,no
44,management,married,university.degree,no,yes,no,cellular,aug,mon,389,2,999,0,nonexistent,1.4,93.444,-36.1,4.965,5228.1,no
35,technician,married,university.degree,unknown,yes,no,cellular,aug,mon,176,2,999,0,nonexistent,1.4,93.444,-36.1,4.965,5228.1,no
52,blue-collar,married,basic.4y,no,yes,no,cellular,aug,mon,917,2,999,0,nonexistent,1.4,93.444,-36.1,4.965,5228.1,yes
52,services,married,high.school,unknown,no,no,cellular,aug,mon,36,2,999,0,nonexistent,1.4,93.444,-36.1,4.965,5228.1,no
41,self-employed,married,university.degree,no,no,no,cellular,aug,mon,247,2,999,0,nonexistent,1.4,93.444,-36.1,4.965,5228.1,no
36,housemaid,married,basic.6y,no,no,no,cellular,aug,mon,104,9,999,0,nonexistent,1.4,93.444,-36.1,4.965,5228.1,no
36,housemaid,married,basic.6y,no,no,no,cellular,aug,mon,55,3,999,0,nonexistent,1.4,93.444,-36.1,4.965,5228.1,no
50,technician,married,professional.course,unknown,yes,no,cellular,aug,mon,272,2,999,0,nonexistent,1.4,93.444,-36.1,4.965,5228.1,no
32,technician,married,university.degree,no,no,yes,cellular,aug,mon,331,5,999,0,nonexistent,1.4,93.444,-36.1,4.965,5228.1,no
30,technician,single,high.school,no,no,no,cellular,aug,mon,79,2,999,0,nonexistent,1.4,93.444,-36.1,4.965,5228.1,no
52,blue-collar,married,basic.6y,unknown,yes,no,cellular,aug,mon,108,2,999,0,nonexistent,1.4,93.444,-36.1,4.965,5228.1,no
52,admin.,married,university.degree,no,no,no,cellular,aug,mon,79,3,999,0,nonexistent,1.4,93.444,-36.1,4.965,5228.1,no
45,admin.,married,university.degree,no,yes,no,cellular,aug,mon,177,1,999,0,nonexistent,1.4,93.444,-36.1,4.965,5228.1,no
33,technician,single,high.school,no,yes,no,cellular,aug,mon,104,2,999,0,nonexistent,1.4,93.444,-36.1,4.965,5228.1,no
36,admin.,married,university.degree,no,yes,no,cellular,aug,mon,103,3,999,0,nonexistent,1.4,93.444,-36.1,4.965,5228.1,no
39,management,married,university.degree,no,yes,no,cellular,aug,mon,230,2,999,0,nonexistent,1.4,93.444,-36.1,4.965,5228.1,no
42,technician,married,high.school,no,yes,no,cellular,aug,mon,289,2,999,0,nonexistent,1.4,93.444,-36.1,4.965,5228.1,no
45,admin.,married,university.degree,no,no,no,cellular,aug,mon,216,1,999,0,nonexistent,1.4,93.444,-36.1,4.965,5228.1,no
36,self-employed,married,high.school,unknown,yes,no,cellular,aug,mon,130,3,999,0,nonexistent,1.4,93.444,-36.1,4.965,5228.1,no
45,services,married,basic.9y,no,no,no,cellular,aug,mon,744,1,999,0,nonexistent,1.4,93.444,-36.1,4.965,5228.1,yes
45,admin.,married,university.degree,no,no,no,cellular,aug,mon,608,1,999,0,nonexistent,1.4,93.444,-36.1,4.965,5228.1,yes
35,technician,married,professional.course,no,yes,no,cellular,aug,mon,163,1,999,0,nonexistent,1.4,93.444,-36.1,4.965,5228.1,no
30,admin.,married,high.school,no,yes,no,cellular,aug,mon,214,1,999,0,nonexistent,1.4,93.444,-36.1,4.965,5228.1,no
48,entrepreneur,married,university.degree,no,yes,no,cellular,aug,mon,105,1,999,0,nonexistent,1.4,93.444,-36.1,4.965,5228.1,no
31,admin.,single,university.degree,no,no,no,cellular,aug,mon,121,1,999,0,nonexistent,1.4,93.444,-36.1,4.965,5228.1,no
34,management,married,high.school,no,yes,no,telephone,aug,mon,80,7,999,0,nonexistent,1.4,93.444,-36.1,4.965,5228.1,no
33,technician,single,high.school,no,yes,no,cellular,aug,mon,566,1,999,0,nonexistent,1.4,93.444,-36.1,4.965,5228.1,no
34,technician,single,professional.course,no,no,no,cellular,aug,mon,468,1,999,0,nonexistent,1.4,93.444,-36.1,4.965,5228.1,no
53,blue-collar,married,basic.4y,no,yes,no,cellular,aug,mon,182,1,999,0,nonexistent,1.4,93.444,-36.1,4.965,5228.1,no
31,admin.,single,university.degree,no,yes,no,cellular,aug,mon,317,1,999,0,nonexistent,1.4,93.444,-36.1,4.965,5228.1,no
31,technician,single,professional.course,no,no,no,cellular,aug,mon,370,2,999,0,nonexistent,1.4,93.444,-36.1,4.965,5228.1,no
37,technician,divorced,professional.course,no,yes,yes,cellular,aug,mon,63,3,999,0,nonexistent,1.4,93.444,-36.1,4.965,5228.1,no
31,management,single,university.degree,no,no,no,cellular,aug,mon,69,2,999,0,nonexistent,1.4,93.444,-36.1,4.965,5228.1,no
46,admin.,married,university.degree,unknown,no,no,cellular,aug,mon,1141,2,999,0,nonexistent,1.4,93.444,-36.1,4.965,5228.1,yes
50,technician,married,professional.course,unknown,no,no,cellular,aug,mon,378,2,999,0,nonexistent,1.4,93.444,-36.1,4.965,5228.1,no
36,admin.,married,university.degree,no,yes,yes,cellular,aug,mon,92,3,999,0,nonexistent,1.4,93.444,-36.1,4.965,5228.1,no
42,technician,single,high.school,unknown,no,no,cellular,aug,mon,135,3,999,0,nonexistent,1.4,93.444,-36.1,4.965,5228.1,no
50,management,married,university.degree,unknown,yes,no,cellular,aug,mon,734,2,999,0,nonexistent,1.4,93.444,-36.1,4.965,5228.1,yes
56,retired,married,basic.4y,no,yes,no,cellular,aug,mon,153,2,999,0,nonexistent,1.4,93.444,-36.1,4.965,5228.1,no
49,blue-collar,married,basic.6y,no,no,no,cellular,aug,mon,133,6,999,0,nonexistent,1.4,93.444,-36.1,4.965,5228.1,no
34,technician,single,university.degree,no,no,no,cellular,aug,mon,262,3,999,0,nonexistent,1.4,93.444,-36.1,4.965,5228.1,no
34,admin.,married,university.degree,no,no,no,cellular,aug,mon,1238,1,999,0,nonexistent,1.4,93.444,-36.1,4.965,5228.1,yes
32,admin.,married,university.degree,unknown,no,no,cellular,aug,mon,149,2,999,0,nonexistent,1.4,93.444,-36.1,4.965,5228.1,no
34,admin.,single,university.degree,no,yes,no,cellular,aug,mon,382,3,999,0,nonexistent,1.4,93.444,-36.1,4.965,5228.1,no
31,unemployed,single,university.degree,no,yes,no,cellular,aug,mon,55,3,999,0,nonexistent,1.4,93.444,-36.1,4.965,5228.1,no
49,blue-collar,married,basic.6y,no,no,no,cellular,aug,mon,383,3,999,0,nonexistent,1.4,93.444,-36.1,4.965,5228.1,no
49,blue-collar,married,basic.6y,no,yes,yes,cellular,aug,mon,280,3,999,0,nonexistent,1.4,93.444,-36.1,4.965,5228.1,no
49,management,married,university.degree,no,no,no,cellular,aug,mon,76,5,999,0,nonexistent,1.4,93.444,-36.1,4.965,5228.1,no
30,technician,married,university.degree,no,no,no,cellular,aug,mon,176,2,999,0,nonexistent,1.4,93.444,-36.1,4.965,5228.1,no
32,technician,married,professional.course,no,yes,no,cellular,aug,mon,187,3,999,0,nonexistent,1.4,93.444,-36.1,4.965,5228.1,no
36,admin.,married,university.degree,no,yes,yes,cellular,aug,mon,246,3,999,0,nonexistent,1.4,93.444,-36.1,4.965,5228.1,no
30,technician,single,university.degree,no,no,yes,cellular,aug,mon,132,1,999,0,nonexistent,1.4,93.444,-36.1,4.965,5228.1,no
46,blue-collar,married,basic.9y,unknown,no,no,cellular,aug,mon,109,1,999,0,nonexistent,1.4,93.444,-36.1,4.965,5228.1,no
55,admin.,married,professional.course,no,no,no,cellular,aug,mon,381,4,999,0,nonexistent,1.4,93.444,-36.1,4.965,5228.1,no
52,unemployed,married,university.degree,no,yes,no,cellular,aug,mon,445,1,999,0,nonexistent,1.4,93.444,-36.1,4.965,5228.1,no
30,technician,single,high.school,unknown,no,no,cellular,aug,mon,129,1,999,0,nonexistent,1.4,93.444,-36.1,4.965,5228.1,no
30,admin.,single,university.degree,no,yes,yes,cellular,aug,mon,71,2,999,0,nonexistent,1.4,93.444,-36.1,4.965,5228.1,no
51,housemaid,married,basic.4y,unknown,no,no,cellular,aug,mon,80,7,999,0,nonexistent,1.4,93.444,-36.1,4.965,5228.1,no
30,technician,single,university.degree,no,yes,no,cellular,aug,mon,720,1,999,0,nonexistent,1.4,93.444,-36.1,4.965,5228.1,yes
42,housemaid,married,basic.4y,no,yes,no,cellular,aug,mon,173,1,999,0,nonexistent,1.4,93.444,-36.1,4.965,5228.1,no
55,retired,married,professional.course,no,no,yes,cellular,aug,mon,190,1,999,0,nonexistent,1.4,93.444,-36.1,4.965,5228.1,no
34,admin.,single,university.degree,unknown,yes,yes,cellular,aug,mon,90,2,999,0,nonexistent,1.4,93.444,-36.1,4.965,5228.1,no
40,technician,married,professional.course,no,unknown,unknown,cellular,aug,mon,139,7,999,0,nonexistent,1.4,93.444,-36.1,4.965,5228.1,no
47,admin.,single,university.degree,no,no,no,cellular,aug,mon,549,1,999,0,nonexistent,1.4,93.444,-36.1,4.965,5228.1,no
38,technician,single,high.school,unknown,yes,yes,cellular,aug,mon,265,3,999,0,nonexistent,1.4,93.444,-36.1,4.965,5228.1,no
36,technician,married,high.school,no,yes,no,cellular,aug,mon,61,1,999,0,nonexistent,1.4,93.444,-36.1,4.965,5228.1,no
36,technician,married,high.school,no,yes,no,cellular,aug,mon,67,1,999,0,nonexistent,1.4,93.444,-36.1,4.965,5228.1,no
56,blue-collar,married,basic.9y,unknown,yes,yes,cellular,aug,mon,126,2,999,0,nonexistent,1.4,93.444,-36.1,4.965,5228.1,no
48,admin.,married,high.school,no,no,yes,cellular,aug,mon,429,6,999,0,nonexistent,1.4,93.444,-36.1,4.965,5228.1,no
30,technician,married,university.degree,no,no,yes,cellular,aug,mon,117,3,999,0,nonexistent,1.4,93.444,-36.1,4.965,5228.1,no
39,technician,married,professional.course,no,no,no,cellular,aug,mon,77,1,999,0,nonexistent,1.4,93.444,-36.1,4.965,5228.1,no
60,retired,married,basic.4y,unknown,no,no,cellular,aug,mon,221,3,999,0,nonexistent,1.4,93.444,-36.1,4.965,5228.1,no
30,blue-collar,married,high.school,unknown,yes,no,cellular,aug,mon,148,3,999,0,nonexistent,1.4,93.444,-36.1,4.965,5228.1,no
34,admin.,single,university.degree,no,yes,no,cellular,aug,mon,118,3,999,0,nonexistent,1.4,93.444,-36.1,4.965,5228.1,no
29,admin.,single,university.degree,no,yes,no,cellular,aug,mon,214,5,999,0,nonexistent,1.4,93.444,-36.1,4.965,5228.1,no
55,retired,married,basic.9y,no,no,no,cellular,aug,mon,248,3,999,0,nonexistent,1.4,93.444,-36.1,4.965,5228.1,no
38,admin.,married,university.degree,unknown,no,no,cellular,aug,mon,240,5,999,0,nonexistent,1.4,93.444,-36.1,4.965,5228.1,no
40,management,married,university.degree,no,yes,no,cellular,aug,mon,385,3,999,0,nonexistent,1.4,93.444,-36.1,4.965,5228.1,no
30,admin.,single,university.degree,no,yes,no,cellular,aug,mon,104,3,999,0,nonexistent,1.4,93.444,-36.1,4.965,5228.1,no
34,admin.,single,university.degree,no,yes,yes,cellular,aug,mon,117,3,999,0,nonexistent,1.4,93.444,-36.1,4.965,5228.1,no
34,admin.,single,university.degree,no,no,yes,cellular,aug,mon,312,3,999,0,nonexistent,1.4,93.444,-36.1,4.965,5228.1,no
32,entrepreneur,married,university.degree,no,no,no,cellular,aug,mon,95,5,999,0,nonexistent,1.4,93.444,-36.1,4.965,5228.1,no
50,technician,married,professional.course,no,yes,no,cellular,aug,mon,1144,3,999,0,nonexistent,1.4,93.444,-36.1,4.965,5228.1,no
37,technician,married,university.degree,unknown,yes,yes,cellular,aug,mon,108,4,999,0,nonexistent,1.4,93.444,-36.1,4.965,5228.1,no
36,technician,single,professional.course,no,no,no,cellular,aug,mon,345,3,999,0,nonexistent,1.4,93.444,-36.1,4.965,5228.1,no
39,technician,married,university.degree,no,no,no,cellular,aug,mon,101,5,999,0,nonexistent,1.4,93.444,-36.1,4.965,5228.1,no
45,entrepreneur,married,university.degree,unknown,yes,yes,cellular,aug,mon,38,2,999,0,nonexistent,1.4,93.444,-36.1,4.965,5228.1,no
36,technician,married,professional.course,no,no,no,cellular,aug,mon,663,3,999,0,nonexistent,1.4,93.444,-36.1,4.965,5228.1,yes
38,technician,single,high.school,unknown,no,no,cellular,aug,mon,95,3,999,0,nonexistent,1.4,93.444,-36.1,4.965,5228.1,no
46,blue-collar,married,basic.9y,no,no,yes,cellular,aug,mon,268,3,999,0,nonexistent,1.4,93.444,-36.1,4.965,5228.1,no
29,technician,married,high.school,no,no,no,telephone,aug,mon,133,5,999,0,nonexistent,1.4,93.444,-36.1,4.965,5228.1,no
30,technician,single,high.school,unknown,no,no,cellular,aug,mon,339,3,999,0,nonexistent,1.4,93.444,-36.1,4.965,5228.1,no
29,admin.,married,university.degree,no,yes,no,cellular,aug,mon,209,2,999,0,nonexistent,1.4,93.444,-36.1,4.965,5228.1,no
40,management,married,university.degree,no,no,no,cellular,aug,mon,94,3,999,0,nonexistent,1.4,93.444,-36.1,4.965,5228.1,no
30,technician,married,high.school,no,yes,no,cellular,aug,mon,862,9,999,0,nonexistent,1.4,93.444,-36.1,4.965,5228.1,no
51,technician,married,professional.course,no,yes,no,cellular,aug,mon,236,3,999,0,nonexistent,1.4,93.444,-36.1,4.965,5228.1,no
36,technician,single,professional.course,no,no,no,cellular,aug,mon,444,3,999,0,nonexistent,1.4,93.444,-36.1,4.965,5228.1,yes
32,technician,married,university.degree,unknown,no,no,cellular,aug,mon,418,5,999,0,nonexistent,1.4,93.444,-36.1,4.965,5228.1,yes
31,technician,divorced,professional.course,no,no,no,cellular,aug,mon,231,5,999,0,nonexistent,1.4,93.444,-36.1,4.965,5228.1,no
30,technician,single,high.school,unknown,no,no,cellular,aug,mon,481,2,999,0,nonexistent,1.4,93.444,-36.1,4.965,5228.1,no
32,technician,married,university.degree,no,yes,no,cellular,aug,mon,157,3,999,0,nonexistent,1.4,93.444,-36.1,4.965,5228.1,no
30,blue-collar,married,basic.9y,no,yes,no,cellular,aug,mon,277,4,999,0,nonexistent,1.4,93.444,-36.1,4.965,5228.1,no
31,management,married,university.degree,no,no,no,cellular,aug,mon,154,4,999,0,nonexistent,1.4,93.444,-36.1,4.965,5228.1,no
33,admin.,single,university.degree,no,unknown,unknown,cellular,aug,mon,295,2,999,0,nonexistent,1.4,93.444,-36.1,4.965,5228.1,no
57,housemaid,married,basic.9y,unknown,yes,no,cellular,aug,mon,164,1,999,0,nonexistent,1.4,93.444,-36.1,4.965,5228.1,no
40,self-employed,single,university.degree,no,no,no,cellular,aug,mon,270,1,999,0,nonexistent,1.4,93.444,-36.1,4.965,5228.1,no
32,admin.,divorced,university.degree,no,yes,no,cellular,aug,mon,1080,3,999,0,nonexistent,1.4,93.444,-36.1,4.965,5228.1,yes
36,admin.,single,university.degree,unknown,yes,no,cellular,aug,mon,159,2,999,0,nonexistent,1.4,93.444,-36.1,4.965,5228.1,no
35,technician,single,university.degree,no,yes,no,cellular,aug,mon,217,1,999,0,nonexistent,1.4,93.444,-36.1,4.965,5228.1,no
48,admin.,married,high.school,no,yes,no,cellular,aug,mon,40,4,999,0,nonexistent,1.4,93.444,-36.1,4.965,5228.1,no
55,blue-collar,married,basic.6y,no,yes,yes,cellular,aug,mon,179,4,999,0,nonexistent,1.4,93.444,-36.1,4.965,5228.1,no
38,admin.,single,university.degree,no,yes,yes,cellular,aug,mon,1504,2,999,0,nonexistent,1.4,93.444,-36.1,4.965,5228.1,no
58,retired,married,professional.course,unknown,no,yes,cellular,aug,mon,85,5,999,0,nonexistent,1.4,93.444,-36.1,4.965,5228.1,no
54,blue-collar,married,basic.4y,no,unknown,unknown,cellular,aug,mon,320,6,999,0,nonexistent,1.4,93.444,-36.1,4.965,5228.1,no
54,self-employed,married,basic.9y,no,no,no,cellular,aug,mon,48,5,999,0,nonexistent,1.4,93.444,-36.1,4.965,5228.1,no
29,technician,single,professional.course,no,no,no,cellular,aug,mon,356,1,999,0,nonexistent,1.4,93.444,-36.1,4.965,5228.1,no
48,technician,married,university.degree,no,yes,yes,cellular,aug,mon,159,1,999,0,nonexistent,1.4,93.444,-36.1,4.965,5228.1,no
38,technician,married,professional.course,no,yes,no,cellular,aug,mon,479,1,999,0,nonexistent,1.4,93.444,-36.1,4.965,5228.1,yes
40,management,married,high.school,unknown,yes,no,cellular,aug,tue,236,7,999,0,nonexistent,1.4,93.444,-36.1,4.966,5228.1,no
56,blue-collar,married,basic.9y,no,yes,no,cellular,aug,tue,91,3,999,0,nonexistent,1.4,93.444,-36.1,4.966,5228.1,no
38,admin.,married,university.degree,no,no,no,cellular,aug,tue,154,1,999,0,nonexistent,1.4,93.444,-36.1,4.966,5228.1,no
43,admin.,married,university.degree,unknown,no,no,cellular,aug,tue,101,1,999,0,nonexistent,1.4,93.444,-36.1,4.966,5228.1,no
34,admin.,single,university.degree,no,no,no,cellular,aug,tue,161,5,999,0,nonexistent,1.4,93.444,-36.1,4.966,5228.1,no
37,technician,married,high.school,unknown,no,no,cellular,aug,tue,204,1,999,0,nonexistent,1.4,93.444,-36.1,4.966,5228.1,no
31,admin.,married,university.degree,no,yes,no,cellular,aug,tue,64,6,999,0,nonexistent,1.4,93.444,-36.1,4.966,5228.1,no
53,admin.,divorced,university.degree,no,no,no,cellular,aug,tue,506,1,999,0,nonexistent,1.4,93.444,-36.1,4.966,5228.1,yes
51,housemaid,married,basic.4y,unknown,no,no,cellular,aug,tue,80,5,999,0,nonexistent,1.4,93.444,-36.1,4.966,5228.1,no
31,admin.,married,university.degree,no,no,no,cellular,aug,tue,219,3,999,0,nonexistent,1.4,93.444,-36.1,4.966,5228.1,no
44,admin.,married,high.school,no,no,yes,cellular,aug,tue,96,1,999,0,nonexistent,1.4,93.444,-36.1,4.966,5228.1,no
32,admin.,married,university.degree,no,yes,yes,cellular,aug,tue,246,1,999,0,nonexistent,1.4,93.444,-36.1,4.966,5228.1,no
41,self-employed,married,university.degree,no,yes,no,cellular,aug,tue,92,1,999,0,nonexistent,1.4,93.444,-36.1,4.966,5228.1,no
32,admin.,married,university.degree,no,yes,no,cellular,aug,tue,359,1,999,0,nonexistent,1.4,93.444,-36.1,4.966,5228.1,no
52,management,married,university.degree,no,yes,no,cellular,aug,tue,72,1,999,0,nonexistent,1.4,93.444,-36.1,4.966,5228.1,no
58,retired,married,university.degree,no,no,yes,cellular,aug,tue,138,1,999,0,nonexistent,1.4,93.444,-36.1,4.966,5228.1,no
35,technician,married,university.degree,no,yes,no,cellular,aug,tue,614,1,999,0,nonexistent,1.4,93.444,-36.1,4.966,5228.1,no
58,retired,married,university.degree,no,yes,no,cellular,aug,tue,327,1,999,0,nonexistent,1.4,93.444,-36.1,4.966,5228.1,no
52,housemaid,married,basic.6y,no,no,no,cellular,aug,tue,144,1,999,0,nonexistent,1.4,93.444,-36.1,4.966,5228.1,no
52,housemaid,married,basic.6y,no,yes,no,cellular,aug,tue,56,1,999,0,nonexistent,1.4,93.444,-36.1,4.966,5228.1,no
31,technician,single,high.school,no,yes,no,cellular,aug,tue,75,1,999,0,nonexistent,1.4,93.444,-36.1,4.966,5228.1,no
31,blue-collar,married,basic.6y,no,no,no,cellular,aug,tue,132,1,999,0,nonexistent,1.4,93.444,-36.1,4.966,5228.1,no
31,technician,single,high.school,no,no,no,cellular,aug,tue,191,1,999,0,nonexistent,1.4,93.444,-36.1,4.966,5228.1,no
31,technician,single,high.school,no,yes,yes,cellular,aug,tue,428,1,999,0,nonexistent,1.4,93.444,-36.1,4.966,5228.1,no
34,admin.,married,university.degree,unknown,yes,no,cellular,aug,tue,82,1,999,0,nonexistent,1.4,93.444,-36.1,4.966,5228.1,no
47,blue-collar,married,basic.9y,no,no,no,cellular,aug,tue,172,1,999,0,nonexistent,1.4,93.444,-36.1,4.966,5228.1,no
31,technician,single,high.school,no,yes,yes,cellular,aug,tue,768,1,999,0,nonexistent,1.4,93.444,-36.1,4.966,5228.1,yes
31,admin.,married,university.degree,no,no,no,cellular,aug,tue,336,6,999,0,nonexistent,1.4,93.444,-36.1,4.966,5228.1,no
52,housemaid,married,basic.6y,no,yes,no,cellular,aug,tue,1134,1,999,0,nonexistent,1.4,93.444,-36.1,4.966,5228.1,yes
38,technician,married,university.degree,no,yes,yes,cellular,aug,tue,76,1,999,0,nonexistent,1.4,93.444,-36.1,4.966,5228.1,no
36,services,married,professional.course,no,yes,yes,cellular,aug,tue,81,3,999,0,nonexistent,1.4,93.444,-36.1,4.966,5228.1,no
33,admin.,married,university.degree,no,no,no,cellular,aug,tue,120,1,999,0,nonexistent,1.4,93.444,-36.1,4.966,5228.1,no
33,technician,married,professional.course,no,yes,no,cellular,aug,tue,64,1,999,0,nonexistent,1.4,93.444,-36.1,4.966,5228.1,no
42,technician,divorced,professional.course,no,yes,yes,cellular,aug,tue,158,1,999,0,nonexistent,1.4,93.444,-36.1,4.966,5228.1,no
31,unemployed,single,university.degree,no,yes,no,cellular,aug,tue,51,2,999,0,nonexistent,1.4,93.444,-36.1,4.966,5228.1,no
56,retired,married,high.school,no,unknown,unknown,cellular,aug,tue,235,1,999,0,nonexistent,1.4,93.444,-36.1,4.966,5228.1,no
47,technician,married,professional.course,no,yes,no,cellular,aug,tue,256,1,999,0,nonexistent,1.4,93.444,-36.1,4.966,5228.1,no
53,entrepreneur,married,basic.9y,unknown,yes,no,cellular,aug,tue,1282,5,999,0,nonexistent,1.4,93.444,-36.1,4.966,5228.1,yes
47,technician,married,professional.course,no,no,no,cellular,aug,tue,364,1,999,0,nonexistent,1.4,93.444,-36.1,4.966,5228.1,no
29,technician,single,professional.course,no,no,no,cellular,aug,tue,168,2,999,0,nonexistent,1.4,93.444,-36.1,4.966,5228.1,no
38,technician,married,high.school,no,no,no,cellular,aug,tue,138,1,999,0,nonexistent,1.4,93.444,-36.1,4.966,5228.1,no
51,technician,married,professional.course,no,yes,no,cellular,aug,tue,96,4,999,0,nonexistent,1.4,93.444,-36.1,4.966,5228.1,no
38,technician,married,high.school,no,unknown,unknown,cellular,aug,tue,234,1,999,0,nonexistent,1.4,93.444,-36.1,4.966,5228.1,no
33,technician,single,university.degree,no,yes,no,cellular,aug,tue,181,1,999,0,nonexistent,1.4,93.444,-36.1,4.966,5228.1,no
34,technician,single,professional.course,no,yes,no,cellular,aug,tue,110,2,999,0,nonexistent,1.4,93.444,-36.1,4.966,5228.1,no
46,services,married,university.degree,no,no,no,cellular,aug,tue,122,1,999,0,nonexistent,1.4,93.444,-36.1,4.966,5228.1,no
30,admin.,single,university.degree,no,no,no,cellular,aug,tue,52,1,999,0,nonexistent,1.4,93.444,-36.1,4.966,5228.1,no
52,admin.,married,university.degree,no,no,no,cellular,aug,tue,73,1,999,0,nonexistent,1.4,93.444,-36.1,4.966,5228.1,no
39,technician,married,high.school,no,no,no,cellular,aug,tue,116,1,999,0,nonexistent,1.4,93.444,-36.1,4.966,5228.1,no
30,admin.,single,university.degree,no,no,no,cellular,aug,tue,365,1,999,0,nonexistent,1.4,93.444,-36.1,4.966,5228.1,no
31,housemaid,single,professional.course,unknown,yes,yes,cellular,aug,tue,213,1,999,0,nonexistent,1.4,93.444,-36.1,4.966,5228.1,no
35,services,married,high.school,no,no,no,cellular,aug,tue,63,1,999,0,nonexistent,1.4,93.444,-36.1,4.966,5228.1,no
35,services,married,high.school,no,yes,no,cellular,aug,tue,68,1,999,0,nonexistent,1.4,93.444,-36.1,4.966,5228.1,no
31,unemployed,single,university.degree,no,yes,no,cellular,aug,tue,77,2,999,0,nonexistent,1.4,93.444,-36.1,4.966,5228.1,no
30,admin.,single,university.degree,no,yes,yes,cellular,aug,tue,29,2,999,0,nonexistent,1.4,93.444,-36.1,4.966,5228.1,no
33,technician,married,professional.course,no,yes,no,cellular,aug,tue,147,1,999,0,nonexistent,1.4,93.444,-36.1,4.966,5228.1,no
52,admin.,married,university.degree,no,yes,no,cellular,aug,tue,867,1,999,0,nonexistent,1.4,93.444,-36.1,4.966,5228.1,no
40,admin.,married,university.degree,no,yes,no,cellular,aug,tue,124,1,999,0,nonexistent,1.4,93.444,-36.1,4.966,5228.1,no
40,admin.,married,university.degree,no,yes,yes,cellular,aug,tue,117,1,999,0,nonexistent,1.4,93.444,-36.1,4.966,5228.1,no
37,technician,single,professional.course,unknown,yes,no,cellular,aug,tue,971,1,999,0,nonexistent,1.4,93.444,-36.1,4.966,5228.1,yes
40,admin.,married,university.degree,no,no,no,cellular,aug,tue,139,1,999,0,nonexistent,1.4,93.444,-36.1,4.966,5228.1,no
50,blue-collar,married,basic.4y,unknown,yes,no,cellular,aug,tue,105,1,999,0,nonexistent,1.4,93.444,-36.1,4.966,5228.1,no
45,technician,married,professional.course,no,yes,no,cellular,aug,tue,196,1,999,0,nonexistent,1.4,93.444,-36.1,4.966,5228.1,no
45,technician,married,professional.course,no,no,no,cellular,aug,tue,105,1,999,0,nonexistent,1.4,93.444,-36.1,4.966,5228.1,no
49,blue-collar,married,basic.6y,no,yes,no,cellular,aug,tue,232,4,999,0,nonexistent,1.4,93.444,-36.1,4.966,5228.1,no
37,technician,married,professional.course,no,yes,yes,cellular,aug,tue,95,1,999,0,nonexistent,1.4,93.444,-36.1,4.966,5228.1,no
39,admin.,married,high.school,no,yes,no,cellular,aug,tue,101,2,999,0,nonexistent,1.4,93.444,-36.1,4.966,5228.1,no
59,technician,married,professional.course,no,no,yes,cellular,aug,tue,138,2,999,0,nonexistent,1.4,93.444,-36.1,4.966,5228.1,no
33,technician,single,professional.course,no,yes,no,cellular,aug,tue,396,2,999,0,nonexistent,1.4,93.444,-36.1,4.966,5228.1,yes
51,management,married,high.school,no,no,no,cellular,aug,tue,121,1,999,0,nonexistent,1.4,93.444,-36.1,4.966,5228.1,no
31,unemployed,single,university.degree,no,yes,no,cellular,aug,tue,174,2,999,0,nonexistent,1.4,93.444,-36.1,4.966,5228.1,no
37,technician,married,high.school,unknown,yes,no,cellular,aug,tue,69,2,999,0,nonexistent,1.4,93.444,-36.1,4.966,5228.1,no
31,admin.,single,university.degree,no,yes,no,cellular,aug,tue,106,1,999,0,nonexistent,1.4,93.444,-36.1,4.966,5228.1,no
31,admin.,single,university.degree,no,no,no,cellular,aug,tue,138,1,999,0,nonexistent,1.4,93.444,-36.1,4.966,5228.1,no
50,self-employed,married,university.degree,no,yes,no,cellular,aug,tue,123,1,999,0,nonexistent,1.4,93.444,-36.1,4.966,5228.1,no
31,admin.,single,university.degree,no,no,no,cellular,aug,tue,507,1,999,0,nonexistent,1.4,93.444,-36.1,4.966,5228.1,yes
31,unemployed,single,university.degree,no,no,no,cellular,aug,tue,85,2,999,0,nonexistent,1.4,93.444,-36.1,4.966,5228.1,no
46,services,married,unknown,no,no,no,cellular,aug,tue,177,1,999,0,nonexistent,1.4,93.444,-36.1,4.966,5228.1,no
51,admin.,divorced,professional.course,no,no,yes,cellular,aug,tue,207,1,999,0,nonexistent,1.4,93.444,-36.1,4.966,5228.1,no
35,technician,married,high.school,no,no,no,cellular,aug,tue,150,1,999,0,nonexistent,1.4,93.444,-36.1,4.966,5228.1,no
32,admin.,divorced,university.degree,no,yes,no,cellular,aug,tue,105,1,999,0,nonexistent,1.4,93.444,-36.1,4.966,5228.1,no
31,admin.,single,university.degree,no,yes,no,cellular,aug,tue,130,1,999,0,nonexistent,1.4,93.444,-36.1,4.966,5228.1,no
35,technician,married,high.school,no,yes,no,cellular,aug,tue,603,1,999,0,nonexistent,1.4,93.444,-36.1,4.966,5228.1,no
32,admin.,divorced,university.degree,no,yes,no,cellular,aug,tue,66,1,999,0,nonexistent,1.4,93.444,-36.1,4.966,5228.1,no
32,admin.,single,university.degree,unknown,no,no,cellular,aug,tue,240,5,999,0,nonexistent,1.4,93.444,-36.1,4.966,5228.1,no
32,technician,married,high.school,no,yes,no,cellular,aug,tue,109,1,999,0,nonexistent,1.4,93.444,-36.1,4.966,5228.1,no
35,technician,single,university.degree,no,yes,no,cellular,aug,tue,439,3,999,0,nonexistent,1.4,93.444,-36.1,4.966,5228.1,yes
36,technician,single,professional.course,no,unknown,unknown,cellular,aug,tue,217,3,999,0,nonexistent,1.4,93.444,-36.1,4.966,5228.1,no
51,blue-collar,married,basic.9y,unknown,yes,no,cellular,aug,tue,107,1,999,0,nonexistent,1.4,93.444,-36.1,4.966,5228.1,no
32,technician,married,professional.course,no,no,no,cellular,aug,tue,252,1,999,0,nonexistent,1.4,93.444,-36.1,4.966,5228.1,no
36,technician,single,university.degree,unknown,no,no,cellular,aug,tue,73,1,999,0,nonexistent,1.4,93.444,-36.1,4.966,5228.1,no
36,admin.,divorced,university.degree,no,no,no,cellular,aug,tue,61,1,999,0,nonexistent,1.4,93.444,-36.1,4.966,5228.1,no
60,services,married,high.school,unknown,no,no,cellular,aug,tue,73,1,999,0,nonexistent,1.4,93.444,-36.1,4.966,5228.1,no
39,technician,divorced,professional.course,no,yes,yes,cellular,aug,tue,80,2,999,0,nonexistent,1.4,93.444,-36.1,4.966,5228.1,no
38,technician,married,high.school,no,no,no,cellular,aug,tue,197,2,999,0,nonexistent,1.4,93.444,-36.1,4.966,5228.1,no
33,technician,married,professional.course,no,no,no,cellular,aug,tue,129,2,999,0,nonexistent,1.4,93.444,-36.1,4.966,5228.1,no
41,technician,married,professional.course,no,no,no,cellular,aug,tue,131,1,999,0,nonexistent,1.4,93.444,-36.1,4.966,5228.1,no
54,admin.,married,high.school,no,no,yes,cellular,aug,tue,150,2,999,0,nonexistent,1.4,93.444,-36.1,4.966,5228.1,no
45,admin.,married,high.school,unknown,yes,no,cellular,aug,tue,128,1,999,0,nonexistent,1.4,93.444,-36.1,4.966,5228.1,no
47,blue-collar,married,basic.6y,no,no,no,cellular,aug,tue,56,1,999,0,nonexistent,1.4,93.444,-36.1,4.966,5228.1,no
47,blue-collar,married,basic.6y,no,yes,no,cellular,aug,tue,64,1,999,0,nonexistent,1.4,93.444,-36.1,4.966,5228.1,no
48,blue-collar,married,basic.9y,no,yes,no,cellular,aug,tue,108,1,999,0,nonexistent,1.4,93.444,-36.1,4.966,5228.1,no
48,blue-collar,married,basic.9y,no,yes,no,cellular,aug,tue,84,1,999,0,nonexistent,1.4,93.444,-36.1,4.966,5228.1,no
44,services,married,high.school,unknown,yes,no,cellular,aug,tue,157,3,999,0,nonexistent,1.4,93.444,-36.1,4.966,5228.1,no
30,admin.,single,university.degree,no,no,no,cellular,aug,tue,312,3,999,0,nonexistent,1.4,93.444,-36.1,4.966,5228.1,no
36,management,married,university.degree,no,no,no,cellular,aug,tue,231,2,999,0,nonexistent,1.4,93.444,-36.1,4.966,5228.1,no
31,self-employed,married,university.degree,no,no,no,cellular,aug,tue,201,2,999,0,nonexistent,1.4,93.444,-36.1,4.966,5228.1,no
51,housemaid,married,basic.4y,unknown,yes,no,cellular,aug,tue,234,2,999,0,nonexistent,1.4,93.444,-36.1,4.966,5228.1,no
30,technician,single,university.degree,no,yes,yes,cellular,aug,tue,433,2,999,0,nonexistent,1.4,93.444,-36.1,4.966,5228.1,no
48,admin.,married,basic.9y,no,yes,no,cellular,aug,tue,1181,2,999,0,nonexistent,1.4,93.444,-36.1,4.966,5228.1,yes
48,admin.,married,basic.9y,no,yes,no,cellular,aug,tue,92,2,999,0,nonexistent,1.4,93.444,-36.1,4.966,5228.1,no
53,management,married,university.degree,no,yes,no,cellular,aug,tue,1133,3,999,0,nonexistent,1.4,93.444,-36.1,4.966,5228.1,yes
35,technician,divorced,professional.course,no,yes,no,cellular,aug,tue,536,2,999,0,nonexistent,1.4,93.444,-36.1,4.966,5228.1,no
33,technician,married,high.school,no,no,no,cellular,aug,tue,398,2,999,0,nonexistent,1.4,93.444,-36.1,4.966,5228.1,no
38,technician,single,high.school,unknown,no,no,cellular,aug,tue,104,6,999,0,nonexistent,1.4,93.444,-36.1,4.966,5228.1,no
49,management,married,university.degree,no,no,yes,cellular,aug,tue,297,2,999,0,nonexistent,1.4,93.444,-36.1,4.966,5228.1,no
31,technician,single,high.school,no,yes,no,cellular,aug,tue,193,2,999,0,nonexistent,1.4,93.444,-36.1,4.966,5228.1,no
36,technician,single,professional.course,no,yes,yes,cellular,aug,tue,127,3,999,0,nonexistent,1.4,93.444,-36.1,4.966,5228.1,no
50,blue-collar,married,basic.6y,unknown,no,no,cellular,aug,tue,137,1,999,0,nonexistent,1.4,93.444,-36.1,4.966,5228.1,no
48,admin.,married,university.degree,no,yes,no,telephone,aug,tue,58,2,999,0,nonexistent,1.4,93.444,-36.1,4.966,5228.1,no
43,technician,married,professional.course,unknown,no,no,cellular,aug,tue,926,2,999,0,nonexistent,1.4,93.444,-36.1,4.966,5228.1,yes
46,admin.,divorced,university.degree,no,yes,yes,cellular,aug,tue,121,1,999,0,nonexistent,1.4,93.444,-36.1,4.966,5228.1,no
32,technician,married,university.degree,no,no,yes,cellular,aug,tue,226,2,999,0,nonexistent,1.4,93.444,-36.1,4.966,5228.1,no
33,technician,married,professional.course,no,no,yes,cellular,aug,tue,587,1,999,0,nonexistent,1.4,93.444,-36.1,4.966,5228.1,yes
43,admin.,divorced,university.degree,unknown,no,no,cellular,aug,tue,111,2,999,0,nonexistent,1.4,93.444,-36.1,4.966,5228.1,no
39,self-employed,married,basic.9y,no,no,no,cellular,aug,tue,139,4,999,0,nonexistent,1.4,93.444,-36.1,4.966,5228.1,no
32,technician,married,university.degree,no,yes,no,cellular,aug,tue,83,2,999,0,nonexistent,1.4,93.444,-36.1,4.966,5228.1,no
45,admin.,married,university.degree,no,no,no,cellular,aug,tue,632,3,999,0,nonexistent,1.4,93.444,-36.1,4.966,5228.1,no
35,management,married,university.degree,no,no,no,cellular,aug,tue,186,1,999,0,nonexistent,1.4,93.444,-36.1,4.966,5228.1,no
35,self-employed,married,university.degree,no,no,no,cellular,aug,tue,112,2,999,0,nonexistent,1.4,93.444,-36.1,4.966,5228.1,no
32,admin.,divorced,university.degree,no,no,no,cellular,aug,tue,225,2,999,0,nonexistent,1.4,93.444,-36.1,4.966,5228.1,no
35,management,married,university.degree,no,no,no,cellular,aug,tue,253,1,999,0,nonexistent,1.4,93.444,-36.1,4.966,5228.1,no
35,management,married,university.degree,no,yes,no,cellular,aug,tue,284,1,999,0,nonexistent,1.4,93.444,-36.1,4.966,5228.1,no
35,technician,married,high.school,unknown,no,yes,cellular,aug,tue,306,1,999,0,nonexistent,1.4,93.444,-36.1,4.966,5228.1,no
35,management,married,university.degree,no,unknown,unknown,cellular,aug,tue,696,1,999,0,nonexistent,1.4,93.444,-36.1,4.966,5228.1,yes
33,admin.,married,university.degree,no,no,no,cellular,aug,tue,66,2,999,0,nonexistent,1.4,93.444,-36.1,4.966,5228.1,no
32,technician,single,university.degree,no,yes,no,cellular,aug,tue,114,2,999,0,nonexistent,1.4,93.444,-36.1,4.966,5228.1,no
42,technician,single,university.degree,no,yes,no,cellular,aug,tue,578,2,999,0,nonexistent,1.4,93.444,-36.1,4.966,5228.1,no
29,management,married,university.degree,no,yes,yes,cellular,aug,tue,116,2,999,0,nonexistent,1.4,93.444,-36.1,4.966,5228.1,no
53,admin.,married,basic.9y,no,yes,no,cellular,aug,tue,158,1,999,0,nonexistent,1.4,93.444,-36.1,4.966,5228.1,no
32,technician,single,university.degree,no,yes,no,cellular,aug,tue,645,4,999,0,nonexistent,1.4,93.444,-36.1,4.966,5228.1,yes
46,services,married,university.degree,no,no,no,cellular,aug,tue,246,3,999,0,nonexistent,1.4,93.444,-36.1,4.966,5228.1,no
32,technician,single,professional.course,no,yes,no,cellular,aug,tue,473,3,999,0,nonexistent,1.4,93.444,-36.1,4.966,5228.1,yes
31,technician,single,high.school,no,yes,yes,cellular,aug,tue,559,2,999,0,nonexistent,1.4,93.444,-36.1,4.966,5228.1,yes
32,technician,single,university.degree,no,no,no,cellular,aug,tue,264,12,999,0,nonexistent,1.4,93.444,-36.1,4.966,5228.1,no
44,management,married,basic.9y,no,yes,no,cellular,aug,tue,100,5,999,0,nonexistent,1.4,93.444,-36.1,4.966,5228.1,no
32,technician,single,university.degree,no,no,yes,cellular,aug,tue,1092,4,999,0,nonexistent,1.4,93.444,-36.1,4.966,5228.1,yes
49,retired,divorced,professional.course,no,yes,yes,telephone,aug,tue,128,8,999,0,nonexistent,1.4,93.444,-36.1,4.966,5228.1,no
36,admin.,single,university.degree,no,yes,no,cellular,aug,tue,1344,7,999,0,nonexistent,1.4,93.444,-36.1,4.966,5228.1,yes
35,technician,single,university.degree,no,no,no,cellular,aug,tue,218,4,999,0,nonexistent,1.4,93.444,-36.1,4.966,5228.1,no
53,blue-collar,married,basic.4y,unknown,yes,no,cellular,aug,tue,178,1,999,0,nonexistent,1.4,93.444,-36.1,4.966,5228.1,no
31,services,single,university.degree,unknown,yes,no,cellular,aug,tue,1307,3,999,0,nonexistent,1.4,93.444,-36.1,4.966,5228.1,yes
41,technician,married,professional.course,no,yes,no,cellular,aug,tue,1344,1,999,0,nonexistent,1.4,93.444,-36.1,4.966,5228.1,yes
58,housemaid,married,basic.4y,no,no,no,cellular,aug,tue,168,5,999,0,nonexistent,1.4,93.444,-36.1,4.966,5228.1,no
48,blue-collar,married,basic.9y,unknown,no,no,cellular,aug,tue,213,3,999,0,nonexistent,1.4,93.444,-36.1,4.966,5228.1,no
54,blue-collar,married,basic.4y,unknown,yes,no,cellular,aug,tue,781,5,999,0,nonexistent,1.4,93.444,-36.1,4.966,5228.1,no
32,admin.,married,university.degree,no,no,no,cellular,aug,tue,588,3,999,0,nonexistent,1.4,93.444,-36.1,4.966,5228.1,no
38,technician,divorced,professional.course,no,yes,no,cellular,aug,tue,75,2,999,0,nonexistent,1.4,93.444,-36.1,4.966,5228.1,no
31,housemaid,married,basic.4y,no,no,no,cellular,aug,tue,145,8,999,0,nonexistent,1.4,93.444,-36.1,4.966,5228.1,no
46,blue-collar,married,basic.4y,unknown,yes,no,cellular,aug,tue,42,4,999,0,nonexistent,1.4,93.444,-36.1,4.966,5228.1,no
32,technician,single,university.degree,no,no,no,cellular,aug,tue,432,3,999,0,nonexistent,1.4,93.444,-36.1,4.966,5228.1,yes
32,admin.,single,university.degree,no,no,no,cellular,aug,tue,1613,1,999,0,nonexistent,1.4,93.444,-36.1,4.966,5228.1,yes
31,admin.,married,university.degree,no,no,no,cellular,aug,tue,141,5,999,0,nonexistent,1.4,93.444,-36.1,4.966,5228.1,no
54,blue-collar,married,basic.9y,unknown,yes,no,cellular,aug,tue,439,3,999,0,nonexistent,1.4,93.444,-36.1,4.966,5228.1,no
34,technician,single,university.degree,no,no,no,cellular,aug,tue,136,2,999,0,nonexistent,1.4,93.444,-36.1,4.966,5228.1,no
53,management,married,university.degree,no,no,no,cellular,aug,tue,864,3,999,0,nonexistent,1.4,93.444,-36.1,4.966,5228.1,no
49,blue-collar,married,basic.9y,unknown,no,no,cellular,aug,tue,474,2,999,0,nonexistent,1.4,93.444,-36.1,4.966,5228.1,no
30,technician,single,professional.course,no,no,no,cellular,aug,tue,216,3,999,0,nonexistent,1.4,93.444,-36.1,4.966,5228.1,no
33,self-employed,married,university.degree,no,yes,no,cellular,aug,tue,418,3,999,0,nonexistent,1.4,93.444,-36.1,4.966,5228.1,no
33,admin.,single,university.degree,no,yes,no,cellular,aug,tue,226,4,999,0,nonexistent,1.4,93.444,-36.1,4.966,5228.1,no
46,admin.,married,high.school,no,yes,no,cellular,aug,tue,252,3,999,0,nonexistent,1.4,93.444,-36.1,4.966,5228.1,no
48,blue-collar,married,basic.4y,no,no,no,cellular,aug,tue,134,7,999,0,nonexistent,1.4,93.444,-36.1,4.966,5228.1,no
52,housemaid,divorced,high.school,no,yes,no,cellular,aug,tue,140,3,999,0,nonexistent,1.4,93.444,-36.1,4.966,5228.1,no
39,admin.,divorced,university.degree,no,yes,no,cellular,aug,tue,180,3,999,0,nonexistent,1.4,93.444,-36.1,4.966,5228.1,no
52,services,married,basic.4y,no,yes,no,cellular,aug,tue,483,4,999,0,nonexistent,1.4,93.444,-36.1,4.966,5228.1,no
31,technician,single,university.degree,no,no,no,cellular,aug,tue,409,7,999,0,nonexistent,1.4,93.444,-36.1,4.966,5228.1,no
32,technician,single,high.school,no,yes,no,cellular,aug,tue,222,2,999,0,nonexistent,1.4,93.444,-36.1,4.966,5228.1,no
57,admin.,married,university.degree,no,no,no,cellular,aug,tue,612,3,999,0,nonexistent,1.4,93.444,-36.1,4.966,5228.1,no
45,management,married,university.degree,no,yes,no,cellular,aug,tue,1735,4,999,0,nonexistent,1.4,93.444,-36.1,4.966,5228.1,yes
54,admin.,married,university.degree,no,yes,no,cellular,aug,tue,243,3,999,0,nonexistent,1.4,93.444,-36.1,4.966,5228.1,no
56,blue-collar,married,unknown,no,yes,no,cellular,aug,tue,178,8,999,0,nonexistent,1.4,93.444,-36.1,4.966,5228.1,no
33,technician,married,professional.course,no,no,no,cellular,aug,tue,129,4,999,0,nonexistent,1.4,93.444,-36.1,4.966,5228.1,no
34,admin.,married,high.school,no,yes,no,cellular,aug,tue,228,5,999,0,nonexistent,1.4,93.444,-36.1,4.966,5228.1,no
33,technician,married,professional.course,no,yes,no,cellular,aug,tue,940,10,999,0,nonexistent,1.4,93.444,-36.1,4.966,5228.1,yes
32,technician,married,professional.course,unknown,yes,no,cellular,aug,tue,796,4,999,0,nonexistent,1.4,93.444,-36.1,4.966,5228.1,yes
46,blue-collar,married,basic.4y,unknown,yes,no,cellular,aug,tue,58,3,999,0,nonexistent,1.4,93.444,-36.1,4.966,5228.1,no
31,admin.,single,university.degree,no,yes,no,cellular,aug,tue,465,6,999,0,nonexistent,1.4,93.444,-36.1,4.966,5228.1,no
54,blue-collar,married,basic.9y,unknown,no,no,cellular,aug,tue,112,3,999,0,nonexistent,1.4,93.444,-36.1,4.966,5228.1,no
47,admin.,divorced,high.school,no,no,no,cellular,aug,tue,204,6,999,0,nonexistent,1.4,93.444,-36.1,4.966,5228.1,no
32,admin.,married,high.school,no,yes,yes,cellular,aug,tue,711,3,999,0,nonexistent,1.4,93.444,-36.1,4.966,5228.1,no
34,admin.,single,university.degree,no,no,no,cellular,aug,tue,121,3,999,0,nonexistent,1.4,93.444,-36.1,4.966,5228.1,no
46,blue-collar,married,basic.4y,unknown,no,no,cellular,aug,tue,83,2,999,0,nonexistent,1.4,93.444,-36.1,4.966,5228.1,no
54,services,married,high.school,no,no,no,cellular,aug,tue,321,4,999,0,nonexistent,1.4,93.444,-36.1,4.966,5228.1,no
41,technician,married,professional.course,no,no,no,cellular,aug,tue,1476,2,999,0,nonexistent,1.4,93.444,-36.1,4.966,5228.1,no
41,technician,married,professional.course,no,yes,no,cellular,aug,tue,161,2,999,0,nonexistent,1.4,93.444,-36.1,4.966,5228.1,no
36,technician,married,university.degree,no,yes,no,cellular,aug,tue,120,3,999,0,nonexistent,1.4,93.444,-36.1,4.966,5228.1,no
31,admin.,divorced,university.degree,no,yes,no,cellular,aug,wed,77,6,999,0,nonexistent,1.4,93.444,-36.1,4.965,5228.1,no
60,services,married,basic.4y,no,yes,no,telephone,aug,wed,767,7,999,0,nonexistent,1.4,93.444,-36.1,4.965,5228.1,no
54,blue-collar,married,basic.9y,unknown,yes,no,cellular,aug,wed,388,4,999,0,nonexistent,1.4,93.444,-36.1,4.965,5228.1,no
56,admin.,married,professional.course,no,yes,no,cellular,aug,wed,106,1,999,0,nonexistent,1.4,93.444,-36.1,4.965,5228.1,no
35,management,married,university.degree,no,yes,yes,cellular,aug,wed,239,1,999,0,nonexistent,1.4,93.444,-36.1,4.965,5228.1,no
57,self-employed,married,basic.9y,no,no,no,cellular,aug,wed,139,1,999,0,nonexistent,1.4,93.444,-36.1,4.965,5228.1,no
29,technician,unknown,high.school,no,yes,no,cellular,aug,wed,78,1,999,0,nonexistent,1.4,93.444,-36.1,4.965,5228.1,no
29,technician,unknown,high.school,no,yes,no,cellular,aug,wed,536,1,999,0,nonexistent,1.4,93.444,-36.1,4.965,5228.1,no
36,admin.,married,university.degree,unknown,yes,no,cellular,aug,wed,295,1,999,0,nonexistent,1.4,93.444,-36.1,4.965,5228.1,no
32,admin.,married,university.degree,no,yes,yes,cellular,aug,wed,224,1,999,0,nonexistent,1.4,93.444,-36.1,4.965,5228.1,no
35,admin.,married,university.degree,unknown,yes,yes,cellular,aug,wed,156,1,999,0,nonexistent,1.4,93.444,-36.1,4.965,5228.1,no
34,admin.,married,university.degree,unknown,yes,no,cellular,aug,wed,206,1,999,0,nonexistent,1.4,93.444,-36.1,4.965,5228.1,no
33,technician,single,university.degree,no,no,no,cellular,aug,wed,317,1,999,0,nonexistent,1.4,93.444,-36.1,4.965,5228.1,no
30,technician,married,high.school,no,no,no,cellular,aug,wed,176,1,999,0,nonexistent,1.4,93.444,-36.1,4.965,5228.1,no
44,management,married,basic.9y,no,yes,no,cellular,aug,wed,244,4,999,0,nonexistent,1.4,93.444,-36.1,4.965,5228.1,no
46,technician,married,professional.course,no,yes,no,cellular,aug,wed,114,3,999,0,nonexistent,1.4,93.444,-36.1,4.965,5228.1,no
35,admin.,single,university.degree,no,yes,yes,cellular,aug,wed,132,1,999,0,nonexistent,1.4,93.444,-36.1,4.965,5228.1,no
41,housemaid,married,basic.6y,unknown,no,no,cellular,aug,wed,186,1,999,0,nonexistent,1.4,93.444,-36.1,4.965,5228.1,no
30,technician,married,professional.course,no,yes,no,cellular,aug,wed,78,1,999,0,nonexistent,1.4,93.444,-36.1,4.965,5228.1,no
44,blue-collar,married,basic.6y,no,no,no,cellular,aug,wed,128,2,999,0,nonexistent,1.4,93.444,-36.1,4.965,5228.1,no
30,technician,married,professional.course,no,no,yes,cellular,aug,wed,100,1,999,0,nonexistent,1.4,93.444,-36.1,4.965,5228.1,no
51,admin.,married,university.degree,unknown,yes,no,cellular,aug,wed,96,1,999,0,nonexistent,1.4,93.444,-36.1,4.965,5228.1,no
51,admin.,married,university.degree,unknown,unknown,unknown,cellular,aug,wed,332,1,999,0,nonexistent,1.4,93.444,-36.1,4.965,5228.1,no
33,admin.,single,university.degree,no,no,no,cellular,aug,wed,159,1,999,0,nonexistent,1.4,93.444,-36.1,4.965,5228.1,no
31,technician,single,high.school,no,no,no,cellular,aug,wed,303,1,999,0,nonexistent,1.4,93.444,-36.1,4.965,5228.1,no
45,blue-collar,married,high.school,unknown,yes,no,cellular,aug,wed,969,1,999,0,nonexistent,1.4,93.444,-36.1,4.965,5228.1,yes
59,retired,married,university.degree,no,no,yes,cellular,aug,wed,295,1,999,0,nonexistent,1.4,93.444,-36.1,4.965,5228.1,no
38,management,married,university.degree,no,no,no,cellular,aug,wed,157,1,999,0,nonexistent,1.4,93.444,-36.1,4.965,5228.1,no
38,management,married,university.degree,no,no,no,cellular,aug,wed,58,1,999,0,nonexistent,1.4,93.444,-36.1,4.965,5228.1,no
33,technician,married,high.school,no,no,no,cellular,aug,wed,703,1,999,0,nonexistent,1.4,93.444,-36.1,4.965,5228.1,yes
43,admin.,married,university.degree,no,no,no,telephone,aug,wed,618,8,999,0,nonexistent,1.4,93.444,-36.1,4.965,5228.1,yes
47,services,married,high.school,unknown,yes,no,cellular,aug,wed,370,4,999,0,nonexistent,1.4,93.444,-36.1,4.965,5228.1,no
31,services,single,university.degree,unknown,yes,no,cellular,aug,wed,55,3,999,0,nonexistent,1.4,93.444,-36.1,4.965,5228.1,no
58,admin.,married,university.degree,no,yes,no,cellular,aug,wed,225,1,999,0,nonexistent,1.4,93.444,-36.1,4.965,5228.1,no
32,technician,single,university.degree,no,yes,yes,cellular,aug,wed,93,2,999,0,nonexistent,1.4,93.444,-36.1,4.965,5228.1,no
35,technician,married,university.degree,no,yes,no,cellular,aug,wed,455,1,999,0,nonexistent,1.4,93.444,-36.1,4.965,5228.1,yes
51,admin.,single,university.degree,no,no,no,telephone,aug,wed,214,2,999,0,nonexistent,1.4,93.444,-36.1,4.965,5228.1,no
44,technician,divorced,professional.course,no,no,no,cellular,aug,wed,57,2,999,0,nonexistent,1.4,93.444,-36.1,4.965,5228.1,no
38,management,married,university.degree,unknown,no,yes,cellular,aug,wed,107,1,999,0,nonexistent,1.4,93.444,-36.1,4.965,5228.1,no
46,blue-collar,married,basic.9y,no,no,no,cellular,aug,wed,239,1,999,0,nonexistent,1.4,93.444,-36.1,4.965,5228.1,no
36,admin.,single,university.degree,no,no,no,cellular,aug,wed,142,1,999,0,nonexistent,1.4,93.444,-36.1,4.965,5228.1,no
56,admin.,married,university.degree,unknown,yes,yes,cellular,aug,wed,287,1,999,0,nonexistent,1.4,93.444,-36.1,4.965,5228.1,no
39,technician,married,professional.course,no,yes,yes,cellular,aug,wed,86,1,999,0,nonexistent,1.4,93.444,-36.1,4.965,5228.1,no
40,management,married,high.school,no,no,yes,cellular,aug,wed,258,2,999,0,nonexistent,1.4,93.444,-36.1,4.965,5228.1,no
34,admin.,divorced,university.degree,no,no,no,cellular,aug,wed,185,1,999,0,nonexistent,1.4,93.444,-36.1,4.965,5228.1,no
39,technician,married,professional.course,no,no,no,cellular,aug,wed,458,1,999,0,nonexistent,1.4,93.444,-36.1,4.965,5228.1,no
57,admin.,single,university.degree,unknown,yes,yes,cellular,aug,wed,73,1,999,0,nonexistent,1.4,93.444,-36.1,4.965,5228.1,no
54,services,married,basic.4y,no,yes,yes,cellular,aug,wed,900,1,999,0,nonexistent,1.4,93.444,-36.1,4.965,5228.1,no
57,admin.,single,university.degree,unknown,yes,yes,cellular,aug,wed,143,1,999,0,nonexistent,1.4,93.444,-36.1,4.965,5228.1,no
57,admin.,single,university.degree,unknown,yes,no,cellular,aug,wed,334,1,999,0,nonexistent,1.4,93.444,-36.1,4.965,5228.1,no
55,entrepreneur,divorced,high.school,unknown,no,no,cellular,aug,wed,88,1,999,0,nonexistent,1.4,93.444,-36.1,4.965,5228.1,no
40,technician,married,professional.course,unknown,yes,yes,cellular,aug,wed,115,1,999,0,nonexistent,1.4,93.444,-36.1,4.965,5228.1,no
46,admin.,married,university.degree,no,yes,no,cellular,aug,wed,73,1,999,0,nonexistent,1.4,93.444,-36.1,4.965,5228.1,no
42,admin.,married,university.degree,no,yes,no,cellular,aug,wed,71,1,999,0,nonexistent,1.4,93.444,-36.1,4.965,5228.1,no
33,admin.,single,university.degree,no,yes,yes,cellular,aug,wed,110,2,999,0,nonexistent,1.4,93.444,-36.1,4.965,5228.1,no
57,admin.,married,university.degree,unknown,no,no,cellular,aug,wed,846,4,999,0,nonexistent,1.4,93.444,-36.1,4.965,5228.1,yes
34,admin.,divorced,university.degree,no,no,no,cellular,aug,wed,105,1,999,0,nonexistent,1.4,93.444,-36.1,4.965,5228.1,no
34,admin.,divorced,university.degree,no,yes,yes,cellular,aug,wed,109,1,999,0,nonexistent,1.4,93.444,-36.1,4.965,5228.1,no
42,unemployed,married,university.degree,unknown,no,yes,cellular,aug,wed,110,1,999,0,nonexistent,1.4,93.444,-36.1,4.965,5228.1,no
58,admin.,married,university.degree,no,no,no,cellular,aug,wed,233,2,999,0,nonexistent,1.4,93.444,-36.1,4.965,5228.1,no
48,unemployed,married,basic.4y,unknown,yes,no,cellular,aug,wed,57,1,999,0,nonexistent,1.4,93.444,-36.1,4.965,5228.1,no
30,technician,married,university.degree,unknown,no,yes,cellular,aug,wed,96,1,999,0,nonexistent,1.4,93.444,-36.1,4.965,5228.1,no
44,admin.,married,university.degree,unknown,no,yes,cellular,aug,wed,227,1,999,0,nonexistent,1.4,93.444,-36.1,4.965,5228.1,no
48,management,married,university.degree,unknown,no,no,cellular,aug,wed,127,1,999,0,nonexistent,1.4,93.444,-36.1,4.965,5228.1,no
36,admin.,divorced,university.degree,unknown,yes,yes,cellular,aug,wed,283,1,999,0,nonexistent,1.4,93.444,-36.1,4.965,5228.1,no
54,admin.,single,university.degree,no,yes,no,cellular,aug,wed,104,9,999,0,nonexistent,1.4,93.444,-36.1,4.965,5228.1,no
41,admin.,married,university.degree,no,yes,no,cellular,aug,wed,206,1,999,0,nonexistent,1.4,93.444,-36.1,4.965,5228.1,no
31,admin.,married,high.school,no,yes,no,cellular,aug,wed,91,1,999,0,nonexistent,1.4,93.444,-36.1,4.965,5228.1,no
41,admin.,married,university.degree,no,yes,no,cellular,aug,wed,460,1,999,0,nonexistent,1.4,93.444,-36.1,4.965,5228.1,no
33,technician,single,university.degree,unknown,unknown,unknown,cellular,aug,wed,690,1,999,0,nonexistent,1.4,93.444,-36.1,4.965,5228.1,no
45,self-employed,married,basic.6y,no,yes,no,cellular,aug,wed,100,1,999,0,nonexistent,1.4,93.444,-36.1,4.965,5228.1,no
40,technician,married,professional.course,unknown,yes,no,cellular,aug,wed,192,1,999,0,nonexistent,1.4,93.444,-36.1,4.965,5228.1,no
35,technician,single,professional.course,no,yes,no,cellular,aug,wed,114,1,999,0,nonexistent,1.4,93.444,-36.1,4.965,5228.1,no
32,technician,married,professional.course,no,yes,no,cellular,aug,wed,159,1,999,0,nonexistent,1.4,93.444,-36.1,4.965,5228.1,no
29,technician,married,university.degree,no,no,no,cellular,aug,wed,183,1,999,0,nonexistent,1.4,93.444,-36.1,4.965,5228.1,no
29,technician,married,university.degree,no,no,yes,cellular,aug,wed,80,1,999,0,nonexistent,1.4,93.444,-36.1,4.965,5228.1,no
55,technician,married,university.degree,unknown,no,no,cellular,aug,wed,144,1,999,0,nonexistent,1.4,93.444,-36.1,4.965,5228.1,no
45,technician,married,professional.course,no,no,no,cellular,aug,wed,132,1,999,0,nonexistent,1.4,93.444,-36.1,4.965,5228.1,no
57,admin.,single,university.degree,unknown,yes,no,cellular,aug,wed,86,2,999,0,nonexistent,1.4,93.444,-36.1,4.965,5228.1,no
52,blue-collar,married,basic.4y,no,no,no,cellular,aug,wed,269,2,999,0,nonexistent,1.4,93.444,-36.1,4.965,5228.1,no
54,blue-collar,married,basic.4y,unknown,yes,no,cellular,aug,wed,261,1,999,0,nonexistent,1.4,93.444,-36.1,4.965,5228.1,no
31,technician,married,professional.course,no,yes,no,cellular,aug,wed,409,2,999,0,nonexistent,1.4,93.444,-36.1,4.965,5228.1,no
34,admin.,single,university.degree,no,yes,no,cellular,aug,wed,100,1,999,0,nonexistent,1.4,93.444,-36.1,4.965,5228.1,no
54,blue-collar,married,basic.4y,unknown,yes,no,cellular,aug,wed,60,1,999,0,nonexistent,1.4,93.444,-36.1,4.965,5228.1,no
34,admin.,single,university.degree,no,yes,no,cellular,aug,wed,165,1,999,0,nonexistent,1.4,93.444,-36.1,4.965,5228.1,no
31,admin.,single,university.degree,no,yes,no,cellular,aug,wed,94,1,999,0,nonexistent,1.4,93.444,-36.1,4.965,5228.1,no
45,blue-collar,married,basic.9y,no,no,no,cellular,aug,wed,325,1,999,0,nonexistent,1.4,93.444,-36.1,4.965,5228.1,no
57,admin.,married,university.degree,no,no,no,cellular,aug,wed,182,6,999,0,nonexistent,1.4,93.444,-36.1,4.965,5228.1,no
54,blue-collar,married,basic.4y,unknown,yes,no,cellular,aug,wed,403,1,999,0,nonexistent,1.4,93.444,-36.1,4.965,5228.1,no
50,admin.,married,university.degree,no,yes,no,cellular,aug,wed,1149,5,999,0,nonexistent,1.4,93.444,-36.1,4.965,5228.1,yes
40,management,married,high.school,no,yes,no,cellular,aug,wed,286,1,999,0,nonexistent,1.4,93.444,-36.1,4.965,5228.1,no
39,management,married,high.school,no,no,no,cellular,aug,wed,271,1,999,0,nonexistent,1.4,93.444,-36.1,4.965,5228.1,no
39,admin.,single,university.degree,no,yes,no,cellular,aug,wed,169,5,999,0,nonexistent,1.4,93.444,-36.1,4.965,5228.1,no
30,technician,married,high.school,no,yes,no,cellular,aug,wed,143,1,999,0,nonexistent,1.4,93.444,-36.1,4.965,5228.1,no
52,admin.,married,university.degree,unknown,yes,no,cellular,aug,wed,81,1,999,0,nonexistent,1.4,93.444,-36.1,4.965,5228.1,no
44,admin.,married,university.degree,unknown,yes,no,cellular,aug,wed,641,2,999,0,nonexistent,1.4,93.444,-36.1,4.965,5228.1,yes
34,technician,single,university.degree,no,no,no,cellular,aug,wed,62,1,999,0,nonexistent,1.4,93.444,-36.1,4.965,5228.1,no
46,blue-collar,married,basic.6y,unknown,no,no,cellular,aug,wed,151,1,999,0,nonexistent,1.4,93.444,-36.1,4.965,5228.1,no
31,technician,married,professional.course,no,yes,no,cellular,aug,wed,87,1,999,0,nonexistent,1.4,93.444,-36.1,4.965,5228.1,no
34,admin.,married,university.degree,no,no,no,cellular,aug,wed,202,1,999,0,nonexistent,1.4,93.444,-36.1,4.965,5228.1,no
34,admin.,married,university.degree,no,yes,no,cellular,aug,wed,270,1,999,0,nonexistent,1.4,93.444,-36.1,4.965,5228.1,no
30,admin.,married,high.school,unknown,yes,no,cellular,aug,wed,299,2,999,0,nonexistent,1.4,93.444,-36.1,4.965,5228.1,no
57,admin.,single,university.degree,unknown,yes,no,cellular,aug,wed,404,4,999,0,nonexistent,1.4,93.444,-36.1,4.965,5228.1,yes
39,technician,married,professional.course,no,yes,yes,cellular,aug,wed,657,6,999,0,nonexistent,1.4,93.444,-36.1,4.965,5228.1,yes
58,retired,married,basic.4y,no,no,no,cellular,aug,wed,180,4,999,0,nonexistent,1.4,93.444,-36.1,4.965,5228.1,no
52,technician,married,professional.course,no,yes,yes,cellular,aug,wed,203,3,999,0,nonexistent,1.4,93.444,-36.1,4.965,5228.1,no
33,admin.,single,university.degree,no,yes,no,cellular,aug,wed,66,2,999,0,nonexistent,1.4,93.444,-36.1,4.965,5228.1,no
32,management,married,university.degree,no,yes,no,cellular,aug,wed,78,3,999,0,nonexistent,1.4,93.444,-36.1,4.965,5228.1,no
53,admin.,married,university.degree,no,yes,no,cellular,aug,wed,79,2,999,0,nonexistent,1.4,93.444,-36.1,4.965,5228.1,no
54,services,married,basic.4y,no,yes,yes,cellular,aug,wed,250,2,999,0,nonexistent,1.4,93.444,-36.1,4.965,5228.1,no
60,retired,married,basic.9y,unknown,no,no,cellular,aug,wed,707,3,999,0,nonexistent,1.4,93.444,-36.1,4.965,5228.1,yes
32,admin.,single,university.degree,unknown,yes,no,cellular,aug,wed,141,2,999,0,nonexistent,1.4,93.444,-36.1,4.965,5228.1,no
50,services,married,high.school,no,yes,no,cellular,aug,wed,737,2,999,0,nonexistent,1.4,93.444,-36.1,4.965,5228.1,yes
55,technician,married,university.degree,unknown,yes,no,cellular,aug,wed,150,2,999,0,nonexistent,1.4,93.444,-36.1,4.965,5228.1,no
34,admin.,divorced,university.degree,no,yes,no,cellular,aug,wed,324,2,999,0,nonexistent,1.4,93.444,-36.1,4.965,5228.1,no
58,admin.,married,university.degree,no,yes,no,cellular,aug,wed,328,2,999,0,nonexistent,1.4,93.444,-36.1,4.965,5228.1,no
31,technician,married,university.degree,no,yes,yes,cellular,aug,wed,156,2,999,0,nonexistent,1.4,93.444,-36.1,4.965,5228.1,no
31,technician,married,university.degree,no,yes,no,cellular,aug,wed,376,2,999,0,nonexistent,1.4,93.444,-36.1,4.965,5228.1,no
44,management,married,basic.9y,no,yes,no,cellular,aug,wed,260,1,999,0,nonexistent,1.4,93.444,-36.1,4.965,5228.1,no
46,admin.,married,high.school,no,no,yes,cellular,aug,wed,871,2,999,0,nonexistent,1.4,93.444,-36.1,4.965,5228.1,yes
32,technician,married,university.degree,no,yes,yes,cellular,aug,wed,89,3,999,0,nonexistent,1.4,93.444,-36.1,4.965,5228.1,no
48,admin.,married,high.school,no,yes,no,cellular,aug,wed,110,2,999,0,nonexistent,1.4,93.444,-36.1,4.965,5228.1,no
57,blue-collar,married,basic.9y,unknown,yes,no,cellular,aug,wed,122,1,999,0,nonexistent,1.4,93.444,-36.1,4.965,5228.1,no
34,entrepreneur,married,unknown,no,no,no,cellular,aug,wed,165,1,999,0,nonexistent,1.4,93.444,-36.1,4.965,5228.1,no
40,management,married,high.school,no,no,no,cellular,aug,wed,838,2,999,0,nonexistent,1.4,93.444,-36.1,4.965,5228.1,yes
44,blue-collar,married,basic.4y,unknown,yes,yes,cellular,aug,wed,310,1,999,0,nonexistent,1.4,93.444,-36.1,4.965,5228.1,no
44,blue-collar,married,basic.6y,no,no,no,cellular,aug,wed,15,12,999,0,nonexistent,1.4,93.444,-36.1,4.965,5228.1,no
34,admin.,single,university.degree,no,yes,no,cellular,aug,wed,1038,1,999,0,nonexistent,1.4,93.444,-36.1,4.965,5228.1,yes
47,admin.,married,professional.course,no,yes,no,cellular,aug,wed,136,2,999,0,nonexistent,1.4,93.444,-36.1,4.965,5228.1,no
37,technician,married,professional.course,no,yes,yes,cellular,aug,wed,733,5,999,0,nonexistent,1.4,93.444,-36.1,4.965,5228.1,no
34,unknown,married,basic.6y,no,yes,no,cellular,aug,wed,713,1,999,0,nonexistent,1.4,93.444,-36.1,4.965,5228.1,no
29,technician,unknown,high.school,no,yes,no,cellular,aug,wed,243,3,999,0,nonexistent,1.4,93.444,-36.1,4.965,5228.1,no
46,management,married,university.degree,no,no,no,cellular,aug,wed,517,1,999,0,nonexistent,1.4,93.444,-36.1,4.965,5228.1,no
44,blue-collar,married,basic.6y,no,no,no,cellular,aug,wed,195,1,999,0,nonexistent,1.4,93.444,-36.1,4.965,5228.1,no
32,management,married,university.degree,no,yes,no,cellular,aug,wed,343,1,999,0,nonexistent,1.4,93.444,-36.1,4.965,5228.1,no
41,housemaid,single,university.degree,no,yes,no,cellular,aug,wed,116,1,999,0,nonexistent,1.4,93.444,-36.1,4.965,5228.1,no
57,technician,divorced,university.degree,no,yes,no,cellular,aug,wed,96,1,999,0,nonexistent,1.4,93.444,-36.1,4.965,5228.1,no
33,technician,married,university.degree,no,yes,no,cellular,aug,wed,111,1,999,0,nonexistent,1.4,93.444,-36.1,4.965,5228.1,no
51,management,married,high.school,unknown,no,no,cellular,aug,wed,158,1,999,0,nonexistent,1.4,93.444,-36.1,4.965,5228.1,no
49,blue-collar,married,basic.9y,unknown,no,yes,cellular,aug,wed,92,4,999,0,nonexistent,1.4,93.444,-36.1,4.965,5228.1,no
34,entrepreneur,married,professional.course,no,no,no,cellular,aug,wed,327,1,999,0,nonexistent,1.4,93.444,-36.1,4.965,5228.1,no
59,self-employed,married,basic.9y,no,yes,no,cellular,aug,wed,160,3,999,0,nonexistent,1.4,93.444,-36.1,4.965,5228.1,no
35,technician,single,professional.course,no,yes,no,cellular,aug,wed,152,5,999,0,nonexistent,1.4,93.444,-36.1,4.965,5228.1,no
36,admin.,unknown,university.degree,no,no,no,cellular,aug,wed,69,1,999,0,nonexistent,1.4,93.444,-36.1,4.965,5228.1,no
37,technician,single,professional.course,no,yes,no,cellular,aug,wed,144,1,999,0,nonexistent,1.4,93.444,-36.1,4.965,5228.1,no
36,admin.,unknown,university.degree,no,yes,no,cellular,aug,wed,529,1,999,0,nonexistent,1.4,93.444,-36.1,4.965,5228.1,yes
55,housemaid,married,university.degree,no,no,no,cellular,aug,wed,363,1,999,0,nonexistent,1.4,93.444,-36.1,4.965,5228.1,no
41,technician,married,professional.course,no,no,no,cellular,aug,wed,76,1,999,0,nonexistent,1.4,93.444,-36.1,4.965,5228.1,no
49,blue-collar,married,basic.4y,no,yes,no,cellular,aug,wed,342,1,999,0,nonexistent,1.4,93.444,-36.1,4.965,5228.1,no
33,technician,married,professional.course,unknown,yes,no,cellular,aug,wed,31,1,999,0,nonexistent,1.4,93.444,-36.1,4.965,5228.1,no
30,admin.,single,university.degree,no,yes,yes,cellular,aug,wed,75,4,999,0,nonexistent,1.4,93.444,-36.1,4.965,5228.1,no
54,blue-collar,married,basic.4y,unknown,yes,yes,cellular,aug,wed,111,1,999,0,nonexistent,1.4,93.444,-36.1,4.965,5228.1,no
29,blue-collar,single,university.degree,no,yes,no,cellular,aug,wed,68,2,999,0,nonexistent,1.4,93.444,-36.1,4.965,5228.1,no
34,technician,married,professional.course,no,no,no,cellular,aug,wed,1148,2,999,0,nonexistent,1.4,93.444,-36.1,4.965,5228.1,yes
29,admin.,single,high.school,no,yes,no,cellular,aug,wed,257,3,999,0,nonexistent,1.4,93.444,-36.1,4.965,5228.1,no
45,admin.,single,university.degree,no,yes,no,cellular,aug,wed,99,1,999,0,nonexistent,1.4,93.444,-36.1,4.965,5228.1,no
37,admin.,married,university.degree,no,no,no,cellular,aug,wed,356,1,999,0,nonexistent,1.4,93.444,-36.1,4.965,5228.1,no
29,technician,single,high.school,no,yes,no,cellular,aug,wed,212,3,999,0,nonexistent,1.4,93.444,-36.1,4.965,5228.1,no
30,admin.,married,university.degree,no,no,no,cellular,aug,wed,139,2,999,0,nonexistent,1.4,93.444,-36.1,4.965,5228.1,no
51,blue-collar,married,basic.9y,unknown,no,no,telephone,aug,wed,490,2,999,0,nonexistent,1.4,93.444,-36.1,4.965,5228.1,no
54,retired,married,basic.4y,unknown,yes,no,cellular,aug,wed,175,5,999,0,nonexistent,1.4,93.444,-36.1,4.965,5228.1,no
59,blue-collar,married,basic.4y,unknown,no,no,cellular,aug,wed,130,2,999,0,nonexistent,1.4,93.444,-36.1,4.965,5228.1,no
54,technician,married,university.degree,no,yes,no,cellular,aug,wed,78,1,999,0,nonexistent,1.4,93.444,-36.1,4.965,5228.1,no
57,management,married,university.degree,unknown,no,no,cellular,aug,wed,73,1,999,0,nonexistent,1.4,93.444,-36.1,4.965,5228.1,no
32,admin.,single,university.degree,no,no,no,cellular,aug,wed,168,1,999,0,nonexistent,1.4,93.444,-36.1,4.965,5228.1,no
44,technician,divorced,professional.course,unknown,yes,yes,cellular,aug,wed,418,4,999,0,nonexistent,1.4,93.444,-36.1,4.965,5228.1,no
31,admin.,single,university.degree,no,no,no,cellular,aug,wed,222,3,999,0,nonexistent,1.4,93.444,-36.1,4.965,5228.1,no
34,entrepreneur,married,professional.course,no,yes,no,cellular,aug,wed,73,3,999,0,nonexistent,1.4,93.444,-36.1,4.965,5228.1,no
51,blue-collar,married,basic.9y,unknown,no,no,cellular,aug,wed,202,3,999,0,nonexistent,1.4,93.444,-36.1,4.965,5228.1,no
31,admin.,married,university.degree,no,yes,no,cellular,aug,wed,109,3,999,0,nonexistent,1.4,93.444,-36.1,4.965,5228.1,no
51,management,married,high.school,unknown,yes,no,cellular,aug,wed,233,6,999,0,nonexistent,1.4,93.444,-36.1,4.965,5228.1,no
57,technician,single,university.degree,unknown,yes,no,cellular,aug,wed,107,8,999,0,nonexistent,1.4,93.444,-36.1,4.965,5228.1,no
30,admin.,married,university.degree,no,no,no,cellular,aug,wed,163,2,999,0,nonexistent,1.4,93.444,-36.1,4.965,5228.1,no
59,retired,married,university.degree,unknown,yes,no,cellular,aug,wed,83,3,999,0,nonexistent,1.4,93.444,-36.1,4.965,5228.1,no
45,blue-collar,married,high.school,unknown,yes,no,cellular,aug,wed,399,2,999,0,nonexistent,1.4,93.444,-36.1,4.965,5228.1,no
31,admin.,married,university.degree,no,yes,yes,cellular,aug,wed,274,2,999,0,nonexistent,1.4,93.444,-36.1,4.965,5228.1,no
55,technician,divorced,professional.course,no,yes,no,cellular,aug,wed,150,3,999,0,nonexistent,1.4,93.444,-36.1,4.965,5228.1,no
34,admin.,single,university.degree,no,yes,no,cellular,aug,wed,209,3,999,0,nonexistent,1.4,93.444,-36.1,4.965,5228.1,no
34,admin.,single,university.degree,no,yes,no,cellular,aug,wed,67,3,999,0,nonexistent,1.4,93.444,-36.1,4.965,5228.1,no
32,technician,single,university.degree,no,yes,no,cellular,aug,wed,75,3,999,0,nonexistent,1.4,93.444,-36.1,4.965,5228.1,no
35,admin.,married,university.degree,unknown,no,no,cellular,aug,wed,181,5,999,0,nonexistent,1.4,93.444,-36.1,4.965,5228.1,no
59,blue-collar,married,basic.4y,unknown,no,no,cellular,aug,wed,413,4,999,0,nonexistent,1.4,93.444,-36.1,4.965,5228.1,no
48,technician,married,high.school,no,no,no,cellular,aug,wed,58,3,999,0,nonexistent,1.4,93.444,-36.1,4.965,5228.1,no
45,blue-collar,married,basic.6y,no,no,yes,cellular,aug,wed,48,8,999,0,nonexistent,1.4,93.444,-36.1,4.965,5228.1,no
42,technician,single,university.degree,no,yes,yes,cellular,aug,wed,275,8,999,0,nonexistent,1.4,93.444,-36.1,4.965,5228.1,no
31,technician,single,professional.course,no,yes,no,cellular,aug,wed,449,3,999,0,nonexistent,1.4,93.444,-36.1,4.965,5228.1,no
32,technician,single,university.degree,no,yes,no,cellular,aug,wed,158,5,999,0,nonexistent,1.4,93.444,-36.1,4.965,5228.1,no
33,management,married,university.degree,no,no,no,cellular,aug,wed,113,4,999,0,nonexistent,1.4,93.444,-36.1,4.965,5228.1,no
45,admin.,single,university.degree,no,no,no,cellular,aug,wed,127,2,999,0,nonexistent,1.4,93.444,-36.1,4.965,5228.1,no
33,technician,married,university.degree,no,no,no,cellular,aug,thu,75,2,999,0,nonexistent,1.4,93.444,-36.1,4.9639999999999995,5228.1,no
50,technician,single,university.degree,no,yes,no,cellular,aug,thu,178,5,999,0,nonexistent,1.4,93.444,-36.1,4.9639999999999995,5228.1,no
32,technician,single,university.degree,no,no,yes,cellular,aug,thu,65,8,999,0,nonexistent,1.4,93.444,-36.1,4.9639999999999995,5228.1,no
33,technician,married,high.school,no,no,no,cellular,aug,thu,152,4,999,0,nonexistent,1.4,93.444,-36.1,4.9639999999999995,5228.1,no
44,services,married,high.school,no,no,no,cellular,aug,thu,464,3,999,0,nonexistent,1.4,93.444,-36.1,4.9639999999999995,5228.1,no
49,admin.,married,high.school,no,no,no,cellular,aug,thu,96,2,999,0,nonexistent,1.4,93.444,-36.1,4.9639999999999995,5228.1,no
33,technician,single,professional.course,no,no,no,cellular,aug,thu,64,1,999,0,nonexistent,1.4,93.444,-36.1,4.9639999999999995,5228.1,no
53,services,married,high.school,unknown,yes,no,cellular,aug,thu,76,1,999,0,nonexistent,1.4,93.444,-36.1,4.9639999999999995,5228.1,no
32,management,married,university.degree,no,yes,no,cellular,aug,thu,106,1,999,0,nonexistent,1.4,93.444,-36.1,4.9639999999999995,5228.1,no
48,entrepreneur,married,basic.4y,unknown,no,no,cellular,aug,thu,81,1,999,0,nonexistent,1.4,93.444,-36.1,4.9639999999999995,5228.1,no
32,technician,single,professional.course,no,no,no,cellular,aug,thu,169,1,999,0,nonexistent,1.4,93.444,-36.1,4.9639999999999995,5228.1,no
52,blue-collar,married,basic.4y,unknown,no,no,cellular,aug,thu,82,1,999,0,nonexistent,1.4,93.444,-36.1,4.9639999999999995,5228.1,no
45,blue-collar,married,basic.6y,unknown,yes,no,cellular,aug,thu,152,1,999,0,nonexistent,1.4,93.444,-36.1,4.9639999999999995,5228.1,no
34,technician,single,university.degree,no,yes,no,cellular,aug,thu,90,1,999,0,nonexistent,1.4,93.444,-36.1,4.9639999999999995,5228.1,no
34,technician,single,university.degree,no,yes,no,cellular,aug,thu,115,1,999,0,nonexistent,1.4,93.444,-36.1,4.9639999999999995,5228.1,no
30,admin.,married,university.degree,no,yes,yes,cellular,aug,thu,67,1,999,0,nonexistent,1.4,93.444,-36.1,4.9639999999999995,5228.1,no
33,admin.,single,university.degree,no,yes,no,cellular,aug,thu,175,1,999,0,nonexistent,1.4,93.444,-36.1,4.9639999999999995,5228.1,no
39,technician,married,professional.course,no,yes,no,cellular,aug,thu,110,3,999,0,nonexistent,1.4,93.444,-36.1,4.9639999999999995,5228.1,no
33,technician,single,professional.course,no,yes,no,cellular,aug,thu,719,1,999,0,nonexistent,1.4,93.444,-36.1,4.9639999999999995,5228.1,no
31,technician,married,professional.course,no,yes,no,cellular,aug,thu,125,1,999,0,nonexistent,1.4,93.444,-36.1,4.9639999999999995,5228.1,no
42,admin.,married,professional.course,unknown,yes,no,cellular,aug,thu,81,1,999,0,nonexistent,1.4,93.444,-36.1,4.9639999999999995,5228.1,no
42,admin.,married,professional.course,unknown,no,yes,cellular,aug,thu,36,1,999,0,nonexistent,1.4,93.444,-36.1,4.9639999999999995,5228.1,no
42,admin.,married,professional.course,unknown,yes,yes,cellular,aug,thu,157,1,999,0,nonexistent,1.4,93.444,-36.1,4.9639999999999995,5228.1,no
42,admin.,married,professional.course,unknown,yes,no,cellular,aug,thu,133,1,999,0,nonexistent,1.4,93.444,-36.1,4.9639999999999995,5228.1,no
30,unknown,divorced,university.degree,no,no,yes,cellular,aug,thu,106,1,999,0,nonexistent,1.4,93.444,-36.1,4.9639999999999995,5228.1,no
31,technician,married,professional.course,no,yes,no,cellular,aug,thu,707,1,999,0,nonexistent,1.4,93.444,-36.1,4.9639999999999995,5228.1,yes
31,admin.,single,high.school,no,yes,no,cellular,aug,thu,144,2,999,0,nonexistent,1.4,93.444,-36.1,4.9639999999999995,5228.1,no
31,technician,single,professional.course,no,yes,no,cellular,aug,thu,360,3,999,0,nonexistent,1.4,93.444,-36.1,4.9639999999999995,5228.1,no
41,admin.,married,university.degree,no,yes,no,cellular,aug,thu,266,1,999,0,nonexistent,1.4,93.444,-36.1,4.9639999999999995,5228.1,no
45,services,married,high.school,unknown,yes,no,cellular,aug,thu,149,1,999,0,nonexistent,1.4,93.444,-36.1,4.9639999999999995,5228.1,no
31,admin.,married,university.degree,no,no,no,cellular,aug,thu,366,1,999,0,nonexistent,1.4,93.444,-36.1,4.9639999999999995,5228.1,no
31,technician,married,professional.course,no,no,no,cellular,aug,thu,87,1,999,0,nonexistent,1.4,93.444,-36.1,4.9639999999999995,5228.1,no
35,admin.,married,university.degree,no,no,yes,cellular,aug,thu,96,1,999,0,nonexistent,1.4,93.444,-36.1,4.9639999999999995,5228.1,no
55,self-employed,married,basic.4y,unknown,unknown,unknown,cellular,aug,thu,169,5,999,0,nonexistent,1.4,93.444,-36.1,4.9639999999999995,5228.1,no
54,services,married,high.school,no,yes,no,cellular,aug,thu,250,1,999,0,nonexistent,1.4,93.444,-36.1,4.9639999999999995,5228.1,no
32,admin.,single,university.degree,no,no,no,cellular,aug,thu,109,1,999,0,nonexistent,1.4,93.444,-36.1,4.9639999999999995,5228.1,no
32,admin.,single,university.degree,no,yes,no,cellular,aug,thu,206,1,999,0,nonexistent,1.4,93.444,-36.1,4.9639999999999995,5228.1,no
31,technician,married,professional.course,no,no,no,cellular,aug,thu,184,1,999,0,nonexistent,1.4,93.444,-36.1,4.9639999999999995,5228.1,no
45,admin.,married,high.school,no,yes,no,cellular,aug,thu,41,1,999,0,nonexistent,1.4,93.444,-36.1,4.9639999999999995,5228.1,no
54,technician,married,university.degree,no,yes,no,cellular,aug,thu,252,2,999,0,nonexistent,1.4,93.444,-36.1,4.9639999999999995,5228.1,no
32,technician,married,professional.course,no,yes,no,cellular,aug,thu,154,1,999,0,nonexistent,1.4,93.444,-36.1,4.9639999999999995,5228.1,no
34,admin.,married,university.degree,no,yes,no,cellular,aug,thu,137,1,999,0,nonexistent,1.4,93.444,-36.1,4.9639999999999995,5228.1,no
35,technician,single,professional.course,no,yes,no,cellular,aug,thu,238,2,999,0,nonexistent,1.4,93.444,-36.1,4.9639999999999995,5228.1,no
47,housemaid,married,high.school,unknown,yes,no,cellular,aug,thu,107,1,999,0,nonexistent,1.4,93.444,-36.1,4.9639999999999995,5228.1,no
42,admin.,married,university.degree,no,yes,no,cellular,aug,thu,71,1,999,0,nonexistent,1.4,93.444,-36.1,4.9639999999999995,5228.1,no
49,technician,married,professional.course,unknown,yes,no,cellular,aug,thu,151,3,999,0,nonexistent,1.4,93.444,-36.1,4.9639999999999995,5228.1,no
45,self-employed,married,basic.9y,unknown,yes,no,cellular,aug,thu,167,1,999,0,nonexistent,1.4,93.444,-36.1,4.9639999999999995,5228.1,no
56,blue-collar,married,basic.4y,no,unknown,unknown,cellular,aug,thu,114,2,999,0,nonexistent,1.4,93.444,-36.1,4.9639999999999995,5228.1,no
50,technician,married,high.school,no,yes,no,cellular,aug,thu,50,3,999,0,nonexistent,1.4,93.444,-36.1,4.9639999999999995,5228.1,no
41,housemaid,married,basic.4y,unknown,yes,no,telephone,aug,thu,293,1,999,0,nonexistent,1.4,93.444,-36.1,4.9639999999999995,5228.1,no
38,technician,married,professional.course,no,yes,no,cellular,aug,thu,98,1,999,0,nonexistent,1.4,93.444,-36.1,4.9639999999999995,5228.1,no
49,blue-collar,married,basic.4y,unknown,yes,no,cellular,aug,thu,205,1,999,0,nonexistent,1.4,93.444,-36.1,4.9639999999999995,5228.1,no
41,housemaid,married,basic.4y,unknown,no,no,cellular,aug,thu,107,1,999,0,nonexistent,1.4,93.444,-36.1,4.9639999999999995,5228.1,no
34,admin.,single,university.degree,no,no,no,cellular,aug,thu,260,6,999,0,nonexistent,1.4,93.444,-36.1,4.9639999999999995,5228.1,no
59,blue-collar,married,basic.9y,unknown,yes,no,cellular,aug,thu,152,2,999,0,nonexistent,1.4,93.444,-36.1,4.9639999999999995,5228.1,no
34,technician,married,university.degree,unknown,yes,no,cellular,aug,thu,10,1,999,0,nonexistent,1.4,93.444,-36.1,4.9639999999999995,5228.1,no
33,admin.,single,university.degree,no,yes,no,cellular,aug,thu,273,3,999,0,nonexistent,1.4,93.444,-36.1,4.9639999999999995,5228.1,no
34,technician,married,university.degree,unknown,no,yes,cellular,aug,thu,101,1,999,0,nonexistent,1.4,93.444,-36.1,4.9639999999999995,5228.1,no
31,admin.,married,university.degree,no,yes,yes,cellular,aug,thu,465,1,999,0,nonexistent,1.4,93.444,-36.1,4.9639999999999995,5228.1,no
30,self-employed,married,university.degree,no,yes,yes,cellular,aug,thu,145,1,999,0,nonexistent,1.4,93.444,-36.1,4.9639999999999995,5228.1,no
50,self-employed,married,basic.9y,no,yes,no,cellular,aug,thu,93,1,999,0,nonexistent,1.4,93.444,-36.1,4.9639999999999995,5228.1,no
40,self-employed,married,university.degree,no,yes,no,cellular,aug,thu,155,1,999,0,nonexistent,1.4,93.444,-36.1,4.9639999999999995,5228.1,no
33,admin.,single,university.degree,no,yes,no,cellular,aug,thu,370,2,999,0,nonexistent,1.4,93.444,-36.1,4.9639999999999995,5228.1,no
30,admin.,single,university.degree,no,yes,no,cellular,aug,thu,111,1,999,0,nonexistent,1.4,93.444,-36.1,4.9639999999999995,5228.1,no
32,admin.,single,university.degree,no,yes,no,cellular,aug,thu,159,1,999,0,nonexistent,1.4,93.444,-36.1,4.9639999999999995,5228.1,no
36,admin.,single,university.degree,no,yes,no,cellular,aug,thu,1217,2,999,0,nonexistent,1.4,93.444,-36.1,4.9639999999999995,5228.1,no
34,technician,single,university.degree,no,yes,no,telephone,aug,thu,313,1,999,0,nonexistent,1.4,93.444,-36.1,4.9639999999999995,5228.1,no
35,technician,married,professional.course,no,no,no,cellular,aug,thu,38,1,999,0,nonexistent,1.4,93.444,-36.1,4.9639999999999995,5228.1,no
42,technician,single,university.degree,no,yes,no,cellular,aug,thu,213,1,999,0,nonexistent,1.4,93.444,-36.1,4.9639999999999995,5228.1,no
32,admin.,single,university.degree,no,yes,no,cellular,aug,thu,605,1,999,0,nonexistent,1.4,93.444,-36.1,4.9639999999999995,5228.1,no
42,technician,single,university.degree,no,yes,no,cellular,aug,thu,935,1,999,0,nonexistent,1.4,93.444,-36.1,4.9639999999999995,5228.1,no
57,retired,married,basic.4y,no,yes,no,cellular,aug,thu,92,1,999,0,nonexistent,1.4,93.444,-36.1,4.9639999999999995,5228.1,no
31,technician,married,university.degree,no,yes,no,cellular,aug,thu,95,1,999,0,nonexistent,1.4,93.444,-36.1,4.9639999999999995,5228.1,no
41,technician,single,university.degree,no,yes,no,cellular,aug,thu,127,1,999,0,nonexistent,1.4,93.444,-36.1,4.9639999999999995,5228.1,no
31,admin.,single,university.degree,unknown,no,no,cellular,aug,thu,69,3,999,0,nonexistent,1.4,93.444,-36.1,4.9639999999999995,5228.1,no
54,self-employed,married,university.degree,unknown,yes,no,cellular,aug,thu,148,13,999,0,nonexistent,1.4,93.444,-36.1,4.9639999999999995,5228.1,no
52,services,married,basic.9y,unknown,yes,yes,cellular,aug,thu,110,5,999,0,nonexistent,1.4,93.444,-36.1,4.9639999999999995,5228.1,no
31,technician,married,university.degree,no,yes,no,cellular,aug,thu,515,1,999,0,nonexistent,1.4,93.444,-36.1,4.9639999999999995,5228.1,no
31,technician,married,university.degree,no,yes,no,cellular,aug,thu,214,1,999,0,nonexistent,1.4,93.444,-36.1,4.9639999999999995,5228.1,no
32,admin.,single,university.degree,no,yes,no,cellular,aug,thu,457,1,999,0,nonexistent,1.4,93.444,-36.1,4.9639999999999995,5228.1,no
48,blue-collar,married,basic.4y,unknown,yes,no,cellular,aug,thu,240,1,999,0,nonexistent,1.4,93.444,-36.1,4.9639999999999995,5228.1,no
29,admin.,single,university.degree,unknown,no,no,cellular,aug,thu,112,1,999,0,nonexistent,1.4,93.444,-36.1,4.9639999999999995,5228.1,no
41,technician,married,university.degree,unknown,yes,no,cellular,aug,thu,423,2,999,0,nonexistent,1.4,93.444,-36.1,4.9639999999999995,5228.1,no
49,blue-collar,married,basic.4y,unknown,no,no,cellular,aug,thu,503,1,999,0,nonexistent,1.4,93.444,-36.1,4.9639999999999995,5228.1,no
29,admin.,single,university.degree,unknown,yes,no,cellular,aug,thu,158,1,999,0,nonexistent,1.4,93.444,-36.1,4.9639999999999995,5228.1,no
31,admin.,married,university.degree,no,yes,no,cellular,aug,thu,95,1,999,0,nonexistent,1.4,93.444,-36.1,4.9639999999999995,5228.1,no
31,admin.,married,university.degree,no,yes,no,cellular,aug,thu,67,1,999,0,nonexistent,1.4,93.444,-36.1,4.9639999999999995,5228.1,no
47,admin.,married,university.degree,no,no,no,cellular,aug,thu,93,1,999,0,nonexistent,1.4,93.444,-36.1,4.9639999999999995,5228.1,no
31,admin.,single,university.degree,no,no,no,cellular,aug,thu,230,1,999,0,nonexistent,1.4,93.444,-36.1,4.9639999999999995,5228.1,no
49,admin.,single,high.school,no,no,no,cellular,aug,thu,103,1,999,0,nonexistent,1.4,93.444,-36.1,4.9639999999999995,5228.1,no
36,technician,divorced,professional.course,no,yes,no,cellular,aug,thu,106,3,999,0,nonexistent,1.4,93.444,-36.1,4.9639999999999995,5228.1,no
34,management,married,university.degree,no,yes,no,cellular,aug,thu,294,6,999,0,nonexistent,1.4,93.444,-36.1,4.9639999999999995,5228.1,no
30,admin.,married,university.degree,no,no,no,cellular,aug,thu,165,1,999,0,nonexistent,1.4,93.444,-36.1,4.9639999999999995,5228.1,no
32,admin.,single,university.degree,no,no,no,cellular,aug,thu,59,2,999,0,nonexistent,1.4,93.444,-36.1,4.9639999999999995,5228.1,no
35,entrepreneur,married,university.degree,no,yes,no,cellular,aug,thu,51,3,999,0,nonexistent,1.4,93.444,-36.1,4.9639999999999995,5228.1,no
31,technician,married,university.degree,no,no,no,cellular,aug,thu,56,2,999,0,nonexistent,1.4,93.444,-36.1,4.9639999999999995,5228.1,no
31,admin.,single,university.degree,no,yes,no,cellular,aug,thu,108,1,999,0,nonexistent,1.4,93.444,-36.1,4.9639999999999995,5228.1,no
50,technician,single,university.degree,no,yes,no,cellular,aug,thu,174,1,999,0,nonexistent,1.4,93.444,-36.1,4.9639999999999995,5228.1,no
36,management,married,university.degree,no,no,no,cellular,aug,thu,112,1,999,0,nonexistent,1.4,93.444,-36.1,4.9639999999999995,5228.1,no
34,admin.,single,university.degree,no,yes,no,cellular,aug,thu,518,1,999,0,nonexistent,1.4,93.444,-36.1,4.9639999999999995,5228.1,yes
30,admin.,single,university.degree,unknown,no,no,cellular,aug,thu,272,1,999,0,nonexistent,1.4,93.444,-36.1,4.9639999999999995,5228.1,no
44,blue-collar,married,basic.6y,unknown,no,no,cellular,aug,thu,314,1,999,0,nonexistent,1.4,93.444,-36.1,4.9639999999999995,5228.1,no
49,admin.,married,university.degree,no,yes,no,cellular,aug,thu,260,1,999,0,nonexistent,1.4,93.444,-36.1,4.9639999999999995,5228.1,no
29,technician,single,professional.course,no,yes,no,telephone,aug,thu,85,2,999,0,nonexistent,1.4,93.444,-36.1,4.9639999999999995,5228.1,no
46,admin.,married,university.degree,no,no,no,cellular,aug,thu,87,5,999,0,nonexistent,1.4,93.444,-36.1,4.9639999999999995,5228.1,no
45,admin.,single,university.degree,no,no,no,cellular,aug,thu,505,1,999,0,nonexistent,1.4,93.444,-36.1,4.9639999999999995,5228.1,yes
31,technician,married,professional.course,no,yes,no,cellular,aug,thu,104,3,999,0,nonexistent,1.4,93.444,-36.1,4.9639999999999995,5228.1,no
41,technician,married,university.degree,no,yes,no,cellular,aug,thu,511,2,999,0,nonexistent,1.4,93.444,-36.1,4.9639999999999995,5228.1,no
45,services,married,high.school,unknown,yes,yes,telephone,aug,thu,187,2,999,0,nonexistent,1.4,93.444,-36.1,4.9639999999999995,5228.1,no
31,technician,married,university.degree,no,yes,no,cellular,aug,thu,197,2,999,0,nonexistent,1.4,93.444,-36.1,4.9639999999999995,5228.1,no
39,admin.,divorced,university.degree,no,no,no,cellular,aug,thu,78,1,999,0,nonexistent,1.4,93.444,-36.1,4.9639999999999995,5228.1,no
32,technician,single,university.degree,no,yes,no,cellular,aug,thu,118,2,999,0,nonexistent,1.4,93.444,-36.1,4.9639999999999995,5228.1,no
40,admin.,married,university.degree,unknown,yes,no,cellular,aug,thu,343,1,999,0,nonexistent,1.4,93.444,-36.1,4.9639999999999995,5228.1,no
34,technician,married,high.school,no,yes,no,cellular,aug,thu,221,3,999,0,nonexistent,1.4,93.444,-36.1,4.9639999999999995,5228.1,no
59,retired,married,basic.4y,no,yes,yes,cellular,aug,thu,265,1,999,0,nonexistent,1.4,93.444,-36.1,4.9639999999999995,5228.1,no
39,admin.,divorced,university.degree,no,yes,yes,cellular,aug,thu,158,1,999,0,nonexistent,1.4,93.444,-36.1,4.9639999999999995,5228.1,no
46,technician,married,high.school,unknown,no,no,cellular,aug,thu,206,1,999,0,nonexistent,1.4,93.444,-36.1,4.9639999999999995,5228.1,no
32,technician,single,university.degree,no,yes,no,cellular,aug,thu,133,2,999,0,nonexistent,1.4,93.444,-36.1,4.9639999999999995,5228.1,no
44,blue-collar,married,basic.6y,unknown,no,no,cellular,aug,thu,145,1,999,0,nonexistent,1.4,93.444,-36.1,4.9639999999999995,5228.1,no
34,technician,married,high.school,no,yes,no,cellular,aug,thu,85,3,999,0,nonexistent,1.4,93.444,-36.1,4.9639999999999995,5228.1,no
58,technician,married,high.school,no,yes,yes,telephone,aug,thu,64,1,999,0,nonexistent,1.4,93.444,-36.1,4.9639999999999995,5228.1,no
47,admin.,married,high.school,no,yes,yes,cellular,aug,thu,3322,1,999,0,nonexistent,1.4,93.444,-36.1,4.9639999999999995,5228.1,no
30,admin.,married,high.school,unknown,no,yes,cellular,aug,thu,153,1,999,0,nonexistent,1.4,93.444,-36.1,4.9639999999999995,5228.1,no
31,housemaid,married,basic.6y,no,no,no,cellular,aug,thu,136,1,999,0,nonexistent,1.4,93.444,-36.1,4.9639999999999995,5228.1,no
56,blue-collar,married,basic.4y,no,yes,no,cellular,aug,thu,366,1,999,0,nonexistent,1.4,93.444,-36.1,4.9639999999999995,5228.1,no
58,technician,married,high.school,no,yes,no,cellular,aug,thu,260,1,999,0,nonexistent,1.4,93.444,-36.1,4.9639999999999995,5228.1,no
30,technician,married,professional.course,no,no,no,cellular,aug,thu,107,4,999,0,nonexistent,1.4,93.444,-36.1,4.9639999999999995,5228.1,no
36,self-employed,married,basic.9y,unknown,no,no,cellular,aug,thu,1184,2,999,0,nonexistent,1.4,93.444,-36.1,4.9639999999999995,5228.1,yes
31,housemaid,married,university.degree,no,yes,yes,cellular,aug,thu,208,4,999,0,nonexistent,1.4,93.444,-36.1,4.9639999999999995,5228.1,no
31,housemaid,married,basic.6y,no,yes,yes,telephone,aug,thu,698,1,999,0,nonexistent,1.4,93.444,-36.1,4.9639999999999995,5228.1,yes
49,technician,married,professional.course,no,yes,yes,cellular,aug,thu,11,14,999,0,nonexistent,1.4,93.444,-36.1,4.9639999999999995,5228.1,no
57,technician,single,university.degree,unknown,yes,yes,cellular,aug,thu,433,3,999,0,nonexistent,1.4,93.444,-36.1,4.9639999999999995,5228.1,no
53,blue-collar,married,basic.6y,unknown,unknown,unknown,cellular,aug,thu,134,3,999,0,nonexistent,1.4,93.444,-36.1,4.9639999999999995,5228.1,no
39,management,married,university.degree,no,yes,no,cellular,aug,thu,80,3,999,0,nonexistent,1.4,93.444,-36.1,4.9639999999999995,5228.1,no
59,technician,single,university.degree,unknown,yes,no,cellular,aug,thu,95,1,999,0,nonexistent,1.4,93.444,-36.1,4.9639999999999995,5228.1,no
53,admin.,married,high.school,unknown,no,no,cellular,aug,thu,201,1,999,0,nonexistent,1.4,93.444,-36.1,4.9639999999999995,5228.1,no
30,admin.,married,high.school,unknown,yes,yes,cellular,aug,thu,1151,1,999,0,nonexistent,1.4,93.444,-36.1,4.9639999999999995,5228.1,yes
33,technician,married,professional.course,no,yes,yes,cellular,aug,thu,168,2,999,0,nonexistent,1.4,93.444,-36.1,4.9639999999999995,5228.1,no
47,admin.,married,university.degree,no,yes,no,cellular,aug,thu,61,2,999,0,nonexistent,1.4,93.444,-36.1,4.9639999999999995,5228.1,no
32,technician,single,university.degree,no,yes,no,cellular,aug,thu,388,4,999,0,nonexistent,1.4,93.444,-36.1,4.9639999999999995,5228.1,no
34,technician,married,university.degree,no,no,no,telephone,aug,thu,122,1,999,0,nonexistent,1.4,93.444,-36.1,4.9639999999999995,5228.1,no
35,management,married,high.school,no,yes,no,cellular,aug,thu,448,3,999,0,nonexistent,1.4,93.444,-36.1,4.9639999999999995,5228.1,no
58,admin.,married,university.degree,no,yes,no,telephone,aug,thu,60,1,999,0,nonexistent,1.4,93.444,-36.1,4.9639999999999995,5228.1,no
47,admin.,married,university.degree,no,no,no,cellular,aug,thu,167,4,999,0,nonexistent,1.4,93.444,-36.1,4.9639999999999995,5228.1,no
49,blue-collar,married,basic.4y,no,yes,no,telephone,aug,thu,92,1,999,0,nonexistent,1.4,93.444,-36.1,4.9639999999999995,5228.1,no
50,technician,single,university.degree,no,yes,no,cellular,aug,thu,350,2,999,0,nonexistent,1.4,93.444,-36.1,4.9639999999999995,5228.1,no
49,blue-collar,married,basic.4y,no,yes,no,telephone,aug,thu,158,1,999,0,nonexistent,1.4,93.444,-36.1,4.9639999999999995,5228.1,no
48,technician,married,professional.course,unknown,no,no,cellular,aug,thu,112,8,999,0,nonexistent,1.4,93.444,-36.1,4.9639999999999995,5228.1,no
32,admin.,single,university.degree,no,yes,no,cellular,aug,thu,217,2,999,0,nonexistent,1.4,93.444,-36.1,4.9639999999999995,5228.1,no
32,admin.,single,university.degree,no,yes,yes,cellular,aug,thu,153,3,999,0,nonexistent,1.4,93.444,-36.1,4.9639999999999995,5228.1,no
31,admin.,single,university.degree,no,yes,yes,cellular,aug,thu,337,1,999,0,nonexistent,1.4,93.444,-36.1,4.9639999999999995,5228.1,no
30,technician,single,professional.course,no,yes,yes,cellular,aug,thu,94,3,999,0,nonexistent,1.4,93.444,-36.1,4.9639999999999995,5228.1,no
45,blue-collar,married,basic.6y,no,yes,yes,cellular,aug,thu,425,2,999,0,nonexistent,1.4,93.444,-36.1,4.9639999999999995,5228.1,no
42,self-employed,married,basic.4y,unknown,yes,no,cellular,aug,thu,52,2,999,0,nonexistent,1.4,93.444,-36.1,4.9639999999999995,5228.1,no
31,technician,married,university.degree,no,yes,no,cellular,aug,thu,168,4,999,0,nonexistent,1.4,93.444,-36.1,4.9639999999999995,5228.1,no
35,technician,single,professional.course,no,yes,yes,cellular,aug,thu,41,1,999,0,nonexistent,1.4,93.444,-36.1,4.9639999999999995,5228.1,no
41,management,married,university.degree,no,yes,no,cellular,aug,thu,789,1,999,0,nonexistent,1.4,93.444,-36.1,4.9639999999999995,5228.1,no
35,technician,single,professional.course,no,yes,no,cellular,aug,thu,636,1,999,0,nonexistent,1.4,93.444,-36.1,4.9639999999999995,5228.1,no
35,technician,married,professional.course,no,yes,yes,telephone,aug,thu,34,3,999,0,nonexistent,1.4,93.444,-36.1,4.9639999999999995,5228.1,no
47,technician,married,university.degree,no,yes,no,cellular,aug,thu,65,2,999,0,nonexistent,1.4,93.444,-36.1,4.9639999999999995,5228.1,no
31,technician,married,professional.course,unknown,unknown,unknown,telephone,aug,thu,128,3,999,0,nonexistent,1.4,93.444,-36.1,4.9639999999999995,5228.1,no
35,self-employed,married,university.degree,no,yes,no,cellular,aug,thu,884,2,999,0,nonexistent,1.4,93.444,-36.1,4.9639999999999995,5228.1,yes
46,admin.,married,university.degree,no,yes,yes,cellular,aug,thu,63,1,999,0,nonexistent,1.4,93.444,-36.1,4.9639999999999995,5228.1,no
51,blue-collar,married,basic.9y,unknown,no,no,cellular,aug,thu,187,2,999,0,nonexistent,1.4,93.444,-36.1,4.9639999999999995,5228.1,no
51,blue-collar,married,basic.9y,unknown,yes,yes,cellular,aug,thu,129,1,999,0,nonexistent,1.4,93.444,-36.1,4.9639999999999995,5228.1,no
33,admin.,single,university.degree,no,no,no,cellular,aug,thu,277,2,999,0,nonexistent,1.4,93.444,-36.1,4.9639999999999995,5228.1,no
47,blue-collar,married,basic.9y,unknown,yes,yes,cellular,aug,thu,84,4,999,0,nonexistent,1.4,93.444,-36.1,4.9639999999999995,5228.1,no
34,technician,single,university.degree,no,yes,yes,cellular,aug,thu,38,1,999,0,nonexistent,1.4,93.444,-36.1,4.9639999999999995,5228.1,no
34,technician,single,university.degree,no,yes,no,cellular,aug,thu,244,1,999,0,nonexistent,1.4,93.444,-36.1,4.9639999999999995,5228.1,no
33,technician,married,professional.course,no,no,no,cellular,aug,thu,155,5,999,0,nonexistent,1.4,93.444,-36.1,4.9639999999999995,5228.1,no
31,technician,married,professional.course,unknown,yes,yes,telephone,aug,thu,31,1,999,0,nonexistent,1.4,93.444,-36.1,4.9639999999999995,5228.1,no
46,services,married,high.school,unknown,yes,no,cellular,aug,thu,65,2,999,0,nonexistent,1.4,93.444,-36.1,4.9639999999999995,5228.1,no
41,admin.,divorced,university.degree,unknown,no,no,cellular,aug,thu,120,2,999,0,nonexistent,1.4,93.444,-36.1,4.9639999999999995,5228.1,no
34,admin.,married,university.degree,no,yes,no,telephone,aug,thu,365,1,999,0,nonexistent,1.4,93.444,-36.1,4.9639999999999995,5228.1,no
34,admin.,married,university.degree,no,yes,no,cellular,aug,thu,248,1,999,0,nonexistent,1.4,93.444,-36.1,4.9639999999999995,5228.1,no
31,admin.,single,high.school,no,yes,yes,cellular,aug,thu,101,1,999,0,nonexistent,1.4,93.444,-36.1,4.9639999999999995,5228.1,no
35,admin.,single,university.degree,no,no,yes,cellular,aug,thu,85,1,999,0,nonexistent,1.4,93.444,-36.1,4.9639999999999995,5228.1,no
53,technician,married,professional.course,no,yes,no,cellular,aug,thu,178,2,999,0,nonexistent,1.4,93.444,-36.1,4.9639999999999995,5228.1,no
30,technician,single,professional.course,no,yes,no,cellular,aug,thu,138,4,999,0,nonexistent,1.4,93.444,-36.1,4.9639999999999995,5228.1,no
54,self-employed,married,high.school,no,yes,yes,cellular,aug,thu,904,3,999,0,nonexistent,1.4,93.444,-36.1,4.9639999999999995,5228.1,yes
54,technician,married,professional.course,no,no,no,cellular,aug,thu,478,1,999,0,nonexistent,1.4,93.444,-36.1,4.9639999999999995,5228.1,no
31,technician,married,high.school,no,no,no,cellular,aug,thu,124,3,999,0,nonexistent,1.4,93.444,-36.1,4.9639999999999995,5228.1,no
47,blue-collar,married,unknown,unknown,yes,no,cellular,aug,thu,227,3,999,0,nonexistent,1.4,93.444,-36.1,4.9639999999999995,5228.1,no
29,technician,single,university.degree,no,yes,no,telephone,aug,thu,226,3,999,0,nonexistent,1.4,93.444,-36.1,4.9639999999999995,5228.1,no
47,blue-collar,married,unknown,unknown,no,yes,cellular,aug,thu,163,3,999,0,nonexistent,1.4,93.444,-36.1,4.9639999999999995,5228.1,no
29,technician,married,university.degree,no,yes,no,telephone,aug,thu,137,1,999,0,nonexistent,1.4,93.444,-36.1,4.9639999999999995,5228.1,no
51,management,married,university.degree,no,yes,no,cellular,aug,thu,244,1,999,0,nonexistent,1.4,93.444,-36.1,4.9639999999999995,5228.1,no
54,technician,married,professional.course,no,yes,yes,cellular,aug,thu,64,2,999,0,nonexistent,1.4,93.444,-36.1,4.9639999999999995,5228.1,no
51,management,married,university.degree,no,yes,no,cellular,aug,thu,386,1,999,0,nonexistent,1.4,93.444,-36.1,4.9639999999999995,5228.1,no
54,self-employed,married,high.school,no,yes,no,cellular,aug,thu,136,3,999,0,nonexistent,1.4,93.444,-36.1,4.9639999999999995,5228.1,no
29,technician,single,university.degree,no,yes,no,telephone,aug,thu,119,3,999,0,nonexistent,1.4,93.444,-36.1,4.9639999999999995,5228.1,no
38,admin.,married,university.degree,unknown,yes,no,cellular,aug,thu,109,2,999,0,nonexistent,1.4,93.444,-36.1,4.9639999999999995,5228.1,no
54,blue-collar,married,basic.4y,no,yes,no,cellular,aug,thu,86,3,999,0,nonexistent,1.4,93.444,-36.1,4.9639999999999995,5228.1,no
32,admin.,single,university.degree,no,no,no,cellular,aug,thu,211,4,999,0,nonexistent,1.4,93.444,-36.1,4.9639999999999995,5228.1,no
36,technician,married,professional.course,no,yes,no,cellular,aug,thu,126,3,999,0,nonexistent,1.4,93.444,-36.1,4.9639999999999995,5228.1,no
53,entrepreneur,married,university.degree,unknown,no,yes,cellular,aug,thu,314,2,999,0,nonexistent,1.4,93.444,-36.1,4.9639999999999995,5228.1,no
54,blue-collar,married,basic.4y,no,no,no,cellular,aug,thu,253,5,999,0,nonexistent,1.4,93.444,-36.1,4.9639999999999995,5228.1,no
32,unknown,married,basic.9y,no,no,no,cellular,aug,thu,390,3,999,0,nonexistent,1.4,93.444,-36.1,4.9639999999999995,5228.1,no
54,self-employed,married,high.school,no,yes,no,cellular,aug,thu,204,4,999,0,nonexistent,1.4,93.444,-36.1,4.9639999999999995,5228.1,no
54,blue-collar,married,basic.4y,no,yes,no,cellular,aug,thu,109,2,999,0,nonexistent,1.4,93.444,-36.1,4.9639999999999995,5228.1,no
48,blue-collar,married,professional.course,unknown,yes,no,cellular,aug,thu,127,3,999,0,nonexistent,1.4,93.444,-36.1,4.9639999999999995,5228.1,no
32,technician,single,university.degree,no,yes,no,cellular,aug,thu,76,2,999,0,nonexistent,1.4,93.444,-36.1,4.9639999999999995,5228.1,no
35,technician,married,university.degree,no,unknown,unknown,cellular,aug,thu,1579,2,999,0,nonexistent,1.4,93.444,-36.1,4.9639999999999995,5228.1,yes
58,admin.,single,university.degree,no,no,no,cellular,aug,thu,96,3,999,0,nonexistent,1.4,93.444,-36.1,4.9639999999999995,5228.1,no
32,admin.,single,university.degree,no,yes,no,cellular,aug,thu,1871,2,999,0,nonexistent,1.4,93.444,-36.1,4.9639999999999995,5228.1,no
38,admin.,divorced,university.degree,no,yes,no,cellular,aug,mon,92,2,999,0,nonexistent,1.4,93.444,-36.1,4.963,5228.1,no
30,admin.,married,university.degree,no,yes,no,cellular,aug,mon,618,3,999,0,nonexistent,1.4,93.444,-36.1,4.963,5228.1,yes
33,unemployed,divorced,professional.course,no,no,no,cellular,aug,mon,90,3,999,0,nonexistent,1.4,93.444,-36.1,4.963,5228.1,no
35,admin.,single,university.degree,no,yes,no,cellular,aug,mon,773,2,999,0,nonexistent,1.4,93.444,-36.1,4.963,5228.1,yes
45,services,married,basic.6y,no,yes,no,cellular,aug,mon,671,2,999,0,nonexistent,1.4,93.444,-36.1,4.963,5228.1,yes
31,management,married,university.degree,no,yes,no,cellular,aug,mon,181,5,999,0,nonexistent,1.4,93.444,-36.1,4.963,5228.1,no
33,technician,single,professional.course,no,yes,no,cellular,aug,mon,54,3,999,0,nonexistent,1.4,93.444,-36.1,4.963,5228.1,no
33,entrepreneur,married,university.degree,no,yes,no,cellular,aug,mon,59,7,999,0,nonexistent,1.4,93.444,-36.1,4.963,5228.1,no
34,admin.,single,university.degree,no,no,no,cellular,aug,mon,299,3,999,0,nonexistent,1.4,93.444,-36.1,4.963,5228.1,no
33,admin.,married,university.degree,no,unknown,unknown,cellular,aug,mon,73,4,999,0,nonexistent,1.4,93.444,-36.1,4.963,5228.1,no
30,technician,single,high.school,no,no,no,cellular,aug,mon,638,4,999,0,nonexistent,1.4,93.444,-36.1,4.963,5228.1,yes
41,technician,married,professional.course,no,yes,no,cellular,aug,mon,105,2,999,0,nonexistent,1.4,93.444,-36.1,4.963,5228.1,no
54,admin.,divorced,university.degree,no,no,no,cellular,aug,mon,180,2,999,0,nonexistent,1.4,93.444,-36.1,4.963,5228.1,no
38,admin.,divorced,university.degree,no,no,no,cellular,aug,mon,140,2,999,0,nonexistent,1.4,93.444,-36.1,4.963,5228.1,no
46,services,married,unknown,unknown,no,no,cellular,aug,mon,458,2,999,0,nonexistent,1.4,93.444,-36.1,4.963,5228.1,no
53,blue-collar,married,basic.9y,no,yes,no,cellular,aug,mon,195,2,999,0,nonexistent,1.4,93.444,-36.1,4.963,5228.1,no
29,technician,single,high.school,no,yes,no,cellular,aug,mon,87,3,999,0,nonexistent,1.4,93.444,-36.1,4.963,5228.1,no
33,unemployed,divorced,professional.course,no,no,no,cellular,aug,mon,197,4,999,0,nonexistent,1.4,93.444,-36.1,4.963,5228.1,no
41,technician,married,professional.course,no,no,no,cellular,aug,mon,203,2,999,0,nonexistent,1.4,93.444,-36.1,4.963,5228.1,no
30,technician,single,university.degree,unknown,no,no,cellular,aug,mon,131,2,999,0,nonexistent,1.4,93.444,-36.1,4.963,5228.1,no
56,retired,married,basic.6y,no,no,no,cellular,aug,mon,68,2,999,0,nonexistent,1.4,93.444,-36.1,4.963,5228.1,no
39,admin.,single,university.degree,no,yes,no,cellular,aug,mon,114,3,999,0,nonexistent,1.4,93.444,-36.1,4.963,5228.1,no
32,admin.,married,university.degree,no,yes,yes,cellular,aug,mon,124,2,999,0,nonexistent,1.4,93.444,-36.1,4.963,5228.1,no
30,housemaid,married,professional.course,no,yes,no,cellular,aug,mon,105,3,999,0,nonexistent,1.4,93.444,-36.1,4.963,5228.1,no
40,technician,married,professional.course,no,no,no,cellular,aug,mon,108,3,999,0,nonexistent,1.4,93.444,-36.1,4.963,5228.1,no
59,admin.,married,university.degree,unknown,yes,no,cellular,aug,mon,113,2,999,0,nonexistent,1.4,93.444,-36.1,4.963,5228.1,no
36,self-employed,married,basic.6y,unknown,no,no,cellular,aug,mon,233,7,999,0,nonexistent,1.4,93.444,-36.1,4.963,5228.1,no
48,services,married,high.school,no,no,no,cellular,aug,mon,115,5,999,0,nonexistent,1.4,93.444,-36.1,4.963,5228.1,no
41,technician,married,professional.course,no,no,no,cellular,aug,mon,341,2,999,0,nonexistent,1.4,93.444,-36.1,4.963,5228.1,no
31,admin.,married,university.degree,no,no,no,cellular,aug,mon,145,5,999,0,nonexistent,1.4,93.444,-36.1,4.963,5228.1,no
47,admin.,single,university.degree,no,no,no,cellular,aug,mon,151,9,999,0,nonexistent,1.4,93.444,-36.1,4.963,5228.1,no
52,housemaid,married,basic.4y,unknown,yes,yes,cellular,aug,mon,85,2,999,0,nonexistent,1.4,93.444,-36.1,4.963,5228.1,no
30,admin.,married,university.degree,unknown,no,no,cellular,aug,mon,313,2,999,0,nonexistent,1.4,93.444,-36.1,4.963,5228.1,no
31,technician,single,university.degree,no,no,no,cellular,aug,mon,230,4,999,0,nonexistent,1.4,93.444,-36.1,4.963,5228.1,no
45,services,married,basic.6y,no,yes,yes,cellular,aug,mon,157,3,999,0,nonexistent,1.4,93.444,-36.1,4.963,5228.1,no
37,technician,married,professional.course,no,yes,no,cellular,aug,mon,393,3,999,0,nonexistent,1.4,93.444,-36.1,4.963,5228.1,no
32,technician,married,high.school,unknown,yes,no,cellular,aug,mon,111,4,999,0,nonexistent,1.4,93.444,-36.1,4.963,5228.1,no
30,admin.,married,university.degree,unknown,yes,yes,cellular,aug,mon,84,9,999,0,nonexistent,1.4,93.444,-36.1,4.963,5228.1,no
32,technician,single,university.degree,no,no,no,telephone,aug,mon,51,6,999,0,nonexistent,1.4,93.444,-36.1,4.963,5228.1,no
48,blue-collar,married,unknown,no,no,no,cellular,aug,mon,528,3,999,0,nonexistent,1.4,93.444,-36.1,4.963,5228.1,yes
32,admin.,married,university.degree,no,yes,yes,cellular,aug,mon,71,2,999,0,nonexistent,1.4,93.444,-36.1,4.963,5228.1,no
50,admin.,married,university.degree,no,no,no,cellular,aug,mon,70,3,999,0,nonexistent,1.4,93.444,-36.1,4.963,5228.1,no
30,admin.,married,university.degree,no,no,no,cellular,aug,mon,146,3,999,0,nonexistent,1.4,93.444,-36.1,4.963,5228.1,no
46,services,married,unknown,unknown,yes,no,cellular,aug,mon,151,5,999,0,nonexistent,1.4,93.444,-36.1,4.963,5228.1,no
47,blue-collar,married,basic.4y,unknown,no,no,cellular,aug,mon,74,2,999,0,nonexistent,1.4,93.444,-36.1,4.963,5228.1,no
33,technician,single,professional.course,no,no,no,cellular,aug,mon,266,2,999,0,nonexistent,1.4,93.444,-36.1,4.963,5228.1,no
34,admin.,single,university.degree,no,yes,no,cellular,aug,mon,347,3,999,0,nonexistent,1.4,93.444,-36.1,4.963,5228.1,no
30,admin.,married,university.degree,unknown,yes,no,cellular,aug,mon,114,2,999,0,nonexistent,1.4,93.444,-36.1,4.963,5228.1,no
31,management,married,university.degree,no,no,no,cellular,aug,mon,34,11,999,0,nonexistent,1.4,93.444,-36.1,4.963,5228.1,no
41,self-employed,married,university.degree,no,yes,no,cellular,aug,mon,113,2,999,0,nonexistent,1.4,93.444,-36.1,4.963,5228.1,no
33,technician,single,professional.course,no,yes,no,cellular,aug,mon,122,4,999,0,nonexistent,1.4,93.444,-36.1,4.963,5228.1,no
54,admin.,divorced,university.degree,no,yes,no,cellular,aug,mon,80,2,999,0,nonexistent,1.4,93.444,-36.1,4.963,5228.1,no
31,admin.,married,university.degree,no,yes,no,cellular,aug,mon,104,2,999,0,nonexistent,1.4,93.444,-36.1,4.963,5228.1,no
47,admin.,married,university.degree,no,no,yes,cellular,aug,mon,94,2,999,0,nonexistent,1.4,93.444,-36.1,4.963,5228.1,no
35,technician,married,professional.course,no,yes,no,cellular,aug,mon,70,2,999,0,nonexistent,1.4,93.444,-36.1,4.963,5228.1,no
33,technician,single,professional.course,no,no,no,cellular,aug,mon,145,3,999,0,nonexistent,1.4,93.444,-36.1,4.963,5228.1,no
32,admin.,single,university.degree,no,yes,no,cellular,aug,mon,61,2,999,0,nonexistent,1.4,93.444,-36.1,4.963,5228.1,no
31,technician,single,university.degree,no,yes,no,cellular,aug,mon,143,2,999,0,nonexistent,1.4,93.444,-36.1,4.963,5228.1,no
38,admin.,divorced,university.degree,no,no,no,cellular,aug,mon,172,2,999,0,nonexistent,1.4,93.444,-36.1,4.963,5228.1,no
33,management,married,high.school,unknown,yes,no,telephone,aug,mon,71,3,999,0,nonexistent,1.4,93.444,-36.1,4.963,5228.1,no
35,admin.,married,university.degree,unknown,no,no,cellular,aug,mon,45,3,999,0,nonexistent,1.4,93.444,-36.1,4.963,5228.1,no
36,admin.,married,high.school,no,no,no,cellular,aug,mon,91,2,999,0,nonexistent,1.4,93.444,-36.1,4.963,5228.1,no
31,admin.,married,university.degree,no,yes,no,cellular,aug,mon,513,4,999,0,nonexistent,1.4,93.444,-36.1,4.963,5228.1,no
31,management,married,university.degree,no,no,no,cellular,aug,mon,92,3,999,0,nonexistent,1.4,93.444,-36.1,4.963,5228.1,no
37,technician,married,professional.course,no,yes,no,cellular,aug,mon,89,2,999,0,nonexistent,1.4,93.444,-36.1,4.963,5228.1,no
30,technician,single,university.degree,no,yes,no,cellular,aug,mon,96,2,999,0,nonexistent,1.4,93.444,-36.1,4.963,5228.1,no
38,entrepreneur,single,university.degree,no,no,no,cellular,aug,mon,115,2,999,0,nonexistent,1.4,93.444,-36.1,4.963,5228.1,no
46,blue-collar,married,basic.6y,unknown,yes,no,cellular,aug,mon,121,2,999,0,nonexistent,1.4,93.444,-36.1,4.963,5228.1,no
49,unemployed,married,high.school,no,yes,no,cellular,aug,mon,119,4,999,0,nonexistent,1.4,93.444,-36.1,4.963,5228.1,no
33,technician,single,professional.course,no,no,no,cellular,aug,mon,176,2,999,0,nonexistent,1.4,93.444,-36.1,4.963,5228.1,no
36,self-employed,married,high.school,unknown,no,no,cellular,aug,mon,507,5,999,0,nonexistent,1.4,93.444,-36.1,4.963,5228.1,no
41,technician,married,high.school,no,no,no,cellular,aug,mon,69,3,999,0,nonexistent,1.4,93.444,-36.1,4.963,5228.1,no
32,technician,married,high.school,unknown,no,no,cellular,aug,mon,98,3,999,0,nonexistent,1.4,93.444,-36.1,4.963,5228.1,no
39,services,married,high.school,unknown,no,no,cellular,aug,mon,195,2,999,0,nonexistent,1.4,93.444,-36.1,4.963,5228.1,no
36,admin.,married,university.degree,unknown,no,no,cellular,aug,mon,86,4,999,0,nonexistent,1.4,93.444,-36.1,4.963,5228.1,no
38,admin.,single,university.degree,no,yes,no,cellular,aug,mon,40,2,999,0,nonexistent,1.4,93.444,-36.1,4.963,5228.1,no
34,admin.,single,university.degree,unknown,no,yes,cellular,aug,mon,27,12,999,0,nonexistent,1.4,93.444,-36.1,4.963,5228.1,no
33,technician,single,professional.course,no,no,no,cellular,aug,mon,97,3,999,0,nonexistent,1.4,93.444,-36.1,4.963,5228.1,no
50,admin.,married,university.degree,no,yes,no,cellular,aug,mon,166,2,999,0,nonexistent,1.4,93.444,-36.1,4.963,5228.1,no
49,services,married,basic.4y,unknown,no,no,cellular,aug,mon,309,2,999,0,nonexistent,1.4,93.444,-36.1,4.963,5228.1,yes
50,services,married,basic.9y,unknown,yes,no,cellular,aug,mon,113,2,999,0,nonexistent,1.4,93.444,-36.1,4.963,5228.1,no
37,technician,married,university.degree,no,no,no,cellular,aug,mon,124,2,999,0,nonexistent,1.4,93.444,-36.1,4.963,5228.1,no
35,technician,married,professional.course,no,yes,no,cellular,aug,mon,207,3,999,0,nonexistent,1.4,93.444,-36.1,4.963,5228.1,no
40,technician,married,professional.course,no,yes,no,cellular,aug,mon,100,2,999,0,nonexistent,1.4,93.444,-36.1,4.963,5228.1,no
38,technician,married,university.degree,no,no,no,cellular,aug,mon,219,2,999,0,nonexistent,1.4,93.444,-36.1,4.963,5228.1,no
29,admin.,married,high.school,no,no,no,cellular,aug,mon,128,2,999,0,nonexistent,1.4,93.444,-36.1,4.963,5228.1,no
30,self-employed,single,university.degree,no,yes,no,cellular,aug,mon,75,4,999,0,nonexistent,1.4,93.444,-36.1,4.963,5228.1,no
38,technician,divorced,university.degree,unknown,yes,no,cellular,aug,mon,67,2,999,0,nonexistent,1.4,93.444,-36.1,4.963,5228.1,no
46,services,married,unknown,unknown,yes,no,cellular,aug,mon,111,2,999,0,nonexistent,1.4,93.444,-36.1,4.963,5228.1,no
52,housemaid,married,basic.4y,unknown,no,no,cellular,aug,mon,498,2,999,0,nonexistent,1.4,93.444,-36.1,4.963,5228.1,no
31,management,married,university.degree,no,yes,yes,cellular,aug,mon,203,2,999,0,nonexistent,1.4,93.444,-36.1,4.963,5228.1,no
34,admin.,divorced,university.degree,no,yes,no,cellular,aug,mon,111,4,999,0,nonexistent,1.4,93.444,-36.1,4.963,5228.1,no
42,technician,married,professional.course,no,yes,yes,cellular,aug,mon,245,7,999,0,nonexistent,1.4,93.444,-36.1,4.963,5228.1,no
52,housemaid,married,basic.4y,unknown,no,no,cellular,aug,mon,585,2,999,0,nonexistent,1.4,93.444,-36.1,4.963,5228.1,no
33,admin.,married,university.degree,no,yes,no,cellular,aug,mon,140,7,999,0,nonexistent,1.4,93.444,-36.1,4.963,5228.1,no
41,admin.,married,university.degree,unknown,yes,no,cellular,aug,mon,235,2,999,0,nonexistent,1.4,93.444,-36.1,4.963,5228.1,no
34,admin.,married,university.degree,no,yes,no,cellular,aug,mon,98,4,999,0,nonexistent,1.4,93.444,-36.1,4.963,5228.1,no
39,technician,single,professional.course,unknown,yes,no,cellular,aug,mon,129,2,999,0,nonexistent,1.4,93.444,-36.1,4.963,5228.1,no
36,admin.,married,university.degree,no,yes,no,cellular,aug,mon,147,5,999,0,nonexistent,1.4,93.444,-36.1,4.963,5228.1,no
43,technician,married,university.degree,no,yes,no,cellular,aug,mon,134,4,999,0,nonexistent,1.4,93.444,-36.1,4.963,5228.1,no
45,technician,married,professional.course,no,yes,no,cellular,aug,mon,95,4,999,0,nonexistent,1.4,93.444,-36.1,4.963,5228.1,no
48,blue-collar,married,unknown,no,no,no,telephone,aug,mon,63,1,999,0,nonexistent,1.4,93.444,-36.1,4.963,5228.1,no
38,admin.,married,university.degree,no,no,no,cellular,aug,mon,431,4,999,0,nonexistent,1.4,93.444,-36.1,4.963,5228.1,no
52,housemaid,married,basic.4y,unknown,yes,no,cellular,aug,mon,197,2,999,0,nonexistent,1.4,93.444,-36.1,4.963,5228.1,no
41,self-employed,married,university.degree,no,yes,yes,cellular,aug,mon,93,1,999,0,nonexistent,1.4,93.444,-36.1,4.963,5228.1,no
41,technician,married,high.school,no,no,no,cellular,aug,mon,697,2,999,0,nonexistent,1.4,93.444,-36.1,4.963,5228.1,yes
35,technician,married,professional.course,no,no,no,cellular,aug,mon,80,1,999,0,nonexistent,1.4,93.444,-36.1,4.963,5228.1,no
35,admin.,single,university.degree,no,yes,yes,cellular,aug,mon,201,1,999,0,nonexistent,1.4,93.444,-36.1,4.963,5228.1,no
32,management,married,university.degree,no,no,no,cellular,aug,mon,119,4,999,0,nonexistent,1.4,93.444,-36.1,4.963,5228.1,no
35,admin.,single,university.degree,no,no,no,cellular,aug,mon,306,1,999,0,nonexistent,1.4,93.444,-36.1,4.963,5228.1,no
50,services,married,basic.6y,unknown,no,no,telephone,aug,mon,161,1,999,0,nonexistent,1.4,93.444,-36.1,4.963,5228.1,no
29,admin.,married,high.school,no,yes,yes,cellular,aug,mon,36,3,999,0,nonexistent,1.4,93.444,-36.1,4.963,5228.1,no
35,admin.,married,university.degree,unknown,no,no,telephone,aug,mon,29,1,999,0,nonexistent,1.4,93.444,-36.1,4.963,5228.1,no
42,technician,married,professional.course,no,no,no,telephone,aug,mon,79,1,999,0,nonexistent,1.4,93.444,-36.1,4.963,5228.1,no
35,technician,married,professional.course,no,no,no,cellular,aug,mon,192,1,999,0,nonexistent,1.4,93.444,-36.1,4.963,5228.1,no
34,admin.,married,university.degree,no,no,no,telephone,aug,mon,199,1,999,0,nonexistent,1.4,93.444,-36.1,4.963,5228.1,no
31,technician,single,university.degree,no,yes,no,cellular,aug,mon,144,1,999,0,nonexistent,1.4,93.444,-36.1,4.963,5228.1,no
33,unemployed,divorced,professional.course,no,yes,no,telephone,aug,mon,331,1,999,0,nonexistent,1.4,93.444,-36.1,4.963,5228.1,no
47,admin.,married,university.degree,no,no,yes,cellular,aug,mon,471,1,999,0,nonexistent,1.4,93.444,-36.1,4.963,5228.1,no
30,admin.,married,university.degree,unknown,yes,no,cellular,aug,mon,142,2,999,0,nonexistent,1.4,93.444,-36.1,4.963,5228.1,no
36,admin.,divorced,university.degree,unknown,yes,no,cellular,aug,mon,58,2,999,0,nonexistent,1.4,93.444,-36.1,4.963,5228.1,no
50,blue-collar,married,basic.9y,no,yes,yes,cellular,aug,mon,68,3,999,0,nonexistent,1.4,93.444,-36.1,4.963,5228.1,no
34,admin.,married,university.degree,no,yes,yes,cellular,aug,mon,87,3,999,0,nonexistent,1.4,93.444,-36.1,4.963,5228.1,no
33,management,married,university.degree,no,yes,yes,cellular,aug,mon,128,1,999,0,nonexistent,1.4,93.444,-36.1,4.963,5228.1,no
36,self-employed,married,high.school,unknown,yes,no,cellular,aug,mon,114,1,999,0,nonexistent,1.4,93.444,-36.1,4.963,5228.1,no
40,technician,married,professional.course,no,no,no,cellular,aug,mon,170,3,999,0,nonexistent,1.4,93.444,-36.1,4.963,5228.1,no
36,self-employed,married,high.school,unknown,yes,no,cellular,aug,mon,101,1,999,0,nonexistent,1.4,93.444,-36.1,4.963,5228.1,no
31,technician,single,professional.course,no,yes,no,cellular,aug,mon,263,2,999,0,nonexistent,1.4,93.444,-36.1,4.963,5228.1,no
41,technician,married,professional.course,no,yes,yes,cellular,aug,mon,80,3,999,0,nonexistent,1.4,93.444,-36.1,4.963,5228.1,no
31,admin.,single,high.school,no,no,no,cellular,aug,mon,52,2,999,0,nonexistent,1.4,93.444,-36.1,4.963,5228.1,no
30,technician,married,professional.course,no,yes,no,cellular,aug,mon,254,4,999,0,nonexistent,1.4,93.444,-36.1,4.963,5228.1,no
41,self-employed,married,university.degree,no,no,no,cellular,aug,mon,173,2,999,0,nonexistent,1.4,93.444,-36.1,4.963,5228.1,no
32,admin.,married,university.degree,no,yes,no,cellular,aug,mon,150,1,999,0,nonexistent,1.4,93.444,-36.1,4.963,5228.1,no
37,admin.,married,professional.course,unknown,yes,yes,cellular,aug,mon,70,1,999,0,nonexistent,1.4,93.444,-36.1,4.963,5228.1,no
51,admin.,married,university.degree,unknown,yes,no,cellular,aug,mon,204,5,999,0,nonexistent,1.4,93.444,-36.1,4.963,5228.1,no
32,admin.,married,university.degree,no,yes,no,cellular,aug,mon,130,1,999,0,nonexistent,1.4,93.444,-36.1,4.963,5228.1,no
30,technician,single,professional.course,no,yes,no,cellular,aug,mon,191,1,999,0,nonexistent,1.4,93.444,-36.1,4.963,5228.1,no
38,admin.,married,university.degree,no,no,no,cellular,aug,mon,65,4,999,0,nonexistent,1.4,93.444,-36.1,4.963,5228.1,no
44,blue-collar,married,basic.4y,no,yes,no,cellular,aug,mon,781,1,999,0,nonexistent,1.4,93.444,-36.1,4.963,5228.1,no
30,technician,single,professional.course,unknown,yes,yes,cellular,aug,mon,74,2,999,0,nonexistent,1.4,93.444,-36.1,4.963,5228.1,no
52,admin.,divorced,university.degree,no,no,no,cellular,aug,mon,91,2,999,0,nonexistent,1.4,93.444,-36.1,4.963,5228.1,no
38,technician,married,university.degree,no,no,no,telephone,aug,mon,280,10,999,0,nonexistent,1.4,93.444,-36.1,4.963,5228.1,no
48,blue-collar,married,unknown,no,yes,no,cellular,aug,mon,346,3,999,0,nonexistent,1.4,93.444,-36.1,4.963,5228.1,no
41,technician,married,high.school,no,yes,yes,telephone,aug,mon,212,1,999,0,nonexistent,1.4,93.444,-36.1,4.963,5228.1,no
54,blue-collar,married,basic.9y,unknown,yes,no,cellular,aug,mon,143,2,999,0,nonexistent,1.4,93.444,-36.1,4.963,5228.1,no
31,admin.,single,high.school,no,no,no,cellular,aug,mon,93,2,999,0,nonexistent,1.4,93.444,-36.1,4.963,5228.1,no
36,technician,single,high.school,unknown,no,no,cellular,aug,mon,65,2,999,0,nonexistent,1.4,93.444,-36.1,4.963,5228.1,no
53,retired,divorced,professional.course,no,no,no,cellular,aug,mon,119,3,999,0,nonexistent,1.4,93.444,-36.1,4.963,5228.1,no
42,technician,married,professional.course,no,no,no,cellular,aug,mon,271,4,999,0,nonexistent,1.4,93.444,-36.1,4.963,5228.1,no
42,technician,married,professional.course,no,yes,yes,cellular,aug,mon,223,2,999,0,nonexistent,1.4,93.444,-36.1,4.963,5228.1,no
30,admin.,married,university.degree,no,no,no,cellular,aug,mon,514,7,999,0,nonexistent,1.4,93.444,-36.1,4.963,5228.1,no
47,admin.,married,university.degree,no,yes,no,cellular,aug,mon,75,1,999,0,nonexistent,1.4,93.444,-36.1,4.963,5228.1,no
33,unemployed,divorced,professional.course,no,yes,no,cellular,aug,mon,150,2,999,0,nonexistent,1.4,93.444,-36.1,4.963,5228.1,no
33,unemployed,divorced,professional.course,no,yes,no,cellular,aug,mon,151,2,999,0,nonexistent,1.4,93.444,-36.1,4.963,5228.1,no
31,self-employed,single,professional.course,no,yes,no,cellular,aug,mon,215,3,999,0,nonexistent,1.4,93.444,-36.1,4.963,5228.1,no
35,admin.,single,university.degree,no,yes,no,cellular,aug,mon,547,6,999,0,nonexistent,1.4,93.444,-36.1,4.963,5228.1,no
45,technician,divorced,university.degree,no,yes,no,cellular,aug,mon,100,1,999,0,nonexistent,1.4,93.444,-36.1,4.963,5228.1,no
31,management,married,university.degree,no,yes,yes,cellular,aug,mon,85,1,999,0,nonexistent,1.4,93.444,-36.1,4.963,5228.1,no
41,technician,married,professional.course,no,yes,no,cellular,aug,mon,75,1,999,0,nonexistent,1.4,93.444,-36.1,4.963,5228.1,no
36,admin.,single,university.degree,unknown,yes,yes,cellular,aug,mon,134,1,999,0,nonexistent,1.4,93.444,-36.1,4.963,5228.1,no
41,technician,married,professional.course,no,yes,no,cellular,aug,mon,984,1,999,0,nonexistent,1.4,93.444,-36.1,4.963,5228.1,no
30,technician,single,university.degree,no,no,no,cellular,aug,mon,62,3,999,0,nonexistent,1.4,93.444,-36.1,4.963,5228.1,no
54,management,married,high.school,no,no,no,cellular,aug,mon,725,4,999,0,nonexistent,1.4,93.444,-36.1,4.963,5228.1,no
47,admin.,married,university.degree,no,no,no,cellular,aug,mon,384,6,999,0,nonexistent,1.4,93.444,-36.1,4.963,5228.1,yes
38,admin.,single,university.degree,no,yes,no,cellular,aug,mon,417,5,999,0,nonexistent,1.4,93.444,-36.1,4.963,5228.1,no
29,technician,single,high.school,no,yes,no,cellular,aug,mon,201,2,999,0,nonexistent,1.4,93.444,-36.1,4.963,5228.1,no
54,management,married,university.degree,unknown,yes,no,cellular,aug,mon,261,4,999,0,nonexistent,1.4,93.444,-36.1,4.963,5228.1,no
29,housemaid,married,university.degree,no,yes,no,cellular,aug,mon,155,2,999,0,nonexistent,1.4,93.444,-36.1,4.963,5228.1,no
32,admin.,single,university.degree,unknown,yes,yes,cellular,aug,mon,128,2,999,0,nonexistent,1.4,93.444,-36.1,4.963,5228.1,no
34,admin.,single,university.degree,no,yes,no,cellular,aug,mon,103,4,999,0,nonexistent,1.4,93.444,-36.1,4.963,5228.1,no
42,management,married,university.degree,no,yes,no,cellular,aug,mon,178,2,999,0,nonexistent,1.4,93.444,-36.1,4.963,5228.1,no
48,blue-collar,married,unknown,no,yes,no,cellular,aug,mon,16,10,999,0,nonexistent,1.4,93.444,-36.1,4.963,5228.1,no
31,technician,single,professional.course,no,unknown,unknown,cellular,aug,mon,202,7,999,0,nonexistent,1.4,93.444,-36.1,4.963,5228.1,no
30,admin.,single,university.degree,no,no,no,cellular,aug,mon,37,2,999,0,nonexistent,1.4,93.444,-36.1,4.963,5228.1,no
49,blue-collar,married,high.school,unknown,yes,yes,cellular,aug,mon,166,6,999,0,nonexistent,1.4,93.444,-36.1,4.963,5228.1,no
30,admin.,married,university.degree,no,yes,no,cellular,aug,mon,286,3,999,0,nonexistent,1.4,93.444,-36.1,4.963,5228.1,no
55,blue-collar,married,basic.4y,unknown,yes,yes,cellular,aug,mon,213,3,999,0,nonexistent,1.4,93.444,-36.1,4.963,5228.1,no
42,admin.,divorced,university.degree,no,yes,no,cellular,aug,mon,59,3,999,0,nonexistent,1.4,93.444,-36.1,4.963,5228.1,no
31,admin.,single,university.degree,no,yes,yes,cellular,aug,mon,207,4,999,0,nonexistent,1.4,93.444,-36.1,4.963,5228.1,no
32,technician,married,high.school,unknown,yes,no,cellular,aug,mon,73,6,999,0,nonexistent,1.4,93.444,-36.1,4.963,5228.1,no
37,technician,single,university.degree,unknown,no,yes,cellular,aug,mon,1559,5,999,0,nonexistent,1.4,93.444,-36.1,4.963,5228.1,no
49,admin.,married,high.school,no,yes,no,cellular,aug,mon,194,2,999,0,nonexistent,1.4,93.444,-36.1,4.963,5228.1,yes
49,unknown,married,high.school,unknown,no,no,cellular,aug,mon,192,6,999,0,nonexistent,1.4,93.444,-36.1,4.963,5228.1,no
40,technician,married,high.school,no,no,no,cellular,aug,mon,304,3,999,0,nonexistent,1.4,93.444,-36.1,4.963,5228.1,no
37,admin.,single,university.degree,no,no,yes,cellular,aug,mon,89,6,999,0,nonexistent,1.4,93.444,-36.1,4.963,5228.1,no
45,admin.,married,high.school,no,yes,yes,cellular,aug,mon,124,3,999,0,nonexistent,1.4,93.444,-36.1,4.963,5228.1,no
31,technician,married,professional.course,unknown,yes,yes,cellular,aug,mon,67,2,999,0,nonexistent,1.4,93.444,-36.1,4.963,5228.1,no
33,admin.,single,university.degree,no,yes,yes,cellular,aug,mon,174,4,999,0,nonexistent,1.4,93.444,-36.1,4.963,5228.1,no
45,admin.,married,high.school,no,no,no,cellular,aug,mon,457,8,999,0,nonexistent,1.4,93.444,-36.1,4.963,5228.1,no
53,technician,married,university.degree,unknown,yes,yes,cellular,aug,mon,405,11,999,0,nonexistent,1.4,93.444,-36.1,4.963,5228.1,no
30,admin.,single,university.degree,no,no,no,cellular,aug,mon,123,4,999,0,nonexistent,1.4,93.444,-36.1,4.963,5228.1,no
44,blue-collar,married,basic.9y,unknown,yes,no,cellular,aug,mon,312,3,999,0,nonexistent,1.4,93.444,-36.1,4.963,5228.1,no
45,admin.,married,university.degree,no,yes,no,cellular,aug,mon,92,12,999,0,nonexistent,1.4,93.444,-36.1,4.963,5228.1,no
30,admin.,single,university.degree,no,yes,no,cellular,aug,mon,374,12,999,0,nonexistent,1.4,93.444,-36.1,4.963,5228.1,no
42,admin.,married,high.school,unknown,yes,no,cellular,aug,mon,76,4,999,0,nonexistent,1.4,93.444,-36.1,4.963,5228.1,no
34,technician,single,high.school,no,yes,no,cellular,aug,mon,119,3,999,0,nonexistent,1.4,93.444,-36.1,4.963,5228.1,no
38,technician,married,professional.course,no,no,no,cellular,aug,mon,296,2,999,0,nonexistent,1.4,93.444,-36.1,4.963,5228.1,no
32,technician,single,professional.course,no,yes,no,cellular,aug,mon,87,5,999,0,nonexistent,1.4,93.444,-36.1,4.963,5228.1,no
48,entrepreneur,married,basic.9y,unknown,yes,no,cellular,aug,mon,243,7,999,0,nonexistent,1.4,93.444,-36.1,4.963,5228.1,no
41,technician,divorced,university.degree,no,yes,no,cellular,aug,mon,835,4,999,0,nonexistent,1.4,93.444,-36.1,4.963,5228.1,no
35,admin.,single,university.degree,no,no,no,cellular,aug,mon,724,12,999,0,nonexistent,1.4,93.444,-36.1,4.963,5228.1,yes
50,blue-collar,married,basic.4y,no,no,no,cellular,aug,mon,159,5,999,0,nonexistent,1.4,93.444,-36.1,4.963,5228.1,no
38,technician,divorced,high.school,unknown,no,no,cellular,aug,mon,445,2,999,0,nonexistent,1.4,93.444,-36.1,4.963,5228.1,no
33,admin.,single,university.degree,no,no,no,cellular,aug,mon,212,10,999,0,nonexistent,1.4,93.444,-36.1,4.963,5228.1,no
29,admin.,single,university.degree,no,no,yes,cellular,aug,mon,119,6,999,0,nonexistent,1.4,93.444,-36.1,4.963,5228.1,no
35,technician,single,university.degree,no,yes,yes,cellular,aug,mon,176,3,999,0,nonexistent,1.4,93.444,-36.1,4.963,5228.1,no
48,technician,married,high.school,unknown,yes,no,cellular,aug,mon,241,4,999,0,nonexistent,1.4,93.444,-36.1,4.963,5228.1,no
31,technician,married,university.degree,no,yes,no,cellular,aug,mon,314,3,999,0,nonexistent,1.4,93.444,-36.1,4.963,5228.1,no
44,management,married,university.degree,unknown,yes,no,cellular,aug,mon,96,5,999,0,nonexistent,1.4,93.444,-36.1,4.963,5228.1,no
48,technician,married,professional.course,unknown,no,no,cellular,aug,mon,43,3,999,0,nonexistent,1.4,93.444,-36.1,4.963,5228.1,no
43,self-employed,married,university.degree,unknown,yes,yes,cellular,aug,mon,127,3,999,0,nonexistent,1.4,93.444,-36.1,4.963,5228.1,no
47,blue-collar,married,basic.4y,no,yes,no,cellular,aug,mon,729,4,999,0,nonexistent,1.4,93.444,-36.1,4.963,5228.1,no
33,technician,single,professional.course,no,no,yes,cellular,aug,mon,285,5,999,0,nonexistent,1.4,93.444,-36.1,4.963,5228.1,no
31,technician,married,unknown,no,no,no,cellular,aug,mon,393,3,999,0,nonexistent,1.4,93.444,-36.1,4.963,5228.1,no
33,technician,married,university.degree,unknown,yes,no,cellular,aug,mon,153,7,999,0,nonexistent,1.4,93.444,-36.1,4.963,5228.1,no
35,technician,married,professional.course,unknown,yes,no,cellular,aug,mon,189,5,999,0,nonexistent,1.4,93.444,-36.1,4.963,5228.1,no
49,blue-collar,married,basic.9y,unknown,no,no,cellular,aug,mon,199,5,999,0,nonexistent,1.4,93.444,-36.1,4.963,5228.1,no
49,technician,married,high.school,no,no,no,cellular,aug,mon,298,6,999,0,nonexistent,1.4,93.444,-36.1,4.963,5228.1,no
45,technician,divorced,university.degree,unknown,no,no,cellular,aug,mon,43,3,999,0,nonexistent,1.4,93.444,-36.1,4.963,5228.1,no
48,services,married,high.school,no,yes,yes,cellular,aug,mon,273,3,999,0,nonexistent,1.4,93.444,-36.1,4.963,5228.1,no
30,technician,married,professional.course,unknown,no,no,cellular,aug,mon,37,2,999,0,nonexistent,1.4,93.444,-36.1,4.963,5228.1,no
53,self-employed,married,university.degree,unknown,yes,no,cellular,aug,mon,693,6,999,0,nonexistent,1.4,93.444,-36.1,4.963,5228.1,no
52,services,married,high.school,no,yes,no,telephone,aug,mon,575,2,999,0,nonexistent,1.4,93.444,-36.1,4.963,5228.1,no
34,technician,single,professional.course,no,yes,no,cellular,aug,tue,120,9,999,0,nonexistent,1.4,93.444,-36.1,4.963,5228.1,no
44,blue-collar,married,basic.6y,no,no,no,cellular,aug,tue,141,2,999,0,nonexistent,1.4,93.444,-36.1,4.963,5228.1,no
35,admin.,single,university.degree,no,no,no,cellular,aug,tue,102,1,999,0,nonexistent,1.4,93.444,-36.1,4.963,5228.1,no
35,admin.,single,university.degree,no,no,no,cellular,aug,tue,58,1,999,0,nonexistent,1.4,93.444,-36.1,4.963,5228.1,no
37,management,married,university.degree,no,no,no,cellular,aug,tue,208,1,999,0,nonexistent,1.4,93.444,-36.1,4.963,5228.1,no
40,technician,single,university.degree,no,no,no,cellular,aug,tue,203,1,999,0,nonexistent,1.4,93.444,-36.1,4.963,5228.1,no
40,technician,single,university.degree,no,yes,no,cellular,aug,tue,173,1,999,0,nonexistent,1.4,93.444,-36.1,4.963,5228.1,no
35,admin.,single,university.degree,no,no,no,cellular,aug,tue,122,1,999,0,nonexistent,1.4,93.444,-36.1,4.963,5228.1,no
40,technician,single,university.degree,no,yes,no,cellular,aug,tue,286,1,999,0,nonexistent,1.4,93.444,-36.1,4.963,5228.1,no
58,unknown,married,basic.4y,no,yes,no,cellular,aug,tue,645,10,999,0,nonexistent,1.4,93.444,-36.1,4.963,5228.1,yes
44,blue-collar,married,basic.6y,no,no,yes,cellular,aug,tue,177,5,999,0,nonexistent,1.4,93.444,-36.1,4.963,5228.1,no
37,technician,married,university.degree,no,yes,no,cellular,aug,tue,158,1,999,0,nonexistent,1.4,93.444,-36.1,4.963,5228.1,no
33,admin.,single,university.degree,no,yes,no,cellular,aug,tue,125,2,999,0,nonexistent,1.4,93.444,-36.1,4.963,5228.1,no
31,admin.,single,university.degree,unknown,yes,no,cellular,aug,tue,112,1,999,0,nonexistent,1.4,93.444,-36.1,4.963,5228.1,no
31,technician,single,professional.course,no,yes,no,cellular,aug,tue,74,1,999,0,nonexistent,1.4,93.444,-36.1,4.963,5228.1,no
49,unknown,married,high.school,unknown,yes,no,cellular,aug,tue,54,1,999,0,nonexistent,1.4,93.444,-36.1,4.963,5228.1,no
35,entrepreneur,divorced,professional.course,unknown,no,no,cellular,aug,tue,255,1,999,0,nonexistent,1.4,93.444,-36.1,4.963,5228.1,no
32,technician,married,university.degree,no,no,no,cellular,aug,tue,56,5,999,0,nonexistent,1.4,93.444,-36.1,4.963,5228.1,no
44,blue-collar,married,basic.9y,unknown,no,no,cellular,aug,tue,787,1,999,0,nonexistent,1.4,93.444,-36.1,4.963,5228.1,no
31,admin.,divorced,university.degree,no,yes,no,cellular,aug,tue,269,1,999,0,nonexistent,1.4,93.444,-36.1,4.963,5228.1,no
34,admin.,married,university.degree,unknown,yes,no,cellular,aug,tue,87,1,999,0,nonexistent,1.4,93.444,-36.1,4.963,5228.1,no
36,technician,single,high.school,no,yes,no,cellular,aug,tue,124,1,999,0,nonexistent,1.4,93.444,-36.1,4.963,5228.1,no
36,technician,single,high.school,no,no,no,cellular,aug,tue,78,1,999,0,nonexistent,1.4,93.444,-36.1,4.963,5228.1,no
37,admin.,married,university.degree,no,no,yes,cellular,aug,tue,118,1,999,0,nonexistent,1.4,93.444,-36.1,4.963,5228.1,no
49,self-employed,married,professional.course,unknown,no,no,cellular,aug,tue,432,9,999,0,nonexistent,1.4,93.444,-36.1,4.963,5228.1,no
56,retired,married,university.degree,no,no,no,cellular,aug,tue,331,1,999,0,nonexistent,1.4,93.444,-36.1,4.963,5228.1,no
54,technician,married,professional.course,unknown,no,no,cellular,aug,tue,87,1,999,0,nonexistent,1.4,93.444,-36.1,4.963,5228.1,no
54,technician,married,professional.course,unknown,yes,no,cellular,aug,tue,70,1,999,0,nonexistent,1.4,93.444,-36.1,4.963,5228.1,no
54,technician,married,professional.course,unknown,no,no,cellular,aug,tue,213,1,999,0,nonexistent,1.4,93.444,-36.1,4.963,5228.1,no
54,technician,married,professional.course,unknown,no,no,cellular,aug,tue,166,1,999,0,nonexistent,1.4,93.444,-36.1,4.963,5228.1,no
29,admin.,single,university.degree,no,no,no,cellular,aug,tue,103,4,999,0,nonexistent,1.4,93.444,-36.1,4.963,5228.1,no
33,admin.,divorced,university.degree,no,yes,no,cellular,aug,tue,55,2,999,0,nonexistent,1.4,93.444,-36.1,4.963,5228.1,no
32,technician,married,professional.course,no,no,no,cellular,aug,tue,215,1,999,0,nonexistent,1.4,93.444,-36.1,4.963,5228.1,no
39,admin.,single,university.degree,no,yes,no,cellular,aug,tue,104,1,999,0,nonexistent,1.4,93.444,-36.1,4.963,5228.1,no
36,admin.,married,university.degree,unknown,yes,no,cellular,aug,tue,361,4,999,0,nonexistent,1.4,93.444,-36.1,4.963,5228.1,no
31,admin.,married,university.degree,no,yes,no,telephone,aug,tue,223,4,999,0,nonexistent,1.4,93.444,-36.1,4.963,5228.1,no
46,technician,married,professional.course,unknown,no,no,cellular,aug,tue,235,2,999,0,nonexistent,1.4,93.444,-36.1,4.963,5228.1,no
59,blue-collar,married,basic.4y,unknown,yes,no,cellular,aug,tue,96,1,999,0,nonexistent,1.4,93.444,-36.1,4.963,5228.1,no
33,admin.,married,high.school,no,no,no,cellular,aug,tue,210,1,999,0,nonexistent,1.4,93.444,-36.1,4.963,5228.1,no
48,management,married,university.degree,no,no,no,cellular,aug,tue,156,1,999,0,nonexistent,1.4,93.444,-36.1,4.963,5228.1,no
48,management,married,university.degree,no,yes,yes,cellular,aug,tue,83,1,999,0,nonexistent,1.4,93.444,-36.1,4.963,5228.1,no
48,management,married,university.degree,no,yes,yes,cellular,aug,tue,144,1,999,0,nonexistent,1.4,93.444,-36.1,4.963,5228.1,no
32,self-employed,single,professional.course,no,unknown,unknown,cellular,aug,tue,151,7,999,0,nonexistent,1.4,93.444,-36.1,4.963,5228.1,no
31,technician,married,professional.course,no,no,no,cellular,aug,tue,51,1,999,0,nonexistent,1.4,93.444,-36.1,4.963,5228.1,no
49,services,single,professional.course,no,yes,no,cellular,aug,tue,161,3,999,0,nonexistent,1.4,93.444,-36.1,4.963,5228.1,no
31,technician,married,professional.course,no,no,no,cellular,aug,tue,91,1,999,0,nonexistent,1.4,93.444,-36.1,4.963,5228.1,no
35,admin.,married,university.degree,no,yes,no,cellular,aug,tue,344,2,999,0,nonexistent,1.4,93.444,-36.1,4.963,5228.1,no
31,technician,married,professional.course,no,yes,no,cellular,aug,tue,284,1,999,0,nonexistent,1.4,93.444,-36.1,4.963,5228.1,no
32,technician,divorced,professional.course,no,no,yes,cellular,aug,tue,75,1,999,0,nonexistent,1.4,93.444,-36.1,4.963,5228.1,no
31,technician,married,professional.course,no,no,no,cellular,aug,tue,298,1,999,0,nonexistent,1.4,93.444,-36.1,4.963,5228.1,no
41,admin.,divorced,university.degree,no,no,no,cellular,aug,tue,141,1,999,0,nonexistent,1.4,93.444,-36.1,4.963,5228.1,no
33,technician,single,university.degree,no,no,no,cellular,aug,tue,134,6,999,0,nonexistent,1.4,93.444,-36.1,4.963,5228.1,no
37,admin.,married,university.degree,no,yes,no,cellular,aug,tue,198,2,999,0,nonexistent,1.4,93.444,-36.1,4.963,5228.1,no
31,management,married,university.degree,no,yes,yes,cellular,aug,tue,199,1,999,0,nonexistent,1.4,93.444,-36.1,4.963,5228.1,no
58,retired,married,unknown,unknown,no,yes,cellular,aug,tue,92,2,999,0,nonexistent,1.4,93.444,-36.1,4.963,5228.1,no
36,management,married,university.degree,unknown,no,no,cellular,aug,tue,504,2,999,0,nonexistent,1.4,93.444,-36.1,4.963,5228.1,no
33,technician,single,university.degree,no,yes,no,cellular,aug,tue,113,1,999,0,nonexistent,1.4,93.444,-36.1,4.963,5228.1,no
29,management,single,university.degree,no,no,no,cellular,aug,tue,189,1,999,0,nonexistent,1.4,93.444,-36.1,4.963,5228.1,no
36,admin.,married,university.degree,unknown,yes,no,cellular,aug,tue,121,2,999,0,nonexistent,1.4,93.444,-36.1,4.963,5228.1,no
45,admin.,married,high.school,no,yes,no,cellular,aug,tue,1293,4,999,0,nonexistent,1.4,93.444,-36.1,4.963,5228.1,yes
31,admin.,single,university.degree,unknown,no,no,cellular,aug,tue,359,2,999,0,nonexistent,1.4,93.444,-36.1,4.963,5228.1,no
31,technician,single,professional.course,no,yes,no,cellular,aug,tue,150,1,999,0,nonexistent,1.4,93.444,-36.1,4.963,5228.1,no
38,admin.,married,university.degree,no,yes,no,cellular,aug,tue,74,1,999,0,nonexistent,1.4,93.444,-36.1,4.963,5228.1,no
44,services,married,basic.4y,unknown,yes,no,cellular,aug,tue,227,2,999,0,nonexistent,1.4,93.444,-36.1,4.963,5228.1,no
49,admin.,married,high.school,no,yes,no,cellular,aug,tue,129,8,999,0,nonexistent,1.4,93.444,-36.1,4.963,5228.1,no
32,technician,single,university.degree,no,yes,no,cellular,aug,tue,125,10,999,0,nonexistent,1.4,93.444,-36.1,4.963,5228.1,no
45,unknown,married,basic.9y,unknown,no,no,cellular,aug,tue,234,3,999,0,nonexistent,1.4,93.444,-36.1,4.963,5228.1,no
33,technician,single,professional.course,no,yes,no,cellular,aug,tue,101,1,999,0,nonexistent,1.4,93.444,-36.1,4.963,5228.1,no
33,technician,single,professional.course,no,no,no,cellular,aug,tue,193,1,999,0,nonexistent,1.4,93.444,-36.1,4.963,5228.1,no
32,admin.,divorced,university.degree,no,no,no,cellular,aug,tue,128,6,999,0,nonexistent,1.4,93.444,-36.1,4.963,5228.1,no
36,admin.,single,university.degree,no,no,no,cellular,aug,tue,260,1,999,0,nonexistent,1.4,93.444,-36.1,4.963,5228.1,no
31,technician,single,professional.course,no,yes,no,cellular,aug,tue,242,1,999,0,nonexistent,1.4,93.444,-36.1,4.963,5228.1,no
34,admin.,married,university.degree,no,no,no,cellular,aug,tue,109,1,999,0,nonexistent,1.4,93.444,-36.1,4.963,5228.1,no
44,technician,married,professional.course,no,yes,no,cellular,aug,tue,339,1,999,0,nonexistent,1.4,93.444,-36.1,4.963,5228.1,no
30,technician,married,professional.course,no,yes,no,cellular,aug,tue,149,1,999,0,nonexistent,1.4,93.444,-36.1,4.963,5228.1,no
34,technician,married,high.school,no,no,no,cellular,aug,tue,76,1,999,0,nonexistent,1.4,93.444,-36.1,4.963,5228.1,no
34,technician,married,high.school,unknown,no,no,cellular,aug,tue,256,1,999,0,nonexistent,1.4,93.444,-36.1,4.963,5228.1,no
34,technician,married,high.school,unknown,no,no,cellular,aug,tue,332,1,999,0,nonexistent,1.4,93.444,-36.1,4.963,5228.1,no
58,admin.,divorced,high.school,no,no,no,cellular,aug,tue,290,1,999,0,nonexistent,1.4,93.444,-36.1,4.963,5228.1,no
32,admin.,single,university.degree,no,no,no,cellular,aug,tue,80,3,999,0,nonexistent,1.4,93.444,-36.1,4.963,5228.1,no
32,technician,single,high.school,no,no,no,cellular,aug,tue,186,2,999,0,nonexistent,1.4,93.444,-36.1,4.963,5228.1,no
49,blue-collar,married,basic.6y,no,yes,no,cellular,aug,tue,195,4,999,0,nonexistent,1.4,93.444,-36.1,4.963,5228.1,no
54,self-employed,married,high.school,no,no,no,cellular,aug,tue,119,3,999,0,nonexistent,1.4,93.444,-36.1,4.963,5228.1,no
48,management,married,university.degree,no,no,no,cellular,aug,tue,115,2,999,0,nonexistent,1.4,93.444,-36.1,4.963,5228.1,no
39,admin.,married,university.degree,no,no,no,cellular,aug,tue,145,8,999,0,nonexistent,1.4,93.444,-36.1,4.963,5228.1,no
30,admin.,single,university.degree,no,no,no,cellular,aug,tue,145,5,999,0,nonexistent,1.4,93.444,-36.1,4.963,5228.1,no
32,admin.,married,university.degree,no,yes,no,cellular,aug,tue,126,3,999,0,nonexistent,1.4,93.444,-36.1,4.963,5228.1,no
33,admin.,married,university.degree,no,no,no,cellular,aug,tue,100,1,999,0,nonexistent,1.4,93.444,-36.1,4.963,5228.1,no
46,blue-collar,married,basic.6y,unknown,yes,no,cellular,aug,tue,204,2,999,0,nonexistent,1.4,93.444,-36.1,4.963,5228.1,no
38,technician,married,university.degree,no,yes,no,cellular,aug,tue,178,1,999,0,nonexistent,1.4,93.444,-36.1,4.963,5228.1,no
32,admin.,single,university.degree,no,yes,no,cellular,aug,tue,202,1,999,0,nonexistent,1.4,93.444,-36.1,4.963,5228.1,no
36,technician,married,university.degree,no,no,no,cellular,aug,tue,125,1,999,0,nonexistent,1.4,93.444,-36.1,4.963,5228.1,no
31,technician,married,professional.course,no,no,no,telephone,aug,tue,225,2,999,0,nonexistent,1.4,93.444,-36.1,4.963,5228.1,no
55,technician,married,professional.course,unknown,yes,no,cellular,aug,tue,160,2,999,0,nonexistent,1.4,93.444,-36.1,4.963,5228.1,no
36,technician,married,university.degree,no,yes,no,cellular,aug,tue,139,1,999,0,nonexistent,1.4,93.444,-36.1,4.963,5228.1,no
47,blue-collar,married,basic.9y,unknown,yes,no,cellular,aug,tue,118,1,999,0,nonexistent,1.4,93.444,-36.1,4.963,5228.1,no
29,technician,married,university.degree,no,no,no,cellular,aug,tue,391,3,999,0,nonexistent,1.4,93.444,-36.1,4.963,5228.1,no
46,blue-collar,married,basic.6y,unknown,yes,no,cellular,aug,tue,143,1,999,0,nonexistent,1.4,93.444,-36.1,4.963,5228.1,no
46,blue-collar,married,basic.6y,unknown,no,yes,cellular,aug,tue,166,1,999,0,nonexistent,1.4,93.444,-36.1,4.963,5228.1,no
33,technician,married,professional.course,no,yes,no,cellular,aug,tue,276,1,999,0,nonexistent,1.4,93.444,-36.1,4.963,5228.1,no
40,admin.,married,university.degree,unknown,no,no,cellular,aug,tue,73,1,999,0,nonexistent,1.4,93.444,-36.1,4.963,5228.1,no
30,technician,single,professional.course,no,no,no,cellular,aug,tue,129,2,999,0,nonexistent,1.4,93.444,-36.1,4.963,5228.1,no
33,admin.,single,high.school,no,yes,no,cellular,aug,tue,167,1,999,0,nonexistent,1.4,93.444,-36.1,4.963,5228.1,no
59,admin.,married,basic.4y,unknown,yes,no,cellular,aug,tue,306,1,999,0,nonexistent,1.4,93.444,-36.1,4.963,5228.1,no
45,technician,single,university.degree,unknown,no,no,cellular,aug,tue,117,4,999,0,nonexistent,1.4,93.444,-36.1,4.963,5228.1,no
33,technician,divorced,high.school,no,yes,yes,cellular,aug,tue,194,1,999,0,nonexistent,1.4,93.444,-36.1,4.963,5228.1,no
36,technician,married,university.degree,no,yes,no,cellular,aug,tue,156,2,999,0,nonexistent,1.4,93.444,-36.1,4.963,5228.1,no
50,technician,married,high.school,unknown,no,no,cellular,aug,tue,679,1,999,0,nonexistent,1.4,93.444,-36.1,4.963,5228.1,no
37,technician,married,high.school,no,no,no,cellular,aug,tue,190,1,999,0,nonexistent,1.4,93.444,-36.1,4.963,5228.1,no
58,technician,divorced,professional.course,unknown,yes,no,cellular,aug,tue,109,3,999,0,nonexistent,1.4,93.444,-36.1,4.963,5228.1,no
33,technician,married,professional.course,no,yes,no,cellular,aug,tue,409,1,999,0,nonexistent,1.4,93.444,-36.1,4.963,5228.1,no
30,self-employed,single,university.degree,no,yes,no,cellular,aug,tue,176,2,999,0,nonexistent,1.4,93.444,-36.1,4.963,5228.1,no
47,services,married,basic.4y,no,yes,no,cellular,aug,tue,122,1,999,0,nonexistent,1.4,93.444,-36.1,4.963,5228.1,no
50,blue-collar,married,basic.4y,no,yes,no,cellular,aug,tue,406,1,999,0,nonexistent,1.4,93.444,-36.1,4.963,5228.1,no
58,self-employed,married,university.degree,no,yes,yes,cellular,aug,tue,598,4,999,0,nonexistent,1.4,93.444,-36.1,4.963,5228.1,no
31,admin.,single,university.degree,no,no,yes,cellular,aug,tue,92,2,999,0,nonexistent,1.4,93.444,-36.1,4.963,5228.1,no
30,admin.,married,university.degree,no,no,yes,cellular,aug,tue,113,3,999,0,nonexistent,1.4,93.444,-36.1,4.963,5228.1,no
31,admin.,divorced,university.degree,no,yes,no,cellular,aug,tue,90,2,999,0,nonexistent,1.4,93.444,-36.1,4.963,5228.1,no
34,technician,married,high.school,unknown,no,no,cellular,aug,tue,188,2,999,0,nonexistent,1.4,93.444,-36.1,4.963,5228.1,no
33,admin.,single,university.degree,no,yes,yes,cellular,aug,tue,275,6,999,0,nonexistent,1.4,93.444,-36.1,4.963,5228.1,no
32,admin.,single,university.degree,no,yes,no,cellular,aug,tue,96,2,999,0,nonexistent,1.4,93.444,-36.1,4.963,5228.1,no
41,admin.,married,university.degree,unknown,no,no,cellular,aug,tue,21,17,999,0,nonexistent,1.4,93.444,-36.1,4.963,5228.1,no
52,admin.,married,high.school,no,yes,no,cellular,aug,tue,163,2,999,0,nonexistent,1.4,93.444,-36.1,4.963,5228.1,no
36,admin.,married,university.degree,unknown,no,no,cellular,aug,tue,28,13,999,0,nonexistent,1.4,93.444,-36.1,4.963,5228.1,no
35,entrepreneur,divorced,professional.course,unknown,unknown,unknown,cellular,aug,tue,950,3,999,0,nonexistent,1.4,93.444,-36.1,4.963,5228.1,yes
42,admin.,divorced,university.degree,no,no,no,cellular,aug,tue,56,7,999,0,nonexistent,1.4,93.444,-36.1,4.963,5228.1,no
32,technician,single,high.school,no,yes,no,cellular,aug,tue,129,2,999,0,nonexistent,1.4,93.444,-36.1,4.963,5228.1,no
36,admin.,married,university.degree,unknown,yes,no,cellular,aug,tue,120,3,999,0,nonexistent,1.4,93.444,-36.1,4.963,5228.1,no
36,admin.,single,university.degree,no,no,yes,cellular,aug,tue,35,2,999,0,nonexistent,1.4,93.444,-36.1,4.963,5228.1,no
54,technician,married,professional.course,unknown,yes,no,cellular,aug,tue,687,2,999,0,nonexistent,1.4,93.444,-36.1,4.963,5228.1,yes
36,admin.,single,university.degree,no,yes,no,cellular,aug,tue,74,1,999,0,nonexistent,1.4,93.444,-36.1,4.963,5228.1,no
42,technician,divorced,professional.course,no,yes,no,cellular,aug,tue,94,1,999,0,nonexistent,1.4,93.444,-36.1,4.963,5228.1,no
47,admin.,married,high.school,no,yes,no,cellular,aug,tue,292,1,999,0,nonexistent,1.4,93.444,-36.1,4.963,5228.1,no
46,admin.,married,university.degree,no,yes,no,cellular,aug,tue,208,2,999,0,nonexistent,1.4,93.444,-36.1,4.963,5228.1,no
37,self-employed,single,university.degree,no,yes,no,cellular,aug,tue,121,1,999,0,nonexistent,1.4,93.444,-36.1,4.963,5228.1,no
44,unknown,married,unknown,unknown,unknown,unknown,cellular,aug,tue,163,1,999,0,nonexistent,1.4,93.444,-36.1,4.963,5228.1,no
52,admin.,married,university.degree,no,yes,no,cellular,aug,tue,469,1,999,0,nonexistent,1.4,93.444,-36.1,4.963,5228.1,no
59,blue-collar,married,basic.4y,no,yes,no,cellular,aug,tue,115,1,999,0,nonexistent,1.4,93.444,-36.1,4.963,5228.1,no
54,blue-collar,married,basic.4y,no,no,no,cellular,aug,tue,146,1,999,0,nonexistent,1.4,93.444,-36.1,4.963,5228.1,no
33,technician,married,professional.course,no,no,no,cellular,aug,tue,1241,2,999,0,nonexistent,1.4,93.444,-36.1,4.963,5228.1,no
54,blue-collar,married,basic.4y,no,no,yes,cellular,aug,tue,299,1,999,0,nonexistent,1.4,93.444,-36.1,4.963,5228.1,no
43,admin.,married,university.degree,no,no,yes,cellular,aug,tue,209,1,999,0,nonexistent,1.4,93.444,-36.1,4.963,5228.1,no
43,admin.,married,university.degree,no,no,no,cellular,aug,tue,166,1,999,0,nonexistent,1.4,93.444,-36.1,4.963,5228.1,no
58,retired,married,university.degree,unknown,no,no,cellular,aug,tue,587,1,999,0,nonexistent,1.4,93.444,-36.1,4.963,5228.1,no
29,technician,single,university.degree,no,yes,no,cellular,aug,tue,58,1,999,0,nonexistent,1.4,93.444,-36.1,4.963,5228.1,no
31,admin.,single,university.degree,no,yes,no,cellular,aug,tue,191,2,999,0,nonexistent,1.4,93.444,-36.1,4.963,5228.1,no
31,admin.,divorced,university.degree,no,no,no,cellular,aug,tue,274,2,999,0,nonexistent,1.4,93.444,-36.1,4.963,5228.1,no
48,technician,married,high.school,unknown,yes,yes,cellular,aug,tue,126,1,999,0,nonexistent,1.4,93.444,-36.1,4.963,5228.1,no
34,admin.,married,university.degree,no,yes,yes,cellular,aug,tue,80,3,999,0,nonexistent,1.4,93.444,-36.1,4.963,5228.1,no
41,technician,married,university.degree,no,yes,no,cellular,aug,tue,95,2,999,0,nonexistent,1.4,93.444,-36.1,4.963,5228.1,no
34,admin.,married,university.degree,no,no,yes,cellular,aug,tue,128,2,999,0,nonexistent,1.4,93.444,-36.1,4.963,5228.1,no
47,services,married,basic.4y,no,yes,yes,cellular,aug,tue,220,2,999,0,nonexistent,1.4,93.444,-36.1,4.963,5228.1,no
32,admin.,married,university.degree,no,yes,no,cellular,aug,tue,168,1,999,0,nonexistent,1.4,93.444,-36.1,4.963,5228.1,no
29,admin.,single,university.degree,no,no,yes,cellular,aug,tue,360,1,999,0,nonexistent,1.4,93.444,-36.1,4.963,5228.1,no
48,technician,married,professional.course,yes,no,no,cellular,aug,tue,66,1,999,0,nonexistent,1.4,93.444,-36.1,4.963,5228.1,no
36,unemployed,single,professional.course,no,yes,yes,telephone,aug,tue,69,1,999,0,nonexistent,1.4,93.444,-36.1,4.963,5228.1,no
40,admin.,married,high.school,no,no,no,cellular,aug,tue,119,1,999,0,nonexistent,1.4,93.444,-36.1,4.963,5228.1,no
59,blue-collar,married,basic.4y,no,yes,no,cellular,aug,tue,258,1,999,0,nonexistent,1.4,93.444,-36.1,4.963,5228.1,no
54,admin.,married,university.degree,unknown,no,no,cellular,aug,tue,434,1,999,0,nonexistent,1.4,93.444,-36.1,4.963,5228.1,no
40,admin.,married,high.school,no,yes,no,cellular,aug,tue,105,1,999,0,nonexistent,1.4,93.444,-36.1,4.963,5228.1,no
40,admin.,married,high.school,no,yes,yes,cellular,aug,tue,172,1,999,0,nonexistent,1.4,93.444,-36.1,4.963,5228.1,no
30,admin.,married,university.degree,no,yes,no,cellular,aug,tue,387,5,999,0,nonexistent,1.4,93.444,-36.1,4.963,5228.1,no
32,management,married,university.degree,no,yes,no,cellular,aug,tue,377,1,999,0,nonexistent,1.4,93.444,-36.1,4.963,5228.1,no
49,blue-collar,married,basic.9y,unknown,yes,no,cellular,aug,tue,60,1,999,0,nonexistent,1.4,93.444,-36.1,4.963,5228.1,no
31,unemployed,married,university.degree,no,no,no,cellular,aug,tue,91,1,999,0,nonexistent,1.4,93.444,-36.1,4.963,5228.1,no
31,unemployed,married,university.degree,no,yes,no,cellular,aug,tue,103,1,999,0,nonexistent,1.4,93.444,-36.1,4.963,5228.1,no
30,technician,married,professional.course,no,yes,no,cellular,aug,tue,111,1,999,0,nonexistent,1.4,93.444,-36.1,4.963,5228.1,no
49,unknown,married,high.school,unknown,no,yes,cellular,aug,tue,144,2,999,0,nonexistent,1.4,93.444,-36.1,4.963,5228.1,no
30,technician,married,professional.course,no,yes,no,cellular,aug,tue,205,1,999,0,nonexistent,1.4,93.444,-36.1,4.963,5228.1,no
45,blue-collar,married,basic.4y,unknown,yes,no,cellular,aug,tue,528,7,999,0,nonexistent,1.4,93.444,-36.1,4.963,5228.1,no
59,admin.,married,basic.4y,unknown,yes,yes,cellular,aug,tue,292,2,999,0,nonexistent,1.4,93.444,-36.1,4.963,5228.1,no
33,technician,married,professional.course,no,no,no,cellular,aug,tue,120,3,999,0,nonexistent,1.4,93.444,-36.1,4.963,5228.1,no
41,blue-collar,divorced,basic.9y,no,no,no,cellular,aug,tue,102,1,999,0,nonexistent,1.4,93.444,-36.1,4.963,5228.1,no
30,technician,married,high.school,no,yes,yes,cellular,aug,tue,92,1,999,0,nonexistent,1.4,93.444,-36.1,4.963,5228.1,no
30,technician,married,high.school,no,yes,no,cellular,aug,tue,124,1,999,0,nonexistent,1.4,93.444,-36.1,4.963,5228.1,no
30,technician,married,high.school,no,no,no,cellular,aug,tue,142,1,999,0,nonexistent,1.4,93.444,-36.1,4.963,5228.1,no
30,technician,married,high.school,no,no,no,cellular,aug,tue,79,1,999,0,nonexistent,1.4,93.444,-36.1,4.963,5228.1,no
33,technician,married,university.degree,unknown,yes,no,cellular,aug,tue,153,1,999,0,nonexistent,1.4,93.444,-36.1,4.963,5228.1,no
31,management,married,university.degree,no,no,no,cellular,aug,tue,551,2,999,0,nonexistent,1.4,93.444,-36.1,4.963,5228.1,no
50,blue-collar,married,basic.4y,no,yes,no,cellular,aug,tue,98,2,999,0,nonexistent,1.4,93.444,-36.1,4.963,5228.1,no
54,management,married,university.degree,unknown,no,no,cellular,aug,tue,97,1,999,0,nonexistent,1.4,93.444,-36.1,4.963,5228.1,no
36,admin.,married,university.degree,unknown,yes,no,cellular,aug,tue,181,3,999,0,nonexistent,1.4,93.444,-36.1,4.963,5228.1,no
37,technician,married,professional.course,no,no,no,cellular,aug,tue,386,1,999,0,nonexistent,1.4,93.444,-36.1,4.963,5228.1,no
31,self-employed,married,university.degree,no,no,no,cellular,aug,tue,135,5,999,0,nonexistent,1.4,93.444,-36.1,4.963,5228.1,no
31,admin.,single,university.degree,no,no,yes,cellular,aug,tue,358,1,999,0,nonexistent,1.4,93.444,-36.1,4.963,5228.1,no
54,blue-collar,married,basic.4y,no,yes,no,cellular,aug,tue,153,1,999,0,nonexistent,1.4,93.444,-36.1,4.963,5228.1,no
40,admin.,married,university.degree,no,yes,yes,cellular,aug,tue,197,1,999,0,nonexistent,1.4,93.444,-36.1,4.963,5228.1,no
36,admin.,single,university.degree,no,yes,no,cellular,aug,tue,245,1,999,0,nonexistent,1.4,93.444,-36.1,4.963,5228.1,no
36,admin.,single,university.degree,no,yes,no,cellular,aug,tue,168,1,999,0,nonexistent,1.4,93.444,-36.1,4.963,5228.1,no
31,admin.,married,university.degree,no,no,no,cellular,aug,tue,111,1,999,0,nonexistent,1.4,93.444,-36.1,4.963,5228.1,no
36,admin.,single,university.degree,no,no,no,cellular,aug,tue,288,1,999,0,nonexistent,1.4,93.444,-36.1,4.963,5228.1,no
32,admin.,single,university.degree,no,yes,yes,cellular,aug,tue,69,3,999,0,nonexistent,1.4,93.444,-36.1,4.963,5228.1,no
31,admin.,married,university.degree,no,no,yes,cellular,aug,tue,438,1,999,0,nonexistent,1.4,93.444,-36.1,4.963,5228.1,no
50,technician,married,high.school,unknown,no,no,cellular,aug,tue,280,2,999,0,nonexistent,1.4,93.444,-36.1,4.963,5228.1,no
49,admin.,married,high.school,no,no,no,cellular,aug,tue,15,13,999,0,nonexistent,1.4,93.444,-36.1,4.963,5228.1,no
31,admin.,married,university.degree,no,no,yes,cellular,aug,tue,824,1,999,0,nonexistent,1.4,93.444,-36.1,4.963,5228.1,no
32,admin.,single,university.degree,no,yes,no,cellular,aug,tue,451,4,999,0,nonexistent,1.4,93.444,-36.1,4.963,5228.1,no
30,technician,married,high.school,no,yes,no,cellular,aug,tue,385,2,999,0,nonexistent,1.4,93.444,-36.1,4.963,5228.1,no
54,technician,married,professional.course,no,no,no,cellular,aug,tue,99,1,999,0,nonexistent,1.4,93.444,-36.1,4.963,5228.1,no
35,management,married,university.degree,no,no,no,cellular,aug,tue,471,2,999,0,nonexistent,1.4,93.444,-36.1,4.963,5228.1,no
36,technician,single,university.degree,no,yes,no,cellular,aug,tue,486,2,999,0,nonexistent,1.4,93.444,-36.1,4.963,5228.1,no
39,technician,divorced,high.school,no,yes,yes,cellular,aug,tue,156,1,999,0,nonexistent,1.4,93.444,-36.1,4.963,5228.1,no
56,retired,married,basic.4y,no,no,no,cellular,aug,tue,933,2,999,0,nonexistent,1.4,93.444,-36.1,4.963,5228.1,yes
29,management,single,university.degree,no,yes,no,cellular,aug,tue,139,2,999,0,nonexistent,1.4,93.444,-36.1,4.963,5228.1,no
32,admin.,single,university.degree,no,unknown,unknown,cellular,aug,tue,40,1,999,0,nonexistent,1.4,93.444,-36.1,4.963,5228.1,no
32,technician,married,university.degree,unknown,yes,no,cellular,aug,tue,328,1,999,0,nonexistent,1.4,93.444,-36.1,4.963,5228.1,no
30,management,married,high.school,no,yes,no,cellular,aug,tue,19,12,999,0,nonexistent,1.4,93.444,-36.1,4.963,5228.1,no
29,admin.,single,university.degree,no,yes,no,cellular,aug,tue,144,3,999,0,nonexistent,1.4,93.444,-36.1,4.963,5228.1,no
45,technician,married,high.school,no,yes,no,cellular,aug,tue,42,1,999,0,nonexistent,1.4,93.444,-36.1,4.963,5228.1,no
42,technician,married,professional.course,unknown,yes,no,cellular,aug,tue,1059,3,999,0,nonexistent,1.4,93.444,-36.1,4.963,5228.1,no
41,admin.,divorced,university.degree,no,no,no,cellular,aug,tue,117,3,999,0,nonexistent,1.4,93.444,-36.1,4.963,5228.1,no
31,admin.,single,university.degree,no,yes,no,cellular,aug,tue,1032,2,999,0,nonexistent,1.4,93.444,-36.1,4.963,5228.1,yes
33,technician,single,university.degree,no,yes,no,cellular,aug,tue,80,3,999,0,nonexistent,1.4,93.444,-36.1,4.963,5228.1,no
30,admin.,married,university.degree,no,yes,yes,cellular,aug,tue,141,3,999,0,nonexistent,1.4,93.444,-36.1,4.963,5228.1,no
45,technician,married,high.school,no,yes,yes,cellular,aug,tue,474,1,999,0,nonexistent,1.4,93.444,-36.1,4.963,5228.1,no
38,unemployed,single,university.degree,no,yes,yes,cellular,aug,tue,153,6,999,0,nonexistent,1.4,93.444,-36.1,4.963,5228.1,no
35,technician,married,professional.course,no,no,no,cellular,aug,tue,98,1,999,0,nonexistent,1.4,93.444,-36.1,4.963,5228.1,no
30,technician,single,professional.course,no,no,no,cellular,aug,tue,405,3,999,0,nonexistent,1.4,93.444,-36.1,4.963,5228.1,no
35,technician,married,professional.course,no,yes,yes,cellular,aug,tue,202,1,999,0,nonexistent,1.4,93.444,-36.1,4.963,5228.1,no
44,blue-collar,married,basic.4y,no,yes,no,cellular,aug,tue,294,3,999,0,nonexistent,1.4,93.444,-36.1,4.963,5228.1,no
50,admin.,married,basic.6y,no,no,no,cellular,aug,tue,178,1,999,0,nonexistent,1.4,93.444,-36.1,4.963,5228.1,no
33,admin.,married,university.degree,unknown,no,no,cellular,aug,tue,130,1,999,0,nonexistent,1.4,93.444,-36.1,4.963,5228.1,no
50,admin.,married,basic.6y,no,yes,no,cellular,aug,tue,264,1,999,0,nonexistent,1.4,93.444,-36.1,4.963,5228.1,no
30,technician,single,university.degree,no,no,yes,cellular,aug,tue,729,4,999,0,nonexistent,1.4,93.444,-36.1,4.963,5228.1,no
43,unemployed,married,professional.course,no,no,no,telephone,aug,tue,18,12,999,0,nonexistent,1.4,93.444,-36.1,4.963,5228.1,no
44,admin.,married,basic.9y,unknown,yes,yes,cellular,aug,tue,86,5,999,0,nonexistent,1.4,93.444,-36.1,4.963,5228.1,no
48,blue-collar,married,basic.4y,no,no,no,cellular,aug,tue,155,3,999,0,nonexistent,1.4,93.444,-36.1,4.963,5228.1,no
31,services,married,university.degree,no,yes,no,cellular,aug,tue,88,1,999,0,nonexistent,1.4,93.444,-36.1,4.963,5228.1,no
32,admin.,single,university.degree,no,yes,yes,cellular,aug,tue,220,1,999,0,nonexistent,1.4,93.444,-36.1,4.963,5228.1,no
31,services,married,university.degree,no,yes,no,cellular,aug,tue,174,1,999,0,nonexistent,1.4,93.444,-36.1,4.963,5228.1,no
43,technician,married,high.school,no,yes,no,cellular,aug,tue,88,1,999,0,nonexistent,1.4,93.444,-36.1,4.963,5228.1,no
32,technician,single,university.degree,no,yes,no,cellular,aug,tue,178,4,999,0,nonexistent,1.4,93.444,-36.1,4.963,5228.1,no
47,blue-collar,married,basic.6y,no,yes,no,cellular,aug,tue,373,1,999,0,nonexistent,1.4,93.444,-36.1,4.963,5228.1,no
35,technician,married,professional.course,no,no,no,cellular,aug,tue,211,2,999,0,nonexistent,1.4,93.444,-36.1,4.963,5228.1,no
33,admin.,married,high.school,unknown,yes,no,cellular,aug,tue,68,1,999,0,nonexistent,1.4,93.444,-36.1,4.963,5228.1,no
56,blue-collar,married,basic.4y,no,no,no,cellular,aug,tue,44,1,999,0,nonexistent,1.4,93.444,-36.1,4.963,5228.1,no
34,admin.,single,university.degree,unknown,no,yes,cellular,aug,tue,285,3,999,0,nonexistent,1.4,93.444,-36.1,4.963,5228.1,no
30,technician,single,professional.course,no,yes,no,cellular,aug,tue,171,6,999,0,nonexistent,1.4,93.444,-36.1,4.963,5228.1,no
29,admin.,single,university.degree,unknown,yes,no,cellular,aug,tue,158,5,999,0,nonexistent,1.4,93.444,-36.1,4.963,5228.1,no
33,admin.,divorced,high.school,no,no,no,cellular,aug,tue,271,3,999,0,nonexistent,1.4,93.444,-36.1,4.963,5228.1,no
30,technician,single,university.degree,unknown,no,no,cellular,aug,tue,61,5,999,0,nonexistent,1.4,93.444,-36.1,4.963,5228.1,no
35,technician,married,professional.course,no,yes,no,cellular,aug,tue,105,2,999,0,nonexistent,1.4,93.444,-36.1,4.963,5228.1,no
33,admin.,married,university.degree,no,yes,no,cellular,aug,tue,118,3,999,0,nonexistent,1.4,93.444,-36.1,4.963,5228.1,no
55,services,married,high.school,no,yes,no,cellular,aug,tue,392,3,999,0,nonexistent,1.4,93.444,-36.1,4.963,5228.1,no
33,admin.,single,university.degree,unknown,unknown,unknown,cellular,aug,tue,313,3,999,0,nonexistent,1.4,93.444,-36.1,4.963,5228.1,no
29,technician,single,university.degree,no,yes,no,cellular,aug,tue,82,3,999,0,nonexistent,1.4,93.444,-36.1,4.963,5228.1,no
32,technician,single,high.school,no,yes,no,cellular,aug,tue,78,3,999,0,nonexistent,1.4,93.444,-36.1,4.963,5228.1,no
52,unemployed,married,basic.4y,no,no,no,cellular,aug,tue,121,3,999,0,nonexistent,1.4,93.444,-36.1,4.963,5228.1,no
30,admin.,single,professional.course,no,no,no,cellular,aug,tue,97,7,999,0,nonexistent,1.4,93.444,-36.1,4.963,5228.1,no
55,retired,married,high.school,unknown,yes,yes,cellular,aug,tue,37,5,999,0,nonexistent,1.4,93.444,-36.1,4.963,5228.1,no
32,admin.,single,university.degree,no,yes,yes,cellular,aug,tue,221,8,999,0,nonexistent,1.4,93.444,-36.1,4.963,5228.1,no
40,admin.,divorced,university.degree,unknown,no,no,telephone,aug,tue,105,5,999,0,nonexistent,1.4,93.444,-36.1,4.963,5228.1,no
52,blue-collar,married,basic.9y,no,no,no,cellular,aug,tue,329,3,999,0,nonexistent,1.4,93.444,-36.1,4.963,5228.1,no
53,self-employed,married,basic.4y,no,no,no,cellular,aug,tue,268,11,999,0,nonexistent,1.4,93.444,-36.1,4.963,5228.1,no
32,technician,married,high.school,no,yes,no,cellular,aug,tue,160,3,999,0,nonexistent,1.4,93.444,-36.1,4.963,5228.1,no
60,retired,married,basic.4y,unknown,no,no,cellular,aug,tue,332,3,999,0,nonexistent,1.4,93.444,-36.1,4.963,5228.1,no
46,services,married,high.school,unknown,no,no,cellular,aug,tue,205,5,999,0,nonexistent,1.4,93.444,-36.1,4.963,5228.1,no
46,blue-collar,married,basic.6y,unknown,yes,no,cellular,aug,tue,398,3,999,0,nonexistent,1.4,93.444,-36.1,4.963,5228.1,no
32,technician,married,high.school,no,yes,no,cellular,aug,tue,599,3,999,0,nonexistent,1.4,93.444,-36.1,4.963,5228.1,no
41,technician,single,professional.course,unknown,no,yes,cellular,aug,tue,102,3,999,0,nonexistent,1.4,93.444,-36.1,4.963,5228.1,no
31,admin.,single,high.school,unknown,yes,no,cellular,aug,tue,82,3,999,0,nonexistent,1.4,93.444,-36.1,4.963,5228.1,no
31,technician,single,university.degree,no,yes,no,cellular,aug,tue,290,9,999,0,nonexistent,1.4,93.444,-36.1,4.963,5228.1,yes
56,retired,married,high.school,no,yes,no,cellular,aug,tue,109,3,999,0,nonexistent,1.4,93.444,-36.1,4.963,5228.1,no
33,admin.,single,university.degree,no,yes,yes,cellular,aug,tue,238,4,999,0,nonexistent,1.4,93.444,-36.1,4.963,5228.1,no
37,services,married,high.school,no,no,no,cellular,aug,tue,249,3,999,0,nonexistent,1.4,93.444,-36.1,4.963,5228.1,no
36,technician,single,high.school,no,yes,yes,cellular,aug,tue,629,7,999,0,nonexistent,1.4,93.444,-36.1,4.963,5228.1,no
29,technician,single,university.degree,unknown,no,yes,cellular,aug,tue,137,2,999,0,nonexistent,1.4,93.444,-36.1,4.963,5228.1,no
52,admin.,married,high.school,no,yes,no,cellular,aug,tue,231,4,999,0,nonexistent,1.4,93.444,-36.1,4.963,5228.1,no
34,admin.,single,university.degree,no,no,no,cellular,aug,tue,119,6,999,0,nonexistent,1.4,93.444,-36.1,4.963,5228.1,no
47,blue-collar,married,basic.6y,no,yes,no,cellular,aug,tue,308,2,999,0,nonexistent,1.4,93.444,-36.1,4.963,5228.1,no
31,admin.,married,university.degree,unknown,no,no,cellular,aug,tue,609,4,999,0,nonexistent,1.4,93.444,-36.1,4.963,5228.1,no
56,blue-collar,married,basic.4y,unknown,yes,no,cellular,aug,tue,147,3,999,0,nonexistent,1.4,93.444,-36.1,4.963,5228.1,no
43,management,married,university.degree,no,no,no,cellular,aug,tue,123,3,999,0,nonexistent,1.4,93.444,-36.1,4.963,5228.1,no
41,technician,single,professional.course,unknown,yes,no,cellular,aug,tue,57,5,999,0,nonexistent,1.4,93.444,-36.1,4.963,5228.1,no
39,admin.,divorced,university.degree,no,no,no,cellular,aug,tue,199,4,999,0,nonexistent,1.4,93.444,-36.1,4.963,5228.1,no
30,admin.,single,university.degree,no,yes,no,cellular,aug,tue,386,3,999,0,nonexistent,1.4,93.444,-36.1,4.963,5228.1,no
29,admin.,single,university.degree,no,yes,no,cellular,aug,tue,112,5,999,0,nonexistent,1.4,93.444,-36.1,4.963,5228.1,no
45,technician,divorced,professional.course,no,no,no,cellular,aug,tue,706,3,999,0,nonexistent,1.4,93.444,-36.1,4.963,5228.1,no
52,admin.,divorced,unknown,no,no,no,cellular,aug,tue,228,5,999,0,nonexistent,1.4,93.444,-36.1,4.963,5228.1,no
40,technician,divorced,university.degree,no,no,no,cellular,aug,tue,207,3,999,0,nonexistent,1.4,93.444,-36.1,4.963,5228.1,no
32,admin.,married,university.degree,no,unknown,unknown,cellular,aug,tue,347,2,999,0,nonexistent,1.4,93.444,-36.1,4.963,5228.1,no
36,technician,married,university.degree,no,yes,no,cellular,aug,tue,85,4,999,0,nonexistent,1.4,93.444,-36.1,4.963,5228.1,no
55,housemaid,married,basic.4y,no,yes,no,cellular,aug,tue,117,3,999,0,nonexistent,1.4,93.444,-36.1,4.963,5228.1,no
31,technician,single,university.degree,no,no,yes,cellular,aug,tue,60,6,999,0,nonexistent,1.4,93.444,-36.1,4.963,5228.1,no
30,technician,single,professional.course,no,yes,yes,cellular,aug,tue,207,5,999,0,nonexistent,1.4,93.444,-36.1,4.963,5228.1,no
57,services,married,high.school,no,no,no,cellular,aug,tue,187,3,999,0,nonexistent,1.4,93.444,-36.1,4.963,5228.1,no
58,blue-collar,married,basic.6y,no,yes,no,cellular,aug,tue,166,3,999,0,nonexistent,1.4,93.444,-36.1,4.963,5228.1,no
33,admin.,single,university.degree,unknown,no,no,cellular,aug,tue,54,3,999,0,nonexistent,1.4,93.444,-36.1,4.963,5228.1,no
29,services,married,professional.course,no,no,no,cellular,aug,tue,836,3,999,0,nonexistent,1.4,93.444,-36.1,4.963,5228.1,yes
31,services,divorced,high.school,no,yes,yes,cellular,aug,tue,242,3,999,0,nonexistent,1.4,93.444,-36.1,4.963,5228.1,no
38,technician,married,university.degree,no,yes,yes,cellular,aug,tue,235,5,999,0,nonexistent,1.4,93.444,-36.1,4.963,5228.1,no
45,blue-collar,married,basic.6y,unknown,yes,no,cellular,aug,tue,561,2,999,0,nonexistent,1.4,93.444,-36.1,4.963,5228.1,no
48,blue-collar,married,basic.9y,no,yes,yes,cellular,aug,tue,303,3,999,0,nonexistent,1.4,93.444,-36.1,4.963,5228.1,no
43,management,married,university.degree,no,yes,no,cellular,aug,tue,343,7,999,0,nonexistent,1.4,93.444,-36.1,4.963,5228.1,no
31,services,married,university.degree,no,yes,no,cellular,aug,tue,159,2,999,0,nonexistent,1.4,93.444,-36.1,4.963,5228.1,no
60,retired,married,basic.4y,unknown,yes,yes,cellular,aug,tue,595,8,999,0,nonexistent,1.4,93.444,-36.1,4.963,5228.1,no
40,admin.,divorced,university.degree,unknown,yes,no,cellular,aug,tue,1200,2,999,0,nonexistent,1.4,93.444,-36.1,4.963,5228.1,no
32,technician,married,university.degree,unknown,yes,no,cellular,aug,tue,695,3,999,0,nonexistent,1.4,93.444,-36.1,4.963,5228.1,no
40,admin.,divorced,university.degree,unknown,yes,no,cellular,aug,tue,100,11,999,0,nonexistent,1.4,93.444,-36.1,4.963,5228.1,no
58,admin.,married,university.degree,unknown,yes,yes,cellular,aug,tue,103,4,999,0,nonexistent,1.4,93.444,-36.1,4.963,5228.1,no
51,blue-collar,married,basic.4y,no,unknown,unknown,telephone,aug,tue,480,1,999,0,nonexistent,1.4,93.444,-36.1,4.963,5228.1,yes
32,admin.,divorced,university.degree,no,yes,no,cellular,aug,wed,46,4,999,0,nonexistent,1.4,93.444,-36.1,4.9639999999999995,5228.1,no
35,admin.,divorced,university.degree,no,yes,no,cellular,aug,wed,108,4,999,0,nonexistent,1.4,93.444,-36.1,4.9639999999999995,5228.1,no
38,admin.,single,university.degree,unknown,yes,yes,cellular,aug,wed,131,5,999,0,nonexistent,1.4,93.444,-36.1,4.9639999999999995,5228.1,no
30,technician,single,professional.course,no,yes,no,cellular,aug,wed,129,3,999,0,nonexistent,1.4,93.444,-36.1,4.9639999999999995,5228.1,no
48,blue-collar,married,basic.9y,no,yes,no,cellular,aug,wed,118,3,999,0,nonexistent,1.4,93.444,-36.1,4.9639999999999995,5228.1,no
42,technician,divorced,high.school,no,no,no,cellular,aug,wed,113,3,999,0,nonexistent,1.4,93.444,-36.1,4.9639999999999995,5228.1,no
38,technician,married,professional.course,unknown,yes,yes,cellular,aug,wed,83,4,999,0,nonexistent,1.4,93.444,-36.1,4.9639999999999995,5228.1,no
31,admin.,married,university.degree,unknown,no,no,cellular,aug,wed,150,5,999,0,nonexistent,1.4,93.444,-36.1,4.9639999999999995,5228.1,no
31,admin.,single,university.degree,no,no,no,cellular,aug,wed,582,4,999,0,nonexistent,1.4,93.444,-36.1,4.9639999999999995,5228.1,no
55,retired,married,basic.9y,unknown,yes,yes,cellular,aug,wed,117,3,999,0,nonexistent,1.4,93.444,-36.1,4.9639999999999995,5228.1,no
29,technician,single,high.school,unknown,yes,no,cellular,aug,wed,143,3,999,0,nonexistent,1.4,93.444,-36.1,4.9639999999999995,5228.1,no
59,admin.,married,university.degree,no,yes,no,cellular,aug,wed,264,3,999,0,nonexistent,1.4,93.444,-36.1,4.9639999999999995,5228.1,no
29,admin.,married,university.degree,no,yes,no,cellular,aug,wed,216,1,999,0,nonexistent,1.4,93.444,-36.1,4.9639999999999995,5228.1,no
58,blue-collar,married,basic.9y,unknown,yes,no,cellular,aug,wed,127,1,999,0,nonexistent,1.4,93.444,-36.1,4.9639999999999995,5228.1,no
33,admin.,single,university.degree,no,no,no,cellular,aug,wed,43,1,999,0,nonexistent,1.4,93.444,-36.1,4.9639999999999995,5228.1,no
33,admin.,single,university.degree,no,no,no,cellular,aug,wed,154,1,999,0,nonexistent,1.4,93.444,-36.1,4.9639999999999995,5228.1,no
39,management,divorced,university.degree,no,no,no,cellular,aug,wed,649,1,999,0,nonexistent,1.4,93.444,-36.1,4.9639999999999995,5228.1,yes
33,admin.,single,university.degree,no,no,yes,cellular,aug,wed,155,1,999,0,nonexistent,1.4,93.444,-36.1,4.9639999999999995,5228.1,no
37,technician,married,professional.course,no,yes,no,cellular,aug,wed,72,1,999,0,nonexistent,1.4,93.444,-36.1,4.9639999999999995,5228.1,no
33,admin.,single,university.degree,no,no,no,cellular,aug,wed,162,1,999,0,nonexistent,1.4,93.444,-36.1,4.9639999999999995,5228.1,no
48,blue-collar,married,basic.4y,unknown,yes,no,cellular,aug,wed,89,1,999,0,nonexistent,1.4,93.444,-36.1,4.9639999999999995,5228.1,no
33,admin.,married,university.degree,no,yes,no,cellular,aug,wed,81,3,999,0,nonexistent,1.4,93.444,-36.1,4.9639999999999995,5228.1,no
53,management,married,university.degree,no,no,no,cellular,aug,wed,50,2,999,0,nonexistent,1.4,93.444,-36.1,4.9639999999999995,5228.1,no
33,technician,married,university.degree,no,yes,no,cellular,aug,wed,86,1,999,0,nonexistent,1.4,93.444,-36.1,4.9639999999999995,5228.1,no
51,retired,married,university.degree,no,no,no,cellular,aug,wed,142,1,999,0,nonexistent,1.4,93.444,-36.1,4.9639999999999995,5228.1,no
49,admin.,married,university.degree,no,no,no,cellular,aug,wed,64,1,999,0,nonexistent,1.4,93.444,-36.1,4.9639999999999995,5228.1,no
46,admin.,single,university.degree,no,no,no,cellular,aug,wed,377,2,999,0,nonexistent,1.4,93.444,-36.1,4.9639999999999995,5228.1,no
32,housemaid,married,university.degree,no,yes,yes,cellular,aug,wed,73,1,999,0,nonexistent,1.4,93.444,-36.1,4.9639999999999995,5228.1,no
32,services,married,high.school,no,no,no,cellular,aug,wed,55,1,999,0,nonexistent,1.4,93.444,-36.1,4.9639999999999995,5228.1,no
36,technician,divorced,professional.course,no,yes,no,cellular,aug,wed,76,1,999,0,nonexistent,1.4,93.444,-36.1,4.9639999999999995,5228.1,no
31,admin.,married,university.degree,no,yes,no,cellular,aug,wed,240,1,999,0,nonexistent,1.4,93.444,-36.1,4.9639999999999995,5228.1,no
32,admin.,single,university.degree,no,no,no,cellular,aug,wed,160,1,999,0,nonexistent,1.4,93.444,-36.1,4.9639999999999995,5228.1,no
43,unemployed,married,professional.course,no,no,yes,cellular,aug,wed,120,1,999,0,nonexistent,1.4,93.444,-36.1,4.9639999999999995,5228.1,no
56,technician,married,professional.course,no,no,no,cellular,aug,wed,68,1,999,0,nonexistent,1.4,93.444,-36.1,4.9639999999999995,5228.1,no
43,management,married,university.degree,no,no,no,cellular,aug,wed,104,2,999,0,nonexistent,1.4,93.444,-36.1,4.9639999999999995,5228.1,no
49,admin.,married,university.degree,no,yes,no,cellular,aug,wed,87,1,999,0,nonexistent,1.4,93.444,-36.1,4.9639999999999995,5228.1,no
29,admin.,single,university.degree,no,no,no,cellular,aug,wed,256,2,999,0,nonexistent,1.4,93.444,-36.1,4.9639999999999995,5228.1,no
32,technician,single,university.degree,unknown,yes,no,cellular,aug,wed,322,1,999,0,nonexistent,1.4,93.444,-36.1,4.9639999999999995,5228.1,no
42,admin.,single,university.degree,unknown,no,no,cellular,aug,wed,156,1,999,0,nonexistent,1.4,93.444,-36.1,4.9639999999999995,5228.1,no
54,blue-collar,married,basic.4y,no,no,no,cellular,aug,wed,50,1,999,0,nonexistent,1.4,93.444,-36.1,4.9639999999999995,5228.1,no
32,technician,single,university.degree,no,no,no,cellular,aug,wed,132,2,999,0,nonexistent,1.4,93.444,-36.1,4.9639999999999995,5228.1,no
55,services,married,basic.4y,no,no,yes,cellular,aug,wed,64,1,999,0,nonexistent,1.4,93.444,-36.1,4.9639999999999995,5228.1,no
40,admin.,married,high.school,no,yes,yes,cellular,aug,wed,18,4,999,0,nonexistent,1.4,93.444,-36.1,4.9639999999999995,5228.1,no
42,admin.,single,university.degree,unknown,no,no,cellular,aug,wed,483,1,999,0,nonexistent,1.4,93.444,-36.1,4.9639999999999995,5228.1,no
55,services,married,basic.4y,no,yes,no,cellular,aug,wed,212,1,999,0,nonexistent,1.4,93.444,-36.1,4.9639999999999995,5228.1,no
33,admin.,single,university.degree,no,no,no,cellular,aug,wed,64,4,999,0,nonexistent,1.4,93.444,-36.1,4.9639999999999995,5228.1,no
48,blue-collar,married,basic.9y,no,no,no,cellular,aug,wed,329,3,999,0,nonexistent,1.4,93.444,-36.1,4.9639999999999995,5228.1,no
31,technician,married,university.degree,no,yes,no,cellular,aug,wed,239,1,999,0,nonexistent,1.4,93.444,-36.1,4.9639999999999995,5228.1,no
31,technician,married,professional.course,no,no,yes,cellular,aug,wed,90,1,999,0,nonexistent,1.4,93.444,-36.1,4.9639999999999995,5228.1,no
36,admin.,married,university.degree,no,yes,no,cellular,aug,wed,129,1,999,0,nonexistent,1.4,93.444,-36.1,4.9639999999999995,5228.1,no
31,admin.,single,university.degree,no,no,no,cellular,aug,wed,295,1,999,0,nonexistent,1.4,93.444,-36.1,4.9639999999999995,5228.1,no
30,technician,single,university.degree,unknown,yes,no,cellular,aug,wed,60,1,999,0,nonexistent,1.4,93.444,-36.1,4.9639999999999995,5228.1,no
42,admin.,single,high.school,no,no,no,cellular,aug,wed,127,1,999,0,nonexistent,1.4,93.444,-36.1,4.9639999999999995,5228.1,no
29,admin.,single,university.degree,no,no,no,cellular,aug,wed,391,2,999,0,nonexistent,1.4,93.444,-36.1,4.9639999999999995,5228.1,no
45,management,married,high.school,unknown,yes,no,cellular,aug,wed,228,1,999,0,nonexistent,1.4,93.444,-36.1,4.9639999999999995,5228.1,no
33,admin.,married,university.degree,no,no,no,cellular,aug,wed,88,1,999,0,nonexistent,1.4,93.444,-36.1,4.9639999999999995,5228.1,no
29,admin.,single,university.degree,no,yes,no,cellular,aug,wed,243,1,999,0,nonexistent,1.4,93.444,-36.1,4.9639999999999995,5228.1,no
42,technician,married,professional.course,no,yes,no,cellular,aug,wed,192,1,999,0,nonexistent,1.4,93.444,-36.1,4.9639999999999995,5228.1,no
30,admin.,single,university.degree,no,no,no,cellular,aug,wed,340,2,999,0,nonexistent,1.4,93.444,-36.1,4.9639999999999995,5228.1,no
45,blue-collar,married,basic.6y,no,no,no,cellular,aug,wed,921,1,999,0,nonexistent,1.4,93.444,-36.1,4.9639999999999995,5228.1,yes
36,self-employed,divorced,professional.course,no,yes,no,cellular,aug,wed,157,1,999,0,nonexistent,1.4,93.444,-36.1,4.9639999999999995,5228.1,no
40,technician,single,professional.course,no,yes,no,cellular,aug,wed,142,1,999,0,nonexistent,1.4,93.444,-36.1,4.9639999999999995,5228.1,no
40,technician,single,professional.course,no,yes,no,cellular,aug,wed,84,1,999,0,nonexistent,1.4,93.444,-36.1,4.9639999999999995,5228.1,no
40,technician,single,professional.course,no,no,no,cellular,aug,wed,113,1,999,0,nonexistent,1.4,93.444,-36.1,4.9639999999999995,5228.1,no
29,admin.,single,university.degree,no,no,no,cellular,aug,wed,53,1,999,0,nonexistent,1.4,93.444,-36.1,4.9639999999999995,5228.1,no
29,admin.,single,university.degree,no,yes,no,cellular,aug,wed,195,1,999,0,nonexistent,1.4,93.444,-36.1,4.9639999999999995,5228.1,no
36,admin.,married,university.degree,no,no,no,cellular,aug,wed,155,2,999,0,nonexistent,1.4,93.444,-36.1,4.9639999999999995,5228.1,no
29,admin.,single,university.degree,no,yes,yes,cellular,aug,wed,467,1,999,0,nonexistent,1.4,93.444,-36.1,4.9639999999999995,5228.1,yes
36,technician,married,high.school,unknown,yes,no,cellular,aug,wed,112,2,999,0,nonexistent,1.4,93.444,-36.1,4.9639999999999995,5228.1,no
56,technician,married,professional.course,unknown,yes,no,cellular,aug,wed,83,1,999,0,nonexistent,1.4,93.444,-36.1,4.9639999999999995,5228.1,no
44,entrepreneur,married,high.school,no,no,no,cellular,aug,wed,70,1,999,0,nonexistent,1.4,93.444,-36.1,4.9639999999999995,5228.1,no
36,technician,married,high.school,unknown,yes,no,cellular,aug,wed,231,1,999,0,nonexistent,1.4,93.444,-36.1,4.9639999999999995,5228.1,no
44,entrepreneur,married,high.school,no,yes,no,cellular,aug,wed,312,1,999,0,nonexistent,1.4,93.444,-36.1,4.9639999999999995,5228.1,no
42,technician,married,professional.course,no,yes,no,cellular,aug,wed,543,1,999,0,nonexistent,1.4,93.444,-36.1,4.9639999999999995,5228.1,yes
32,admin.,married,university.degree,no,yes,yes,cellular,aug,wed,152,2,999,0,nonexistent,1.4,93.444,-36.1,4.9639999999999995,5228.1,no
31,admin.,single,university.degree,no,yes,no,cellular,aug,wed,124,2,999,0,nonexistent,1.4,93.444,-36.1,4.9639999999999995,5228.1,no
46,blue-collar,married,basic.9y,no,yes,no,cellular,aug,wed,82,2,999,0,nonexistent,1.4,93.444,-36.1,4.9639999999999995,5228.1,no
31,entrepreneur,single,university.degree,no,yes,yes,cellular,aug,wed,90,3,999,0,nonexistent,1.4,93.444,-36.1,4.9639999999999995,5228.1,no
54,self-employed,married,professional.course,unknown,yes,no,cellular,aug,wed,104,1,999,0,nonexistent,1.4,93.444,-36.1,4.9639999999999995,5228.1,no
59,retired,married,basic.9y,unknown,yes,no,cellular,aug,wed,80,1,999,0,nonexistent,1.4,93.444,-36.1,4.9639999999999995,5228.1,no
37,admin.,married,university.degree,unknown,no,no,cellular,aug,wed,193,2,999,0,nonexistent,1.4,93.444,-36.1,4.9639999999999995,5228.1,no
29,technician,single,high.school,unknown,yes,no,cellular,aug,wed,158,2,999,0,nonexistent,1.4,93.444,-36.1,4.9639999999999995,5228.1,no
30,admin.,single,university.degree,no,no,no,cellular,aug,wed,97,1,999,0,nonexistent,1.4,93.444,-36.1,4.9639999999999995,5228.1,no
59,retired,married,basic.9y,no,yes,yes,cellular,aug,wed,339,1,999,0,nonexistent,1.4,93.444,-36.1,4.9639999999999995,5228.1,no
59,retired,married,basic.9y,no,no,no,cellular,aug,wed,351,1,999,0,nonexistent,1.4,93.444,-36.1,4.9639999999999995,5228.1,no
30,admin.,single,university.degree,no,yes,no,cellular,aug,wed,202,1,999,0,nonexistent,1.4,93.444,-36.1,4.9639999999999995,5228.1,no
57,housemaid,married,basic.4y,no,yes,no,cellular,aug,wed,153,1,999,0,nonexistent,1.4,93.444,-36.1,4.9639999999999995,5228.1,no
54,blue-collar,married,basic.9y,no,no,no,cellular,aug,wed,203,2,999,0,nonexistent,1.4,93.444,-36.1,4.9639999999999995,5228.1,no
56,admin.,married,university.degree,no,no,no,cellular,aug,wed,552,3,999,0,nonexistent,1.4,93.444,-36.1,4.9639999999999995,5228.1,yes
57,blue-collar,married,basic.4y,unknown,no,no,cellular,aug,wed,106,1,999,0,nonexistent,1.4,93.444,-36.1,4.9639999999999995,5228.1,no
36,technician,divorced,professional.course,no,yes,no,cellular,aug,wed,79,2,999,0,nonexistent,1.4,93.444,-36.1,4.9639999999999995,5228.1,no
33,admin.,married,university.degree,no,yes,no,cellular,aug,wed,117,2,999,0,nonexistent,1.4,93.444,-36.1,4.9639999999999995,5228.1,no
57,blue-collar,married,basic.4y,unknown,yes,no,cellular,aug,wed,89,1,999,0,nonexistent,1.4,93.444,-36.1,4.9639999999999995,5228.1,no
32,admin.,married,university.degree,no,yes,no,cellular,aug,wed,322,1,999,0,nonexistent,1.4,93.444,-36.1,4.9639999999999995,5228.1,no
31,technician,married,university.degree,no,no,no,cellular,aug,wed,60,1,999,0,nonexistent,1.4,93.444,-36.1,4.9639999999999995,5228.1,no
30,technician,single,professional.course,no,no,no,cellular,aug,wed,387,6,999,0,nonexistent,1.4,93.444,-36.1,4.9639999999999995,5228.1,no
37,admin.,single,university.degree,no,no,yes,cellular,aug,wed,162,2,999,0,nonexistent,1.4,93.444,-36.1,4.9639999999999995,5228.1,no
29,admin.,single,university.degree,no,yes,no,cellular,aug,wed,875,2,999,0,nonexistent,1.4,93.444,-36.1,4.9639999999999995,5228.1,yes
53,blue-collar,married,basic.4y,no,yes,no,cellular,aug,wed,108,2,999,0,nonexistent,1.4,93.444,-36.1,4.9639999999999995,5228.1,no
46,blue-collar,married,basic.4y,no,no,yes,cellular,aug,wed,414,8,999,0,nonexistent,1.4,93.444,-36.1,4.9639999999999995,5228.1,no
49,technician,married,university.degree,no,yes,no,cellular,aug,wed,552,2,999,0,nonexistent,1.4,93.444,-36.1,4.9639999999999995,5228.1,no
31,admin.,married,university.degree,no,no,no,cellular,aug,wed,209,1,999,0,nonexistent,1.4,93.444,-36.1,4.9639999999999995,5228.1,no
30,admin.,single,university.degree,no,no,no,cellular,aug,wed,263,1,999,0,nonexistent,1.4,93.444,-36.1,4.9639999999999995,5228.1,no
42,technician,married,professional.course,unknown,no,no,cellular,aug,wed,71,2,999,0,nonexistent,1.4,93.444,-36.1,4.9639999999999995,5228.1,no
30,admin.,single,university.degree,no,yes,no,cellular,aug,wed,105,1,999,0,nonexistent,1.4,93.444,-36.1,4.9639999999999995,5228.1,no
33,admin.,single,professional.course,no,yes,no,cellular,aug,wed,75,1,999,0,nonexistent,1.4,93.444,-36.1,4.9639999999999995,5228.1,no
48,blue-collar,married,basic.9y,no,yes,no,cellular,aug,wed,360,2,999,0,nonexistent,1.4,93.444,-36.1,4.9639999999999995,5228.1,no
30,blue-collar,single,basic.9y,no,no,no,cellular,aug,wed,219,1,999,0,nonexistent,1.4,93.444,-36.1,4.9639999999999995,5228.1,no
50,blue-collar,married,basic.4y,unknown,no,no,cellular,aug,wed,157,2,999,0,nonexistent,1.4,93.444,-36.1,4.9639999999999995,5228.1,no
32,admin.,divorced,university.degree,no,no,no,cellular,aug,wed,102,2,999,0,nonexistent,1.4,93.444,-36.1,4.9639999999999995,5228.1,no
40,technician,single,professional.course,no,no,no,cellular,aug,wed,113,2,999,0,nonexistent,1.4,93.444,-36.1,4.9639999999999995,5228.1,no
31,admin.,married,university.degree,no,no,no,cellular,aug,wed,196,1,999,0,nonexistent,1.4,93.444,-36.1,4.9639999999999995,5228.1,no
43,management,married,university.degree,no,yes,no,cellular,aug,wed,118,1,999,0,nonexistent,1.4,93.444,-36.1,4.9639999999999995,5228.1,no
31,admin.,single,university.degree,no,yes,no,cellular,aug,wed,138,2,999,0,nonexistent,1.4,93.444,-36.1,4.9639999999999995,5228.1,no
43,management,married,university.degree,no,no,no,cellular,aug,wed,204,2,999,0,nonexistent,1.4,93.444,-36.1,4.9639999999999995,5228.1,no
43,management,married,university.degree,no,yes,no,cellular,aug,wed,535,1,999,0,nonexistent,1.4,93.444,-36.1,4.9639999999999995,5228.1,no
31,technician,single,university.degree,unknown,yes,no,cellular,aug,wed,136,1,999,0,nonexistent,1.4,93.444,-36.1,4.9639999999999995,5228.1,no
44,technician,single,professional.course,no,yes,no,cellular,aug,wed,112,1,999,0,nonexistent,1.4,93.444,-36.1,4.9639999999999995,5228.1,no
53,admin.,married,university.degree,no,no,no,cellular,aug,wed,107,1,999,0,nonexistent,1.4,93.444,-36.1,4.9639999999999995,5228.1,no
44,blue-collar,married,basic.4y,unknown,yes,no,cellular,aug,wed,359,1,999,0,nonexistent,1.4,93.444,-36.1,4.9639999999999995,5228.1,no
36,technician,single,university.degree,no,yes,no,cellular,aug,wed,123,1,999,0,nonexistent,1.4,93.444,-36.1,4.9639999999999995,5228.1,no
53,admin.,married,university.degree,no,yes,yes,cellular,aug,wed,277,1,999,0,nonexistent,1.4,93.444,-36.1,4.9639999999999995,5228.1,no
45,management,married,university.degree,no,yes,no,cellular,aug,wed,88,2,999,0,nonexistent,1.4,93.444,-36.1,4.9639999999999995,5228.1,no
30,admin.,married,university.degree,no,no,no,telephone,aug,wed,588,3,999,0,nonexistent,1.4,93.444,-36.1,4.9639999999999995,5228.1,yes
60,retired,married,university.degree,no,no,no,cellular,aug,wed,332,2,999,0,nonexistent,1.4,93.444,-36.1,4.9639999999999995,5228.1,no
48,admin.,married,high.school,no,no,no,cellular,aug,wed,184,2,999,0,nonexistent,1.4,93.444,-36.1,4.9639999999999995,5228.1,no
30,admin.,single,university.degree,no,yes,no,cellular,aug,wed,237,2,999,0,nonexistent,1.4,93.444,-36.1,4.9639999999999995,5228.1,no
51,admin.,married,university.degree,no,yes,no,cellular,aug,wed,122,1,999,0,nonexistent,1.4,93.444,-36.1,4.9639999999999995,5228.1,no
32,technician,single,university.degree,no,yes,no,cellular,aug,wed,25,13,999,0,nonexistent,1.4,93.444,-36.1,4.9639999999999995,5228.1,no
57,services,divorced,high.school,unknown,no,no,cellular,aug,wed,71,1,999,0,nonexistent,1.4,93.444,-36.1,4.9639999999999995,5228.1,no
32,admin.,single,university.degree,no,no,no,cellular,aug,wed,172,1,999,0,nonexistent,1.4,93.444,-36.1,4.9639999999999995,5228.1,no
45,services,married,high.school,unknown,yes,no,cellular,aug,wed,100,2,999,0,nonexistent,1.4,93.444,-36.1,4.9639999999999995,5228.1,no
33,management,married,university.degree,no,yes,no,cellular,aug,wed,113,3,999,0,nonexistent,1.4,93.444,-36.1,4.9639999999999995,5228.1,no
50,technician,divorced,professional.course,unknown,no,no,cellular,aug,wed,119,1,999,0,nonexistent,1.4,93.444,-36.1,4.9639999999999995,5228.1,no
31,admin.,single,university.degree,unknown,yes,no,cellular,aug,wed,87,1,999,0,nonexistent,1.4,93.444,-36.1,4.9639999999999995,5228.1,no
48,technician,divorced,professional.course,unknown,yes,no,cellular,aug,wed,200,1,999,0,nonexistent,1.4,93.444,-36.1,4.9639999999999995,5228.1,no
30,technician,single,professional.course,no,yes,no,cellular,aug,wed,214,5,999,0,nonexistent,1.4,93.444,-36.1,4.9639999999999995,5228.1,no
31,unemployed,married,university.degree,no,yes,no,cellular,aug,wed,763,9,999,0,nonexistent,1.4,93.444,-36.1,4.9639999999999995,5228.1,yes
36,technician,single,university.degree,no,unknown,unknown,cellular,aug,wed,889,2,999,0,nonexistent,1.4,93.444,-36.1,4.9639999999999995,5228.1,no
29,technician,single,university.degree,no,no,no,cellular,aug,wed,95,1,999,0,nonexistent,1.4,93.444,-36.1,4.9639999999999995,5228.1,no
31,technician,married,university.degree,no,no,no,cellular,aug,wed,195,1,999,0,nonexistent,1.4,93.444,-36.1,4.9639999999999995,5228.1,no
29,technician,single,university.degree,no,no,no,cellular,aug,wed,210,1,999,0,nonexistent,1.4,93.444,-36.1,4.9639999999999995,5228.1,no
37,technician,married,professional.course,no,yes,no,cellular,aug,wed,97,2,999,0,nonexistent,1.4,93.444,-36.1,4.9639999999999995,5228.1,no
29,technician,single,professional.course,no,yes,no,cellular,aug,wed,472,1,999,0,nonexistent,1.4,93.444,-36.1,4.9639999999999995,5228.1,no
43,management,married,university.degree,no,no,no,cellular,aug,wed,157,2,999,0,nonexistent,1.4,93.444,-36.1,4.9639999999999995,5228.1,no
31,technician,married,high.school,no,yes,no,cellular,aug,wed,78,2,999,0,nonexistent,1.4,93.444,-36.1,4.9639999999999995,5228.1,no
32,technician,married,university.degree,unknown,no,no,cellular,aug,wed,212,2,999,0,nonexistent,1.4,93.444,-36.1,4.9639999999999995,5228.1,no
32,admin.,single,university.degree,no,yes,yes,cellular,aug,wed,72,2,999,0,nonexistent,1.4,93.444,-36.1,4.9639999999999995,5228.1,no
48,blue-collar,married,basic.9y,no,no,yes,cellular,aug,wed,76,2,999,0,nonexistent,1.4,93.444,-36.1,4.9639999999999995,5228.1,no
37,admin.,married,university.degree,no,yes,no,cellular,aug,wed,161,2,999,0,nonexistent,1.4,93.444,-36.1,4.9639999999999995,5228.1,no
40,technician,married,university.degree,no,yes,no,cellular,aug,wed,140,2,999,0,nonexistent,1.4,93.444,-36.1,4.9639999999999995,5228.1,no
41,admin.,divorced,university.degree,no,yes,no,cellular,aug,wed,536,5,999,0,nonexistent,1.4,93.444,-36.1,4.9639999999999995,5228.1,yes
35,technician,single,professional.course,no,yes,no,cellular,aug,wed,75,6,999,0,nonexistent,1.4,93.444,-36.1,4.9639999999999995,5228.1,no
51,technician,single,professional.course,no,no,no,cellular,aug,wed,1740,1,999,0,nonexistent,1.4,93.444,-36.1,4.9639999999999995,5228.1,no
54,admin.,married,university.degree,unknown,no,no,cellular,aug,wed,56,1,999,0,nonexistent,1.4,93.444,-36.1,4.9639999999999995,5228.1,no
36,admin.,married,university.degree,no,yes,no,cellular,aug,wed,513,2,999,0,nonexistent,1.4,93.444,-36.1,4.9639999999999995,5228.1,no
43,technician,married,professional.course,no,yes,yes,cellular,aug,wed,744,5,999,0,nonexistent,1.4,93.444,-36.1,4.9639999999999995,5228.1,no
53,admin.,married,university.degree,no,no,no,cellular,aug,wed,177,1,999,0,nonexistent,1.4,93.444,-36.1,4.9639999999999995,5228.1,no
53,admin.,married,university.degree,no,no,no,cellular,aug,wed,184,3,999,0,nonexistent,1.4,93.444,-36.1,4.9639999999999995,5228.1,no
36,technician,married,university.degree,no,no,yes,cellular,aug,wed,62,2,999,0,nonexistent,1.4,93.444,-36.1,4.9639999999999995,5228.1,no
37,technician,single,university.degree,no,yes,no,cellular,aug,wed,194,3,999,0,nonexistent,1.4,93.444,-36.1,4.9639999999999995,5228.1,no
29,technician,married,university.degree,no,yes,yes,cellular,aug,wed,94,2,999,0,nonexistent,1.4,93.444,-36.1,4.9639999999999995,5228.1,no
31,technician,married,university.degree,no,unknown,unknown,cellular,aug,wed,88,2,999,0,nonexistent,1.4,93.444,-36.1,4.9639999999999995,5228.1,no
43,management,married,university.degree,no,no,no,cellular,aug,wed,398,2,999,0,nonexistent,1.4,93.444,-36.1,4.9639999999999995,5228.1,no
33,admin.,divorced,university.degree,no,no,no,cellular,aug,wed,259,2,999,0,nonexistent,1.4,93.444,-36.1,4.9639999999999995,5228.1,no
58,admin.,divorced,professional.course,no,no,no,cellular,aug,wed,329,2,999,0,nonexistent,1.4,93.444,-36.1,4.9639999999999995,5228.1,no
59,management,married,university.degree,no,yes,no,cellular,aug,wed,239,1,999,0,nonexistent,1.4,93.444,-36.1,4.9639999999999995,5228.1,no
59,management,married,university.degree,no,no,no,cellular,aug,wed,414,1,999,0,nonexistent,1.4,93.444,-36.1,4.9639999999999995,5228.1,no
36,technician,married,professional.course,no,no,no,cellular,aug,wed,252,1,999,0,nonexistent,1.4,93.444,-36.1,4.9639999999999995,5228.1,no
36,technician,married,professional.course,no,yes,no,cellular,aug,wed,90,1,999,0,nonexistent,1.4,93.444,-36.1,4.9639999999999995,5228.1,no
41,admin.,divorced,university.degree,no,yes,no,cellular,aug,wed,116,2,999,0,nonexistent,1.4,93.444,-36.1,4.9639999999999995,5228.1,no
45,management,married,university.degree,no,yes,no,cellular,aug,wed,113,2,999,0,nonexistent,1.4,93.444,-36.1,4.9639999999999995,5228.1,no
29,admin.,single,university.degree,no,no,yes,cellular,aug,wed,447,2,999,0,nonexistent,1.4,93.444,-36.1,4.9639999999999995,5228.1,no
42,technician,married,professional.course,unknown,no,no,cellular,aug,wed,88,2,999,0,nonexistent,1.4,93.444,-36.1,4.9639999999999995,5228.1,no
34,admin.,married,university.degree,no,no,yes,cellular,aug,wed,15,11,999,0,nonexistent,1.4,93.444,-36.1,4.9639999999999995,5228.1,no
55,services,married,basic.4y,no,yes,no,cellular,aug,wed,173,2,999,0,nonexistent,1.4,93.444,-36.1,4.9639999999999995,5228.1,no
32,admin.,divorced,university.degree,no,no,yes,cellular,aug,wed,203,2,999,0,nonexistent,1.4,93.444,-36.1,4.9639999999999995,5228.1,no
34,technician,single,university.degree,no,yes,no,cellular,aug,wed,162,1,999,0,nonexistent,1.4,93.444,-36.1,4.9639999999999995,5228.1,no
34,technician,single,university.degree,no,yes,no,cellular,aug,wed,174,1,999,0,nonexistent,1.4,93.444,-36.1,4.9639999999999995,5228.1,no
41,admin.,divorced,university.degree,no,yes,no,cellular,aug,wed,188,4,999,0,nonexistent,1.4,93.444,-36.1,4.9639999999999995,5228.1,no
36,admin.,single,university.degree,no,yes,no,cellular,aug,wed,1408,3,999,0,nonexistent,1.4,93.444,-36.1,4.9639999999999995,5228.1,yes
39,technician,married,professional.course,unknown,yes,no,cellular,aug,wed,132,1,999,0,nonexistent,1.4,93.444,-36.1,4.9639999999999995,5228.1,no
52,blue-collar,married,basic.9y,no,unknown,unknown,cellular,aug,wed,70,2,999,0,nonexistent,1.4,93.444,-36.1,4.9639999999999995,5228.1,no
46,blue-collar,married,basic.4y,no,no,no,cellular,aug,wed,293,1,999,0,nonexistent,1.4,93.444,-36.1,4.9639999999999995,5228.1,no
35,technician,single,university.degree,no,yes,no,cellular,aug,wed,102,1,999,0,nonexistent,1.4,93.444,-36.1,4.9639999999999995,5228.1,no
35,technician,single,university.degree,no,no,no,cellular,aug,wed,118,1,999,0,nonexistent,1.4,93.444,-36.1,4.9639999999999995,5228.1,no
44,blue-collar,married,basic.9y,no,no,no,cellular,aug,wed,584,1,999,0,nonexistent,1.4,93.444,-36.1,4.9639999999999995,5228.1,no
29,admin.,married,university.degree,no,yes,no,cellular,aug,wed,718,1,999,0,nonexistent,1.4,93.444,-36.1,4.9639999999999995,5228.1,yes
35,technician,single,university.degree,no,no,yes,cellular,aug,wed,174,1,999,0,nonexistent,1.4,93.444,-36.1,4.9639999999999995,5228.1,no
30,technician,married,university.degree,no,no,yes,cellular,aug,wed,58,1,999,0,nonexistent,1.4,93.444,-36.1,4.9639999999999995,5228.1,no
29,technician,single,university.degree,no,no,no,cellular,aug,wed,797,2,999,0,nonexistent,1.4,93.444,-36.1,4.9639999999999995,5228.1,no
30,technician,married,university.degree,no,yes,no,cellular,aug,wed,95,1,999,0,nonexistent,1.4,93.444,-36.1,4.9639999999999995,5228.1,no
36,technician,married,professional.course,no,no,no,cellular,aug,wed,94,1,999,0,nonexistent,1.4,93.444,-36.1,4.9639999999999995,5228.1,no
29,technician,single,high.school,unknown,no,no,cellular,aug,wed,921,3,999,0,nonexistent,1.4,93.444,-36.1,4.9639999999999995,5228.1,yes
31,technician,single,university.degree,unknown,no,no,cellular,aug,wed,605,2,999,0,nonexistent,1.4,93.444,-36.1,4.9639999999999995,5228.1,no
40,admin.,divorced,university.degree,unknown,yes,no,cellular,aug,wed,111,1,999,0,nonexistent,1.4,93.444,-36.1,4.9639999999999995,5228.1,no
53,admin.,married,high.school,no,no,no,cellular,aug,wed,245,1,999,0,nonexistent,1.4,93.444,-36.1,4.9639999999999995,5228.1,no
30,technician,single,professional.course,no,no,yes,cellular,aug,wed,443,3,999,0,nonexistent,1.4,93.444,-36.1,4.9639999999999995,5228.1,no
41,technician,divorced,professional.course,no,yes,no,cellular,aug,wed,176,1,999,0,nonexistent,1.4,93.444,-36.1,4.9639999999999995,5228.1,no
32,admin.,married,university.degree,no,no,yes,cellular,aug,wed,280,1,999,0,nonexistent,1.4,93.444,-36.1,4.9639999999999995,5228.1,no
57,blue-collar,married,basic.4y,no,no,no,cellular,aug,wed,430,3,999,0,nonexistent,1.4,93.444,-36.1,4.9639999999999995,5228.1,no
31,technician,married,university.degree,unknown,no,no,cellular,aug,wed,132,2,999,0,nonexistent,1.4,93.444,-36.1,4.9639999999999995,5228.1,no
43,admin.,divorced,university.degree,no,no,yes,cellular,aug,wed,380,3,999,0,nonexistent,1.4,93.444,-36.1,4.9639999999999995,5228.1,no
32,admin.,single,university.degree,no,no,no,cellular,aug,wed,327,3,999,0,nonexistent,1.4,93.444,-36.1,4.9639999999999995,5228.1,no
37,admin.,married,university.degree,no,yes,no,cellular,aug,wed,251,3,999,0,nonexistent,1.4,93.444,-36.1,4.9639999999999995,5228.1,no
47,housemaid,divorced,basic.9y,no,yes,no,cellular,aug,wed,175,2,999,0,nonexistent,1.4,93.444,-36.1,4.9639999999999995,5228.1,no
56,retired,married,basic.4y,unknown,no,no,cellular,aug,wed,687,2,999,0,nonexistent,1.4,93.444,-36.1,4.9639999999999995,5228.1,no
47,technician,married,professional.course,no,yes,no,cellular,aug,wed,175,3,999,0,nonexistent,1.4,93.444,-36.1,4.9639999999999995,5228.1,no
32,self-employed,married,high.school,no,yes,no,cellular,aug,wed,304,3,999,0,nonexistent,1.4,93.444,-36.1,4.9639999999999995,5228.1,no
48,services,married,high.school,no,yes,no,cellular,aug,wed,132,1,999,0,nonexistent,1.4,93.444,-36.1,4.9639999999999995,5228.1,no
43,admin.,married,university.degree,no,no,yes,cellular,aug,wed,291,1,999,0,nonexistent,1.4,93.444,-36.1,4.9639999999999995,5228.1,no
35,management,married,university.degree,unknown,yes,yes,cellular,aug,wed,216,7,999,0,nonexistent,1.4,93.444,-36.1,4.9639999999999995,5228.1,no
39,housemaid,married,basic.4y,no,no,no,cellular,aug,wed,975,2,999,0,nonexistent,1.4,93.444,-36.1,4.9639999999999995,5228.1,no
32,admin.,married,university.degree,no,yes,no,cellular,aug,wed,157,3,999,0,nonexistent,1.4,93.444,-36.1,4.9639999999999995,5228.1,no
50,admin.,married,university.degree,no,no,yes,cellular,aug,wed,92,4,999,0,nonexistent,1.4,93.444,-36.1,4.9639999999999995,5228.1,no
34,technician,married,high.school,no,yes,no,cellular,aug,wed,135,3,999,0,nonexistent,1.4,93.444,-36.1,4.9639999999999995,5228.1,no
55,blue-collar,married,professional.course,no,yes,no,cellular,aug,wed,252,3,999,0,nonexistent,1.4,93.444,-36.1,4.9639999999999995,5228.1,no
31,technician,married,university.degree,unknown,no,no,cellular,aug,wed,93,3,999,0,nonexistent,1.4,93.444,-36.1,4.9639999999999995,5228.1,no
45,unemployed,married,basic.9y,no,yes,no,cellular,aug,wed,68,4,999,0,nonexistent,1.4,93.444,-36.1,4.9639999999999995,5228.1,no
54,admin.,married,university.degree,no,no,no,cellular,aug,wed,174,5,999,0,nonexistent,1.4,93.444,-36.1,4.9639999999999995,5228.1,no
45,technician,divorced,professional.course,unknown,unknown,unknown,cellular,aug,wed,170,3,999,0,nonexistent,1.4,93.444,-36.1,4.9639999999999995,5228.1,no
46,self-employed,married,university.degree,no,yes,no,cellular,aug,wed,165,3,999,0,nonexistent,1.4,93.444,-36.1,4.9639999999999995,5228.1,no
41,technician,married,professional.course,no,yes,no,cellular,aug,wed,89,4,999,0,nonexistent,1.4,93.444,-36.1,4.9639999999999995,5228.1,no
36,admin.,married,university.degree,no,yes,no,cellular,aug,wed,141,3,999,0,nonexistent,1.4,93.444,-36.1,4.9639999999999995,5228.1,no
56,retired,married,basic.4y,unknown,no,no,cellular,aug,wed,116,2,999,0,nonexistent,1.4,93.444,-36.1,4.9639999999999995,5228.1,no
29,technician,single,university.degree,no,no,no,cellular,aug,wed,896,6,999,0,nonexistent,1.4,93.444,-36.1,4.9639999999999995,5228.1,no
31,unemployed,married,university.degree,no,no,no,cellular,aug,wed,147,3,999,0,nonexistent,1.4,93.444,-36.1,4.9639999999999995,5228.1,no
35,technician,single,professional.course,no,yes,yes,cellular,aug,wed,63,4,999,0,nonexistent,1.4,93.444,-36.1,4.9639999999999995,5228.1,no
55,services,married,basic.9y,no,no,no,cellular,aug,wed,76,13,999,0,nonexistent,1.4,93.444,-36.1,4.9639999999999995,5228.1,no
31,technician,single,high.school,no,yes,yes,cellular,aug,wed,79,3,999,0,nonexistent,1.4,93.444,-36.1,4.9639999999999995,5228.1,no
51,admin.,married,university.degree,no,yes,no,cellular,aug,wed,113,3,999,0,nonexistent,1.4,93.444,-36.1,4.9639999999999995,5228.1,no
48,services,married,high.school,no,no,no,cellular,aug,wed,133,2,999,0,nonexistent,1.4,93.444,-36.1,4.9639999999999995,5228.1,no
31,technician,single,university.degree,no,no,no,cellular,aug,wed,559,3,999,0,nonexistent,1.4,93.444,-36.1,4.9639999999999995,5228.1,no
42,admin.,married,university.degree,no,no,no,cellular,aug,wed,273,6,999,0,nonexistent,1.4,93.444,-36.1,4.9639999999999995,5228.1,no
30,housemaid,married,university.degree,no,yes,no,cellular,aug,wed,83,4,999,0,nonexistent,1.4,93.444,-36.1,4.9639999999999995,5228.1,no
30,admin.,married,university.degree,no,yes,yes,cellular,aug,wed,37,3,999,0,nonexistent,1.4,93.444,-36.1,4.9639999999999995,5228.1,no
34,admin.,single,university.degree,no,yes,no,cellular,aug,wed,113,3,999,0,nonexistent,1.4,93.444,-36.1,4.9639999999999995,5228.1,no
33,admin.,married,university.degree,no,yes,no,cellular,aug,wed,50,3,999,0,nonexistent,1.4,93.444,-36.1,4.9639999999999995,5228.1,no
46,services,married,basic.9y,unknown,yes,yes,cellular,aug,wed,66,4,999,0,nonexistent,1.4,93.444,-36.1,4.9639999999999995,5228.1,no
53,admin.,divorced,university.degree,no,yes,no,cellular,aug,wed,209,4,999,0,nonexistent,1.4,93.444,-36.1,4.9639999999999995,5228.1,no
48,services,married,high.school,no,yes,no,cellular,aug,wed,703,2,999,0,nonexistent,1.4,93.444,-36.1,4.9639999999999995,5228.1,yes
30,admin.,married,university.degree,no,no,no,cellular,aug,wed,345,2,999,0,nonexistent,1.4,93.444,-36.1,4.9639999999999995,5228.1,no
52,admin.,single,university.degree,unknown,unknown,unknown,cellular,aug,wed,138,3,999,0,nonexistent,1.4,93.444,-36.1,4.9639999999999995,5228.1,no
55,services,married,unknown,unknown,yes,no,cellular,aug,wed,341,3,999,0,nonexistent,1.4,93.444,-36.1,4.9639999999999995,5228.1,no
42,admin.,married,university.degree,no,yes,no,cellular,aug,wed,78,8,999,0,nonexistent,1.4,93.444,-36.1,4.9639999999999995,5228.1,no
53,admin.,married,high.school,no,no,yes,cellular,aug,wed,210,3,999,0,nonexistent,1.4,93.444,-36.1,4.9639999999999995,5228.1,no
56,self-employed,married,basic.9y,no,yes,no,telephone,aug,wed,41,7,999,0,nonexistent,1.4,93.444,-36.1,4.9639999999999995,5228.1,no
36,admin.,married,university.degree,no,yes,no,cellular,aug,wed,134,3,999,0,nonexistent,1.4,93.444,-36.1,4.9639999999999995,5228.1,no
36,technician,single,university.degree,no,no,no,cellular,aug,wed,208,2,999,0,nonexistent,1.4,93.444,-36.1,4.9639999999999995,5228.1,no
52,technician,married,high.school,no,no,yes,cellular,aug,wed,109,3,999,0,nonexistent,1.4,93.444,-36.1,4.9639999999999995,5228.1,no
49,admin.,married,university.degree,no,no,no,cellular,aug,wed,66,3,999,0,nonexistent,1.4,93.444,-36.1,4.9639999999999995,5228.1,no
36,admin.,single,university.degree,no,no,no,cellular,aug,wed,173,3,999,0,nonexistent,1.4,93.444,-36.1,4.9639999999999995,5228.1,no
45,housemaid,married,basic.4y,no,no,no,cellular,aug,wed,188,5,999,0,nonexistent,1.4,93.444,-36.1,4.9639999999999995,5228.1,no
29,admin.,single,university.degree,no,yes,no,cellular,aug,wed,160,3,999,0,nonexistent,1.4,93.444,-36.1,4.9639999999999995,5228.1,no
31,unemployed,married,university.degree,no,no,no,cellular,aug,wed,124,3,999,0,nonexistent,1.4,93.444,-36.1,4.9639999999999995,5228.1,no
34,technician,married,high.school,no,yes,no,cellular,aug,wed,99,3,999,0,nonexistent,1.4,93.444,-36.1,4.9639999999999995,5228.1,no
44,technician,divorced,professional.course,unknown,no,no,cellular,aug,wed,196,2,999,0,nonexistent,1.4,93.444,-36.1,4.9639999999999995,5228.1,no
34,admin.,married,university.degree,no,no,no,cellular,aug,wed,126,2,999,0,nonexistent,1.4,93.444,-36.1,4.9639999999999995,5228.1,no
37,self-employed,married,professional.course,no,yes,no,cellular,aug,wed,181,3,999,0,nonexistent,1.4,93.444,-36.1,4.9639999999999995,5228.1,no
43,admin.,married,university.degree,no,yes,no,cellular,aug,wed,221,8,999,0,nonexistent,1.4,93.444,-36.1,4.9639999999999995,5228.1,no
30,housemaid,married,university.degree,no,yes,no,cellular,aug,wed,195,7,999,0,nonexistent,1.4,93.444,-36.1,4.9639999999999995,5228.1,no
46,services,married,basic.9y,unknown,yes,no,cellular,aug,wed,226,4,999,0,nonexistent,1.4,93.444,-36.1,4.9639999999999995,5228.1,no
30,technician,married,university.degree,no,yes,yes,cellular,aug,wed,678,4,999,0,nonexistent,1.4,93.444,-36.1,4.9639999999999995,5228.1,no
45,blue-collar,married,high.school,no,no,no,cellular,aug,wed,44,6,999,0,nonexistent,1.4,93.444,-36.1,4.9639999999999995,5228.1,no
30,technician,single,professional.course,unknown,yes,no,cellular,aug,wed,46,9,999,0,nonexistent,1.4,93.444,-36.1,4.9639999999999995,5228.1,no
56,retired,married,basic.4y,unknown,no,yes,cellular,aug,wed,278,4,999,0,nonexistent,1.4,93.444,-36.1,4.9639999999999995,5228.1,no
29,technician,single,professional.course,no,yes,yes,cellular,aug,wed,162,3,999,0,nonexistent,1.4,93.444,-36.1,4.9639999999999995,5228.1,no
30,technician,single,professional.course,no,yes,no,cellular,aug,wed,225,4,999,0,nonexistent,1.4,93.444,-36.1,4.9639999999999995,5228.1,no
31,admin.,single,university.degree,no,yes,no,cellular,aug,wed,77,3,999,0,nonexistent,1.4,93.444,-36.1,4.9639999999999995,5228.1,no
49,blue-collar,divorced,basic.4y,no,no,no,cellular,aug,wed,96,3,999,0,nonexistent,1.4,93.444,-36.1,4.9639999999999995,5228.1,no
58,retired,married,professional.course,no,no,no,cellular,aug,wed,135,7,999,0,nonexistent,1.4,93.444,-36.1,4.9639999999999995,5228.1,no
54,blue-collar,married,unknown,no,yes,no,cellular,aug,wed,99,3,999,0,nonexistent,1.4,93.444,-36.1,4.9639999999999995,5228.1,no
55,admin.,married,university.degree,unknown,no,no,cellular,aug,wed,96,6,999,0,nonexistent,1.4,93.444,-36.1,4.9639999999999995,5228.1,no
30,admin.,married,university.degree,no,yes,yes,cellular,aug,wed,1464,2,999,0,nonexistent,1.4,93.444,-36.1,4.9639999999999995,5228.1,no
31,technician,married,university.degree,unknown,yes,no,cellular,aug,wed,111,3,999,0,nonexistent,1.4,93.444,-36.1,4.9639999999999995,5228.1,no
31,technician,single,university.degree,no,yes,no,cellular,aug,wed,320,4,999,0,nonexistent,1.4,93.444,-36.1,4.9639999999999995,5228.1,no
31,technician,single,high.school,no,yes,no,cellular,aug,thu,92,3,999,0,nonexistent,1.4,93.444,-36.1,4.963,5228.1,no
34,technician,married,professional.course,no,yes,no,cellular,aug,thu,286,9,999,0,nonexistent,1.4,93.444,-36.1,4.963,5228.1,no
44,unknown,married,professional.course,unknown,no,yes,telephone,aug,thu,169,9,999,0,nonexistent,1.4,93.444,-36.1,4.963,5228.1,no
41,self-employed,divorced,university.degree,no,no,no,cellular,aug,thu,182,4,999,0,nonexistent,1.4,93.444,-36.1,4.963,5228.1,no
48,services,married,high.school,no,no,no,cellular,aug,thu,96,1,999,0,nonexistent,1.4,93.444,-36.1,4.963,5228.1,no
43,admin.,married,university.degree,no,yes,yes,cellular,aug,thu,398,1,999,0,nonexistent,1.4,93.444,-36.1,4.963,5228.1,no
48,services,married,high.school,no,no,no,cellular,aug,thu,163,1,999,0,nonexistent,1.4,93.444,-36.1,4.963,5228.1,no
43,admin.,married,university.degree,no,yes,yes,cellular,aug,thu,444,1,999,0,nonexistent,1.4,93.444,-36.1,4.963,5228.1,no
48,services,married,high.school,no,yes,no,cellular,aug,thu,310,1,999,0,nonexistent,1.4,93.444,-36.1,4.963,5228.1,no
55,technician,married,professional.course,no,no,yes,cellular,aug,thu,209,1,999,0,nonexistent,1.4,93.444,-36.1,4.963,5228.1,no
49,blue-collar,married,high.school,unknown,no,no,cellular,aug,thu,189,1,999,0,nonexistent,1.4,93.444,-36.1,4.963,5228.1,no
49,blue-collar,married,high.school,unknown,no,yes,cellular,aug,thu,147,1,999,0,nonexistent,1.4,93.444,-36.1,4.963,5228.1,no
49,blue-collar,married,high.school,unknown,yes,no,cellular,aug,thu,199,1,999,0,nonexistent,1.4,93.444,-36.1,4.963,5228.1,no
32,self-employed,married,high.school,no,yes,no,cellular,aug,thu,151,3,999,0,nonexistent,1.4,93.444,-36.1,4.963,5228.1,no
35,services,divorced,professional.course,no,no,yes,cellular,aug,thu,66,1,999,0,nonexistent,1.4,93.444,-36.1,4.963,5228.1,no
33,technician,married,high.school,no,yes,no,cellular,aug,thu,115,1,999,0,nonexistent,1.4,93.444,-36.1,4.963,5228.1,no
44,blue-collar,married,basic.4y,unknown,yes,no,cellular,aug,thu,63,1,999,0,nonexistent,1.4,93.444,-36.1,4.963,5228.1,no
44,blue-collar,married,basic.4y,unknown,yes,no,cellular,aug,thu,210,1,999,0,nonexistent,1.4,93.444,-36.1,4.963,5228.1,no
44,blue-collar,married,basic.4y,unknown,yes,no,cellular,aug,thu,79,1,999,0,nonexistent,1.4,93.444,-36.1,4.963,5228.1,no
44,blue-collar,married,basic.4y,unknown,no,yes,cellular,aug,thu,311,1,999,0,nonexistent,1.4,93.444,-36.1,4.963,5228.1,no
42,technician,divorced,high.school,unknown,yes,no,cellular,aug,thu,140,7,999,0,nonexistent,1.4,93.444,-36.1,4.963,5228.1,no
41,self-employed,married,basic.6y,no,no,no,cellular,aug,thu,137,1,999,0,nonexistent,1.4,93.444,-36.1,4.963,5228.1,no
35,technician,single,professional.course,no,yes,no,cellular,aug,thu,98,1,999,0,nonexistent,1.4,93.444,-36.1,4.963,5228.1,no
35,technician,single,professional.course,no,no,no,cellular,aug,thu,152,1,999,0,nonexistent,1.4,93.444,-36.1,4.963,5228.1,no
55,services,married,basic.9y,no,no,no,cellular,aug,thu,211,3,999,0,nonexistent,1.4,93.444,-36.1,4.963,5228.1,no
52,admin.,married,unknown,no,no,no,cellular,aug,thu,331,1,999,0,nonexistent,1.4,93.444,-36.1,4.963,5228.1,no
53,admin.,married,university.degree,no,yes,no,cellular,aug,thu,238,1,999,0,nonexistent,1.4,93.444,-36.1,4.963,5228.1,no
44,housemaid,married,basic.4y,no,yes,no,cellular,aug,thu,164,1,999,0,nonexistent,1.4,93.444,-36.1,4.963,5228.1,no
44,housemaid,married,basic.4y,no,yes,no,cellular,aug,thu,150,1,999,0,nonexistent,1.4,93.444,-36.1,4.963,5228.1,no
34,technician,married,professional.course,no,yes,no,cellular,aug,thu,82,4,999,0,nonexistent,1.4,93.444,-36.1,4.963,5228.1,no
33,technician,married,professional.course,no,no,no,cellular,aug,thu,396,1,999,0,nonexistent,1.4,93.444,-36.1,4.963,5228.1,no
52,technician,married,professional.course,unknown,no,no,cellular,aug,thu,351,3,999,0,nonexistent,1.4,93.444,-36.1,4.963,5228.1,no
50,self-employed,married,university.degree,no,no,no,cellular,aug,thu,273,1,999,0,nonexistent,1.4,93.444,-36.1,4.963,5228.1,no
35,technician,married,university.degree,unknown,no,no,cellular,aug,thu,246,1,999,0,nonexistent,1.4,93.444,-36.1,4.963,5228.1,no
34,admin.,married,high.school,no,yes,no,cellular,aug,thu,103,1,999,0,nonexistent,1.4,93.444,-36.1,4.963,5228.1,no
29,admin.,divorced,university.degree,no,yes,yes,cellular,aug,thu,120,1,999,0,nonexistent,1.4,93.444,-36.1,4.963,5228.1,no
38,admin.,single,university.degree,no,yes,no,cellular,aug,thu,118,2,999,0,nonexistent,1.4,93.444,-36.1,4.963,5228.1,no
30,admin.,single,university.degree,no,no,no,cellular,aug,thu,101,1,999,0,nonexistent,1.4,93.444,-36.1,4.963,5228.1,no
30,admin.,single,university.degree,no,yes,no,cellular,aug,thu,133,1,999,0,nonexistent,1.4,93.444,-36.1,4.963,5228.1,no
30,admin.,single,university.degree,no,no,no,cellular,aug,thu,180,1,999,0,nonexistent,1.4,93.444,-36.1,4.963,5228.1,no
32,technician,single,professional.course,no,yes,yes,cellular,aug,thu,84,2,999,0,nonexistent,1.4,93.444,-36.1,4.963,5228.1,no
31,admin.,single,university.degree,no,no,no,cellular,aug,thu,40,1,999,0,nonexistent,1.4,93.444,-36.1,4.963,5228.1,no
34,admin.,married,high.school,no,yes,no,cellular,aug,thu,1503,1,999,0,nonexistent,1.4,93.444,-36.1,4.963,5228.1,yes
48,admin.,married,high.school,no,yes,no,cellular,aug,thu,62,1,999,0,nonexistent,1.4,93.444,-36.1,4.963,5228.1,no
56,retired,married,professional.course,no,yes,no,cellular,aug,thu,384,4,999,0,nonexistent,1.4,93.444,-36.1,4.963,5228.1,no
46,admin.,single,university.degree,no,yes,no,cellular,aug,thu,82,1,999,0,nonexistent,1.4,93.444,-36.1,4.963,5228.1,no
29,admin.,single,university.degree,no,no,no,cellular,aug,thu,134,1,999,0,nonexistent,1.4,93.444,-36.1,4.963,5228.1,no
34,technician,married,professional.course,unknown,yes,no,cellular,aug,thu,292,1,999,0,nonexistent,1.4,93.444,-36.1,4.963,5228.1,no
37,technician,single,professional.course,no,yes,no,cellular,aug,thu,115,1,999,0,nonexistent,1.4,93.444,-36.1,4.963,5228.1,no
35,technician,single,professional.course,no,yes,no,cellular,aug,thu,234,2,999,0,nonexistent,1.4,93.444,-36.1,4.963,5228.1,no
39,technician,married,professional.course,no,no,no,cellular,aug,thu,129,1,999,0,nonexistent,1.4,93.444,-36.1,4.963,5228.1,no
48,services,married,high.school,unknown,no,no,cellular,aug,thu,135,1,999,0,nonexistent,1.4,93.444,-36.1,4.963,5228.1,no
48,services,married,high.school,unknown,yes,yes,cellular,aug,thu,101,1,999,0,nonexistent,1.4,93.444,-36.1,4.963,5228.1,no
31,admin.,single,university.degree,no,yes,no,cellular,aug,thu,126,1,999,0,nonexistent,1.4,93.444,-36.1,4.963,5228.1,no
51,management,married,university.degree,no,no,no,cellular,aug,thu,644,2,999,0,nonexistent,1.4,93.444,-36.1,4.963,5228.1,yes
42,technician,married,university.degree,no,yes,no,cellular,aug,thu,139,1,999,0,nonexistent,1.4,93.444,-36.1,4.963,5228.1,no
42,technician,married,university.degree,no,no,yes,cellular,aug,thu,168,1,999,0,nonexistent,1.4,93.444,-36.1,4.963,5228.1,no
42,technician,married,university.degree,no,yes,yes,cellular,aug,thu,111,1,999,0,nonexistent,1.4,93.444,-36.1,4.963,5228.1,no
48,services,married,high.school,unknown,no,no,cellular,aug,thu,776,1,999,0,nonexistent,1.4,93.444,-36.1,4.963,5228.1,no
29,admin.,single,university.degree,no,yes,no,cellular,aug,thu,173,1,999,0,nonexistent,1.4,93.444,-36.1,4.963,5228.1,no
54,blue-collar,married,basic.4y,unknown,no,no,cellular,aug,thu,65,6,999,0,nonexistent,1.4,93.444,-36.1,4.963,5228.1,no
50,blue-collar,married,basic.4y,no,yes,no,cellular,aug,thu,93,2,999,0,nonexistent,1.4,93.444,-36.1,4.963,5228.1,no
43,admin.,single,university.degree,no,no,no,cellular,aug,thu,153,5,999,0,nonexistent,1.4,93.444,-36.1,4.963,5228.1,no
39,housemaid,married,basic.4y,unknown,yes,no,cellular,aug,thu,223,6,999,0,nonexistent,1.4,93.444,-36.1,4.963,5228.1,no
53,services,married,high.school,no,no,no,cellular,aug,thu,62,2,999,0,nonexistent,1.4,93.444,-36.1,4.963,5228.1,no
34,housemaid,single,university.degree,no,yes,no,cellular,aug,thu,159,3,999,0,nonexistent,1.4,93.444,-36.1,4.963,5228.1,no
56,self-employed,married,basic.9y,no,unknown,unknown,cellular,aug,thu,141,1,999,0,nonexistent,1.4,93.444,-36.1,4.963,5228.1,no
30,admin.,married,university.degree,no,yes,no,cellular,aug,thu,104,1,999,0,nonexistent,1.4,93.444,-36.1,4.963,5228.1,no
30,admin.,married,university.degree,no,yes,no,cellular,aug,thu,136,1,999,0,nonexistent,1.4,93.444,-36.1,4.963,5228.1,no
34,admin.,married,university.degree,no,yes,no,cellular,aug,thu,140,1,999,0,nonexistent,1.4,93.444,-36.1,4.963,5228.1,no
56,retired,married,basic.4y,unknown,yes,no,cellular,aug,thu,119,1,999,0,nonexistent,1.4,93.444,-36.1,4.963,5228.1,no
29,admin.,single,university.degree,no,no,no,cellular,aug,thu,117,2,999,0,nonexistent,1.4,93.444,-36.1,4.963,5228.1,no
32,admin.,single,university.degree,no,yes,no,cellular,aug,thu,126,2,999,0,nonexistent,1.4,93.444,-36.1,4.963,5228.1,no
42,entrepreneur,married,university.degree,unknown,yes,yes,cellular,aug,thu,148,2,999,0,nonexistent,1.4,93.444,-36.1,4.963,5228.1,no
52,blue-collar,married,basic.4y,no,no,no,telephone,aug,thu,4199,3,999,0,nonexistent,1.4,93.444,-36.1,4.963,5228.1,yes
30,technician,single,professional.course,no,yes,no,cellular,aug,thu,76,1,999,0,nonexistent,1.4,93.444,-36.1,4.963,5228.1,no
32,technician,single,university.degree,no,yes,no,cellular,aug,thu,588,1,999,0,nonexistent,1.4,93.444,-36.1,4.963,5228.1,no
30,technician,single,professional.course,no,yes,no,cellular,aug,thu,121,1,999,0,nonexistent,1.4,93.444,-36.1,4.963,5228.1,no
30,technician,single,professional.course,no,yes,no,cellular,aug,thu,151,1,999,0,nonexistent,1.4,93.444,-36.1,4.963,5228.1,no
30,technician,married,high.school,no,no,no,cellular,aug,thu,913,2,999,0,nonexistent,1.4,93.444,-36.1,4.963,5228.1,yes
48,blue-collar,married,basic.9y,unknown,no,no,cellular,aug,thu,1111,3,999,0,nonexistent,1.4,93.444,-36.1,4.963,5228.1,no
47,services,married,basic.9y,no,unknown,unknown,cellular,aug,thu,282,2,999,0,nonexistent,1.4,93.444,-36.1,4.963,5228.1,no
30,technician,single,professional.course,no,no,no,cellular,aug,thu,656,1,999,0,nonexistent,1.4,93.444,-36.1,4.963,5228.1,no
49,services,married,basic.4y,no,yes,no,cellular,aug,thu,265,1,999,0,nonexistent,1.4,93.444,-36.1,4.963,5228.1,no
32,admin.,married,university.degree,no,no,no,cellular,aug,thu,97,1,999,0,nonexistent,1.4,93.444,-36.1,4.963,5228.1,no
51,admin.,married,university.degree,no,yes,no,cellular,aug,thu,76,1,999,0,nonexistent,1.4,93.444,-36.1,4.963,5228.1,no
54,housemaid,married,professional.course,no,yes,yes,cellular,aug,thu,243,1,999,0,nonexistent,1.4,93.444,-36.1,4.963,5228.1,no
33,housemaid,divorced,professional.course,no,yes,no,cellular,aug,thu,321,1,999,0,nonexistent,1.4,93.444,-36.1,4.963,5228.1,no
30,admin.,single,university.degree,no,yes,no,cellular,aug,thu,162,1,999,0,nonexistent,1.4,93.444,-36.1,4.963,5228.1,no
39,housemaid,married,basic.4y,no,no,no,cellular,aug,thu,183,1,999,0,nonexistent,1.4,93.444,-36.1,4.963,5228.1,no
60,self-employed,married,university.degree,no,no,no,cellular,aug,thu,124,1,999,0,nonexistent,1.4,93.444,-36.1,4.963,5228.1,no
51,admin.,married,university.degree,no,no,no,cellular,aug,thu,335,1,999,0,nonexistent,1.4,93.444,-36.1,4.963,5228.1,no
54,blue-collar,married,basic.4y,unknown,yes,no,cellular,aug,thu,169,1,999,0,nonexistent,1.4,93.444,-36.1,4.963,5228.1,no
46,self-employed,married,professional.course,no,no,no,cellular,aug,thu,90,5,999,0,nonexistent,1.4,93.444,-36.1,4.963,5228.1,no
30,admin.,single,university.degree,no,yes,no,cellular,aug,thu,244,3,999,0,nonexistent,1.4,93.444,-36.1,4.963,5228.1,no
58,retired,married,high.school,unknown,yes,no,cellular,aug,thu,194,1,999,0,nonexistent,1.4,93.444,-36.1,4.963,5228.1,no
57,blue-collar,married,basic.4y,no,no,no,cellular,aug,thu,134,9,999,0,nonexistent,1.4,93.444,-36.1,4.963,5228.1,no
49,blue-collar,married,basic.6y,no,no,no,cellular,aug,thu,139,2,999,0,nonexistent,1.4,93.444,-36.1,4.963,5228.1,no
36,admin.,married,university.degree,unknown,yes,no,cellular,aug,thu,120,1,999,0,nonexistent,1.4,93.444,-36.1,4.963,5228.1,no
29,admin.,single,university.degree,no,yes,no,cellular,aug,thu,104,1,999,0,nonexistent,1.4,93.444,-36.1,4.963,5228.1,no
54,housemaid,married,university.degree,unknown,yes,no,cellular,aug,thu,297,1,999,0,nonexistent,1.4,93.444,-36.1,4.963,5228.1,no
29,admin.,single,university.degree,no,yes,yes,cellular,aug,thu,91,1,999,0,nonexistent,1.4,93.444,-36.1,4.963,5228.1,no
47,housemaid,married,basic.9y,no,no,no,cellular,aug,thu,135,1,999,0,nonexistent,1.4,93.444,-36.1,4.963,5228.1,no
56,retired,married,basic.4y,no,no,no,cellular,aug,thu,123,1,999,0,nonexistent,1.4,93.444,-36.1,4.963,5228.1,no
44,technician,divorced,university.degree,no,yes,no,cellular,aug,thu,136,5,999,0,nonexistent,1.4,93.444,-36.1,4.963,5228.1,no
56,admin.,married,basic.9y,unknown,no,yes,cellular,aug,thu,59,3,999,0,nonexistent,1.4,93.444,-36.1,4.963,5228.1,no
31,management,married,university.degree,no,no,yes,cellular,aug,thu,166,2,999,0,nonexistent,1.4,93.444,-36.1,4.963,5228.1,no
45,technician,single,university.degree,no,no,no,cellular,aug,thu,545,3,999,0,nonexistent,1.4,93.444,-36.1,4.963,5228.1,no
51,technician,married,professional.course,unknown,no,yes,cellular,aug,thu,58,1,999,0,nonexistent,1.4,93.444,-36.1,4.963,5228.1,no
29,admin.,single,high.school,no,yes,no,cellular,aug,thu,788,3,999,0,nonexistent,1.4,93.444,-36.1,4.963,5228.1,yes
30,technician,single,high.school,no,yes,no,cellular,aug,thu,230,1,999,0,nonexistent,1.4,93.444,-36.1,4.963,5228.1,no
46,self-employed,married,university.degree,no,yes,no,cellular,aug,thu,140,3,999,0,nonexistent,1.4,93.444,-36.1,4.963,5228.1,no
42,admin.,married,university.degree,no,yes,no,cellular,aug,thu,168,2,999,0,nonexistent,1.4,93.444,-36.1,4.963,5228.1,no
33,technician,single,professional.course,no,yes,no,cellular,aug,thu,241,2,999,0,nonexistent,1.4,93.444,-36.1,4.963,5228.1,no
49,blue-collar,married,high.school,unknown,yes,no,cellular,aug,thu,238,2,999,0,nonexistent,1.4,93.444,-36.1,4.963,5228.1,no
56,self-employed,married,basic.9y,no,yes,no,cellular,aug,thu,176,7,999,0,nonexistent,1.4,93.444,-36.1,4.963,5228.1,no
56,retired,married,basic.4y,unknown,no,no,cellular,aug,thu,97,2,999,0,nonexistent,1.4,93.444,-36.1,4.963,5228.1,no
47,blue-collar,married,basic.6y,no,yes,no,cellular,aug,thu,43,2,999,0,nonexistent,1.4,93.444,-36.1,4.963,5228.1,no
29,admin.,divorced,high.school,no,yes,no,cellular,aug,thu,119,2,999,0,nonexistent,1.4,93.444,-36.1,4.963,5228.1,no
51,admin.,married,university.degree,no,yes,no,cellular,aug,thu,238,2,999,0,nonexistent,1.4,93.444,-36.1,4.963,5228.1,no
56,self-employed,married,basic.9y,no,yes,no,cellular,aug,thu,107,3,999,0,nonexistent,1.4,93.444,-36.1,4.963,5228.1,no
42,technician,divorced,high.school,unknown,yes,no,cellular,aug,thu,82,1,999,0,nonexistent,1.4,93.444,-36.1,4.963,5228.1,no
51,management,married,university.degree,no,yes,no,cellular,aug,thu,175,1,999,0,nonexistent,1.4,93.444,-36.1,4.963,5228.1,no
40,technician,married,professional.course,no,yes,no,cellular,aug,thu,156,3,999,0,nonexistent,1.4,93.444,-36.1,4.963,5228.1,no
49,admin.,unknown,university.degree,no,yes,no,cellular,aug,thu,89,1,999,0,nonexistent,1.4,93.444,-36.1,4.963,5228.1,no
31,admin.,single,university.degree,no,yes,no,cellular,aug,thu,188,5,999,0,nonexistent,1.4,93.444,-36.1,4.963,5228.1,no
34,housemaid,married,university.degree,no,no,no,cellular,aug,thu,181,2,999,0,nonexistent,1.4,93.444,-36.1,4.963,5228.1,no
45,services,married,high.school,no,yes,no,cellular,aug,thu,660,1,999,0,nonexistent,1.4,93.444,-36.1,4.963,5228.1,no
31,admin.,single,university.degree,unknown,yes,no,cellular,aug,thu,111,1,999,0,nonexistent,1.4,93.444,-36.1,4.963,5228.1,no
33,technician,married,professional.course,no,unknown,unknown,cellular,aug,thu,946,2,999,0,nonexistent,1.4,93.444,-36.1,4.963,5228.1,yes
30,admin.,married,university.degree,no,unknown,unknown,cellular,aug,thu,55,5,999,0,nonexistent,1.4,93.444,-36.1,4.963,5228.1,no
49,admin.,unknown,university.degree,no,no,no,cellular,aug,thu,1532,1,999,0,nonexistent,1.4,93.444,-36.1,4.963,5228.1,yes
29,admin.,single,university.degree,no,yes,no,cellular,aug,thu,435,1,999,0,nonexistent,1.4,93.444,-36.1,4.963,5228.1,no
44,blue-collar,married,basic.4y,unknown,yes,no,cellular,aug,thu,283,3,999,0,nonexistent,1.4,93.444,-36.1,4.963,5228.1,no
31,admin.,single,university.degree,no,yes,no,cellular,aug,thu,202,2,999,0,nonexistent,1.4,93.444,-36.1,4.963,5228.1,no
52,technician,married,professional.course,no,no,no,cellular,aug,thu,67,1,999,0,nonexistent,1.4,93.444,-36.1,4.963,5228.1,no
44,admin.,divorced,university.degree,unknown,yes,yes,cellular,aug,thu,394,1,999,0,nonexistent,1.4,93.444,-36.1,4.963,5228.1,no
45,services,married,high.school,no,no,no,cellular,aug,thu,1026,2,999,0,nonexistent,1.4,93.444,-36.1,4.963,5228.1,no
49,blue-collar,married,basic.9y,unknown,yes,no,cellular,aug,thu,114,1,999,0,nonexistent,1.4,93.444,-36.1,4.963,5228.1,no
35,technician,single,professional.course,no,yes,no,cellular,aug,thu,93,1,999,0,nonexistent,1.4,93.444,-36.1,4.963,5228.1,no
34,technician,married,professional.course,no,no,no,cellular,aug,thu,88,3,999,0,nonexistent,1.4,93.444,-36.1,4.963,5228.1,no
56,admin.,married,high.school,unknown,no,no,cellular,aug,thu,87,2,999,0,nonexistent,1.4,93.444,-36.1,4.963,5228.1,no
52,admin.,married,unknown,no,yes,no,cellular,aug,thu,140,2,999,0,nonexistent,1.4,93.444,-36.1,4.963,5228.1,no
52,housemaid,married,university.degree,no,yes,no,cellular,aug,thu,91,15,999,0,nonexistent,1.4,93.444,-36.1,4.963,5228.1,no
32,technician,married,university.degree,no,yes,no,cellular,aug,thu,719,4,999,0,nonexistent,1.4,93.444,-36.1,4.963,5228.1,no
31,unemployed,married,university.degree,no,yes,no,cellular,aug,thu,71,3,999,0,nonexistent,1.4,93.444,-36.1,4.963,5228.1,no
38,admin.,married,university.degree,no,no,no,cellular,aug,thu,177,3,999,0,nonexistent,1.4,93.444,-36.1,4.963,5228.1,no
33,admin.,single,high.school,unknown,unknown,unknown,cellular,aug,thu,381,3,999,0,nonexistent,1.4,93.444,-36.1,4.963,5228.1,no
44,admin.,divorced,university.degree,unknown,yes,no,cellular,aug,thu,191,1,999,0,nonexistent,1.4,93.444,-36.1,4.963,5228.1,no
48,blue-collar,married,basic.6y,unknown,yes,yes,cellular,aug,thu,45,3,999,0,nonexistent,1.4,93.444,-36.1,4.963,5228.1,no
35,technician,single,professional.course,no,yes,yes,cellular,aug,thu,133,1,999,0,nonexistent,1.4,93.444,-36.1,4.963,5228.1,no
30,admin.,single,university.degree,no,yes,no,cellular,aug,thu,114,1,999,0,nonexistent,1.4,93.444,-36.1,4.963,5228.1,no
50,technician,married,professional.course,no,yes,yes,cellular,aug,thu,870,2,999,0,nonexistent,1.4,93.444,-36.1,4.963,5228.1,no
31,technician,single,professional.course,no,yes,no,cellular,aug,thu,70,1,999,0,nonexistent,1.4,93.444,-36.1,4.963,5228.1,no
29,technician,single,professional.course,no,yes,no,cellular,aug,thu,87,6,999,0,nonexistent,1.4,93.444,-36.1,4.963,5228.1,no
33,housemaid,divorced,professional.course,no,no,no,cellular,aug,thu,129,2,999,0,nonexistent,1.4,93.444,-36.1,4.963,5228.1,no
31,technician,single,professional.course,no,no,no,cellular,aug,thu,511,1,999,0,nonexistent,1.4,93.444,-36.1,4.963,5228.1,no
31,technician,single,professional.course,no,no,no,cellular,aug,thu,500,1,999,0,nonexistent,1.4,93.444,-36.1,4.963,5228.1,no
48,blue-collar,married,basic.6y,no,yes,no,cellular,aug,thu,48,1,999,0,nonexistent,1.4,93.444,-36.1,4.963,5228.1,no
48,blue-collar,married,basic.6y,no,no,no,cellular,aug,thu,362,1,999,0,nonexistent,1.4,93.444,-36.1,4.963,5228.1,no
54,technician,divorced,professional.course,unknown,yes,no,cellular,aug,thu,121,1,999,0,nonexistent,1.4,93.444,-36.1,4.963,5228.1,no
45,services,married,high.school,unknown,yes,no,cellular,aug,thu,127,3,999,0,nonexistent,1.4,93.444,-36.1,4.963,5228.1,no
31,technician,divorced,university.degree,no,yes,no,cellular,aug,thu,132,1,999,0,nonexistent,1.4,93.444,-36.1,4.963,5228.1,no
31,technician,single,professional.course,unknown,yes,no,cellular,aug,thu,161,3,999,0,nonexistent,1.4,93.444,-36.1,4.963,5228.1,no
35,technician,single,university.degree,no,yes,no,cellular,aug,thu,154,5,999,0,nonexistent,1.4,93.444,-36.1,4.963,5228.1,no
30,admin.,married,university.degree,no,no,no,cellular,aug,thu,190,1,999,0,nonexistent,1.4,93.444,-36.1,4.963,5228.1,no
32,technician,married,professional.course,unknown,no,no,cellular,aug,thu,68,1,999,0,nonexistent,1.4,93.444,-36.1,4.963,5228.1,no
32,technician,married,professional.course,unknown,no,yes,cellular,aug,thu,81,1,999,0,nonexistent,1.4,93.444,-36.1,4.963,5228.1,no
47,technician,single,professional.course,no,yes,no,cellular,aug,thu,396,3,999,0,nonexistent,1.4,93.444,-36.1,4.963,5228.1,no
47,blue-collar,married,basic.4y,no,no,yes,cellular,aug,thu,274,3,999,0,nonexistent,1.4,93.444,-36.1,4.963,5228.1,no
31,technician,single,professional.course,no,yes,no,cellular,aug,thu,151,3,999,0,nonexistent,1.4,93.444,-36.1,4.963,5228.1,no
54,blue-collar,married,basic.4y,no,yes,no,cellular,aug,thu,150,3,999,0,nonexistent,1.4,93.444,-36.1,4.963,5228.1,no
32,housemaid,married,basic.4y,no,no,no,cellular,aug,thu,200,9,999,0,nonexistent,1.4,93.444,-36.1,4.963,5228.1,no
45,technician,married,professional.course,unknown,yes,no,cellular,aug,thu,360,5,999,0,nonexistent,1.4,93.444,-36.1,4.963,5228.1,no
37,technician,married,professional.course,no,yes,no,cellular,aug,thu,224,7,999,0,nonexistent,1.4,93.444,-36.1,4.963,5228.1,no
49,blue-collar,married,basic.4y,no,yes,yes,cellular,aug,thu,256,4,999,0,nonexistent,1.4,93.444,-36.1,4.963,5228.1,no
33,admin.,single,university.degree,no,yes,no,cellular,aug,thu,686,4,999,0,nonexistent,1.4,93.444,-36.1,4.963,5228.1,yes
54,admin.,divorced,university.degree,no,yes,no,cellular,aug,thu,415,2,999,0,nonexistent,1.4,93.444,-36.1,4.963,5228.1,no
48,management,married,university.degree,unknown,no,no,cellular,aug,thu,165,3,999,0,nonexistent,1.4,93.444,-36.1,4.963,5228.1,no
31,technician,single,professional.course,no,yes,no,cellular,aug,thu,301,3,999,0,nonexistent,1.4,93.444,-36.1,4.963,5228.1,no
55,blue-collar,married,basic.4y,no,no,no,cellular,aug,thu,94,13,999,0,nonexistent,1.4,93.444,-36.1,4.963,5228.1,no
55,blue-collar,married,basic.4y,unknown,yes,no,cellular,aug,thu,176,3,999,0,nonexistent,1.4,93.444,-36.1,4.963,5228.1,no
47,services,married,high.school,unknown,no,no,cellular,aug,thu,42,3,999,0,nonexistent,1.4,93.444,-36.1,4.963,5228.1,no
37,technician,married,high.school,no,no,no,cellular,aug,thu,294,3,999,0,nonexistent,1.4,93.444,-36.1,4.963,5228.1,no
55,blue-collar,married,basic.4y,no,yes,no,cellular,aug,thu,764,10,999,0,nonexistent,1.4,93.444,-36.1,4.963,5228.1,no
59,services,married,basic.4y,unknown,no,no,cellular,aug,thu,93,7,999,0,nonexistent,1.4,93.444,-36.1,4.963,5228.1,no
34,technician,married,professional.course,unknown,yes,no,cellular,aug,thu,239,3,999,0,nonexistent,1.4,93.444,-36.1,4.963,5228.1,no
55,blue-collar,married,basic.9y,unknown,unknown,unknown,cellular,aug,thu,159,2,999,0,nonexistent,1.4,93.444,-36.1,4.963,5228.1,no
31,technician,single,professional.course,no,no,no,cellular,aug,thu,231,3,999,0,nonexistent,1.4,93.444,-36.1,4.963,5228.1,no
49,blue-collar,married,basic.9y,unknown,yes,no,cellular,aug,thu,1877,3,999,0,nonexistent,1.4,93.444,-36.1,4.963,5228.1,yes
40,management,married,university.degree,no,yes,no,cellular,aug,thu,77,6,999,0,nonexistent,1.4,93.444,-36.1,4.963,5228.1,no
47,admin.,single,university.degree,no,no,no,cellular,aug,thu,310,3,999,0,nonexistent,1.4,93.444,-36.1,4.963,5228.1,no
34,technician,married,professional.course,unknown,yes,no,cellular,aug,thu,140,4,999,0,nonexistent,1.4,93.444,-36.1,4.963,5228.1,no
31,technician,divorced,university.degree,no,yes,no,cellular,aug,thu,142,2,999,0,nonexistent,1.4,93.444,-36.1,4.963,5228.1,no
29,admin.,single,university.degree,no,yes,no,cellular,aug,thu,184,3,999,0,nonexistent,1.4,93.444,-36.1,4.963,5228.1,no
48,technician,married,high.school,no,yes,no,cellular,aug,thu,102,3,999,0,nonexistent,1.4,93.444,-36.1,4.963,5228.1,no
30,technician,married,professional.course,no,yes,no,cellular,aug,thu,169,4,999,0,nonexistent,1.4,93.444,-36.1,4.963,5228.1,no
29,technician,single,professional.course,no,no,no,cellular,aug,thu,120,3,999,0,nonexistent,1.4,93.444,-36.1,4.963,5228.1,no
31,technician,single,professional.course,no,yes,no,cellular,aug,thu,126,10,999,0,nonexistent,1.4,93.444,-36.1,4.963,5228.1,no
32,self-employed,single,university.degree,no,yes,no,cellular,aug,thu,148,3,999,0,nonexistent,1.4,93.444,-36.1,4.963,5228.1,no
29,admin.,single,university.degree,no,yes,no,cellular,aug,thu,299,1,999,0,nonexistent,1.4,93.444,-36.1,4.963,5228.1,no
59,retired,married,basic.4y,unknown,yes,no,cellular,aug,thu,196,3,999,0,nonexistent,1.4,93.444,-36.1,4.963,5228.1,no
31,admin.,married,university.degree,no,yes,no,cellular,aug,thu,280,7,999,0,nonexistent,1.4,93.444,-36.1,4.963,5228.1,no
36,admin.,single,university.degree,no,no,no,cellular,aug,thu,42,1,999,0,nonexistent,1.4,93.444,-36.1,4.963,5228.1,no
36,admin.,single,university.degree,no,yes,no,cellular,aug,thu,300,1,999,0,nonexistent,1.4,93.444,-36.1,4.963,5228.1,no
32,services,married,professional.course,unknown,yes,no,cellular,aug,thu,160,7,999,0,nonexistent,1.4,93.444,-36.1,4.963,5228.1,no
55,management,married,university.degree,no,no,no,cellular,aug,thu,122,5,999,0,nonexistent,1.4,93.444,-36.1,4.963,5228.1,no
50,admin.,married,unknown,no,yes,no,cellular,aug,thu,162,1,999,0,nonexistent,1.4,93.444,-36.1,4.963,5228.1,no
36,admin.,single,university.degree,no,yes,no,cellular,aug,thu,379,1,999,0,nonexistent,1.4,93.444,-36.1,4.963,5228.1,no
53,blue-collar,married,basic.4y,no,yes,no,cellular,aug,thu,195,1,999,0,nonexistent,1.4,93.444,-36.1,4.963,5228.1,no
30,technician,divorced,high.school,no,no,no,cellular,aug,thu,494,4,999,0,nonexistent,1.4,93.444,-36.1,4.963,5228.1,no
50,admin.,divorced,university.degree,no,yes,no,cellular,aug,thu,129,3,999,0,nonexistent,1.4,93.444,-36.1,4.963,5228.1,no
41,housemaid,married,university.degree,no,yes,no,cellular,aug,thu,163,1,999,0,nonexistent,1.4,93.444,-36.1,4.963,5228.1,no
50,admin.,married,unknown,no,yes,no,cellular,aug,thu,794,1,999,0,nonexistent,1.4,93.444,-36.1,4.963,5228.1,no
41,housemaid,married,university.degree,no,yes,no,cellular,aug,thu,36,1,999,0,nonexistent,1.4,93.444,-36.1,4.963,5228.1,no
31,technician,single,professional.course,unknown,no,no,telephone,aug,thu,331,14,999,0,nonexistent,1.4,93.444,-36.1,4.963,5228.1,no
35,technician,single,professional.course,no,no,no,cellular,aug,thu,153,3,999,0,nonexistent,1.4,93.444,-36.1,4.963,5228.1,no
36,blue-collar,married,professional.course,no,yes,no,cellular,aug,thu,269,1,999,0,nonexistent,1.4,93.444,-36.1,4.963,5228.1,no
57,technician,married,university.degree,no,no,no,cellular,aug,thu,159,1,999,0,nonexistent,1.4,93.444,-36.1,4.963,5228.1,no
57,technician,married,university.degree,no,yes,no,cellular,aug,thu,202,1,999,0,nonexistent,1.4,93.444,-36.1,4.963,5228.1,no
57,retired,married,high.school,no,no,no,cellular,aug,fri,92,9,999,0,nonexistent,1.4,93.444,-36.1,4.9639999999999995,5228.1,no
31,admin.,divorced,university.degree,no,unknown,unknown,cellular,aug,fri,351,3,999,0,nonexistent,1.4,93.444,-36.1,4.9639999999999995,5228.1,no
58,retired,married,basic.4y,no,yes,no,cellular,aug,fri,239,1,999,0,nonexistent,1.4,93.444,-36.1,4.9639999999999995,5228.1,no
33,admin.,single,university.degree,no,yes,yes,cellular,aug,fri,64,1,999,0,nonexistent,1.4,93.444,-36.1,4.9639999999999995,5228.1,no
33,admin.,single,university.degree,no,no,no,cellular,aug,fri,82,1,999,0,nonexistent,1.4,93.444,-36.1,4.9639999999999995,5228.1,no
36,admin.,married,university.degree,unknown,yes,yes,cellular,aug,fri,97,1,999,0,nonexistent,1.4,93.444,-36.1,4.9639999999999995,5228.1,no
29,technician,single,professional.course,no,yes,yes,cellular,aug,fri,202,1,999,0,nonexistent,1.4,93.444,-36.1,4.9639999999999995,5228.1,no
30,technician,single,university.degree,no,yes,no,cellular,aug,fri,242,1,999,0,nonexistent,1.4,93.444,-36.1,4.9639999999999995,5228.1,no
34,technician,married,professional.course,no,yes,no,cellular,aug,fri,168,8,999,0,nonexistent,1.4,93.444,-36.1,4.9639999999999995,5228.1,no
50,blue-collar,married,basic.6y,unknown,yes,no,cellular,aug,fri,118,5,999,0,nonexistent,1.4,93.444,-36.1,4.9639999999999995,5228.1,no
30,technician,divorced,university.degree,no,yes,no,cellular,aug,fri,152,3,999,0,nonexistent,1.4,93.444,-36.1,4.9639999999999995,5228.1,no
29,admin.,single,university.degree,no,yes,yes,cellular,aug,fri,203,3,999,0,nonexistent,1.4,93.444,-36.1,4.9639999999999995,5228.1,no
35,technician,single,university.degree,no,yes,no,cellular,aug,fri,974,4,999,0,nonexistent,1.4,93.444,-36.1,4.9639999999999995,5228.1,yes
31,technician,single,professional.course,no,yes,no,cellular,aug,fri,122,4,999,0,nonexistent,1.4,93.444,-36.1,4.9639999999999995,5228.1,no
54,technician,divorced,professional.course,unknown,yes,no,cellular,aug,fri,343,4,999,0,nonexistent,1.4,93.444,-36.1,4.9639999999999995,5228.1,no
31,admin.,single,university.degree,no,yes,no,cellular,aug,fri,76,4,999,0,nonexistent,1.4,93.444,-36.1,4.9639999999999995,5228.1,no
30,technician,single,university.degree,no,yes,yes,cellular,aug,fri,142,1,999,0,nonexistent,1.4,93.444,-36.1,4.9639999999999995,5228.1,no
45,housemaid,married,unknown,unknown,yes,yes,cellular,aug,fri,93,1,999,0,nonexistent,1.4,93.444,-36.1,4.9639999999999995,5228.1,no
51,blue-collar,married,basic.4y,unknown,no,no,cellular,aug,fri,99,1,999,0,nonexistent,1.4,93.444,-36.1,4.9639999999999995,5228.1,no
51,blue-collar,married,basic.4y,unknown,yes,no,cellular,aug,fri,586,1,999,0,nonexistent,1.4,93.444,-36.1,4.9639999999999995,5228.1,no
31,technician,single,university.degree,unknown,yes,no,cellular,aug,fri,1123,2,999,0,nonexistent,1.4,93.444,-36.1,4.9639999999999995,5228.1,yes
45,blue-collar,married,illiterate,no,yes,no,cellular,aug,fri,127,1,999,0,nonexistent,1.4,93.444,-36.1,4.9639999999999995,5228.1,no
30,technician,single,university.degree,no,yes,no,cellular,aug,fri,87,2,999,0,nonexistent,1.4,93.444,-36.1,4.9639999999999995,5228.1,no
35,self-employed,married,basic.9y,no,yes,no,cellular,aug,fri,57,4,999,0,nonexistent,1.4,93.444,-36.1,4.9639999999999995,5228.1,no
47,blue-collar,married,basic.6y,no,yes,no,cellular,aug,fri,167,1,999,0,nonexistent,1.4,93.444,-36.1,4.9639999999999995,5228.1,no
32,admin.,married,university.degree,unknown,yes,no,cellular,aug,fri,138,1,999,0,nonexistent,1.4,93.444,-36.1,4.9639999999999995,5228.1,no
32,admin.,married,university.degree,unknown,yes,no,cellular,aug,fri,491,1,999,0,nonexistent,1.4,93.444,-36.1,4.9639999999999995,5228.1,no
44,admin.,married,high.school,no,yes,no,cellular,aug,fri,111,1,999,0,nonexistent,1.4,93.444,-36.1,4.9639999999999995,5228.1,no
37,self-employed,married,basic.9y,no,yes,no,cellular,aug,fri,78,1,999,0,nonexistent,1.4,93.444,-36.1,4.9639999999999995,5228.1,no
32,technician,married,high.school,unknown,no,no,cellular,aug,fri,40,1,999,0,nonexistent,1.4,93.444,-36.1,4.9639999999999995,5228.1,no
59,admin.,married,professional.course,no,yes,no,cellular,aug,fri,34,1,999,0,nonexistent,1.4,93.444,-36.1,4.9639999999999995,5228.1,no
44,services,married,basic.9y,no,yes,yes,cellular,aug,fri,83,6,999,0,nonexistent,1.4,93.444,-36.1,4.9639999999999995,5228.1,no
46,technician,married,high.school,no,yes,no,cellular,aug,fri,306,1,999,0,nonexistent,1.4,93.444,-36.1,4.9639999999999995,5228.1,no
40,admin.,single,professional.course,unknown,yes,no,cellular,aug,fri,95,1,999,0,nonexistent,1.4,93.444,-36.1,4.9639999999999995,5228.1,no
33,admin.,married,university.degree,no,no,no,cellular,aug,fri,67,1,999,0,nonexistent,1.4,93.444,-36.1,4.9639999999999995,5228.1,no
34,technician,divorced,professional.course,no,yes,no,cellular,aug,fri,644,8,999,0,nonexistent,1.4,93.444,-36.1,4.9639999999999995,5228.1,no
33,admin.,married,university.degree,no,unknown,unknown,cellular,aug,fri,57,1,999,0,nonexistent,1.4,93.444,-36.1,4.9639999999999995,5228.1,no
59,retired,married,university.degree,unknown,no,yes,cellular,aug,fri,140,4,999,0,nonexistent,1.4,93.444,-36.1,4.9639999999999995,5228.1,no
56,admin.,married,unknown,unknown,unknown,unknown,cellular,aug,fri,119,1,999,0,nonexistent,1.4,93.444,-36.1,4.9639999999999995,5228.1,no
33,admin.,married,university.degree,no,yes,no,cellular,aug,fri,576,1,999,0,nonexistent,1.4,93.444,-36.1,4.9639999999999995,5228.1,yes
33,admin.,married,university.degree,no,yes,no,cellular,aug,fri,579,1,999,0,nonexistent,1.4,93.444,-36.1,4.9639999999999995,5228.1,yes
53,technician,married,professional.course,no,no,no,cellular,aug,fri,136,1,999,0,nonexistent,1.4,93.444,-36.1,4.9639999999999995,5228.1,no
48,technician,married,professional.course,no,yes,no,cellular,aug,fri,336,8,999,0,nonexistent,1.4,93.444,-36.1,4.9639999999999995,5228.1,yes
41,self-employed,married,basic.9y,no,yes,no,cellular,aug,fri,313,4,999,0,nonexistent,1.4,93.444,-36.1,4.9639999999999995,5228.1,no
59,admin.,married,professional.course,no,yes,yes,cellular,aug,fri,1241,1,999,0,nonexistent,1.4,93.444,-36.1,4.9639999999999995,5228.1,no
46,services,married,unknown,no,yes,yes,cellular,aug,fri,147,1,999,0,nonexistent,1.4,93.444,-36.1,4.9639999999999995,5228.1,no
34,technician,divorced,professional.course,no,yes,no,cellular,aug,fri,136,4,999,0,nonexistent,1.4,93.444,-36.1,4.9639999999999995,5228.1,no
30,technician,single,professional.course,no,no,no,cellular,aug,fri,73,2,999,0,nonexistent,1.4,93.444,-36.1,4.9639999999999995,5228.1,no
38,admin.,divorced,university.degree,no,yes,no,cellular,aug,fri,119,4,999,0,nonexistent,1.4,93.444,-36.1,4.9639999999999995,5228.1,no
46,services,married,unknown,no,yes,no,cellular,aug,fri,134,1,999,0,nonexistent,1.4,93.444,-36.1,4.9639999999999995,5228.1,no
46,services,married,unknown,no,no,no,cellular,aug,fri,109,1,999,0,nonexistent,1.4,93.444,-36.1,4.9639999999999995,5228.1,no
46,services,married,unknown,no,no,no,cellular,aug,fri,739,1,999,0,nonexistent,1.4,93.444,-36.1,4.9639999999999995,5228.1,yes
29,admin.,single,university.degree,no,yes,no,cellular,aug,fri,65,1,999,0,nonexistent,1.4,93.444,-36.1,4.9639999999999995,5228.1,no
41,self-employed,married,professional.course,no,yes,no,cellular,aug,fri,326,3,999,0,nonexistent,1.4,93.444,-36.1,4.9639999999999995,5228.1,no
34,housemaid,married,unknown,no,yes,no,cellular,aug,fri,314,2,999,0,nonexistent,1.4,93.444,-36.1,4.9639999999999995,5228.1,no
39,housemaid,married,professional.course,no,yes,no,cellular,aug,fri,80,1,999,0,nonexistent,1.4,93.444,-36.1,4.9639999999999995,5228.1,no
47,admin.,married,unknown,no,no,no,cellular,aug,fri,252,1,999,0,nonexistent,1.4,93.444,-36.1,4.9639999999999995,5228.1,no
33,admin.,married,university.degree,no,unknown,unknown,cellular,aug,fri,227,1,999,0,nonexistent,1.4,93.444,-36.1,4.9639999999999995,5228.1,no
39,housemaid,married,professional.course,no,no,no,cellular,aug,fri,158,1,999,0,nonexistent,1.4,93.444,-36.1,4.9639999999999995,5228.1,no
54,admin.,divorced,university.degree,no,no,no,cellular,aug,fri,86,2,999,0,nonexistent,1.4,93.444,-36.1,4.9639999999999995,5228.1,no
29,admin.,single,university.degree,no,no,no,cellular,aug,fri,77,1,999,0,nonexistent,1.4,93.444,-36.1,4.9639999999999995,5228.1,no
51,blue-collar,married,basic.6y,no,no,no,cellular,aug,fri,393,1,999,0,nonexistent,1.4,93.444,-36.1,4.9639999999999995,5228.1,no
29,admin.,single,university.degree,no,yes,no,cellular,aug,fri,296,1,999,0,nonexistent,1.4,93.444,-36.1,4.9639999999999995,5228.1,no
45,blue-collar,married,basic.9y,no,no,yes,cellular,aug,fri,234,1,999,0,nonexistent,1.4,93.444,-36.1,4.9639999999999995,5228.1,no
30,admin.,single,high.school,no,yes,no,cellular,aug,fri,90,1,999,0,nonexistent,1.4,93.444,-36.1,4.9639999999999995,5228.1,no
34,admin.,married,university.degree,unknown,no,no,cellular,aug,fri,305,1,999,0,nonexistent,1.4,93.444,-36.1,4.9639999999999995,5228.1,no
30,admin.,single,high.school,no,no,no,cellular,aug,fri,82,1,999,0,nonexistent,1.4,93.444,-36.1,4.9639999999999995,5228.1,no
30,admin.,single,high.school,no,no,no,cellular,aug,fri,254,1,999,0,nonexistent,1.4,93.444,-36.1,4.9639999999999995,5228.1,no
29,admin.,single,university.degree,no,yes,no,cellular,aug,fri,520,1,999,0,nonexistent,1.4,93.444,-36.1,4.9639999999999995,5228.1,yes
48,services,married,basic.4y,unknown,yes,no,cellular,aug,fri,119,2,999,0,nonexistent,1.4,93.444,-36.1,4.9639999999999995,5228.1,no
48,blue-collar,married,basic.9y,no,yes,no,cellular,aug,fri,192,3,999,0,nonexistent,1.4,93.444,-36.1,4.9639999999999995,5228.1,no
47,technician,married,university.degree,unknown,no,no,cellular,aug,fri,215,1,999,0,nonexistent,1.4,93.444,-36.1,4.9639999999999995,5228.1,no
34,technician,married,high.school,no,yes,no,cellular,aug,fri,107,1,999,0,nonexistent,1.4,93.444,-36.1,4.9639999999999995,5228.1,no
49,unemployed,married,high.school,unknown,no,no,cellular,aug,fri,125,2,999,0,nonexistent,1.4,93.444,-36.1,4.9639999999999995,5228.1,no
51,blue-collar,married,basic.4y,no,no,no,cellular,aug,fri,146,2,999,0,nonexistent,1.4,93.444,-36.1,4.9639999999999995,5228.1,no
30,admin.,married,university.degree,no,no,no,cellular,aug,fri,705,2,999,0,nonexistent,1.4,93.444,-36.1,4.9639999999999995,5228.1,no
29,admin.,single,university.degree,no,yes,yes,cellular,aug,fri,33,4,999,0,nonexistent,1.4,93.444,-36.1,4.9639999999999995,5228.1,no
42,services,married,high.school,unknown,no,no,cellular,aug,fri,205,2,999,0,nonexistent,1.4,93.444,-36.1,4.9639999999999995,5228.1,no
59,retired,married,unknown,no,yes,no,cellular,aug,fri,73,1,999,0,nonexistent,1.4,93.444,-36.1,4.9639999999999995,5228.1,no
37,self-employed,married,university.degree,no,yes,no,cellular,aug,fri,177,1,999,0,nonexistent,1.4,93.444,-36.1,4.9639999999999995,5228.1,no
34,admin.,married,university.degree,no,no,yes,cellular,aug,fri,944,7,999,0,nonexistent,1.4,93.444,-36.1,4.9639999999999995,5228.1,no
37,self-employed,married,university.degree,no,yes,yes,cellular,aug,fri,139,1,999,0,nonexistent,1.4,93.444,-36.1,4.9639999999999995,5228.1,no
50,technician,married,university.degree,unknown,yes,no,cellular,aug,fri,119,1,999,0,nonexistent,1.4,93.444,-36.1,4.9639999999999995,5228.1,no
59,technician,divorced,professional.course,no,yes,no,cellular,aug,fri,492,5,999,0,nonexistent,1.4,93.444,-36.1,4.9639999999999995,5228.1,no
50,technician,married,university.degree,unknown,yes,no,cellular,aug,fri,213,1,999,0,nonexistent,1.4,93.444,-36.1,4.9639999999999995,5228.1,no
34,admin.,single,university.degree,no,yes,no,cellular,aug,fri,82,3,999,0,nonexistent,1.4,93.444,-36.1,4.9639999999999995,5228.1,no
37,management,married,high.school,no,yes,no,cellular,aug,fri,125,1,999,0,nonexistent,1.4,93.444,-36.1,4.9639999999999995,5228.1,no
56,retired,married,unknown,no,no,no,cellular,aug,fri,83,1,999,0,nonexistent,1.4,93.444,-36.1,4.9639999999999995,5228.1,no
56,retired,married,unknown,no,no,yes,cellular,aug,fri,115,1,999,0,nonexistent,1.4,93.444,-36.1,4.9639999999999995,5228.1,no
51,blue-collar,married,basic.4y,unknown,no,no,cellular,aug,fri,80,1,999,0,nonexistent,1.4,93.444,-36.1,4.9639999999999995,5228.1,no
55,blue-collar,married,basic.4y,no,no,no,cellular,aug,fri,188,3,999,0,nonexistent,1.4,93.444,-36.1,4.9639999999999995,5228.1,no
37,admin.,married,university.degree,no,no,no,cellular,aug,fri,82,1,999,0,nonexistent,1.4,93.444,-36.1,4.9639999999999995,5228.1,no
33,unemployed,married,university.degree,no,no,no,cellular,aug,fri,115,1,999,0,nonexistent,1.4,93.444,-36.1,4.9639999999999995,5228.1,no
33,unemployed,married,university.degree,no,yes,yes,cellular,aug,fri,78,1,999,0,nonexistent,1.4,93.444,-36.1,4.9639999999999995,5228.1,no
47,services,married,high.school,unknown,no,no,cellular,aug,fri,362,1,999,0,nonexistent,1.4,93.444,-36.1,4.9639999999999995,5228.1,no
47,services,married,high.school,unknown,yes,no,cellular,aug,fri,528,1,999,0,nonexistent,1.4,93.444,-36.1,4.9639999999999995,5228.1,yes
31,technician,single,professional.course,no,yes,yes,cellular,aug,fri,73,1,999,0,nonexistent,1.4,93.444,-36.1,4.9639999999999995,5228.1,no
32,admin.,single,high.school,no,yes,no,cellular,aug,fri,136,1,999,0,nonexistent,1.4,93.444,-36.1,4.9639999999999995,5228.1,no
46,blue-collar,married,basic.6y,no,yes,no,cellular,aug,fri,119,1,999,0,nonexistent,1.4,93.444,-36.1,4.9639999999999995,5228.1,no
46,blue-collar,married,basic.6y,no,yes,no,cellular,aug,fri,314,1,999,0,nonexistent,1.4,93.444,-36.1,4.9639999999999995,5228.1,no
54,blue-collar,married,unknown,unknown,yes,yes,cellular,aug,fri,150,1,999,0,nonexistent,1.4,93.444,-36.1,4.9639999999999995,5228.1,no
59,retired,married,unknown,no,yes,yes,cellular,aug,fri,79,1,999,0,nonexistent,1.4,93.444,-36.1,4.9639999999999995,5228.1,no
59,retired,married,unknown,no,no,no,cellular,aug,fri,69,1,999,0,nonexistent,1.4,93.444,-36.1,4.9639999999999995,5228.1,no
31,technician,single,professional.course,no,yes,no,cellular,aug,fri,129,3,999,0,nonexistent,1.4,93.444,-36.1,4.9639999999999995,5228.1,no
38,self-employed,married,basic.9y,unknown,no,no,cellular,aug,fri,1329,1,999,0,nonexistent,1.4,93.444,-36.1,4.9639999999999995,5228.1,yes
49,blue-collar,married,basic.6y,unknown,no,no,cellular,aug,fri,66,1,999,0,nonexistent,1.4,93.444,-36.1,4.9639999999999995,5228.1,no
30,technician,single,professional.course,no,yes,no,cellular,aug,fri,358,2,999,0,nonexistent,1.4,93.444,-36.1,4.9639999999999995,5228.1,no
29,technician,single,university.degree,no,yes,yes,cellular,aug,fri,73,9,999,0,nonexistent,1.4,93.444,-36.1,4.9639999999999995,5228.1,no
30,technician,single,university.degree,no,yes,no,cellular,aug,fri,55,3,999,0,nonexistent,1.4,93.444,-36.1,4.9639999999999995,5228.1,no
29,admin.,single,university.degree,no,yes,no,cellular,aug,fri,268,1,999,0,nonexistent,1.4,93.444,-36.1,4.9639999999999995,5228.1,no
30,admin.,single,high.school,no,no,no,cellular,aug,fri,72,1,999,0,nonexistent,1.4,93.444,-36.1,4.9639999999999995,5228.1,no
38,self-employed,married,basic.9y,unknown,yes,no,cellular,aug,fri,73,1,999,0,nonexistent,1.4,93.444,-36.1,4.9639999999999995,5228.1,no
57,technician,married,professional.course,no,yes,no,cellular,aug,fri,160,1,999,0,nonexistent,1.4,93.444,-36.1,4.9639999999999995,5228.1,no
48,blue-collar,married,basic.9y,no,yes,no,telephone,aug,fri,67,2,999,0,nonexistent,1.4,93.444,-36.1,4.9639999999999995,5228.1,no
58,blue-collar,married,unknown,unknown,yes,no,cellular,aug,fri,101,1,999,0,nonexistent,1.4,93.444,-36.1,4.9639999999999995,5228.1,no
39,housemaid,married,professional.course,no,yes,no,cellular,aug,fri,192,2,999,0,nonexistent,1.4,93.444,-36.1,4.9639999999999995,5228.1,no
49,unemployed,married,high.school,unknown,yes,no,cellular,aug,fri,109,1,999,0,nonexistent,1.4,93.444,-36.1,4.9639999999999995,5228.1,no
40,technician,single,high.school,no,yes,no,cellular,aug,fri,73,1,999,0,nonexistent,1.4,93.444,-36.1,4.9639999999999995,5228.1,no
52,admin.,divorced,university.degree,no,yes,no,cellular,aug,fri,78,1,999,0,nonexistent,1.4,93.444,-36.1,4.9639999999999995,5228.1,no
34,technician,single,high.school,no,no,no,cellular,aug,fri,64,1,999,0,nonexistent,1.4,93.444,-36.1,4.9639999999999995,5228.1,no
30,technician,single,university.degree,no,no,yes,cellular,aug,fri,197,1,999,0,nonexistent,1.4,93.444,-36.1,4.9639999999999995,5228.1,no
33,admin.,married,university.degree,no,yes,no,cellular,aug,fri,64,1,999,0,nonexistent,1.4,93.444,-36.1,4.9639999999999995,5228.1,no
45,technician,married,professional.course,unknown,no,no,cellular,aug,fri,46,4,999,0,nonexistent,1.4,93.444,-36.1,4.9639999999999995,5228.1,no
33,admin.,married,university.degree,no,yes,no,cellular,aug,fri,278,1,999,0,nonexistent,1.4,93.444,-36.1,4.9639999999999995,5228.1,no
30,technician,single,university.degree,no,no,yes,cellular,aug,fri,1197,6,999,0,nonexistent,1.4,93.444,-36.1,4.9639999999999995,5228.1,no
29,technician,single,high.school,no,yes,no,cellular,aug,fri,164,3,999,0,nonexistent,1.4,93.444,-36.1,4.9639999999999995,5228.1,no
36,admin.,married,high.school,no,yes,no,cellular,aug,fri,171,11,999,0,nonexistent,1.4,93.444,-36.1,4.9639999999999995,5228.1,no
31,technician,married,university.degree,no,no,no,cellular,aug,fri,168,1,999,0,nonexistent,1.4,93.444,-36.1,4.9639999999999995,5228.1,no
34,admin.,single,university.degree,no,no,no,cellular,aug,fri,114,1,999,0,nonexistent,1.4,93.444,-36.1,4.9639999999999995,5228.1,no
54,blue-collar,married,unknown,no,no,no,cellular,aug,fri,220,1,999,0,nonexistent,1.4,93.444,-36.1,4.9639999999999995,5228.1,no
34,admin.,single,university.degree,no,yes,yes,cellular,aug,fri,72,1,999,0,nonexistent,1.4,93.444,-36.1,4.9639999999999995,5228.1,no
59,retired,married,basic.4y,unknown,yes,no,cellular,aug,fri,92,2,999,0,nonexistent,1.4,93.444,-36.1,4.9639999999999995,5228.1,no
53,blue-collar,married,basic.9y,no,yes,no,cellular,aug,fri,58,1,999,0,nonexistent,1.4,93.444,-36.1,4.9639999999999995,5228.1,no
38,technician,single,university.degree,no,yes,no,cellular,aug,fri,80,1,999,0,nonexistent,1.4,93.444,-36.1,4.9639999999999995,5228.1,no
54,admin.,married,high.school,no,yes,no,cellular,aug,fri,92,1,999,0,nonexistent,1.4,93.444,-36.1,4.9639999999999995,5228.1,no
32,technician,married,university.degree,no,yes,no,cellular,aug,fri,205,2,999,0,nonexistent,1.4,93.444,-36.1,4.9639999999999995,5228.1,no
34,technician,divorced,professional.course,no,yes,no,cellular,aug,fri,168,1,999,0,nonexistent,1.4,93.444,-36.1,4.9639999999999995,5228.1,no
53,blue-collar,married,basic.9y,no,yes,no,cellular,aug,fri,565,1,999,0,nonexistent,1.4,93.444,-36.1,4.9639999999999995,5228.1,yes
34,technician,divorced,professional.course,no,no,no,telephone,aug,fri,336,1,999,0,nonexistent,1.4,93.444,-36.1,4.9639999999999995,5228.1,no
48,technician,married,university.degree,no,no,no,cellular,aug,fri,232,1,999,0,nonexistent,1.4,93.444,-36.1,4.9639999999999995,5228.1,no
48,technician,married,university.degree,no,no,no,cellular,aug,fri,251,1,999,0,nonexistent,1.4,93.444,-36.1,4.9639999999999995,5228.1,no
52,housemaid,married,unknown,no,yes,no,cellular,aug,fri,239,2,999,0,nonexistent,1.4,93.444,-36.1,4.9639999999999995,5228.1,no
31,technician,married,university.degree,no,no,no,cellular,aug,fri,243,2,999,0,nonexistent,1.4,93.444,-36.1,4.9639999999999995,5228.1,no
30,technician,single,university.degree,no,no,no,cellular,aug,fri,147,2,999,0,nonexistent,1.4,93.444,-36.1,4.9639999999999995,5228.1,no
53,admin.,married,basic.4y,no,no,no,cellular,aug,fri,91,2,999,0,nonexistent,1.4,93.444,-36.1,4.9639999999999995,5228.1,no
59,retired,married,university.degree,unknown,no,no,cellular,aug,fri,217,3,999,0,nonexistent,1.4,93.444,-36.1,4.9639999999999995,5228.1,no
56,services,married,high.school,no,no,no,cellular,aug,fri,149,2,999,0,nonexistent,1.4,93.444,-36.1,4.9639999999999995,5228.1,no
32,technician,married,professional.course,no,no,no,cellular,aug,fri,128,2,999,0,nonexistent,1.4,93.444,-36.1,4.9639999999999995,5228.1,no
49,unemployed,married,high.school,unknown,yes,no,cellular,aug,fri,112,2,999,0,nonexistent,1.4,93.444,-36.1,4.9639999999999995,5228.1,no
31,blue-collar,married,basic.4y,no,no,no,cellular,aug,fri,742,2,999,0,nonexistent,1.4,93.444,-36.1,4.9639999999999995,5228.1,no
32,admin.,married,university.degree,unknown,yes,no,cellular,aug,fri,200,2,999,0,nonexistent,1.4,93.444,-36.1,4.9639999999999995,5228.1,no
30,technician,single,professional.course,no,yes,no,cellular,aug,fri,55,4,999,0,nonexistent,1.4,93.444,-36.1,4.9639999999999995,5228.1,no
29,admin.,married,university.degree,no,no,no,cellular,aug,fri,604,3,999,0,nonexistent,1.4,93.444,-36.1,4.9639999999999995,5228.1,yes
30,technician,single,professional.course,no,yes,yes,cellular,aug,fri,22,13,999,0,nonexistent,1.4,93.444,-36.1,4.9639999999999995,5228.1,no
45,services,married,high.school,no,no,no,cellular,aug,fri,239,2,999,0,nonexistent,1.4,93.444,-36.1,4.9639999999999995,5228.1,no
29,admin.,married,university.degree,no,yes,no,cellular,aug,fri,137,2,999,0,nonexistent,1.4,93.444,-36.1,4.9639999999999995,5228.1,no
31,technician,single,professional.course,no,yes,no,cellular,aug,fri,119,5,999,0,nonexistent,1.4,93.444,-36.1,4.9639999999999995,5228.1,no
32,technician,married,professional.course,unknown,yes,no,cellular,aug,fri,1809,4,999,0,nonexistent,1.4,93.444,-36.1,4.9639999999999995,5228.1,no
32,admin.,single,university.degree,no,no,no,cellular,aug,fri,47,4,999,0,nonexistent,1.4,93.444,-36.1,4.9639999999999995,5228.1,no
58,blue-collar,married,unknown,unknown,yes,yes,cellular,aug,fri,48,2,999,0,nonexistent,1.4,93.444,-36.1,4.9639999999999995,5228.1,no
30,technician,married,university.degree,no,no,no,cellular,aug,fri,65,2,999,0,nonexistent,1.4,93.444,-36.1,4.9639999999999995,5228.1,no
33,admin.,single,university.degree,no,no,no,cellular,aug,fri,102,3,999,0,nonexistent,1.4,93.444,-36.1,4.9639999999999995,5228.1,no
37,technician,married,professional.course,no,no,no,cellular,aug,fri,243,10,999,0,nonexistent,1.4,93.444,-36.1,4.9639999999999995,5228.1,no
52,services,married,high.school,unknown,yes,no,cellular,aug,fri,79,2,999,0,nonexistent,1.4,93.444,-36.1,4.9639999999999995,5228.1,no
59,services,married,basic.4y,unknown,yes,no,cellular,aug,fri,120,4,999,0,nonexistent,1.4,93.444,-36.1,4.9639999999999995,5228.1,no
56,blue-collar,married,basic.9y,unknown,no,no,cellular,aug,fri,142,4,999,0,nonexistent,1.4,93.444,-36.1,4.9639999999999995,5228.1,no
29,admin.,single,university.degree,no,yes,no,cellular,aug,fri,101,2,999,0,nonexistent,1.4,93.444,-36.1,4.9639999999999995,5228.1,no
48,admin.,married,university.degree,no,yes,no,cellular,aug,fri,651,9,999,0,nonexistent,1.4,93.444,-36.1,4.9639999999999995,5228.1,no
56,retired,married,unknown,no,no,no,cellular,aug,fri,233,2,999,0,nonexistent,1.4,93.444,-36.1,4.9639999999999995,5228.1,no
49,admin.,divorced,university.degree,unknown,yes,yes,cellular,aug,fri,557,5,999,0,nonexistent,1.4,93.444,-36.1,4.9639999999999995,5228.1,no
33,unemployed,married,university.degree,no,no,no,cellular,aug,fri,247,2,999,0,nonexistent,1.4,93.444,-36.1,4.9639999999999995,5228.1,no
36,management,married,university.degree,unknown,no,no,telephone,aug,fri,208,4,999,0,nonexistent,1.4,93.444,-36.1,4.9639999999999995,5228.1,no
31,technician,married,university.degree,no,no,no,cellular,aug,fri,379,2,999,0,nonexistent,1.4,93.444,-36.1,4.9639999999999995,5228.1,no
31,blue-collar,married,basic.4y,no,yes,no,telephone,aug,fri,295,3,999,0,nonexistent,1.4,93.444,-36.1,4.9639999999999995,5228.1,no
37,admin.,single,university.degree,no,yes,no,cellular,aug,fri,212,7,999,0,nonexistent,1.4,93.444,-36.1,4.9639999999999995,5228.1,no
52,technician,married,professional.course,no,no,no,cellular,aug,fri,77,2,999,0,nonexistent,1.4,93.444,-36.1,4.9639999999999995,5228.1,no
31,technician,married,university.degree,no,no,no,cellular,aug,fri,238,3,999,0,nonexistent,1.4,93.444,-36.1,4.9639999999999995,5228.1,no
30,technician,single,university.degree,no,no,yes,cellular,aug,fri,81,2,999,0,nonexistent,1.4,93.444,-36.1,4.9639999999999995,5228.1,no
47,admin.,married,unknown,no,yes,no,cellular,aug,fri,251,2,999,0,nonexistent,1.4,93.444,-36.1,4.9639999999999995,5228.1,no
33,admin.,married,university.degree,no,yes,yes,cellular,aug,fri,374,2,999,0,nonexistent,1.4,93.444,-36.1,4.9639999999999995,5228.1,no
45,services,married,basic.4y,unknown,no,no,cellular,aug,fri,117,2,999,0,nonexistent,1.4,93.444,-36.1,4.9639999999999995,5228.1,no
32,technician,single,professional.course,unknown,unknown,unknown,cellular,aug,fri,73,4,999,0,nonexistent,1.4,93.444,-36.1,4.9639999999999995,5228.1,no
42,admin.,single,university.degree,no,no,no,cellular,aug,fri,361,2,999,0,nonexistent,1.4,93.444,-36.1,4.9639999999999995,5228.1,no
32,technician,divorced,high.school,no,no,no,cellular,aug,fri,72,2,999,0,nonexistent,1.4,93.444,-36.1,4.9639999999999995,5228.1,no
36,technician,single,professional.course,no,no,yes,cellular,aug,fri,66,4,999,0,nonexistent,1.4,93.444,-36.1,4.9639999999999995,5228.1,no
57,technician,married,professional.course,unknown,no,no,cellular,aug,fri,199,4,999,0,nonexistent,1.4,93.444,-36.1,4.9639999999999995,5228.1,no
48,technician,married,university.degree,no,no,no,cellular,aug,fri,239,1,999,0,nonexistent,1.4,93.444,-36.1,4.9639999999999995,5228.1,no
52,blue-collar,married,basic.4y,unknown,no,no,cellular,aug,fri,69,2,999,0,nonexistent,1.4,93.444,-36.1,4.9639999999999995,5228.1,no
29,technician,single,professional.course,no,no,no,cellular,aug,fri,198,1,999,0,nonexistent,1.4,93.444,-36.1,4.9639999999999995,5228.1,no
57,technician,married,professional.course,unknown,yes,no,cellular,aug,fri,195,3,999,0,nonexistent,1.4,93.444,-36.1,4.9639999999999995,5228.1,no
52,admin.,married,unknown,unknown,no,no,cellular,aug,fri,234,2,999,0,nonexistent,1.4,93.444,-36.1,4.9639999999999995,5228.1,no
48,admin.,single,university.degree,no,unknown,unknown,cellular,aug,fri,371,2,999,0,nonexistent,1.4,93.444,-36.1,4.9639999999999995,5228.1,no
34,admin.,divorced,high.school,no,unknown,unknown,cellular,aug,fri,50,15,999,0,nonexistent,1.4,93.444,-36.1,4.9639999999999995,5228.1,no
30,admin.,single,university.degree,unknown,no,no,cellular,aug,fri,714,3,999,0,nonexistent,1.4,93.444,-36.1,4.9639999999999995,5228.1,no
55,admin.,married,high.school,no,yes,no,cellular,aug,fri,629,2,999,0,nonexistent,1.4,93.444,-36.1,4.9639999999999995,5228.1,no
53,admin.,divorced,university.degree,no,unknown,unknown,cellular,aug,fri,91,10,999,0,nonexistent,1.4,93.444,-36.1,4.9639999999999995,5228.1,no
35,management,married,university.degree,no,no,yes,cellular,aug,fri,10,9,999,0,nonexistent,1.4,93.444,-36.1,4.9639999999999995,5228.1,no
37,management,married,high.school,no,no,no,cellular,aug,fri,132,2,999,0,nonexistent,1.4,93.444,-36.1,4.9639999999999995,5228.1,no
60,retired,married,basic.4y,unknown,yes,no,cellular,aug,fri,155,2,999,0,nonexistent,1.4,93.444,-36.1,4.9639999999999995,5228.1,no
53,self-employed,married,basic.9y,no,yes,yes,cellular,aug,fri,1241,7,999,0,nonexistent,1.4,93.444,-36.1,4.9639999999999995,5228.1,yes
30,admin.,single,university.degree,no,yes,no,cellular,aug,fri,217,4,999,0,nonexistent,1.4,93.444,-36.1,4.9639999999999995,5228.1,no
32,technician,married,professional.course,no,no,yes,cellular,aug,fri,219,2,999,0,nonexistent,1.4,93.444,-36.1,4.9639999999999995,5228.1,no
53,admin.,divorced,university.degree,no,yes,no,cellular,aug,fri,61,2,999,0,nonexistent,1.4,93.444,-36.1,4.9639999999999995,5228.1,no
59,retired,married,unknown,no,no,no,cellular,aug,fri,80,2,999,0,nonexistent,1.4,93.444,-36.1,4.9639999999999995,5228.1,no
40,management,married,university.degree,no,yes,no,cellular,aug,fri,117,3,999,0,nonexistent,1.4,93.444,-36.1,4.9639999999999995,5228.1,no
48,technician,married,university.degree,no,no,no,cellular,aug,fri,607,2,999,0,nonexistent,1.4,93.444,-36.1,4.9639999999999995,5228.1,no
59,blue-collar,married,basic.9y,unknown,no,no,cellular,aug,fri,186,1,999,0,nonexistent,1.4,93.444,-36.1,4.9639999999999995,5228.1,no
60,management,married,university.degree,no,yes,no,cellular,aug,fri,527,4,999,0,nonexistent,1.4,93.444,-36.1,4.9639999999999995,5228.1,no
59,admin.,married,university.degree,no,yes,no,cellular,aug,fri,73,5,999,0,nonexistent,1.4,93.444,-36.1,4.9639999999999995,5228.1,no
30,admin.,single,university.degree,no,yes,no,cellular,aug,fri,173,3,999,0,nonexistent,1.4,93.444,-36.1,4.9639999999999995,5228.1,no
51,unemployed,married,basic.9y,no,no,no,cellular,aug,fri,81,2,999,0,nonexistent,1.4,93.444,-36.1,4.9639999999999995,5228.1,no
31,technician,divorced,high.school,no,yes,no,cellular,aug,fri,291,3,999,0,nonexistent,1.4,93.444,-36.1,4.9639999999999995,5228.1,no
60,management,married,university.degree,no,no,no,cellular,aug,fri,222,3,999,0,nonexistent,1.4,93.444,-36.1,4.9639999999999995,5228.1,no
48,self-employed,married,high.school,no,yes,no,cellular,aug,fri,175,1,999,0,nonexistent,1.4,93.444,-36.1,4.9639999999999995,5228.1,no
32,admin.,single,university.degree,no,yes,yes,cellular,aug,fri,309,3,999,0,nonexistent,1.4,93.444,-36.1,4.9639999999999995,5228.1,no
41,self-employed,married,university.degree,no,yes,no,cellular,aug,fri,97,3,999,0,nonexistent,1.4,93.444,-36.1,4.9639999999999995,5228.1,no
59,management,married,university.degree,no,no,no,cellular,aug,fri,511,3,999,0,nonexistent,1.4,93.444,-36.1,4.9639999999999995,5228.1,no
41,self-employed,married,basic.9y,no,no,yes,cellular,aug,fri,173,3,999,0,nonexistent,1.4,93.444,-36.1,4.9639999999999995,5228.1,no
40,technician,married,professional.course,no,no,yes,cellular,aug,fri,82,2,999,0,nonexistent,1.4,93.444,-36.1,4.9639999999999995,5228.1,no
34,technician,divorced,professional.course,no,yes,no,cellular,aug,fri,346,5,999,0,nonexistent,1.4,93.444,-36.1,4.9639999999999995,5228.1,no
39,housemaid,married,basic.4y,no,yes,yes,cellular,aug,fri,215,1,999,0,nonexistent,1.4,93.444,-36.1,4.9639999999999995,5228.1,no
39,housemaid,married,basic.4y,no,yes,yes,cellular,aug,fri,347,1,999,0,nonexistent,1.4,93.444,-36.1,4.9639999999999995,5228.1,no
60,management,married,university.degree,no,unknown,unknown,cellular,aug,fri,154,5,999,0,nonexistent,1.4,93.444,-36.1,4.9639999999999995,5228.1,no
55,technician,divorced,professional.course,no,no,no,cellular,aug,fri,203,1,999,0,nonexistent,1.4,93.444,-36.1,4.9639999999999995,5228.1,no
44,blue-collar,married,illiterate,no,no,no,cellular,aug,fri,460,1,999,0,nonexistent,1.4,93.444,-36.1,4.9639999999999995,5228.1,no
40,technician,married,high.school,no,yes,yes,cellular,aug,fri,105,1,999,0,nonexistent,1.4,93.444,-36.1,4.9639999999999995,5228.1,no
33,admin.,married,university.degree,no,no,no,cellular,aug,fri,157,1,999,0,nonexistent,1.4,93.444,-36.1,4.9639999999999995,5228.1,no
30,management,married,university.degree,no,no,no,cellular,aug,fri,122,1,999,0,nonexistent,1.4,93.444,-36.1,4.9639999999999995,5228.1,no
31,technician,divorced,high.school,no,no,no,cellular,aug,fri,129,3,999,0,nonexistent,1.4,93.444,-36.1,4.9639999999999995,5228.1,no
33,admin.,married,university.degree,no,yes,yes,cellular,aug,fri,661,1,999,0,nonexistent,1.4,93.444,-36.1,4.9639999999999995,5228.1,no
36,admin.,married,university.degree,no,no,no,cellular,aug,fri,296,3,999,0,nonexistent,1.4,93.444,-36.1,4.9639999999999995,5228.1,no
39,admin.,married,professional.course,no,yes,yes,cellular,aug,fri,112,3,999,0,nonexistent,1.4,93.444,-36.1,4.9639999999999995,5228.1,no
47,technician,married,professional.course,no,yes,yes,cellular,aug,fri,78,3,999,0,nonexistent,1.4,93.444,-36.1,4.9639999999999995,5228.1,no
44,technician,single,professional.course,no,yes,yes,cellular,aug,fri,79,4,999,0,nonexistent,1.4,93.444,-36.1,4.9639999999999995,5228.1,no
35,technician,single,professional.course,no,no,yes,cellular,aug,fri,30,4,999,0,nonexistent,1.4,93.444,-36.1,4.9639999999999995,5228.1,no
29,admin.,single,university.degree,no,yes,no,cellular,aug,fri,602,7,999,0,nonexistent,1.4,93.444,-36.1,4.9639999999999995,5228.1,no
58,technician,divorced,professional.course,no,no,no,cellular,aug,fri,75,7,999,0,nonexistent,1.4,93.444,-36.1,4.9639999999999995,5228.1,no
42,entrepreneur,married,high.school,no,no,no,cellular,aug,fri,332,2,999,0,nonexistent,1.4,93.444,-36.1,4.9639999999999995,5228.1,no
36,technician,married,professional.course,unknown,yes,no,cellular,aug,fri,314,2,999,0,nonexistent,1.4,93.444,-36.1,4.9639999999999995,5228.1,no
31,technician,married,professional.course,no,no,no,cellular,aug,fri,121,2,999,0,nonexistent,1.4,93.444,-36.1,4.9639999999999995,5228.1,no
52,admin.,single,university.degree,no,yes,no,cellular,aug,fri,436,4,999,0,nonexistent,1.4,93.444,-36.1,4.9639999999999995,5228.1,no
30,admin.,married,university.degree,no,no,no,cellular,aug,fri,186,3,999,0,nonexistent,1.4,93.444,-36.1,4.9639999999999995,5228.1,no
31,technician,married,professional.course,no,yes,no,cellular,aug,fri,270,3,999,0,nonexistent,1.4,93.444,-36.1,4.9639999999999995,5228.1,no
39,housemaid,married,basic.4y,no,yes,yes,cellular,aug,fri,123,2,999,0,nonexistent,1.4,93.444,-36.1,4.9639999999999995,5228.1,no
36,technician,married,professional.course,unknown,yes,no,cellular,aug,fri,215,7,999,0,nonexistent,1.4,93.444,-36.1,4.9639999999999995,5228.1,no
30,admin.,single,university.degree,no,no,no,cellular,aug,fri,192,5,999,0,nonexistent,1.4,93.444,-36.1,4.9639999999999995,5228.1,no
56,blue-collar,married,basic.4y,no,no,no,cellular,aug,fri,263,7,999,0,nonexistent,1.4,93.444,-36.1,4.9639999999999995,5228.1,no
31,technician,married,professional.course,no,yes,yes,cellular,aug,fri,143,4,999,0,nonexistent,1.4,93.444,-36.1,4.9639999999999995,5228.1,no
36,admin.,married,professional.course,no,yes,yes,cellular,aug,fri,153,4,999,0,nonexistent,1.4,93.444,-36.1,4.9639999999999995,5228.1,no
34,technician,married,university.degree,no,yes,yes,cellular,aug,fri,289,5,999,0,nonexistent,1.4,93.444,-36.1,4.9639999999999995,5228.1,no
57,blue-collar,married,basic.4y,unknown,no,no,cellular,aug,fri,34,6,999,0,nonexistent,1.4,93.444,-36.1,4.9639999999999995,5228.1,no
37,admin.,married,university.degree,no,yes,yes,cellular,aug,fri,239,3,999,0,nonexistent,1.4,93.444,-36.1,4.9639999999999995,5228.1,no
34,admin.,single,university.degree,no,no,yes,cellular,aug,fri,78,3,999,0,nonexistent,1.4,93.444,-36.1,4.9639999999999995,5228.1,no
32,technician,single,professional.course,no,no,no,cellular,aug,fri,309,5,999,0,nonexistent,1.4,93.444,-36.1,4.9639999999999995,5228.1,no
30,admin.,single,university.degree,no,yes,no,cellular,aug,fri,353,10,999,0,nonexistent,1.4,93.444,-36.1,4.9639999999999995,5228.1,no
49,management,married,university.degree,unknown,no,no,telephone,aug,fri,145,6,999,0,nonexistent,1.4,93.444,-36.1,4.9639999999999995,5228.1,no
48,admin.,married,unknown,no,yes,yes,cellular,aug,fri,246,7,999,0,nonexistent,1.4,93.444,-36.1,4.9639999999999995,5228.1,no
31,technician,divorced,high.school,no,no,no,cellular,aug,fri,101,4,999,0,nonexistent,1.4,93.444,-36.1,4.9639999999999995,5228.1,no
35,admin.,married,university.degree,no,no,no,cellular,aug,fri,166,5,999,0,nonexistent,1.4,93.444,-36.1,4.9639999999999995,5228.1,no
40,technician,single,university.degree,no,no,yes,cellular,aug,fri,140,7,999,0,nonexistent,1.4,93.444,-36.1,4.9639999999999995,5228.1,no
31,management,married,university.degree,no,no,no,cellular,aug,fri,58,3,999,0,nonexistent,1.4,93.444,-36.1,4.9639999999999995,5228.1,no
51,services,married,unknown,no,no,no,cellular,aug,fri,547,3,999,0,nonexistent,1.4,93.444,-36.1,4.9639999999999995,5228.1,no
30,self-employed,married,professional.course,no,no,no,cellular,aug,fri,132,1,999,0,nonexistent,1.4,93.444,-36.1,4.9639999999999995,5228.1,no
39,housemaid,married,basic.4y,no,no,no,cellular,aug,fri,155,2,999,0,nonexistent,1.4,93.444,-36.1,4.9639999999999995,5228.1,no
57,blue-collar,married,basic.4y,unknown,no,no,cellular,aug,fri,379,3,999,0,nonexistent,1.4,93.444,-36.1,4.9639999999999995,5228.1,no
32,technician,single,university.degree,no,no,no,cellular,aug,fri,182,1,999,0,nonexistent,1.4,93.444,-36.1,4.9639999999999995,5228.1,no
46,housemaid,married,basic.4y,no,yes,no,cellular,aug,fri,195,1,999,0,nonexistent,1.4,93.444,-36.1,4.9639999999999995,5228.1,no
46,housemaid,married,basic.4y,no,no,no,cellular,aug,fri,177,1,999,0,nonexistent,1.4,93.444,-36.1,4.9639999999999995,5228.1,no
36,admin.,divorced,high.school,no,no,yes,cellular,aug,fri,263,1,999,0,nonexistent,1.4,93.444,-36.1,4.9639999999999995,5228.1,no
33,admin.,single,university.degree,no,no,no,cellular,aug,fri,398,5,999,0,nonexistent,1.4,93.444,-36.1,4.9639999999999995,5228.1,no
32,management,married,high.school,no,no,no,cellular,aug,fri,160,1,999,0,nonexistent,1.4,93.444,-36.1,4.9639999999999995,5228.1,no
32,technician,single,professional.course,no,no,yes,cellular,aug,fri,82,5,999,0,nonexistent,1.4,93.444,-36.1,4.9639999999999995,5228.1,no
54,blue-collar,married,basic.9y,unknown,no,no,cellular,aug,fri,207,1,999,0,nonexistent,1.4,93.444,-36.1,4.9639999999999995,5228.1,no
53,blue-collar,married,basic.9y,no,yes,no,cellular,aug,fri,160,1,999,0,nonexistent,1.4,93.444,-36.1,4.9639999999999995,5228.1,no
31,technician,single,professional.course,no,no,no,cellular,aug,fri,109,1,999,0,nonexistent,1.4,93.444,-36.1,4.9639999999999995,5228.1,no
31,technician,single,professional.course,no,no,yes,cellular,aug,fri,142,1,999,0,nonexistent,1.4,93.444,-36.1,4.9639999999999995,5228.1,no
32,admin.,divorced,university.degree,no,no,no,cellular,aug,fri,197,5,999,0,nonexistent,1.4,93.444,-36.1,4.9639999999999995,5228.1,no
36,technician,single,university.degree,no,no,no,cellular,aug,fri,148,5,999,0,nonexistent,1.4,93.444,-36.1,4.9639999999999995,5228.1,no
54,admin.,divorced,university.degree,no,no,no,cellular,aug,fri,209,2,999,0,nonexistent,1.4,93.444,-36.1,4.9639999999999995,5228.1,no
45,technician,married,professional.course,unknown,yes,no,cellular,aug,fri,94,1,999,0,nonexistent,1.4,93.444,-36.1,4.9639999999999995,5228.1,no
32,admin.,married,university.degree,no,yes,no,cellular,aug,fri,1366,1,999,0,nonexistent,1.4,93.444,-36.1,4.9639999999999995,5228.1,no
32,admin.,single,university.degree,no,yes,no,cellular,aug,fri,124,1,999,0,nonexistent,1.4,93.444,-36.1,4.9639999999999995,5228.1,no
32,admin.,single,university.degree,no,no,no,cellular,aug,fri,121,1,999,0,nonexistent,1.4,93.444,-36.1,4.9639999999999995,5228.1,no
39,admin.,married,professional.course,no,no,no,cellular,aug,fri,306,3,999,0,nonexistent,1.4,93.444,-36.1,4.9639999999999995,5228.1,no
31,technician,divorced,professional.course,no,yes,no,cellular,aug,fri,173,1,999,0,nonexistent,1.4,93.444,-36.1,4.9639999999999995,5228.1,no
52,housemaid,married,basic.6y,no,yes,no,cellular,aug,fri,268,1,999,0,nonexistent,1.4,93.444,-36.1,4.9639999999999995,5228.1,no
58,services,married,high.school,no,no,no,cellular,aug,fri,155,5,999,0,nonexistent,1.4,93.444,-36.1,4.9639999999999995,5228.1,no
35,admin.,single,university.degree,no,yes,no,cellular,aug,fri,176,4,999,0,nonexistent,1.4,93.444,-36.1,4.9639999999999995,5228.1,no
35,management,married,university.degree,no,no,yes,cellular,aug,fri,873,5,999,0,nonexistent,1.4,93.444,-36.1,4.9639999999999995,5228.1,yes
51,services,married,unknown,no,no,yes,cellular,aug,fri,135,3,999,0,nonexistent,1.4,93.444,-36.1,4.9639999999999995,5228.1,no
52,housemaid,married,basic.6y,no,yes,no,cellular,aug,fri,208,1,999,0,nonexistent,1.4,93.444,-36.1,4.9639999999999995,5228.1,no
45,blue-collar,married,basic.6y,no,no,no,cellular,aug,fri,311,1,999,0,nonexistent,1.4,93.444,-36.1,4.9639999999999995,5228.1,no
36,admin.,married,professional.course,no,yes,no,cellular,aug,fri,56,1,999,0,nonexistent,1.4,93.444,-36.1,4.9639999999999995,5228.1,no
47,technician,married,professional.course,no,yes,no,cellular,aug,mon,139,3,999,0,nonexistent,1.4,93.444,-36.1,4.965,5228.1,no
35,housemaid,married,basic.4y,no,yes,no,cellular,aug,mon,87,1,999,0,nonexistent,1.4,93.444,-36.1,4.965,5228.1,no
33,technician,married,professional.course,unknown,yes,no,cellular,aug,mon,61,3,999,0,nonexistent,1.4,93.444,-36.1,4.965,5228.1,no
46,blue-collar,married,basic.4y,no,yes,no,cellular,aug,mon,626,2,999,0,nonexistent,1.4,93.444,-36.1,4.965,5228.1,yes
47,blue-collar,married,basic.6y,unknown,yes,no,cellular,aug,mon,103,2,999,0,nonexistent,1.4,93.444,-36.1,4.965,5228.1,no
35,management,divorced,university.degree,no,no,yes,cellular,aug,mon,116,7,999,0,nonexistent,1.4,93.444,-36.1,4.965,5228.1,no
29,admin.,single,university.degree,no,no,no,cellular,aug,mon,162,2,999,0,nonexistent,1.4,93.444,-36.1,4.965,5228.1,no
29,admin.,single,university.degree,no,yes,no,cellular,aug,mon,109,3,999,0,nonexistent,1.4,93.444,-36.1,4.965,5228.1,no
50,admin.,married,university.degree,no,yes,no,cellular,aug,mon,540,3,999,0,nonexistent,1.4,93.444,-36.1,4.965,5228.1,no
31,technician,single,professional.course,no,no,no,cellular,aug,mon,122,2,999,0,nonexistent,1.4,93.444,-36.1,4.965,5228.1,no
40,technician,married,university.degree,no,no,no,cellular,aug,mon,342,2,999,0,nonexistent,1.4,93.444,-36.1,4.965,5228.1,no
33,management,married,university.degree,no,no,no,cellular,aug,mon,191,3,999,0,nonexistent,1.4,93.444,-36.1,4.965,5228.1,no
35,management,divorced,university.degree,no,no,no,cellular,aug,mon,288,7,999,0,nonexistent,1.4,93.444,-36.1,4.965,5228.1,no
39,technician,married,professional.course,no,yes,no,cellular,aug,mon,209,3,999,0,nonexistent,1.4,93.444,-36.1,4.965,5228.1,no
42,admin.,divorced,university.degree,no,yes,no,cellular,aug,mon,91,5,999,0,nonexistent,1.4,93.444,-36.1,4.965,5228.1,no
31,technician,single,professional.course,no,no,no,cellular,aug,mon,196,10,999,0,nonexistent,1.4,93.444,-36.1,4.965,5228.1,no
48,admin.,single,university.degree,no,yes,no,cellular,aug,mon,110,2,999,0,nonexistent,1.4,93.444,-36.1,4.965,5228.1,no
41,admin.,divorced,university.degree,no,no,no,cellular,aug,mon,115,4,999,0,nonexistent,1.4,93.444,-36.1,4.965,5228.1,no
57,self-employed,married,university.degree,unknown,no,no,cellular,aug,mon,102,3,999,0,nonexistent,1.4,93.444,-36.1,4.965,5228.1,no
57,blue-collar,married,basic.9y,no,yes,no,cellular,aug,mon,88,2,999,0,nonexistent,1.4,93.444,-36.1,4.965,5228.1,no
32,admin.,single,university.degree,no,no,yes,cellular,aug,mon,78,2,999,0,nonexistent,1.4,93.444,-36.1,4.965,5228.1,no
40,admin.,single,university.degree,no,yes,no,cellular,aug,mon,160,3,999,0,nonexistent,1.4,93.444,-36.1,4.965,5228.1,no
37,admin.,single,university.degree,no,no,yes,cellular,aug,mon,205,8,999,0,nonexistent,1.4,93.444,-36.1,4.965,5228.1,no
35,technician,married,professional.course,no,yes,no,cellular,aug,mon,132,4,999,0,nonexistent,1.4,93.444,-36.1,4.965,5228.1,no
33,technician,married,high.school,no,yes,yes,cellular,aug,mon,85,3,999,0,nonexistent,1.4,93.444,-36.1,4.965,5228.1,no
33,self-employed,married,university.degree,no,no,no,cellular,aug,mon,425,3,999,0,nonexistent,1.4,93.444,-36.1,4.965,5228.1,no
31,technician,married,professional.course,no,yes,no,cellular,aug,mon,50,10,999,0,nonexistent,1.4,93.444,-36.1,4.965,5228.1,no
44,blue-collar,married,basic.4y,unknown,no,no,cellular,aug,mon,363,5,999,0,nonexistent,1.4,93.444,-36.1,4.965,5228.1,yes
29,admin.,single,university.degree,unknown,yes,no,cellular,aug,mon,129,3,999,0,nonexistent,1.4,93.444,-36.1,4.965,5228.1,no
30,technician,divorced,university.degree,no,no,no,cellular,aug,mon,66,5,999,0,nonexistent,1.4,93.444,-36.1,4.965,5228.1,no
46,admin.,married,university.degree,unknown,no,no,cellular,aug,mon,143,2,999,0,nonexistent,1.4,93.444,-36.1,4.965,5228.1,no
41,admin.,married,university.degree,no,yes,no,cellular,aug,mon,145,4,999,0,nonexistent,1.4,93.444,-36.1,4.965,5228.1,no
31,technician,married,university.degree,no,no,no,cellular,aug,mon,99,7,999,0,nonexistent,1.4,93.444,-36.1,4.965,5228.1,no
45,technician,divorced,professional.course,no,yes,no,cellular,aug,mon,112,2,999,0,nonexistent,1.4,93.444,-36.1,4.965,5228.1,no
59,retired,married,basic.9y,no,yes,no,cellular,aug,mon,337,4,999,0,nonexistent,1.4,93.444,-36.1,4.965,5228.1,no
32,housemaid,married,basic.4y,no,yes,no,cellular,aug,mon,87,4,999,0,nonexistent,1.4,93.444,-36.1,4.965,5228.1,no
50,technician,divorced,professional.course,no,no,no,cellular,aug,mon,73,2,999,0,nonexistent,1.4,93.444,-36.1,4.965,5228.1,no
35,technician,married,professional.course,no,no,yes,cellular,aug,mon,463,2,999,0,nonexistent,1.4,93.444,-36.1,4.965,5228.1,no
30,admin.,single,university.degree,no,no,yes,cellular,aug,mon,67,8,999,0,nonexistent,1.4,93.444,-36.1,4.965,5228.1,no
37,admin.,single,university.degree,no,no,yes,cellular,aug,mon,103,3,999,0,nonexistent,1.4,93.444,-36.1,4.965,5228.1,no
49,services,married,high.school,no,yes,no,cellular,aug,mon,234,8,999,0,nonexistent,1.4,93.444,-36.1,4.965,5228.1,no
58,admin.,divorced,university.degree,unknown,no,no,cellular,aug,mon,74,2,999,0,nonexistent,1.4,93.444,-36.1,4.965,5228.1,no
37,admin.,single,university.degree,no,no,yes,cellular,aug,mon,220,2,999,0,nonexistent,1.4,93.444,-36.1,4.965,5228.1,no
58,admin.,divorced,university.degree,unknown,no,yes,cellular,aug,mon,75,2,999,0,nonexistent,1.4,93.444,-36.1,4.965,5228.1,no
47,blue-collar,married,basic.9y,no,no,no,cellular,aug,mon,80,2,999,0,nonexistent,1.4,93.444,-36.1,4.965,5228.1,no
29,technician,single,professional.course,unknown,no,no,cellular,aug,mon,48,1,999,0,nonexistent,1.4,93.444,-36.1,4.965,5228.1,no
35,management,divorced,university.degree,no,no,no,cellular,aug,mon,83,7,999,0,nonexistent,1.4,93.444,-36.1,4.965,5228.1,no
44,self-employed,married,basic.9y,unknown,no,no,cellular,aug,mon,136,10,999,0,nonexistent,1.4,93.444,-36.1,4.965,5228.1,no
33,technician,married,professional.course,no,yes,no,cellular,aug,mon,417,2,999,0,nonexistent,1.4,93.444,-36.1,4.965,5228.1,no
58,admin.,divorced,university.degree,unknown,no,no,cellular,aug,mon,129,2,999,0,nonexistent,1.4,93.444,-36.1,4.965,5228.1,no
50,housemaid,married,basic.4y,no,no,no,cellular,aug,mon,343,1,999,0,nonexistent,1.4,93.444,-36.1,4.965,5228.1,no
50,housemaid,married,basic.4y,no,no,no,cellular,aug,mon,119,1,999,0,nonexistent,1.4,93.444,-36.1,4.965,5228.1,no
47,blue-collar,divorced,basic.4y,no,yes,no,cellular,aug,mon,149,7,999,0,nonexistent,1.4,93.444,-36.1,4.965,5228.1,no
58,admin.,married,university.degree,no,no,no,cellular,aug,mon,129,2,999,0,nonexistent,1.4,93.444,-36.1,4.965,5228.1,no
57,self-employed,married,university.degree,unknown,yes,no,cellular,aug,mon,932,2,999,0,nonexistent,1.4,93.444,-36.1,4.965,5228.1,yes
56,blue-collar,married,unknown,no,no,no,cellular,aug,mon,160,3,999,0,nonexistent,1.4,93.444,-36.1,4.965,5228.1,no
56,retired,married,professional.course,no,yes,no,cellular,aug,mon,147,3,999,0,nonexistent,1.4,93.444,-36.1,4.965,5228.1,no
37,technician,single,professional.course,no,yes,no,cellular,aug,mon,101,2,999,0,nonexistent,1.4,93.444,-36.1,4.965,5228.1,no
52,services,married,high.school,unknown,no,no,cellular,aug,mon,97,2,999,0,nonexistent,1.4,93.444,-36.1,4.965,5228.1,no
35,technician,married,professional.course,no,no,no,cellular,aug,mon,90,2,999,0,nonexistent,1.4,93.444,-36.1,4.965,5228.1,no
30,admin.,single,university.degree,no,no,no,cellular,aug,mon,167,2,999,0,nonexistent,1.4,93.444,-36.1,4.965,5228.1,no
47,blue-collar,married,basic.9y,no,no,no,cellular,aug,mon,96,2,999,0,nonexistent,1.4,93.444,-36.1,4.965,5228.1,no
35,management,divorced,university.degree,no,unknown,unknown,cellular,aug,mon,123,3,999,0,nonexistent,1.4,93.444,-36.1,4.965,5228.1,no
53,housemaid,married,unknown,no,no,no,cellular,aug,mon,106,2,999,0,nonexistent,1.4,93.444,-36.1,4.965,5228.1,no
35,technician,married,professional.course,no,no,no,cellular,aug,mon,91,2,999,0,nonexistent,1.4,93.444,-36.1,4.965,5228.1,no
58,admin.,divorced,university.degree,unknown,yes,no,cellular,aug,mon,26,2,999,0,nonexistent,1.4,93.444,-36.1,4.965,5228.1,no
57,blue-collar,married,basic.9y,no,yes,no,cellular,aug,mon,84,2,999,0,nonexistent,1.4,93.444,-36.1,4.965,5228.1,no
53,management,married,university.degree,no,yes,no,cellular,aug,mon,342,3,999,0,nonexistent,1.4,93.444,-36.1,4.965,5228.1,no
35,management,divorced,university.degree,no,no,no,cellular,aug,mon,472,3,999,0,nonexistent,1.4,93.444,-36.1,4.965,5228.1,yes
53,blue-collar,married,basic.6y,no,yes,no,cellular,aug,mon,62,6,999,0,nonexistent,1.4,93.444,-36.1,4.965,5228.1,no
35,management,married,university.degree,no,no,yes,telephone,aug,mon,67,5,999,0,nonexistent,1.4,93.444,-36.1,4.965,5228.1,no
32,unemployed,married,university.degree,no,yes,no,cellular,aug,mon,143,5,999,0,nonexistent,1.4,93.444,-36.1,4.965,5228.1,no
53,housemaid,married,unknown,no,yes,no,cellular,aug,mon,152,2,999,0,nonexistent,1.4,93.444,-36.1,4.965,5228.1,no
48,services,married,basic.9y,no,yes,no,cellular,aug,mon,104,2,999,0,nonexistent,1.4,93.444,-36.1,4.965,5228.1,no
47,blue-collar,married,basic.9y,no,yes,no,cellular,aug,mon,110,3,999,0,nonexistent,1.4,93.444,-36.1,4.965,5228.1,no
40,technician,married,professional.course,no,no,no,cellular,aug,mon,40,9,999,0,nonexistent,1.4,93.444,-36.1,4.965,5228.1,no
30,technician,single,high.school,no,yes,no,telephone,aug,mon,176,3,999,0,nonexistent,1.4,93.444,-36.1,4.965,5228.1,no
59,admin.,divorced,university.degree,unknown,yes,no,cellular,aug,mon,272,2,999,0,nonexistent,1.4,93.444,-36.1,4.965,5228.1,no
29,admin.,single,university.degree,no,no,no,cellular,aug,mon,122,2,999,0,nonexistent,1.4,93.444,-36.1,4.965,5228.1,no
58,admin.,divorced,university.degree,unknown,yes,no,cellular,aug,mon,57,2,999,0,nonexistent,1.4,93.444,-36.1,4.965,5228.1,no
45,housemaid,married,basic.4y,unknown,no,no,cellular,aug,mon,463,14,999,0,nonexistent,1.4,93.444,-36.1,4.965,5228.1,no
38,admin.,married,university.degree,no,yes,no,cellular,aug,mon,301,2,999,0,nonexistent,1.4,93.444,-36.1,4.965,5228.1,no
53,admin.,divorced,university.degree,no,yes,no,cellular,aug,mon,343,2,999,0,nonexistent,1.4,93.444,-36.1,4.965,5228.1,no
32,technician,single,university.degree,no,yes,yes,cellular,aug,mon,508,3,999,0,nonexistent,1.4,93.444,-36.1,4.965,5228.1,no
42,technician,divorced,professional.course,no,yes,no,cellular,aug,mon,72,2,999,0,nonexistent,1.4,93.444,-36.1,4.965,5228.1,no
47,admin.,married,high.school,no,yes,no,cellular,aug,mon,1152,3,999,0,nonexistent,1.4,93.444,-36.1,4.965,5228.1,yes
59,retired,married,unknown,no,no,no,cellular,aug,mon,284,2,999,0,nonexistent,1.4,93.444,-36.1,4.965,5228.1,no
44,blue-collar,married,basic.4y,unknown,no,no,cellular,aug,mon,425,2,999,0,nonexistent,1.4,93.444,-36.1,4.965,5228.1,no
47,blue-collar,married,basic.9y,no,yes,no,cellular,aug,mon,157,2,999,0,nonexistent,1.4,93.444,-36.1,4.965,5228.1,no
39,admin.,married,university.degree,no,yes,yes,cellular,aug,mon,116,2,999,0,nonexistent,1.4,93.444,-36.1,4.965,5228.1,no
47,blue-collar,married,university.degree,no,no,no,cellular,aug,mon,115,3,999,0,nonexistent,1.4,93.444,-36.1,4.965,5228.1,no
29,admin.,single,university.degree,no,no,yes,cellular,aug,mon,146,2,999,0,nonexistent,1.4,93.444,-36.1,4.965,5228.1,no
54,housemaid,married,basic.4y,no,no,no,cellular,aug,mon,72,2,999,0,nonexistent,1.4,93.444,-36.1,4.965,5228.1,no
50,housemaid,married,basic.4y,no,no,no,cellular,aug,mon,72,2,999,0,nonexistent,1.4,93.444,-36.1,4.965,5228.1,no
48,services,married,high.school,unknown,yes,yes,cellular,aug,mon,72,1,999,0,nonexistent,1.4,93.444,-36.1,4.965,5228.1,no
54,blue-collar,married,basic.9y,unknown,yes,no,cellular,aug,mon,140,2,999,0,nonexistent,1.4,93.444,-36.1,4.965,5228.1,no
55,retired,married,high.school,unknown,no,no,cellular,aug,mon,88,2,999,0,nonexistent,1.4,93.444,-36.1,4.965,5228.1,no
43,technician,divorced,professional.course,unknown,no,yes,cellular,aug,mon,90,2,999,0,nonexistent,1.4,93.444,-36.1,4.965,5228.1,no
49,services,married,high.school,no,no,no,cellular,aug,mon,150,2,999,0,nonexistent,1.4,93.444,-36.1,4.965,5228.1,no
42,admin.,divorced,university.degree,no,yes,yes,cellular,aug,mon,159,1,999,0,nonexistent,1.4,93.444,-36.1,4.965,5228.1,no
33,admin.,married,university.degree,no,no,no,cellular,aug,mon,177,2,999,0,nonexistent,1.4,93.444,-36.1,4.965,5228.1,no
56,technician,married,university.degree,no,no,no,cellular,aug,mon,250,1,999,0,nonexistent,1.4,93.444,-36.1,4.965,5228.1,no
48,housemaid,married,basic.4y,no,no,no,cellular,aug,mon,248,1,999,0,nonexistent,1.4,93.444,-36.1,4.965,5228.1,no
48,housemaid,married,basic.4y,no,yes,no,cellular,aug,mon,132,1,999,0,nonexistent,1.4,93.444,-36.1,4.965,5228.1,no
59,retired,married,basic.9y,no,yes,no,cellular,aug,mon,93,6,999,0,nonexistent,1.4,93.444,-36.1,4.965,5228.1,no
37,technician,married,university.degree,no,yes,no,cellular,aug,mon,121,2,999,0,nonexistent,1.4,93.444,-36.1,4.965,5228.1,no
40,technician,married,professional.course,no,no,no,cellular,aug,mon,94,3,999,0,nonexistent,1.4,93.444,-36.1,4.965,5228.1,no
31,admin.,single,university.degree,no,no,no,cellular,aug,mon,65,4,999,0,nonexistent,1.4,93.444,-36.1,4.965,5228.1,no
51,services,married,high.school,no,yes,no,cellular,aug,mon,201,3,999,0,nonexistent,1.4,93.444,-36.1,4.965,5228.1,no
51,blue-collar,married,basic.4y,unknown,yes,no,cellular,aug,mon,324,2,999,0,nonexistent,1.4,93.444,-36.1,4.965,5228.1,no
57,blue-collar,married,basic.9y,no,yes,no,cellular,aug,mon,154,2,999,0,nonexistent,1.4,93.444,-36.1,4.965,5228.1,no
47,blue-collar,married,university.degree,no,yes,yes,cellular,aug,mon,362,3,999,0,nonexistent,1.4,93.444,-36.1,4.965,5228.1,no
38,admin.,married,university.degree,no,yes,no,cellular,aug,mon,124,2,999,0,nonexistent,1.4,93.444,-36.1,4.965,5228.1,no
44,self-employed,married,basic.9y,no,no,yes,cellular,aug,mon,140,5,999,0,nonexistent,1.4,93.444,-36.1,4.965,5228.1,no
42,admin.,single,university.degree,no,no,no,cellular,aug,mon,14,11,999,0,nonexistent,1.4,93.444,-36.1,4.965,5228.1,no
42,technician,married,professional.course,no,yes,no,cellular,aug,mon,386,2,999,0,nonexistent,1.4,93.444,-36.1,4.965,5228.1,no
56,admin.,married,unknown,no,yes,no,cellular,aug,mon,476,2,999,0,nonexistent,1.4,93.444,-36.1,4.965,5228.1,no
52,blue-collar,married,basic.9y,no,yes,no,cellular,aug,mon,42,3,999,0,nonexistent,1.4,93.444,-36.1,4.965,5228.1,no
40,admin.,married,university.degree,no,yes,no,cellular,aug,mon,366,3,999,0,nonexistent,1.4,93.444,-36.1,4.965,5228.1,yes
31,admin.,married,university.degree,no,no,no,cellular,aug,mon,74,4,999,0,nonexistent,1.4,93.444,-36.1,4.965,5228.1,no
40,admin.,married,university.degree,no,no,no,cellular,aug,mon,23,12,999,0,nonexistent,1.4,93.444,-36.1,4.965,5228.1,no
56,technician,married,university.degree,no,no,no,cellular,aug,mon,228,2,999,0,nonexistent,1.4,93.444,-36.1,4.965,5228.1,no
33,self-employed,married,university.degree,no,yes,no,cellular,aug,mon,112,3,999,0,nonexistent,1.4,93.444,-36.1,4.965,5228.1,no
52,services,married,high.school,unknown,yes,yes,cellular,aug,mon,115,2,999,0,nonexistent,1.4,93.444,-36.1,4.965,5228.1,no
37,technician,married,university.degree,no,yes,no,cellular,aug,mon,15,11,999,0,nonexistent,1.4,93.444,-36.1,4.965,5228.1,no
29,admin.,single,university.degree,no,yes,no,cellular,aug,mon,728,2,999,0,nonexistent,1.4,93.444,-36.1,4.965,5228.1,no
35,management,divorced,university.degree,no,unknown,unknown,cellular,aug,mon,66,2,999,0,nonexistent,1.4,93.444,-36.1,4.965,5228.1,no
45,blue-collar,married,basic.4y,unknown,yes,yes,cellular,aug,mon,262,3,999,0,nonexistent,1.4,93.444,-36.1,4.965,5228.1,no
30,entrepreneur,married,university.degree,no,no,no,cellular,aug,mon,99,3,999,0,nonexistent,1.4,93.444,-36.1,4.965,5228.1,no
32,housemaid,married,basic.4y,no,yes,no,cellular,aug,mon,11,9,999,0,nonexistent,1.4,93.444,-36.1,4.965,5228.1,no
29,admin.,single,university.degree,no,no,no,cellular,aug,mon,9,7,999,0,nonexistent,1.4,93.444,-36.1,4.965,5228.1,no
45,services,married,high.school,unknown,yes,yes,cellular,aug,mon,213,2,999,0,nonexistent,1.4,93.444,-36.1,4.965,5228.1,no
49,housemaid,married,basic.4y,no,yes,no,cellular,aug,mon,211,4,999,0,nonexistent,1.4,93.444,-36.1,4.965,5228.1,no
33,technician,married,professional.course,no,yes,no,cellular,aug,mon,422,5,999,0,nonexistent,1.4,93.444,-36.1,4.965,5228.1,no
34,self-employed,married,basic.9y,unknown,yes,no,cellular,aug,mon,68,3,999,0,nonexistent,1.4,93.444,-36.1,4.965,5228.1,no
59,retired,married,basic.9y,no,no,no,cellular,aug,mon,105,9,999,0,nonexistent,1.4,93.444,-36.1,4.965,5228.1,no
32,technician,married,professional.course,no,yes,yes,cellular,aug,mon,69,2,999,0,nonexistent,1.4,93.444,-36.1,4.965,5228.1,no
31,technician,married,university.degree,no,yes,no,cellular,aug,mon,111,3,999,0,nonexistent,1.4,93.444,-36.1,4.965,5228.1,no
49,blue-collar,married,unknown,unknown,yes,no,cellular,aug,mon,36,4,999,0,nonexistent,1.4,93.444,-36.1,4.965,5228.1,no
42,management,married,university.degree,no,no,no,cellular,aug,mon,169,2,999,0,nonexistent,1.4,93.444,-36.1,4.965,5228.1,no
44,blue-collar,married,basic.4y,no,no,yes,cellular,aug,mon,734,2,999,0,nonexistent,1.4,93.444,-36.1,4.965,5228.1,no
44,blue-collar,married,basic.4y,no,no,no,cellular,aug,mon,484,2,999,0,nonexistent,1.4,93.444,-36.1,4.965,5228.1,no
30,technician,single,university.degree,no,yes,no,cellular,aug,mon,14,13,999,0,nonexistent,1.4,93.444,-36.1,4.965,5228.1,no
29,admin.,married,university.degree,no,no,no,cellular,aug,mon,235,2,999,0,nonexistent,1.4,93.444,-36.1,4.965,5228.1,no
40,technician,married,professional.course,no,yes,no,cellular,aug,mon,256,6,999,0,nonexistent,1.4,93.444,-36.1,4.965,5228.1,no
35,management,married,university.degree,no,yes,no,cellular,aug,mon,69,2,999,0,nonexistent,1.4,93.444,-36.1,4.965,5228.1,no
50,blue-collar,married,basic.4y,no,yes,yes,cellular,aug,mon,69,3,999,0,nonexistent,1.4,93.444,-36.1,4.965,5228.1,no
42,technician,divorced,professional.course,no,yes,yes,cellular,aug,mon,692,2,999,0,nonexistent,1.4,93.444,-36.1,4.965,5228.1,no
55,housemaid,married,basic.4y,no,yes,no,cellular,aug,mon,232,5,999,0,nonexistent,1.4,93.444,-36.1,4.965,5228.1,no
32,admin.,single,university.degree,no,yes,no,cellular,aug,mon,151,3,999,0,nonexistent,1.4,93.444,-36.1,4.965,5228.1,no
33,technician,single,university.degree,no,no,no,cellular,aug,mon,198,4,999,0,nonexistent,1.4,93.444,-36.1,4.965,5228.1,no
58,retired,married,basic.4y,unknown,no,no,cellular,aug,mon,454,2,999,0,nonexistent,1.4,93.444,-36.1,4.965,5228.1,no
41,admin.,married,university.degree,no,no,yes,cellular,aug,mon,114,3,999,0,nonexistent,1.4,93.444,-36.1,4.965,5228.1,no
52,services,married,professional.course,unknown,yes,yes,cellular,aug,mon,84,3,999,0,nonexistent,1.4,93.444,-36.1,4.965,5228.1,no
35,technician,single,professional.course,no,no,no,cellular,aug,mon,203,6,999,0,nonexistent,1.4,93.444,-36.1,4.965,5228.1,no
34,self-employed,married,basic.9y,unknown,no,no,cellular,aug,mon,81,3,999,0,nonexistent,1.4,93.444,-36.1,4.965,5228.1,no
32,technician,single,high.school,no,yes,no,cellular,aug,mon,433,3,999,0,nonexistent,1.4,93.444,-36.1,4.965,5228.1,no
45,management,married,university.degree,no,no,no,cellular,aug,mon,361,5,999,0,nonexistent,1.4,93.444,-36.1,4.965,5228.1,no
52,housemaid,married,basic.4y,unknown,yes,yes,cellular,aug,mon,160,4,999,0,nonexistent,1.4,93.444,-36.1,4.965,5228.1,no
57,admin.,married,unknown,no,yes,no,cellular,aug,mon,101,3,999,0,nonexistent,1.4,93.444,-36.1,4.965,5228.1,no
54,housemaid,married,basic.4y,unknown,yes,no,cellular,aug,mon,53,3,999,0,nonexistent,1.4,93.444,-36.1,4.965,5228.1,no
59,admin.,divorced,university.degree,unknown,yes,yes,cellular,aug,mon,323,2,999,0,nonexistent,1.4,93.444,-36.1,4.965,5228.1,no
37,technician,married,professional.course,no,yes,no,cellular,aug,mon,97,4,999,0,nonexistent,1.4,93.444,-36.1,4.965,5228.1,no
32,admin.,single,university.degree,no,yes,no,cellular,aug,mon,340,3,999,0,nonexistent,1.4,93.444,-36.1,4.965,5228.1,no
50,services,married,high.school,no,yes,no,cellular,aug,mon,54,15,999,0,nonexistent,1.4,93.444,-36.1,4.965,5228.1,no
46,blue-collar,married,basic.4y,no,no,no,cellular,aug,mon,251,3,999,0,nonexistent,1.4,93.444,-36.1,4.965,5228.1,no
35,technician,single,high.school,no,yes,no,cellular,aug,mon,87,2,999,0,nonexistent,1.4,93.444,-36.1,4.965,5228.1,no
52,services,married,high.school,unknown,yes,yes,cellular,aug,mon,454,3,999,0,nonexistent,1.4,93.444,-36.1,4.965,5228.1,no
52,blue-collar,married,basic.4y,no,yes,no,cellular,aug,mon,171,4,999,0,nonexistent,1.4,93.444,-36.1,4.965,5228.1,no
47,blue-collar,married,basic.4y,no,no,no,cellular,aug,mon,134,5,999,0,nonexistent,1.4,93.444,-36.1,4.965,5228.1,no
55,blue-collar,married,unknown,no,yes,no,cellular,aug,mon,280,3,999,0,nonexistent,1.4,93.444,-36.1,4.965,5228.1,no
29,admin.,single,university.degree,no,no,no,cellular,aug,mon,62,4,999,0,nonexistent,1.4,93.444,-36.1,4.965,5228.1,no
57,self-employed,married,university.degree,unknown,no,yes,cellular,aug,mon,131,2,999,0,nonexistent,1.4,93.444,-36.1,4.965,5228.1,no
57,blue-collar,married,basic.9y,no,yes,no,cellular,aug,mon,365,4,999,0,nonexistent,1.4,93.444,-36.1,4.965,5228.1,no
33,admin.,single,university.degree,no,yes,no,cellular,aug,mon,207,4,999,0,nonexistent,1.4,93.444,-36.1,4.965,5228.1,no
45,management,married,university.degree,no,no,no,cellular,aug,mon,105,2,999,0,nonexistent,1.4,93.444,-36.1,4.965,5228.1,no
45,blue-collar,married,basic.9y,no,yes,no,cellular,aug,mon,99,2,999,0,nonexistent,1.4,93.444,-36.1,4.965,5228.1,no
51,blue-collar,married,basic.4y,no,yes,no,cellular,aug,mon,197,3,999,0,nonexistent,1.4,93.444,-36.1,4.965,5228.1,no
54,blue-collar,married,basic.4y,no,yes,yes,cellular,aug,mon,484,3,999,0,nonexistent,1.4,93.444,-36.1,4.965,5228.1,no
39,technician,divorced,professional.course,unknown,no,no,cellular,aug,mon,93,4,999,0,nonexistent,1.4,93.444,-36.1,4.965,5228.1,no
57,services,married,professional.course,unknown,no,no,cellular,aug,mon,153,2,999,0,nonexistent,1.4,93.444,-36.1,4.965,5228.1,no
36,technician,married,high.school,no,yes,no,cellular,aug,mon,630,6,999,0,nonexistent,1.4,93.444,-36.1,4.965,5228.1,yes
43,technician,married,professional.course,unknown,no,no,cellular,aug,mon,67,4,999,0,nonexistent,1.4,93.444,-36.1,4.965,5228.1,no
55,management,married,university.degree,no,no,no,cellular,aug,mon,106,6,999,0,nonexistent,1.4,93.444,-36.1,4.965,5228.1,no
49,admin.,single,university.degree,no,yes,no,cellular,aug,mon,160,4,999,0,nonexistent,1.4,93.444,-36.1,4.965,5228.1,no
36,admin.,single,university.degree,no,yes,no,cellular,aug,mon,770,7,999,0,nonexistent,1.4,93.444,-36.1,4.965,5228.1,no
53,management,married,university.degree,no,no,no,cellular,aug,mon,313,4,999,0,nonexistent,1.4,93.444,-36.1,4.965,5228.1,no
48,blue-collar,married,basic.9y,no,no,no,cellular,aug,mon,348,2,999,0,nonexistent,1.4,93.444,-36.1,4.965,5228.1,no
50,blue-collar,married,basic.9y,unknown,no,no,cellular,aug,mon,106,3,999,0,nonexistent,1.4,93.444,-36.1,4.965,5228.1,no
34,technician,married,high.school,no,no,no,cellular,aug,mon,256,8,999,0,nonexistent,1.4,93.444,-36.1,4.965,5228.1,no
57,retired,married,basic.9y,no,yes,no,cellular,aug,mon,342,4,999,0,nonexistent,1.4,93.444,-36.1,4.965,5228.1,no
38,technician,single,university.degree,no,yes,no,cellular,aug,mon,109,2,999,0,nonexistent,1.4,93.444,-36.1,4.965,5228.1,no
40,management,married,university.degree,no,yes,no,cellular,aug,mon,159,4,999,0,nonexistent,1.4,93.444,-36.1,4.965,5228.1,no
41,technician,married,university.degree,unknown,yes,no,cellular,aug,mon,124,4,999,0,nonexistent,1.4,93.444,-36.1,4.965,5228.1,no
46,blue-collar,married,basic.9y,no,yes,no,cellular,aug,mon,378,3,999,0,nonexistent,1.4,93.444,-36.1,4.965,5228.1,no
37,admin.,single,university.degree,unknown,yes,yes,cellular,aug,mon,170,3,999,0,nonexistent,1.4,93.444,-36.1,4.965,5228.1,no
53,unknown,married,unknown,unknown,no,no,cellular,aug,mon,51,4,999,0,nonexistent,1.4,93.444,-36.1,4.965,5228.1,no
59,retired,married,basic.4y,no,yes,no,cellular,aug,mon,68,2,999,0,nonexistent,1.4,93.444,-36.1,4.965,5228.1,no
39,technician,divorced,professional.course,unknown,yes,no,cellular,aug,mon,714,5,999,0,nonexistent,1.4,93.444,-36.1,4.965,5228.1,yes
59,management,married,university.degree,no,no,yes,cellular,aug,mon,168,3,999,0,nonexistent,1.4,93.444,-36.1,4.965,5228.1,no
53,admin.,married,university.degree,no,yes,no,cellular,aug,mon,67,3,999,0,nonexistent,1.4,93.444,-36.1,4.965,5228.1,no
47,self-employed,married,university.degree,no,no,no,cellular,aug,mon,36,3,999,0,nonexistent,1.4,93.444,-36.1,4.965,5228.1,no
31,admin.,married,university.degree,no,no,no,cellular,aug,mon,119,9,999,0,nonexistent,1.4,93.444,-36.1,4.965,5228.1,no
38,admin.,married,university.degree,no,yes,yes,cellular,aug,mon,153,3,999,0,nonexistent,1.4,93.444,-36.1,4.965,5228.1,no
57,admin.,married,high.school,unknown,yes,yes,cellular,aug,mon,127,4,999,0,nonexistent,1.4,93.444,-36.1,4.965,5228.1,no
29,admin.,single,high.school,no,yes,yes,cellular,aug,mon,63,4,999,0,nonexistent,1.4,93.444,-36.1,4.965,5228.1,no
59,housemaid,married,basic.4y,unknown,yes,no,cellular,aug,mon,618,2,999,0,nonexistent,1.4,93.444,-36.1,4.965,5228.1,no
56,retired,married,professional.course,no,yes,no,cellular,aug,mon,202,5,999,0,nonexistent,1.4,93.444,-36.1,4.965,5228.1,no
40,technician,married,university.degree,unknown,yes,no,cellular,aug,mon,392,4,999,0,nonexistent,1.4,93.444,-36.1,4.965,5228.1,no
59,technician,married,high.school,no,yes,no,cellular,aug,mon,226,5,999,0,nonexistent,1.4,93.444,-36.1,4.965,5228.1,no
59,retired,married,basic.4y,unknown,yes,no,cellular,aug,mon,144,13,999,0,nonexistent,1.4,93.444,-36.1,4.965,5228.1,no
44,admin.,married,university.degree,no,no,no,cellular,aug,mon,56,5,999,0,nonexistent,1.4,93.444,-36.1,4.965,5228.1,no
45,admin.,divorced,university.degree,no,yes,no,cellular,aug,mon,121,2,999,0,nonexistent,1.4,93.444,-36.1,4.965,5228.1,no
45,admin.,divorced,university.degree,no,yes,no,cellular,aug,mon,390,5,999,0,nonexistent,1.4,93.444,-36.1,4.965,5228.1,no
56,services,married,high.school,no,no,no,cellular,aug,mon,75,7,999,0,nonexistent,1.4,93.444,-36.1,4.965,5228.1,no
43,admin.,single,university.degree,no,no,no,cellular,aug,mon,99,5,999,0,nonexistent,1.4,93.444,-36.1,4.965,5228.1,no
56,services,married,high.school,no,no,no,cellular,aug,mon,153,5,999,0,nonexistent,1.4,93.444,-36.1,4.965,5228.1,no
44,technician,married,professional.course,no,yes,no,cellular,aug,mon,63,6,999,0,nonexistent,1.4,93.444,-36.1,4.965,5228.1,no
50,management,married,university.degree,no,yes,no,cellular,aug,mon,308,4,999,0,nonexistent,1.4,93.444,-36.1,4.965,5228.1,no
37,technician,married,professional.course,no,no,no,cellular,aug,mon,163,5,999,0,nonexistent,1.4,93.444,-36.1,4.965,5228.1,no
50,blue-collar,married,professional.course,no,yes,no,cellular,aug,mon,45,8,999,0,nonexistent,1.4,93.444,-36.1,4.965,5228.1,no
47,self-employed,married,university.degree,no,no,no,cellular,aug,mon,230,4,999,0,nonexistent,1.4,93.444,-36.1,4.965,5228.1,no
38,admin.,married,high.school,no,yes,yes,cellular,aug,mon,90,2,999,0,nonexistent,1.4,93.444,-36.1,4.965,5228.1,no
50,admin.,married,university.degree,no,no,no,cellular,aug,mon,98,3,999,0,nonexistent,1.4,93.444,-36.1,4.965,5228.1,no
34,technician,married,high.school,no,yes,no,cellular,aug,mon,83,3,999,0,nonexistent,1.4,93.444,-36.1,4.965,5228.1,no
46,technician,married,professional.course,no,no,no,cellular,aug,mon,194,5,999,0,nonexistent,1.4,93.444,-36.1,4.965,5228.1,no
38,technician,married,university.degree,no,yes,no,cellular,aug,mon,1374,6,999,0,nonexistent,1.4,93.444,-36.1,4.965,5228.1,yes
55,management,married,university.degree,no,no,no,cellular,aug,mon,372,3,999,0,nonexistent,1.4,93.444,-36.1,4.965,5228.1,yes
47,unknown,married,unknown,unknown,yes,no,cellular,aug,tue,104,3,999,0,nonexistent,1.4,93.444,-36.1,4.965,5228.1,no
58,retired,married,university.degree,no,yes,no,cellular,aug,tue,90,2,999,0,nonexistent,1.4,93.444,-36.1,4.965,5228.1,no
51,admin.,married,university.degree,no,no,no,cellular,aug,tue,69,2,999,0,nonexistent,1.4,93.444,-36.1,4.965,5228.1,no
41,admin.,single,university.degree,no,no,no,cellular,aug,tue,127,4,999,0,nonexistent,1.4,93.444,-36.1,4.965,5228.1,no
38,admin.,married,university.degree,no,no,no,cellular,aug,tue,122,2,999,0,nonexistent,1.4,93.444,-36.1,4.965,5228.1,no
51,admin.,single,university.degree,no,yes,no,cellular,aug,tue,179,11,999,0,nonexistent,1.4,93.444,-36.1,4.965,5228.1,no
46,admin.,married,basic.9y,no,yes,yes,cellular,aug,tue,160,4,999,0,nonexistent,1.4,93.444,-36.1,4.965,5228.1,no
55,retired,married,high.school,no,yes,no,cellular,aug,tue,106,4,999,0,nonexistent,1.4,93.444,-36.1,4.965,5228.1,no
36,housemaid,married,basic.4y,no,unknown,unknown,cellular,aug,tue,23,14,999,0,nonexistent,1.4,93.444,-36.1,4.965,5228.1,no
40,technician,divorced,professional.course,no,unknown,unknown,cellular,aug,tue,69,3,999,0,nonexistent,1.4,93.444,-36.1,4.965,5228.1,no
48,housemaid,married,basic.9y,no,yes,no,cellular,aug,tue,137,3,999,0,nonexistent,1.4,93.444,-36.1,4.965,5228.1,no
40,admin.,married,university.degree,no,yes,no,cellular,aug,tue,435,3,999,0,nonexistent,1.4,93.444,-36.1,4.965,5228.1,no
55,services,married,high.school,unknown,yes,no,cellular,aug,tue,209,3,999,0,nonexistent,1.4,93.444,-36.1,4.965,5228.1,no
54,blue-collar,married,basic.9y,no,yes,no,cellular,aug,tue,110,3,999,0,nonexistent,1.4,93.444,-36.1,4.965,5228.1,no
47,self-employed,married,university.degree,no,unknown,unknown,cellular,aug,tue,95,4,999,0,nonexistent,1.4,93.444,-36.1,4.965,5228.1,no
56,admin.,divorced,university.degree,no,yes,no,cellular,aug,tue,479,4,999,0,nonexistent,1.4,93.444,-36.1,4.965,5228.1,no
31,technician,divorced,high.school,no,yes,no,cellular,aug,tue,254,3,999,0,nonexistent,1.4,93.444,-36.1,4.965,5228.1,no
38,admin.,married,university.degree,no,yes,no,cellular,aug,tue,427,12,999,0,nonexistent,1.4,93.444,-36.1,4.965,5228.1,no
59,housemaid,married,basic.4y,unknown,no,no,cellular,aug,tue,77,6,999,0,nonexistent,1.4,93.444,-36.1,4.965,5228.1,no
38,technician,married,university.degree,no,yes,no,cellular,aug,tue,102,5,999,0,nonexistent,1.4,93.444,-36.1,4.965,5228.1,no
49,admin.,married,university.degree,no,yes,no,cellular,aug,tue,62,2,999,0,nonexistent,1.4,93.444,-36.1,4.965,5228.1,no
50,admin.,divorced,university.degree,no,yes,no,cellular,aug,tue,73,2,999,0,nonexistent,1.4,93.444,-36.1,4.965,5228.1,no
40,technician,divorced,professional.course,no,yes,no,cellular,aug,tue,109,8,999,0,nonexistent,1.4,93.444,-36.1,4.965,5228.1,no
59,management,married,university.degree,no,yes,no,cellular,aug,tue,0,10,999,0,nonexistent,1.4,93.444,-36.1,4.965,5228.1,no
57,retired,married,basic.9y,no,no,no,cellular,aug,tue,388,4,999,0,nonexistent,1.4,93.444,-36.1,4.965,5228.1,yes
38,admin.,married,university.degree,no,no,no,cellular,aug,tue,85,5,999,0,nonexistent,1.4,93.444,-36.1,4.965,5228.1,no
50,admin.,divorced,university.degree,no,yes,no,cellular,aug,tue,23,9,999,0,nonexistent,1.4,93.444,-36.1,4.965,5228.1,no
47,self-employed,married,university.degree,no,yes,no,cellular,aug,tue,146,7,999,0,nonexistent,1.4,93.444,-36.1,4.965,5228.1,no
48,blue-collar,married,basic.9y,no,yes,no,cellular,aug,tue,100,2,999,0,nonexistent,1.4,93.444,-36.1,4.965,5228.1,no
46,admin.,married,university.degree,unknown,no,no,cellular,aug,tue,55,2,999,0,nonexistent,1.4,93.444,-36.1,4.965,5228.1,no
48,technician,married,professional.course,no,no,no,cellular,aug,tue,67,2,999,0,nonexistent,1.4,93.444,-36.1,4.965,5228.1,no
37,housemaid,married,basic.4y,unknown,no,yes,cellular,aug,tue,235,2,999,0,nonexistent,1.4,93.444,-36.1,4.965,5228.1,no
57,admin.,married,high.school,unknown,no,no,cellular,aug,tue,135,15,999,0,nonexistent,1.4,93.444,-36.1,4.965,5228.1,no
32,technician,single,professional.course,no,yes,no,cellular,aug,tue,60,4,999,0,nonexistent,1.4,93.444,-36.1,4.965,5228.1,no
48,housemaid,married,basic.9y,no,yes,no,cellular,aug,tue,159,2,999,0,nonexistent,1.4,93.444,-36.1,4.965,5228.1,no
48,technician,married,university.degree,no,yes,no,cellular,aug,tue,64,1,999,0,nonexistent,1.4,93.444,-36.1,4.965,5228.1,no
48,technician,married,university.degree,no,yes,no,cellular,aug,tue,247,1,999,0,nonexistent,1.4,93.444,-36.1,4.965,5228.1,no
44,admin.,married,university.degree,no,no,no,cellular,aug,tue,102,1,999,0,nonexistent,1.4,93.444,-36.1,4.965,5228.1,no
32,technician,single,high.school,no,no,no,cellular,aug,tue,106,5,999,0,nonexistent,1.4,93.444,-36.1,4.965,5228.1,no
47,self-employed,married,university.degree,no,no,no,cellular,aug,tue,108,5,999,0,nonexistent,1.4,93.444,-36.1,4.965,5228.1,no
36,technician,married,professional.course,no,yes,no,cellular,aug,tue,92,1,999,0,nonexistent,1.4,93.444,-36.1,4.965,5228.1,no
38,admin.,married,university.degree,no,no,no,cellular,aug,tue,178,1,999,0,nonexistent,1.4,93.444,-36.1,4.965,5228.1,no
55,technician,divorced,professional.course,unknown,yes,no,cellular,aug,tue,80,1,999,0,nonexistent,1.4,93.444,-36.1,4.965,5228.1,no
55,technician,divorced,professional.course,unknown,no,no,cellular,aug,tue,169,1,999,0,nonexistent,1.4,93.444,-36.1,4.965,5228.1,no
46,admin.,married,basic.9y,no,no,no,cellular,aug,tue,317,4,999,0,nonexistent,1.4,93.444,-36.1,4.965,5228.1,no
42,management,married,university.degree,unknown,no,no,cellular,aug,tue,217,1,999,0,nonexistent,1.4,93.444,-36.1,4.965,5228.1,no
42,management,married,university.degree,unknown,yes,no,cellular,aug,tue,196,1,999,0,nonexistent,1.4,93.444,-36.1,4.965,5228.1,no
38,technician,single,high.school,no,yes,yes,cellular,aug,tue,97,1,999,0,nonexistent,1.4,93.444,-36.1,4.965,5228.1,no
42,management,married,university.degree,unknown,yes,yes,cellular,aug,tue,634,1,999,0,nonexistent,1.4,93.444,-36.1,4.965,5228.1,no
55,technician,divorced,professional.course,unknown,no,no,cellular,aug,tue,700,1,999,0,nonexistent,1.4,93.444,-36.1,4.965,5228.1,no
31,technician,divorced,high.school,no,no,no,cellular,aug,tue,67,3,999,0,nonexistent,1.4,93.444,-36.1,4.965,5228.1,no
41,self-employed,married,professional.course,no,no,no,cellular,aug,tue,80,11,999,0,nonexistent,1.4,93.444,-36.1,4.965,5228.1,no
32,technician,married,professional.course,no,yes,no,cellular,aug,tue,185,2,999,0,nonexistent,1.4,93.444,-36.1,4.965,5228.1,no
46,admin.,married,university.degree,unknown,yes,no,cellular,aug,tue,210,3,999,0,nonexistent,1.4,93.444,-36.1,4.965,5228.1,no
50,admin.,married,university.degree,no,yes,no,cellular,aug,tue,76,1,999,0,nonexistent,1.4,93.444,-36.1,4.965,5228.1,no
35,admin.,single,university.degree,no,no,yes,cellular,aug,tue,64,1,999,0,nonexistent,1.4,93.444,-36.1,4.965,5228.1,no
35,admin.,single,university.degree,no,no,no,cellular,aug,tue,131,1,999,0,nonexistent,1.4,93.444,-36.1,4.965,5228.1,no
50,admin.,married,university.degree,no,yes,yes,cellular,aug,tue,252,1,999,0,nonexistent,1.4,93.444,-36.1,4.965,5228.1,no
48,housemaid,married,basic.9y,no,yes,no,cellular,aug,tue,155,1,999,0,nonexistent,1.4,93.444,-36.1,4.965,5228.1,no
50,blue-collar,married,professional.course,no,yes,yes,cellular,aug,tue,14,8,999,0,nonexistent,1.4,93.444,-36.1,4.965,5228.1,no
55,technician,divorced,university.degree,no,no,no,cellular,aug,tue,104,1,999,0,nonexistent,1.4,93.444,-36.1,4.965,5228.1,no
37,technician,divorced,professional.course,no,no,no,cellular,aug,tue,65,2,999,0,nonexistent,1.4,93.444,-36.1,4.965,5228.1,no
42,housemaid,married,high.school,no,yes,no,cellular,aug,tue,176,1,999,0,nonexistent,1.4,93.444,-36.1,4.965,5228.1,no
47,self-employed,married,university.degree,no,yes,no,cellular,aug,tue,28,13,999,0,nonexistent,1.4,93.444,-36.1,4.965,5228.1,no
55,technician,divorced,university.degree,no,yes,no,cellular,aug,tue,610,1,999,0,nonexistent,1.4,93.444,-36.1,4.965,5228.1,no
40,technician,divorced,professional.course,no,no,no,cellular,aug,tue,279,4,999,0,nonexistent,1.4,93.444,-36.1,4.965,5228.1,no
38,management,divorced,university.degree,no,yes,no,cellular,aug,tue,345,2,999,0,nonexistent,1.4,93.444,-36.1,4.965,5228.1,no
39,technician,married,university.degree,no,no,no,cellular,aug,tue,191,1,999,0,nonexistent,1.4,93.444,-36.1,4.965,5228.1,no
55,admin.,married,university.degree,no,yes,no,cellular,aug,tue,82,3,999,0,nonexistent,1.4,93.444,-36.1,4.965,5228.1,no
53,admin.,married,university.degree,unknown,no,no,cellular,aug,tue,18,11,999,0,nonexistent,1.4,93.444,-36.1,4.965,5228.1,no
35,technician,single,professional.course,no,yes,no,cellular,aug,tue,137,1,999,0,nonexistent,1.4,93.444,-36.1,4.965,5228.1,no
45,unknown,married,high.school,unknown,yes,no,cellular,aug,tue,94,1,999,0,nonexistent,1.4,93.444,-36.1,4.965,5228.1,no
35,technician,single,professional.course,no,yes,yes,cellular,aug,tue,259,1,999,0,nonexistent,1.4,93.444,-36.1,4.965,5228.1,no
47,blue-collar,married,high.school,no,unknown,unknown,cellular,aug,tue,153,10,999,0,nonexistent,1.4,93.444,-36.1,4.965,5228.1,no
45,unknown,married,high.school,unknown,yes,no,cellular,aug,tue,142,1,999,0,nonexistent,1.4,93.444,-36.1,4.965,5228.1,no
41,technician,single,professional.course,no,yes,no,cellular,aug,tue,179,1,999,0,nonexistent,1.4,93.444,-36.1,4.965,5228.1,no
41,technician,single,professional.course,no,unknown,unknown,cellular,aug,tue,123,1,999,0,nonexistent,1.4,93.444,-36.1,4.965,5228.1,no
41,technician,single,professional.course,no,yes,no,cellular,aug,tue,239,1,999,0,nonexistent,1.4,93.444,-36.1,4.965,5228.1,no
41,technician,single,professional.course,no,no,no,cellular,aug,tue,358,1,999,0,nonexistent,1.4,93.444,-36.1,4.965,5228.1,no
37,technician,divorced,professional.course,no,no,no,cellular,aug,tue,312,1,999,0,nonexistent,1.4,93.444,-36.1,4.965,5228.1,no
37,technician,divorced,professional.course,no,no,no,cellular,aug,tue,80,1,999,0,nonexistent,1.4,93.444,-36.1,4.965,5228.1,no
37,technician,divorced,professional.course,no,unknown,unknown,cellular,aug,tue,417,1,999,0,nonexistent,1.4,93.444,-36.1,4.965,5228.1,no
30,technician,married,professional.course,no,no,no,cellular,aug,tue,392,1,999,0,nonexistent,1.4,93.444,-36.1,4.965,5228.1,no
37,admin.,married,university.degree,no,no,no,cellular,aug,tue,85,12,999,0,nonexistent,1.4,93.444,-36.1,4.965,5228.1,no
32,admin.,married,university.degree,no,yes,yes,cellular,aug,tue,24,12,999,0,nonexistent,1.4,93.444,-36.1,4.965,5228.1,no
54,admin.,married,university.degree,no,no,no,cellular,aug,tue,119,3,999,0,nonexistent,1.4,93.444,-36.1,4.965,5228.1,no
36,housemaid,married,basic.4y,no,yes,no,cellular,aug,tue,183,7,999,0,nonexistent,1.4,93.444,-36.1,4.965,5228.1,no
48,technician,married,university.degree,no,yes,no,cellular,aug,tue,189,2,999,0,nonexistent,1.4,93.444,-36.1,4.965,5228.1,no
47,technician,married,high.school,no,no,no,cellular,aug,tue,73,9,999,0,nonexistent,1.4,93.444,-36.1,4.965,5228.1,no
29,technician,single,high.school,no,yes,no,cellular,aug,tue,130,6,999,0,nonexistent,1.4,93.444,-36.1,4.965,5228.1,no
52,unemployed,divorced,high.school,no,yes,yes,cellular,aug,tue,99,1,999,0,nonexistent,1.4,93.444,-36.1,4.965,5228.1,no
33,technician,married,professional.course,unknown,yes,no,cellular,aug,tue,97,2,999,0,nonexistent,1.4,93.444,-36.1,4.965,5228.1,no
50,blue-collar,married,basic.4y,unknown,yes,no,cellular,aug,tue,204,1,999,0,nonexistent,1.4,93.444,-36.1,4.965,5228.1,no
37,housemaid,married,basic.4y,unknown,yes,no,cellular,aug,tue,176,1,999,0,nonexistent,1.4,93.444,-36.1,4.965,5228.1,no
58,self-employed,married,basic.9y,no,no,no,cellular,aug,tue,83,2,999,0,nonexistent,1.4,93.444,-36.1,4.965,5228.1,no
38,technician,married,university.degree,no,yes,no,cellular,aug,tue,95,1,999,0,nonexistent,1.4,93.444,-36.1,4.965,5228.1,no
38,technician,married,university.degree,no,no,no,cellular,aug,tue,264,1,999,0,nonexistent,1.4,93.444,-36.1,4.965,5228.1,no
50,technician,married,university.degree,no,unknown,unknown,cellular,aug,tue,107,2,999,0,nonexistent,1.4,93.444,-36.1,4.965,5228.1,no
50,admin.,divorced,university.degree,no,no,no,cellular,aug,tue,130,1,999,0,nonexistent,1.4,93.444,-36.1,4.965,5228.1,no
32,technician,single,professional.course,no,yes,no,cellular,aug,tue,128,1,999,0,nonexistent,1.4,93.444,-36.1,4.965,5228.1,no
47,self-employed,married,university.degree,no,yes,no,cellular,aug,tue,484,1,999,0,nonexistent,1.4,93.444,-36.1,4.965,5228.1,no
38,admin.,married,university.degree,no,no,no,cellular,aug,tue,80,1,999,0,nonexistent,1.4,93.444,-36.1,4.965,5228.1,no
48,technician,married,university.degree,no,yes,no,cellular,aug,tue,174,1,999,0,nonexistent,1.4,93.444,-36.1,4.965,5228.1,no
33,admin.,divorced,university.degree,no,yes,no,cellular,aug,tue,249,1,999,0,nonexistent,1.4,93.444,-36.1,4.965,5228.1,no
48,services,married,basic.4y,unknown,yes,no,cellular,aug,tue,240,1,999,0,nonexistent,1.4,93.444,-36.1,4.965,5228.1,no
33,admin.,divorced,university.degree,no,no,no,cellular,aug,tue,384,1,999,0,nonexistent,1.4,93.444,-36.1,4.965,5228.1,no
32,technician,single,professional.course,no,yes,no,cellular,aug,tue,71,2,999,0,nonexistent,1.4,93.444,-36.1,4.965,5228.1,no
30,technician,divorced,professional.course,unknown,yes,no,cellular,aug,tue,210,3,999,0,nonexistent,1.4,93.444,-36.1,4.965,5228.1,no
47,technician,married,high.school,no,no,no,cellular,aug,tue,111,2,999,0,nonexistent,1.4,93.444,-36.1,4.965,5228.1,no
57,retired,married,basic.9y,no,no,no,cellular,aug,tue,22,27,999,0,nonexistent,1.4,93.444,-36.1,4.965,5228.1,no
55,management,married,university.degree,no,yes,no,cellular,aug,tue,101,2,999,0,nonexistent,1.4,93.444,-36.1,4.965,5228.1,no
29,admin.,married,university.degree,no,no,no,cellular,aug,tue,124,2,999,0,nonexistent,1.4,93.444,-36.1,4.965,5228.1,no
39,technician,divorced,professional.course,unknown,yes,no,cellular,aug,tue,41,7,999,0,nonexistent,1.4,93.444,-36.1,4.965,5228.1,no
52,blue-collar,married,basic.4y,no,no,no,cellular,aug,tue,31,6,999,0,nonexistent,1.4,93.444,-36.1,4.965,5228.1,no
40,management,married,university.degree,no,no,no,cellular,aug,tue,17,11,999,0,nonexistent,1.4,93.444,-36.1,4.965,5228.1,no
32,admin.,married,university.degree,no,no,yes,cellular,aug,tue,301,3,999,0,nonexistent,1.4,93.444,-36.1,4.965,5228.1,no
57,retired,married,basic.9y,no,yes,yes,cellular,aug,tue,1223,4,999,0,nonexistent,1.4,93.444,-36.1,4.965,5228.1,yes
48,services,married,basic.4y,unknown,yes,no,cellular,aug,tue,1000,3,999,0,nonexistent,1.4,93.444,-36.1,4.965,5228.1,yes
35,technician,married,professional.course,no,yes,no,cellular,aug,tue,333,2,999,0,nonexistent,1.4,93.444,-36.1,4.965,5228.1,no
35,technician,married,university.degree,no,no,no,cellular,aug,tue,241,4,999,0,nonexistent,1.4,93.444,-36.1,4.965,5228.1,no
35,technician,married,university.degree,no,yes,no,cellular,aug,tue,55,2,999,0,nonexistent,1.4,93.444,-36.1,4.965,5228.1,no
32,admin.,divorced,university.degree,no,no,no,cellular,aug,tue,74,2,999,0,nonexistent,1.4,93.444,-36.1,4.965,5228.1,no
35,technician,single,professional.course,no,yes,no,cellular,aug,tue,300,2,999,0,nonexistent,1.4,93.444,-36.1,4.965,5228.1,no
37,technician,divorced,professional.course,no,yes,no,cellular,aug,tue,520,2,999,0,nonexistent,1.4,93.444,-36.1,4.965,5228.1,no
52,unemployed,divorced,high.school,no,no,no,cellular,aug,tue,96,2,999,0,nonexistent,1.4,93.444,-36.1,4.965,5228.1,no
46,admin.,married,university.degree,unknown,yes,no,cellular,aug,tue,66,2,999,0,nonexistent,1.4,93.444,-36.1,4.965,5228.1,no
51,blue-collar,married,basic.4y,no,no,no,cellular,aug,tue,36,19,999,0,nonexistent,1.4,93.444,-36.1,4.965,5228.1,no
52,blue-collar,married,basic.4y,no,yes,no,cellular,aug,tue,234,2,999,0,nonexistent,1.4,93.444,-36.1,4.965,5228.1,no
32,technician,divorced,high.school,no,unknown,unknown,cellular,aug,tue,301,10,999,0,nonexistent,1.4,93.444,-36.1,4.965,5228.1,no
32,technician,single,high.school,no,no,no,cellular,aug,tue,162,10,999,0,nonexistent,1.4,93.444,-36.1,4.965,5228.1,no
59,housemaid,married,unknown,unknown,yes,no,cellular,aug,tue,72,2,999,0,nonexistent,1.4,93.444,-36.1,4.965,5228.1,no
41,unemployed,divorced,professional.course,no,unknown,unknown,cellular,aug,tue,271,3,999,0,nonexistent,1.4,93.444,-36.1,4.965,5228.1,no
40,technician,single,high.school,no,yes,no,cellular,aug,tue,76,2,999,0,nonexistent,1.4,93.444,-36.1,4.965,5228.1,no
50,services,married,high.school,unknown,no,no,cellular,aug,tue,10,13,999,0,nonexistent,1.4,93.444,-36.1,4.965,5228.1,no
53,unknown,married,unknown,unknown,no,no,cellular,aug,tue,12,9,999,0,nonexistent,1.4,93.444,-36.1,4.965,5228.1,no
50,housemaid,married,unknown,no,no,no,cellular,aug,tue,287,3,999,0,nonexistent,1.4,93.444,-36.1,4.965,5228.1,no
58,blue-collar,married,basic.6y,no,yes,no,cellular,aug,tue,140,3,999,0,nonexistent,1.4,93.444,-36.1,4.965,5228.1,no
55,admin.,married,university.degree,no,yes,no,cellular,aug,tue,358,2,999,0,nonexistent,1.4,93.444,-36.1,4.965,5228.1,no
54,admin.,married,university.degree,no,yes,no,cellular,aug,tue,120,3,999,0,nonexistent,1.4,93.444,-36.1,4.965,5228.1,no
60,technician,married,university.degree,no,yes,no,cellular,aug,tue,11,8,999,0,nonexistent,1.4,93.444,-36.1,4.965,5228.1,no
48,technician,single,university.degree,unknown,no,no,cellular,aug,tue,532,8,999,0,nonexistent,1.4,93.444,-36.1,4.965,5228.1,no
43,management,married,university.degree,no,no,no,cellular,aug,tue,175,3,999,0,nonexistent,1.4,93.444,-36.1,4.965,5228.1,no
31,admin.,married,university.degree,no,yes,no,cellular,aug,tue,157,4,999,0,nonexistent,1.4,93.444,-36.1,4.965,5228.1,no
47,admin.,divorced,university.degree,no,no,yes,cellular,aug,tue,264,19,999,0,nonexistent,1.4,93.444,-36.1,4.965,5228.1,no
42,admin.,married,university.degree,no,yes,no,cellular,aug,tue,172,3,999,0,nonexistent,1.4,93.444,-36.1,4.965,5228.1,no
46,entrepreneur,married,high.school,no,yes,no,cellular,aug,tue,435,5,999,0,nonexistent,1.4,93.444,-36.1,4.965,5228.1,no
42,admin.,married,university.degree,no,yes,no,cellular,aug,tue,84,4,999,0,nonexistent,1.4,93.444,-36.1,4.965,5228.1,no
47,admin.,married,university.degree,no,yes,no,cellular,aug,tue,653,5,999,0,nonexistent,1.4,93.444,-36.1,4.965,5228.1,no
36,technician,married,professional.course,no,no,no,cellular,aug,tue,205,5,999,0,nonexistent,1.4,93.444,-36.1,4.965,5228.1,no
47,blue-collar,married,basic.4y,unknown,no,no,cellular,aug,tue,110,2,999,0,nonexistent,1.4,93.444,-36.1,4.965,5228.1,no
38,technician,married,high.school,no,no,no,cellular,aug,tue,100,5,999,0,nonexistent,1.4,93.444,-36.1,4.965,5228.1,no
47,management,married,university.degree,no,yes,no,cellular,aug,tue,133,8,999,0,nonexistent,1.4,93.444,-36.1,4.965,5228.1,no
37,technician,single,university.degree,no,no,no,cellular,aug,tue,277,2,999,0,nonexistent,1.4,93.444,-36.1,4.965,5228.1,no
47,entrepreneur,married,high.school,no,yes,yes,cellular,aug,tue,303,5,999,0,nonexistent,1.4,93.444,-36.1,4.965,5228.1,no
42,technician,divorced,professional.course,no,yes,no,cellular,aug,tue,265,11,999,0,nonexistent,1.4,93.444,-36.1,4.965,5228.1,no
53,unknown,married,basic.4y,unknown,no,no,cellular,aug,tue,107,2,999,0,nonexistent,1.4,93.444,-36.1,4.965,5228.1,no
42,admin.,married,university.degree,no,no,no,cellular,aug,tue,77,3,999,0,nonexistent,1.4,93.444,-36.1,4.965,5228.1,no
42,management,married,university.degree,no,no,yes,cellular,aug,tue,130,3,999,0,nonexistent,1.4,93.444,-36.1,4.965,5228.1,no
37,services,married,high.school,no,no,no,cellular,aug,tue,377,7,999,0,nonexistent,1.4,93.444,-36.1,4.965,5228.1,no
29,admin.,single,university.degree,no,yes,no,cellular,aug,tue,155,3,999,0,nonexistent,1.4,93.444,-36.1,4.965,5228.1,no
57,admin.,married,university.degree,unknown,yes,yes,cellular,aug,tue,61,4,999,0,nonexistent,1.4,93.444,-36.1,4.965,5228.1,no
46,services,married,high.school,no,yes,no,cellular,aug,tue,183,3,999,0,nonexistent,1.4,93.444,-36.1,4.965,5228.1,no
57,technician,single,professional.course,no,yes,yes,cellular,aug,tue,218,4,999,0,nonexistent,1.4,93.444,-36.1,4.965,5228.1,no
55,management,married,university.degree,no,yes,yes,cellular,aug,tue,384,4,999,0,nonexistent,1.4,93.444,-36.1,4.965,5228.1,no
31,management,married,university.degree,no,yes,no,cellular,aug,tue,57,6,999,0,nonexistent,1.4,93.444,-36.1,4.965,5228.1,no
55,blue-collar,married,basic.9y,no,yes,no,cellular,aug,tue,209,4,999,0,nonexistent,1.4,93.444,-36.1,4.965,5228.1,no
38,technician,married,high.school,no,no,no,cellular,aug,tue,89,2,999,0,nonexistent,1.4,93.444,-36.1,4.965,5228.1,no
29,admin.,single,university.degree,no,no,no,cellular,aug,tue,82,3,999,0,nonexistent,1.4,93.444,-36.1,4.965,5228.1,no
44,technician,married,professional.course,no,no,no,cellular,aug,tue,168,6,999,0,nonexistent,1.4,93.444,-36.1,4.965,5228.1,no
45,services,married,basic.6y,unknown,no,no,cellular,aug,tue,98,5,999,0,nonexistent,1.4,93.444,-36.1,4.965,5228.1,no
29,services,married,professional.course,unknown,yes,no,cellular,aug,tue,2089,6,999,0,nonexistent,1.4,93.444,-36.1,4.965,5228.1,yes
54,admin.,married,high.school,no,no,no,cellular,aug,tue,84,5,999,0,nonexistent,1.4,93.444,-36.1,4.965,5228.1,no
48,admin.,married,professional.course,no,no,no,cellular,aug,tue,369,4,999,0,nonexistent,1.4,93.444,-36.1,4.965,5228.1,no
56,admin.,married,university.degree,unknown,yes,no,cellular,aug,tue,125,2,999,0,nonexistent,1.4,93.444,-36.1,4.965,5228.1,no
37,blue-collar,single,professional.course,no,no,no,cellular,aug,tue,109,11,999,0,nonexistent,1.4,93.444,-36.1,4.965,5228.1,no
38,admin.,married,university.degree,no,yes,no,cellular,aug,tue,35,6,999,0,nonexistent,1.4,93.444,-36.1,4.965,5228.1,no
58,retired,married,basic.4y,no,no,no,cellular,aug,tue,556,6,999,0,nonexistent,1.4,93.444,-36.1,4.965,5228.1,yes
51,services,married,high.school,unknown,no,yes,cellular,aug,tue,20,5,999,0,nonexistent,1.4,93.444,-36.1,4.965,5228.1,no
42,self-employed,single,university.degree,no,yes,no,cellular,aug,tue,133,6,999,0,nonexistent,1.4,93.444,-36.1,4.965,5228.1,no
57,admin.,married,university.degree,unknown,no,no,cellular,aug,tue,101,2,999,0,nonexistent,1.4,93.444,-36.1,4.965,5228.1,no
46,housemaid,married,basic.4y,no,no,no,cellular,aug,tue,240,4,999,0,nonexistent,1.4,93.444,-36.1,4.965,5228.1,no
56,services,divorced,high.school,unknown,yes,no,cellular,aug,tue,59,5,999,0,nonexistent,1.4,93.444,-36.1,4.965,5228.1,no
46,admin.,married,university.degree,unknown,no,no,cellular,aug,tue,515,9,999,0,nonexistent,1.4,93.444,-36.1,4.965,5228.1,no
55,blue-collar,married,basic.9y,no,no,no,telephone,aug,tue,361,10,999,0,nonexistent,1.4,93.444,-36.1,4.965,5228.1,no
36,technician,married,university.degree,no,no,no,cellular,aug,tue,99,5,999,0,nonexistent,1.4,93.444,-36.1,4.965,5228.1,no
58,blue-collar,divorced,basic.6y,unknown,no,no,cellular,aug,tue,272,7,999,0,nonexistent,1.4,93.444,-36.1,4.965,5228.1,no
55,management,married,university.degree,no,yes,no,cellular,aug,wed,52,2,999,0,nonexistent,1.4,93.444,-36.1,4.9639999999999995,5228.1,no
37,blue-collar,single,professional.course,no,no,no,cellular,aug,wed,94,3,999,0,nonexistent,1.4,93.444,-36.1,4.9639999999999995,5228.1,no
41,admin.,married,university.degree,no,no,no,cellular,aug,wed,108,4,999,0,nonexistent,1.4,93.444,-36.1,4.9639999999999995,5228.1,no
33,admin.,single,university.degree,no,yes,no,cellular,aug,wed,116,2,999,0,nonexistent,1.4,93.444,-36.1,4.9639999999999995,5228.1,no
48,admin.,married,university.degree,no,yes,yes,cellular,aug,wed,87,4,999,0,nonexistent,1.4,93.444,-36.1,4.9639999999999995,5228.1,no
48,blue-collar,married,high.school,no,yes,no,cellular,aug,wed,128,6,999,0,nonexistent,1.4,93.444,-36.1,4.9639999999999995,5228.1,no
39,admin.,married,university.degree,no,yes,no,cellular,aug,wed,581,4,999,0,nonexistent,1.4,93.444,-36.1,4.9639999999999995,5228.1,yes
52,housemaid,married,basic.4y,no,yes,no,cellular,aug,wed,20,24,999,0,nonexistent,1.4,93.444,-36.1,4.9639999999999995,5228.1,no
48,admin.,married,university.degree,no,yes,no,cellular,aug,wed,113,2,999,0,nonexistent,1.4,93.444,-36.1,4.9639999999999995,5228.1,no
45,admin.,married,basic.9y,no,yes,yes,cellular,aug,wed,106,3,999,0,nonexistent,1.4,93.444,-36.1,4.9639999999999995,5228.1,no
29,admin.,single,university.degree,no,no,no,cellular,aug,wed,130,6,999,0,nonexistent,1.4,93.444,-36.1,4.9639999999999995,5228.1,no
43,technician,married,professional.course,no,no,no,cellular,aug,wed,146,4,999,0,nonexistent,1.4,93.444,-36.1,4.9639999999999995,5228.1,no
29,technician,single,professional.course,no,no,no,cellular,aug,wed,185,4,999,0,nonexistent,1.4,93.444,-36.1,4.9639999999999995,5228.1,no
31,technician,single,high.school,no,no,no,cellular,aug,wed,1033,3,999,0,nonexistent,1.4,93.444,-36.1,4.9639999999999995,5228.1,yes
37,blue-collar,single,professional.course,no,yes,no,cellular,aug,wed,503,8,999,0,nonexistent,1.4,93.444,-36.1,4.9639999999999995,5228.1,no
36,technician,married,professional.course,no,yes,no,cellular,aug,wed,95,5,999,0,nonexistent,1.4,93.444,-36.1,4.9639999999999995,5228.1,no
59,admin.,divorced,professional.course,unknown,yes,no,cellular,aug,wed,87,2,999,0,nonexistent,1.4,93.444,-36.1,4.9639999999999995,5228.1,no
30,technician,single,professional.course,no,no,no,cellular,aug,wed,105,4,999,0,nonexistent,1.4,93.444,-36.1,4.9639999999999995,5228.1,no
57,retired,married,basic.4y,unknown,yes,no,cellular,aug,wed,57,2,999,0,nonexistent,1.4,93.444,-36.1,4.9639999999999995,5228.1,no
53,unknown,married,basic.4y,unknown,no,no,cellular,aug,wed,124,4,999,0,nonexistent,1.4,93.444,-36.1,4.9639999999999995,5228.1,no
52,unknown,married,unknown,unknown,no,no,cellular,aug,wed,52,11,999,0,nonexistent,1.4,93.444,-36.1,4.9639999999999995,5228.1,no
41,technician,single,high.school,no,yes,no,cellular,aug,wed,219,3,999,0,nonexistent,1.4,93.444,-36.1,4.9639999999999995,5228.1,no
59,retired,married,university.degree,no,no,no,cellular,aug,wed,97,7,999,0,nonexistent,1.4,93.444,-36.1,4.9639999999999995,5228.1,no
36,admin.,married,university.degree,unknown,yes,no,cellular,aug,wed,155,11,999,0,nonexistent,1.4,93.444,-36.1,4.9639999999999995,5228.1,no
52,technician,married,high.school,no,yes,no,cellular,aug,wed,13,14,999,0,nonexistent,1.4,93.444,-36.1,4.9639999999999995,5228.1,no
55,management,married,university.degree,no,yes,no,cellular,aug,wed,130,7,999,0,nonexistent,1.4,93.444,-36.1,4.9639999999999995,5228.1,no
45,technician,married,professional.course,no,yes,yes,cellular,aug,wed,136,6,999,0,nonexistent,1.4,93.444,-36.1,4.9639999999999995,5228.1,no
46,admin.,married,university.degree,unknown,no,no,telephone,aug,wed,39,5,999,0,nonexistent,1.4,93.444,-36.1,4.9639999999999995,5228.1,no
51,technician,married,high.school,no,yes,no,cellular,aug,wed,360,4,999,0,nonexistent,1.4,93.444,-36.1,4.9639999999999995,5228.1,no
50,blue-collar,married,basic.9y,no,yes,no,cellular,aug,wed,68,2,999,0,nonexistent,1.4,93.444,-36.1,4.9639999999999995,5228.1,no
60,retired,married,professional.course,no,no,no,cellular,aug,wed,199,2,999,0,nonexistent,1.4,93.444,-36.1,4.9639999999999995,5228.1,no
44,technician,married,professional.course,no,no,no,cellular,aug,wed,39,9,999,0,nonexistent,1.4,93.444,-36.1,4.9639999999999995,5228.1,no
34,admin.,married,university.degree,no,yes,no,cellular,aug,wed,147,3,999,0,nonexistent,1.4,93.444,-36.1,4.9639999999999995,5228.1,no
58,admin.,single,university.degree,no,no,no,cellular,aug,wed,113,5,999,0,nonexistent,1.4,93.444,-36.1,4.9639999999999995,5228.1,no
51,admin.,married,university.degree,no,yes,no,cellular,aug,wed,519,9,999,0,nonexistent,1.4,93.444,-36.1,4.9639999999999995,5228.1,yes
57,blue-collar,married,basic.4y,unknown,no,no,cellular,aug,wed,243,1,999,0,nonexistent,1.4,93.444,-36.1,4.9639999999999995,5228.1,no
57,blue-collar,married,basic.4y,unknown,no,yes,cellular,aug,wed,203,1,999,0,nonexistent,1.4,93.444,-36.1,4.9639999999999995,5228.1,no
52,admin.,divorced,university.degree,unknown,no,no,cellular,aug,wed,191,2,999,0,nonexistent,1.4,93.444,-36.1,4.9639999999999995,5228.1,no
46,admin.,married,university.degree,unknown,yes,no,cellular,aug,wed,116,9,999,0,nonexistent,1.4,93.444,-36.1,4.9639999999999995,5228.1,no
40,admin.,married,university.degree,no,yes,no,cellular,aug,wed,219,1,999,0,nonexistent,1.4,93.444,-36.1,4.9639999999999995,5228.1,no
51,technician,married,university.degree,no,yes,no,cellular,aug,wed,512,5,999,0,nonexistent,1.4,93.444,-36.1,4.9639999999999995,5228.1,yes
44,technician,married,professional.course,no,yes,yes,cellular,aug,wed,236,1,999,0,nonexistent,1.4,93.444,-36.1,4.9639999999999995,5228.1,no
37,housemaid,married,basic.4y,no,yes,no,cellular,aug,wed,130,6,999,0,nonexistent,1.4,93.444,-36.1,4.9639999999999995,5228.1,no
57,retired,married,professional.course,unknown,no,no,cellular,aug,wed,80,3,999,0,nonexistent,1.4,93.444,-36.1,4.9639999999999995,5228.1,no
39,technician,married,professional.course,no,no,no,cellular,aug,wed,85,14,999,0,nonexistent,1.4,93.444,-36.1,4.9639999999999995,5228.1,no
47,admin.,divorced,university.degree,no,no,yes,cellular,aug,wed,69,6,999,0,nonexistent,1.4,93.444,-36.1,4.9639999999999995,5228.1,no
30,admin.,single,university.degree,no,no,no,cellular,aug,wed,134,1,999,0,nonexistent,1.4,93.444,-36.1,4.9639999999999995,5228.1,no
55,services,married,high.school,no,yes,no,cellular,aug,wed,63,4,999,0,nonexistent,1.4,93.444,-36.1,4.9639999999999995,5228.1,no
48,admin.,married,university.degree,no,yes,yes,cellular,aug,wed,254,5,999,0,nonexistent,1.4,93.444,-36.1,4.9639999999999995,5228.1,no
49,admin.,married,basic.9y,no,no,yes,cellular,aug,wed,100,1,999,0,nonexistent,1.4,93.444,-36.1,4.9639999999999995,5228.1,no
41,technician,single,high.school,no,yes,no,cellular,aug,wed,88,3,999,0,nonexistent,1.4,93.444,-36.1,4.9639999999999995,5228.1,no
54,technician,married,professional.course,unknown,yes,no,cellular,aug,wed,121,1,999,0,nonexistent,1.4,93.444,-36.1,4.9639999999999995,5228.1,no
41,technician,married,professional.course,no,yes,no,cellular,aug,wed,164,1,999,0,nonexistent,1.4,93.444,-36.1,4.9639999999999995,5228.1,no
54,admin.,divorced,university.degree,no,no,yes,cellular,aug,wed,121,1,999,0,nonexistent,1.4,93.444,-36.1,4.9639999999999995,5228.1,no
57,blue-collar,married,basic.4y,unknown,no,no,cellular,aug,wed,125,1,999,0,nonexistent,1.4,93.444,-36.1,4.9639999999999995,5228.1,no
42,management,married,university.degree,no,yes,no,telephone,aug,wed,220,11,999,0,nonexistent,1.4,93.444,-36.1,4.9639999999999995,5228.1,no
41,technician,single,high.school,no,yes,no,telephone,aug,wed,9,13,999,0,nonexistent,1.4,93.444,-36.1,4.9639999999999995,5228.1,no
54,admin.,married,high.school,no,yes,no,cellular,aug,wed,82,2,999,0,nonexistent,1.4,93.444,-36.1,4.9639999999999995,5228.1,no
44,technician,single,university.degree,no,yes,no,cellular,aug,wed,763,3,999,0,nonexistent,1.4,93.444,-36.1,4.9639999999999995,5228.1,yes
31,management,married,university.degree,no,no,no,cellular,aug,wed,129,4,999,0,nonexistent,1.4,93.444,-36.1,4.9639999999999995,5228.1,no
41,admin.,married,university.degree,no,yes,no,cellular,aug,wed,342,2,999,0,nonexistent,1.4,93.444,-36.1,4.9639999999999995,5228.1,no
44,technician,single,university.degree,no,yes,no,cellular,aug,wed,79,6,999,0,nonexistent,1.4,93.444,-36.1,4.9639999999999995,5228.1,no
47,admin.,married,university.degree,no,no,no,cellular,aug,wed,63,3,999,0,nonexistent,1.4,93.444,-36.1,4.9639999999999995,5228.1,no
45,admin.,married,university.degree,unknown,yes,no,cellular,aug,wed,119,8,999,0,nonexistent,1.4,93.444,-36.1,4.9639999999999995,5228.1,no
52,technician,married,university.degree,no,no,no,cellular,aug,wed,15,7,999,0,nonexistent,1.4,93.444,-36.1,4.9639999999999995,5228.1,no
46,technician,divorced,professional.course,no,no,no,cellular,aug,wed,308,2,999,0,nonexistent,1.4,93.444,-36.1,4.9639999999999995,5228.1,no
54,admin.,married,professional.course,no,yes,no,cellular,aug,wed,103,4,999,0,nonexistent,1.4,93.444,-36.1,4.9639999999999995,5228.1,no
48,blue-collar,married,high.school,no,no,no,cellular,aug,wed,312,9,999,0,nonexistent,1.4,93.444,-36.1,4.9639999999999995,5228.1,no
60,retired,married,high.school,no,unknown,unknown,cellular,aug,wed,590,2,999,0,nonexistent,1.4,93.444,-36.1,4.9639999999999995,5228.1,no
47,admin.,married,university.degree,no,yes,no,cellular,aug,wed,129,2,999,0,nonexistent,1.4,93.444,-36.1,4.9639999999999995,5228.1,no
54,admin.,married,high.school,no,no,no,cellular,aug,wed,28,10,999,0,nonexistent,1.4,93.444,-36.1,4.9639999999999995,5228.1,no
57,blue-collar,married,basic.4y,unknown,no,no,cellular,aug,wed,97,4,999,0,nonexistent,1.4,93.444,-36.1,4.9639999999999995,5228.1,no
57,retired,married,professional.course,no,no,no,cellular,aug,wed,508,4,999,0,nonexistent,1.4,93.444,-36.1,4.9639999999999995,5228.1,no
58,blue-collar,married,basic.4y,unknown,yes,no,telephone,aug,wed,29,21,999,0,nonexistent,1.4,93.444,-36.1,4.9639999999999995,5228.1,no
48,admin.,married,university.degree,no,yes,no,cellular,aug,wed,116,5,999,0,nonexistent,1.4,93.444,-36.1,4.9639999999999995,5228.1,no
56,admin.,married,university.degree,unknown,yes,no,cellular,aug,wed,66,4,999,0,nonexistent,1.4,93.444,-36.1,4.9639999999999995,5228.1,no
40,admin.,married,university.degree,no,yes,no,cellular,aug,wed,335,2,999,0,nonexistent,1.4,93.444,-36.1,4.9639999999999995,5228.1,no
47,admin.,married,university.degree,no,yes,no,cellular,aug,wed,38,3,999,0,nonexistent,1.4,93.444,-36.1,4.9639999999999995,5228.1,no
51,technician,married,professional.course,no,unknown,unknown,cellular,aug,wed,89,16,999,0,nonexistent,1.4,93.444,-36.1,4.9639999999999995,5228.1,no
47,admin.,married,university.degree,no,yes,no,cellular,aug,wed,1129,10,999,0,nonexistent,1.4,93.444,-36.1,4.9639999999999995,5228.1,yes
54,technician,married,professional.course,no,yes,no,cellular,aug,wed,14,10,999,0,nonexistent,1.4,93.444,-36.1,4.9639999999999995,5228.1,no
30,technician,married,professional.course,no,no,no,telephone,aug,wed,645,7,999,0,nonexistent,1.4,93.444,-36.1,4.9639999999999995,5228.1,yes
47,admin.,married,university.degree,no,yes,no,cellular,aug,wed,176,5,999,0,nonexistent,1.4,93.444,-36.1,4.9639999999999995,5228.1,no
31,self-employed,married,university.degree,no,yes,no,cellular,aug,wed,15,10,999,0,nonexistent,1.4,93.444,-36.1,4.9639999999999995,5228.1,no
46,housemaid,married,basic.4y,no,no,yes,cellular,aug,wed,10,14,999,0,nonexistent,1.4,93.444,-36.1,4.9639999999999995,5228.1,no
52,admin.,married,high.school,no,no,no,cellular,aug,wed,114,6,999,0,nonexistent,1.4,93.444,-36.1,4.9639999999999995,5228.1,no
43,management,married,university.degree,no,no,no,cellular,aug,wed,13,11,999,0,nonexistent,1.4,93.444,-36.1,4.9639999999999995,5228.1,no
57,retired,married,professional.course,no,yes,no,telephone,aug,wed,96,4,999,0,nonexistent,1.4,93.444,-36.1,4.9639999999999995,5228.1,no
48,technician,divorced,university.degree,no,yes,yes,cellular,aug,wed,86,7,999,0,nonexistent,1.4,93.444,-36.1,4.9639999999999995,5228.1,no
46,technician,divorced,professional.course,no,no,no,cellular,aug,wed,516,2,999,0,nonexistent,1.4,93.444,-36.1,4.9639999999999995,5228.1,no
40,technician,single,professional.course,unknown,yes,yes,cellular,aug,wed,94,4,999,0,nonexistent,1.4,93.444,-36.1,4.9639999999999995,5228.1,no
47,technician,divorced,high.school,no,yes,no,cellular,aug,wed,125,3,999,0,nonexistent,1.4,93.444,-36.1,4.9639999999999995,5228.1,no
37,admin.,single,university.degree,no,no,no,cellular,aug,wed,125,11,999,0,nonexistent,1.4,93.444,-36.1,4.9639999999999995,5228.1,no
44,admin.,divorced,university.degree,no,no,yes,cellular,aug,wed,12,14,999,0,nonexistent,1.4,93.444,-36.1,4.9639999999999995,5228.1,no
47,technician,divorced,professional.course,unknown,yes,yes,cellular,aug,wed,212,9,999,0,nonexistent,1.4,93.444,-36.1,4.9639999999999995,5228.1,no
30,technician,single,professional.course,no,yes,no,cellular,aug,wed,178,2,999,0,nonexistent,1.4,93.444,-36.1,4.9639999999999995,5228.1,no
48,admin.,divorced,university.degree,unknown,yes,no,cellular,aug,wed,67,2,999,0,nonexistent,1.4,93.444,-36.1,4.9639999999999995,5228.1,no
54,admin.,married,high.school,no,yes,yes,cellular,aug,wed,19,13,999,0,nonexistent,1.4,93.444,-36.1,4.9639999999999995,5228.1,no
44,technician,married,professional.course,no,no,yes,cellular,aug,wed,85,2,999,0,nonexistent,1.4,93.444,-36.1,4.9639999999999995,5228.1,no
33,admin.,single,university.degree,no,no,no,cellular,aug,wed,27,4,999,0,nonexistent,1.4,93.444,-36.1,4.9639999999999995,5228.1,no
37,technician,single,university.degree,no,yes,no,cellular,aug,wed,60,3,999,0,nonexistent,1.4,93.444,-36.1,4.9639999999999995,5228.1,no
52,admin.,married,university.degree,no,yes,no,cellular,aug,wed,34,11,999,0,nonexistent,1.4,93.444,-36.1,4.9639999999999995,5228.1,no
54,management,married,university.degree,no,no,no,cellular,aug,wed,561,2,999,0,nonexistent,1.4,93.444,-36.1,4.9639999999999995,5228.1,no
29,admin.,single,university.degree,no,yes,no,cellular,aug,wed,120,3,999,0,nonexistent,1.4,93.444,-36.1,4.9639999999999995,5228.1,no
38,technician,single,high.school,no,no,no,cellular,aug,wed,74,2,999,0,nonexistent,1.4,93.444,-36.1,4.9639999999999995,5228.1,no
54,housemaid,married,basic.4y,unknown,yes,no,cellular,aug,wed,523,3,999,0,nonexistent,1.4,93.444,-36.1,4.9639999999999995,5228.1,yes
37,technician,married,university.degree,no,no,no,cellular,aug,wed,107,4,999,0,nonexistent,1.4,93.444,-36.1,4.9639999999999995,5228.1,no
59,retired,married,university.degree,no,yes,no,cellular,aug,wed,160,3,999,0,nonexistent,1.4,93.444,-36.1,4.9639999999999995,5228.1,no
41,technician,divorced,professional.course,no,no,no,cellular,aug,wed,16,13,999,0,nonexistent,1.4,93.444,-36.1,4.9639999999999995,5228.1,no
56,retired,divorced,university.degree,unknown,no,no,cellular,aug,wed,168,2,999,0,nonexistent,1.4,93.444,-36.1,4.9639999999999995,5228.1,no
56,admin.,married,university.degree,unknown,yes,no,cellular,aug,wed,120,6,999,0,nonexistent,1.4,93.444,-36.1,4.9639999999999995,5228.1,no
37,technician,married,university.degree,no,yes,no,cellular,aug,wed,138,3,999,0,nonexistent,1.4,93.444,-36.1,4.9639999999999995,5228.1,no
52,technician,divorced,professional.course,no,no,no,cellular,aug,wed,79,6,999,0,nonexistent,1.4,93.444,-36.1,4.9639999999999995,5228.1,no
43,technician,married,professional.course,no,yes,no,cellular,aug,wed,78,7,999,0,nonexistent,1.4,93.444,-36.1,4.9639999999999995,5228.1,no
58,technician,divorced,professional.course,unknown,no,no,cellular,aug,wed,36,6,999,0,nonexistent,1.4,93.444,-36.1,4.9639999999999995,5228.1,no
39,admin.,married,university.degree,unknown,yes,no,cellular,aug,wed,117,4,999,0,nonexistent,1.4,93.444,-36.1,4.9639999999999995,5228.1,no
42,management,married,university.degree,no,yes,yes,cellular,aug,wed,89,3,999,0,nonexistent,1.4,93.444,-36.1,4.9639999999999995,5228.1,no
29,admin.,single,university.degree,no,yes,no,cellular,aug,wed,88,2,999,0,nonexistent,1.4,93.444,-36.1,4.9639999999999995,5228.1,no
32,technician,divorced,professional.course,no,yes,yes,cellular,aug,wed,11,12,999,0,nonexistent,1.4,93.444,-36.1,4.9639999999999995,5228.1,no
47,technician,married,professional.course,unknown,no,no,cellular,aug,wed,18,15,999,0,nonexistent,1.4,93.444,-36.1,4.9639999999999995,5228.1,no
31,unemployed,married,university.degree,no,yes,no,cellular,aug,wed,186,11,999,0,nonexistent,1.4,93.444,-36.1,4.9639999999999995,5228.1,no
58,admin.,married,high.school,no,no,no,cellular,aug,wed,569,13,999,0,nonexistent,1.4,93.444,-36.1,4.9639999999999995,5228.1,no
44,admin.,married,basic.9y,unknown,yes,no,cellular,aug,wed,77,2,999,0,nonexistent,1.4,93.444,-36.1,4.9639999999999995,5228.1,no
44,admin.,married,basic.9y,unknown,no,no,cellular,aug,wed,19,17,999,0,nonexistent,1.4,93.444,-36.1,4.9639999999999995,5228.1,no
33,admin.,single,university.degree,no,yes,no,cellular,aug,wed,43,13,999,0,nonexistent,1.4,93.444,-36.1,4.9639999999999995,5228.1,no
39,admin.,married,professional.course,no,no,no,cellular,aug,wed,37,2,999,0,nonexistent,1.4,93.444,-36.1,4.9639999999999995,5228.1,no
44,technician,married,professional.course,no,no,no,cellular,aug,wed,202,3,999,0,nonexistent,1.4,93.444,-36.1,4.9639999999999995,5228.1,no
33,admin.,single,university.degree,no,no,no,cellular,aug,wed,316,4,999,0,nonexistent,1.4,93.444,-36.1,4.9639999999999995,5228.1,no
43,admin.,married,university.degree,no,yes,no,cellular,aug,wed,35,10,999,0,nonexistent,1.4,93.444,-36.1,4.9639999999999995,5228.1,no
29,technician,single,professional.course,no,no,no,cellular,aug,wed,26,10,999,0,nonexistent,1.4,93.444,-36.1,4.9639999999999995,5228.1,no
46,services,married,basic.9y,unknown,yes,no,cellular,aug,wed,59,5,999,0,nonexistent,1.4,93.444,-36.1,4.9639999999999995,5228.1,no
30,management,married,university.degree,no,yes,no,cellular,aug,wed,118,6,999,0,nonexistent,1.4,93.444,-36.1,4.9639999999999995,5228.1,no
33,self-employed,married,basic.4y,no,no,no,cellular,aug,wed,263,7,999,0,nonexistent,1.4,93.444,-36.1,4.9639999999999995,5228.1,no
47,admin.,married,high.school,unknown,yes,no,cellular,aug,wed,93,7,999,0,nonexistent,1.4,93.444,-36.1,4.9639999999999995,5228.1,no
37,technician,married,university.degree,no,no,no,cellular,aug,wed,141,5,999,0,nonexistent,1.4,93.444,-36.1,4.9639999999999995,5228.1,no
32,unemployed,married,university.degree,no,yes,no,cellular,aug,wed,97,4,999,0,nonexistent,1.4,93.444,-36.1,4.9639999999999995,5228.1,no
58,housemaid,married,basic.9y,no,no,no,cellular,aug,wed,88,3,999,0,nonexistent,1.4,93.444,-36.1,4.9639999999999995,5228.1,no
50,unemployed,married,basic.9y,unknown,no,yes,cellular,aug,wed,88,3,999,0,nonexistent,1.4,93.444,-36.1,4.9639999999999995,5228.1,no
46,technician,divorced,professional.course,no,yes,yes,cellular,aug,wed,22,5,999,0,nonexistent,1.4,93.444,-36.1,4.9639999999999995,5228.1,no
43,technician,married,professional.course,no,no,no,cellular,aug,wed,78,2,999,0,nonexistent,1.4,93.444,-36.1,4.9639999999999995,5228.1,no
40,admin.,divorced,high.school,no,yes,no,cellular,aug,wed,293,6,999,0,nonexistent,1.4,93.444,-36.1,4.9639999999999995,5228.1,no
56,retired,married,basic.6y,unknown,yes,no,cellular,aug,wed,39,4,999,0,nonexistent,1.4,93.444,-36.1,4.9639999999999995,5228.1,no
39,technician,married,high.school,no,yes,no,cellular,aug,wed,67,5,999,0,nonexistent,1.4,93.444,-36.1,4.9639999999999995,5228.1,no
45,admin.,single,university.degree,no,yes,no,cellular,aug,wed,25,12,999,0,nonexistent,1.4,93.444,-36.1,4.9639999999999995,5228.1,no
38,admin.,divorced,university.degree,no,no,no,cellular,aug,wed,145,3,999,0,nonexistent,1.4,93.444,-36.1,4.9639999999999995,5228.1,no
41,technician,divorced,professional.course,no,no,no,cellular,aug,wed,167,7,999,0,nonexistent,1.4,93.444,-36.1,4.9639999999999995,5228.1,no
43,admin.,single,university.degree,no,yes,no,cellular,aug,wed,126,5,999,0,nonexistent,1.4,93.444,-36.1,4.9639999999999995,5228.1,no
47,admin.,single,university.degree,no,no,no,cellular,aug,wed,267,2,999,0,nonexistent,1.4,93.444,-36.1,4.9639999999999995,5228.1,no
31,admin.,single,university.degree,no,yes,no,cellular,aug,wed,23,17,999,0,nonexistent,1.4,93.444,-36.1,4.9639999999999995,5228.1,no
47,unknown,married,unknown,no,no,yes,cellular,aug,wed,111,5,999,0,nonexistent,1.4,93.444,-36.1,4.9639999999999995,5228.1,no
31,unemployed,married,university.degree,no,no,no,cellular,aug,wed,95,5,999,0,nonexistent,1.4,93.444,-36.1,4.9639999999999995,5228.1,no
47,technician,married,university.degree,no,yes,no,cellular,aug,wed,345,7,999,0,nonexistent,1.4,93.444,-36.1,4.9639999999999995,5228.1,no
36,management,married,university.degree,no,no,no,cellular,aug,wed,46,7,999,0,nonexistent,1.4,93.444,-36.1,4.9639999999999995,5228.1,no
41,technician,married,professional.course,no,no,no,cellular,aug,wed,154,7,999,0,nonexistent,1.4,93.444,-36.1,4.9639999999999995,5228.1,no
41,admin.,married,university.degree,no,no,no,cellular,aug,wed,85,5,999,0,nonexistent,1.4,93.444,-36.1,4.9639999999999995,5228.1,no
50,management,married,professional.course,unknown,no,no,cellular,aug,wed,165,4,999,0,nonexistent,1.4,93.444,-36.1,4.9639999999999995,5228.1,no
40,admin.,married,university.degree,no,no,no,cellular,aug,wed,53,3,999,0,nonexistent,1.4,93.444,-36.1,4.9639999999999995,5228.1,no
30,admin.,married,university.degree,no,no,no,telephone,aug,wed,296,4,999,0,nonexistent,1.4,93.444,-36.1,4.9639999999999995,5228.1,no
30,technician,single,university.degree,no,no,no,cellular,aug,wed,202,5,999,0,nonexistent,1.4,93.444,-36.1,4.9639999999999995,5228.1,no
49,unemployed,married,basic.4y,no,yes,no,cellular,aug,wed,155,2,999,0,nonexistent,1.4,93.444,-36.1,4.9639999999999995,5228.1,no
54,housemaid,married,basic.4y,unknown,no,no,telephone,aug,wed,23,6,999,0,nonexistent,1.4,93.444,-36.1,4.9639999999999995,5228.1,no
38,admin.,divorced,university.degree,no,no,no,cellular,aug,wed,70,9,999,0,nonexistent,1.4,93.444,-36.1,4.9639999999999995,5228.1,no
33,admin.,married,university.degree,no,no,no,cellular,aug,wed,787,9,999,0,nonexistent,1.4,93.444,-36.1,4.9639999999999995,5228.1,no
44,technician,married,professional.course,no,yes,no,cellular,aug,wed,27,9,999,0,nonexistent,1.4,93.444,-36.1,4.9639999999999995,5228.1,no
40,admin.,single,university.degree,no,no,no,cellular,aug,wed,183,3,999,0,nonexistent,1.4,93.444,-36.1,4.9639999999999995,5228.1,no
43,admin.,married,university.degree,no,yes,no,cellular,aug,wed,115,3,999,0,nonexistent,1.4,93.444,-36.1,4.9639999999999995,5228.1,no
40,technician,single,university.degree,no,yes,no,telephone,aug,wed,554,5,999,0,nonexistent,1.4,93.444,-36.1,4.9639999999999995,5228.1,no
53,technician,married,professional.course,unknown,yes,yes,cellular,aug,wed,276,2,999,0,nonexistent,1.4,93.444,-36.1,4.9639999999999995,5228.1,no
39,technician,married,professional.course,unknown,yes,no,cellular,aug,wed,145,2,999,0,nonexistent,1.4,93.444,-36.1,4.9639999999999995,5228.1,no
41,technician,married,professional.course,no,yes,no,cellular,aug,wed,112,8,999,0,nonexistent,1.4,93.444,-36.1,4.9639999999999995,5228.1,no
43,admin.,divorced,university.degree,no,yes,yes,cellular,aug,wed,95,2,999,0,nonexistent,1.4,93.444,-36.1,4.9639999999999995,5228.1,no
55,admin.,married,high.school,no,yes,yes,cellular,aug,wed,61,3,999,0,nonexistent,1.4,93.444,-36.1,4.9639999999999995,5228.1,no
46,admin.,married,high.school,no,no,no,cellular,aug,wed,63,3,999,0,nonexistent,1.4,93.444,-36.1,4.9639999999999995,5228.1,no
31,technician,single,university.degree,no,yes,no,cellular,aug,thu,34,6,999,0,nonexistent,1.4,93.444,-36.1,4.962,5228.1,no
41,technician,divorced,high.school,no,no,no,cellular,aug,thu,82,2,999,0,nonexistent,1.4,93.444,-36.1,4.962,5228.1,no
33,services,married,university.degree,unknown,no,yes,cellular,aug,thu,149,8,999,0,nonexistent,1.4,93.444,-36.1,4.962,5228.1,no
41,admin.,married,university.degree,unknown,yes,no,cellular,aug,thu,583,11,999,0,nonexistent,1.4,93.444,-36.1,4.962,5228.1,yes
51,technician,married,professional.course,no,yes,no,cellular,aug,thu,81,2,999,0,nonexistent,1.4,93.444,-36.1,4.962,5228.1,no
30,technician,single,professional.course,no,yes,no,cellular,aug,thu,55,4,999,0,nonexistent,1.4,93.444,-36.1,4.962,5228.1,no
33,technician,single,university.degree,no,yes,no,cellular,aug,thu,131,11,999,0,nonexistent,1.4,93.444,-36.1,4.962,5228.1,no
36,self-employed,single,university.degree,no,yes,yes,cellular,aug,thu,118,5,999,0,nonexistent,1.4,93.444,-36.1,4.962,5228.1,no
33,admin.,single,university.degree,no,yes,yes,cellular,aug,thu,66,6,999,0,nonexistent,1.4,93.444,-36.1,4.962,5228.1,no
32,admin.,divorced,university.degree,no,yes,no,cellular,aug,thu,77,2,999,0,nonexistent,1.4,93.444,-36.1,4.962,5228.1,no
48,technician,married,university.degree,no,no,no,cellular,aug,thu,52,6,999,0,nonexistent,1.4,93.444,-36.1,4.962,5228.1,no
44,technician,married,professional.course,no,yes,no,cellular,aug,thu,236,7,999,0,nonexistent,1.4,93.444,-36.1,4.962,5228.1,no
29,technician,single,professional.course,no,yes,no,cellular,aug,thu,94,4,999,0,nonexistent,1.4,93.444,-36.1,4.962,5228.1,no
44,technician,married,professional.course,no,no,no,cellular,aug,thu,536,3,999,0,nonexistent,1.4,93.444,-36.1,4.962,5228.1,no
56,self-employed,married,high.school,no,yes,no,cellular,aug,thu,210,2,999,0,nonexistent,1.4,93.444,-36.1,4.962,5228.1,no
39,admin.,married,university.degree,unknown,no,no,cellular,aug,thu,144,10,999,0,nonexistent,1.4,93.444,-36.1,4.962,5228.1,no
40,admin.,married,university.degree,no,no,no,cellular,aug,thu,13,11,999,0,nonexistent,1.4,93.444,-36.1,4.962,5228.1,no
32,technician,married,professional.course,no,yes,no,cellular,aug,thu,192,6,999,0,nonexistent,1.4,93.444,-36.1,4.962,5228.1,no
57,management,married,university.degree,no,yes,no,cellular,aug,thu,17,11,999,0,nonexistent,1.4,93.444,-36.1,4.962,5228.1,no
31,admin.,single,university.degree,no,no,no,cellular,aug,thu,116,3,999,0,nonexistent,1.4,93.444,-36.1,4.962,5228.1,no
35,admin.,married,university.degree,no,yes,no,cellular,aug,thu,148,3,999,0,nonexistent,1.4,93.444,-36.1,4.962,5228.1,no
41,admin.,married,university.degree,no,no,no,cellular,aug,thu,67,13,999,0,nonexistent,1.4,93.444,-36.1,4.962,5228.1,no
37,technician,single,university.degree,no,no,no,cellular,aug,thu,146,2,999,0,nonexistent,1.4,93.444,-36.1,4.962,5228.1,no
30,technician,single,university.degree,no,yes,no,cellular,aug,thu,979,3,999,0,nonexistent,1.4,93.444,-36.1,4.962,5228.1,yes
33,services,married,professional.course,no,yes,no,cellular,aug,thu,51,5,999,0,nonexistent,1.4,93.444,-36.1,4.962,5228.1,no
32,admin.,single,university.degree,no,yes,no,cellular,aug,thu,65,2,999,0,nonexistent,1.4,93.444,-36.1,4.962,5228.1,no
32,technician,married,professional.course,unknown,no,no,cellular,aug,thu,78,7,999,0,nonexistent,1.4,93.444,-36.1,4.962,5228.1,no
29,technician,married,professional.course,no,yes,no,cellular,aug,thu,965,2,999,0,nonexistent,1.4,93.444,-36.1,4.962,5228.1,yes
31,admin.,single,university.degree,no,no,no,cellular,aug,thu,13,9,999,0,nonexistent,1.4,93.444,-36.1,4.962,5228.1,no
51,technician,married,professional.course,no,yes,no,cellular,aug,thu,47,13,999,0,nonexistent,1.4,93.444,-36.1,4.962,5228.1,no
57,technician,married,university.degree,unknown,yes,yes,cellular,aug,thu,30,9,999,0,nonexistent,1.4,93.444,-36.1,4.962,5228.1,no
43,technician,married,university.degree,no,no,no,cellular,aug,thu,38,2,999,0,nonexistent,1.4,93.444,-36.1,4.962,5228.1,no
37,admin.,single,university.degree,no,yes,no,cellular,aug,thu,94,7,999,0,nonexistent,1.4,93.444,-36.1,4.962,5228.1,no
46,admin.,married,high.school,no,yes,no,cellular,aug,thu,91,11,999,0,nonexistent,1.4,93.444,-36.1,4.962,5228.1,no
55,technician,married,high.school,no,no,yes,cellular,aug,thu,71,2,999,0,nonexistent,1.4,93.444,-36.1,4.962,5228.1,no
29,technician,single,professional.course,no,no,no,cellular,aug,thu,121,3,999,0,nonexistent,1.4,93.444,-36.1,4.962,5228.1,no
31,admin.,married,university.degree,no,yes,no,cellular,aug,thu,96,5,999,0,nonexistent,1.4,93.444,-36.1,4.962,5228.1,no
52,admin.,married,basic.9y,no,yes,no,cellular,aug,thu,82,6,999,0,nonexistent,1.4,93.444,-36.1,4.962,5228.1,no
41,technician,divorced,professional.course,no,yes,yes,cellular,aug,thu,100,2,999,0,nonexistent,1.4,93.444,-36.1,4.962,5228.1,no
34,technician,married,university.degree,no,unknown,unknown,cellular,aug,thu,81,2,999,0,nonexistent,1.4,93.444,-36.1,4.962,5228.1,no
31,admin.,married,university.degree,no,no,no,cellular,aug,thu,180,2,999,0,nonexistent,1.4,93.444,-36.1,4.962,5228.1,no
35,management,married,university.degree,no,yes,no,cellular,aug,thu,108,4,999,0,nonexistent,1.4,93.444,-36.1,4.962,5228.1,no
50,admin.,divorced,university.degree,no,no,no,cellular,aug,thu,84,11,999,0,nonexistent,1.4,93.444,-36.1,4.962,5228.1,no
42,management,married,university.degree,no,yes,no,cellular,aug,thu,161,2,999,0,nonexistent,1.4,93.444,-36.1,4.962,5228.1,no
33,services,married,university.degree,unknown,yes,no,cellular,aug,thu,198,3,999,0,nonexistent,1.4,93.444,-36.1,4.962,5228.1,no
40,admin.,married,university.degree,no,no,no,cellular,aug,thu,262,4,999,0,nonexistent,1.4,93.444,-36.1,4.962,5228.1,no
50,unemployed,married,basic.9y,unknown,no,no,cellular,aug,thu,74,4,999,0,nonexistent,1.4,93.444,-36.1,4.962,5228.1,no
37,admin.,single,university.degree,no,no,no,cellular,aug,thu,72,2,999,0,nonexistent,1.4,93.444,-36.1,4.962,5228.1,no
32,technician,married,professional.course,unknown,yes,no,cellular,aug,thu,109,6,999,0,nonexistent,1.4,93.444,-36.1,4.962,5228.1,no
35,admin.,married,university.degree,no,yes,yes,cellular,aug,thu,125,7,999,0,nonexistent,1.4,93.444,-36.1,4.962,5228.1,no
32,admin.,single,university.degree,no,yes,no,cellular,aug,thu,12,15,999,0,nonexistent,1.4,93.444,-36.1,4.962,5228.1,no
41,admin.,married,university.degree,no,yes,no,cellular,aug,thu,12,10,999,0,nonexistent,1.4,93.444,-36.1,4.962,5228.1,no
37,technician,single,professional.course,no,yes,no,cellular,aug,thu,19,12,999,0,nonexistent,1.4,93.444,-36.1,4.962,5228.1,no
31,admin.,single,university.degree,no,yes,no,cellular,aug,thu,87,6,999,0,nonexistent,1.4,93.444,-36.1,4.962,5228.1,no
59,retired,married,university.degree,no,yes,no,cellular,aug,thu,17,18,999,0,nonexistent,1.4,93.444,-36.1,4.962,5228.1,no
33,services,married,professional.course,no,yes,no,cellular,aug,thu,56,1,999,0,nonexistent,1.4,93.444,-36.1,4.962,5228.1,no
33,technician,married,professional.course,no,no,no,cellular,aug,thu,80,3,999,0,nonexistent,1.4,93.444,-36.1,4.962,5228.1,no
37,admin.,single,university.degree,no,no,no,cellular,aug,thu,105,1,999,0,nonexistent,1.4,93.444,-36.1,4.962,5228.1,no
46,housemaid,married,basic.4y,unknown,yes,no,cellular,aug,thu,75,1,999,0,nonexistent,1.4,93.444,-36.1,4.962,5228.1,no
46,technician,married,professional.course,no,no,no,cellular,aug,thu,81,2,999,0,nonexistent,1.4,93.444,-36.1,4.962,5228.1,no
40,admin.,divorced,high.school,no,no,no,cellular,aug,thu,46,2,999,0,nonexistent,1.4,93.444,-36.1,4.962,5228.1,no
43,admin.,married,university.degree,unknown,yes,no,cellular,aug,thu,94,6,999,0,nonexistent,1.4,93.444,-36.1,4.962,5228.1,no
33,services,married,professional.course,no,yes,no,cellular,aug,thu,147,1,999,0,nonexistent,1.4,93.444,-36.1,4.962,5228.1,no
38,unknown,married,unknown,no,no,no,cellular,aug,thu,79,4,999,0,nonexistent,1.4,93.444,-36.1,4.962,5228.1,no
37,technician,single,university.degree,no,yes,yes,cellular,aug,thu,126,1,999,0,nonexistent,1.4,93.444,-36.1,4.962,5228.1,no
33,services,married,professional.course,no,yes,yes,cellular,aug,thu,331,1,999,0,nonexistent,1.4,93.444,-36.1,4.962,5228.1,no
50,unemployed,married,basic.9y,unknown,yes,no,telephone,aug,thu,192,1,999,0,nonexistent,1.4,93.444,-36.1,4.962,5228.1,no
46,admin.,married,high.school,no,unknown,unknown,cellular,aug,thu,180,2,999,0,nonexistent,1.4,93.444,-36.1,4.962,5228.1,no
56,admin.,married,university.degree,unknown,yes,no,cellular,aug,thu,95,1,999,0,nonexistent,1.4,93.444,-36.1,4.962,5228.1,no
57,admin.,divorced,university.degree,unknown,yes,no,cellular,aug,thu,80,1,999,0,nonexistent,1.4,93.444,-36.1,4.962,5228.1,no
44,technician,married,professional.course,no,no,no,cellular,aug,thu,82,2,999,0,nonexistent,1.4,93.444,-36.1,4.962,5228.1,no
37,technician,married,university.degree,no,no,no,cellular,aug,thu,716,1,999,0,nonexistent,1.4,93.444,-36.1,4.962,5228.1,yes
57,management,married,university.degree,no,yes,no,cellular,aug,thu,77,2,999,0,nonexistent,1.4,93.444,-36.1,4.962,5228.1,no
40,admin.,single,university.degree,no,no,yes,cellular,aug,thu,14,5,999,0,nonexistent,1.4,93.444,-36.1,4.962,5228.1,no
36,admin.,married,university.degree,no,no,no,cellular,aug,thu,63,1,999,0,nonexistent,1.4,93.444,-36.1,4.962,5228.1,no
47,admin.,married,high.school,no,yes,yes,cellular,aug,thu,59,6,999,0,nonexistent,1.4,93.444,-36.1,4.962,5228.1,no
37,admin.,married,university.degree,unknown,no,yes,cellular,aug,thu,192,1,999,0,nonexistent,1.4,93.444,-36.1,4.962,5228.1,no
58,self-employed,married,basic.6y,unknown,yes,no,cellular,aug,thu,157,5,999,0,nonexistent,1.4,93.444,-36.1,4.962,5228.1,no
37,admin.,married,university.degree,unknown,no,no,cellular,aug,thu,535,1,999,0,nonexistent,1.4,93.444,-36.1,4.962,5228.1,yes
41,admin.,married,university.degree,unknown,yes,no,cellular,aug,thu,15,9,999,0,nonexistent,1.4,93.444,-36.1,4.962,5228.1,no
44,admin.,married,basic.9y,unknown,yes,yes,cellular,aug,thu,452,6,999,0,nonexistent,1.4,93.444,-36.1,4.962,5228.1,yes
52,technician,divorced,professional.course,no,yes,no,cellular,aug,thu,205,1,999,0,nonexistent,1.4,93.444,-36.1,4.962,5228.1,no
40,technician,single,professional.course,unknown,yes,no,cellular,aug,thu,302,1,999,0,nonexistent,1.4,93.444,-36.1,4.962,5228.1,no
34,technician,married,university.degree,no,yes,no,cellular,aug,thu,99,4,999,0,nonexistent,1.4,93.444,-36.1,4.962,5228.1,no
32,technician,married,university.degree,no,yes,no,cellular,aug,thu,151,2,999,0,nonexistent,1.4,93.444,-36.1,4.962,5228.1,no
30,technician,single,professional.course,no,yes,no,cellular,aug,thu,56,5,999,0,nonexistent,1.4,93.444,-36.1,4.962,5228.1,no
35,technician,married,university.degree,unknown,no,no,cellular,aug,thu,88,5,999,0,nonexistent,1.4,93.444,-36.1,4.962,5228.1,no
48,admin.,divorced,university.degree,no,yes,no,cellular,aug,thu,122,6,999,0,nonexistent,1.4,93.444,-36.1,4.962,5228.1,no
37,technician,married,university.degree,no,yes,yes,cellular,aug,thu,180,6,999,0,nonexistent,1.4,93.444,-36.1,4.962,5228.1,no
35,admin.,married,university.degree,no,yes,no,cellular,aug,thu,82,4,999,0,nonexistent,1.4,93.444,-36.1,4.962,5228.1,no
40,technician,divorced,professional.course,no,no,yes,cellular,aug,thu,49,22,999,0,nonexistent,1.4,93.444,-36.1,4.962,5228.1,no
29,management,single,university.degree,no,yes,no,cellular,aug,thu,82,2,999,0,nonexistent,1.4,93.444,-36.1,4.962,5228.1,no
54,management,married,university.degree,no,yes,yes,cellular,aug,thu,121,11,999,0,nonexistent,1.4,93.444,-36.1,4.962,5228.1,no
30,technician,married,university.degree,no,no,no,cellular,aug,thu,66,2,999,0,nonexistent,1.4,93.444,-36.1,4.962,5228.1,no
53,technician,married,professional.course,unknown,yes,no,cellular,aug,thu,70,4,999,0,nonexistent,1.4,93.444,-36.1,4.962,5228.1,no
45,admin.,married,unknown,unknown,yes,yes,cellular,aug,thu,105,3,999,0,nonexistent,1.4,93.444,-36.1,4.962,5228.1,no
41,admin.,married,university.degree,no,no,no,cellular,aug,thu,12,13,999,0,nonexistent,1.4,93.444,-36.1,4.962,5228.1,no
57,retired,divorced,university.degree,unknown,no,no,cellular,aug,thu,327,5,999,0,nonexistent,1.4,93.444,-36.1,4.962,5228.1,no
32,technician,married,professional.course,no,yes,no,cellular,aug,thu,183,7,999,0,nonexistent,1.4,93.444,-36.1,4.962,5228.1,no
32,unemployed,married,university.degree,no,no,no,cellular,aug,thu,72,2,999,0,nonexistent,1.4,93.444,-36.1,4.962,5228.1,no
46,services,married,basic.9y,unknown,no,no,cellular,aug,thu,70,6,999,0,nonexistent,1.4,93.444,-36.1,4.962,5228.1,no
50,housemaid,married,basic.9y,no,yes,no,cellular,aug,thu,20,12,999,0,nonexistent,1.4,93.444,-36.1,4.962,5228.1,no
57,technician,married,university.degree,unknown,no,no,cellular,aug,thu,23,7,999,0,nonexistent,1.4,93.444,-36.1,4.962,5228.1,no
30,admin.,single,university.degree,no,no,no,cellular,aug,thu,117,5,999,0,nonexistent,1.4,93.444,-36.1,4.962,5228.1,no
35,admin.,married,university.degree,no,yes,no,cellular,aug,thu,28,10,999,0,nonexistent,1.4,93.444,-36.1,4.962,5228.1,no
53,housemaid,married,basic.4y,unknown,yes,no,telephone,aug,thu,51,7,999,0,nonexistent,1.4,93.444,-36.1,4.962,5228.1,no
31,unemployed,married,university.degree,no,yes,no,cellular,aug,thu,22,4,999,0,nonexistent,1.4,93.444,-36.1,4.962,5228.1,no
30,technician,single,university.degree,no,yes,no,cellular,aug,thu,31,17,999,0,nonexistent,1.4,93.444,-36.1,4.962,5228.1,no
42,housemaid,married,university.degree,no,yes,yes,cellular,aug,thu,2372,3,999,0,nonexistent,1.4,93.444,-36.1,4.962,5228.1,yes
39,admin.,married,university.degree,no,yes,no,cellular,aug,thu,86,2,999,0,nonexistent,1.4,93.444,-36.1,4.962,5228.1,no
30,management,married,university.degree,no,no,yes,cellular,aug,thu,308,3,999,0,nonexistent,1.4,93.444,-36.1,4.962,5228.1,no
46,technician,divorced,professional.course,no,no,no,cellular,aug,thu,93,15,999,0,nonexistent,1.4,93.444,-36.1,4.962,5228.1,no
57,management,married,university.degree,no,yes,no,cellular,aug,thu,203,17,999,0,nonexistent,1.4,93.444,-36.1,4.962,5228.1,no
41,admin.,married,university.degree,no,yes,no,cellular,aug,thu,19,9,999,0,nonexistent,1.4,93.444,-36.1,4.962,5228.1,no
31,admin.,single,university.degree,no,yes,no,cellular,aug,thu,98,8,999,0,nonexistent,1.4,93.444,-36.1,4.962,5228.1,no
33,technician,single,university.degree,no,yes,no,cellular,aug,thu,9,14,999,0,nonexistent,1.4,93.444,-36.1,4.962,5228.1,no
58,self-employed,married,basic.6y,unknown,yes,no,cellular,aug,thu,79,8,999,0,nonexistent,1.4,93.444,-36.1,4.962,5228.1,no
47,admin.,married,high.school,unknown,no,no,cellular,aug,thu,144,8,999,0,nonexistent,1.4,93.444,-36.1,4.962,5228.1,no
41,self-employed,married,basic.6y,no,yes,no,telephone,aug,thu,85,15,999,0,nonexistent,1.4,93.444,-36.1,4.962,5228.1,no
58,retired,married,university.degree,unknown,no,no,cellular,aug,thu,17,11,999,0,nonexistent,1.4,93.444,-36.1,4.962,5228.1,no
30,technician,single,professional.course,no,yes,no,cellular,aug,thu,16,12,999,0,nonexistent,1.4,93.444,-36.1,4.962,5228.1,no
39,admin.,single,university.degree,no,yes,no,cellular,aug,thu,276,3,999,0,nonexistent,1.4,93.444,-36.1,4.962,5228.1,no
31,admin.,single,university.degree,no,no,no,telephone,aug,thu,146,10,999,0,nonexistent,1.4,93.444,-36.1,4.962,5228.1,no
48,admin.,single,university.degree,no,no,no,cellular,aug,thu,183,4,999,0,nonexistent,1.4,93.444,-36.1,4.962,5228.1,no
58,retired,married,university.degree,unknown,no,no,cellular,aug,thu,156,5,999,0,nonexistent,1.4,93.444,-36.1,4.962,5228.1,no
31,admin.,married,university.degree,no,yes,no,cellular,aug,thu,1037,4,999,0,nonexistent,1.4,93.444,-36.1,4.962,5228.1,no
47,admin.,divorced,university.degree,no,yes,no,cellular,aug,thu,507,4,999,0,nonexistent,1.4,93.444,-36.1,4.962,5228.1,no
44,admin.,married,basic.9y,unknown,yes,yes,cellular,aug,thu,18,10,999,0,nonexistent,1.4,93.444,-36.1,4.962,5228.1,no
38,unknown,married,unknown,no,yes,no,cellular,aug,thu,27,10,999,0,nonexistent,1.4,93.444,-36.1,4.962,5228.1,no
37,technician,single,professional.course,no,yes,no,cellular,aug,thu,17,8,999,0,nonexistent,1.4,93.444,-36.1,4.962,5228.1,no
34,admin.,married,university.degree,no,yes,yes,telephone,aug,thu,19,10,999,0,nonexistent,1.4,93.444,-36.1,4.962,5228.1,no
35,admin.,married,university.degree,no,no,no,cellular,aug,thu,32,5,999,0,nonexistent,1.4,93.444,-36.1,4.962,5228.1,no
42,housemaid,married,university.degree,no,unknown,unknown,telephone,aug,thu,12,9,999,0,nonexistent,1.4,93.444,-36.1,4.962,5228.1,no
45,admin.,married,unknown,unknown,no,no,cellular,aug,thu,7,14,999,0,nonexistent,1.4,93.444,-36.1,4.962,5228.1,no
30,management,married,university.degree,no,no,no,cellular,aug,thu,56,4,999,0,nonexistent,1.4,93.444,-36.1,4.962,5228.1,no
32,technician,single,university.degree,no,yes,yes,cellular,aug,thu,195,3,999,0,nonexistent,1.4,93.444,-36.1,4.962,5228.1,no
50,admin.,married,high.school,no,yes,yes,cellular,aug,thu,95,4,999,0,nonexistent,1.4,93.444,-36.1,4.962,5228.1,no
32,technician,single,university.degree,no,no,no,cellular,aug,thu,83,3,999,0,nonexistent,1.4,93.444,-36.1,4.962,5228.1,no
32,admin.,married,university.degree,no,yes,no,cellular,aug,thu,66,8,999,0,nonexistent,1.4,93.444,-36.1,4.962,5228.1,no
50,blue-collar,married,basic.9y,no,yes,yes,cellular,aug,thu,46,5,999,0,nonexistent,1.4,93.444,-36.1,4.962,5228.1,no
38,admin.,married,university.degree,no,no,no,cellular,aug,thu,25,11,999,0,nonexistent,1.4,93.444,-36.1,4.962,5228.1,no
48,blue-collar,married,basic.9y,no,yes,yes,cellular,aug,thu,85,2,999,0,nonexistent,1.4,93.444,-36.1,4.962,5228.1,no
39,technician,married,university.degree,unknown,yes,no,cellular,aug,thu,76,1,999,0,nonexistent,1.4,93.444,-36.1,4.962,5228.1,no
45,management,married,university.degree,no,yes,no,cellular,aug,thu,26,15,999,0,nonexistent,1.4,93.444,-36.1,4.962,5228.1,no
31,technician,single,university.degree,no,yes,no,cellular,aug,thu,958,5,999,0,nonexistent,1.4,93.444,-36.1,4.962,5228.1,no
39,technician,married,university.degree,unknown,yes,no,cellular,aug,thu,88,18,999,0,nonexistent,1.4,93.444,-36.1,4.962,5228.1,no
29,admin.,single,university.degree,no,yes,no,cellular,aug,thu,20,20,999,0,nonexistent,1.4,93.444,-36.1,4.962,5228.1,no
30,admin.,single,university.degree,no,yes,yes,telephone,aug,thu,50,9,999,0,nonexistent,1.4,93.444,-36.1,4.962,5228.1,no
30,admin.,married,university.degree,no,no,no,cellular,aug,thu,45,17,999,0,nonexistent,1.4,93.444,-36.1,4.962,5228.1,no
35,technician,single,university.degree,no,yes,no,cellular,aug,thu,18,17,999,0,nonexistent,1.4,93.444,-36.1,4.962,5228.1,no
43,technician,divorced,high.school,unknown,yes,no,cellular,aug,thu,248,1,999,0,nonexistent,1.4,93.444,-36.1,4.962,5228.1,no
45,services,married,professional.course,no,yes,no,cellular,aug,thu,16,11,999,0,nonexistent,1.4,93.444,-36.1,4.962,5228.1,no
40,technician,married,professional.course,no,yes,no,cellular,aug,thu,258,6,999,0,nonexistent,1.4,93.444,-36.1,4.962,5228.1,no
48,blue-collar,married,basic.9y,no,no,no,cellular,aug,thu,13,14,999,0,nonexistent,1.4,93.444,-36.1,4.962,5228.1,no
39,technician,married,university.degree,unknown,no,no,cellular,aug,thu,64,2,999,0,nonexistent,1.4,93.444,-36.1,4.962,5228.1,no
35,technician,single,university.degree,no,no,no,cellular,aug,thu,104,1,999,0,nonexistent,1.4,93.444,-36.1,4.962,5228.1,no
39,technician,divorced,professional.course,no,yes,no,cellular,aug,thu,23,17,999,0,nonexistent,1.4,93.444,-36.1,4.962,5228.1,no
35,technician,married,university.degree,no,yes,no,cellular,aug,thu,35,10,999,0,nonexistent,1.4,93.444,-36.1,4.962,5228.1,no
55,unknown,married,unknown,unknown,yes,no,cellular,aug,thu,16,16,999,0,nonexistent,1.4,93.444,-36.1,4.962,5228.1,no
53,technician,married,professional.course,unknown,yes,no,cellular,aug,thu,158,8,999,0,nonexistent,1.4,93.444,-36.1,4.962,5228.1,no
56,blue-collar,married,high.school,no,yes,no,cellular,aug,thu,69,11,999,0,nonexistent,1.4,93.444,-36.1,4.962,5228.1,no
45,admin.,married,university.degree,no,yes,no,cellular,aug,thu,77,9,999,0,nonexistent,1.4,93.444,-36.1,4.962,5228.1,no
52,technician,married,professional.course,unknown,yes,no,cellular,aug,thu,31,9,999,0,nonexistent,1.4,93.444,-36.1,4.962,5228.1,no
39,technician,divorced,professional.course,no,yes,no,cellular,aug,thu,97,2,999,0,nonexistent,1.4,93.444,-36.1,4.962,5228.1,no
37,technician,married,professional.course,no,no,no,cellular,aug,thu,140,8,999,0,nonexistent,1.4,93.444,-36.1,4.962,5228.1,no
53,self-employed,married,university.degree,no,no,no,cellular,aug,thu,131,1,999,0,nonexistent,1.4,93.444,-36.1,4.962,5228.1,no
60,admin.,married,basic.9y,no,no,no,cellular,aug,thu,162,1,999,0,nonexistent,1.4,93.444,-36.1,4.962,5228.1,no
33,admin.,single,university.degree,no,yes,no,cellular,aug,thu,289,1,999,0,nonexistent,1.4,93.444,-36.1,4.962,5228.1,no
33,technician,single,university.degree,no,no,no,cellular,aug,thu,68,9,999,0,nonexistent,1.4,93.444,-36.1,4.962,5228.1,no
48,technician,married,university.degree,no,no,no,cellular,aug,thu,42,7,999,0,nonexistent,1.4,93.444,-36.1,4.962,5228.1,no
29,admin.,single,university.degree,no,no,no,cellular,aug,thu,142,4,999,0,nonexistent,1.4,93.444,-36.1,4.962,5228.1,no
33,admin.,single,university.degree,no,no,no,cellular,aug,thu,402,1,999,0,nonexistent,1.4,93.444,-36.1,4.962,5228.1,no
29,admin.,single,university.degree,no,yes,no,cellular,aug,thu,13,11,999,0,nonexistent,1.4,93.444,-36.1,4.962,5228.1,no
30,technician,single,high.school,no,yes,no,cellular,aug,thu,77,12,999,0,nonexistent,1.4,93.444,-36.1,4.962,5228.1,no
30,admin.,divorced,university.degree,no,yes,no,cellular,aug,thu,35,10,999,0,nonexistent,1.4,93.444,-36.1,4.962,5228.1,no
59,retired,married,university.degree,no,yes,no,cellular,aug,thu,50,4,999,0,nonexistent,1.4,93.444,-36.1,4.962,5228.1,no
37,admin.,married,university.degree,no,yes,no,cellular,aug,thu,54,5,999,0,nonexistent,1.4,93.444,-36.1,4.962,5228.1,no
31,technician,married,professional.course,no,no,no,cellular,aug,thu,66,10,999,0,nonexistent,1.4,93.444,-36.1,4.962,5228.1,no
32,self-employed,married,high.school,no,yes,no,cellular,aug,thu,29,9,999,0,nonexistent,1.4,93.444,-36.1,4.962,5228.1,no
60,admin.,married,basic.9y,no,yes,no,cellular,aug,thu,259,1,999,0,nonexistent,1.4,93.444,-36.1,4.962,5228.1,no
30,admin.,single,university.degree,no,no,no,cellular,aug,thu,165,2,999,0,nonexistent,1.4,93.444,-36.1,4.962,5228.1,no
33,technician,single,professional.course,no,yes,no,cellular,aug,thu,74,2,999,0,nonexistent,1.4,93.444,-36.1,4.962,5228.1,no
33,admin.,single,university.degree,no,yes,yes,cellular,aug,thu,90,1,999,0,nonexistent,1.4,93.444,-36.1,4.962,5228.1,no
33,admin.,single,university.degree,no,yes,no,telephone,aug,thu,158,1,999,0,nonexistent,1.4,93.444,-36.1,4.962,5228.1,no
33,admin.,single,university.degree,no,yes,yes,cellular,aug,thu,44,1,999,0,nonexistent,1.4,93.444,-36.1,4.962,5228.1,no
35,services,married,university.degree,no,yes,no,cellular,aug,thu,122,1,999,0,nonexistent,1.4,93.444,-36.1,4.962,5228.1,no
53,technician,married,professional.course,unknown,yes,no,cellular,aug,thu,43,1,999,0,nonexistent,1.4,93.444,-36.1,4.962,5228.1,no
41,management,married,university.degree,unknown,yes,no,cellular,aug,thu,172,1,999,0,nonexistent,1.4,93.444,-36.1,4.962,5228.1,no
31,admin.,single,university.degree,no,yes,yes,cellular,aug,thu,140,3,999,0,nonexistent,1.4,93.444,-36.1,4.962,5228.1,no
32,admin.,single,university.degree,no,yes,no,cellular,aug,thu,59,9,999,0,nonexistent,1.4,93.444,-36.1,4.962,5228.1,no
36,admin.,married,university.degree,no,yes,no,cellular,aug,thu,45,8,999,0,nonexistent,1.4,93.444,-36.1,4.962,5228.1,no
49,services,divorced,high.school,no,yes,no,cellular,aug,thu,99,17,999,0,nonexistent,1.4,93.444,-36.1,4.962,5228.1,no
36,admin.,divorced,university.degree,no,yes,no,cellular,aug,thu,270,10,999,0,nonexistent,1.4,93.444,-36.1,4.962,5228.1,no
53,technician,divorced,professional.course,no,no,yes,cellular,aug,thu,74,8,999,0,nonexistent,1.4,93.444,-36.1,4.962,5228.1,no
44,technician,married,university.degree,no,no,no,cellular,aug,thu,214,2,999,0,nonexistent,1.4,93.444,-36.1,4.962,5228.1,no
59,admin.,married,high.school,unknown,yes,no,cellular,aug,thu,147,2,999,0,nonexistent,1.4,93.444,-36.1,4.962,5228.1,no
44,admin.,married,university.degree,no,yes,no,cellular,aug,thu,460,4,999,0,nonexistent,1.4,93.444,-36.1,4.962,5228.1,no
34,admin.,married,university.degree,unknown,yes,no,cellular,aug,thu,114,5,999,0,nonexistent,1.4,93.444,-36.1,4.962,5228.1,no
48,blue-collar,married,basic.9y,no,yes,no,cellular,aug,thu,602,3,999,0,nonexistent,1.4,93.444,-36.1,4.962,5228.1,no
30,admin.,married,university.degree,no,yes,no,cellular,aug,thu,13,23,999,0,nonexistent,1.4,93.444,-36.1,4.962,5228.1,no
35,management,married,university.degree,no,no,no,cellular,aug,thu,9,18,999,0,nonexistent,1.4,93.444,-36.1,4.962,5228.1,no
45,admin.,married,high.school,no,no,no,cellular,aug,thu,52,5,999,0,nonexistent,1.4,93.444,-36.1,4.962,5228.1,no
40,technician,married,professional.course,no,yes,no,cellular,aug,thu,142,8,999,0,nonexistent,1.4,93.444,-36.1,4.962,5228.1,no
33,unemployed,single,university.degree,no,no,no,cellular,aug,thu,126,2,999,0,nonexistent,1.4,93.444,-36.1,4.962,5228.1,no
50,admin.,married,basic.9y,no,yes,no,cellular,aug,thu,15,5,999,0,nonexistent,1.4,93.444,-36.1,4.962,5228.1,no
55,blue-collar,married,basic.4y,no,yes,yes,cellular,aug,thu,21,4,999,0,nonexistent,1.4,93.444,-36.1,4.962,5228.1,no
41,technician,married,high.school,no,no,no,cellular,aug,thu,8,4,999,0,nonexistent,1.4,93.444,-36.1,4.962,5228.1,no
53,self-employed,married,university.degree,no,yes,yes,telephone,aug,thu,48,2,999,0,nonexistent,1.4,93.444,-36.1,4.962,5228.1,no
55,unknown,married,unknown,unknown,yes,no,cellular,aug,thu,60,4,999,0,nonexistent,1.4,93.444,-36.1,4.962,5228.1,no
34,technician,married,professional.course,no,yes,no,telephone,aug,thu,51,2,999,0,nonexistent,1.4,93.444,-36.1,4.962,5228.1,no
32,admin.,single,university.degree,no,yes,no,cellular,aug,thu,70,6,999,0,nonexistent,1.4,93.444,-36.1,4.962,5228.1,no
50,admin.,married,basic.9y,no,no,no,cellular,aug,thu,23,14,999,0,nonexistent,1.4,93.444,-36.1,4.962,5228.1,no
39,technician,single,professional.course,unknown,no,no,cellular,aug,thu,199,4,999,0,nonexistent,1.4,93.444,-36.1,4.962,5228.1,no
31,admin.,divorced,high.school,no,no,no,cellular,aug,thu,12,10,999,0,nonexistent,1.4,93.444,-36.1,4.962,5228.1,no
35,technician,single,university.degree,no,yes,yes,telephone,aug,thu,37,4,999,0,nonexistent,1.4,93.444,-36.1,4.962,5228.1,no
39,admin.,single,university.degree,no,yes,yes,cellular,aug,thu,48,8,999,0,nonexistent,1.4,93.444,-36.1,4.962,5228.1,no
32,management,single,university.degree,no,no,no,cellular,aug,thu,159,1,999,0,nonexistent,1.4,93.444,-36.1,4.962,5228.1,no
32,management,single,university.degree,no,yes,no,cellular,aug,thu,245,1,999,0,nonexistent,1.4,93.444,-36.1,4.962,5228.1,no
34,admin.,divorced,university.degree,no,yes,no,cellular,aug,thu,18,14,999,0,nonexistent,1.4,93.444,-36.1,4.962,5228.1,no
31,admin.,single,university.degree,no,yes,no,cellular,aug,thu,189,11,999,0,nonexistent,1.4,93.444,-36.1,4.962,5228.1,no
43,admin.,single,university.degree,no,yes,no,cellular,aug,thu,62,5,999,0,nonexistent,1.4,93.444,-36.1,4.962,5228.1,no
45,services,married,professional.course,no,no,no,telephone,aug,thu,64,18,999,0,nonexistent,1.4,93.444,-36.1,4.962,5228.1,no
32,admin.,married,university.degree,no,no,no,cellular,aug,thu,39,6,999,0,nonexistent,1.4,93.444,-36.1,4.962,5228.1,no
45,services,married,professional.course,no,yes,yes,cellular,aug,thu,133,9,999,0,nonexistent,1.4,93.444,-36.1,4.962,5228.1,no
49,services,married,basic.9y,no,yes,no,cellular,aug,thu,32,2,999,0,nonexistent,1.4,93.444,-36.1,4.962,5228.1,no
49,housemaid,married,basic.4y,unknown,yes,no,cellular,aug,thu,310,5,999,0,nonexistent,1.4,93.444,-36.1,4.962,5228.1,no
51,admin.,divorced,university.degree,unknown,yes,no,cellular,aug,thu,24,7,999,0,nonexistent,1.4,93.444,-36.1,4.962,5228.1,no
45,services,married,professional.course,no,yes,no,cellular,aug,thu,125,4,999,0,nonexistent,1.4,93.444,-36.1,4.962,5228.1,no
30,admin.,single,university.degree,no,yes,no,cellular,aug,thu,1109,11,999,0,nonexistent,1.4,93.444,-36.1,4.962,5228.1,yes
53,self-employed,married,university.degree,no,yes,no,telephone,aug,thu,161,3,999,0,nonexistent,1.4,93.444,-36.1,4.962,5228.1,no
32,technician,married,university.degree,no,no,no,cellular,aug,thu,76,11,999,0,nonexistent,1.4,93.444,-36.1,4.962,5228.1,no
43,admin.,married,university.degree,no,yes,no,cellular,aug,thu,24,13,999,0,nonexistent,1.4,93.444,-36.1,4.962,5228.1,no
38,technician,divorced,professional.course,no,no,no,cellular,aug,thu,7,8,999,0,nonexistent,1.4,93.444,-36.1,4.962,5228.1,no
32,management,single,university.degree,no,yes,no,cellular,aug,thu,260,1,999,0,nonexistent,1.4,93.444,-36.1,4.962,5228.1,no
35,technician,married,high.school,no,yes,yes,cellular,aug,thu,136,1,999,0,nonexistent,1.4,93.444,-36.1,4.962,5228.1,no
45,admin.,married,university.degree,no,no,no,telephone,aug,thu,58,3,999,0,nonexistent,1.4,93.444,-36.1,4.962,5228.1,no
43,admin.,married,university.degree,no,yes,no,cellular,aug,thu,433,10,999,0,nonexistent,1.4,93.444,-36.1,4.962,5228.1,no
40,technician,divorced,professional.course,no,yes,no,cellular,aug,thu,247,1,999,0,nonexistent,1.4,93.444,-36.1,4.962,5228.1,no
33,unemployed,single,university.degree,no,yes,yes,cellular,aug,thu,201,1,999,0,nonexistent,1.4,93.444,-36.1,4.962,5228.1,no
33,unemployed,single,university.degree,no,yes,no,cellular,aug,thu,89,2,999,0,nonexistent,1.4,93.444,-36.1,4.962,5228.1,no
37,technician,single,professional.course,no,no,no,cellular,aug,thu,19,13,999,0,nonexistent,1.4,93.444,-36.1,4.962,5228.1,no
29,admin.,single,university.degree,no,no,no,cellular,aug,thu,15,9,999,0,nonexistent,1.4,93.444,-36.1,4.962,5228.1,no
36,admin.,single,university.degree,no,yes,no,cellular,aug,thu,55,1,999,0,nonexistent,1.4,93.444,-36.1,4.962,5228.1,no
31,technician,married,professional.course,no,yes,no,cellular,aug,thu,58,1,999,0,nonexistent,1.4,93.444,-36.1,4.962,5228.1,no
50,management,married,university.degree,no,no,no,cellular,aug,fri,160,6,999,0,nonexistent,1.4,93.444,-36.1,4.963,5228.1,no
41,management,married,university.degree,no,yes,no,cellular,aug,fri,193,1,999,0,nonexistent,1.4,93.444,-36.1,4.963,5228.1,no
34,technician,divorced,professional.course,no,yes,no,cellular,aug,fri,207,1,999,0,nonexistent,1.4,93.444,-36.1,4.963,5228.1,no
36,admin.,single,university.degree,no,yes,no,cellular,aug,fri,106,1,999,0,nonexistent,1.4,93.444,-36.1,4.963,5228.1,no
51,admin.,divorced,university.degree,unknown,no,no,cellular,aug,fri,80,1,999,0,nonexistent,1.4,93.444,-36.1,4.963,5228.1,no
55,admin.,married,basic.9y,unknown,yes,no,cellular,aug,fri,42,1,999,0,nonexistent,1.4,93.444,-36.1,4.963,5228.1,no
34,technician,married,university.degree,no,yes,yes,cellular,aug,fri,65,1,999,0,nonexistent,1.4,93.444,-36.1,4.963,5228.1,no
51,blue-collar,married,basic.9y,unknown,no,no,cellular,aug,fri,70,1,999,0,nonexistent,1.4,93.444,-36.1,4.963,5228.1,no
45,admin.,married,high.school,no,yes,no,cellular,aug,fri,45,8,999,0,nonexistent,1.4,93.444,-36.1,4.963,5228.1,no
53,entrepreneur,married,basic.4y,unknown,yes,no,cellular,aug,fri,150,1,999,0,nonexistent,1.4,93.444,-36.1,4.963,5228.1,no
37,technician,married,professional.course,no,yes,no,cellular,aug,fri,92,7,999,0,nonexistent,1.4,93.444,-36.1,4.963,5228.1,no
53,self-employed,married,university.degree,no,no,no,cellular,aug,fri,59,3,999,0,nonexistent,1.4,93.444,-36.1,4.963,5228.1,no
43,admin.,married,university.degree,no,no,yes,cellular,aug,fri,24,9,999,0,nonexistent,1.4,93.444,-36.1,4.963,5228.1,no
31,technician,divorced,university.degree,no,yes,no,cellular,aug,fri,56,3,999,0,nonexistent,1.4,93.444,-36.1,4.963,5228.1,no
35,technician,single,university.degree,no,yes,no,cellular,aug,fri,105,7,999,0,nonexistent,1.4,93.444,-36.1,4.963,5228.1,no
40,self-employed,married,university.degree,no,no,no,cellular,aug,fri,144,2,999,0,nonexistent,1.4,93.444,-36.1,4.963,5228.1,no
48,blue-collar,married,basic.6y,no,no,no,cellular,aug,fri,85,4,999,0,nonexistent,1.4,93.444,-36.1,4.963,5228.1,no
33,technician,single,university.degree,no,no,no,telephone,aug,fri,57,1,999,0,nonexistent,1.4,93.444,-36.1,4.963,5228.1,no
31,technician,single,professional.course,no,no,no,cellular,aug,fri,71,16,999,0,nonexistent,1.4,93.444,-36.1,4.963,5228.1,no
29,admin.,single,university.degree,no,no,no,cellular,aug,fri,82,7,999,0,nonexistent,1.4,93.444,-36.1,4.963,5228.1,no
33,technician,single,university.degree,no,no,no,cellular,aug,fri,120,1,999,0,nonexistent,1.4,93.444,-36.1,4.963,5228.1,no
50,blue-collar,married,basic.4y,unknown,yes,no,cellular,aug,fri,73,1,999,0,nonexistent,1.4,93.444,-36.1,4.963,5228.1,no
38,management,divorced,university.degree,no,no,no,telephone,aug,fri,247,1,999,0,nonexistent,1.4,93.444,-36.1,4.963,5228.1,no
38,technician,married,professional.course,no,yes,no,cellular,aug,fri,119,3,999,0,nonexistent,1.4,93.444,-36.1,4.963,5228.1,no
29,admin.,single,university.degree,no,yes,no,cellular,aug,fri,88,4,999,0,nonexistent,1.4,93.444,-36.1,4.963,5228.1,no
49,technician,married,high.school,unknown,no,no,cellular,aug,fri,114,2,999,0,nonexistent,1.4,93.444,-36.1,4.963,5228.1,no
37,technician,single,professional.course,no,yes,no,cellular,aug,fri,50,2,999,0,nonexistent,1.4,93.444,-36.1,4.963,5228.1,no
31,self-employed,married,university.degree,no,yes,no,cellular,aug,fri,73,1,999,0,nonexistent,1.4,93.444,-36.1,4.963,5228.1,no
38,admin.,married,university.degree,no,yes,yes,cellular,aug,fri,62,1,999,0,nonexistent,1.4,93.444,-36.1,4.963,5228.1,no
35,technician,married,high.school,no,unknown,unknown,cellular,aug,fri,171,1,999,0,nonexistent,1.4,93.444,-36.1,4.963,5228.1,no
33,admin.,married,university.degree,no,yes,no,cellular,aug,fri,24,10,999,0,nonexistent,1.4,93.444,-36.1,4.963,5228.1,no
48,admin.,married,university.degree,unknown,yes,yes,cellular,aug,fri,21,1,999,0,nonexistent,1.4,93.444,-36.1,4.963,5228.1,no
40,technician,married,professional.course,no,no,no,cellular,aug,fri,168,1,999,0,nonexistent,1.4,93.444,-36.1,4.963,5228.1,no
30,admin.,married,university.degree,no,yes,no,cellular,aug,fri,183,1,999,0,nonexistent,1.4,93.444,-36.1,4.963,5228.1,no
31,technician,single,university.degree,no,no,no,cellular,aug,fri,25,4,999,0,nonexistent,1.4,93.444,-36.1,4.963,5228.1,no
29,technician,single,university.degree,no,yes,no,cellular,aug,fri,41,1,999,0,nonexistent,1.4,93.444,-36.1,4.963,5228.1,no
29,technician,single,university.degree,no,yes,no,cellular,aug,fri,204,1,999,0,nonexistent,1.4,93.444,-36.1,4.963,5228.1,no
48,services,married,basic.6y,unknown,no,no,cellular,aug,fri,164,1,999,0,nonexistent,1.4,93.444,-36.1,4.963,5228.1,no
51,blue-collar,married,professional.course,no,no,no,cellular,aug,fri,150,1,999,0,nonexistent,1.4,93.444,-36.1,4.963,5228.1,no
34,technician,married,university.degree,no,yes,no,cellular,aug,fri,643,1,999,0,nonexistent,1.4,93.444,-36.1,4.963,5228.1,no
48,services,married,basic.6y,unknown,yes,no,cellular,aug,fri,131,1,999,0,nonexistent,1.4,93.444,-36.1,4.963,5228.1,no
42,admin.,divorced,university.degree,no,yes,yes,cellular,aug,fri,153,1,999,0,nonexistent,1.4,93.444,-36.1,4.963,5228.1,no
42,admin.,divorced,university.degree,no,yes,no,cellular,aug,fri,40,1,999,0,nonexistent,1.4,93.444,-36.1,4.963,5228.1,no
29,admin.,single,university.degree,no,yes,no,cellular,aug,fri,488,1,999,0,nonexistent,1.4,93.444,-36.1,4.963,5228.1,no
29,admin.,single,university.degree,no,yes,no,cellular,aug,fri,214,4,999,0,nonexistent,1.4,93.444,-36.1,4.963,5228.1,no
36,admin.,single,university.degree,no,no,yes,cellular,aug,fri,69,2,999,0,nonexistent,1.4,93.444,-36.1,4.963,5228.1,no
34,technician,married,professional.course,no,yes,no,cellular,aug,fri,36,1,999,0,nonexistent,1.4,93.444,-36.1,4.963,5228.1,no
34,technician,married,professional.course,no,no,no,cellular,aug,fri,108,1,999,0,nonexistent,1.4,93.444,-36.1,4.963,5228.1,no
45,admin.,married,high.school,no,no,no,cellular,aug,fri,135,1,999,0,nonexistent,1.4,93.444,-36.1,4.963,5228.1,no
34,technician,married,professional.course,no,no,no,cellular,aug,fri,462,1,999,0,nonexistent,1.4,93.444,-36.1,4.963,5228.1,no
29,admin.,single,university.degree,no,no,no,cellular,aug,fri,97,1,999,0,nonexistent,1.4,93.444,-36.1,4.963,5228.1,no
51,services,married,high.school,no,yes,no,cellular,aug,fri,179,1,999,0,nonexistent,1.4,93.444,-36.1,4.963,5228.1,no
38,technician,divorced,professional.course,no,yes,no,cellular,aug,fri,109,1,999,0,nonexistent,1.4,93.444,-36.1,4.963,5228.1,no
45,technician,married,professional.course,no,yes,no,cellular,aug,fri,139,1,999,0,nonexistent,1.4,93.444,-36.1,4.963,5228.1,no
55,unknown,married,unknown,unknown,no,no,cellular,aug,fri,105,1,999,0,nonexistent,1.4,93.444,-36.1,4.963,5228.1,no
43,admin.,single,university.degree,no,yes,no,cellular,aug,fri,213,2,999,0,nonexistent,1.4,93.444,-36.1,4.963,5228.1,no
52,blue-collar,married,basic.9y,no,no,yes,cellular,aug,fri,112,1,999,0,nonexistent,1.4,93.444,-36.1,4.963,5228.1,no
39,technician,divorced,high.school,no,yes,no,cellular,aug,fri,255,1,999,0,nonexistent,1.4,93.444,-36.1,4.963,5228.1,no
53,technician,married,professional.course,unknown,no,yes,cellular,aug,fri,225,2,999,0,nonexistent,1.4,93.444,-36.1,4.963,5228.1,no
55,unknown,married,unknown,unknown,yes,no,cellular,aug,fri,103,1,999,0,nonexistent,1.4,93.444,-36.1,4.963,5228.1,no
32,technician,married,university.degree,no,yes,no,cellular,aug,fri,77,1,999,0,nonexistent,1.4,93.444,-36.1,4.963,5228.1,no
51,management,married,university.degree,no,no,no,cellular,aug,fri,159,1,999,0,nonexistent,1.4,93.444,-36.1,4.963,5228.1,no
38,admin.,married,university.degree,no,no,no,cellular,aug,fri,103,1,999,0,nonexistent,1.4,93.444,-36.1,4.963,5228.1,no
49,services,divorced,high.school,no,yes,no,cellular,aug,fri,156,1,999,0,nonexistent,1.4,93.444,-36.1,4.963,5228.1,no
42,admin.,married,university.degree,no,no,yes,cellular,aug,fri,81,7,999,0,nonexistent,1.4,93.444,-36.1,4.963,5228.1,no
52,admin.,married,university.degree,no,no,no,cellular,aug,fri,94,5,999,0,nonexistent,1.4,93.444,-36.1,4.963,5228.1,no
58,retired,married,high.school,no,yes,no,cellular,aug,fri,35,10,999,0,nonexistent,1.4,93.444,-36.1,4.963,5228.1,no
55,retired,married,basic.9y,no,yes,no,cellular,aug,fri,96,2,999,0,nonexistent,1.4,93.444,-36.1,4.963,5228.1,no
38,admin.,married,university.degree,no,yes,no,cellular,aug,fri,345,1,999,0,nonexistent,1.4,93.444,-36.1,4.963,5228.1,no
38,technician,divorced,professional.course,no,yes,no,cellular,aug,fri,79,2,999,0,nonexistent,1.4,93.444,-36.1,4.963,5228.1,no
33,admin.,married,university.degree,unknown,yes,yes,cellular,aug,fri,128,1,999,0,nonexistent,1.4,93.444,-36.1,4.963,5228.1,no
33,admin.,married,university.degree,unknown,no,no,cellular,aug,fri,204,1,999,0,nonexistent,1.4,93.444,-36.1,4.963,5228.1,no
33,admin.,married,university.degree,unknown,yes,no,cellular,aug,fri,156,1,999,0,nonexistent,1.4,93.444,-36.1,4.963,5228.1,no
32,technician,married,university.degree,no,no,no,cellular,aug,fri,67,2,999,0,nonexistent,1.4,93.444,-36.1,4.963,5228.1,no
59,admin.,married,high.school,no,yes,no,cellular,aug,fri,91,1,999,0,nonexistent,1.4,93.444,-36.1,4.963,5228.1,no
29,admin.,married,university.degree,no,yes,no,cellular,aug,fri,58,1,999,0,nonexistent,1.4,93.444,-36.1,4.963,5228.1,no
35,admin.,married,university.degree,no,no,no,cellular,aug,fri,245,1,999,0,nonexistent,1.4,93.444,-36.1,4.963,5228.1,no
30,admin.,single,university.degree,no,yes,no,cellular,aug,fri,141,1,999,0,nonexistent,1.4,93.444,-36.1,4.963,5228.1,no
42,admin.,married,university.degree,no,no,no,cellular,aug,fri,71,1,999,0,nonexistent,1.4,93.444,-36.1,4.963,5228.1,no
42,admin.,married,university.degree,no,unknown,unknown,cellular,aug,fri,235,1,999,0,nonexistent,1.4,93.444,-36.1,4.963,5228.1,no
32,admin.,divorced,university.degree,no,unknown,unknown,cellular,aug,fri,136,1,999,0,nonexistent,1.4,93.444,-36.1,4.963,5228.1,no
32,admin.,divorced,university.degree,no,no,no,cellular,aug,fri,63,1,999,0,nonexistent,1.4,93.444,-36.1,4.963,5228.1,no
44,admin.,married,professional.course,no,yes,no,cellular,aug,fri,122,1,999,0,nonexistent,1.4,93.444,-36.1,4.963,5228.1,no
51,admin.,divorced,university.degree,unknown,no,no,cellular,aug,fri,137,6,999,0,nonexistent,1.4,93.444,-36.1,4.963,5228.1,no
32,admin.,single,university.degree,no,yes,no,telephone,aug,fri,90,1,999,0,nonexistent,1.4,93.444,-36.1,4.963,5228.1,no
33,technician,single,professional.course,no,yes,no,cellular,aug,fri,141,1,999,0,nonexistent,1.4,93.444,-36.1,4.963,5228.1,no
32,admin.,single,university.degree,no,unknown,unknown,cellular,aug,fri,107,1,999,0,nonexistent,1.4,93.444,-36.1,4.963,5228.1,no
34,admin.,married,high.school,unknown,yes,no,cellular,aug,fri,398,1,999,0,nonexistent,1.4,93.444,-36.1,4.963,5228.1,no
43,technician,married,high.school,no,yes,no,cellular,aug,fri,60,1,999,0,nonexistent,1.4,93.444,-36.1,4.963,5228.1,no
45,admin.,married,high.school,no,yes,no,cellular,aug,fri,130,2,999,0,nonexistent,1.4,93.444,-36.1,4.963,5228.1,no
41,technician,married,professional.course,no,yes,yes,cellular,aug,fri,264,1,999,0,nonexistent,1.4,93.444,-36.1,4.963,5228.1,no
54,services,married,high.school,no,yes,no,cellular,aug,fri,95,1,999,0,nonexistent,1.4,93.444,-36.1,4.963,5228.1,no
41,technician,married,professional.course,no,yes,no,cellular,aug,fri,307,9,999,0,nonexistent,1.4,93.444,-36.1,4.963,5228.1,no
41,technician,married,high.school,no,no,yes,cellular,aug,fri,210,1,999,0,nonexistent,1.4,93.444,-36.1,4.963,5228.1,no
41,housemaid,married,basic.4y,no,yes,no,telephone,aug,fri,116,1,999,0,nonexistent,1.4,93.444,-36.1,4.963,5228.1,no
45,management,married,university.degree,no,yes,yes,cellular,aug,fri,186,1,999,0,nonexistent,1.4,93.444,-36.1,4.963,5228.1,no
37,admin.,married,university.degree,no,no,no,telephone,aug,fri,115,1,999,0,nonexistent,1.4,93.444,-36.1,4.963,5228.1,no
44,admin.,married,high.school,unknown,no,no,cellular,aug,fri,93,8,999,0,nonexistent,1.4,93.444,-36.1,4.963,5228.1,no
49,services,married,unknown,no,no,no,telephone,aug,fri,104,1,999,0,nonexistent,1.4,93.444,-36.1,4.963,5228.1,no
32,technician,single,high.school,no,yes,no,cellular,aug,fri,85,2,999,0,nonexistent,1.4,93.444,-36.1,4.963,5228.1,no
29,admin.,single,university.degree,no,yes,no,telephone,aug,fri,59,1,999,0,nonexistent,1.4,93.444,-36.1,4.963,5228.1,no
39,technician,married,university.degree,unknown,no,no,cellular,aug,fri,1028,1,999,0,nonexistent,1.4,93.444,-36.1,4.963,5228.1,no
29,admin.,single,university.degree,no,no,no,cellular,aug,fri,186,3,999,0,nonexistent,1.4,93.444,-36.1,4.963,5228.1,no
50,management,married,university.degree,no,no,no,cellular,aug,fri,299,2,999,0,nonexistent,1.4,93.444,-36.1,4.963,5228.1,no
45,blue-collar,married,basic.9y,no,yes,no,cellular,aug,fri,161,2,999,0,nonexistent,1.4,93.444,-36.1,4.963,5228.1,no
39,technician,married,university.degree,unknown,yes,no,cellular,aug,fri,207,4,999,0,nonexistent,1.4,93.444,-36.1,4.963,5228.1,no
31,technician,single,professional.course,no,yes,no,cellular,aug,fri,91,2,999,0,nonexistent,1.4,93.444,-36.1,4.963,5228.1,no
32,admin.,married,university.degree,no,no,no,cellular,aug,fri,133,2,999,0,nonexistent,1.4,93.444,-36.1,4.963,5228.1,no
54,services,married,high.school,no,yes,no,cellular,aug,fri,111,2,999,0,nonexistent,1.4,93.444,-36.1,4.963,5228.1,no
51,unknown,married,unknown,unknown,yes,no,cellular,aug,fri,165,2,999,0,nonexistent,1.4,93.444,-36.1,4.963,5228.1,no
32,entrepreneur,married,university.degree,no,yes,no,cellular,aug,fri,19,9,999,0,nonexistent,1.4,93.444,-36.1,4.963,5228.1,no
50,admin.,married,basic.9y,no,unknown,unknown,cellular,aug,fri,49,9,999,0,nonexistent,1.4,93.444,-36.1,4.963,5228.1,no
38,technician,divorced,professional.course,no,yes,no,cellular,aug,fri,64,2,999,0,nonexistent,1.4,93.444,-36.1,4.963,5228.1,no
35,admin.,married,university.degree,no,yes,no,cellular,aug,fri,511,2,999,0,nonexistent,1.4,93.444,-36.1,4.963,5228.1,no
34,admin.,married,university.degree,no,yes,no,cellular,aug,fri,76,2,999,0,nonexistent,1.4,93.444,-36.1,4.963,5228.1,no
41,management,married,university.degree,no,no,no,cellular,aug,fri,124,7,999,0,nonexistent,1.4,93.444,-36.1,4.963,5228.1,no
41,technician,married,high.school,no,no,no,cellular,aug,fri,66,10,999,0,nonexistent,1.4,93.444,-36.1,4.963,5228.1,no
45,technician,divorced,professional.course,unknown,yes,no,cellular,aug,fri,29,10,999,0,nonexistent,1.4,93.444,-36.1,4.963,5228.1,no
44,technician,single,professional.course,no,yes,no,cellular,aug,fri,95,3,999,0,nonexistent,1.4,93.444,-36.1,4.963,5228.1,no
33,unemployed,married,university.degree,no,yes,no,cellular,aug,fri,59,2,999,0,nonexistent,1.4,93.444,-36.1,4.963,5228.1,no
30,admin.,divorced,university.degree,no,yes,no,cellular,aug,fri,398,2,999,0,nonexistent,1.4,93.444,-36.1,4.963,5228.1,no
53,self-employed,married,university.degree,no,yes,no,cellular,aug,fri,47,2,999,0,nonexistent,1.4,93.444,-36.1,4.963,5228.1,no
33,admin.,single,university.degree,no,no,no,cellular,aug,fri,69,14,999,0,nonexistent,1.4,93.444,-36.1,4.963,5228.1,no
30,admin.,divorced,university.degree,no,yes,no,cellular,aug,fri,77,9,999,0,nonexistent,1.4,93.444,-36.1,4.963,5228.1,no
53,self-employed,married,university.degree,no,yes,no,cellular,aug,fri,300,2,999,0,nonexistent,1.4,93.444,-36.1,4.963,5228.1,no
55,blue-collar,married,basic.4y,no,no,no,cellular,aug,fri,94,1,999,0,nonexistent,1.4,93.444,-36.1,4.963,5228.1,no
53,self-employed,married,university.degree,no,no,no,cellular,aug,fri,39,1,999,0,nonexistent,1.4,93.444,-36.1,4.963,5228.1,no
40,admin.,divorced,professional.course,no,yes,no,telephone,aug,fri,18,1,999,0,nonexistent,1.4,93.444,-36.1,4.963,5228.1,no
60,admin.,married,basic.9y,no,no,no,cellular,aug,fri,24,11,999,0,nonexistent,1.4,93.444,-36.1,4.963,5228.1,no
50,admin.,single,university.degree,unknown,no,yes,cellular,aug,fri,70,2,999,0,nonexistent,1.4,93.444,-36.1,4.963,5228.1,no
49,blue-collar,married,basic.4y,unknown,yes,no,cellular,aug,fri,21,3,999,0,nonexistent,1.4,93.444,-36.1,4.963,5228.1,no
31,admin.,married,university.degree,no,yes,yes,cellular,aug,fri,92,2,999,0,nonexistent,1.4,93.444,-36.1,4.963,5228.1,no
59,retired,married,basic.4y,no,yes,no,telephone,aug,fri,162,1,999,0,nonexistent,1.4,93.444,-36.1,4.963,5228.1,no
59,retired,married,basic.4y,no,yes,no,cellular,aug,fri,94,1,999,0,nonexistent,1.4,93.444,-36.1,4.963,5228.1,no
33,technician,married,professional.course,no,yes,no,telephone,aug,fri,58,1,999,0,nonexistent,1.4,93.444,-36.1,4.963,5228.1,no
30,technician,single,high.school,no,yes,no,cellular,aug,fri,90,1,999,0,nonexistent,1.4,93.444,-36.1,4.963,5228.1,no
35,technician,married,high.school,no,yes,no,telephone,aug,fri,129,1,999,0,nonexistent,1.4,93.444,-36.1,4.963,5228.1,no
33,unemployed,single,university.degree,no,yes,no,telephone,aug,fri,145,1,999,0,nonexistent,1.4,93.444,-36.1,4.963,5228.1,no
35,technician,divorced,professional.course,unknown,yes,yes,cellular,aug,fri,161,3,999,0,nonexistent,1.4,93.444,-36.1,4.963,5228.1,no
48,services,married,high.school,unknown,no,no,cellular,aug,fri,88,1,999,0,nonexistent,1.4,93.444,-36.1,4.963,5228.1,no
35,technician,married,high.school,no,no,no,cellular,aug,fri,133,1,999,0,nonexistent,1.4,93.444,-36.1,4.963,5228.1,no
35,technician,married,high.school,no,unknown,unknown,cellular,aug,fri,61,2,999,0,nonexistent,1.4,93.444,-36.1,4.963,5228.1,no
29,admin.,single,university.degree,no,yes,yes,cellular,aug,fri,493,1,999,0,nonexistent,1.4,93.444,-36.1,4.963,5228.1,no
47,admin.,married,university.degree,no,no,no,cellular,aug,fri,451,2,999,0,nonexistent,1.4,93.444,-36.1,4.963,5228.1,no
34,technician,married,university.degree,no,yes,no,cellular,aug,fri,168,1,999,0,nonexistent,1.4,93.444,-36.1,4.963,5228.1,no
29,technician,married,professional.course,no,no,yes,cellular,aug,fri,370,2,999,0,nonexistent,1.4,93.444,-36.1,4.963,5228.1,no
30,admin.,divorced,university.degree,no,yes,yes,cellular,aug,fri,201,1,999,0,nonexistent,1.4,93.444,-36.1,4.963,5228.1,no
51,admin.,divorced,university.degree,unknown,no,no,cellular,aug,fri,59,2,999,0,nonexistent,1.4,93.444,-36.1,4.963,5228.1,no
52,blue-collar,married,basic.9y,no,no,no,cellular,aug,fri,85,8,999,0,nonexistent,1.4,93.444,-36.1,4.963,5228.1,no
29,admin.,single,university.degree,no,yes,no,cellular,aug,fri,301,2,999,0,nonexistent,1.4,93.444,-36.1,4.963,5228.1,no
60,admin.,married,basic.9y,no,yes,no,cellular,aug,fri,60,2,999,0,nonexistent,1.4,93.444,-36.1,4.963,5228.1,no
45,admin.,married,university.degree,no,no,no,cellular,aug,fri,27,2,999,0,nonexistent,1.4,93.444,-36.1,4.963,5228.1,no
38,admin.,married,university.degree,no,yes,no,telephone,aug,fri,20,1,999,0,nonexistent,1.4,93.444,-36.1,4.963,5228.1,no
53,management,married,university.degree,no,yes,yes,telephone,aug,fri,81,1,999,0,nonexistent,1.4,93.444,-36.1,4.963,5228.1,no
53,management,married,university.degree,no,no,no,telephone,aug,fri,74,1,999,0,nonexistent,1.4,93.444,-36.1,4.963,5228.1,no
33,unemployed,married,university.degree,no,yes,no,cellular,aug,fri,53,2,999,0,nonexistent,1.4,93.444,-36.1,4.963,5228.1,no
35,technician,divorced,high.school,unknown,yes,no,telephone,aug,fri,117,1,999,0,nonexistent,1.4,93.444,-36.1,4.963,5228.1,no
50,admin.,married,basic.9y,no,no,no,cellular,aug,fri,215,3,999,0,nonexistent,1.4,93.444,-36.1,4.963,5228.1,no
31,admin.,married,university.degree,no,yes,no,telephone,aug,fri,43,1,999,0,nonexistent,1.4,93.444,-36.1,4.963,5228.1,no
41,admin.,married,university.degree,no,no,no,cellular,aug,fri,106,3,999,0,nonexistent,1.4,93.444,-36.1,4.963,5228.1,no
33,admin.,married,university.degree,no,no,no,telephone,aug,fri,120,1,999,0,nonexistent,1.4,93.444,-36.1,4.963,5228.1,no
41,admin.,married,university.degree,no,no,no,telephone,aug,fri,51,1,999,0,nonexistent,1.4,93.444,-36.1,4.963,5228.1,no
48,blue-collar,married,basic.4y,no,yes,no,cellular,aug,fri,669,6,999,0,nonexistent,1.4,93.444,-36.1,4.963,5228.1,no
33,admin.,married,university.degree,no,no,no,cellular,aug,fri,127,5,999,0,nonexistent,1.4,93.444,-36.1,4.963,5228.1,no
39,housemaid,married,basic.4y,unknown,yes,no,telephone,aug,fri,158,4,999,0,nonexistent,1.4,93.444,-36.1,4.963,5228.1,no
58,retired,married,basic.4y,no,yes,no,cellular,aug,fri,68,3,999,0,nonexistent,1.4,93.444,-36.1,4.963,5228.1,no
45,technician,married,professional.course,no,yes,yes,cellular,aug,fri,215,3,999,0,nonexistent,1.4,93.444,-36.1,4.963,5228.1,no
41,admin.,married,university.degree,no,yes,no,telephone,aug,fri,63,9,999,0,nonexistent,1.4,93.444,-36.1,4.963,5228.1,no
31,technician,single,professional.course,unknown,yes,yes,cellular,aug,fri,27,7,999,0,nonexistent,1.4,93.444,-36.1,4.963,5228.1,no
51,self-employed,married,high.school,no,yes,no,cellular,aug,fri,8,6,999,0,nonexistent,1.4,93.444,-36.1,4.963,5228.1,no
59,retired,married,unknown,no,no,yes,cellular,aug,fri,88,2,999,0,nonexistent,1.4,93.444,-36.1,4.963,5228.1,no
58,retired,married,basic.4y,no,yes,yes,cellular,aug,fri,89,3,999,0,nonexistent,1.4,93.444,-36.1,4.963,5228.1,no
55,technician,married,professional.course,no,yes,no,telephone,aug,fri,77,7,999,0,nonexistent,1.4,93.444,-36.1,4.963,5228.1,no
44,admin.,married,high.school,no,yes,no,telephone,oct,fri,159,1,999,0,nonexistent,-0.1,93.79799999999999,-40.4,5.045,5195.8,no
42,admin.,married,high.school,no,yes,yes,telephone,oct,fri,103,1,999,0,nonexistent,-0.1,93.79799999999999,-40.4,5.045,5195.8,yes
56,unknown,married,unknown,no,no,no,telephone,oct,fri,235,1,999,0,nonexistent,-0.1,93.79799999999999,-40.4,5.045,5195.8,yes
30,entrepreneur,married,university.degree,no,no,no,telephone,oct,fri,223,1,999,0,nonexistent,-0.1,93.79799999999999,-40.4,5.045,5195.8,yes
43,technician,single,professional.course,no,no,no,telephone,oct,fri,147,1,999,0,nonexistent,-0.1,93.79799999999999,-40.4,5.045,5195.8,no
27,self-employed,single,university.degree,no,no,no,telephone,oct,fri,24,1,999,0,nonexistent,-0.1,93.79799999999999,-40.4,5.045,5195.8,no
46,admin.,divorced,high.school,no,yes,no,telephone,oct,fri,3253,1,999,0,nonexistent,-0.1,93.79799999999999,-40.4,5.045,5195.8,no
42,self-employed,married,basic.4y,no,no,no,telephone,oct,fri,478,1,999,0,nonexistent,-0.1,93.79799999999999,-40.4,5.045,5195.8,yes
52,technician,married,professional.course,no,yes,yes,telephone,oct,mon,164,1,999,0,nonexistent,-0.1,93.79799999999999,-40.4,5.0,5195.8,no
35,entrepreneur,married,university.degree,no,yes,yes,telephone,oct,mon,2429,1,999,0,nonexistent,-0.1,93.79799999999999,-40.4,5.0,5195.8,no
48,admin.,married,high.school,no,no,no,telephone,oct,mon,312,1,999,0,nonexistent,-0.1,93.79799999999999,-40.4,5.0,5195.8,yes
41,technician,divorced,professional.course,no,unknown,unknown,telephone,oct,mon,73,1,999,0,nonexistent,-0.1,93.79799999999999,-40.4,5.0,5195.8,no
39,technician,divorced,university.degree,no,no,yes,telephone,oct,mon,2016,1,999,0,nonexistent,-0.1,93.79799999999999,-40.4,5.0,5195.8,yes
38,blue-collar,single,unknown,no,yes,no,telephone,oct,tue,39,1,999,1,failure,-0.1,93.79799999999999,-40.4,4.968,5195.8,no
44,admin.,divorced,high.school,no,yes,no,telephone,oct,tue,294,1,999,0,nonexistent,-0.1,93.79799999999999,-40.4,4.968,5195.8,yes
59,admin.,married,university.degree,no,no,no,telephone,oct,tue,85,1,999,0,nonexistent,-0.1,93.79799999999999,-40.4,4.968,5195.8,yes
32,admin.,married,high.school,no,no,no,telephone,oct,tue,101,1,999,0,nonexistent,-0.1,93.79799999999999,-40.4,4.968,5195.8,yes
59,blue-collar,married,professional.course,no,no,no,telephone,oct,tue,19,1,999,0,nonexistent,-0.1,93.79799999999999,-40.4,4.968,5195.8,no
40,services,married,high.school,no,yes,no,telephone,oct,tue,144,1,999,1,failure,-0.1,93.79799999999999,-40.4,4.968,5195.8,yes
35,blue-collar,married,basic.9y,no,yes,no,telephone,oct,tue,4,1,999,0,nonexistent,-0.1,93.79799999999999,-40.4,4.968,5195.8,no
56,blue-collar,married,unknown,no,yes,no,telephone,oct,tue,54,1,999,0,nonexistent,-0.1,93.79799999999999,-40.4,4.968,5195.8,no
27,student,single,high.school,no,no,no,telephone,oct,tue,187,1,999,0,nonexistent,-0.1,93.79799999999999,-40.4,4.968,5195.8,yes
41,admin.,single,high.school,no,no,no,telephone,oct,tue,49,1,999,0,nonexistent,-0.1,93.79799999999999,-40.4,4.968,5195.8,no
30,technician,single,university.degree,no,no,no,telephone,oct,wed,676,1,999,0,nonexistent,-0.1,93.79799999999999,-40.4,4.936,5195.8,yes
36,technician,married,high.school,no,no,no,telephone,oct,wed,157,1,999,0,nonexistent,-0.1,93.79799999999999,-40.4,4.936,5195.8,yes
56,technician,married,professional.course,no,no,no,telephone,oct,wed,73,1,999,0,nonexistent,-0.1,93.79799999999999,-40.4,4.936,5195.8,no
48,admin.,married,university.degree,no,no,no,telephone,oct,wed,98,1,999,0,nonexistent,-0.1,93.79799999999999,-40.4,4.936,5195.8,yes
37,admin.,single,high.school,no,yes,no,telephone,oct,wed,313,1,999,0,nonexistent,-0.1,93.79799999999999,-40.4,4.936,5195.8,yes
25,services,single,high.school,no,yes,no,telephone,oct,thu,301,1,999,0,nonexistent,-0.1,93.79799999999999,-40.4,4.921,5195.8,yes
39,technician,married,professional.course,no,no,no,telephone,oct,thu,171,1,999,0,nonexistent,-0.1,93.79799999999999,-40.4,4.921,5195.8,yes
39,blue-collar,married,basic.9y,no,yes,no,telephone,oct,fri,112,1,999,0,nonexistent,-0.1,93.79799999999999,-40.4,4.918,5195.8,yes
58,retired,married,university.degree,no,yes,no,telephone,oct,fri,12,1,999,0,nonexistent,-0.1,93.79799999999999,-40.4,4.918,5195.8,no
38,admin.,married,high.school,no,yes,no,telephone,oct,fri,97,1,999,0,nonexistent,-0.1,93.79799999999999,-40.4,4.918,5195.8,yes
26,entrepreneur,married,basic.9y,no,yes,no,telephone,oct,fri,5,1,999,0,nonexistent,-0.1,93.79799999999999,-40.4,4.918,5195.8,no
46,admin.,divorced,university.degree,no,no,no,telephone,oct,mon,376,1,999,0,nonexistent,-0.1,93.79799999999999,-40.4,4.912,5195.8,yes
29,technician,single,professional.course,no,yes,no,telephone,oct,mon,150,1,999,0,nonexistent,-0.1,93.79799999999999,-40.4,4.912,5195.8,yes
32,admin.,married,university.degree,no,no,yes,telephone,oct,mon,27,1,999,0,nonexistent,-0.1,93.79799999999999,-40.4,4.912,5195.8,no
31,admin.,married,university.degree,no,yes,no,telephone,oct,mon,131,1,999,0,nonexistent,-0.1,93.79799999999999,-40.4,4.912,5195.8,yes
26,admin.,single,university.degree,no,yes,no,telephone,oct,mon,251,1,999,0,nonexistent,-0.1,93.79799999999999,-40.4,4.912,5195.8,yes
27,blue-collar,single,professional.course,no,yes,no,telephone,oct,mon,3284,1,999,0,nonexistent,-0.1,93.79799999999999,-40.4,4.912,5195.8,no
31,admin.,single,university.degree,no,yes,no,telephone,oct,tue,125,1,999,0,nonexistent,-0.1,93.79799999999999,-40.4,4.86,5195.8,yes
43,blue-collar,married,basic.9y,no,no,no,telephone,oct,tue,10,1,999,0,nonexistent,-0.1,93.79799999999999,-40.4,4.86,5195.8,no
45,technician,divorced,high.school,no,yes,no,telephone,oct,tue,141,1,999,0,nonexistent,-0.1,93.79799999999999,-40.4,4.86,5195.8,yes
31,blue-collar,married,basic.6y,no,yes,no,telephone,oct,tue,154,1,999,0,nonexistent,-0.1,93.79799999999999,-40.4,4.86,5195.8,yes
34,admin.,single,university.degree,no,no,no,telephone,oct,tue,135,1,999,0,nonexistent,-0.1,93.79799999999999,-40.4,4.86,5195.8,yes
33,entrepreneur,married,university.degree,no,yes,no,telephone,oct,tue,454,1,999,0,nonexistent,-0.1,93.79799999999999,-40.4,4.86,5195.8,yes
33,technician,married,professional.course,no,yes,no,telephone,oct,wed,171,1,999,0,nonexistent,-0.1,93.79799999999999,-40.4,4.827,5195.8,yes
49,blue-collar,married,basic.6y,no,no,no,telephone,oct,wed,11,1,999,0,nonexistent,-0.1,93.79799999999999,-40.4,4.827,5195.8,no
30,admin.,married,university.degree,no,no,no,telephone,oct,wed,313,1,999,0,nonexistent,-0.1,93.79799999999999,-40.4,4.827,5195.8,yes
33,admin.,married,university.degree,no,no,no,telephone,oct,wed,167,1,999,0,nonexistent,-0.1,93.79799999999999,-40.4,4.827,5195.8,no
34,blue-collar,single,high.school,no,yes,no,telephone,oct,wed,266,1,999,0,nonexistent,-0.1,93.79799999999999,-40.4,4.827,5195.8,yes
36,self-employed,single,university.degree,no,yes,no,telephone,oct,thu,248,1,999,0,nonexistent,-0.1,93.79799999999999,-40.4,4.794,5195.8,yes
56,technician,married,high.school,no,no,no,telephone,oct,thu,234,1,999,0,nonexistent,-0.1,93.79799999999999,-40.4,4.794,5195.8,yes
31,technician,single,university.degree,no,no,no,telephone,oct,thu,154,1,999,0,nonexistent,-0.1,93.79799999999999,-40.4,4.794,5195.8,yes
34,blue-collar,divorced,high.school,no,yes,no,telephone,oct,thu,160,1,999,0,nonexistent,-0.1,93.79799999999999,-40.4,4.794,5195.8,yes
38,entrepreneur,married,basic.4y,no,no,no,telephone,oct,fri,227,1,999,0,nonexistent,-0.1,93.79799999999999,-40.4,4.76,5195.8,yes
33,admin.,married,university.degree,no,no,no,cellular,oct,fri,18,1,999,0,nonexistent,-0.1,93.79799999999999,-40.4,4.76,5195.8,no
31,admin.,married,university.degree,no,yes,no,telephone,nov,mon,44,1,999,0,nonexistent,-0.1,93.2,-42.0,4.7330000000000005,5195.8,no
33,admin.,married,university.degree,no,no,no,telephone,nov,mon,98,1,999,0,nonexistent,-0.1,93.2,-42.0,4.7330000000000005,5195.8,no
30,admin.,married,university.degree,no,no,no,cellular,nov,tue,95,1,999,0,nonexistent,-0.1,93.2,-42.0,4.7,5195.8,no
32,technician,married,professional.course,no,yes,no,telephone,nov,tue,399,1,999,0,nonexistent,-0.1,93.2,-42.0,4.7,5195.8,yes
32,management,married,university.degree,no,yes,yes,telephone,nov,tue,15,1,999,0,nonexistent,-0.1,93.2,-42.0,4.7,5195.8,no
57,retired,divorced,university.degree,no,yes,no,telephone,nov,tue,21,1,999,0,nonexistent,-0.1,93.2,-42.0,4.7,5195.8,no
48,admin.,married,high.school,no,yes,no,telephone,nov,tue,217,1,999,0,nonexistent,-0.1,93.2,-42.0,4.7,5195.8,no
50,entrepreneur,married,university.degree,no,no,no,telephone,nov,tue,209,1,999,0,nonexistent,-0.1,93.2,-42.0,4.7,5195.8,yes
30,technician,married,professional.course,no,yes,no,telephone,nov,wed,6,1,999,0,nonexistent,-0.1,93.2,-42.0,4.663,5195.8,no
45,unknown,married,unknown,no,no,no,telephone,nov,wed,169,1,999,0,nonexistent,-0.1,93.2,-42.0,4.663,5195.8,yes
57,admin.,divorced,university.degree,no,no,no,telephone,nov,wed,5,1,999,0,nonexistent,-0.1,93.2,-42.0,4.663,5195.8,no
25,management,married,university.degree,no,yes,no,telephone,nov,wed,268,1,999,0,nonexistent,-0.1,93.2,-42.0,4.663,5195.8,yes
39,management,married,university.degree,no,yes,no,telephone,nov,wed,204,1,999,0,nonexistent,-0.1,93.2,-42.0,4.663,5195.8,yes
27,self-employed,married,professional.course,no,no,no,telephone,nov,wed,669,1,999,0,nonexistent,-0.1,93.2,-42.0,4.663,5195.8,yes
33,blue-collar,married,basic.9y,no,yes,yes,telephone,nov,wed,68,1,999,0,nonexistent,-0.1,93.2,-42.0,4.663,5195.8,no
47,admin.,married,university.degree,no,no,yes,telephone,nov,wed,23,1,999,0,nonexistent,-0.1,93.2,-42.0,4.663,5195.8,no
41,admin.,single,high.school,no,yes,no,telephone,nov,thu,234,1,999,0,nonexistent,-0.1,93.2,-42.0,4.592,5195.8,yes
30,admin.,married,high.school,no,yes,no,telephone,nov,thu,26,1,999,0,nonexistent,-0.1,93.2,-42.0,4.592,5195.8,no
32,admin.,married,university.degree,no,no,no,telephone,nov,thu,132,1,999,0,nonexistent,-0.1,93.2,-42.0,4.592,5195.8,no
31,blue-collar,married,basic.9y,no,yes,no,telephone,nov,fri,115,1,999,0,nonexistent,-0.1,93.2,-42.0,4.474,5195.8,yes
43,retired,married,high.school,no,yes,no,cellular,nov,fri,83,1,999,0,nonexistent,-0.1,93.2,-42.0,4.474,5195.8,no
32,admin.,single,university.degree,no,no,no,telephone,nov,mon,1239,1,999,0,nonexistent,-0.1,93.2,-42.0,4.406000000000001,5195.8,no
33,technician,single,professional.course,no,yes,no,telephone,nov,mon,4918,1,999,0,nonexistent,-0.1,93.2,-42.0,4.406000000000001,5195.8,no
27,student,single,university.degree,no,yes,no,telephone,nov,mon,125,1,999,0,nonexistent,-0.1,93.2,-42.0,4.406000000000001,5195.8,no
47,student,single,unknown,no,unknown,unknown,telephone,nov,mon,145,1,999,0,nonexistent,-0.1,93.2,-42.0,4.406000000000001,5195.8,yes
46,technician,married,professional.course,no,no,no,telephone,nov,mon,98,1,999,0,nonexistent,-0.1,93.2,-42.0,4.406000000000001,5195.8,no
58,retired,divorced,basic.9y,no,yes,no,telephone,nov,mon,248,1,999,0,nonexistent,-0.1,93.2,-42.0,4.406000000000001,5195.8,yes
47,management,divorced,university.degree,no,no,no,telephone,nov,tue,74,1,999,0,nonexistent,-0.1,93.2,-42.0,4.343,5195.8,no
43,services,married,basic.6y,no,no,no,telephone,nov,tue,133,1,999,0,nonexistent,-0.1,93.2,-42.0,4.343,5195.8,no
57,admin.,divorced,university.degree,no,no,no,telephone,nov,tue,119,1,999,0,nonexistent,-0.1,93.2,-42.0,4.343,5195.8,no
32,unemployed,married,professional.course,no,yes,no,telephone,nov,tue,486,1,999,0,nonexistent,-0.1,93.2,-42.0,4.343,5195.8,yes
36,admin.,married,high.school,no,yes,no,telephone,nov,wed,114,1,999,1,failure,-0.1,93.2,-42.0,4.2860000000000005,5195.8,yes
58,management,divorced,university.degree,no,no,no,telephone,nov,wed,139,1,999,0,nonexistent,-0.1,93.2,-42.0,4.2860000000000005,5195.8,yes
53,technician,divorced,professional.course,no,yes,no,cellular,nov,wed,320,1,999,0,nonexistent,-0.1,93.2,-42.0,4.2860000000000005,5195.8,no
37,housemaid,married,university.degree,no,yes,no,telephone,nov,wed,129,1,999,0,nonexistent,-0.1,93.2,-42.0,4.2860000000000005,5195.8,no
37,admin.,married,university.degree,no,yes,no,telephone,nov,wed,119,1,6,1,success,-0.1,93.2,-42.0,4.2860000000000005,5195.8,no
18,student,single,high.school,no,no,no,telephone,nov,thu,75,1,999,0,nonexistent,-0.1,93.2,-42.0,4.245,5195.8,no
33,self-employed,single,university.degree,no,no,no,telephone,nov,thu,168,1,999,0,nonexistent,-0.1,93.2,-42.0,4.245,5195.8,no
29,self-employed,married,university.degree,no,yes,no,telephone,nov,thu,86,1,999,1,failure,-0.1,93.2,-42.0,4.245,5195.8,no
50,admin.,single,basic.9y,no,unknown,unknown,telephone,nov,thu,45,1,999,0,nonexistent,-0.1,93.2,-42.0,4.245,5195.8,no
42,admin.,married,professional.course,no,yes,no,telephone,nov,thu,90,1,999,0,nonexistent,-0.1,93.2,-42.0,4.245,5195.8,yes
40,blue-collar,married,basic.9y,no,unknown,unknown,telephone,nov,thu,160,1,999,0,nonexistent,-0.1,93.2,-42.0,4.245,5195.8,yes
39,admin.,single,high.school,no,no,no,telephone,nov,thu,51,1,999,0,nonexistent,-0.1,93.2,-42.0,4.245,5195.8,no
37,admin.,divorced,university.degree,no,no,yes,cellular,nov,fri,132,1,999,0,nonexistent,-0.1,93.2,-42.0,4.223,5195.8,yes
35,technician,single,professional.course,no,yes,no,telephone,nov,fri,160,1,999,0,nonexistent,-0.1,93.2,-42.0,4.223,5195.8,yes
35,management,married,university.degree,no,yes,no,telephone,nov,fri,24,1,999,0,nonexistent,-0.1,93.2,-42.0,4.223,5195.8,no
34,management,married,university.degree,no,no,no,telephone,nov,fri,179,1,999,0,nonexistent,-0.1,93.2,-42.0,4.223,5195.8,yes
57,management,married,university.degree,no,yes,no,telephone,nov,mon,76,1,999,0,nonexistent,-0.1,93.2,-42.0,4.191,5195.8,no
42,technician,divorced,professional.course,no,no,no,cellular,nov,mon,200,1,999,1,failure,-0.1,93.2,-42.0,4.191,5195.8,no
42,technician,married,professional.course,unknown,no,no,cellular,nov,mon,212,1,999,0,nonexistent,-0.1,93.2,-42.0,4.191,5195.8,no
56,services,married,high.school,no,no,no,telephone,nov,mon,92,1,999,0,nonexistent,-0.1,93.2,-42.0,4.191,5195.8,no
56,services,married,high.school,no,no,no,cellular,nov,mon,156,1,999,0,nonexistent,-0.1,93.2,-42.0,4.191,5195.8,no
40,admin.,married,high.school,no,no,no,cellular,nov,mon,53,1,999,0,nonexistent,-0.1,93.2,-42.0,4.191,5195.8,no
50,self-employed,married,university.degree,no,no,no,telephone,nov,mon,238,1,999,0,nonexistent,-0.1,93.2,-42.0,4.191,5195.8,no
42,management,married,university.degree,no,yes,yes,cellular,nov,mon,128,1,999,0,nonexistent,-0.1,93.2,-42.0,4.191,5195.8,no
41,blue-collar,married,basic.9y,no,yes,no,cellular,nov,mon,238,1,999,0,nonexistent,-0.1,93.2,-42.0,4.191,5195.8,no
48,self-employed,divorced,high.school,no,yes,no,cellular,nov,mon,82,1,999,0,nonexistent,-0.1,93.2,-42.0,4.191,5195.8,no
34,admin.,single,high.school,no,no,no,cellular,nov,mon,303,1,999,1,failure,-0.1,93.2,-42.0,4.191,5195.8,no
44,management,married,university.degree,no,yes,no,cellular,nov,mon,130,1,999,1,failure,-0.1,93.2,-42.0,4.191,5195.8,no
51,technician,married,unknown,no,no,no,cellular,nov,mon,324,1,999,1,failure,-0.1,93.2,-42.0,4.191,5195.8,no
44,management,married,high.school,no,yes,no,cellular,nov,mon,669,1,999,0,nonexistent,-0.1,93.2,-42.0,4.191,5195.8,no
52,admin.,married,university.degree,no,yes,yes,cellular,nov,mon,161,1,999,1,failure,-0.1,93.2,-42.0,4.191,5195.8,no
49,blue-collar,married,high.school,unknown,yes,no,cellular,nov,mon,80,1,999,0,nonexistent,-0.1,93.2,-42.0,4.191,5195.8,no
49,blue-collar,married,high.school,unknown,yes,no,cellular,nov,mon,108,1,999,0,nonexistent,-0.1,93.2,-42.0,4.191,5195.8,no
41,entrepreneur,married,university.degree,no,yes,no,cellular,nov,mon,163,1,999,1,failure,-0.1,93.2,-42.0,4.191,5195.8,no
52,retired,married,university.degree,no,no,no,cellular,nov,mon,147,1,999,0,nonexistent,-0.1,93.2,-42.0,4.191,5195.8,no
42,services,married,high.school,no,yes,no,cellular,nov,mon,252,1,999,0,nonexistent,-0.1,93.2,-42.0,4.191,5195.8,no
35,management,married,university.degree,no,yes,no,cellular,nov,mon,113,1,999,0,nonexistent,-0.1,93.2,-42.0,4.191,5195.8,no
40,admin.,married,university.degree,no,no,no,telephone,nov,mon,52,1,999,0,nonexistent,-0.1,93.2,-42.0,4.191,5195.8,no
51,technician,divorced,high.school,no,yes,no,cellular,nov,mon,81,1,999,0,nonexistent,-0.1,93.2,-42.0,4.191,5195.8,no
58,admin.,divorced,university.degree,no,yes,no,cellular,nov,mon,70,1,999,0,nonexistent,-0.1,93.2,-42.0,4.191,5195.8,no
37,admin.,single,university.degree,no,yes,no,cellular,nov,mon,64,1,999,0,nonexistent,-0.1,93.2,-42.0,4.191,5195.8,no
41,blue-collar,married,basic.9y,unknown,yes,no,cellular,nov,mon,176,1,999,0,nonexistent,-0.1,93.2,-42.0,4.191,5195.8,no
44,retired,single,basic.9y,no,no,no,cellular,nov,mon,115,1,999,1,failure,-0.1,93.2,-42.0,4.191,5195.8,no
40,technician,married,professional.course,no,no,no,cellular,nov,mon,550,1,999,0,nonexistent,-0.1,93.2,-42.0,4.191,5195.8,no
45,unemployed,married,basic.9y,no,yes,no,cellular,nov,mon,75,1,999,0,nonexistent,-0.1,93.2,-42.0,4.191,5195.8,no
36,unemployed,divorced,high.school,no,no,yes,cellular,nov,mon,57,1,999,0,nonexistent,-0.1,93.2,-42.0,4.191,5195.8,no
36,unemployed,divorced,high.school,no,yes,yes,cellular,nov,mon,68,1,999,1,failure,-0.1,93.2,-42.0,4.191,5195.8,no
36,unemployed,divorced,high.school,no,no,no,cellular,nov,mon,59,1,999,0,nonexistent,-0.1,93.2,-42.0,4.191,5195.8,no
36,unemployed,divorced,high.school,no,yes,no,cellular,nov,mon,55,1,999,0,nonexistent,-0.1,93.2,-42.0,4.191,5195.8,no
38,technician,married,professional.course,no,yes,no,cellular,nov,mon,61,1,999,0,nonexistent,-0.1,93.2,-42.0,4.191,5195.8,no
38,technician,married,professional.course,no,no,no,cellular,nov,mon,113,1,999,0,nonexistent,-0.1,93.2,-42.0,4.191,5195.8,no
50,entrepreneur,married,university.degree,no,no,no,cellular,nov,mon,134,1,999,1,failure,-0.1,93.2,-42.0,4.191,5195.8,no
46,management,married,university.degree,no,yes,no,cellular,nov,mon,123,1,999,0,nonexistent,-0.1,93.2,-42.0,4.191,5195.8,no
41,admin.,married,high.school,no,yes,no,cellular,nov,mon,353,1,999,0,nonexistent,-0.1,93.2,-42.0,4.191,5195.8,no
40,blue-collar,married,basic.9y,no,yes,no,cellular,nov,mon,146,1,999,0,nonexistent,-0.1,93.2,-42.0,4.191,5195.8,no
50,blue-collar,married,basic.6y,unknown,no,yes,cellular,nov,mon,120,1,999,1,failure,-0.1,93.2,-42.0,4.191,5195.8,no
34,admin.,married,university.degree,no,yes,no,cellular,nov,mon,92,1,999,0,nonexistent,-0.1,93.2,-42.0,4.191,5195.8,no
46,management,married,university.degree,no,no,no,cellular,nov,mon,595,1,999,0,nonexistent,-0.1,93.2,-42.0,4.191,5195.8,no
43,services,married,high.school,no,no,no,cellular,nov,mon,118,1,999,0,nonexistent,-0.1,93.2,-42.0,4.191,5195.8,no
54,technician,married,professional.course,no,no,no,cellular,nov,mon,78,1,999,0,nonexistent,-0.1,93.2,-42.0,4.191,5195.8,no
42,management,married,university.degree,no,no,no,cellular,nov,mon,93,1,999,0,nonexistent,-0.1,93.2,-42.0,4.191,5195.8,no
37,admin.,single,high.school,unknown,yes,no,cellular,nov,mon,387,1,999,0,nonexistent,-0.1,93.2,-42.0,4.191,5195.8,no
42,management,married,university.degree,no,yes,no,cellular,nov,mon,178,1,999,0,nonexistent,-0.1,93.2,-42.0,4.191,5195.8,no
37,admin.,single,high.school,unknown,yes,no,cellular,nov,mon,433,1,999,0,nonexistent,-0.1,93.2,-42.0,4.191,5195.8,no
51,blue-collar,married,high.school,no,yes,no,cellular,nov,mon,69,1,999,0,nonexistent,-0.1,93.2,-42.0,4.191,5195.8,no
50,self-employed,married,university.degree,no,no,no,cellular,nov,mon,223,2,999,0,nonexistent,-0.1,93.2,-42.0,4.191,5195.8,no
54,admin.,married,university.degree,no,no,no,cellular,nov,mon,178,1,999,0,nonexistent,-0.1,93.2,-42.0,4.191,5195.8,no
43,services,married,basic.4y,no,no,no,cellular,nov,mon,75,1,999,1,failure,-0.1,93.2,-42.0,4.191,5195.8,no
43,services,married,basic.4y,no,yes,no,cellular,nov,mon,92,1,999,0,nonexistent,-0.1,93.2,-42.0,4.191,5195.8,no
47,services,divorced,high.school,no,yes,no,cellular,nov,mon,334,1,999,0,nonexistent,-0.1,93.2,-42.0,4.191,5195.8,no
38,blue-collar,married,unknown,no,no,no,cellular,nov,mon,64,1,999,0,nonexistent,-0.1,93.2,-42.0,4.191,5195.8,no
55,admin.,single,university.degree,unknown,no,no,cellular,nov,mon,142,1,999,0,nonexistent,-0.1,93.2,-42.0,4.191,5195.8,no
44,management,married,high.school,no,yes,no,cellular,nov,mon,231,2,999,0,nonexistent,-0.1,93.2,-42.0,4.191,5195.8,no
39,admin.,married,university.degree,no,yes,no,cellular,nov,mon,44,1,999,1,failure,-0.1,93.2,-42.0,4.191,5195.8,no
39,self-employed,married,university.degree,no,no,no,cellular,nov,mon,85,1,999,1,failure,-0.1,93.2,-42.0,4.191,5195.8,no
40,management,married,basic.6y,no,no,no,cellular,nov,mon,56,1,999,0,nonexistent,-0.1,93.2,-42.0,4.191,5195.8,no
55,admin.,single,university.degree,unknown,yes,no,cellular,nov,mon,389,1,999,0,nonexistent,-0.1,93.2,-42.0,4.191,5195.8,no
53,unemployed,married,university.degree,no,yes,no,cellular,nov,mon,64,1,999,0,nonexistent,-0.1,93.2,-42.0,4.191,5195.8,no
41,management,married,university.degree,no,yes,no,cellular,nov,mon,49,1,999,0,nonexistent,-0.1,93.2,-42.0,4.191,5195.8,no
48,blue-collar,divorced,professional.course,no,yes,no,cellular,nov,mon,219,1,999,1,failure,-0.1,93.2,-42.0,4.191,5195.8,no
41,management,married,university.degree,no,yes,no,cellular,nov,mon,155,1,999,1,failure,-0.1,93.2,-42.0,4.191,5195.8,no
55,management,married,university.degree,no,yes,yes,cellular,nov,mon,81,1,999,0,nonexistent,-0.1,93.2,-42.0,4.191,5195.8,no
45,self-employed,divorced,university.degree,no,no,no,cellular,nov,mon,89,1,999,0,nonexistent,-0.1,93.2,-42.0,4.191,5195.8,no
55,blue-collar,married,basic.9y,no,no,no,cellular,nov,mon,1077,1,999,0,nonexistent,-0.1,93.2,-42.0,4.191,5195.8,yes
49,blue-collar,divorced,high.school,no,no,no,telephone,nov,mon,192,1,999,0,nonexistent,-0.1,93.2,-42.0,4.191,5195.8,no
55,blue-collar,married,basic.9y,no,no,no,cellular,nov,mon,1303,1,999,0,nonexistent,-0.1,93.2,-42.0,4.191,5195.8,yes
48,blue-collar,divorced,professional.course,no,no,no,cellular,nov,mon,564,1,999,0,nonexistent,-0.1,93.2,-42.0,4.191,5195.8,yes
52,management,divorced,university.degree,unknown,no,no,cellular,nov,mon,79,2,999,0,nonexistent,-0.1,93.2,-42.0,4.191,5195.8,no
38,technician,married,basic.9y,no,no,no,cellular,nov,mon,99,1,999,0,nonexistent,-0.1,93.2,-42.0,4.191,5195.8,no
39,management,single,basic.9y,no,no,yes,telephone,nov,mon,33,1,999,0,nonexistent,-0.1,93.2,-42.0,4.191,5195.8,no
39,management,single,basic.9y,no,yes,no,cellular,nov,mon,125,1,999,0,nonexistent,-0.1,93.2,-42.0,4.191,5195.8,no
40,entrepreneur,divorced,university.degree,no,no,no,cellular,nov,mon,121,1,999,0,nonexistent,-0.1,93.2,-42.0,4.191,5195.8,no
52,services,married,high.school,no,no,no,cellular,nov,mon,40,2,999,0,nonexistent,-0.1,93.2,-42.0,4.191,5195.8,no
41,admin.,divorced,university.degree,no,no,no,cellular,nov,mon,57,1,999,0,nonexistent,-0.1,93.2,-42.0,4.191,5195.8,no
48,admin.,single,university.degree,no,no,no,cellular,nov,mon,76,1,999,0,nonexistent,-0.1,93.2,-42.0,4.191,5195.8,no
39,unemployed,married,basic.9y,no,yes,no,cellular,nov,mon,63,1,999,0,nonexistent,-0.1,93.2,-42.0,4.191,5195.8,no
29,self-employed,single,university.degree,no,no,yes,telephone,nov,mon,378,1,999,0,nonexistent,-0.1,93.2,-42.0,4.191,5195.8,no
39,unemployed,married,basic.9y,no,yes,no,cellular,nov,mon,151,1,999,0,nonexistent,-0.1,93.2,-42.0,4.191,5195.8,no
51,entrepreneur,married,university.degree,no,yes,no,cellular,nov,mon,89,1,999,0,nonexistent,-0.1,93.2,-42.0,4.191,5195.8,no
38,technician,single,professional.course,no,yes,no,cellular,nov,mon,68,1,999,0,nonexistent,-0.1,93.2,-42.0,4.191,5195.8,no
32,unknown,single,basic.9y,no,yes,no,telephone,nov,mon,302,1,999,1,failure,-0.1,93.2,-42.0,4.191,5195.8,no
35,admin.,divorced,high.school,no,yes,no,cellular,nov,mon,38,1,999,0,nonexistent,-0.1,93.2,-42.0,4.191,5195.8,no
35,self-employed,married,university.degree,no,no,no,telephone,nov,mon,81,1,999,0,nonexistent,-0.1,93.2,-42.0,4.191,5195.8,no
42,entrepreneur,married,basic.4y,no,yes,no,cellular,nov,mon,127,1,999,0,nonexistent,-0.1,93.2,-42.0,4.191,5195.8,no
58,management,married,unknown,no,no,no,cellular,nov,mon,114,1,999,0,nonexistent,-0.1,93.2,-42.0,4.191,5195.8,no
55,blue-collar,married,basic.4y,unknown,yes,no,cellular,nov,mon,70,1,999,0,nonexistent,-0.1,93.2,-42.0,4.191,5195.8,no
43,management,married,university.degree,no,no,no,cellular,nov,mon,55,1,999,0,nonexistent,-0.1,93.2,-42.0,4.191,5195.8,no
54,admin.,married,basic.9y,no,no,no,cellular,nov,mon,238,1,999,0,nonexistent,-0.1,93.2,-42.0,4.191,5195.8,no
43,management,married,university.degree,no,no,no,cellular,nov,mon,179,1,999,0,nonexistent,-0.1,93.2,-42.0,4.191,5195.8,no
55,retired,married,professional.course,no,yes,yes,cellular,nov,mon,120,1,999,0,nonexistent,-0.1,93.2,-42.0,4.191,5195.8,no
36,management,married,university.degree,no,no,no,cellular,nov,mon,84,1,999,0,nonexistent,-0.1,93.2,-42.0,4.191,5195.8,no
48,admin.,divorced,high.school,no,yes,no,cellular,nov,mon,309,1,999,0,nonexistent,-0.1,93.2,-42.0,4.191,5195.8,no
39,housemaid,married,basic.9y,no,yes,no,cellular,nov,mon,130,1,999,1,failure,-0.1,93.2,-42.0,4.191,5195.8,no
36,technician,married,high.school,no,yes,no,cellular,nov,mon,38,1,999,1,failure,-0.1,93.2,-42.0,4.191,5195.8,no
40,blue-collar,married,basic.9y,no,yes,no,cellular,nov,mon,70,1,999,0,nonexistent,-0.1,93.2,-42.0,4.191,5195.8,no
47,retired,married,basic.4y,no,unknown,unknown,telephone,nov,mon,70,1,999,0,nonexistent,-0.1,93.2,-42.0,4.191,5195.8,no
34,admin.,single,university.degree,no,no,no,cellular,nov,mon,110,2,999,0,nonexistent,-0.1,93.2,-42.0,4.191,5195.8,no
36,technician,married,high.school,no,yes,no,telephone,nov,mon,206,1,999,0,nonexistent,-0.1,93.2,-42.0,4.191,5195.8,no
36,entrepreneur,divorced,university.degree,no,yes,no,cellular,nov,mon,160,1,999,1,failure,-0.1,93.2,-42.0,4.191,5195.8,no
36,entrepreneur,divorced,university.degree,no,yes,no,cellular,nov,mon,292,1,999,0,nonexistent,-0.1,93.2,-42.0,4.191,5195.8,no
50,blue-collar,married,basic.6y,unknown,yes,no,telephone,nov,mon,105,3,999,0,nonexistent,-0.1,93.2,-42.0,4.191,5195.8,no
39,blue-collar,married,basic.9y,no,yes,no,cellular,nov,mon,107,1,999,0,nonexistent,-0.1,93.2,-42.0,4.191,5195.8,no
48,management,married,university.degree,no,yes,no,cellular,nov,mon,112,1,4,1,success,-0.1,93.2,-42.0,4.191,5195.8,no
45,admin.,married,high.school,no,yes,no,cellular,nov,mon,58,1,999,1,failure,-0.1,93.2,-42.0,4.191,5195.8,no
39,admin.,married,university.degree,no,yes,no,cellular,nov,mon,97,2,999,0,nonexistent,-0.1,93.2,-42.0,4.191,5195.8,no
54,retired,married,professional.course,no,yes,no,cellular,nov,mon,55,1,999,0,nonexistent,-0.1,93.2,-42.0,4.191,5195.8,no
45,admin.,married,high.school,no,no,no,cellular,nov,mon,150,1,999,0,nonexistent,-0.1,93.2,-42.0,4.191,5195.8,no
45,admin.,married,high.school,no,yes,no,cellular,nov,mon,149,1,999,0,nonexistent,-0.1,93.2,-42.0,4.191,5195.8,no
37,entrepreneur,married,university.degree,no,yes,no,cellular,nov,mon,96,1,999,0,nonexistent,-0.1,93.2,-42.0,4.191,5195.8,no
39,housemaid,married,basic.9y,no,yes,yes,cellular,nov,mon,112,1,999,0,nonexistent,-0.1,93.2,-42.0,4.191,5195.8,no
57,retired,married,basic.4y,unknown,no,no,telephone,nov,mon,40,1,999,0,nonexistent,-0.1,93.2,-42.0,4.191,5195.8,no
50,admin.,married,university.degree,no,no,no,cellular,nov,mon,58,1,999,0,nonexistent,-0.1,93.2,-42.0,4.191,5195.8,no
49,technician,married,professional.course,no,yes,no,cellular,nov,mon,259,1,999,0,nonexistent,-0.1,93.2,-42.0,4.191,5195.8,no
40,admin.,married,university.degree,unknown,no,no,telephone,nov,mon,16,1,999,0,nonexistent,-0.1,93.2,-42.0,4.191,5195.8,no
42,technician,married,professional.course,unknown,yes,no,cellular,nov,mon,94,1,4,1,success,-0.1,93.2,-42.0,4.191,5195.8,no
30,services,single,high.school,no,no,no,cellular,nov,mon,88,1,999,0,nonexistent,-0.1,93.2,-42.0,4.191,5195.8,no
42,technician,married,professional.course,no,yes,no,cellular,nov,mon,140,1,999,0,nonexistent,-0.1,93.2,-42.0,4.191,5195.8,no
42,technician,married,professional.course,no,yes,no,cellular,nov,mon,149,1,999,0,nonexistent,-0.1,93.2,-42.0,4.191,5195.8,no
42,technician,married,professional.course,no,yes,no,telephone,nov,mon,76,1,999,0,nonexistent,-0.1,93.2,-42.0,4.191,5195.8,no
46,unemployed,married,university.degree,no,no,no,cellular,nov,mon,90,2,999,1,failure,-0.1,93.2,-42.0,4.191,5195.8,no
51,management,married,basic.4y,no,no,no,cellular,nov,mon,96,2,999,0,nonexistent,-0.1,93.2,-42.0,4.191,5195.8,no
42,blue-collar,married,basic.4y,unknown,yes,no,cellular,nov,mon,109,2,999,0,nonexistent,-0.1,93.2,-42.0,4.191,5195.8,no
45,admin.,married,basic.9y,no,yes,no,cellular,nov,mon,591,1,999,0,nonexistent,-0.1,93.2,-42.0,4.191,5195.8,no
38,admin.,married,basic.9y,unknown,yes,no,cellular,nov,mon,508,1,999,1,failure,-0.1,93.2,-42.0,4.191,5195.8,no
38,management,married,university.degree,no,yes,no,telephone,nov,mon,99,1,999,0,nonexistent,-0.1,93.2,-42.0,4.191,5195.8,no
49,entrepreneur,married,university.degree,no,yes,no,telephone,nov,mon,118,1,999,0,nonexistent,-0.1,93.2,-42.0,4.191,5195.8,no
49,entrepreneur,married,university.degree,no,yes,no,cellular,nov,mon,165,1,999,0,nonexistent,-0.1,93.2,-42.0,4.191,5195.8,no
50,technician,married,high.school,no,no,no,cellular,nov,mon,93,1,999,1,failure,-0.1,93.2,-42.0,4.191,5195.8,no
41,technician,single,professional.course,no,no,no,cellular,nov,mon,64,1,999,0,nonexistent,-0.1,93.2,-42.0,4.191,5195.8,no
53,blue-collar,married,basic.4y,no,no,no,cellular,nov,mon,545,1,999,0,nonexistent,-0.1,93.2,-42.0,4.191,5195.8,no
51,blue-collar,married,basic.4y,no,yes,no,cellular,nov,mon,346,1,999,0,nonexistent,-0.1,93.2,-42.0,4.191,5195.8,no
42,entrepreneur,married,high.school,no,yes,no,telephone,nov,mon,164,2,999,1,failure,-0.1,93.2,-42.0,4.191,5195.8,no
39,admin.,married,university.degree,no,yes,no,cellular,nov,mon,407,1,999,0,nonexistent,-0.1,93.2,-42.0,4.191,5195.8,no
46,technician,married,professional.course,no,yes,no,cellular,nov,mon,61,1,999,1,failure,-0.1,93.2,-42.0,4.191,5195.8,no
48,admin.,divorced,high.school,no,yes,no,cellular,nov,mon,191,2,999,0,nonexistent,-0.1,93.2,-42.0,4.191,5195.8,no
46,technician,married,professional.course,no,yes,no,cellular,nov,mon,110,1,999,1,failure,-0.1,93.2,-42.0,4.191,5195.8,no
54,services,married,high.school,no,yes,no,telephone,nov,mon,56,1,999,0,nonexistent,-0.1,93.2,-42.0,4.191,5195.8,no
31,self-employed,single,university.degree,no,yes,no,cellular,nov,mon,412,1,999,0,nonexistent,-0.1,93.2,-42.0,4.191,5195.8,no
44,unemployed,married,basic.9y,no,yes,no,telephone,nov,mon,180,1,999,0,nonexistent,-0.1,93.2,-42.0,4.191,5195.8,no
51,management,married,university.degree,no,yes,no,cellular,nov,mon,1070,1,999,0,nonexistent,-0.1,93.2,-42.0,4.191,5195.8,no
31,services,divorced,high.school,no,yes,no,cellular,nov,mon,266,2,999,0,nonexistent,-0.1,93.2,-42.0,4.191,5195.8,no
54,management,married,university.degree,no,no,no,cellular,nov,mon,59,1,999,0,nonexistent,-0.1,93.2,-42.0,4.191,5195.8,no
46,blue-collar,married,basic.9y,no,yes,no,cellular,nov,mon,132,1,999,0,nonexistent,-0.1,93.2,-42.0,4.191,5195.8,no
53,self-employed,divorced,university.degree,no,yes,no,cellular,nov,mon,125,1,999,0,nonexistent,-0.1,93.2,-42.0,4.191,5195.8,no
38,technician,married,basic.9y,no,yes,no,telephone,nov,mon,435,2,999,0,nonexistent,-0.1,93.2,-42.0,4.191,5195.8,no
42,technician,married,professional.course,unknown,yes,no,telephone,nov,mon,1606,1,999,0,nonexistent,-0.1,93.2,-42.0,4.191,5195.8,no
41,unemployed,married,basic.4y,no,yes,no,cellular,nov,mon,59,1,999,0,nonexistent,-0.1,93.2,-42.0,4.191,5195.8,no
35,management,single,university.degree,no,no,yes,cellular,nov,mon,214,1,999,0,nonexistent,-0.1,93.2,-42.0,4.191,5195.8,no
46,technician,married,professional.course,no,yes,no,cellular,nov,mon,78,1,999,0,nonexistent,-0.1,93.2,-42.0,4.191,5195.8,no
45,technician,married,university.degree,no,yes,no,telephone,nov,mon,275,1,999,0,nonexistent,-0.1,93.2,-42.0,4.191,5195.8,no
36,blue-collar,married,basic.4y,no,yes,no,cellular,nov,mon,279,1,999,0,nonexistent,-0.1,93.2,-42.0,4.191,5195.8,no
51,admin.,married,high.school,no,yes,no,cellular,nov,mon,89,1,999,0,nonexistent,-0.1,93.2,-42.0,4.191,5195.8,no
40,blue-collar,married,basic.9y,no,no,no,cellular,nov,mon,215,1,999,1,failure,-0.1,93.2,-42.0,4.191,5195.8,no
47,management,married,basic.9y,no,no,no,telephone,nov,mon,53,1,999,0,nonexistent,-0.1,93.2,-42.0,4.191,5195.8,no
40,admin.,married,university.degree,unknown,no,no,cellular,nov,mon,890,1,999,0,nonexistent,-0.1,93.2,-42.0,4.191,5195.8,yes
47,management,married,basic.9y,no,no,no,cellular,nov,mon,97,1,999,0,nonexistent,-0.1,93.2,-42.0,4.191,5195.8,no
45,services,divorced,high.school,no,yes,no,cellular,nov,mon,581,1,999,0,nonexistent,-0.1,93.2,-42.0,4.191,5195.8,no
46,management,married,basic.6y,no,no,no,cellular,nov,mon,116,1,999,0,nonexistent,-0.1,93.2,-42.0,4.191,5195.8,no
34,unemployed,married,university.degree,no,yes,no,telephone,nov,mon,155,1,999,0,nonexistent,-0.1,93.2,-42.0,4.191,5195.8,no
37,technician,single,professional.course,no,yes,no,cellular,nov,mon,70,1,999,0,nonexistent,-0.1,93.2,-42.0,4.191,5195.8,no
49,technician,married,professional.course,unknown,yes,no,telephone,nov,mon,27,1,999,0,nonexistent,-0.1,93.2,-42.0,4.191,5195.8,no
52,management,divorced,university.degree,no,no,no,cellular,nov,mon,578,1,999,0,nonexistent,-0.1,93.2,-42.0,4.191,5195.8,no
56,management,married,university.degree,no,no,no,cellular,nov,mon,52,1,999,0,nonexistent,-0.1,93.2,-42.0,4.191,5195.8,no
53,self-employed,married,basic.9y,no,yes,no,cellular,nov,mon,169,1,999,1,failure,-0.1,93.2,-42.0,4.191,5195.8,no
40,management,married,university.degree,no,yes,yes,cellular,nov,mon,52,1,999,0,nonexistent,-0.1,93.2,-42.0,4.191,5195.8,no
54,entrepreneur,married,basic.4y,unknown,yes,no,cellular,nov,mon,310,1,999,0,nonexistent,-0.1,93.2,-42.0,4.191,5195.8,no
43,management,married,university.degree,no,no,no,cellular,nov,mon,150,2,999,0,nonexistent,-0.1,93.2,-42.0,4.191,5195.8,no
58,retired,married,high.school,no,no,no,cellular,nov,mon,34,1,999,0,nonexistent,-0.1,93.2,-42.0,4.191,5195.8,no
58,retired,married,high.school,no,yes,no,cellular,nov,mon,49,1,999,0,nonexistent,-0.1,93.2,-42.0,4.191,5195.8,no
37,admin.,married,university.degree,no,yes,no,cellular,nov,mon,386,2,999,0,nonexistent,-0.1,93.2,-42.0,4.191,5195.8,no
58,entrepreneur,married,basic.4y,no,yes,no,telephone,nov,mon,73,1,999,0,nonexistent,-0.1,93.2,-42.0,4.191,5195.8,no
47,admin.,married,university.degree,no,yes,no,cellular,nov,mon,138,1,999,1,failure,-0.1,93.2,-42.0,4.191,5195.8,no
38,blue-collar,married,basic.4y,no,yes,no,cellular,nov,mon,64,1,999,0,nonexistent,-0.1,93.2,-42.0,4.191,5195.8,no
38,blue-collar,married,basic.4y,no,yes,no,cellular,nov,mon,80,1,999,0,nonexistent,-0.1,93.2,-42.0,4.191,5195.8,no
35,entrepreneur,single,basic.9y,no,yes,no,cellular,nov,mon,42,2,999,0,nonexistent,-0.1,93.2,-42.0,4.191,5195.8,no
56,management,married,professional.course,no,no,no,cellular,nov,mon,74,2,999,1,failure,-0.1,93.2,-42.0,4.191,5195.8,no
37,admin.,married,high.school,no,no,no,cellular,nov,mon,148,2,999,0,nonexistent,-0.1,93.2,-42.0,4.191,5195.8,no
44,services,divorced,high.school,no,yes,yes,cellular,nov,mon,164,1,999,0,nonexistent,-0.1,93.2,-42.0,4.191,5195.8,no
52,entrepreneur,married,basic.9y,no,yes,no,cellular,nov,mon,67,1,999,0,nonexistent,-0.1,93.2,-42.0,4.191,5195.8,no
52,entrepreneur,married,basic.9y,no,unknown,unknown,telephone,nov,mon,147,1,999,1,failure,-0.1,93.2,-42.0,4.191,5195.8,no
43,technician,married,professional.course,no,yes,no,cellular,nov,mon,190,1,999,1,failure,-0.1,93.2,-42.0,4.191,5195.8,no
43,technician,married,professional.course,no,yes,no,cellular,nov,mon,294,1,999,0,nonexistent,-0.1,93.2,-42.0,4.191,5195.8,no
45,services,divorced,high.school,no,yes,no,cellular,nov,mon,86,1,999,0,nonexistent,-0.1,93.2,-42.0,4.191,5195.8,no
45,services,divorced,high.school,no,yes,yes,cellular,nov,mon,96,1,999,0,nonexistent,-0.1,93.2,-42.0,4.191,5195.8,no
51,management,married,unknown,no,no,no,telephone,nov,mon,113,1,999,0,nonexistent,-0.1,93.2,-42.0,4.191,5195.8,no
37,services,married,basic.6y,unknown,yes,no,cellular,nov,mon,372,1,999,0,nonexistent,-0.1,93.2,-42.0,4.191,5195.8,no
35,admin.,divorced,high.school,no,no,no,cellular,nov,mon,49,3,999,0,nonexistent,-0.1,93.2,-42.0,4.191,5195.8,no
54,admin.,married,basic.9y,no,no,no,cellular,nov,mon,94,2,999,0,nonexistent,-0.1,93.2,-42.0,4.191,5195.8,no
39,admin.,married,unknown,no,yes,yes,cellular,nov,mon,60,2,999,1,failure,-0.1,93.2,-42.0,4.191,5195.8,no
52,management,divorced,university.degree,no,yes,no,cellular,nov,mon,89,2,999,1,failure,-0.1,93.2,-42.0,4.191,5195.8,no
39,blue-collar,divorced,high.school,no,no,yes,cellular,nov,mon,190,2,999,0,nonexistent,-0.1,93.2,-42.0,4.191,5195.8,no
36,entrepreneur,married,high.school,no,no,no,cellular,nov,mon,77,2,999,0,nonexistent,-0.1,93.2,-42.0,4.191,5195.8,no
58,entrepreneur,married,basic.4y,no,no,no,cellular,nov,mon,104,2,999,0,nonexistent,-0.1,93.2,-42.0,4.191,5195.8,no
42,admin.,married,high.school,no,no,no,cellular,nov,mon,651,2,999,1,failure,-0.1,93.2,-42.0,4.191,5195.8,yes
52,management,married,university.degree,no,yes,no,cellular,nov,mon,68,1,999,0,nonexistent,-0.1,93.2,-42.0,4.191,5195.8,no
40,admin.,married,university.degree,unknown,yes,yes,cellular,nov,mon,205,2,999,0,nonexistent,-0.1,93.2,-42.0,4.191,5195.8,no
43,blue-collar,single,basic.4y,no,yes,no,cellular,nov,mon,42,2,999,1,failure,-0.1,93.2,-42.0,4.191,5195.8,no
52,management,married,university.degree,no,yes,yes,cellular,nov,mon,98,1,999,0,nonexistent,-0.1,93.2,-42.0,4.191,5195.8,no
42,self-employed,single,university.degree,no,yes,no,cellular,nov,mon,73,1,999,0,nonexistent,-0.1,93.2,-42.0,4.191,5195.8,no
42,admin.,married,unknown,no,no,no,cellular,nov,mon,55,1,999,1,failure,-0.1,93.2,-42.0,4.191,5195.8,no
50,blue-collar,married,basic.9y,no,yes,yes,cellular,nov,mon,186,1,999,1,failure,-0.1,93.2,-42.0,4.191,5195.8,no
33,technician,single,university.degree,no,no,no,cellular,nov,mon,69,1,999,0,nonexistent,-0.1,93.2,-42.0,4.191,5195.8,no
50,blue-collar,married,basic.9y,no,no,no,cellular,nov,mon,336,1,999,0,nonexistent,-0.1,93.2,-42.0,4.191,5195.8,no
37,unemployed,married,high.school,no,no,no,cellular,nov,mon,55,2,999,1,failure,-0.1,93.2,-42.0,4.191,5195.8,no
42,admin.,married,unknown,no,no,no,cellular,nov,mon,657,1,999,0,nonexistent,-0.1,93.2,-42.0,4.191,5195.8,no
35,blue-collar,married,professional.course,no,yes,no,cellular,nov,mon,345,1,999,0,nonexistent,-0.1,93.2,-42.0,4.191,5195.8,no
43,management,married,university.degree,no,yes,no,cellular,nov,mon,65,1,999,0,nonexistent,-0.1,93.2,-42.0,4.191,5195.8,no
50,entrepreneur,married,university.degree,unknown,yes,no,cellular,nov,mon,77,1,3,1,success,-0.1,93.2,-42.0,4.191,5195.8,no
32,admin.,single,university.degree,no,no,no,cellular,nov,mon,137,1,999,1,failure,-0.1,93.2,-42.0,4.191,5195.8,no
34,entrepreneur,married,university.degree,unknown,yes,no,cellular,nov,mon,2462,2,999,0,nonexistent,-0.1,93.2,-42.0,4.191,5195.8,yes
30,services,single,high.school,no,no,no,cellular,nov,mon,213,1,999,0,nonexistent,-0.1,93.2,-42.0,4.191,5195.8,no
45,blue-collar,married,basic.6y,unknown,yes,no,cellular,nov,mon,696,2,999,0,nonexistent,-0.1,93.2,-42.0,4.191,5195.8,yes
50,blue-collar,married,basic.9y,no,no,no,cellular,nov,mon,1449,1,999,0,nonexistent,-0.1,93.2,-42.0,4.191,5195.8,no
36,unemployed,married,basic.9y,no,yes,no,cellular,nov,mon,391,1,999,0,nonexistent,-0.1,93.2,-42.0,4.191,5195.8,no
46,management,divorced,university.degree,no,unknown,unknown,telephone,nov,mon,77,2,999,0,nonexistent,-0.1,93.2,-42.0,4.191,5195.8,no
32,blue-collar,married,basic.9y,no,yes,no,cellular,nov,mon,160,1,999,0,nonexistent,-0.1,93.2,-42.0,4.191,5195.8,no
39,blue-collar,married,professional.course,no,no,no,cellular,nov,mon,407,1,999,0,nonexistent,-0.1,93.2,-42.0,4.191,5195.8,no
36,self-employed,single,university.degree,no,no,no,cellular,nov,mon,406,1,999,0,nonexistent,-0.1,93.2,-42.0,4.191,5195.8,no
47,admin.,divorced,professional.course,no,no,no,cellular,nov,mon,104,1,999,1,failure,-0.1,93.2,-42.0,4.191,5195.8,no
46,admin.,divorced,high.school,unknown,yes,no,cellular,nov,mon,168,1,999,0,nonexistent,-0.1,93.2,-42.0,4.191,5195.8,no
54,admin.,married,basic.9y,no,yes,yes,cellular,nov,mon,167,2,999,0,nonexistent,-0.1,93.2,-42.0,4.191,5195.8,no
45,entrepreneur,married,high.school,no,no,no,cellular,nov,mon,623,1,999,1,failure,-0.1,93.2,-42.0,4.191,5195.8,no
39,management,married,university.degree,no,no,no,cellular,nov,mon,71,1,999,1,failure,-0.1,93.2,-42.0,4.191,5195.8,no
36,management,married,university.degree,no,no,no,cellular,nov,mon,264,2,999,0,nonexistent,-0.1,93.2,-42.0,4.191,5195.8,no
50,technician,married,professional.course,no,yes,no,cellular,nov,mon,199,1,999,0,nonexistent,-0.1,93.2,-42.0,4.191,5195.8,no
49,management,married,university.degree,no,no,no,cellular,nov,mon,96,1,999,0,nonexistent,-0.1,93.2,-42.0,4.191,5195.8,no
52,admin.,divorced,high.school,no,no,no,cellular,nov,mon,529,2,999,0,nonexistent,-0.1,93.2,-42.0,4.191,5195.8,no
36,admin.,married,high.school,no,no,no,cellular,nov,mon,64,1,999,0,nonexistent,-0.1,93.2,-42.0,4.191,5195.8,no
46,admin.,married,high.school,no,yes,yes,cellular,nov,mon,165,1,999,0,nonexistent,-0.1,93.2,-42.0,4.191,5195.8,no
46,admin.,married,high.school,no,no,no,cellular,nov,mon,141,1,999,0,nonexistent,-0.1,93.2,-42.0,4.191,5195.8,no
33,blue-collar,married,basic.9y,no,yes,yes,cellular,nov,mon,94,1,999,0,nonexistent,-0.1,93.2,-42.0,4.191,5195.8,no
36,blue-collar,married,basic.9y,unknown,yes,no,cellular,nov,mon,499,3,999,0,nonexistent,-0.1,93.2,-42.0,4.191,5195.8,no
46,technician,married,professional.course,no,no,no,cellular,nov,mon,64,3,999,0,nonexistent,-0.1,93.2,-42.0,4.191,5195.8,no
56,management,married,university.degree,no,yes,no,cellular,nov,mon,76,2,999,0,nonexistent,-0.1,93.2,-42.0,4.191,5195.8,no
38,admin.,single,basic.9y,no,yes,no,cellular,nov,mon,1081,1,999,1,failure,-0.1,93.2,-42.0,4.191,5195.8,no
33,blue-collar,single,basic.9y,no,yes,no,cellular,nov,mon,101,1,999,0,nonexistent,-0.1,93.2,-42.0,4.191,5195.8,no
46,admin.,married,high.school,no,no,no,cellular,nov,mon,504,1,999,1,failure,-0.1,93.2,-42.0,4.191,5195.8,no
40,blue-collar,married,basic.9y,no,yes,no,cellular,nov,mon,111,2,999,0,nonexistent,-0.1,93.2,-42.0,4.191,5195.8,no
42,technician,married,professional.course,no,yes,yes,telephone,nov,mon,215,3,999,0,nonexistent,-0.1,93.2,-42.0,4.191,5195.8,no
46,admin.,married,high.school,no,yes,no,cellular,nov,mon,622,1,999,0,nonexistent,-0.1,93.2,-42.0,4.191,5195.8,no
40,entrepreneur,divorced,university.degree,no,no,no,cellular,nov,mon,325,2,999,0,nonexistent,-0.1,93.2,-42.0,4.191,5195.8,no
53,services,married,high.school,no,no,yes,cellular,nov,mon,181,1,999,0,nonexistent,-0.1,93.2,-42.0,4.191,5195.8,no
53,services,married,high.school,no,no,no,cellular,nov,mon,166,1,999,1,failure,-0.1,93.2,-42.0,4.191,5195.8,no
34,blue-collar,married,basic.4y,no,no,no,cellular,nov,mon,105,1,999,0,nonexistent,-0.1,93.2,-42.0,4.191,5195.8,no
57,admin.,married,university.degree,no,yes,no,cellular,nov,mon,89,2,999,0,nonexistent,-0.1,93.2,-42.0,4.191,5195.8,no
47,retired,married,high.school,no,yes,no,cellular,nov,mon,240,1,999,0,nonexistent,-0.1,93.2,-42.0,4.191,5195.8,no
32,admin.,single,high.school,no,yes,no,cellular,nov,mon,92,1,999,1,failure,-0.1,93.2,-42.0,4.191,5195.8,no
42,admin.,single,high.school,no,yes,no,cellular,nov,mon,124,1,999,1,failure,-0.1,93.2,-42.0,4.191,5195.8,no
42,admin.,single,high.school,no,yes,no,cellular,nov,mon,86,1,999,1,failure,-0.1,93.2,-42.0,4.191,5195.8,no
37,admin.,married,university.degree,no,no,no,cellular,nov,mon,52,1,999,0,nonexistent,-0.1,93.2,-42.0,4.191,5195.8,no
32,technician,married,university.degree,no,yes,no,cellular,nov,mon,105,1,999,0,nonexistent,-0.1,93.2,-42.0,4.191,5195.8,no
38,entrepreneur,married,high.school,no,yes,no,cellular,nov,mon,63,2,999,0,nonexistent,-0.1,93.2,-42.0,4.191,5195.8,no
58,management,divorced,university.degree,no,yes,no,cellular,nov,mon,48,1,999,0,nonexistent,-0.1,93.2,-42.0,4.191,5195.8,no
40,admin.,single,high.school,unknown,yes,no,cellular,nov,mon,120,1,999,0,nonexistent,-0.1,93.2,-42.0,4.191,5195.8,no
38,technician,single,professional.course,no,yes,no,cellular,nov,mon,253,1,999,1,failure,-0.1,93.2,-42.0,4.191,5195.8,no
29,admin.,married,university.degree,no,no,no,cellular,nov,mon,142,1,999,1,failure,-0.1,93.2,-42.0,4.191,5195.8,no
42,admin.,married,high.school,no,yes,no,cellular,nov,mon,131,1,999,0,nonexistent,-0.1,93.2,-42.0,4.191,5195.8,no
46,admin.,married,university.degree,unknown,no,no,cellular,nov,mon,174,1,999,1,failure,-0.1,93.2,-42.0,4.191,5195.8,no
54,retired,divorced,professional.course,no,no,no,cellular,nov,mon,62,1,999,0,nonexistent,-0.1,93.2,-42.0,4.191,5195.8,no
50,entrepreneur,married,university.degree,unknown,yes,no,cellular,nov,mon,209,2,999,0,nonexistent,-0.1,93.2,-42.0,4.191,5195.8,no
53,technician,married,university.degree,no,yes,no,cellular,nov,mon,352,1,999,0,nonexistent,-0.1,93.2,-42.0,4.191,5195.8,no
42,admin.,married,university.degree,no,no,no,cellular,nov,mon,62,1,999,1,failure,-0.1,93.2,-42.0,4.191,5195.8,no
40,blue-collar,married,basic.6y,no,no,no,cellular,nov,mon,128,1,999,1,failure,-0.1,93.2,-42.0,4.191,5195.8,no
42,admin.,married,university.degree,no,yes,no,cellular,nov,mon,120,1,999,0,nonexistent,-0.1,93.2,-42.0,4.191,5195.8,no
42,admin.,married,high.school,unknown,no,no,cellular,nov,mon,119,1,999,0,nonexistent,-0.1,93.2,-42.0,4.191,5195.8,no
38,technician,married,professional.course,no,yes,no,cellular,nov,mon,240,1,999,1,failure,-0.1,93.2,-42.0,4.191,5195.8,no
42,admin.,married,university.degree,no,yes,no,cellular,nov,mon,375,1,999,0,nonexistent,-0.1,93.2,-42.0,4.191,5195.8,no
31,technician,single,university.degree,no,yes,no,cellular,nov,mon,984,1,999,0,nonexistent,-0.1,93.2,-42.0,4.191,5195.8,yes
37,management,divorced,unknown,no,no,yes,cellular,nov,mon,74,1,999,1,failure,-0.1,93.2,-42.0,4.191,5195.8,no
38,blue-collar,married,basic.4y,no,yes,no,cellular,nov,mon,117,2,999,0,nonexistent,-0.1,93.2,-42.0,4.191,5195.8,no
46,admin.,married,university.degree,unknown,yes,yes,cellular,nov,mon,947,1,999,0,nonexistent,-0.1,93.2,-42.0,4.191,5195.8,yes
44,services,divorced,high.school,no,yes,no,cellular,nov,mon,101,2,999,0,nonexistent,-0.1,93.2,-42.0,4.191,5195.8,no
48,services,divorced,high.school,unknown,yes,no,cellular,nov,mon,90,1,999,0,nonexistent,-0.1,93.2,-42.0,4.191,5195.8,no
44,management,married,university.degree,no,yes,no,cellular,nov,mon,114,1,999,0,nonexistent,-0.1,93.2,-42.0,4.191,5195.8,no
33,management,married,university.degree,no,yes,no,cellular,nov,mon,318,1,999,0,nonexistent,-0.1,93.2,-42.0,4.191,5195.8,no
33,admin.,divorced,university.degree,no,yes,no,cellular,nov,mon,76,2,999,0,nonexistent,-0.1,93.2,-42.0,4.191,5195.8,no
32,blue-collar,married,high.school,no,no,no,cellular,nov,mon,348,1,999,0,nonexistent,-0.1,93.2,-42.0,4.191,5195.8,no
36,self-employed,single,university.degree,no,yes,no,cellular,nov,mon,200,2,4,1,success,-0.1,93.2,-42.0,4.191,5195.8,no
47,management,married,university.degree,no,no,no,cellular,nov,mon,135,1,999,0,nonexistent,-0.1,93.2,-42.0,4.191,5195.8,no
53,blue-collar,married,basic.9y,no,yes,yes,telephone,nov,mon,44,1,999,0,nonexistent,-0.1,93.2,-42.0,4.191,5195.8,no
55,technician,single,professional.course,no,yes,no,cellular,nov,mon,165,1,999,0,nonexistent,-0.1,93.2,-42.0,4.191,5195.8,no
38,technician,married,professional.course,no,yes,no,cellular,nov,mon,70,2,999,0,nonexistent,-0.1,93.2,-42.0,4.191,5195.8,no
36,unemployed,divorced,high.school,no,no,no,cellular,nov,mon,166,2,999,1,failure,-0.1,93.2,-42.0,4.191,5195.8,no
32,blue-collar,married,high.school,no,yes,no,telephone,nov,mon,943,1,999,0,nonexistent,-0.1,93.2,-42.0,4.191,5195.8,yes
42,blue-collar,divorced,basic.9y,no,yes,no,cellular,nov,mon,191,2,999,0,nonexistent,-0.1,93.2,-42.0,4.191,5195.8,no
32,admin.,divorced,high.school,no,yes,no,cellular,nov,mon,134,1,999,0,nonexistent,-0.1,93.2,-42.0,4.191,5195.8,no
29,admin.,married,high.school,no,yes,yes,cellular,nov,mon,58,1,999,1,failure,-0.1,93.2,-42.0,4.191,5195.8,no
55,blue-collar,married,basic.9y,no,yes,no,cellular,nov,mon,277,3,999,0,nonexistent,-0.1,93.2,-42.0,4.191,5195.8,no
29,admin.,married,high.school,no,yes,no,cellular,nov,mon,155,1,999,0,nonexistent,-0.1,93.2,-42.0,4.191,5195.8,no
45,unemployed,married,basic.9y,no,yes,no,cellular,nov,mon,554,2,999,0,nonexistent,-0.1,93.2,-42.0,4.191,5195.8,no
48,services,married,basic.4y,unknown,yes,no,cellular,nov,mon,218,1,999,0,nonexistent,-0.1,93.2,-42.0,4.191,5195.8,no
29,self-employed,single,university.degree,no,yes,no,cellular,nov,mon,51,2,999,0,nonexistent,-0.1,93.2,-42.0,4.191,5195.8,no
31,self-employed,single,university.degree,no,yes,yes,cellular,nov,mon,182,3,999,0,nonexistent,-0.1,93.2,-42.0,4.191,5195.8,no
52,self-employed,married,university.degree,unknown,no,no,cellular,nov,mon,96,2,999,0,nonexistent,-0.1,93.2,-42.0,4.191,5195.8,no
52,entrepreneur,single,university.degree,unknown,yes,no,cellular,nov,mon,472,2,999,0,nonexistent,-0.1,93.2,-42.0,4.191,5195.8,no
35,blue-collar,married,high.school,no,no,no,cellular,nov,mon,540,2,999,0,nonexistent,-0.1,93.2,-42.0,4.191,5195.8,yes
39,unemployed,married,professional.course,no,yes,no,cellular,nov,mon,187,1,999,1,failure,-0.1,93.2,-42.0,4.191,5195.8,no
46,admin.,married,high.school,unknown,no,no,cellular,nov,mon,76,3,999,0,nonexistent,-0.1,93.2,-42.0,4.191,5195.8,no
43,admin.,married,university.degree,no,yes,no,cellular,nov,mon,139,2,999,1,failure,-0.1,93.2,-42.0,4.191,5195.8,no
46,self-employed,married,university.degree,no,yes,no,cellular,nov,mon,581,3,999,0,nonexistent,-0.1,93.2,-42.0,4.191,5195.8,no
41,admin.,married,high.school,no,yes,no,cellular,nov,mon,268,2,999,0,nonexistent,-0.1,93.2,-42.0,4.191,5195.8,no
31,management,married,university.degree,no,yes,no,cellular,nov,mon,37,1,999,0,nonexistent,-0.1,93.2,-42.0,4.191,5195.8,no
53,housemaid,married,university.degree,no,no,no,cellular,nov,mon,53,1,999,0,nonexistent,-0.1,93.2,-42.0,4.191,5195.8,no
44,technician,single,university.degree,no,no,no,cellular,nov,mon,396,3,999,0,nonexistent,-0.1,93.2,-42.0,4.191,5195.8,no
31,management,married,university.degree,no,no,no,cellular,nov,mon,369,1,999,0,nonexistent,-0.1,93.2,-42.0,4.191,5195.8,no
32,services,married,basic.4y,no,no,no,cellular,nov,mon,161,1,999,0,nonexistent,-0.1,93.2,-42.0,4.191,5195.8,no
32,services,married,basic.4y,no,yes,yes,cellular,nov,mon,111,1,999,0,nonexistent,-0.1,93.2,-42.0,4.191,5195.8,no
39,blue-collar,single,basic.9y,no,yes,no,cellular,nov,mon,78,2,999,0,nonexistent,-0.1,93.2,-42.0,4.191,5195.8,no
38,management,divorced,university.degree,no,no,no,cellular,nov,mon,136,2,999,1,failure,-0.1,93.2,-42.0,4.191,5195.8,no
31,technician,single,high.school,no,no,no,cellular,nov,mon,44,1,999,1,failure,-0.1,93.2,-42.0,4.191,5195.8,no
30,admin.,divorced,university.degree,no,no,no,telephone,nov,mon,48,1,999,0,nonexistent,-0.1,93.2,-42.0,4.191,5195.8,no
35,self-employed,single,professional.course,no,yes,no,cellular,nov,mon,128,2,999,0,nonexistent,-0.1,93.2,-42.0,4.191,5195.8,no
35,management,married,university.degree,no,no,no,cellular,nov,mon,146,1,999,0,nonexistent,-0.1,93.2,-42.0,4.191,5195.8,no
29,blue-collar,married,basic.4y,no,yes,no,cellular,nov,mon,127,1,999,0,nonexistent,-0.1,93.2,-42.0,4.191,5195.8,no
32,management,married,high.school,no,no,yes,cellular,nov,mon,256,2,999,0,nonexistent,-0.1,93.2,-42.0,4.191,5195.8,no
39,unemployed,married,university.degree,unknown,yes,no,cellular,nov,mon,74,1,999,1,failure,-0.1,93.2,-42.0,4.191,5195.8,no
52,services,divorced,high.school,unknown,no,no,cellular,nov,mon,190,1,999,0,nonexistent,-0.1,93.2,-42.0,4.191,5195.8,no
53,retired,married,basic.4y,unknown,yes,no,cellular,nov,mon,57,1,999,0,nonexistent,-0.1,93.2,-42.0,4.191,5195.8,no
39,admin.,married,high.school,no,yes,no,cellular,nov,mon,58,1,999,0,nonexistent,-0.1,93.2,-42.0,4.191,5195.8,no
32,self-employed,single,high.school,no,yes,no,cellular,nov,mon,223,1,999,1,failure,-0.1,93.2,-42.0,4.191,5195.8,no
46,entrepreneur,married,university.degree,no,unknown,unknown,cellular,nov,mon,254,1,999,0,nonexistent,-0.1,93.2,-42.0,4.191,5195.8,no
35,technician,married,professional.course,no,yes,no,cellular,nov,mon,115,2,999,0,nonexistent,-0.1,93.2,-42.0,4.191,5195.8,no
31,self-employed,single,university.degree,no,yes,no,cellular,nov,mon,62,1,999,0,nonexistent,-0.1,93.2,-42.0,4.191,5195.8,no
35,management,married,basic.9y,no,yes,no,cellular,nov,mon,171,1,999,0,nonexistent,-0.1,93.2,-42.0,4.191,5195.8,no
34,admin.,married,high.school,no,yes,yes,cellular,nov,mon,56,1,999,0,nonexistent,-0.1,93.2,-42.0,4.191,5195.8,no
34,admin.,married,high.school,no,no,no,cellular,nov,mon,113,1,999,0,nonexistent,-0.1,93.2,-42.0,4.191,5195.8,no
31,self-employed,married,university.degree,no,yes,no,telephone,nov,mon,69,1,999,0,nonexistent,-0.1,93.2,-42.0,4.191,5195.8,no
54,housemaid,single,basic.9y,unknown,no,no,cellular,nov,mon,158,1,999,1,failure,-0.1,93.2,-42.0,4.191,5195.8,no
31,self-employed,married,university.degree,no,yes,yes,cellular,nov,mon,60,1,999,1,failure,-0.1,93.2,-42.0,4.191,5195.8,no
34,admin.,married,high.school,no,yes,no,cellular,nov,mon,355,1,999,0,nonexistent,-0.1,93.2,-42.0,4.191,5195.8,no
31,self-employed,married,university.degree,no,yes,no,cellular,nov,mon,332,1,999,0,nonexistent,-0.1,93.2,-42.0,4.191,5195.8,no
45,admin.,married,high.school,no,no,no,cellular,nov,mon,113,1,999,0,nonexistent,-0.1,93.2,-42.0,4.191,5195.8,no
55,admin.,married,high.school,unknown,yes,no,cellular,nov,mon,147,1,999,0,nonexistent,-0.1,93.2,-42.0,4.191,5195.8,no
48,technician,married,professional.course,no,yes,no,cellular,nov,mon,52,1,999,0,nonexistent,-0.1,93.2,-42.0,4.191,5195.8,no
48,technician,married,professional.course,no,no,no,telephone,nov,mon,106,1,999,0,nonexistent,-0.1,93.2,-42.0,4.191,5195.8,no
55,admin.,married,high.school,unknown,no,no,cellular,nov,mon,73,1,999,1,failure,-0.1,93.2,-42.0,4.191,5195.8,no
32,management,single,university.degree,no,yes,yes,cellular,nov,mon,66,2,999,0,nonexistent,-0.1,93.2,-42.0,4.191,5195.8,no
50,blue-collar,married,basic.6y,no,yes,no,cellular,nov,mon,116,2,999,1,failure,-0.1,93.2,-42.0,4.191,5195.8,no
55,services,married,high.school,no,yes,no,cellular,nov,mon,40,1,999,0,nonexistent,-0.1,93.2,-42.0,4.191,5195.8,no
40,technician,single,basic.9y,unknown,yes,yes,cellular,nov,mon,99,1,999,1,failure,-0.1,93.2,-42.0,4.191,5195.8,no
40,technician,single,basic.9y,unknown,yes,yes,cellular,nov,mon,180,1,999,0,nonexistent,-0.1,93.2,-42.0,4.191,5195.8,no
39,blue-collar,married,basic.9y,no,no,no,cellular,nov,mon,310,1,999,0,nonexistent,-0.1,93.2,-42.0,4.191,5195.8,no
39,services,married,professional.course,no,no,no,cellular,nov,mon,148,1,999,0,nonexistent,-0.1,93.2,-42.0,4.191,5195.8,no
53,technician,married,university.degree,no,yes,no,cellular,nov,mon,158,2,999,0,nonexistent,-0.1,93.2,-42.0,4.191,5195.8,no
42,admin.,married,university.degree,no,yes,no,cellular,nov,mon,65,2,999,1,failure,-0.1,93.2,-42.0,4.191,5195.8,no
42,admin.,divorced,university.degree,no,yes,no,cellular,nov,mon,199,2,999,0,nonexistent,-0.1,93.2,-42.0,4.191,5195.8,no
46,entrepreneur,married,basic.4y,no,yes,no,cellular,nov,mon,48,1,999,0,nonexistent,-0.1,93.2,-42.0,4.191,5195.8,no
30,admin.,single,university.degree,no,yes,no,cellular,nov,mon,711,1,999,0,nonexistent,-0.1,93.2,-42.0,4.191,5195.8,no
35,admin.,married,university.degree,no,no,no,cellular,nov,mon,747,1,999,0,nonexistent,-0.1,93.2,-42.0,4.191,5195.8,no
35,admin.,married,university.degree,no,yes,no,cellular,nov,mon,690,1,999,0,nonexistent,-0.1,93.2,-42.0,4.191,5195.8,no
36,services,married,high.school,no,yes,no,cellular,nov,mon,48,2,999,0,nonexistent,-0.1,93.2,-42.0,4.191,5195.8,no
35,blue-collar,divorced,high.school,no,no,yes,cellular,nov,mon,159,2,999,1,failure,-0.1,93.2,-42.0,4.191,5195.8,no
30,blue-collar,single,basic.9y,no,yes,no,cellular,nov,mon,563,2,999,0,nonexistent,-0.1,93.2,-42.0,4.191,5195.8,no
46,self-employed,married,basic.9y,unknown,yes,no,cellular,nov,mon,431,1,999,0,nonexistent,-0.1,93.2,-42.0,4.191,5195.8,no
42,housemaid,married,university.degree,no,no,no,cellular,nov,mon,90,4,999,1,failure,-0.1,93.2,-42.0,4.191,5195.8,no
32,blue-collar,single,university.degree,no,yes,no,cellular,nov,mon,109,2,999,0,nonexistent,-0.1,93.2,-42.0,4.191,5195.8,no
42,technician,married,basic.9y,no,no,no,cellular,nov,mon,295,1,999,0,nonexistent,-0.1,93.2,-42.0,4.191,5195.8,no
37,entrepreneur,married,university.degree,unknown,no,no,cellular,nov,mon,94,2,999,1,failure,-0.1,93.2,-42.0,4.191,5195.8,no
46,technician,married,high.school,no,yes,no,cellular,nov,mon,171,1,999,1,failure,-0.1,93.2,-42.0,4.191,5195.8,no
38,entrepreneur,married,basic.9y,no,yes,no,cellular,nov,mon,136,1,999,0,nonexistent,-0.1,93.2,-42.0,4.191,5195.8,no
34,entrepreneur,married,basic.6y,unknown,yes,no,cellular,nov,mon,788,1,999,0,nonexistent,-0.1,93.2,-42.0,4.191,5195.8,yes
46,technician,married,high.school,no,yes,no,cellular,nov,mon,569,1,999,0,nonexistent,-0.1,93.2,-42.0,4.191,5195.8,no
42,admin.,divorced,high.school,no,yes,no,cellular,nov,mon,70,1,999,0,nonexistent,-0.1,93.2,-42.0,4.191,5195.8,no
44,retired,divorced,professional.course,no,yes,no,cellular,nov,mon,231,1,999,0,nonexistent,-0.1,93.2,-42.0,4.191,5195.8,no
42,admin.,married,university.degree,no,no,no,cellular,nov,mon,226,2,999,0,nonexistent,-0.1,93.2,-42.0,4.191,5195.8,no
52,management,married,university.degree,no,yes,yes,cellular,nov,mon,173,2,999,0,nonexistent,-0.1,93.2,-42.0,4.191,5195.8,no
32,admin.,single,high.school,no,yes,no,cellular,nov,mon,333,2,999,0,nonexistent,-0.1,93.2,-42.0,4.191,5195.8,no
43,admin.,divorced,high.school,no,no,no,cellular,nov,mon,92,3,999,0,nonexistent,-0.1,93.2,-42.0,4.191,5195.8,no
31,technician,single,university.degree,no,yes,yes,cellular,nov,mon,118,2,999,0,nonexistent,-0.1,93.2,-42.0,4.191,5195.8,no
37,services,single,basic.9y,no,yes,no,cellular,nov,mon,283,2,999,0,nonexistent,-0.1,93.2,-42.0,4.191,5195.8,no
51,admin.,married,high.school,no,yes,no,cellular,nov,mon,326,2,999,0,nonexistent,-0.1,93.2,-42.0,4.191,5195.8,no
40,admin.,single,high.school,unknown,unknown,unknown,cellular,nov,mon,421,2,999,0,nonexistent,-0.1,93.2,-42.0,4.191,5195.8,no
31,services,single,high.school,unknown,yes,no,cellular,nov,mon,130,3,999,0,nonexistent,-0.1,93.2,-42.0,4.191,5195.8,no
42,admin.,divorced,high.school,no,unknown,unknown,cellular,nov,mon,295,2,999,1,failure,-0.1,93.2,-42.0,4.191,5195.8,no
34,entrepreneur,single,university.degree,no,yes,no,cellular,nov,mon,113,2,999,0,nonexistent,-0.1,93.2,-42.0,4.191,5195.8,no
35,blue-collar,married,basic.9y,no,yes,no,cellular,nov,mon,101,2,999,1,failure,-0.1,93.2,-42.0,4.191,5195.8,no
49,management,married,high.school,unknown,yes,no,cellular,nov,mon,79,2,999,1,failure,-0.1,93.2,-42.0,4.191,5195.8,no
41,technician,married,basic.6y,no,yes,no,telephone,nov,mon,60,2,999,0,nonexistent,-0.1,93.2,-42.0,4.191,5195.8,no
48,entrepreneur,married,university.degree,unknown,yes,no,cellular,nov,mon,694,2,999,0,nonexistent,-0.1,93.2,-42.0,4.191,5195.8,no
46,entrepreneur,married,university.degree,no,yes,yes,cellular,nov,mon,78,2,999,1,failure,-0.1,93.2,-42.0,4.191,5195.8,no
44,entrepreneur,married,professional.course,no,yes,no,telephone,nov,mon,291,3,999,0,nonexistent,-0.1,93.2,-42.0,4.191,5195.8,no
50,technician,married,basic.9y,no,yes,no,telephone,nov,mon,55,2,999,0,nonexistent,-0.1,93.2,-42.0,4.191,5195.8,no
50,admin.,divorced,university.degree,no,yes,no,telephone,nov,mon,609,2,999,1,failure,-0.1,93.2,-42.0,4.191,5195.8,no
40,blue-collar,married,basic.4y,no,no,no,cellular,nov,mon,1121,2,999,0,nonexistent,-0.1,93.2,-42.0,4.191,5195.8,no
34,unemployed,married,high.school,no,yes,no,cellular,nov,mon,564,2,999,0,nonexistent,-0.1,93.2,-42.0,4.191,5195.8,no
31,admin.,married,high.school,no,yes,no,telephone,nov,mon,673,2,999,0,nonexistent,-0.1,93.2,-42.0,4.191,5195.8,no
32,blue-collar,married,basic.9y,no,no,no,cellular,nov,mon,1091,2,5,1,success,-0.1,93.2,-42.0,4.191,5195.8,yes
34,services,single,high.school,no,no,no,telephone,nov,mon,62,2,999,1,failure,-0.1,93.2,-42.0,4.191,5195.8,no
33,technician,single,university.degree,no,no,no,cellular,nov,mon,98,2,999,0,nonexistent,-0.1,93.2,-42.0,4.191,5195.8,no
32,blue-collar,single,university.degree,no,no,no,cellular,nov,mon,242,2,999,0,nonexistent,-0.1,93.2,-42.0,4.191,5195.8,no
39,services,married,professional.course,no,yes,yes,cellular,nov,mon,148,2,999,1,failure,-0.1,93.2,-42.0,4.191,5195.8,no
38,admin.,married,basic.6y,no,no,yes,telephone,nov,mon,204,2,999,0,nonexistent,-0.1,93.2,-42.0,4.191,5195.8,no
40,entrepreneur,divorced,university.degree,no,yes,no,cellular,nov,mon,124,2,999,0,nonexistent,-0.1,93.2,-42.0,4.191,5195.8,no
36,technician,single,professional.course,no,no,no,cellular,nov,mon,85,2,999,0,nonexistent,-0.1,93.2,-42.0,4.191,5195.8,no
31,housemaid,married,high.school,unknown,no,no,cellular,nov,mon,165,2,999,0,nonexistent,-0.1,93.2,-42.0,4.191,5195.8,no
46,entrepreneur,married,basic.4y,no,no,no,cellular,nov,mon,148,2,999,0,nonexistent,-0.1,93.2,-42.0,4.191,5195.8,no
33,blue-collar,married,basic.9y,no,yes,no,telephone,nov,mon,309,3,999,1,failure,-0.1,93.2,-42.0,4.191,5195.8,no
53,blue-collar,married,professional.course,no,yes,no,cellular,nov,mon,242,3,999,1,failure,-0.1,93.2,-42.0,4.191,5195.8,no
43,services,married,high.school,no,yes,yes,cellular,nov,mon,170,2,999,0,nonexistent,-0.1,93.2,-42.0,4.191,5195.8,no
46,blue-collar,married,basic.9y,no,yes,no,cellular,nov,mon,130,2,999,1,failure,-0.1,93.2,-42.0,4.191,5195.8,no
37,entrepreneur,married,university.degree,unknown,yes,no,cellular,nov,mon,151,2,999,1,failure,-0.1,93.2,-42.0,4.191,5195.8,no
38,management,married,university.degree,no,no,no,cellular,nov,mon,221,2,999,0,nonexistent,-0.1,93.2,-42.0,4.191,5195.8,no
57,blue-collar,divorced,basic.9y,no,no,no,cellular,nov,mon,117,2,999,1,failure,-0.1,93.2,-42.0,4.191,5195.8,no
42,admin.,married,university.degree,no,yes,no,cellular,nov,mon,116,2,999,0,nonexistent,-0.1,93.2,-42.0,4.191,5195.8,no
51,blue-collar,married,basic.4y,no,yes,yes,cellular,nov,mon,178,2,999,1,failure,-0.1,93.2,-42.0,4.191,5195.8,no
53,blue-collar,married,basic.4y,unknown,yes,no,cellular,nov,mon,228,4,999,0,nonexistent,-0.1,93.2,-42.0,4.191,5195.8,no
43,management,divorced,high.school,no,yes,no,cellular,nov,mon,488,2,999,0,nonexistent,-0.1,93.2,-42.0,4.191,5195.8,no
43,management,married,university.degree,no,yes,no,telephone,nov,mon,49,2,999,0,nonexistent,-0.1,93.2,-42.0,4.191,5195.8,no
35,management,married,professional.course,no,yes,no,cellular,nov,mon,142,3,999,0,nonexistent,-0.1,93.2,-42.0,4.191,5195.8,no
35,management,married,university.degree,no,yes,no,cellular,nov,mon,63,2,999,0,nonexistent,-0.1,93.2,-42.0,4.191,5195.8,no
40,entrepreneur,married,basic.9y,no,yes,no,cellular,nov,mon,69,2,999,0,nonexistent,-0.1,93.2,-42.0,4.191,5195.8,no
37,management,married,university.degree,no,yes,yes,cellular,nov,mon,176,2,999,0,nonexistent,-0.1,93.2,-42.0,4.191,5195.8,no
43,admin.,single,university.degree,no,no,no,cellular,nov,mon,507,2,999,0,nonexistent,-0.1,93.2,-42.0,4.191,5195.8,no
36,admin.,married,university.degree,no,yes,no,telephone,nov,mon,1735,2,999,0,nonexistent,-0.1,93.2,-42.0,4.191,5195.8,no
49,admin.,married,university.degree,no,yes,yes,telephone,nov,mon,340,2,999,1,failure,-0.1,93.2,-42.0,4.191,5195.8,no
42,technician,married,professional.course,no,yes,yes,cellular,nov,mon,126,2,999,1,failure,-0.1,93.2,-42.0,4.191,5195.8,no
38,admin.,single,basic.9y,no,yes,yes,cellular,nov,mon,501,2,999,0,nonexistent,-0.1,93.2,-42.0,4.191,5195.8,no
41,admin.,divorced,university.degree,no,yes,no,telephone,nov,mon,110,2,999,0,nonexistent,-0.1,93.2,-42.0,4.191,5195.8,no
55,technician,single,professional.course,no,no,no,cellular,nov,mon,99,2,999,0,nonexistent,-0.1,93.2,-42.0,4.191,5195.8,no
51,technician,married,high.school,no,no,no,cellular,nov,mon,198,2,999,0,nonexistent,-0.1,93.2,-42.0,4.191,5195.8,no
41,blue-collar,married,basic.9y,unknown,yes,no,telephone,nov,mon,184,4,999,0,nonexistent,-0.1,93.2,-42.0,4.191,5195.8,no
49,management,married,university.degree,no,yes,yes,cellular,nov,mon,308,3,999,0,nonexistent,-0.1,93.2,-42.0,4.191,5195.8,no
34,management,divorced,university.degree,no,no,no,cellular,nov,mon,212,2,999,0,nonexistent,-0.1,93.2,-42.0,4.191,5195.8,no
50,blue-collar,married,basic.9y,no,yes,yes,cellular,nov,mon,35,3,999,0,nonexistent,-0.1,93.2,-42.0,4.191,5195.8,no
52,management,married,university.degree,no,no,no,telephone,nov,mon,127,4,999,1,failure,-0.1,93.2,-42.0,4.191,5195.8,no
43,management,married,high.school,no,yes,yes,cellular,nov,mon,70,3,999,0,nonexistent,-0.1,93.2,-42.0,4.191,5195.8,no
35,blue-collar,married,high.school,no,yes,yes,cellular,nov,mon,330,2,999,0,nonexistent,-0.1,93.2,-42.0,4.191,5195.8,no
39,housemaid,married,basic.9y,no,yes,yes,cellular,nov,mon,272,2,999,0,nonexistent,-0.1,93.2,-42.0,4.191,5195.8,no
35,admin.,married,university.degree,no,no,no,cellular,nov,mon,397,2,999,0,nonexistent,-0.1,93.2,-42.0,4.191,5195.8,no
43,admin.,married,university.degree,no,no,no,cellular,nov,mon,222,2,999,0,nonexistent,-0.1,93.2,-42.0,4.191,5195.8,no
46,entrepreneur,married,basic.4y,no,yes,no,cellular,nov,mon,333,2,999,1,failure,-0.1,93.2,-42.0,4.191,5195.8,no
52,entrepreneur,single,university.degree,unknown,yes,no,cellular,nov,mon,77,2,999,0,nonexistent,-0.1,93.2,-42.0,4.191,5195.8,no
33,student,single,unknown,no,no,no,cellular,nov,mon,288,2,999,0,nonexistent,-0.1,93.2,-42.0,4.191,5195.8,no
52,retired,married,university.degree,no,yes,yes,telephone,nov,mon,215,3,999,0,nonexistent,-0.1,93.2,-42.0,4.191,5195.8,no
53,management,married,university.degree,unknown,yes,no,cellular,nov,mon,536,2,999,0,nonexistent,-0.1,93.2,-42.0,4.191,5195.8,no
41,self-employed,married,basic.9y,unknown,yes,no,cellular,nov,mon,145,2,999,0,nonexistent,-0.1,93.2,-42.0,4.191,5195.8,no
37,management,married,high.school,no,yes,no,telephone,nov,mon,188,2,999,1,failure,-0.1,93.2,-42.0,4.191,5195.8,no
52,entrepreneur,married,university.degree,no,yes,no,cellular,nov,mon,85,2,999,0,nonexistent,-0.1,93.2,-42.0,4.191,5195.8,no
35,admin.,married,high.school,no,yes,no,cellular,nov,mon,140,2,999,0,nonexistent,-0.1,93.2,-42.0,4.191,5195.8,no
45,blue-collar,single,basic.9y,no,yes,yes,cellular,nov,mon,61,2,999,1,failure,-0.1,93.2,-42.0,4.191,5195.8,no
41,technician,married,university.degree,no,no,no,cellular,nov,mon,149,2,999,0,nonexistent,-0.1,93.2,-42.0,4.191,5195.8,no
52,admin.,married,basic.4y,no,yes,yes,cellular,nov,mon,102,3,999,0,nonexistent,-0.1,93.2,-42.0,4.191,5195.8,no
37,blue-collar,married,basic.6y,no,yes,no,telephone,nov,mon,99,3,999,0,nonexistent,-0.1,93.2,-42.0,4.191,5195.8,no
46,services,married,high.school,no,yes,no,cellular,nov,mon,966,3,999,0,nonexistent,-0.1,93.2,-42.0,4.191,5195.8,no
39,services,married,high.school,no,yes,yes,cellular,nov,mon,49,3,999,0,nonexistent,-0.1,93.2,-42.0,4.191,5195.8,no
40,blue-collar,married,basic.9y,no,yes,no,telephone,nov,mon,132,2,999,0,nonexistent,-0.1,93.2,-42.0,4.191,5195.8,no
30,admin.,married,university.degree,no,no,no,cellular,nov,mon,329,2,999,0,nonexistent,-0.1,93.2,-42.0,4.191,5195.8,no
52,management,married,university.degree,no,no,no,telephone,nov,mon,22,3,999,0,nonexistent,-0.1,93.2,-42.0,4.191,5195.8,no
44,admin.,married,professional.course,no,no,no,cellular,nov,mon,200,1,999,1,failure,-0.1,93.2,-42.0,4.191,5195.8,no
53,entrepreneur,divorced,university.degree,no,no,no,cellular,nov,mon,179,1,999,0,nonexistent,-0.1,93.2,-42.0,4.191,5195.8,no
53,entrepreneur,divorced,university.degree,no,no,no,cellular,nov,mon,93,1,999,0,nonexistent,-0.1,93.2,-42.0,4.191,5195.8,no
53,entrepreneur,divorced,university.degree,no,yes,no,cellular,nov,mon,68,1,999,0,nonexistent,-0.1,93.2,-42.0,4.191,5195.8,no
44,entrepreneur,married,university.degree,no,yes,no,cellular,nov,mon,1210,2,999,1,failure,-0.1,93.2,-42.0,4.191,5195.8,yes
44,admin.,married,professional.course,no,no,no,cellular,nov,mon,353,1,999,1,failure,-0.1,93.2,-42.0,4.191,5195.8,no
53,entrepreneur,divorced,university.degree,no,yes,no,cellular,nov,mon,107,1,999,1,failure,-0.1,93.2,-42.0,4.191,5195.8,no
53,entrepreneur,divorced,university.degree,no,no,no,telephone,nov,mon,247,1,999,0,nonexistent,-0.1,93.2,-42.0,4.191,5195.8,no
45,blue-collar,divorced,basic.9y,unknown,no,no,cellular,nov,mon,220,4,999,1,failure,-0.1,93.2,-42.0,4.191,5195.8,no
35,admin.,married,university.degree,no,yes,no,cellular,nov,mon,211,2,999,1,failure,-0.1,93.2,-42.0,4.191,5195.8,no
57,technician,divorced,professional.course,no,yes,no,cellular,nov,mon,181,4,999,0,nonexistent,-0.1,93.2,-42.0,4.191,5195.8,no
43,admin.,married,university.degree,no,yes,no,cellular,nov,mon,414,2,999,0,nonexistent,-0.1,93.2,-42.0,4.191,5195.8,no
33,unemployed,married,basic.9y,unknown,yes,no,cellular,nov,mon,150,1,999,0,nonexistent,-0.1,93.2,-42.0,4.191,5195.8,no
30,services,married,basic.9y,unknown,yes,no,cellular,nov,mon,209,1,999,0,nonexistent,-0.1,93.2,-42.0,4.191,5195.8,no
37,entrepreneur,married,basic.9y,unknown,no,no,telephone,nov,mon,210,1,999,0,nonexistent,-0.1,93.2,-42.0,4.191,5195.8,no
48,services,married,basic.9y,unknown,yes,no,cellular,nov,mon,301,1,999,0,nonexistent,-0.1,93.2,-42.0,4.191,5195.8,no
30,services,married,basic.9y,unknown,no,no,cellular,nov,mon,415,1,999,0,nonexistent,-0.1,93.2,-42.0,4.191,5195.8,no
41,management,married,basic.6y,unknown,yes,no,cellular,nov,mon,264,4,999,0,nonexistent,-0.1,93.2,-42.0,4.191,5195.8,no
42,self-employed,married,university.degree,unknown,no,no,cellular,nov,mon,81,4,999,1,failure,-0.1,93.2,-42.0,4.191,5195.8,no
51,self-employed,married,basic.4y,no,no,no,cellular,nov,mon,189,1,999,0,nonexistent,-0.1,93.2,-42.0,4.191,5195.8,no
52,management,married,university.degree,no,yes,yes,cellular,nov,mon,172,3,999,0,nonexistent,-0.1,93.2,-42.0,4.191,5195.8,no
42,blue-collar,divorced,basic.9y,no,yes,yes,cellular,nov,mon,151,3,999,1,failure,-0.1,93.2,-42.0,4.191,5195.8,no
45,self-employed,married,university.degree,no,yes,no,cellular,nov,mon,487,1,999,0,nonexistent,-0.1,93.2,-42.0,4.191,5195.8,no
37,entrepreneur,married,university.degree,unknown,yes,no,telephone,nov,mon,215,1,999,0,nonexistent,-0.1,93.2,-42.0,4.191,5195.8,no
37,entrepreneur,married,university.degree,unknown,yes,no,telephone,nov,mon,17,1,999,1,failure,-0.1,93.2,-42.0,4.191,5195.8,no
41,admin.,married,university.degree,no,no,no,cellular,nov,mon,295,1,999,0,nonexistent,-0.1,93.2,-42.0,4.191,5195.8,no
33,entrepreneur,married,basic.9y,unknown,yes,yes,telephone,nov,mon,292,1,999,0,nonexistent,-0.1,93.2,-42.0,4.191,5195.8,no
50,entrepreneur,married,university.degree,no,yes,no,cellular,nov,mon,92,1,999,0,nonexistent,-0.1,93.2,-42.0,4.191,5195.8,no
51,retired,divorced,basic.4y,no,yes,yes,cellular,nov,mon,94,1,999,0,nonexistent,-0.1,93.2,-42.0,4.191,5195.8,no
31,management,single,university.degree,no,no,no,cellular,nov,mon,104,1,999,0,nonexistent,-0.1,93.2,-42.0,4.191,5195.8,no
58,retired,married,professional.course,no,no,no,cellular,nov,mon,318,1,999,0,nonexistent,-0.1,93.2,-42.0,4.191,5195.8,no
43,unemployed,married,basic.9y,unknown,yes,yes,cellular,nov,mon,252,3,999,0,nonexistent,-0.1,93.2,-42.0,4.191,5195.8,no
37,entrepreneur,married,university.degree,unknown,yes,no,cellular,nov,mon,1012,1,999,0,nonexistent,-0.1,93.2,-42.0,4.191,5195.8,no
42,unemployed,married,high.school,no,yes,no,cellular,nov,tue,154,2,999,0,nonexistent,-0.1,93.2,-42.0,4.1530000000000005,5195.8,no
50,technician,married,professional.course,no,no,yes,cellular,nov,tue,166,1,999,0,nonexistent,-0.1,93.2,-42.0,4.1530000000000005,5195.8,no
43,admin.,married,high.school,no,no,no,cellular,nov,tue,127,1,999,0,nonexistent,-0.1,93.2,-42.0,4.1530000000000005,5195.8,no
50,technician,married,professional.course,no,unknown,unknown,cellular,nov,tue,336,1,999,0,nonexistent,-0.1,93.2,-42.0,4.1530000000000005,5195.8,no
36,admin.,single,university.degree,no,yes,no,cellular,nov,tue,82,1,999,1,failure,-0.1,93.2,-42.0,4.1530000000000005,5195.8,no
55,admin.,married,professional.course,unknown,yes,yes,telephone,nov,tue,514,2,999,0,nonexistent,-0.1,93.2,-42.0,4.1530000000000005,5195.8,yes
56,technician,married,professional.course,unknown,unknown,unknown,cellular,nov,tue,44,1,999,1,failure,-0.1,93.2,-42.0,4.1530000000000005,5195.8,no
34,admin.,married,high.school,no,no,no,cellular,nov,tue,105,1,999,0,nonexistent,-0.1,93.2,-42.0,4.1530000000000005,5195.8,no
31,management,married,university.degree,no,yes,yes,cellular,nov,tue,41,1,999,1,failure,-0.1,93.2,-42.0,4.1530000000000005,5195.8,no
51,admin.,married,university.degree,no,no,no,cellular,nov,tue,143,1,999,0,nonexistent,-0.1,93.2,-42.0,4.1530000000000005,5195.8,no
44,technician,married,professional.course,no,no,no,telephone,nov,tue,189,1,999,0,nonexistent,-0.1,93.2,-42.0,4.1530000000000005,5195.8,no
34,admin.,divorced,university.degree,no,no,no,cellular,nov,tue,41,1,999,0,nonexistent,-0.1,93.2,-42.0,4.1530000000000005,5195.8,no
35,technician,divorced,professional.course,unknown,no,no,cellular,nov,tue,143,1,999,0,nonexistent,-0.1,93.2,-42.0,4.1530000000000005,5195.8,no
41,services,single,professional.course,no,yes,no,cellular,nov,tue,41,2,999,0,nonexistent,-0.1,93.2,-42.0,4.1530000000000005,5195.8,no
37,self-employed,divorced,basic.9y,no,yes,no,cellular,nov,tue,237,1,999,0,nonexistent,-0.1,93.2,-42.0,4.1530000000000005,5195.8,no
50,technician,divorced,professional.course,no,no,no,cellular,nov,tue,46,1,999,0,nonexistent,-0.1,93.2,-42.0,4.1530000000000005,5195.8,no
55,blue-collar,single,basic.6y,no,yes,no,cellular,nov,tue,204,2,999,0,nonexistent,-0.1,93.2,-42.0,4.1530000000000005,5195.8,no
31,technician,married,university.degree,no,unknown,unknown,cellular,nov,tue,104,1,999,1,failure,-0.1,93.2,-42.0,4.1530000000000005,5195.8,no
31,technician,married,university.degree,no,unknown,unknown,cellular,nov,tue,102,1,999,0,nonexistent,-0.1,93.2,-42.0,4.1530000000000005,5195.8,no
31,admin.,married,university.degree,no,yes,yes,cellular,nov,tue,64,1,999,0,nonexistent,-0.1,93.2,-42.0,4.1530000000000005,5195.8,no
53,services,divorced,high.school,no,yes,no,cellular,nov,tue,233,1,999,0,nonexistent,-0.1,93.2,-42.0,4.1530000000000005,5195.8,no
47,unemployed,married,high.school,no,no,no,cellular,nov,tue,94,1,999,0,nonexistent,-0.1,93.2,-42.0,4.1530000000000005,5195.8,no
54,self-employed,married,basic.9y,no,yes,no,cellular,nov,tue,139,4,999,1,failure,-0.1,93.2,-42.0,4.1530000000000005,5195.8,no
40,self-employed,married,basic.9y,no,no,no,cellular,nov,tue,55,1,999,1,failure,-0.1,93.2,-42.0,4.1530000000000005,5195.8,no
47,management,married,university.degree,no,yes,no,cellular,nov,tue,283,2,999,0,nonexistent,-0.1,93.2,-42.0,4.1530000000000005,5195.8,no
43,blue-collar,married,basic.9y,no,yes,no,cellular,nov,tue,326,1,999,0,nonexistent,-0.1,93.2,-42.0,4.1530000000000005,5195.8,no
43,blue-collar,married,basic.9y,no,no,no,cellular,nov,tue,465,1,999,0,nonexistent,-0.1,93.2,-42.0,4.1530000000000005,5195.8,no
54,admin.,single,university.degree,no,yes,no,cellular,nov,tue,119,1,999,1,failure,-0.1,93.2,-42.0,4.1530000000000005,5195.8,no
41,services,married,university.degree,no,yes,no,cellular,nov,tue,140,1,999,0,nonexistent,-0.1,93.2,-42.0,4.1530000000000005,5195.8,no
34,entrepreneur,single,basic.9y,no,no,no,cellular,nov,tue,386,1,999,0,nonexistent,-0.1,93.2,-42.0,4.1530000000000005,5195.8,no
30,blue-collar,single,high.school,no,yes,yes,telephone,nov,tue,228,1,999,1,failure,-0.1,93.2,-42.0,4.1530000000000005,5195.8,no
48,admin.,married,unknown,unknown,no,no,cellular,nov,tue,67,1,999,0,nonexistent,-0.1,93.2,-42.0,4.1530000000000005,5195.8,no
36,blue-collar,married,basic.9y,no,yes,yes,cellular,nov,tue,130,1,999,0,nonexistent,-0.1,93.2,-42.0,4.1530000000000005,5195.8,no
57,management,married,university.degree,no,yes,no,cellular,nov,tue,93,1,999,0,nonexistent,-0.1,93.2,-42.0,4.1530000000000005,5195.8,no
41,management,married,university.degree,no,yes,no,cellular,nov,tue,176,1,999,0,nonexistent,-0.1,93.2,-42.0,4.1530000000000005,5195.8,no
50,technician,married,professional.course,no,yes,no,cellular,nov,tue,1978,1,999,0,nonexistent,-0.1,93.2,-42.0,4.1530000000000005,5195.8,yes
36,blue-collar,married,basic.4y,no,no,no,cellular,nov,tue,101,5,999,0,nonexistent,-0.1,93.2,-42.0,4.1530000000000005,5195.8,no
56,admin.,married,high.school,unknown,yes,no,cellular,nov,tue,105,1,999,0,nonexistent,-0.1,93.2,-42.0,4.1530000000000005,5195.8,no
34,blue-collar,married,professional.course,no,no,no,cellular,nov,tue,95,1,999,0,nonexistent,-0.1,93.2,-42.0,4.1530000000000005,5195.8,no
34,blue-collar,married,professional.course,no,yes,yes,cellular,nov,tue,64,1,999,1,failure,-0.1,93.2,-42.0,4.1530000000000005,5195.8,no
34,blue-collar,married,professional.course,no,no,yes,cellular,nov,tue,91,1,999,0,nonexistent,-0.1,93.2,-42.0,4.1530000000000005,5195.8,no
40,entrepreneur,married,basic.9y,no,no,no,telephone,nov,tue,40,1,999,0,nonexistent,-0.1,93.2,-42.0,4.1530000000000005,5195.8,no
52,technician,married,basic.9y,no,yes,no,cellular,nov,tue,54,1,999,0,nonexistent,-0.1,93.2,-42.0,4.1530000000000005,5195.8,no
40,entrepreneur,married,basic.9y,no,yes,no,cellular,nov,tue,67,1,999,1,failure,-0.1,93.2,-42.0,4.1530000000000005,5195.8,no
40,management,married,university.degree,no,no,no,cellular,nov,tue,1122,2,999,1,failure,-0.1,93.2,-42.0,4.1530000000000005,5195.8,yes
34,blue-collar,married,professional.course,no,no,no,cellular,nov,tue,164,1,999,1,failure,-0.1,93.2,-42.0,4.1530000000000005,5195.8,no
35,admin.,married,high.school,no,no,no,cellular,nov,tue,95,1,999,0,nonexistent,-0.1,93.2,-42.0,4.1530000000000005,5195.8,no
35,admin.,married,high.school,no,no,no,cellular,nov,tue,72,1,999,0,nonexistent,-0.1,93.2,-42.0,4.1530000000000005,5195.8,no
35,admin.,married,high.school,no,yes,no,cellular,nov,tue,114,1,999,0,nonexistent,-0.1,93.2,-42.0,4.1530000000000005,5195.8,no
49,management,married,university.degree,no,yes,no,cellular,nov,tue,116,1,999,0,nonexistent,-0.1,93.2,-42.0,4.1530000000000005,5195.8,no
32,services,married,high.school,no,yes,no,cellular,nov,tue,105,1,999,1,failure,-0.1,93.2,-42.0,4.1530000000000005,5195.8,no
40,technician,married,professional.course,no,no,no,cellular,nov,tue,348,1,999,0,nonexistent,-0.1,93.2,-42.0,4.1530000000000005,5195.8,no
44,management,divorced,university.degree,unknown,no,no,cellular,nov,tue,365,1,999,0,nonexistent,-0.1,93.2,-42.0,4.1530000000000005,5195.8,no
31,entrepreneur,divorced,basic.4y,no,no,no,cellular,nov,tue,290,1,5,1,success,-0.1,93.2,-42.0,4.1530000000000005,5195.8,no
36,self-employed,single,basic.9y,no,no,no,cellular,nov,tue,94,1,999,0,nonexistent,-0.1,93.2,-42.0,4.1530000000000005,5195.8,no
37,technician,married,high.school,no,no,no,cellular,nov,tue,39,1,999,0,nonexistent,-0.1,93.2,-42.0,4.1530000000000005,5195.8,no
53,self-employed,married,basic.4y,no,yes,no,cellular,nov,tue,76,1,999,0,nonexistent,-0.1,93.2,-42.0,4.1530000000000005,5195.8,no
32,admin.,single,university.degree,no,no,no,cellular,nov,tue,36,1,999,0,nonexistent,-0.1,93.2,-42.0,4.1530000000000005,5195.8,no
51,admin.,married,high.school,no,no,no,cellular,nov,tue,132,1,999,0,nonexistent,-0.1,93.2,-42.0,4.1530000000000005,5195.8,no
35,entrepreneur,married,basic.9y,no,yes,no,cellular,nov,tue,155,1,999,0,nonexistent,-0.1,93.2,-42.0,4.1530000000000005,5195.8,no
35,admin.,single,high.school,no,yes,no,cellular,nov,tue,106,1,999,0,nonexistent,-0.1,93.2,-42.0,4.1530000000000005,5195.8,no
51,admin.,married,high.school,no,no,yes,cellular,nov,tue,271,1,999,1,failure,-0.1,93.2,-42.0,4.1530000000000005,5195.8,no
29,admin.,single,university.degree,no,yes,no,cellular,nov,tue,224,1,999,0,nonexistent,-0.1,93.2,-42.0,4.1530000000000005,5195.8,no
51,technician,married,unknown,no,no,no,cellular,nov,tue,144,1,999,0,nonexistent,-0.1,93.2,-42.0,4.1530000000000005,5195.8,no
58,technician,married,unknown,no,no,no,cellular,nov,tue,82,1,999,0,nonexistent,-0.1,93.2,-42.0,4.1530000000000005,5195.8,no
36,admin.,married,high.school,no,yes,yes,telephone,nov,tue,52,3,999,0,nonexistent,-0.1,93.2,-42.0,4.1530000000000005,5195.8,no
33,management,married,university.degree,no,yes,no,cellular,nov,tue,341,1,999,0,nonexistent,-0.1,93.2,-42.0,4.1530000000000005,5195.8,no
32,blue-collar,married,basic.9y,no,yes,no,telephone,nov,tue,47,1,999,0,nonexistent,-0.1,93.2,-42.0,4.1530000000000005,5195.8,no
32,blue-collar,married,basic.9y,no,no,no,cellular,nov,tue,55,1,999,0,nonexistent,-0.1,93.2,-42.0,4.1530000000000005,5195.8,no
35,unemployed,single,basic.6y,unknown,yes,no,cellular,nov,tue,51,1,999,1,failure,-0.1,93.2,-42.0,4.1530000000000005,5195.8,no
40,blue-collar,married,basic.9y,no,no,no,cellular,nov,tue,71,1,999,0,nonexistent,-0.1,93.2,-42.0,4.1530000000000005,5195.8,no
35,unemployed,single,basic.6y,unknown,yes,no,cellular,nov,tue,76,1,999,0,nonexistent,-0.1,93.2,-42.0,4.1530000000000005,5195.8,no
51,blue-collar,married,basic.9y,unknown,yes,no,cellular,nov,tue,62,1,999,0,nonexistent,-0.1,93.2,-42.0,4.1530000000000005,5195.8,no
33,admin.,married,university.degree,no,yes,no,cellular,nov,tue,52,1,999,0,nonexistent,-0.1,93.2,-42.0,4.1530000000000005,5195.8,no
39,services,divorced,high.school,no,yes,no,cellular,nov,tue,46,1,999,0,nonexistent,-0.1,93.2,-42.0,4.1530000000000005,5195.8,no
32,services,married,basic.6y,unknown,yes,no,telephone,nov,tue,368,1,999,0,nonexistent,-0.1,93.2,-42.0,4.1530000000000005,5195.8,no
33,blue-collar,married,basic.9y,no,unknown,unknown,cellular,nov,tue,111,1,999,1,failure,-0.1,93.2,-42.0,4.1530000000000005,5195.8,no
56,self-employed,divorced,high.school,no,no,no,cellular,nov,tue,79,1,999,0,nonexistent,-0.1,93.2,-42.0,4.1530000000000005,5195.8,no
29,blue-collar,married,basic.9y,no,yes,no,cellular,nov,tue,42,1,999,0,nonexistent,-0.1,93.2,-42.0,4.1530000000000005,5195.8,no
32,blue-collar,married,basic.9y,no,yes,yes,cellular,nov,tue,295,1,999,0,nonexistent,-0.1,93.2,-42.0,4.1530000000000005,5195.8,no
40,admin.,married,high.school,no,yes,no,cellular,nov,tue,134,1,999,0,nonexistent,-0.1,93.2,-42.0,4.1530000000000005,5195.8,no
39,services,divorced,high.school,no,yes,no,cellular,nov,tue,194,1,999,0,nonexistent,-0.1,93.2,-42.0,4.1530000000000005,5195.8,no
33,blue-collar,married,basic.9y,no,no,no,cellular,nov,tue,214,1,999,0,nonexistent,-0.1,93.2,-42.0,4.1530000000000005,5195.8,no
31,admin.,divorced,university.degree,no,yes,no,telephone,nov,tue,51,1,999,0,nonexistent,-0.1,93.2,-42.0,4.1530000000000005,5195.8,no
42,self-employed,divorced,university.degree,no,yes,no,cellular,nov,tue,278,2,999,0,nonexistent,-0.1,93.2,-42.0,4.1530000000000005,5195.8,no
43,management,married,university.degree,no,no,no,cellular,nov,tue,188,1,999,0,nonexistent,-0.1,93.2,-42.0,4.1530000000000005,5195.8,no
38,blue-collar,married,basic.9y,no,yes,no,cellular,nov,tue,154,1,999,0,nonexistent,-0.1,93.2,-42.0,4.1530000000000005,5195.8,no
43,technician,married,professional.course,no,yes,no,telephone,nov,tue,89,1,999,0,nonexistent,-0.1,93.2,-42.0,4.1530000000000005,5195.8,no
33,self-employed,married,university.degree,no,yes,no,cellular,nov,tue,84,2,999,0,nonexistent,-0.1,93.2,-42.0,4.1530000000000005,5195.8,no
31,admin.,divorced,university.degree,no,yes,no,cellular,nov,tue,346,1,999,0,nonexistent,-0.1,93.2,-42.0,4.1530000000000005,5195.8,no
52,management,married,high.school,no,yes,no,cellular,nov,tue,75,1,999,1,failure,-0.1,93.2,-42.0,4.1530000000000005,5195.8,no
40,blue-collar,married,basic.4y,no,no,no,cellular,nov,tue,181,1,999,1,failure,-0.1,93.2,-42.0,4.1530000000000005,5195.8,no
38,blue-collar,married,basic.9y,no,no,no,cellular,nov,tue,213,1,999,0,nonexistent,-0.1,93.2,-42.0,4.1530000000000005,5195.8,no
30,services,married,basic.6y,no,unknown,unknown,cellular,nov,tue,340,2,999,0,nonexistent,-0.1,93.2,-42.0,4.1530000000000005,5195.8,no
38,management,married,university.degree,no,yes,yes,cellular,nov,tue,353,1,999,0,nonexistent,-0.1,93.2,-42.0,4.1530000000000005,5195.8,no
51,admin.,married,university.degree,no,no,no,cellular,nov,tue,104,2,1,1,success,-0.1,93.2,-42.0,4.1530000000000005,5195.8,no
37,management,divorced,high.school,no,yes,no,cellular,nov,tue,1268,2,999,0,nonexistent,-0.1,93.2,-42.0,4.1530000000000005,5195.8,no
33,management,married,university.degree,no,yes,no,cellular,nov,tue,47,1,999,0,nonexistent,-0.1,93.2,-42.0,4.1530000000000005,5195.8,no
36,housemaid,divorced,basic.9y,no,yes,no,cellular,nov,tue,59,1,999,1,failure,-0.1,93.2,-42.0,4.1530000000000005,5195.8,no
39,admin.,married,university.degree,no,no,no,cellular,nov,tue,108,1,999,0,nonexistent,-0.1,93.2,-42.0,4.1530000000000005,5195.8,no
36,technician,divorced,high.school,no,no,no,cellular,nov,tue,132,1,999,0,nonexistent,-0.1,93.2,-42.0,4.1530000000000005,5195.8,no
55,entrepreneur,married,university.degree,unknown,no,no,cellular,nov,tue,86,1,999,0,nonexistent,-0.1,93.2,-42.0,4.1530000000000005,5195.8,no
41,admin.,married,university.degree,unknown,yes,no,cellular,nov,tue,61,1,999,0,nonexistent,-0.1,93.2,-42.0,4.1530000000000005,5195.8,no
33,admin.,married,high.school,no,yes,no,cellular,nov,tue,273,1,999,1,failure,-0.1,93.2,-42.0,4.1530000000000005,5195.8,no
32,services,married,high.school,unknown,yes,no,cellular,nov,tue,121,1,999,0,nonexistent,-0.1,93.2,-42.0,4.1530000000000005,5195.8,no
46,blue-collar,married,basic.9y,no,yes,no,cellular,nov,tue,50,1,999,1,failure,-0.1,93.2,-42.0,4.1530000000000005,5195.8,no
29,admin.,single,university.degree,no,yes,no,cellular,nov,tue,636,1,999,0,nonexistent,-0.1,93.2,-42.0,4.1530000000000005,5195.8,no
31,housemaid,married,university.degree,unknown,no,no,cellular,nov,tue,110,1,999,0,nonexistent,-0.1,93.2,-42.0,4.1530000000000005,5195.8,no
31,unemployed,married,high.school,yes,no,no,cellular,nov,tue,111,2,999,1,failure,-0.1,93.2,-42.0,4.1530000000000005,5195.8,no
46,blue-collar,married,basic.9y,no,no,no,cellular,nov,tue,281,1,999,0,nonexistent,-0.1,93.2,-42.0,4.1530000000000005,5195.8,no
35,management,married,basic.4y,no,no,no,cellular,nov,tue,276,1,999,1,failure,-0.1,93.2,-42.0,4.1530000000000005,5195.8,no
43,entrepreneur,married,basic.9y,no,yes,yes,cellular,nov,tue,74,1,999,0,nonexistent,-0.1,93.2,-42.0,4.1530000000000005,5195.8,no
39,management,single,high.school,unknown,no,no,telephone,nov,tue,274,1,999,0,nonexistent,-0.1,93.2,-42.0,4.1530000000000005,5195.8,no
54,admin.,divorced,university.degree,no,yes,no,cellular,nov,tue,79,2,999,1,failure,-0.1,93.2,-42.0,4.1530000000000005,5195.8,no
30,management,married,university.degree,no,yes,yes,cellular,nov,tue,196,1,999,0,nonexistent,-0.1,93.2,-42.0,4.1530000000000005,5195.8,no
43,blue-collar,single,basic.4y,no,yes,no,cellular,nov,tue,175,1,999,1,failure,-0.1,93.2,-42.0,4.1530000000000005,5195.8,no
48,admin.,married,unknown,unknown,no,no,cellular,nov,tue,319,2,999,1,failure,-0.1,93.2,-42.0,4.1530000000000005,5195.8,no
48,services,married,high.school,no,yes,no,cellular,nov,tue,71,1,999,0,nonexistent,-0.1,93.2,-42.0,4.1530000000000005,5195.8,no
39,management,single,high.school,unknown,no,no,cellular,nov,tue,714,1,999,1,failure,-0.1,93.2,-42.0,4.1530000000000005,5195.8,no
52,management,married,university.degree,no,yes,no,cellular,nov,tue,67,1,999,0,nonexistent,-0.1,93.2,-42.0,4.1530000000000005,5195.8,no
54,technician,married,professional.course,no,yes,no,cellular,nov,tue,149,2,999,0,nonexistent,-0.1,93.2,-42.0,4.1530000000000005,5195.8,no
56,technician,single,professional.course,no,yes,no,cellular,nov,tue,635,5,999,0,nonexistent,-0.1,93.2,-42.0,4.1530000000000005,5195.8,no
39,admin.,single,high.school,no,yes,yes,cellular,nov,tue,95,1,999,0,nonexistent,-0.1,93.2,-42.0,4.1530000000000005,5195.8,no
32,blue-collar,single,university.degree,unknown,yes,no,cellular,nov,tue,63,1,999,0,nonexistent,-0.1,93.2,-42.0,4.1530000000000005,5195.8,no
51,admin.,married,high.school,no,yes,no,cellular,nov,tue,280,2,999,0,nonexistent,-0.1,93.2,-42.0,4.1530000000000005,5195.8,no
39,services,married,high.school,no,yes,no,cellular,nov,tue,107,1,999,0,nonexistent,-0.1,93.2,-42.0,4.1530000000000005,5195.8,no
39,services,married,basic.9y,no,yes,no,cellular,nov,tue,51,1,999,0,nonexistent,-0.1,93.2,-42.0,4.1530000000000005,5195.8,no
37,technician,married,professional.course,no,yes,no,cellular,nov,tue,850,2,999,0,nonexistent,-0.1,93.2,-42.0,4.1530000000000005,5195.8,no
52,management,married,university.degree,no,unknown,unknown,cellular,nov,tue,486,1,999,0,nonexistent,-0.1,93.2,-42.0,4.1530000000000005,5195.8,yes
47,housemaid,divorced,professional.course,no,no,yes,cellular,nov,tue,253,1,999,1,failure,-0.1,93.2,-42.0,4.1530000000000005,5195.8,no
37,blue-collar,married,high.school,no,no,no,cellular,nov,tue,118,1,999,0,nonexistent,-0.1,93.2,-42.0,4.1530000000000005,5195.8,no
49,entrepreneur,married,professional.course,unknown,no,no,cellular,nov,tue,132,3,999,0,nonexistent,-0.1,93.2,-42.0,4.1530000000000005,5195.8,no
36,admin.,married,high.school,no,no,no,cellular,nov,tue,141,2,999,0,nonexistent,-0.1,93.2,-42.0,4.1530000000000005,5195.8,no
35,blue-collar,married,basic.4y,no,no,no,cellular,nov,tue,169,2,999,0,nonexistent,-0.1,93.2,-42.0,4.1530000000000005,5195.8,no
48,services,married,high.school,no,yes,no,cellular,nov,tue,835,1,999,0,nonexistent,-0.1,93.2,-42.0,4.1530000000000005,5195.8,no
37,blue-collar,divorced,basic.6y,no,no,no,cellular,nov,tue,200,1,999,0,nonexistent,-0.1,93.2,-42.0,4.1530000000000005,5195.8,no
39,self-employed,married,university.degree,no,yes,no,cellular,nov,tue,95,1,999,0,nonexistent,-0.1,93.2,-42.0,4.1530000000000005,5195.8,no
39,self-employed,married,university.degree,no,yes,no,cellular,nov,tue,122,2,999,0,nonexistent,-0.1,93.2,-42.0,4.1530000000000005,5195.8,no
33,admin.,married,university.degree,no,yes,no,cellular,nov,tue,51,1,999,0,nonexistent,-0.1,93.2,-42.0,4.1530000000000005,5195.8,no
32,blue-collar,married,basic.4y,no,no,no,cellular,nov,tue,132,2,999,0,nonexistent,-0.1,93.2,-42.0,4.1530000000000005,5195.8,no
38,blue-collar,married,basic.9y,no,no,no,cellular,nov,tue,180,2,999,1,failure,-0.1,93.2,-42.0,4.1530000000000005,5195.8,no
50,services,married,high.school,no,yes,no,cellular,nov,tue,129,1,999,1,failure,-0.1,93.2,-42.0,4.1530000000000005,5195.8,no
34,blue-collar,married,basic.9y,no,no,no,cellular,nov,tue,54,1,999,1,failure,-0.1,93.2,-42.0,4.1530000000000005,5195.8,no
30,technician,married,professional.course,no,yes,no,cellular,nov,tue,613,1,999,0,nonexistent,-0.1,93.2,-42.0,4.1530000000000005,5195.8,no
54,entrepreneur,married,basic.4y,no,yes,no,cellular,nov,tue,150,2,999,1,failure,-0.1,93.2,-42.0,4.1530000000000005,5195.8,no
32,services,married,basic.6y,unknown,yes,no,telephone,nov,tue,162,2,999,0,nonexistent,-0.1,93.2,-42.0,4.1530000000000005,5195.8,no
52,admin.,single,basic.9y,no,yes,no,cellular,nov,tue,296,1,6,1,success,-0.1,93.2,-42.0,4.1530000000000005,5195.8,no
40,services,married,high.school,no,yes,no,cellular,nov,tue,66,1,999,0,nonexistent,-0.1,93.2,-42.0,4.1530000000000005,5195.8,no
30,unemployed,married,high.school,no,no,yes,cellular,nov,tue,155,1,999,0,nonexistent,-0.1,93.2,-42.0,4.1530000000000005,5195.8,no
30,unemployed,married,high.school,no,no,no,cellular,nov,tue,145,1,999,0,nonexistent,-0.1,93.2,-42.0,4.1530000000000005,5195.8,no
34,blue-collar,single,high.school,no,yes,no,cellular,nov,tue,117,1,999,0,nonexistent,-0.1,93.2,-42.0,4.1530000000000005,5195.8,no
37,blue-collar,divorced,basic.6y,no,yes,yes,cellular,nov,tue,963,1,999,1,failure,-0.1,93.2,-42.0,4.1530000000000005,5195.8,no
52,technician,married,high.school,no,yes,no,cellular,nov,tue,385,1,999,0,nonexistent,-0.1,93.2,-42.0,4.1530000000000005,5195.8,no
38,blue-collar,divorced,unknown,no,yes,no,telephone,nov,tue,125,1,999,0,nonexistent,-0.1,93.2,-42.0,4.1530000000000005,5195.8,no
34,blue-collar,single,high.school,no,yes,no,cellular,nov,tue,257,1,999,0,nonexistent,-0.1,93.2,-42.0,4.1530000000000005,5195.8,no
36,blue-collar,married,basic.9y,no,unknown,unknown,cellular,nov,tue,95,1,999,0,nonexistent,-0.1,93.2,-42.0,4.1530000000000005,5195.8,no
34,technician,single,university.degree,no,yes,no,cellular,nov,tue,82,1,999,1,failure,-0.1,93.2,-42.0,4.1530000000000005,5195.8,no
38,blue-collar,divorced,unknown,no,no,no,cellular,nov,tue,154,1,999,0,nonexistent,-0.1,93.2,-42.0,4.1530000000000005,5195.8,no
40,technician,married,professional.course,no,yes,no,cellular,nov,tue,130,1,999,0,nonexistent,-0.1,93.2,-42.0,4.1530000000000005,5195.8,no
38,blue-collar,divorced,unknown,no,no,no,cellular,nov,tue,596,1,999,0,nonexistent,-0.1,93.2,-42.0,4.1530000000000005,5195.8,yes
40,management,married,university.degree,no,no,no,cellular,nov,tue,131,2,999,1,failure,-0.1,93.2,-42.0,4.1530000000000005,5195.8,no
30,unemployed,married,high.school,no,yes,yes,cellular,nov,tue,924,1,999,0,nonexistent,-0.1,93.2,-42.0,4.1530000000000005,5195.8,yes
52,admin.,divorced,university.degree,no,yes,yes,cellular,nov,tue,183,1,999,0,nonexistent,-0.1,93.2,-42.0,4.1530000000000005,5195.8,no
30,admin.,divorced,university.degree,no,no,yes,cellular,nov,tue,198,1,999,0,nonexistent,-0.1,93.2,-42.0,4.1530000000000005,5195.8,no
49,management,married,university.degree,no,yes,no,cellular,nov,tue,37,1,999,1,failure,-0.1,93.2,-42.0,4.1530000000000005,5195.8,no
49,management,married,university.degree,no,no,no,cellular,nov,tue,188,1,999,1,failure,-0.1,93.2,-42.0,4.1530000000000005,5195.8,no
49,management,married,university.degree,no,yes,no,cellular,nov,tue,197,1,999,0,nonexistent,-0.1,93.2,-42.0,4.1530000000000005,5195.8,no
39,entrepreneur,married,university.degree,unknown,no,no,cellular,nov,tue,54,2,999,0,nonexistent,-0.1,93.2,-42.0,4.1530000000000005,5195.8,no
36,housemaid,married,basic.4y,no,no,no,cellular,nov,tue,242,1,999,1,failure,-0.1,93.2,-42.0,4.1530000000000005,5195.8,no
41,admin.,married,high.school,no,yes,no,cellular,nov,tue,62,4,999,0,nonexistent,-0.1,93.2,-42.0,4.1530000000000005,5195.8,no
36,technician,married,high.school,no,no,no,cellular,nov,tue,91,2,999,1,failure,-0.1,93.2,-42.0,4.1530000000000005,5195.8,no
52,management,married,university.degree,unknown,yes,no,cellular,nov,tue,419,1,999,0,nonexistent,-0.1,93.2,-42.0,4.1530000000000005,5195.8,yes
50,admin.,divorced,basic.9y,no,yes,no,cellular,nov,tue,128,2,999,0,nonexistent,-0.1,93.2,-42.0,4.1530000000000005,5195.8,no
44,management,married,basic.9y,no,no,no,cellular,nov,tue,638,2,999,0,nonexistent,-0.1,93.2,-42.0,4.1530000000000005,5195.8,no
33,technician,single,university.degree,no,no,no,cellular,nov,tue,113,1,999,0,nonexistent,-0.1,93.2,-42.0,4.1530000000000005,5195.8,no
32,technician,divorced,professional.course,no,yes,no,cellular,nov,tue,78,1,999,1,failure,-0.1,93.2,-42.0,4.1530000000000005,5195.8,no
43,blue-collar,married,basic.9y,no,no,yes,cellular,nov,tue,84,1,999,0,nonexistent,-0.1,93.2,-42.0,4.1530000000000005,5195.8,no
32,technician,divorced,professional.course,no,no,no,cellular,nov,tue,288,1,999,0,nonexistent,-0.1,93.2,-42.0,4.1530000000000005,5195.8,no
57,retired,married,professional.course,no,unknown,unknown,cellular,nov,tue,193,1,999,0,nonexistent,-0.1,93.2,-42.0,4.1530000000000005,5195.8,no
49,blue-collar,married,basic.4y,no,no,no,cellular,nov,tue,34,1,999,1,failure,-0.1,93.2,-42.0,4.1530000000000005,5195.8,no
47,admin.,divorced,high.school,no,no,no,cellular,nov,tue,352,1,999,0,nonexistent,-0.1,93.2,-42.0,4.1530000000000005,5195.8,no
51,services,divorced,high.school,no,no,no,cellular,nov,tue,119,1,999,1,failure,-0.1,93.2,-42.0,4.1530000000000005,5195.8,no
43,management,married,university.degree,no,yes,no,cellular,nov,tue,89,1,999,0,nonexistent,-0.1,93.2,-42.0,4.1530000000000005,5195.8,no
41,admin.,single,university.degree,no,no,no,cellular,nov,tue,93,1,999,0,nonexistent,-0.1,93.2,-42.0,4.1530000000000005,5195.8,no
39,admin.,married,university.degree,no,yes,no,cellular,nov,tue,305,1,999,0,nonexistent,-0.1,93.2,-42.0,4.1530000000000005,5195.8,no
51,admin.,married,high.school,no,yes,no,cellular,nov,tue,109,1,999,0,nonexistent,-0.1,93.2,-42.0,4.1530000000000005,5195.8,no
38,technician,married,professional.course,no,yes,no,telephone,nov,tue,205,1,999,0,nonexistent,-0.1,93.2,-42.0,4.1530000000000005,5195.8,no
48,admin.,married,university.degree,no,yes,yes,cellular,nov,tue,122,1,999,1,failure,-0.1,93.2,-42.0,4.1530000000000005,5195.8,no
31,student,single,high.school,no,yes,yes,cellular,nov,tue,107,1,999,0,nonexistent,-0.1,93.2,-42.0,4.1530000000000005,5195.8,no
35,admin.,married,high.school,no,yes,no,cellular,nov,tue,17,1,999,0,nonexistent,-0.1,93.2,-42.0,4.1530000000000005,5195.8,no
29,blue-collar,divorced,basic.6y,no,yes,no,telephone,nov,tue,272,2,999,0,nonexistent,-0.1,93.2,-42.0,4.1530000000000005,5195.8,no
47,technician,married,professional.course,no,no,no,cellular,nov,tue,233,1,999,1,failure,-0.1,93.2,-42.0,4.1530000000000005,5195.8,no
54,retired,married,high.school,no,no,no,cellular,nov,tue,172,1,999,0,nonexistent,-0.1,93.2,-42.0,4.1530000000000005,5195.8,no
49,management,married,basic.9y,no,unknown,unknown,cellular,nov,tue,336,1,999,0,nonexistent,-0.1,93.2,-42.0,4.1530000000000005,5195.8,no
30,services,married,basic.6y,no,no,no,cellular,nov,tue,154,2,999,0,nonexistent,-0.1,93.2,-42.0,4.1530000000000005,5195.8,no
39,services,married,basic.9y,no,no,no,cellular,nov,tue,109,1,999,0,nonexistent,-0.1,93.2,-42.0,4.1530000000000005,5195.8,no
39,admin.,married,high.school,no,yes,no,cellular,nov,tue,50,1,999,0,nonexistent,-0.1,93.2,-42.0,4.1530000000000005,5195.8,no
37,unemployed,single,university.degree,no,yes,yes,cellular,nov,tue,95,1,999,0,nonexistent,-0.1,93.2,-42.0,4.1530000000000005,5195.8,no
49,services,married,high.school,no,no,no,cellular,nov,tue,48,1,999,1,failure,-0.1,93.2,-42.0,4.1530000000000005,5195.8,no
38,blue-collar,married,professional.course,no,yes,no,telephone,nov,tue,15,2,999,0,nonexistent,-0.1,93.2,-42.0,4.1530000000000005,5195.8,no
51,admin.,married,basic.6y,no,yes,no,cellular,nov,tue,122,1,999,0,nonexistent,-0.1,93.2,-42.0,4.1530000000000005,5195.8,no
53,self-employed,married,basic.4y,no,no,no,cellular,nov,tue,505,2,999,0,nonexistent,-0.1,93.2,-42.0,4.1530000000000005,5195.8,no
55,admin.,married,high.school,no,yes,no,cellular,nov,tue,106,1,999,0,nonexistent,-0.1,93.2,-42.0,4.1530000000000005,5195.8,no
51,entrepreneur,married,basic.9y,no,no,no,cellular,nov,tue,125,1,999,1,failure,-0.1,93.2,-42.0,4.1530000000000005,5195.8,no
55,admin.,married,high.school,no,yes,no,cellular,nov,tue,191,1,999,0,nonexistent,-0.1,93.2,-42.0,4.1530000000000005,5195.8,no
44,technician,married,professional.course,no,yes,no,cellular,nov,tue,75,1,999,0,nonexistent,-0.1,93.2,-42.0,4.1530000000000005,5195.8,no
57,management,married,university.degree,no,yes,yes,cellular,nov,tue,609,2,999,1,failure,-0.1,93.2,-42.0,4.1530000000000005,5195.8,yes
54,entrepreneur,married,professional.course,no,no,no,cellular,nov,tue,1855,1,999,0,nonexistent,-0.1,93.2,-42.0,4.1530000000000005,5195.8,yes
35,management,married,high.school,no,yes,no,telephone,nov,tue,159,1,999,0,nonexistent,-0.1,93.2,-42.0,4.1530000000000005,5195.8,no
49,admin.,married,basic.9y,no,yes,no,cellular,nov,tue,204,1,999,0,nonexistent,-0.1,93.2,-42.0,4.1530000000000005,5195.8,no
48,technician,married,university.degree,no,yes,no,cellular,nov,tue,82,1,999,1,failure,-0.1,93.2,-42.0,4.1530000000000005,5195.8,no
50,management,married,basic.4y,no,yes,no,cellular,nov,tue,389,1,999,1,failure,-0.1,93.2,-42.0,4.1530000000000005,5195.8,no
46,self-employed,married,basic.4y,no,yes,yes,cellular,nov,tue,162,1,999,1,failure,-0.1,93.2,-42.0,4.1530000000000005,5195.8,no
31,entrepreneur,divorced,basic.4y,no,no,no,cellular,nov,tue,152,2,999,0,nonexistent,-0.1,93.2,-42.0,4.1530000000000005,5195.8,no
35,management,married,high.school,no,yes,no,cellular,nov,tue,417,1,999,0,nonexistent,-0.1,93.2,-42.0,4.1530000000000005,5195.8,no
48,technician,married,university.degree,no,yes,no,cellular,nov,tue,208,1,999,0,nonexistent,-0.1,93.2,-42.0,4.1530000000000005,5195.8,no
50,entrepreneur,married,basic.9y,no,no,no,cellular,nov,tue,59,1,999,0,nonexistent,-0.1,93.2,-42.0,4.1530000000000005,5195.8,no
48,technician,married,university.degree,no,no,no,cellular,nov,tue,346,1,999,0,nonexistent,-0.1,93.2,-42.0,4.1530000000000005,5195.8,no
50,entrepreneur,married,basic.9y,no,no,no,telephone,nov,tue,2,1,999,0,nonexistent,-0.1,93.2,-42.0,4.1530000000000005,5195.8,no
30,admin.,single,university.degree,no,yes,no,cellular,nov,tue,288,1,999,0,nonexistent,-0.1,93.2,-42.0,4.1530000000000005,5195.8,no
35,admin.,divorced,university.degree,no,yes,no,cellular,nov,tue,220,1,999,1,failure,-0.1,93.2,-42.0,4.1530000000000005,5195.8,no
52,management,married,basic.6y,no,yes,no,cellular,nov,tue,97,3,999,1,failure,-0.1,93.2,-42.0,4.1530000000000005,5195.8,no
51,admin.,married,high.school,no,no,yes,cellular,nov,tue,118,2,999,1,failure,-0.1,93.2,-42.0,4.1530000000000005,5195.8,no
53,admin.,divorced,university.degree,no,yes,no,cellular,nov,tue,69,1,999,0,nonexistent,-0.1,93.2,-42.0,4.1530000000000005,5195.8,no
32,services,married,high.school,no,no,no,cellular,nov,tue,91,1,999,0,nonexistent,-0.1,93.2,-42.0,4.1530000000000005,5195.8,no
35,management,single,high.school,no,yes,no,cellular,nov,tue,52,1,999,1,failure,-0.1,93.2,-42.0,4.1530000000000005,5195.8,no
53,admin.,divorced,university.degree,no,no,yes,cellular,nov,tue,172,1,999,0,nonexistent,-0.1,93.2,-42.0,4.1530000000000005,5195.8,no
38,admin.,single,high.school,no,yes,no,cellular,nov,tue,90,1,999,0,nonexistent,-0.1,93.2,-42.0,4.1530000000000005,5195.8,no
33,technician,divorced,high.school,no,no,no,cellular,nov,tue,70,1,999,0,nonexistent,-0.1,93.2,-42.0,4.1530000000000005,5195.8,no
37,entrepreneur,single,university.degree,no,no,no,cellular,nov,tue,199,1,999,0,nonexistent,-0.1,93.2,-42.0,4.1530000000000005,5195.8,no
40,technician,married,professional.course,no,yes,no,cellular,nov,tue,110,1,999,1,failure,-0.1,93.2,-42.0,4.1530000000000005,5195.8,no
30,admin.,married,high.school,no,yes,no,cellular,nov,tue,92,1,999,1,failure,-0.1,93.2,-42.0,4.1530000000000005,5195.8,no
29,technician,single,high.school,no,no,yes,cellular,nov,tue,206,2,999,0,nonexistent,-0.1,93.2,-42.0,4.1530000000000005,5195.8,no
57,self-employed,married,university.degree,no,yes,no,cellular,nov,tue,48,1,999,0,nonexistent,-0.1,93.2,-42.0,4.1530000000000005,5195.8,no
34,technician,married,university.degree,no,no,no,cellular,nov,tue,131,1,999,0,nonexistent,-0.1,93.2,-42.0,4.1530000000000005,5195.8,no
45,technician,married,high.school,no,yes,no,cellular,nov,tue,79,1,999,0,nonexistent,-0.1,93.2,-42.0,4.1530000000000005,5195.8,no
41,self-employed,divorced,university.degree,no,no,no,cellular,nov,tue,349,1,999,0,nonexistent,-0.1,93.2,-42.0,4.1530000000000005,5195.8,no
30,management,single,high.school,no,no,yes,cellular,nov,tue,322,1,999,0,nonexistent,-0.1,93.2,-42.0,4.1530000000000005,5195.8,no
56,management,married,university.degree,no,yes,no,cellular,nov,tue,125,1,999,0,nonexistent,-0.1,93.2,-42.0,4.1530000000000005,5195.8,no
33,services,single,high.school,no,no,no,cellular,nov,tue,105,1,999,1,failure,-0.1,93.2,-42.0,4.1530000000000005,5195.8,no
38,admin.,married,high.school,no,yes,no,cellular,nov,tue,67,2,999,0,nonexistent,-0.1,93.2,-42.0,4.1530000000000005,5195.8,no
54,technician,married,university.degree,no,no,no,cellular,nov,tue,432,2,999,0,nonexistent,-0.1,93.2,-42.0,4.1530000000000005,5195.8,no
38,entrepreneur,married,basic.4y,no,yes,yes,cellular,nov,tue,224,1,999,0,nonexistent,-0.1,93.2,-42.0,4.1530000000000005,5195.8,no
31,management,single,high.school,no,no,no,cellular,nov,tue,74,1,999,0,nonexistent,-0.1,93.2,-42.0,4.1530000000000005,5195.8,no
50,housemaid,married,basic.4y,no,no,no,cellular,nov,tue,109,1,999,0,nonexistent,-0.1,93.2,-42.0,4.1530000000000005,5195.8,no
56,admin.,married,professional.course,no,yes,no,cellular,nov,tue,124,1,999,1,failure,-0.1,93.2,-42.0,4.1530000000000005,5195.8,no
33,technician,single,basic.9y,no,no,no,telephone,nov,tue,117,1,999,0,nonexistent,-0.1,93.2,-42.0,4.1530000000000005,5195.8,no
31,services,divorced,professional.course,no,yes,no,cellular,nov,tue,61,1,999,0,nonexistent,-0.1,93.2,-42.0,4.1530000000000005,5195.8,no
58,retired,married,professional.course,no,yes,no,cellular,nov,tue,191,1,999,0,nonexistent,-0.1,93.2,-42.0,4.1530000000000005,5195.8,no
33,admin.,single,high.school,unknown,yes,no,cellular,nov,tue,215,1,999,0,nonexistent,-0.1,93.2,-42.0,4.1530000000000005,5195.8,no
31,technician,married,high.school,no,no,no,cellular,nov,tue,90,1,999,0,nonexistent,-0.1,93.2,-42.0,4.1530000000000005,5195.8,no
31,technician,married,high.school,no,no,yes,cellular,nov,tue,67,1,999,0,nonexistent,-0.1,93.2,-42.0,4.1530000000000005,5195.8,no
34,self-employed,married,basic.9y,no,yes,no,telephone,nov,tue,37,1,999,0,nonexistent,-0.1,93.2,-42.0,4.1530000000000005,5195.8,no
49,technician,married,professional.course,no,no,no,cellular,nov,tue,267,1,999,0,nonexistent,-0.1,93.2,-42.0,4.1530000000000005,5195.8,no
29,management,single,university.degree,no,no,yes,cellular,nov,tue,73,1,999,0,nonexistent,-0.1,93.2,-42.0,4.1530000000000005,5195.8,no
38,management,married,university.degree,no,no,no,cellular,nov,tue,61,1,999,0,nonexistent,-0.1,93.2,-42.0,4.1530000000000005,5195.8,no
53,management,married,university.degree,no,yes,yes,cellular,nov,tue,60,1,999,0,nonexistent,-0.1,93.2,-42.0,4.1530000000000005,5195.8,no
41,admin.,single,high.school,no,no,no,cellular,nov,tue,143,3,999,1,failure,-0.1,93.2,-42.0,4.1530000000000005,5195.8,no
52,services,married,high.school,no,yes,no,telephone,nov,tue,251,1,999,0,nonexistent,-0.1,93.2,-42.0,4.1530000000000005,5195.8,no
58,retired,married,university.degree,no,yes,no,cellular,nov,tue,90,1,999,0,nonexistent,-0.1,93.2,-42.0,4.1530000000000005,5195.8,no
29,technician,single,high.school,no,no,no,cellular,nov,tue,155,2,999,0,nonexistent,-0.1,93.2,-42.0,4.1530000000000005,5195.8,no
31,blue-collar,single,basic.9y,no,yes,no,cellular,nov,tue,65,1,4,1,success,-0.1,93.2,-42.0,4.1530000000000005,5195.8,no
32,unemployed,married,university.degree,no,no,no,cellular,nov,tue,329,1,999,0,nonexistent,-0.1,93.2,-42.0,4.1530000000000005,5195.8,no
49,admin.,single,unknown,unknown,no,no,cellular,nov,tue,74,2,999,0,nonexistent,-0.1,93.2,-42.0,4.1530000000000005,5195.8,no
56,retired,married,basic.4y,no,no,no,cellular,nov,tue,130,3,999,0,nonexistent,-0.1,93.2,-42.0,4.1530000000000005,5195.8,no
32,admin.,single,university.degree,no,no,no,cellular,nov,tue,398,2,999,0,nonexistent,-0.1,93.2,-42.0,4.1530000000000005,5195.8,no
36,technician,single,university.degree,no,no,no,telephone,nov,tue,18,1,999,0,nonexistent,-0.1,93.2,-42.0,4.1530000000000005,5195.8,no
29,management,single,university.degree,no,no,no,cellular,nov,tue,708,1,999,0,nonexistent,-0.1,93.2,-42.0,4.1530000000000005,5195.8,no
33,admin.,single,university.degree,no,no,no,cellular,nov,tue,100,1,999,1,failure,-0.1,93.2,-42.0,4.1530000000000005,5195.8,no
56,technician,married,professional.course,unknown,no,no,cellular,nov,tue,81,2,999,0,nonexistent,-0.1,93.2,-42.0,4.1530000000000005,5195.8,no
47,management,married,university.degree,no,no,no,cellular,nov,tue,126,2,999,0,nonexistent,-0.1,93.2,-42.0,4.1530000000000005,5195.8,no
46,management,married,high.school,no,yes,yes,cellular,nov,tue,140,2,999,0,nonexistent,-0.1,93.2,-42.0,4.1530000000000005,5195.8,no
35,unemployed,single,university.degree,no,yes,yes,cellular,nov,tue,98,1,999,0,nonexistent,-0.1,93.2,-42.0,4.1530000000000005,5195.8,no
53,management,married,university.degree,no,no,no,cellular,nov,tue,756,1,999,0,nonexistent,-0.1,93.2,-42.0,4.1530000000000005,5195.8,no
50,management,single,university.degree,no,yes,no,cellular,nov,tue,600,2,999,1,failure,-0.1,93.2,-42.0,4.1530000000000005,5195.8,no
41,entrepreneur,married,high.school,no,yes,no,cellular,nov,tue,120,2,999,0,nonexistent,-0.1,93.2,-42.0,4.1530000000000005,5195.8,no
46,self-employed,married,basic.6y,unknown,yes,no,cellular,nov,tue,32,1,999,1,failure,-0.1,93.2,-42.0,4.1530000000000005,5195.8,no
45,management,married,university.degree,no,no,no,cellular,nov,tue,69,1,999,0,nonexistent,-0.1,93.2,-42.0,4.1530000000000005,5195.8,no
37,retired,divorced,basic.9y,unknown,no,no,telephone,nov,tue,114,1,999,1,failure,-0.1,93.2,-42.0,4.1530000000000005,5195.8,no
35,services,married,basic.9y,no,no,no,cellular,nov,tue,281,1,999,0,nonexistent,-0.1,93.2,-42.0,4.1530000000000005,5195.8,no
37,retired,divorced,basic.9y,unknown,no,no,cellular,nov,tue,198,1,999,0,nonexistent,-0.1,93.2,-42.0,4.1530000000000005,5195.8,no
37,retired,divorced,basic.9y,unknown,yes,no,cellular,nov,tue,201,1,999,1,failure,-0.1,93.2,-42.0,4.1530000000000005,5195.8,no
40,admin.,divorced,university.degree,no,no,no,cellular,nov,tue,72,2,999,0,nonexistent,-0.1,93.2,-42.0,4.1530000000000005,5195.8,no
37,retired,divorced,basic.9y,unknown,no,no,cellular,nov,tue,378,1,999,0,nonexistent,-0.1,93.2,-42.0,4.1530000000000005,5195.8,no
54,management,married,university.degree,no,no,no,cellular,nov,tue,339,1,999,0,nonexistent,-0.1,93.2,-42.0,4.1530000000000005,5195.8,no
35,blue-collar,divorced,basic.9y,no,yes,no,cellular,nov,tue,134,1,999,0,nonexistent,-0.1,93.2,-42.0,4.1530000000000005,5195.8,no
50,unemployed,married,high.school,no,no,no,cellular,nov,tue,79,1,999,1,failure,-0.1,93.2,-42.0,4.1530000000000005,5195.8,no
50,admin.,married,high.school,no,no,no,telephone,nov,tue,46,4,999,0,nonexistent,-0.1,93.2,-42.0,4.1530000000000005,5195.8,no
47,management,married,university.degree,no,yes,no,telephone,nov,tue,84,1,999,0,nonexistent,-0.1,93.2,-42.0,4.1530000000000005,5195.8,no
37,admin.,single,university.degree,no,yes,no,cellular,nov,tue,95,1,999,0,nonexistent,-0.1,93.2,-42.0,4.1530000000000005,5195.8,no
44,blue-collar,single,basic.9y,no,yes,yes,cellular,nov,tue,182,1,999,0,nonexistent,-0.1,93.2,-42.0,4.1530000000000005,5195.8,no
43,management,married,professional.course,no,no,no,cellular,nov,tue,257,2,999,0,nonexistent,-0.1,93.2,-42.0,4.1530000000000005,5195.8,no
55,admin.,married,university.degree,no,no,no,cellular,nov,tue,71,3,999,0,nonexistent,-0.1,93.2,-42.0,4.1530000000000005,5195.8,no
33,entrepreneur,single,university.degree,no,yes,no,cellular,nov,tue,295,1,999,1,failure,-0.1,93.2,-42.0,4.1530000000000005,5195.8,no
40,blue-collar,divorced,basic.9y,no,yes,no,cellular,nov,tue,67,1,999,1,failure,-0.1,93.2,-42.0,4.1530000000000005,5195.8,no
40,blue-collar,divorced,basic.9y,no,no,no,cellular,nov,tue,137,1,999,0,nonexistent,-0.1,93.2,-42.0,4.1530000000000005,5195.8,no
51,blue-collar,married,basic.4y,unknown,no,no,cellular,nov,tue,103,1,999,0,nonexistent,-0.1,93.2,-42.0,4.1530000000000005,5195.8,no
45,self-employed,married,basic.4y,no,unknown,unknown,cellular,nov,tue,121,1,999,0,nonexistent,-0.1,93.2,-42.0,4.1530000000000005,5195.8,no
38,unemployed,single,university.degree,no,yes,no,cellular,nov,tue,97,1,999,0,nonexistent,-0.1,93.2,-42.0,4.1530000000000005,5195.8,no
39,management,single,high.school,unknown,yes,no,cellular,nov,tue,68,3,999,0,nonexistent,-0.1,93.2,-42.0,4.1530000000000005,5195.8,no
55,blue-collar,married,basic.9y,unknown,no,no,cellular,nov,tue,63,2,999,0,nonexistent,-0.1,93.2,-42.0,4.1530000000000005,5195.8,no
32,services,divorced,high.school,no,no,yes,cellular,nov,tue,98,1,999,0,nonexistent,-0.1,93.2,-42.0,4.1530000000000005,5195.8,no
51,blue-collar,married,basic.4y,unknown,yes,no,cellular,nov,tue,271,1,999,0,nonexistent,-0.1,93.2,-42.0,4.1530000000000005,5195.8,no
39,management,married,university.degree,no,no,no,cellular,nov,tue,435,1,999,0,nonexistent,-0.1,93.2,-42.0,4.1530000000000005,5195.8,no
39,management,married,university.degree,no,no,no,cellular,nov,tue,368,1,999,0,nonexistent,-0.1,93.2,-42.0,4.1530000000000005,5195.8,no
44,management,single,university.degree,no,no,no,cellular,nov,tue,152,1,999,0,nonexistent,-0.1,93.2,-42.0,4.1530000000000005,5195.8,no
47,services,married,high.school,no,yes,no,cellular,nov,tue,97,1,999,0,nonexistent,-0.1,93.2,-42.0,4.1530000000000005,5195.8,no
44,blue-collar,married,basic.9y,no,yes,no,cellular,nov,tue,52,1,999,0,nonexistent,-0.1,93.2,-42.0,4.1530000000000005,5195.8,no
45,self-employed,married,basic.4y,no,yes,no,cellular,nov,tue,475,1,999,0,nonexistent,-0.1,93.2,-42.0,4.1530000000000005,5195.8,no
47,services,married,high.school,no,yes,no,cellular,nov,tue,164,1,999,0,nonexistent,-0.1,93.2,-42.0,4.1530000000000005,5195.8,no
48,technician,divorced,professional.course,no,unknown,unknown,cellular,nov,tue,83,1,999,1,failure,-0.1,93.2,-42.0,4.1530000000000005,5195.8,no
48,technician,divorced,professional.course,no,yes,yes,cellular,nov,tue,86,1,999,0,nonexistent,-0.1,93.2,-42.0,4.1530000000000005,5195.8,no
36,management,married,professional.course,no,no,no,cellular,nov,tue,68,1,999,0,nonexistent,-0.1,93.2,-42.0,4.1530000000000005,5195.8,no
51,services,divorced,high.school,no,no,no,telephone,nov,tue,236,1,999,0,nonexistent,-0.1,93.2,-42.0,4.1530000000000005,5195.8,no
38,technician,married,basic.9y,no,no,no,cellular,nov,tue,142,1,999,0,nonexistent,-0.1,93.2,-42.0,4.1530000000000005,5195.8,no
30,admin.,married,high.school,no,no,no,cellular,nov,tue,157,1,999,1,failure,-0.1,93.2,-42.0,4.1530000000000005,5195.8,no
36,services,divorced,high.school,no,no,no,cellular,nov,tue,87,1,999,0,nonexistent,-0.1,93.2,-42.0,4.1530000000000005,5195.8,no
48,self-employed,married,university.degree,no,no,no,cellular,nov,tue,137,1,999,0,nonexistent,-0.1,93.2,-42.0,4.1530000000000005,5195.8,no
50,admin.,single,university.degree,no,yes,no,cellular,nov,tue,123,1,999,1,failure,-0.1,93.2,-42.0,4.1530000000000005,5195.8,no
31,blue-collar,married,basic.9y,no,yes,no,cellular,nov,tue,60,2,999,0,nonexistent,-0.1,93.2,-42.0,4.1530000000000005,5195.8,no
41,services,married,university.degree,no,no,no,cellular,nov,tue,190,3,999,0,nonexistent,-0.1,93.2,-42.0,4.1530000000000005,5195.8,no
37,blue-collar,single,high.school,unknown,no,no,cellular,nov,tue,588,1,999,1,failure,-0.1,93.2,-42.0,4.1530000000000005,5195.8,no
30,self-employed,single,high.school,no,no,no,cellular,nov,tue,52,1,999,0,nonexistent,-0.1,93.2,-42.0,4.1530000000000005,5195.8,no
58,entrepreneur,married,basic.4y,no,no,yes,cellular,nov,tue,164,2,999,1,failure,-0.1,93.2,-42.0,4.1530000000000005,5195.8,no
43,entrepreneur,married,professional.course,no,no,no,cellular,nov,tue,63,1,999,0,nonexistent,-0.1,93.2,-42.0,4.1530000000000005,5195.8,no
38,technician,single,university.degree,no,no,no,cellular,nov,tue,131,1,999,1,failure,-0.1,93.2,-42.0,4.1530000000000005,5195.8,no
54,unemployed,married,basic.9y,no,yes,no,cellular,nov,tue,127,1,999,1,failure,-0.1,93.2,-42.0,4.1530000000000005,5195.8,no
48,blue-collar,married,basic.4y,unknown,yes,no,cellular,nov,tue,84,1,999,0,nonexistent,-0.1,93.2,-42.0,4.1530000000000005,5195.8,no
32,entrepreneur,married,basic.9y,no,no,no,cellular,nov,tue,432,2,999,0,nonexistent,-0.1,93.2,-42.0,4.1530000000000005,5195.8,no
50,management,married,university.degree,no,yes,no,cellular,nov,tue,94,1,999,0,nonexistent,-0.1,93.2,-42.0,4.1530000000000005,5195.8,no
37,admin.,married,university.degree,no,no,no,cellular,nov,tue,475,1,999,0,nonexistent,-0.1,93.2,-42.0,4.1530000000000005,5195.8,no
35,blue-collar,married,basic.6y,no,no,no,cellular,nov,tue,348,1,999,0,nonexistent,-0.1,93.2,-42.0,4.1530000000000005,5195.8,no
30,entrepreneur,single,university.degree,no,yes,yes,cellular,nov,tue,309,1,999,0,nonexistent,-0.1,93.2,-42.0,4.1530000000000005,5195.8,no
35,admin.,married,university.degree,no,no,no,cellular,nov,tue,112,2,999,0,nonexistent,-0.1,93.2,-42.0,4.1530000000000005,5195.8,no
50,management,married,university.degree,no,no,no,cellular,nov,tue,66,1,999,0,nonexistent,-0.1,93.2,-42.0,4.1530000000000005,5195.8,no
35,self-employed,married,professional.course,no,yes,no,cellular,nov,tue,91,1,999,1,failure,-0.1,93.2,-42.0,4.1530000000000005,5195.8,no
54,self-employed,married,basic.9y,no,no,yes,cellular,nov,tue,72,1,999,0,nonexistent,-0.1,93.2,-42.0,4.1530000000000005,5195.8,no
32,entrepreneur,married,university.degree,no,no,no,cellular,nov,tue,73,3,999,0,nonexistent,-0.1,93.2,-42.0,4.1530000000000005,5195.8,no
31,technician,single,professional.course,no,no,no,cellular,nov,tue,165,2,999,1,failure,-0.1,93.2,-42.0,4.1530000000000005,5195.8,no
45,technician,divorced,professional.course,no,yes,yes,cellular,nov,tue,178,1,999,0,nonexistent,-0.1,93.2,-42.0,4.1530000000000005,5195.8,no
41,blue-collar,married,professional.course,unknown,no,no,cellular,nov,tue,124,1,999,0,nonexistent,-0.1,93.2,-42.0,4.1530000000000005,5195.8,no
51,services,married,basic.9y,no,no,no,cellular,nov,tue,93,1,999,1,failure,-0.1,93.2,-42.0,4.1530000000000005,5195.8,no
32,services,married,professional.course,no,yes,yes,cellular,nov,tue,265,1,999,0,nonexistent,-0.1,93.2,-42.0,4.1530000000000005,5195.8,no
41,blue-collar,married,high.school,no,yes,no,cellular,nov,tue,77,1,999,0,nonexistent,-0.1,93.2,-42.0,4.1530000000000005,5195.8,no
40,admin.,divorced,basic.9y,no,no,no,cellular,nov,tue,179,1,999,0,nonexistent,-0.1,93.2,-42.0,4.1530000000000005,5195.8,no
30,admin.,divorced,university.degree,no,yes,yes,cellular,nov,tue,384,2,999,0,nonexistent,-0.1,93.2,-42.0,4.1530000000000005,5195.8,no
35,technician,married,professional.course,no,no,no,cellular,nov,tue,98,3,999,0,nonexistent,-0.1,93.2,-42.0,4.1530000000000005,5195.8,no
35,technician,married,university.degree,no,no,no,cellular,nov,tue,90,2,999,1,failure,-0.1,93.2,-42.0,4.1530000000000005,5195.8,no
47,services,married,high.school,no,no,no,cellular,nov,tue,110,2,999,0,nonexistent,-0.1,93.2,-42.0,4.1530000000000005,5195.8,no
47,entrepreneur,divorced,university.degree,no,no,no,cellular,nov,tue,62,2,999,1,failure,-0.1,93.2,-42.0,4.1530000000000005,5195.8,no
34,blue-collar,married,basic.4y,no,no,no,cellular,nov,tue,120,2,999,0,nonexistent,-0.1,93.2,-42.0,4.1530000000000005,5195.8,no
43,entrepreneur,married,basic.4y,no,yes,no,cellular,nov,tue,154,3,999,1,failure,-0.1,93.2,-42.0,4.1530000000000005,5195.8,no
37,services,married,high.school,no,yes,no,cellular,nov,tue,157,2,999,0,nonexistent,-0.1,93.2,-42.0,4.1530000000000005,5195.8,no
50,technician,married,professional.course,no,unknown,unknown,cellular,nov,tue,319,2,999,1,failure,-0.1,93.2,-42.0,4.1530000000000005,5195.8,no
46,technician,divorced,basic.4y,unknown,yes,no,cellular,nov,tue,262,2,999,0,nonexistent,-0.1,93.2,-42.0,4.1530000000000005,5195.8,no
36,unemployed,married,basic.6y,no,no,no,cellular,nov,tue,177,2,999,0,nonexistent,-0.1,93.2,-42.0,4.1530000000000005,5195.8,no
38,admin.,married,high.school,unknown,yes,yes,cellular,nov,tue,65,2,999,0,nonexistent,-0.1,93.2,-42.0,4.1530000000000005,5195.8,no
36,blue-collar,single,basic.9y,no,yes,no,cellular,nov,tue,82,2,999,1,failure,-0.1,93.2,-42.0,4.1530000000000005,5195.8,no
57,blue-collar,married,professional.course,no,no,no,cellular,nov,tue,244,2,999,0,nonexistent,-0.1,93.2,-42.0,4.1530000000000005,5195.8,no
41,blue-collar,married,basic.6y,no,yes,yes,telephone,nov,tue,137,1,999,0,nonexistent,-0.1,93.2,-42.0,4.1530000000000005,5195.8,no
51,admin.,married,basic.9y,no,no,yes,cellular,nov,tue,110,5,999,0,nonexistent,-0.1,93.2,-42.0,4.1530000000000005,5195.8,no
48,admin.,married,unknown,unknown,no,yes,cellular,nov,tue,63,3,999,0,nonexistent,-0.1,93.2,-42.0,4.1530000000000005,5195.8,no
33,technician,single,professional.course,no,no,no,cellular,nov,tue,125,2,999,0,nonexistent,-0.1,93.2,-42.0,4.1530000000000005,5195.8,no
46,blue-collar,married,basic.6y,no,no,yes,cellular,nov,tue,97,2,999,0,nonexistent,-0.1,93.2,-42.0,4.1530000000000005,5195.8,no
30,technician,single,professional.course,no,yes,yes,cellular,nov,tue,69,2,999,0,nonexistent,-0.1,93.2,-42.0,4.1530000000000005,5195.8,no
35,admin.,divorced,university.degree,no,yes,no,cellular,nov,tue,188,2,999,0,nonexistent,-0.1,93.2,-42.0,4.1530000000000005,5195.8,no
35,blue-collar,married,professional.course,no,yes,no,cellular,nov,tue,172,2,999,1,failure,-0.1,93.2,-42.0,4.1530000000000005,5195.8,no
48,admin.,married,university.degree,unknown,yes,no,telephone,nov,tue,82,2,999,0,nonexistent,-0.1,93.2,-42.0,4.1530000000000005,5195.8,no
37,management,married,university.degree,no,no,no,cellular,nov,tue,114,5,999,0,nonexistent,-0.1,93.2,-42.0,4.1530000000000005,5195.8,no
51,self-employed,married,university.degree,no,yes,yes,cellular,nov,tue,55,2,999,0,nonexistent,-0.1,93.2,-42.0,4.1530000000000005,5195.8,no
44,management,single,university.degree,no,yes,no,cellular,nov,tue,120,2,999,1,failure,-0.1,93.2,-42.0,4.1530000000000005,5195.8,no
50,management,married,high.school,no,yes,yes,cellular,nov,tue,174,3,999,0,nonexistent,-0.1,93.2,-42.0,4.1530000000000005,5195.8,no
35,admin.,divorced,high.school,no,yes,no,cellular,nov,tue,250,2,999,0,nonexistent,-0.1,93.2,-42.0,4.1530000000000005,5195.8,no
33,technician,married,professional.course,no,no,no,cellular,nov,tue,45,2,999,1,failure,-0.1,93.2,-42.0,4.1530000000000005,5195.8,no
39,admin.,married,university.degree,no,no,no,cellular,nov,tue,251,2,999,0,nonexistent,-0.1,93.2,-42.0,4.1530000000000005,5195.8,no
39,services,married,basic.9y,no,yes,no,cellular,nov,tue,219,3,999,0,nonexistent,-0.1,93.2,-42.0,4.1530000000000005,5195.8,no
58,management,married,university.degree,no,yes,yes,cellular,nov,tue,240,2,999,1,failure,-0.1,93.2,-42.0,4.1530000000000005,5195.8,no
41,blue-collar,divorced,basic.9y,no,yes,no,telephone,nov,tue,32,2,999,0,nonexistent,-0.1,93.2,-42.0,4.1530000000000005,5195.8,no
36,admin.,married,high.school,no,yes,no,cellular,nov,tue,94,2,999,0,nonexistent,-0.1,93.2,-42.0,4.1530000000000005,5195.8,no
47,management,married,university.degree,no,no,no,cellular,nov,tue,139,2,999,0,nonexistent,-0.1,93.2,-42.0,4.1530000000000005,5195.8,no
49,self-employed,single,professional.course,unknown,yes,no,telephone,nov,tue,126,4,999,0,nonexistent,-0.1,93.2,-42.0,4.1530000000000005,5195.8,no
44,blue-collar,married,professional.course,unknown,no,no,cellular,nov,tue,214,2,999,0,nonexistent,-0.1,93.2,-42.0,4.1530000000000005,5195.8,no
46,admin.,married,high.school,no,yes,no,cellular,nov,tue,107,3,999,0,nonexistent,-0.1,93.2,-42.0,4.1530000000000005,5195.8,no
54,admin.,married,university.degree,no,yes,yes,cellular,nov,tue,399,2,999,0,nonexistent,-0.1,93.2,-42.0,4.1530000000000005,5195.8,no
35,blue-collar,married,basic.9y,no,yes,no,cellular,nov,tue,231,2,999,0,nonexistent,-0.1,93.2,-42.0,4.1530000000000005,5195.8,no
40,unemployed,married,professional.course,no,no,no,telephone,nov,tue,129,2,999,0,nonexistent,-0.1,93.2,-42.0,4.1530000000000005,5195.8,no
53,self-employed,divorced,university.degree,no,no,no,cellular,nov,tue,597,2,999,0,nonexistent,-0.1,93.2,-42.0,4.1530000000000005,5195.8,no
30,admin.,single,high.school,no,unknown,unknown,cellular,nov,tue,229,2,999,0,nonexistent,-0.1,93.2,-42.0,4.1530000000000005,5195.8,no
53,self-employed,married,basic.4y,no,yes,yes,cellular,nov,tue,464,2,999,1,failure,-0.1,93.2,-42.0,4.1530000000000005,5195.8,no
42,technician,married,basic.6y,no,no,no,cellular,nov,tue,166,2,999,1,failure,-0.1,93.2,-42.0,4.1530000000000005,5195.8,no
58,housemaid,married,basic.4y,unknown,no,no,cellular,nov,tue,91,2,999,0,nonexistent,-0.1,93.2,-42.0,4.1530000000000005,5195.8,no
37,management,married,university.degree,no,yes,yes,telephone,nov,tue,71,4,999,0,nonexistent,-0.1,93.2,-42.0,4.1530000000000005,5195.8,no
53,entrepreneur,married,basic.9y,no,yes,no,cellular,nov,tue,146,2,999,1,failure,-0.1,93.2,-42.0,4.1530000000000005,5195.8,no
32,student,single,university.degree,no,yes,no,cellular,nov,tue,203,2,999,0,nonexistent,-0.1,93.2,-42.0,4.1530000000000005,5195.8,no
41,technician,married,basic.9y,no,yes,no,telephone,nov,tue,102,2,999,1,failure,-0.1,93.2,-42.0,4.1530000000000005,5195.8,no
39,admin.,married,university.degree,no,yes,yes,cellular,nov,tue,175,2,999,0,nonexistent,-0.1,93.2,-42.0,4.1530000000000005,5195.8,no
35,blue-collar,married,basic.6y,no,no,no,cellular,nov,tue,86,2,999,1,failure,-0.1,93.2,-42.0,4.1530000000000005,5195.8,no
50,admin.,married,high.school,no,no,no,cellular,nov,tue,87,3,999,0,nonexistent,-0.1,93.2,-42.0,4.1530000000000005,5195.8,no
53,management,married,university.degree,no,yes,no,cellular,nov,tue,313,2,999,0,nonexistent,-0.1,93.2,-42.0,4.1530000000000005,5195.8,no
53,management,married,university.degree,no,yes,no,cellular,nov,tue,244,2,999,0,nonexistent,-0.1,93.2,-42.0,4.1530000000000005,5195.8,no
54,admin.,divorced,university.degree,no,yes,yes,cellular,nov,tue,355,2,999,0,nonexistent,-0.1,93.2,-42.0,4.1530000000000005,5195.8,no
32,services,divorced,high.school,no,yes,no,cellular,nov,tue,74,2,999,1,failure,-0.1,93.2,-42.0,4.1530000000000005,5195.8,no
32,admin.,single,university.degree,no,yes,no,cellular,nov,tue,145,2,999,1,failure,-0.1,93.2,-42.0,4.1530000000000005,5195.8,no
47,management,married,university.degree,no,no,no,cellular,nov,tue,141,3,999,0,nonexistent,-0.1,93.2,-42.0,4.1530000000000005,5195.8,no
43,management,married,university.degree,no,yes,no,cellular,nov,tue,51,4,999,0,nonexistent,-0.1,93.2,-42.0,4.1530000000000005,5195.8,no
57,admin.,married,university.degree,no,no,yes,cellular,nov,tue,192,2,999,0,nonexistent,-0.1,93.2,-42.0,4.1530000000000005,5195.8,no
32,admin.,married,high.school,no,no,no,cellular,nov,tue,464,3,999,0,nonexistent,-0.1,93.2,-42.0,4.1530000000000005,5195.8,no
33,admin.,married,high.school,no,yes,no,cellular,nov,tue,125,2,999,0,nonexistent,-0.1,93.2,-42.0,4.1530000000000005,5195.8,no
36,blue-collar,single,basic.9y,no,yes,no,cellular,nov,tue,67,2,999,1,failure,-0.1,93.2,-42.0,4.1530000000000005,5195.8,no
36,self-employed,married,university.degree,no,yes,no,cellular,nov,tue,79,3,999,0,nonexistent,-0.1,93.2,-42.0,4.1530000000000005,5195.8,no
45,management,married,university.degree,no,no,no,cellular,nov,tue,72,2,999,0,nonexistent,-0.1,93.2,-42.0,4.1530000000000005,5195.8,no
55,management,married,university.degree,no,yes,no,telephone,nov,tue,47,3,999,0,nonexistent,-0.1,93.2,-42.0,4.1530000000000005,5195.8,no
39,technician,married,university.degree,no,no,yes,cellular,nov,tue,1437,2,999,0,nonexistent,-0.1,93.2,-42.0,4.1530000000000005,5195.8,yes
50,management,single,university.degree,no,no,no,cellular,nov,tue,175,2,999,0,nonexistent,-0.1,93.2,-42.0,4.1530000000000005,5195.8,no
46,technician,married,professional.course,no,yes,no,cellular,nov,tue,163,2,999,1,failure,-0.1,93.2,-42.0,4.1530000000000005,5195.8,no
30,self-employed,married,professional.course,unknown,yes,no,cellular,nov,tue,273,2,999,0,nonexistent,-0.1,93.2,-42.0,4.1530000000000005,5195.8,no
56,admin.,married,university.degree,no,yes,yes,cellular,nov,tue,147,2,999,0,nonexistent,-0.1,93.2,-42.0,4.1530000000000005,5195.8,no
46,unemployed,married,high.school,unknown,yes,no,cellular,nov,tue,81,2,999,0,nonexistent,-0.1,93.2,-42.0,4.1530000000000005,5195.8,no
43,entrepreneur,married,basic.4y,no,yes,no,cellular,nov,tue,727,4,999,0,nonexistent,-0.1,93.2,-42.0,4.1530000000000005,5195.8,no
47,admin.,divorced,university.degree,no,no,yes,cellular,nov,tue,96,2,999,0,nonexistent,-0.1,93.2,-42.0,4.1530000000000005,5195.8,no
47,services,single,basic.9y,no,no,no,cellular,nov,tue,187,2,999,0,nonexistent,-0.1,93.2,-42.0,4.1530000000000005,5195.8,no
37,unemployed,single,university.degree,no,yes,no,cellular,nov,tue,135,2,999,0,nonexistent,-0.1,93.2,-42.0,4.1530000000000005,5195.8,no
45,management,married,university.degree,no,no,no,cellular,nov,tue,633,2,999,0,nonexistent,-0.1,93.2,-42.0,4.1530000000000005,5195.8,no
43,admin.,divorced,professional.course,no,yes,no,telephone,nov,tue,55,2,999,0,nonexistent,-0.1,93.2,-42.0,4.1530000000000005,5195.8,no
44,technician,married,high.school,no,no,no,cellular,nov,tue,231,2,999,0,nonexistent,-0.1,93.2,-42.0,4.1530000000000005,5195.8,no
46,technician,married,professional.course,no,yes,no,cellular,nov,tue,135,2,999,0,nonexistent,-0.1,93.2,-42.0,4.1530000000000005,5195.8,no
45,entrepreneur,married,basic.4y,no,unknown,unknown,telephone,nov,tue,67,7,999,0,nonexistent,-0.1,93.2,-42.0,4.1530000000000005,5195.8,no
56,technician,single,professional.course,no,yes,no,cellular,nov,tue,116,6,999,0,nonexistent,-0.1,93.2,-42.0,4.1530000000000005,5195.8,no
45,unemployed,single,professional.course,no,no,no,cellular,nov,tue,191,2,999,0,nonexistent,-0.1,93.2,-42.0,4.1530000000000005,5195.8,no
40,blue-collar,married,basic.4y,no,no,no,cellular,nov,tue,103,6,999,0,nonexistent,-0.1,93.2,-42.0,4.1530000000000005,5195.8,no
36,technician,married,high.school,no,no,no,cellular,nov,tue,255,3,999,0,nonexistent,-0.1,93.2,-42.0,4.1530000000000005,5195.8,no
46,self-employed,married,basic.4y,no,no,no,cellular,nov,tue,354,2,999,1,failure,-0.1,93.2,-42.0,4.1530000000000005,5195.8,no
33,technician,single,basic.9y,no,no,no,cellular,nov,tue,61,3,999,0,nonexistent,-0.1,93.2,-42.0,4.1530000000000005,5195.8,no
46,entrepreneur,married,university.degree,no,yes,no,cellular,nov,tue,148,2,999,0,nonexistent,-0.1,93.2,-42.0,4.1530000000000005,5195.8,no
50,housemaid,married,basic.4y,no,no,no,cellular,nov,tue,878,2,999,0,nonexistent,-0.1,93.2,-42.0,4.1530000000000005,5195.8,no
32,admin.,married,university.degree,no,no,no,cellular,nov,tue,138,2,999,0,nonexistent,-0.1,93.2,-42.0,4.1530000000000005,5195.8,no
31,technician,single,university.degree,no,no,no,cellular,nov,tue,171,2,999,1,failure,-0.1,93.2,-42.0,4.1530000000000005,5195.8,no
34,services,married,basic.9y,no,no,no,cellular,nov,tue,218,2,4,1,success,-0.1,93.2,-42.0,4.1530000000000005,5195.8,no
44,services,married,high.school,unknown,no,no,cellular,nov,tue,43,2,999,0,nonexistent,-0.1,93.2,-42.0,4.1530000000000005,5195.8,no
30,blue-collar,married,basic.9y,no,yes,no,cellular,nov,tue,136,2,999,1,failure,-0.1,93.2,-42.0,4.1530000000000005,5195.8,no
29,technician,married,professional.course,no,yes,no,cellular,nov,tue,54,2,999,0,nonexistent,-0.1,93.2,-42.0,4.1530000000000005,5195.8,no
29,technician,married,professional.course,no,no,no,cellular,nov,tue,154,3,999,1,failure,-0.1,93.2,-42.0,4.1530000000000005,5195.8,no
37,management,single,university.degree,no,yes,no,cellular,nov,tue,242,2,999,1,failure,-0.1,93.2,-42.0,4.1530000000000005,5195.8,no
51,admin.,married,university.degree,no,yes,no,cellular,nov,tue,275,2,999,0,nonexistent,-0.1,93.2,-42.0,4.1530000000000005,5195.8,no
42,admin.,married,university.degree,no,yes,no,telephone,nov,tue,217,2,999,0,nonexistent,-0.1,93.2,-42.0,4.1530000000000005,5195.8,no
31,admin.,single,university.degree,no,yes,no,cellular,nov,tue,84,4,999,0,nonexistent,-0.1,93.2,-42.0,4.1530000000000005,5195.8,no
31,technician,single,university.degree,no,no,no,cellular,nov,tue,110,1,999,1,failure,-0.1,93.2,-42.0,4.1530000000000005,5195.8,no
48,technician,married,university.degree,no,no,no,cellular,nov,tue,373,4,999,0,nonexistent,-0.1,93.2,-42.0,4.1530000000000005,5195.8,no
32,admin.,divorced,high.school,no,no,no,cellular,nov,tue,115,1,999,1,failure,-0.1,93.2,-42.0,4.1530000000000005,5195.8,no
31,technician,single,university.degree,no,no,no,cellular,nov,tue,259,1,999,1,failure,-0.1,93.2,-42.0,4.1530000000000005,5195.8,no
34,services,single,high.school,no,no,no,cellular,nov,tue,202,2,999,0,nonexistent,-0.1,93.2,-42.0,4.1530000000000005,5195.8,no
50,entrepreneur,married,basic.4y,no,yes,no,cellular,nov,tue,286,1,999,0,nonexistent,-0.1,93.2,-42.0,4.1530000000000005,5195.8,no
54,admin.,married,university.degree,no,no,yes,cellular,nov,tue,98,4,999,0,nonexistent,-0.1,93.2,-42.0,4.1530000000000005,5195.8,no
31,admin.,married,high.school,no,yes,no,cellular,nov,tue,97,2,999,1,failure,-0.1,93.2,-42.0,4.1530000000000005,5195.8,no
29,unemployed,married,professional.course,no,yes,no,cellular,nov,tue,170,2,999,0,nonexistent,-0.1,93.2,-42.0,4.1530000000000005,5195.8,no
31,management,single,university.degree,no,yes,no,cellular,nov,tue,129,2,999,0,nonexistent,-0.1,93.2,-42.0,4.1530000000000005,5195.8,no
35,unemployed,divorced,professional.course,no,no,no,cellular,nov,tue,282,2,999,0,nonexistent,-0.1,93.2,-42.0,4.1530000000000005,5195.8,no
38,self-employed,married,high.school,unknown,yes,no,cellular,nov,tue,126,3,999,0,nonexistent,-0.1,93.2,-42.0,4.1530000000000005,5195.8,no
50,entrepreneur,married,basic.9y,no,yes,no,cellular,nov,tue,241,2,999,1,failure,-0.1,93.2,-42.0,4.1530000000000005,5195.8,no
36,management,married,university.degree,no,yes,no,cellular,nov,tue,267,2,999,0,nonexistent,-0.1,93.2,-42.0,4.1530000000000005,5195.8,no
38,self-employed,married,professional.course,no,no,no,cellular,nov,tue,1788,2,999,0,nonexistent,-0.1,93.2,-42.0,4.1530000000000005,5195.8,yes
56,retired,divorced,university.degree,no,yes,no,cellular,nov,tue,972,2,999,0,nonexistent,-0.1,93.2,-42.0,4.1530000000000005,5195.8,no
32,blue-collar,married,basic.4y,no,no,no,telephone,nov,tue,194,2,999,0,nonexistent,-0.1,93.2,-42.0,4.1530000000000005,5195.8,no
34,blue-collar,married,basic.4y,no,yes,no,cellular,nov,tue,87,1,999,0,nonexistent,-0.1,93.2,-42.0,4.1530000000000005,5195.8,no
33,entrepreneur,married,high.school,no,no,no,cellular,nov,tue,143,2,999,1,failure,-0.1,93.2,-42.0,4.1530000000000005,5195.8,no
35,blue-collar,married,basic.6y,no,yes,no,cellular,nov,tue,372,2,999,0,nonexistent,-0.1,93.2,-42.0,4.1530000000000005,5195.8,no
33,admin.,single,university.degree,no,yes,yes,cellular,nov,tue,86,1,999,0,nonexistent,-0.1,93.2,-42.0,4.1530000000000005,5195.8,no
39,technician,single,professional.course,no,yes,no,cellular,nov,tue,58,1,999,0,nonexistent,-0.1,93.2,-42.0,4.1530000000000005,5195.8,no
32,blue-collar,single,university.degree,unknown,yes,yes,cellular,nov,tue,119,2,999,0,nonexistent,-0.1,93.2,-42.0,4.1530000000000005,5195.8,no
30,management,single,high.school,no,no,yes,cellular,nov,tue,117,2,999,0,nonexistent,-0.1,93.2,-42.0,4.1530000000000005,5195.8,no
48,management,married,basic.9y,no,unknown,unknown,cellular,nov,tue,373,1,999,0,nonexistent,-0.1,93.2,-42.0,4.1530000000000005,5195.8,no
49,entrepreneur,married,high.school,no,no,no,telephone,nov,tue,177,2,999,0,nonexistent,-0.1,93.2,-42.0,4.1530000000000005,5195.8,no
36,housemaid,divorced,basic.4y,no,no,no,cellular,nov,tue,84,1,999,0,nonexistent,-0.1,93.2,-42.0,4.1530000000000005,5195.8,no
36,housemaid,divorced,basic.4y,no,yes,no,cellular,nov,tue,171,1,999,0,nonexistent,-0.1,93.2,-42.0,4.1530000000000005,5195.8,no
39,self-employed,married,university.degree,no,no,no,cellular,nov,tue,115,2,999,0,nonexistent,-0.1,93.2,-42.0,4.1530000000000005,5195.8,no
42,entrepreneur,married,university.degree,unknown,no,no,cellular,nov,tue,283,2,999,0,nonexistent,-0.1,93.2,-42.0,4.1530000000000005,5195.8,no
54,retired,married,high.school,unknown,yes,no,cellular,nov,tue,121,3,999,0,nonexistent,-0.1,93.2,-42.0,4.1530000000000005,5195.8,no
37,technician,married,professional.course,no,yes,no,cellular,nov,tue,238,3,999,0,nonexistent,-0.1,93.2,-42.0,4.1530000000000005,5195.8,no
32,blue-collar,married,basic.9y,no,yes,no,cellular,nov,tue,61,2,999,1,failure,-0.1,93.2,-42.0,4.1530000000000005,5195.8,no
40,blue-collar,single,high.school,no,yes,no,cellular,nov,tue,139,2,999,0,nonexistent,-0.1,93.2,-42.0,4.1530000000000005,5195.8,no
54,technician,married,university.degree,no,no,no,cellular,nov,tue,810,2,999,0,nonexistent,-0.1,93.2,-42.0,4.1530000000000005,5195.8,no
42,blue-collar,married,basic.4y,unknown,yes,no,cellular,nov,tue,586,2,999,0,nonexistent,-0.1,93.2,-42.0,4.1530000000000005,5195.8,no
40,services,married,high.school,unknown,no,no,cellular,nov,tue,80,2,999,0,nonexistent,-0.1,93.2,-42.0,4.1530000000000005,5195.8,no
32,blue-collar,married,basic.9y,no,no,no,telephone,nov,tue,296,2,999,0,nonexistent,-0.1,93.2,-42.0,4.1530000000000005,5195.8,no
57,management,married,university.degree,no,no,yes,cellular,nov,tue,218,2,999,0,nonexistent,-0.1,93.2,-42.0,4.1530000000000005,5195.8,no
38,management,married,basic.9y,no,yes,no,cellular,nov,tue,390,3,999,0,nonexistent,-0.1,93.2,-42.0,4.1530000000000005,5195.8,no
40,admin.,married,professional.course,no,yes,no,cellular,nov,tue,271,5,999,0,nonexistent,-0.1,93.2,-42.0,4.1530000000000005,5195.8,no
47,management,married,university.degree,no,no,no,telephone,nov,tue,195,3,999,0,nonexistent,-0.1,93.2,-42.0,4.1530000000000005,5195.8,no
52,entrepreneur,married,basic.4y,no,no,no,cellular,nov,tue,173,7,999,0,nonexistent,-0.1,93.2,-42.0,4.1530000000000005,5195.8,no
38,admin.,married,high.school,no,yes,no,cellular,nov,tue,192,2,999,0,nonexistent,-0.1,93.2,-42.0,4.1530000000000005,5195.8,no
58,entrepreneur,married,basic.4y,unknown,yes,no,cellular,nov,tue,185,4,999,0,nonexistent,-0.1,93.2,-42.0,4.1530000000000005,5195.8,no
34,management,married,university.degree,no,yes,yes,cellular,nov,tue,411,3,999,1,failure,-0.1,93.2,-42.0,4.1530000000000005,5195.8,no
30,entrepreneur,single,basic.9y,no,yes,no,cellular,nov,tue,108,5,999,0,nonexistent,-0.1,93.2,-42.0,4.1530000000000005,5195.8,no
45,entrepreneur,married,basic.4y,no,yes,no,cellular,nov,tue,167,5,999,0,nonexistent,-0.1,93.2,-42.0,4.1530000000000005,5195.8,no
47,admin.,married,university.degree,no,no,no,cellular,nov,tue,1014,3,999,0,nonexistent,-0.1,93.2,-42.0,4.1530000000000005,5195.8,no
57,retired,married,high.school,no,no,no,cellular,nov,tue,486,2,999,1,failure,-0.1,93.2,-42.0,4.1530000000000005,5195.8,no
34,admin.,married,university.degree,no,no,no,cellular,nov,tue,140,2,999,1,failure,-0.1,93.2,-42.0,4.1530000000000005,5195.8,no
36,blue-collar,married,basic.9y,no,no,yes,cellular,nov,tue,160,3,999,0,nonexistent,-0.1,93.2,-42.0,4.1530000000000005,5195.8,no
40,technician,married,basic.6y,unknown,yes,no,cellular,nov,tue,353,3,999,0,nonexistent,-0.1,93.2,-42.0,4.1530000000000005,5195.8,no
37,management,married,university.degree,no,yes,yes,cellular,nov,tue,84,2,999,0,nonexistent,-0.1,93.2,-42.0,4.1530000000000005,5195.8,no
35,admin.,married,university.degree,no,no,yes,telephone,nov,tue,79,4,999,0,nonexistent,-0.1,93.2,-42.0,4.1530000000000005,5195.8,no
36,blue-collar,married,basic.9y,no,yes,no,cellular,nov,tue,893,2,999,0,nonexistent,-0.1,93.2,-42.0,4.1530000000000005,5195.8,no
36,management,single,university.degree,no,yes,no,cellular,nov,tue,240,3,999,1,failure,-0.1,93.2,-42.0,4.1530000000000005,5195.8,no
40,technician,married,professional.course,no,yes,no,telephone,nov,tue,33,4,999,0,nonexistent,-0.1,93.2,-42.0,4.1530000000000005,5195.8,no
32,blue-collar,married,basic.6y,no,yes,no,cellular,nov,tue,203,3,999,0,nonexistent,-0.1,93.2,-42.0,4.1530000000000005,5195.8,no
42,blue-collar,married,basic.6y,unknown,no,no,cellular,nov,tue,364,2,999,0,nonexistent,-0.1,93.2,-42.0,4.1530000000000005,5195.8,no
58,management,married,university.degree,unknown,yes,no,cellular,nov,tue,233,2,999,0,nonexistent,-0.1,93.2,-42.0,4.1530000000000005,5195.8,no
40,admin.,divorced,basic.9y,no,yes,no,cellular,nov,tue,394,2,999,0,nonexistent,-0.1,93.2,-42.0,4.1530000000000005,5195.8,no
51,admin.,married,basic.9y,no,no,yes,cellular,nov,tue,515,3,999,0,nonexistent,-0.1,93.2,-42.0,4.1530000000000005,5195.8,no
52,technician,married,professional.course,no,yes,yes,telephone,nov,tue,285,2,999,1,failure,-0.1,93.2,-42.0,4.1530000000000005,5195.8,no
30,services,married,high.school,no,yes,no,cellular,nov,tue,65,1,999,0,nonexistent,-0.1,93.2,-42.0,4.1530000000000005,5195.8,no
35,services,divorced,basic.9y,no,yes,yes,cellular,nov,tue,62,6,999,0,nonexistent,-0.1,93.2,-42.0,4.1530000000000005,5195.8,no
30,services,married,high.school,no,no,no,cellular,nov,tue,200,1,999,1,failure,-0.1,93.2,-42.0,4.1530000000000005,5195.8,no
29,technician,divorced,professional.course,no,no,no,cellular,nov,tue,55,1,999,1,failure,-0.1,93.2,-42.0,4.1530000000000005,5195.8,no
43,blue-collar,married,basic.4y,unknown,yes,yes,telephone,nov,tue,249,3,999,1,failure,-0.1,93.2,-42.0,4.1530000000000005,5195.8,no
31,technician,married,university.degree,no,yes,no,cellular,nov,tue,39,2,999,1,failure,-0.1,93.2,-42.0,4.1530000000000005,5195.8,no
50,admin.,married,university.degree,no,no,no,telephone,nov,tue,40,1,999,0,nonexistent,-0.1,93.2,-42.0,4.1530000000000005,5195.8,no
50,admin.,married,university.degree,no,no,no,cellular,nov,tue,99,1,999,0,nonexistent,-0.1,93.2,-42.0,4.1530000000000005,5195.8,no
39,blue-collar,married,basic.9y,no,yes,no,cellular,nov,tue,741,4,999,1,failure,-0.1,93.2,-42.0,4.1530000000000005,5195.8,yes
34,self-employed,single,high.school,no,yes,no,cellular,nov,tue,581,4,999,0,nonexistent,-0.1,93.2,-42.0,4.1530000000000005,5195.8,no
46,admin.,married,high.school,no,yes,no,cellular,nov,tue,154,2,999,0,nonexistent,-0.1,93.2,-42.0,4.1530000000000005,5195.8,no
33,housemaid,married,high.school,no,no,no,cellular,nov,tue,188,2,999,0,nonexistent,-0.1,93.2,-42.0,4.1530000000000005,5195.8,no
42,self-employed,divorced,professional.course,no,yes,no,cellular,nov,tue,491,2,999,0,nonexistent,-0.1,93.2,-42.0,4.1530000000000005,5195.8,no
35,admin.,single,university.degree,no,yes,no,telephone,nov,tue,263,2,999,0,nonexistent,-0.1,93.2,-42.0,4.1530000000000005,5195.8,no
58,blue-collar,married,basic.9y,no,no,no,cellular,nov,tue,64,1,999,1,failure,-0.1,93.2,-42.0,4.1530000000000005,5195.8,no
35,blue-collar,married,professional.course,no,yes,no,cellular,nov,tue,139,1,999,0,nonexistent,-0.1,93.2,-42.0,4.1530000000000005,5195.8,no
53,services,divorced,university.degree,no,yes,yes,cellular,nov,tue,105,1,999,0,nonexistent,-0.1,93.2,-42.0,4.1530000000000005,5195.8,no
58,blue-collar,married,basic.9y,no,yes,no,cellular,nov,tue,80,1,999,0,nonexistent,-0.1,93.2,-42.0,4.1530000000000005,5195.8,no
58,blue-collar,married,basic.9y,no,yes,no,cellular,nov,tue,180,1,999,1,failure,-0.1,93.2,-42.0,4.1530000000000005,5195.8,no
58,blue-collar,married,basic.9y,no,yes,no,cellular,nov,tue,158,1,999,0,nonexistent,-0.1,93.2,-42.0,4.1530000000000005,5195.8,no
35,admin.,single,university.degree,no,no,no,cellular,nov,tue,898,1,999,0,nonexistent,-0.1,93.2,-42.0,4.1530000000000005,5195.8,yes
36,blue-collar,married,basic.6y,no,no,no,cellular,nov,tue,111,1,999,0,nonexistent,-0.1,93.2,-42.0,4.1530000000000005,5195.8,no
36,blue-collar,married,basic.6y,no,no,no,cellular,nov,tue,246,1,999,1,failure,-0.1,93.2,-42.0,4.1530000000000005,5195.8,no
34,technician,divorced,professional.course,no,yes,no,cellular,nov,tue,83,2,999,1,failure,-0.1,93.2,-42.0,4.1530000000000005,5195.8,no
32,blue-collar,married,basic.9y,no,yes,no,cellular,nov,tue,247,2,999,0,nonexistent,-0.1,93.2,-42.0,4.1530000000000005,5195.8,no
43,housemaid,single,basic.9y,no,no,no,cellular,nov,tue,173,1,999,0,nonexistent,-0.1,93.2,-42.0,4.1530000000000005,5195.8,no
48,technician,single,university.degree,no,yes,yes,cellular,nov,tue,193,4,999,1,failure,-0.1,93.2,-42.0,4.1530000000000005,5195.8,no
48,self-employed,married,university.degree,no,yes,no,cellular,nov,tue,141,2,999,1,failure,-0.1,93.2,-42.0,4.1530000000000005,5195.8,no
39,unemployed,married,basic.9y,unknown,yes,no,cellular,nov,tue,467,1,999,0,nonexistent,-0.1,93.2,-42.0,4.1530000000000005,5195.8,no
31,self-employed,single,university.degree,no,yes,no,telephone,nov,tue,176,4,999,0,nonexistent,-0.1,93.2,-42.0,4.1530000000000005,5195.8,no
34,technician,married,basic.9y,no,no,no,cellular,nov,tue,106,1,999,0,nonexistent,-0.1,93.2,-42.0,4.1530000000000005,5195.8,no
34,technician,married,basic.9y,no,yes,no,cellular,nov,tue,66,1,999,1,failure,-0.1,93.2,-42.0,4.1530000000000005,5195.8,no
34,technician,married,basic.9y,no,no,no,cellular,nov,tue,110,1,999,0,nonexistent,-0.1,93.2,-42.0,4.1530000000000005,5195.8,no
34,admin.,married,high.school,no,no,no,cellular,nov,tue,201,3,999,1,failure,-0.1,93.2,-42.0,4.1530000000000005,5195.8,no
29,unemployed,divorced,university.degree,no,yes,no,telephone,nov,tue,366,3,999,1,failure,-0.1,93.2,-42.0,4.1530000000000005,5195.8,no
43,admin.,married,high.school,no,yes,no,telephone,nov,tue,82,6,999,0,nonexistent,-0.1,93.2,-42.0,4.1530000000000005,5195.8,no
44,management,married,basic.9y,no,yes,no,cellular,nov,tue,129,2,999,0,nonexistent,-0.1,93.2,-42.0,4.1530000000000005,5195.8,no
36,admin.,married,high.school,no,yes,no,cellular,nov,tue,136,5,999,0,nonexistent,-0.1,93.2,-42.0,4.1530000000000005,5195.8,no
34,technician,single,high.school,no,yes,no,telephone,nov,tue,251,4,999,0,nonexistent,-0.1,93.2,-42.0,4.1530000000000005,5195.8,no
42,admin.,married,high.school,no,no,no,cellular,nov,tue,203,1,999,0,nonexistent,-0.1,93.2,-42.0,4.1530000000000005,5195.8,no
45,services,married,high.school,unknown,no,no,cellular,nov,tue,75,5,999,0,nonexistent,-0.1,93.2,-42.0,4.1530000000000005,5195.8,no
33,technician,single,high.school,no,yes,no,telephone,nov,tue,1476,3,999,0,nonexistent,-0.1,93.2,-42.0,4.1530000000000005,5195.8,no
37,technician,married,professional.course,no,yes,no,cellular,nov,tue,252,2,999,0,nonexistent,-0.1,93.2,-42.0,4.1530000000000005,5195.8,no
33,admin.,single,high.school,no,no,no,cellular,nov,tue,436,1,999,0,nonexistent,-0.1,93.2,-42.0,4.1530000000000005,5195.8,no
42,blue-collar,married,basic.6y,no,yes,yes,cellular,nov,tue,288,1,999,0,nonexistent,-0.1,93.2,-42.0,4.1530000000000005,5195.8,no
56,blue-collar,single,basic.4y,unknown,no,yes,cellular,nov,tue,307,1,999,0,nonexistent,-0.1,93.2,-42.0,4.1530000000000005,5195.8,no
37,technician,married,professional.course,no,no,no,cellular,nov,tue,91,1,999,0,nonexistent,-0.1,93.2,-42.0,4.1530000000000005,5195.8,no
30,technician,married,professional.course,no,no,no,cellular,nov,tue,679,1,999,0,nonexistent,-0.1,93.2,-42.0,4.1530000000000005,5195.8,no
37,technician,married,professional.course,no,yes,no,cellular,nov,tue,400,1,999,0,nonexistent,-0.1,93.2,-42.0,4.1530000000000005,5195.8,no
36,technician,single,professional.course,no,yes,no,cellular,nov,tue,1132,1,999,1,failure,-0.1,93.2,-42.0,4.1530000000000005,5195.8,yes
37,technician,married,professional.course,no,no,no,cellular,nov,tue,372,1,999,1,failure,-0.1,93.2,-42.0,4.1530000000000005,5195.8,no
56,management,divorced,university.degree,no,no,no,cellular,nov,wed,90,2,999,0,nonexistent,-0.1,93.2,-42.0,4.12,5195.8,no
34,entrepreneur,single,basic.9y,no,no,yes,cellular,nov,wed,139,3,999,0,nonexistent,-0.1,93.2,-42.0,4.12,5195.8,no
38,technician,divorced,high.school,no,no,no,telephone,nov,wed,59,5,999,0,nonexistent,-0.1,93.2,-42.0,4.12,5195.8,no
31,blue-collar,married,basic.9y,no,yes,no,cellular,nov,wed,167,3,999,0,nonexistent,-0.1,93.2,-42.0,4.12,5195.8,no
35,admin.,single,university.degree,no,no,no,cellular,nov,wed,187,5,999,0,nonexistent,-0.1,93.2,-42.0,4.12,5195.8,no
30,blue-collar,married,basic.9y,no,no,no,cellular,nov,wed,308,5,999,0,nonexistent,-0.1,93.2,-42.0,4.12,5195.8,no
40,blue-collar,married,basic.4y,no,yes,no,telephone,nov,wed,178,5,999,1,failure,-0.1,93.2,-42.0,4.12,5195.8,no
43,self-employed,married,basic.4y,no,no,yes,cellular,nov,wed,206,5,999,0,nonexistent,-0.1,93.2,-42.0,4.12,5195.8,no
29,management,single,university.degree,no,no,no,cellular,nov,wed,89,1,999,0,nonexistent,-0.1,93.2,-42.0,4.12,5195.8,no
29,management,single,university.degree,no,no,no,cellular,nov,wed,62,1,999,0,nonexistent,-0.1,93.2,-42.0,4.12,5195.8,no
32,entrepreneur,married,basic.6y,no,yes,yes,cellular,nov,wed,56,2,999,0,nonexistent,-0.1,93.2,-42.0,4.12,5195.8,no
29,management,single,university.degree,no,no,no,cellular,nov,wed,209,1,999,1,failure,-0.1,93.2,-42.0,4.12,5195.8,no
31,blue-collar,married,basic.4y,no,yes,yes,cellular,nov,wed,98,2,999,0,nonexistent,-0.1,93.2,-42.0,4.12,5195.8,no
31,blue-collar,single,high.school,no,yes,no,cellular,nov,wed,180,3,999,0,nonexistent,-0.1,93.2,-42.0,4.12,5195.8,no
38,admin.,divorced,university.degree,unknown,yes,no,cellular,nov,wed,697,2,999,1,failure,-0.1,93.2,-42.0,4.12,5195.8,no
33,management,married,university.degree,no,no,yes,cellular,nov,wed,113,1,999,1,failure,-0.1,93.2,-42.0,4.12,5195.8,no
36,management,married,university.degree,no,yes,no,cellular,nov,wed,157,4,999,0,nonexistent,-0.1,93.2,-42.0,4.12,5195.8,no
33,services,divorced,high.school,no,yes,no,cellular,nov,wed,100,1,999,1,failure,-0.1,93.2,-42.0,4.12,5195.8,no
34,admin.,single,high.school,no,no,no,cellular,nov,wed,347,1,999,0,nonexistent,-0.1,93.2,-42.0,4.12,5195.8,no
31,admin.,single,high.school,no,no,no,cellular,nov,wed,511,1,999,0,nonexistent,-0.1,93.2,-42.0,4.12,5195.8,yes
32,blue-collar,single,high.school,no,yes,yes,cellular,nov,wed,126,1,999,0,nonexistent,-0.1,93.2,-42.0,4.12,5195.8,no
49,management,divorced,university.degree,no,no,no,cellular,nov,wed,364,2,6,1,success,-0.1,93.2,-42.0,4.12,5195.8,no
30,entrepreneur,married,high.school,no,no,no,cellular,nov,wed,706,1,999,1,failure,-0.1,93.2,-42.0,4.12,5195.8,no
48,blue-collar,single,basic.9y,no,yes,no,cellular,nov,wed,43,1,999,0,nonexistent,-0.1,93.2,-42.0,4.12,5195.8,no
33,management,married,high.school,no,no,yes,cellular,nov,wed,375,1,999,0,nonexistent,-0.1,93.2,-42.0,4.12,5195.8,no
55,admin.,divorced,high.school,no,unknown,unknown,cellular,nov,wed,370,1,999,0,nonexistent,-0.1,93.2,-42.0,4.12,5195.8,no
33,services,single,high.school,no,yes,yes,cellular,nov,wed,125,1,999,0,nonexistent,-0.1,93.2,-42.0,4.12,5195.8,no
46,admin.,divorced,university.degree,no,yes,yes,cellular,nov,wed,184,2,999,1,failure,-0.1,93.2,-42.0,4.12,5195.8,no
39,self-employed,married,basic.4y,unknown,no,no,cellular,nov,wed,159,1,999,1,failure,-0.1,93.2,-42.0,4.12,5195.8,no
39,self-employed,married,university.degree,unknown,no,no,cellular,nov,wed,199,1,999,0,nonexistent,-0.1,93.2,-42.0,4.12,5195.8,no
41,management,married,university.degree,no,no,no,cellular,nov,wed,140,1,999,1,failure,-0.1,93.2,-42.0,4.12,5195.8,no
58,retired,married,professional.course,no,no,no,cellular,nov,wed,189,1,999,0,nonexistent,-0.1,93.2,-42.0,4.12,5195.8,no
41,management,married,university.degree,no,no,no,cellular,nov,wed,192,1,999,1,failure,-0.1,93.2,-42.0,4.12,5195.8,no
44,services,single,high.school,no,no,no,cellular,nov,wed,305,4,999,0,nonexistent,-0.1,93.2,-42.0,4.12,5195.8,no
48,housemaid,married,basic.6y,no,no,no,cellular,nov,wed,167,4,999,0,nonexistent,-0.1,93.2,-42.0,4.12,5195.8,no
48,admin.,single,professional.course,no,no,no,cellular,nov,wed,207,1,999,0,nonexistent,-0.1,93.2,-42.0,4.12,5195.8,no
30,blue-collar,single,basic.9y,no,no,no,cellular,nov,wed,30,1,999,0,nonexistent,-0.1,93.2,-42.0,4.12,5195.8,no
29,blue-collar,married,basic.9y,no,yes,yes,cellular,nov,wed,133,1,999,1,failure,-0.1,93.2,-42.0,4.12,5195.8,no
58,retired,married,professional.course,no,no,no,cellular,nov,wed,577,1,999,0,nonexistent,-0.1,93.2,-42.0,4.12,5195.8,no
38,admin.,single,university.degree,no,yes,no,cellular,nov,wed,305,1,999,1,failure,-0.1,93.2,-42.0,4.12,5195.8,no
30,blue-collar,single,basic.9y,no,no,no,cellular,nov,wed,204,1,999,0,nonexistent,-0.1,93.2,-42.0,4.12,5195.8,no
40,self-employed,married,university.degree,no,no,no,cellular,nov,wed,210,1,999,0,nonexistent,-0.1,93.2,-42.0,4.12,5195.8,no
47,admin.,married,basic.9y,no,yes,no,cellular,nov,wed,126,1,999,0,nonexistent,-0.1,93.2,-42.0,4.12,5195.8,no
38,technician,divorced,high.school,no,yes,no,telephone,nov,wed,137,4,999,1,failure,-0.1,93.2,-42.0,4.12,5195.8,no
48,admin.,single,professional.course,no,yes,no,cellular,nov,wed,530,1,999,0,nonexistent,-0.1,93.2,-42.0,4.12,5195.8,no
35,management,married,university.degree,no,yes,no,cellular,nov,wed,400,1,999,0,nonexistent,-0.1,93.2,-42.0,4.12,5195.8,no
36,technician,married,university.degree,no,no,no,cellular,nov,wed,221,4,999,0,nonexistent,-0.1,93.2,-42.0,4.12,5195.8,no
45,technician,married,professional.course,no,no,no,cellular,nov,wed,193,1,999,0,nonexistent,-0.1,93.2,-42.0,4.12,5195.8,no
33,technician,single,unknown,no,no,no,cellular,nov,wed,313,1,999,0,nonexistent,-0.1,93.2,-42.0,4.12,5195.8,no
38,admin.,married,high.school,no,yes,no,telephone,nov,wed,125,1,999,0,nonexistent,-0.1,93.2,-42.0,4.12,5195.8,no
44,services,single,high.school,no,yes,yes,cellular,nov,wed,277,4,999,0,nonexistent,-0.1,93.2,-42.0,4.12,5195.8,no
32,unemployed,divorced,high.school,no,no,no,cellular,nov,wed,194,1,999,0,nonexistent,-0.1,93.2,-42.0,4.12,5195.8,no
48,admin.,single,university.degree,no,yes,no,cellular,nov,wed,210,2,999,0,nonexistent,-0.1,93.2,-42.0,4.12,5195.8,no
31,unemployed,single,professional.course,no,yes,no,cellular,nov,wed,192,1,0,1,success,-0.1,93.2,-42.0,4.12,5195.8,no
31,admin.,married,university.degree,no,yes,no,cellular,nov,wed,162,1,999,0,nonexistent,-0.1,93.2,-42.0,4.12,5195.8,no
37,management,married,university.degree,no,yes,no,cellular,nov,wed,140,1,999,1,failure,-0.1,93.2,-42.0,4.12,5195.8,no
29,admin.,divorced,basic.9y,no,yes,no,cellular,nov,wed,134,1,999,0,nonexistent,-0.1,93.2,-42.0,4.12,5195.8,no
32,unemployed,divorced,high.school,no,yes,no,cellular,nov,wed,351,1,999,0,nonexistent,-0.1,93.2,-42.0,4.12,5195.8,no
33,management,married,university.degree,no,no,no,cellular,nov,wed,143,1,999,1,failure,-0.1,93.2,-42.0,4.12,5195.8,no
35,self-employed,single,university.degree,no,no,yes,cellular,nov,wed,197,1,3,1,success,-0.1,93.2,-42.0,4.12,5195.8,no
34,technician,married,professional.course,no,yes,no,cellular,nov,wed,82,1,999,0,nonexistent,-0.1,93.2,-42.0,4.12,5195.8,no
41,admin.,single,university.degree,no,yes,no,cellular,nov,wed,369,1,999,1,failure,-0.1,93.2,-42.0,4.12,5195.8,no
44,entrepreneur,married,high.school,no,no,no,cellular,nov,wed,130,1,999,1,failure,-0.1,93.2,-42.0,4.12,5195.8,no
35,admin.,married,university.degree,no,yes,no,cellular,nov,wed,114,1,999,0,nonexistent,-0.1,93.2,-42.0,4.12,5195.8,no
35,admin.,married,university.degree,no,yes,no,cellular,nov,wed,112,1,999,0,nonexistent,-0.1,93.2,-42.0,4.12,5195.8,no
45,technician,divorced,professional.course,unknown,yes,yes,cellular,nov,wed,136,1,999,1,failure,-0.1,93.2,-42.0,4.12,5195.8,no
44,entrepreneur,married,high.school,no,no,no,cellular,nov,wed,289,1,999,0,nonexistent,-0.1,93.2,-42.0,4.12,5195.8,no
34,technician,married,university.degree,no,yes,no,cellular,nov,wed,36,1,999,0,nonexistent,-0.1,93.2,-42.0,4.12,5195.8,no
30,admin.,divorced,university.degree,no,yes,no,cellular,nov,wed,589,1,999,0,nonexistent,-0.1,93.2,-42.0,4.12,5195.8,no
30,management,single,university.degree,no,no,no,cellular,nov,wed,493,1,999,0,nonexistent,-0.1,93.2,-42.0,4.12,5195.8,no
34,self-employed,married,university.degree,no,yes,no,cellular,nov,wed,905,1,999,1,failure,-0.1,93.2,-42.0,4.12,5195.8,no
58,management,divorced,university.degree,no,no,no,cellular,nov,wed,418,1,5,1,success,-0.1,93.2,-42.0,4.12,5195.8,yes
43,admin.,married,university.degree,no,no,no,cellular,nov,wed,97,1,999,0,nonexistent,-0.1,93.2,-42.0,4.12,5195.8,no
35,admin.,married,university.degree,no,no,no,cellular,nov,wed,682,1,999,0,nonexistent,-0.1,93.2,-42.0,4.12,5195.8,no
33,blue-collar,married,basic.9y,no,yes,no,cellular,nov,wed,244,1,999,0,nonexistent,-0.1,93.2,-42.0,4.12,5195.8,no
36,housemaid,divorced,basic.9y,unknown,yes,no,cellular,nov,wed,107,1,999,0,nonexistent,-0.1,93.2,-42.0,4.12,5195.8,no
51,housemaid,married,high.school,no,no,no,cellular,nov,wed,355,2,999,0,nonexistent,-0.1,93.2,-42.0,4.12,5195.8,no
29,technician,single,professional.course,no,yes,yes,telephone,nov,wed,161,1,999,0,nonexistent,-0.1,93.2,-42.0,4.12,5195.8,no
41,services,divorced,high.school,no,yes,no,cellular,nov,wed,296,1,999,0,nonexistent,-0.1,93.2,-42.0,4.12,5195.8,no
32,technician,married,professional.course,no,yes,yes,cellular,nov,wed,1554,1,999,0,nonexistent,-0.1,93.2,-42.0,4.12,5195.8,yes
35,admin.,married,university.degree,no,yes,no,cellular,nov,wed,820,1,999,0,nonexistent,-0.1,93.2,-42.0,4.12,5195.8,yes
34,technician,married,university.degree,no,yes,no,cellular,nov,wed,686,1,999,0,nonexistent,-0.1,93.2,-42.0,4.12,5195.8,yes
45,technician,married,university.degree,no,yes,no,cellular,nov,wed,278,1,999,0,nonexistent,-0.1,93.2,-42.0,4.12,5195.8,no
40,technician,married,professional.course,unknown,no,no,cellular,nov,wed,291,2,999,0,nonexistent,-0.1,93.2,-42.0,4.12,5195.8,no
51,admin.,married,high.school,no,no,no,cellular,nov,wed,286,2,999,0,nonexistent,-0.1,93.2,-42.0,4.12,5195.8,no
29,technician,single,basic.9y,no,no,yes,cellular,nov,wed,224,1,999,0,nonexistent,-0.1,93.2,-42.0,4.12,5195.8,no
31,technician,single,professional.course,no,no,no,cellular,nov,wed,215,1,999,1,failure,-0.1,93.2,-42.0,4.12,5195.8,no
29,admin.,married,high.school,no,yes,yes,cellular,nov,wed,155,1,999,0,nonexistent,-0.1,93.2,-42.0,4.12,5195.8,no
30,admin.,single,high.school,no,yes,yes,cellular,nov,wed,236,3,999,0,nonexistent,-0.1,93.2,-42.0,4.12,5195.8,no
38,technician,divorced,high.school,no,yes,no,cellular,nov,wed,110,1,999,1,failure,-0.1,93.2,-42.0,4.12,5195.8,no
45,technician,married,university.degree,no,yes,no,cellular,nov,wed,770,1,999,0,nonexistent,-0.1,93.2,-42.0,4.12,5195.8,no
29,blue-collar,married,basic.4y,no,no,yes,cellular,nov,wed,441,1,999,0,nonexistent,-0.1,93.2,-42.0,4.12,5195.8,no
32,management,divorced,university.degree,no,no,no,cellular,nov,wed,77,1,999,0,nonexistent,-0.1,93.2,-42.0,4.12,5195.8,no
38,management,married,professional.course,unknown,yes,no,cellular,nov,wed,58,3,999,0,nonexistent,-0.1,93.2,-42.0,4.12,5195.8,no
33,entrepreneur,married,high.school,no,yes,no,cellular,nov,wed,902,2,999,0,nonexistent,-0.1,93.2,-42.0,4.12,5195.8,no
35,technician,married,high.school,no,no,yes,cellular,nov,wed,470,2,999,1,failure,-0.1,93.2,-42.0,4.12,5195.8,no
36,admin.,single,university.degree,no,no,no,cellular,nov,wed,106,1,999,1,failure,-0.1,93.2,-42.0,4.12,5195.8,no
36,admin.,single,university.degree,no,yes,yes,cellular,nov,wed,89,1,999,0,nonexistent,-0.1,93.2,-42.0,4.12,5195.8,no
32,technician,single,professional.course,no,yes,no,cellular,nov,wed,140,1,999,0,nonexistent,-0.1,93.2,-42.0,4.12,5195.8,no
42,entrepreneur,single,university.degree,no,yes,no,cellular,nov,wed,61,1,999,0,nonexistent,-0.1,93.2,-42.0,4.12,5195.8,no
29,entrepreneur,married,basic.9y,no,yes,no,cellular,nov,wed,202,1,999,0,nonexistent,-0.1,93.2,-42.0,4.12,5195.8,no
37,admin.,married,professional.course,unknown,yes,no,cellular,nov,wed,37,1,999,0,nonexistent,-0.1,93.2,-42.0,4.12,5195.8,no
38,management,married,university.degree,no,yes,no,cellular,nov,wed,64,1,999,1,failure,-0.1,93.2,-42.0,4.12,5195.8,no
30,admin.,single,high.school,no,yes,no,cellular,nov,wed,109,1,999,1,failure,-0.1,93.2,-42.0,4.12,5195.8,no
29,entrepreneur,married,basic.9y,no,yes,no,cellular,nov,wed,336,1,999,0,nonexistent,-0.1,93.2,-42.0,4.12,5195.8,no
35,admin.,married,university.degree,no,yes,no,cellular,nov,wed,925,1,999,0,nonexistent,-0.1,93.2,-42.0,4.12,5195.8,yes
48,admin.,single,university.degree,no,yes,no,cellular,nov,wed,473,1,999,0,nonexistent,-0.1,93.2,-42.0,4.12,5195.8,no
36,admin.,divorced,high.school,no,no,no,cellular,nov,wed,424,1,999,0,nonexistent,-0.1,93.2,-42.0,4.12,5195.8,no
31,technician,married,university.degree,no,no,no,cellular,nov,wed,298,1,999,1,failure,-0.1,93.2,-42.0,4.12,5195.8,no
34,admin.,married,high.school,no,no,no,cellular,nov,wed,183,1,999,0,nonexistent,-0.1,93.2,-42.0,4.12,5195.8,no
36,blue-collar,married,basic.6y,no,yes,no,cellular,nov,wed,70,1,999,0,nonexistent,-0.1,93.2,-42.0,4.12,5195.8,no
36,admin.,divorced,high.school,no,yes,no,cellular,nov,wed,862,1,999,0,nonexistent,-0.1,93.2,-42.0,4.12,5195.8,yes
49,technician,married,professional.course,no,yes,no,cellular,nov,wed,298,2,999,0,nonexistent,-0.1,93.2,-42.0,4.12,5195.8,no
31,blue-collar,married,high.school,no,no,no,cellular,nov,wed,436,1,999,0,nonexistent,-0.1,93.2,-42.0,4.12,5195.8,no
56,self-employed,married,university.degree,no,yes,no,cellular,nov,wed,108,1,999,0,nonexistent,-0.1,93.2,-42.0,4.12,5195.8,no
30,blue-collar,single,university.degree,no,yes,no,cellular,nov,wed,225,1,999,0,nonexistent,-0.1,93.2,-42.0,4.12,5195.8,no
36,blue-collar,married,basic.6y,no,yes,no,cellular,nov,wed,723,1,999,0,nonexistent,-0.1,93.2,-42.0,4.12,5195.8,no
46,blue-collar,married,basic.9y,no,yes,yes,cellular,nov,wed,814,1,999,0,nonexistent,-0.1,93.2,-42.0,4.12,5195.8,yes
46,blue-collar,single,basic.4y,unknown,no,no,cellular,nov,wed,584,1,999,1,failure,-0.1,93.2,-42.0,4.12,5195.8,no
54,housemaid,married,basic.9y,no,yes,yes,cellular,nov,wed,133,2,999,0,nonexistent,-0.1,93.2,-42.0,4.12,5195.8,no
29,management,married,basic.9y,no,yes,no,cellular,nov,wed,103,1,999,0,nonexistent,-0.1,93.2,-42.0,4.12,5195.8,no
59,housemaid,single,professional.course,no,no,no,cellular,nov,wed,69,1,999,0,nonexistent,-0.1,93.2,-42.0,4.12,5195.8,no
33,admin.,single,high.school,no,no,no,cellular,nov,wed,578,1,999,0,nonexistent,-0.1,93.2,-42.0,4.12,5195.8,no
36,blue-collar,married,basic.4y,no,no,yes,cellular,nov,wed,217,1,999,0,nonexistent,-0.1,93.2,-42.0,4.12,5195.8,no
49,management,married,high.school,no,yes,no,cellular,nov,wed,182,1,999,0,nonexistent,-0.1,93.2,-42.0,4.12,5195.8,no
34,entrepreneur,married,professional.course,no,yes,no,cellular,nov,wed,203,1,999,0,nonexistent,-0.1,93.2,-42.0,4.12,5195.8,no
50,entrepreneur,married,basic.4y,unknown,yes,no,telephone,nov,wed,53,1,999,0,nonexistent,-0.1,93.2,-42.0,4.12,5195.8,no
33,technician,single,high.school,no,yes,no,cellular,nov,wed,375,1,999,1,failure,-0.1,93.2,-42.0,4.12,5195.8,no
38,blue-collar,married,basic.4y,no,yes,no,cellular,nov,wed,157,1,999,0,nonexistent,-0.1,93.2,-42.0,4.12,5195.8,no
35,admin.,married,university.degree,no,no,no,cellular,nov,wed,630,1,999,0,nonexistent,-0.1,93.2,-42.0,4.12,5195.8,no
32,technician,married,university.degree,no,no,no,cellular,nov,wed,223,1,999,0,nonexistent,-0.1,93.2,-42.0,4.12,5195.8,no
32,blue-collar,single,high.school,no,no,no,cellular,nov,wed,361,1,999,0,nonexistent,-0.1,93.2,-42.0,4.12,5195.8,no
32,admin.,single,university.degree,no,no,no,telephone,nov,wed,125,3,999,0,nonexistent,-0.1,93.2,-42.0,4.12,5195.8,no
35,admin.,married,university.degree,no,yes,no,cellular,nov,wed,185,2,999,1,failure,-0.1,93.2,-42.0,4.12,5195.8,no
49,management,married,high.school,no,no,no,cellular,nov,wed,582,1,999,0,nonexistent,-0.1,93.2,-42.0,4.12,5195.8,no
43,services,divorced,high.school,no,no,no,cellular,nov,wed,466,1,999,0,nonexistent,-0.1,93.2,-42.0,4.12,5195.8,no
33,admin.,single,high.school,no,yes,no,cellular,nov,wed,222,1,999,0,nonexistent,-0.1,93.2,-42.0,4.12,5195.8,no
43,management,married,university.degree,no,yes,yes,cellular,nov,wed,1084,1,999,1,failure,-0.1,93.2,-42.0,4.12,5195.8,yes
32,services,married,high.school,no,no,no,cellular,nov,wed,44,4,999,0,nonexistent,-0.1,93.2,-42.0,4.12,5195.8,no
40,services,married,basic.9y,no,no,no,cellular,nov,wed,76,6,999,0,nonexistent,-0.1,93.2,-42.0,4.12,5195.8,no
32,student,married,university.degree,no,no,no,cellular,nov,wed,154,3,999,1,failure,-0.1,93.2,-42.0,4.12,5195.8,no
53,management,married,basic.4y,no,no,no,cellular,nov,wed,164,2,999,0,nonexistent,-0.1,93.2,-42.0,4.12,5195.8,no
49,blue-collar,married,basic.9y,unknown,no,no,cellular,nov,wed,227,4,999,0,nonexistent,-0.1,93.2,-42.0,4.12,5195.8,no
34,management,single,university.degree,no,yes,no,telephone,nov,wed,111,2,999,1,failure,-0.1,93.2,-42.0,4.12,5195.8,no
47,unemployed,married,professional.course,no,no,no,cellular,nov,wed,98,1,999,0,nonexistent,-0.1,93.2,-42.0,4.12,5195.8,no
52,blue-collar,married,professional.course,unknown,yes,no,cellular,nov,wed,442,2,999,1,failure,-0.1,93.2,-42.0,4.12,5195.8,no
36,management,married,university.degree,no,no,no,cellular,nov,wed,226,2,999,0,nonexistent,-0.1,93.2,-42.0,4.12,5195.8,no
48,admin.,married,university.degree,no,yes,no,cellular,nov,wed,256,3,999,0,nonexistent,-0.1,93.2,-42.0,4.12,5195.8,no
33,services,single,high.school,no,yes,no,cellular,nov,wed,210,2,999,0,nonexistent,-0.1,93.2,-42.0,4.12,5195.8,no
47,unemployed,married,professional.course,no,yes,no,cellular,nov,wed,211,1,999,0,nonexistent,-0.1,93.2,-42.0,4.12,5195.8,no
36,blue-collar,married,basic.6y,no,no,no,cellular,nov,wed,130,1,999,0,nonexistent,-0.1,93.2,-42.0,4.12,5195.8,no
47,unemployed,married,professional.course,no,yes,no,cellular,nov,wed,248,1,999,0,nonexistent,-0.1,93.2,-42.0,4.12,5195.8,no
56,services,divorced,high.school,unknown,yes,yes,cellular,nov,wed,457,1,999,1,failure,-0.1,93.2,-42.0,4.12,5195.8,no
34,admin.,single,university.degree,no,yes,no,cellular,nov,wed,249,1,999,0,nonexistent,-0.1,93.2,-42.0,4.12,5195.8,no
33,blue-collar,married,basic.4y,no,no,no,cellular,nov,wed,419,5,999,0,nonexistent,-0.1,93.2,-42.0,4.12,5195.8,no
30,blue-collar,single,basic.9y,no,no,yes,telephone,nov,wed,117,1,999,0,nonexistent,-0.1,93.2,-42.0,4.12,5195.8,no
44,blue-collar,single,unknown,no,yes,no,cellular,nov,wed,198,1,999,0,nonexistent,-0.1,93.2,-42.0,4.12,5195.8,no
47,blue-collar,married,basic.4y,no,no,no,cellular,nov,wed,202,2,999,0,nonexistent,-0.1,93.2,-42.0,4.12,5195.8,no
50,blue-collar,married,basic.6y,no,yes,no,cellular,nov,wed,206,2,999,0,nonexistent,-0.1,93.2,-42.0,4.12,5195.8,no
35,management,single,university.degree,no,no,no,cellular,nov,wed,201,1,999,0,nonexistent,-0.1,93.2,-42.0,4.12,5195.8,no
37,unemployed,married,professional.course,no,no,no,cellular,nov,wed,144,1,999,0,nonexistent,-0.1,93.2,-42.0,4.12,5195.8,no
45,services,divorced,basic.9y,no,no,no,cellular,nov,wed,137,1,999,0,nonexistent,-0.1,93.2,-42.0,4.12,5195.8,no
38,technician,married,professional.course,unknown,no,no,telephone,nov,wed,100,1,999,0,nonexistent,-0.1,93.2,-42.0,4.12,5195.8,no
44,services,single,high.school,no,no,no,cellular,nov,wed,75,2,999,1,failure,-0.1,93.2,-42.0,4.12,5195.8,no
53,blue-collar,single,basic.4y,no,no,no,cellular,nov,wed,140,2,999,0,nonexistent,-0.1,93.2,-42.0,4.12,5195.8,no
43,services,divorced,high.school,no,no,no,cellular,nov,wed,1015,1,999,0,nonexistent,-0.1,93.2,-42.0,4.12,5195.8,yes
31,technician,married,professional.course,no,no,no,cellular,nov,wed,212,3,999,0,nonexistent,-0.1,93.2,-42.0,4.12,5195.8,no
29,blue-collar,married,basic.4y,no,no,no,cellular,nov,wed,219,2,999,0,nonexistent,-0.1,93.2,-42.0,4.12,5195.8,no
38,management,married,university.degree,no,yes,no,cellular,nov,wed,122,2,999,0,nonexistent,-0.1,93.2,-42.0,4.12,5195.8,no
36,management,married,university.degree,no,no,no,cellular,nov,wed,75,1,999,0,nonexistent,-0.1,93.2,-42.0,4.12,5195.8,no
36,management,married,university.degree,no,yes,no,cellular,nov,wed,94,1,999,0,nonexistent,-0.1,93.2,-42.0,4.12,5195.8,no
41,blue-collar,married,basic.6y,no,yes,no,cellular,nov,wed,264,2,999,0,nonexistent,-0.1,93.2,-42.0,4.12,5195.8,no
40,technician,married,high.school,no,yes,no,cellular,nov,wed,118,1,999,0,nonexistent,-0.1,93.2,-42.0,4.12,5195.8,no
54,technician,married,professional.course,no,yes,yes,cellular,nov,wed,46,1,999,0,nonexistent,-0.1,93.2,-42.0,4.12,5195.8,no
40,admin.,single,high.school,no,no,no,cellular,nov,wed,59,1,999,0,nonexistent,-0.1,93.2,-42.0,4.12,5195.8,no
35,admin.,married,university.degree,no,yes,no,cellular,nov,wed,94,1,999,0,nonexistent,-0.1,93.2,-42.0,4.12,5195.8,no
32,services,married,high.school,no,no,no,cellular,nov,wed,79,1,999,0,nonexistent,-0.1,93.2,-42.0,4.12,5195.8,no
31,admin.,single,high.school,no,yes,no,cellular,nov,wed,79,1,999,0,nonexistent,-0.1,93.2,-42.0,4.12,5195.8,no
31,admin.,single,high.school,no,yes,no,cellular,nov,wed,66,1,999,0,nonexistent,-0.1,93.2,-42.0,4.12,5195.8,no
35,technician,married,university.degree,unknown,no,no,cellular,nov,wed,698,1,999,0,nonexistent,-0.1,93.2,-42.0,4.12,5195.8,no
35,technician,married,university.degree,unknown,yes,no,cellular,nov,wed,108,1,999,0,nonexistent,-0.1,93.2,-42.0,4.12,5195.8,no
33,services,married,high.school,no,yes,no,cellular,nov,wed,694,2,999,0,nonexistent,-0.1,93.2,-42.0,4.12,5195.8,yes
31,admin.,single,high.school,no,yes,no,cellular,nov,wed,242,1,999,0,nonexistent,-0.1,93.2,-42.0,4.12,5195.8,no
47,housemaid,married,unknown,no,yes,no,cellular,nov,wed,87,1,999,0,nonexistent,-0.1,93.2,-42.0,4.12,5195.8,no
49,blue-collar,married,basic.9y,unknown,yes,no,cellular,nov,wed,52,1,999,1,failure,-0.1,93.2,-42.0,4.12,5195.8,no
28,self-employed,married,university.degree,no,yes,no,telephone,nov,wed,20,1,999,1,failure,-0.1,93.2,-42.0,4.12,5195.8,no
35,technician,married,university.degree,unknown,yes,no,cellular,nov,wed,337,1,999,0,nonexistent,-0.1,93.2,-42.0,4.12,5195.8,no
58,management,divorced,high.school,no,yes,no,cellular,nov,wed,308,1,999,1,failure,-0.1,93.2,-42.0,4.12,5195.8,no
37,admin.,married,university.degree,no,no,no,telephone,nov,wed,274,1,999,0,nonexistent,-0.1,93.2,-42.0,4.12,5195.8,no
40,admin.,single,high.school,no,no,no,cellular,nov,wed,631,1,999,0,nonexistent,-0.1,93.2,-42.0,4.12,5195.8,no
36,services,married,university.degree,no,yes,no,cellular,nov,wed,86,3,999,0,nonexistent,-0.1,93.2,-42.0,4.12,5195.8,no
55,admin.,married,university.degree,no,no,no,cellular,nov,wed,123,2,999,1,failure,-0.1,93.2,-42.0,4.12,5195.8,no
29,management,married,basic.9y,no,yes,no,cellular,nov,wed,117,2,999,0,nonexistent,-0.1,93.2,-42.0,4.12,5195.8,no
40,admin.,married,basic.9y,no,yes,no,cellular,nov,wed,186,2,999,0,nonexistent,-0.1,93.2,-42.0,4.12,5195.8,no
32,technician,married,high.school,no,yes,no,cellular,nov,wed,352,4,999,0,nonexistent,-0.1,93.2,-42.0,4.12,5195.8,no
32,management,single,professional.course,no,yes,no,cellular,nov,wed,39,4,999,0,nonexistent,-0.1,93.2,-42.0,4.12,5195.8,no
36,blue-collar,married,basic.9y,no,yes,yes,cellular,nov,wed,325,2,999,0,nonexistent,-0.1,93.2,-42.0,4.12,5195.8,no
51,self-employed,divorced,university.degree,no,yes,no,cellular,nov,wed,670,1,999,0,nonexistent,-0.1,93.2,-42.0,4.12,5195.8,yes
48,admin.,single,basic.4y,unknown,no,no,cellular,nov,wed,340,2,999,0,nonexistent,-0.1,93.2,-42.0,4.12,5195.8,no
42,entrepreneur,single,university.degree,no,yes,no,cellular,nov,wed,145,2,999,0,nonexistent,-0.1,93.2,-42.0,4.12,5195.8,no
32,entrepreneur,married,high.school,no,yes,no,cellular,nov,wed,100,1,999,1,failure,-0.1,93.2,-42.0,4.12,5195.8,no
42,admin.,single,university.degree,no,no,no,cellular,nov,wed,72,1,999,0,nonexistent,-0.1,93.2,-42.0,4.12,5195.8,no
32,entrepreneur,married,high.school,no,yes,no,cellular,nov,wed,190,1,999,0,nonexistent,-0.1,93.2,-42.0,4.12,5195.8,no
33,technician,married,university.degree,no,no,no,cellular,nov,wed,200,1,999,0,nonexistent,-0.1,93.2,-42.0,4.12,5195.8,no
38,entrepreneur,married,professional.course,no,yes,no,cellular,nov,wed,388,3,999,0,nonexistent,-0.1,93.2,-42.0,4.12,5195.8,no
36,management,married,university.degree,no,no,no,cellular,nov,wed,498,1,999,0,nonexistent,-0.1,93.2,-42.0,4.12,5195.8,no
34,services,single,high.school,no,yes,no,cellular,nov,wed,149,2,999,1,failure,-0.1,93.2,-42.0,4.12,5195.8,no
37,management,single,university.degree,no,yes,no,cellular,nov,wed,171,1,999,1,failure,-0.1,93.2,-42.0,4.12,5195.8,no
34,technician,married,high.school,no,no,yes,cellular,nov,wed,561,1,999,0,nonexistent,-0.1,93.2,-42.0,4.12,5195.8,yes
33,entrepreneur,married,basic.9y,unknown,no,no,cellular,nov,wed,636,1,999,0,nonexistent,-0.1,93.2,-42.0,4.12,5195.8,no
37,blue-collar,married,basic.9y,no,yes,no,cellular,nov,wed,357,1,999,0,nonexistent,-0.1,93.2,-42.0,4.12,5195.8,no
39,admin.,married,high.school,no,no,no,cellular,nov,wed,138,1,999,0,nonexistent,-0.1,93.2,-42.0,4.12,5195.8,no
36,admin.,single,university.degree,no,yes,yes,cellular,nov,wed,118,1,999,0,nonexistent,-0.1,93.2,-42.0,4.12,5195.8,no
36,admin.,single,university.degree,no,no,no,cellular,nov,wed,149,1,999,0,nonexistent,-0.1,93.2,-42.0,4.12,5195.8,no
43,admin.,single,high.school,no,no,no,cellular,nov,wed,1011,1,999,1,failure,-0.1,93.2,-42.0,4.12,5195.8,yes
29,services,single,high.school,no,yes,no,cellular,nov,wed,402,1,999,1,failure,-0.1,93.2,-42.0,4.12,5195.8,no
36,admin.,single,university.degree,no,no,no,cellular,nov,wed,154,1,999,0,nonexistent,-0.1,93.2,-42.0,4.12,5195.8,no
38,blue-collar,married,professional.course,no,yes,yes,cellular,nov,wed,87,2,999,0,nonexistent,-0.1,93.2,-42.0,4.12,5195.8,no
35,blue-collar,married,high.school,no,yes,no,cellular,nov,wed,661,1,999,0,nonexistent,-0.1,93.2,-42.0,4.12,5195.8,no
36,entrepreneur,single,university.degree,no,yes,no,cellular,nov,wed,95,1,999,0,nonexistent,-0.1,93.2,-42.0,4.12,5195.8,no
35,services,married,university.degree,no,no,no,cellular,nov,wed,270,1,999,0,nonexistent,-0.1,93.2,-42.0,4.12,5195.8,no
36,entrepreneur,single,university.degree,no,yes,no,cellular,nov,wed,142,1,999,0,nonexistent,-0.1,93.2,-42.0,4.12,5195.8,no
32,services,married,high.school,no,yes,no,cellular,nov,wed,74,1,5,1,success,-0.1,93.2,-42.0,4.12,5195.8,no
44,admin.,single,university.degree,no,no,no,cellular,nov,wed,60,1,999,0,nonexistent,-0.1,93.2,-42.0,4.12,5195.8,no
32,services,married,high.school,no,no,yes,cellular,nov,wed,222,1,999,0,nonexistent,-0.1,93.2,-42.0,4.12,5195.8,no
44,admin.,single,university.degree,no,yes,no,cellular,nov,wed,132,1,999,0,nonexistent,-0.1,93.2,-42.0,4.12,5195.8,no
34,self-employed,married,professional.course,no,yes,no,cellular,nov,wed,103,3,999,1,failure,-0.1,93.2,-42.0,4.12,5195.8,no
46,management,divorced,high.school,no,yes,yes,cellular,nov,wed,122,2,999,0,nonexistent,-0.1,93.2,-42.0,4.12,5195.8,no
51,admin.,married,university.degree,no,yes,no,cellular,nov,wed,93,1,999,0,nonexistent,-0.1,93.2,-42.0,4.12,5195.8,no
31,technician,single,university.degree,no,yes,no,cellular,nov,wed,133,1,999,0,nonexistent,-0.1,93.2,-42.0,4.12,5195.8,no
34,management,single,high.school,no,no,no,cellular,nov,wed,292,3,999,0,nonexistent,-0.1,93.2,-42.0,4.12,5195.8,no
35,admin.,married,university.degree,no,yes,no,cellular,nov,wed,654,2,999,0,nonexistent,-0.1,93.2,-42.0,4.12,5195.8,yes
41,admin.,married,university.degree,no,yes,no,cellular,nov,wed,58,1,999,0,nonexistent,-0.1,93.2,-42.0,4.12,5195.8,no
31,management,single,university.degree,no,yes,no,cellular,nov,wed,424,2,999,0,nonexistent,-0.1,93.2,-42.0,4.12,5195.8,yes
54,technician,married,basic.9y,no,no,no,cellular,nov,wed,198,3,999,0,nonexistent,-0.1,93.2,-42.0,4.12,5195.8,no
55,admin.,married,university.degree,no,yes,yes,cellular,nov,wed,63,1,999,0,nonexistent,-0.1,93.2,-42.0,4.12,5195.8,no
35,blue-collar,single,professional.course,no,yes,yes,cellular,nov,wed,51,1,999,1,failure,-0.1,93.2,-42.0,4.12,5195.8,no
36,entrepreneur,single,university.degree,no,yes,no,cellular,nov,wed,911,1,999,0,nonexistent,-0.1,93.2,-42.0,4.12,5195.8,yes
41,admin.,married,university.degree,no,no,no,cellular,nov,wed,392,1,999,1,failure,-0.1,93.2,-42.0,4.12,5195.8,no
36,entrepreneur,single,university.degree,no,yes,no,cellular,nov,wed,998,1,999,0,nonexistent,-0.1,93.2,-42.0,4.12,5195.8,yes
32,technician,married,university.degree,no,yes,no,cellular,nov,wed,405,2,999,0,nonexistent,-0.1,93.2,-42.0,4.12,5195.8,no
38,blue-collar,divorced,high.school,no,yes,yes,cellular,nov,wed,291,1,999,0,nonexistent,-0.1,93.2,-42.0,4.12,5195.8,no
53,blue-collar,married,basic.9y,no,no,no,cellular,nov,wed,137,1,999,0,nonexistent,-0.1,93.2,-42.0,4.12,5195.8,no
45,admin.,married,high.school,no,yes,no,cellular,nov,wed,90,1,999,1,failure,-0.1,93.2,-42.0,4.12,5195.8,no
39,self-employed,married,basic.9y,no,no,no,cellular,nov,wed,46,1,999,0,nonexistent,-0.1,93.2,-42.0,4.12,5195.8,no
32,blue-collar,single,high.school,no,unknown,unknown,cellular,nov,wed,77,2,999,0,nonexistent,-0.1,93.2,-42.0,4.12,5195.8,no
29,management,single,university.degree,no,no,no,cellular,nov,wed,802,1,999,0,nonexistent,-0.1,93.2,-42.0,4.12,5195.8,yes
40,blue-collar,married,basic.6y,no,yes,no,cellular,nov,wed,1057,1,999,0,nonexistent,-0.1,93.2,-42.0,4.12,5195.8,yes
36,admin.,married,university.degree,no,no,no,cellular,nov,wed,64,1,999,0,nonexistent,-0.1,93.2,-42.0,4.12,5195.8,no
31,management,married,university.degree,no,yes,no,cellular,nov,wed,196,1,999,0,nonexistent,-0.1,93.2,-42.0,4.12,5195.8,no
32,blue-collar,married,basic.9y,no,no,no,cellular,nov,wed,161,2,999,0,nonexistent,-0.1,93.2,-42.0,4.12,5195.8,no
34,management,married,university.degree,no,yes,no,cellular,nov,wed,96,1,999,0,nonexistent,-0.1,93.2,-42.0,4.12,5195.8,no
56,retired,married,basic.9y,no,no,no,cellular,nov,wed,75,1,999,0,nonexistent,-0.1,93.2,-42.0,4.12,5195.8,no
35,housemaid,divorced,basic.9y,no,no,no,cellular,nov,wed,60,1,999,1,failure,-0.1,93.2,-42.0,4.12,5195.8,no
35,housemaid,divorced,basic.9y,no,yes,no,cellular,nov,wed,69,1,999,0,nonexistent,-0.1,93.2,-42.0,4.12,5195.8,no
33,unemployed,married,basic.9y,no,yes,no,telephone,nov,wed,41,1,999,0,nonexistent,-0.1,93.2,-42.0,4.12,5195.8,no
34,unemployed,married,basic.4y,unknown,yes,no,cellular,nov,wed,98,1,999,1,failure,-0.1,93.2,-42.0,4.12,5195.8,no
40,management,married,professional.course,no,yes,no,cellular,nov,wed,162,1,999,0,nonexistent,-0.1,93.2,-42.0,4.12,5195.8,no
58,retired,married,basic.9y,no,yes,no,cellular,nov,wed,341,1,999,0,nonexistent,-0.1,93.2,-42.0,4.12,5195.8,no
34,self-employed,married,university.degree,no,no,no,cellular,nov,wed,126,2,999,0,nonexistent,-0.1,93.2,-42.0,4.12,5195.8,no
49,management,divorced,university.degree,no,no,yes,cellular,nov,wed,187,5,999,1,failure,-0.1,93.2,-42.0,4.12,5195.8,no
40,technician,single,university.degree,no,no,no,cellular,nov,wed,281,3,999,0,nonexistent,-0.1,93.2,-42.0,4.12,5195.8,no
44,services,married,high.school,no,no,no,cellular,nov,wed,37,1,999,1,failure,-0.1,93.2,-42.0,4.12,5195.8,no
32,student,single,university.degree,no,no,no,cellular,nov,wed,138,1,999,0,nonexistent,-0.1,93.2,-42.0,4.12,5195.8,no
48,blue-collar,single,basic.9y,no,no,no,cellular,nov,wed,141,2,999,0,nonexistent,-0.1,93.2,-42.0,4.12,5195.8,no
32,student,single,university.degree,no,yes,no,cellular,nov,wed,135,1,999,0,nonexistent,-0.1,93.2,-42.0,4.12,5195.8,no
31,entrepreneur,married,university.degree,no,yes,no,cellular,nov,wed,274,2,999,0,nonexistent,-0.1,93.2,-42.0,4.12,5195.8,no
47,management,married,basic.9y,no,no,no,cellular,nov,wed,169,1,999,0,nonexistent,-0.1,93.2,-42.0,4.12,5195.8,no
53,blue-collar,married,basic.9y,no,yes,no,cellular,nov,wed,205,2,999,1,failure,-0.1,93.2,-42.0,4.12,5195.8,no
30,admin.,divorced,high.school,no,no,no,cellular,nov,wed,113,1,999,0,nonexistent,-0.1,93.2,-42.0,4.12,5195.8,no
30,admin.,divorced,high.school,no,yes,no,cellular,nov,wed,114,1,999,0,nonexistent,-0.1,93.2,-42.0,4.12,5195.8,no
32,entrepreneur,married,high.school,no,yes,no,telephone,nov,wed,60,2,999,0,nonexistent,-0.1,93.2,-42.0,4.12,5195.8,no
29,blue-collar,single,basic.9y,no,yes,no,cellular,nov,wed,128,1,999,0,nonexistent,-0.1,93.2,-42.0,4.12,5195.8,no
36,technician,married,high.school,no,no,no,cellular,nov,wed,187,1,999,1,failure,-0.1,93.2,-42.0,4.12,5195.8,no
52,self-employed,married,university.degree,no,no,no,cellular,nov,wed,134,1,999,0,nonexistent,-0.1,93.2,-42.0,4.12,5195.8,no
34,blue-collar,married,basic.6y,unknown,yes,yes,cellular,nov,wed,182,2,999,1,failure,-0.1,93.2,-42.0,4.12,5195.8,no
44,self-employed,married,university.degree,no,yes,no,cellular,nov,wed,87,1,999,0,nonexistent,-0.1,93.2,-42.0,4.12,5195.8,no
46,management,married,unknown,no,yes,no,cellular,nov,wed,248,1,999,1,failure,-0.1,93.2,-42.0,4.12,5195.8,no
52,entrepreneur,married,unknown,no,yes,no,cellular,nov,wed,149,1,999,0,nonexistent,-0.1,93.2,-42.0,4.12,5195.8,no
36,admin.,single,university.degree,no,yes,no,cellular,nov,wed,152,1,999,0,nonexistent,-0.1,93.2,-42.0,4.12,5195.8,no
31,technician,single,basic.9y,unknown,yes,yes,cellular,nov,wed,131,1,999,1,failure,-0.1,93.2,-42.0,4.12,5195.8,no
44,technician,married,professional.course,no,no,no,cellular,nov,wed,68,1,999,0,nonexistent,-0.1,93.2,-42.0,4.12,5195.8,no
52,management,married,university.degree,no,yes,no,cellular,nov,wed,50,1,999,0,nonexistent,-0.1,93.2,-42.0,4.12,5195.8,no
32,services,married,unknown,no,yes,yes,telephone,nov,wed,265,1,999,0,nonexistent,-0.1,93.2,-42.0,4.12,5195.8,no
36,admin.,single,university.degree,no,yes,no,cellular,nov,wed,565,1,999,1,failure,-0.1,93.2,-42.0,4.12,5195.8,no
35,self-employed,married,university.degree,no,yes,no,cellular,nov,wed,405,1,999,0,nonexistent,-0.1,93.2,-42.0,4.12,5195.8,no
39,technician,single,professional.course,no,yes,no,cellular,nov,wed,134,4,999,0,nonexistent,-0.1,93.2,-42.0,4.12,5195.8,no
50,self-employed,unknown,basic.6y,no,no,no,cellular,nov,wed,968,1,999,0,nonexistent,-0.1,93.2,-42.0,4.12,5195.8,no
31,services,married,high.school,unknown,yes,no,cellular,nov,wed,82,1,999,1,failure,-0.1,93.2,-42.0,4.12,5195.8,no
46,blue-collar,married,basic.4y,no,yes,no,cellular,nov,wed,416,2,999,0,nonexistent,-0.1,93.2,-42.0,4.12,5195.8,no
31,technician,married,basic.9y,no,yes,no,cellular,nov,wed,17,5,999,1,failure,-0.1,93.2,-42.0,4.12,5195.8,no
52,technician,single,basic.4y,unknown,yes,no,cellular,nov,wed,208,1,999,0,nonexistent,-0.1,93.2,-42.0,4.12,5195.8,no
48,technician,married,professional.course,no,no,no,cellular,nov,wed,201,3,999,1,failure,-0.1,93.2,-42.0,4.12,5195.8,no
58,management,married,university.degree,no,yes,no,cellular,nov,wed,581,2,999,0,nonexistent,-0.1,93.2,-42.0,4.12,5195.8,no
48,admin.,single,high.school,no,yes,no,cellular,nov,wed,105,1,999,1,failure,-0.1,93.2,-42.0,4.12,5195.8,no
55,technician,married,basic.9y,no,no,no,cellular,nov,wed,1548,1,999,0,nonexistent,-0.1,93.2,-42.0,4.12,5195.8,no
54,management,divorced,university.degree,no,yes,no,cellular,nov,wed,150,1,999,1,failure,-0.1,93.2,-42.0,4.12,5195.8,no
43,admin.,single,university.degree,no,no,no,cellular,nov,wed,97,1,999,0,nonexistent,-0.1,93.2,-42.0,4.12,5195.8,no
30,admin.,divorced,high.school,no,yes,no,cellular,nov,wed,124,2,999,0,nonexistent,-0.1,93.2,-42.0,4.12,5195.8,no
30,admin.,single,university.degree,no,yes,no,cellular,nov,wed,742,1,999,0,nonexistent,-0.1,93.2,-42.0,4.12,5195.8,no
42,management,married,university.degree,no,yes,no,cellular,nov,wed,151,2,999,0,nonexistent,-0.1,93.2,-42.0,4.12,5195.8,no
31,entrepreneur,married,high.school,no,yes,no,cellular,nov,wed,360,1,999,0,nonexistent,-0.1,93.2,-42.0,4.12,5195.8,no
31,blue-collar,married,basic.9y,no,no,no,cellular,nov,wed,96,1,999,0,nonexistent,-0.1,93.2,-42.0,4.12,5195.8,no
31,blue-collar,married,basic.9y,no,yes,yes,cellular,nov,wed,117,1,999,0,nonexistent,-0.1,93.2,-42.0,4.12,5195.8,no
38,entrepreneur,divorced,basic.9y,no,yes,yes,cellular,nov,wed,70,1,999,0,nonexistent,-0.1,93.2,-42.0,4.12,5195.8,no
47,management,married,basic.4y,unknown,no,no,cellular,nov,wed,57,1,999,0,nonexistent,-0.1,93.2,-42.0,4.12,5195.8,no
52,blue-collar,married,professional.course,unknown,yes,no,cellular,nov,wed,85,2,999,0,nonexistent,-0.1,93.2,-42.0,4.12,5195.8,no
30,admin.,married,university.degree,no,yes,yes,cellular,nov,wed,89,1,999,0,nonexistent,-0.1,93.2,-42.0,4.12,5195.8,no
33,services,married,high.school,no,yes,yes,cellular,nov,wed,69,1,999,1,failure,-0.1,93.2,-42.0,4.12,5195.8,no
35,self-employed,single,university.degree,no,yes,no,cellular,nov,wed,414,3,999,0,nonexistent,-0.1,93.2,-42.0,4.12,5195.8,no
47,management,married,university.degree,no,yes,no,cellular,nov,wed,168,1,999,0,nonexistent,-0.1,93.2,-42.0,4.12,5195.8,no
38,technician,married,professional.course,no,yes,no,cellular,nov,wed,227,1,999,0,nonexistent,-0.1,93.2,-42.0,4.12,5195.8,no
30,management,married,university.degree,no,no,no,cellular,nov,wed,72,5,999,0,nonexistent,-0.1,93.2,-42.0,4.12,5195.8,no
32,admin.,single,high.school,no,yes,yes,cellular,nov,wed,76,1,999,0,nonexistent,-0.1,93.2,-42.0,4.12,5195.8,no
38,blue-collar,married,basic.6y,no,yes,no,cellular,nov,wed,448,1,999,0,nonexistent,-0.1,93.2,-42.0,4.12,5195.8,no
47,management,married,basic.4y,unknown,no,no,cellular,nov,wed,755,1,999,0,nonexistent,-0.1,93.2,-42.0,4.12,5195.8,no
30,services,married,high.school,no,no,no,cellular,nov,wed,101,1,999,0,nonexistent,-0.1,93.2,-42.0,4.12,5195.8,no
35,blue-collar,single,high.school,no,no,no,cellular,nov,wed,77,2,999,1,failure,-0.1,93.2,-42.0,4.12,5195.8,no
29,blue-collar,married,basic.9y,unknown,no,no,cellular,nov,wed,85,2,999,0,nonexistent,-0.1,93.2,-42.0,4.12,5195.8,no
36,management,married,university.degree,no,yes,no,cellular,nov,wed,638,2,999,0,nonexistent,-0.1,93.2,-42.0,4.12,5195.8,no
40,technician,married,basic.9y,no,no,no,cellular,nov,wed,59,1,999,0,nonexistent,-0.1,93.2,-42.0,4.12,5195.8,no
31,admin.,married,university.degree,no,yes,no,cellular,nov,wed,779,2,999,1,failure,-0.1,93.2,-42.0,4.12,5195.8,no
31,services,married,high.school,no,no,no,cellular,nov,wed,190,1,999,1,failure,-0.1,93.2,-42.0,4.12,5195.8,no
34,management,married,university.degree,no,no,no,cellular,nov,wed,363,2,999,0,nonexistent,-0.1,93.2,-42.0,4.12,5195.8,no
34,services,single,high.school,no,no,no,cellular,nov,wed,155,1,999,1,failure,-0.1,93.2,-42.0,4.12,5195.8,no
30,admin.,married,university.degree,no,yes,no,cellular,nov,wed,19,5,999,0,nonexistent,-0.1,93.2,-42.0,4.12,5195.8,no
40,technician,married,basic.9y,no,no,no,telephone,nov,wed,319,1,999,0,nonexistent,-0.1,93.2,-42.0,4.12,5195.8,no
40,technician,married,professional.course,no,yes,no,cellular,nov,wed,1283,1,999,0,nonexistent,-0.1,93.2,-42.0,4.12,5195.8,no
35,management,single,university.degree,no,yes,yes,cellular,nov,wed,293,2,999,1,failure,-0.1,93.2,-42.0,4.12,5195.8,no
32,entrepreneur,married,basic.4y,no,yes,no,telephone,nov,wed,62,1,999,0,nonexistent,-0.1,93.2,-42.0,4.12,5195.8,no
32,entrepreneur,married,basic.4y,no,yes,no,cellular,nov,wed,111,1,999,0,nonexistent,-0.1,93.2,-42.0,4.12,5195.8,no
52,retired,married,university.degree,unknown,no,no,cellular,nov,wed,172,1,999,1,failure,-0.1,93.2,-42.0,4.12,5195.8,no
32,services,married,professional.course,no,yes,no,cellular,nov,wed,186,1,999,0,nonexistent,-0.1,93.2,-42.0,4.12,5195.8,no
38,technician,single,basic.6y,no,yes,no,cellular,nov,wed,164,1,999,0,nonexistent,-0.1,93.2,-42.0,4.12,5195.8,no
35,blue-collar,married,basic.6y,no,no,no,cellular,nov,wed,220,2,999,0,nonexistent,-0.1,93.2,-42.0,4.12,5195.8,no
38,technician,single,basic.6y,no,no,no,cellular,nov,wed,296,1,999,0,nonexistent,-0.1,93.2,-42.0,4.12,5195.8,no
40,admin.,single,university.degree,no,no,no,cellular,nov,wed,267,2,999,0,nonexistent,-0.1,93.2,-42.0,4.12,5195.8,no
36,technician,married,professional.course,no,yes,no,cellular,nov,wed,231,2,999,0,nonexistent,-0.1,93.2,-42.0,4.12,5195.8,no
29,services,single,high.school,no,yes,no,cellular,nov,wed,178,1,999,1,failure,-0.1,93.2,-42.0,4.12,5195.8,no
35,technician,single,professional.course,no,no,no,cellular,nov,wed,161,1,999,0,nonexistent,-0.1,93.2,-42.0,4.12,5195.8,no
51,admin.,married,high.school,no,yes,no,cellular,nov,wed,121,3,999,0,nonexistent,-0.1,93.2,-42.0,4.12,5195.8,no
35,technician,single,professional.course,no,no,no,cellular,nov,wed,477,1,999,0,nonexistent,-0.1,93.2,-42.0,4.12,5195.8,no
44,admin.,single,high.school,no,yes,no,cellular,nov,wed,149,1,999,1,failure,-0.1,93.2,-42.0,4.12,5195.8,no
39,admin.,married,university.degree,no,yes,no,cellular,nov,wed,59,1,999,0,nonexistent,-0.1,93.2,-42.0,4.12,5195.8,no
31,blue-collar,single,basic.4y,no,no,yes,cellular,nov,wed,125,2,999,0,nonexistent,-0.1,93.2,-42.0,4.12,5195.8,no
31,blue-collar,single,high.school,no,no,no,telephone,nov,wed,201,1,999,0,nonexistent,-0.1,93.2,-42.0,4.12,5195.8,no
31,blue-collar,single,high.school,no,no,no,cellular,nov,wed,230,1,999,0,nonexistent,-0.1,93.2,-42.0,4.12,5195.8,no
35,technician,divorced,professional.course,no,no,yes,cellular,nov,wed,98,1,999,0,nonexistent,-0.1,93.2,-42.0,4.12,5195.8,no
34,unknown,divorced,basic.4y,no,no,no,cellular,nov,wed,73,1,999,0,nonexistent,-0.1,93.2,-42.0,4.12,5195.8,no
45,management,married,university.degree,no,no,yes,cellular,nov,wed,391,2,999,0,nonexistent,-0.1,93.2,-42.0,4.12,5195.8,no
30,admin.,divorced,high.school,no,no,no,cellular,nov,wed,131,2,999,0,nonexistent,-0.1,93.2,-42.0,4.12,5195.8,no
34,admin.,married,university.degree,no,yes,no,cellular,nov,wed,174,1,999,0,nonexistent,-0.1,93.2,-42.0,4.12,5195.8,no
30,blue-collar,married,basic.4y,no,yes,no,cellular,nov,wed,126,2,999,0,nonexistent,-0.1,93.2,-42.0,4.12,5195.8,no
50,housemaid,divorced,high.school,no,no,no,cellular,nov,wed,136,2,999,1,failure,-0.1,93.2,-42.0,4.12,5195.8,no
33,self-employed,single,basic.4y,no,no,no,cellular,nov,wed,174,1,999,1,failure,-0.1,93.2,-42.0,4.12,5195.8,no
47,unemployed,married,high.school,unknown,no,no,cellular,nov,wed,101,1,999,0,nonexistent,-0.1,93.2,-42.0,4.12,5195.8,no
35,blue-collar,married,basic.9y,no,yes,no,cellular,nov,wed,299,2,999,0,nonexistent,-0.1,93.2,-42.0,4.12,5195.8,no
32,admin.,married,university.degree,no,yes,no,cellular,nov,wed,392,3,999,0,nonexistent,-0.1,93.2,-42.0,4.12,5195.8,no
31,blue-collar,single,high.school,no,yes,no,cellular,nov,wed,780,1,999,0,nonexistent,-0.1,93.2,-42.0,4.12,5195.8,no
40,admin.,married,university.degree,unknown,yes,no,cellular,nov,wed,562,1,999,0,nonexistent,-0.1,93.2,-42.0,4.12,5195.8,no
34,blue-collar,single,basic.9y,no,no,no,cellular,nov,wed,127,1,999,1,failure,-0.1,93.2,-42.0,4.12,5195.8,no
33,management,married,university.degree,no,yes,no,cellular,nov,wed,418,2,999,0,nonexistent,-0.1,93.2,-42.0,4.12,5195.8,no
37,management,divorced,university.degree,no,yes,no,cellular,nov,wed,259,1,999,1,failure,-0.1,93.2,-42.0,4.12,5195.8,no
31,technician,married,university.degree,no,yes,no,cellular,nov,wed,124,2,999,0,nonexistent,-0.1,93.2,-42.0,4.12,5195.8,no
39,admin.,married,university.degree,no,no,no,cellular,nov,wed,146,1,999,0,nonexistent,-0.1,93.2,-42.0,4.12,5195.8,no
31,blue-collar,single,high.school,no,no,no,cellular,nov,wed,145,1,999,0,nonexistent,-0.1,93.2,-42.0,4.12,5195.8,no
43,management,married,university.degree,no,yes,no,cellular,nov,wed,57,1,999,1,failure,-0.1,93.2,-42.0,4.12,5195.8,no
29,management,married,basic.9y,no,no,no,cellular,nov,wed,69,2,999,0,nonexistent,-0.1,93.2,-42.0,4.12,5195.8,no
42,unemployed,divorced,high.school,no,yes,no,cellular,nov,wed,166,1,999,0,nonexistent,-0.1,93.2,-42.0,4.12,5195.8,no
49,blue-collar,divorced,basic.9y,no,no,no,cellular,nov,wed,277,1,999,0,nonexistent,-0.1,93.2,-42.0,4.12,5195.8,no
38,technician,married,professional.course,no,no,no,cellular,nov,wed,194,2,999,1,failure,-0.1,93.2,-42.0,4.12,5195.8,no
29,management,married,university.degree,no,no,no,cellular,nov,wed,138,1,999,1,failure,-0.1,93.2,-42.0,4.12,5195.8,no
43,admin.,divorced,university.degree,no,no,no,cellular,nov,wed,1502,1,999,0,nonexistent,-0.1,93.2,-42.0,4.12,5195.8,yes
34,management,single,high.school,no,yes,no,cellular,nov,wed,175,1,999,0,nonexistent,-0.1,93.2,-42.0,4.12,5195.8,no
38,technician,married,professional.course,unknown,no,no,cellular,nov,wed,1049,1,999,0,nonexistent,-0.1,93.2,-42.0,4.12,5195.8,yes
48,services,divorced,basic.4y,no,no,no,cellular,nov,wed,134,1,999,0,nonexistent,-0.1,93.2,-42.0,4.12,5195.8,no
46,blue-collar,married,basic.9y,no,yes,no,cellular,nov,wed,187,1,999,1,failure,-0.1,93.2,-42.0,4.12,5195.8,no
29,technician,single,professional.course,no,yes,no,cellular,nov,wed,107,3,999,0,nonexistent,-0.1,93.2,-42.0,4.12,5195.8,no
36,admin.,married,university.degree,no,yes,no,cellular,nov,wed,40,2,999,1,failure,-0.1,93.2,-42.0,4.12,5195.8,no
36,management,married,university.degree,no,yes,no,cellular,nov,wed,161,2,999,0,nonexistent,-0.1,93.2,-42.0,4.12,5195.8,no
49,services,married,basic.6y,no,yes,no,cellular,nov,wed,772,2,999,0,nonexistent,-0.1,93.2,-42.0,4.12,5195.8,no
48,admin.,married,university.degree,no,no,no,cellular,nov,wed,128,7,999,0,nonexistent,-0.1,93.2,-42.0,4.12,5195.8,no
30,admin.,single,high.school,no,yes,no,cellular,nov,wed,195,2,999,0,nonexistent,-0.1,93.2,-42.0,4.12,5195.8,no
38,entrepreneur,divorced,basic.9y,no,no,no,cellular,nov,wed,353,2,999,0,nonexistent,-0.1,93.2,-42.0,4.12,5195.8,no
33,blue-collar,single,basic.9y,unknown,yes,no,cellular,nov,wed,25,1,999,0,nonexistent,-0.1,93.2,-42.0,4.12,5195.8,no
30,blue-collar,married,basic.9y,no,yes,no,cellular,nov,wed,175,1,999,1,failure,-0.1,93.2,-42.0,4.12,5195.8,no
49,blue-collar,divorced,basic.6y,no,no,no,cellular,nov,wed,55,1,999,0,nonexistent,-0.1,93.2,-42.0,4.12,5195.8,no
53,entrepreneur,divorced,university.degree,no,yes,no,cellular,nov,wed,137,2,999,0,nonexistent,-0.1,93.2,-42.0,4.12,5195.8,no
56,management,married,university.degree,no,no,no,cellular,nov,wed,98,1,999,0,nonexistent,-0.1,93.2,-42.0,4.12,5195.8,no
47,technician,married,basic.9y,no,no,yes,cellular,nov,wed,208,1,999,0,nonexistent,-0.1,93.2,-42.0,4.12,5195.8,no
39,management,married,high.school,no,no,no,telephone,nov,wed,47,1,999,0,nonexistent,-0.1,93.2,-42.0,4.12,5195.8,no
37,management,married,university.degree,no,no,no,cellular,nov,wed,140,1,999,0,nonexistent,-0.1,93.2,-42.0,4.12,5195.8,no
56,management,married,university.degree,no,yes,no,cellular,nov,wed,286,1,999,0,nonexistent,-0.1,93.2,-42.0,4.12,5195.8,no
31,technician,married,university.degree,no,no,no,cellular,nov,wed,690,3,999,0,nonexistent,-0.1,93.2,-42.0,4.12,5195.8,no
42,services,married,professional.course,no,yes,yes,cellular,nov,wed,120,1,999,0,nonexistent,-0.1,93.2,-42.0,4.12,5195.8,no
40,admin.,married,high.school,no,yes,no,cellular,nov,wed,570,1,999,0,nonexistent,-0.1,93.2,-42.0,4.12,5195.8,no
31,technician,single,university.degree,no,yes,no,cellular,nov,wed,456,2,999,0,nonexistent,-0.1,93.2,-42.0,4.12,5195.8,no
32,entrepreneur,married,university.degree,no,no,yes,cellular,nov,wed,49,2,999,1,failure,-0.1,93.2,-42.0,4.12,5195.8,no
37,admin.,single,university.degree,no,yes,yes,cellular,nov,wed,160,1,999,0,nonexistent,-0.1,93.2,-42.0,4.12,5195.8,no
41,admin.,married,university.degree,no,yes,yes,telephone,nov,wed,385,1,999,0,nonexistent,-0.1,93.2,-42.0,4.12,5195.8,no
37,admin.,single,university.degree,no,yes,no,cellular,nov,wed,250,1,999,0,nonexistent,-0.1,93.2,-42.0,4.12,5195.8,no
30,entrepreneur,married,high.school,no,yes,no,cellular,nov,wed,164,3,999,0,nonexistent,-0.1,93.2,-42.0,4.12,5195.8,no
32,technician,married,university.degree,no,no,yes,cellular,nov,wed,234,1,999,1,failure,-0.1,93.2,-42.0,4.12,5195.8,no
30,technician,divorced,basic.9y,no,yes,yes,cellular,nov,wed,177,1,999,0,nonexistent,-0.1,93.2,-42.0,4.12,5195.8,no
44,admin.,single,university.degree,no,yes,no,cellular,nov,wed,50,1,999,0,nonexistent,-0.1,93.2,-42.0,4.12,5195.8,no
39,admin.,single,university.degree,no,yes,yes,cellular,nov,wed,457,2,999,0,nonexistent,-0.1,93.2,-42.0,4.12,5195.8,no
37,admin.,single,university.degree,no,no,no,telephone,nov,wed,623,1,999,0,nonexistent,-0.1,93.2,-42.0,4.12,5195.8,yes
30,technician,married,high.school,no,no,no,cellular,nov,wed,1206,2,999,0,nonexistent,-0.1,93.2,-42.0,4.12,5195.8,no
53,entrepreneur,married,unknown,no,yes,no,cellular,nov,wed,21,10,999,0,nonexistent,-0.1,93.2,-42.0,4.12,5195.8,no
38,blue-collar,married,basic.9y,no,no,no,cellular,nov,wed,559,1,999,1,failure,-0.1,93.2,-42.0,4.12,5195.8,no
31,admin.,married,basic.9y,no,no,no,cellular,nov,wed,205,1,999,0,nonexistent,-0.1,93.2,-42.0,4.12,5195.8,no
38,blue-collar,married,basic.9y,no,no,no,cellular,nov,wed,1065,1,999,0,nonexistent,-0.1,93.2,-42.0,4.12,5195.8,no
43,blue-collar,single,basic.6y,no,yes,no,telephone,nov,wed,401,1,999,0,nonexistent,-0.1,93.2,-42.0,4.12,5195.8,no
48,management,divorced,university.degree,no,yes,no,cellular,nov,wed,50,2,999,0,nonexistent,-0.1,93.2,-42.0,4.12,5195.8,no
55,technician,married,basic.9y,no,no,yes,cellular,nov,wed,113,2,999,1,failure,-0.1,93.2,-42.0,4.12,5195.8,no
34,self-employed,married,university.degree,no,yes,no,cellular,nov,wed,213,5,999,0,nonexistent,-0.1,93.2,-42.0,4.12,5195.8,no
42,admin.,married,university.degree,no,yes,no,cellular,nov,wed,340,2,999,0,nonexistent,-0.1,93.2,-42.0,4.12,5195.8,no
33,entrepreneur,married,basic.6y,no,no,no,cellular,nov,wed,90,2,999,1,failure,-0.1,93.2,-42.0,4.12,5195.8,no
31,admin.,single,high.school,no,yes,no,cellular,nov,wed,286,3,999,0,nonexistent,-0.1,93.2,-42.0,4.12,5195.8,no
43,technician,divorced,university.degree,no,yes,no,cellular,nov,wed,342,2,999,0,nonexistent,-0.1,93.2,-42.0,4.12,5195.8,no
39,blue-collar,married,basic.9y,unknown,no,no,cellular,nov,wed,73,1,999,0,nonexistent,-0.1,93.2,-42.0,4.12,5195.8,no
36,admin.,single,university.degree,no,yes,no,cellular,nov,wed,214,1,999,0,nonexistent,-0.1,93.2,-42.0,4.12,5195.8,no
36,admin.,single,university.degree,no,no,no,cellular,nov,wed,337,1,999,0,nonexistent,-0.1,93.2,-42.0,4.12,5195.8,yes
39,admin.,married,university.degree,no,yes,no,cellular,nov,wed,171,2,999,1,failure,-0.1,93.2,-42.0,4.12,5195.8,no
39,blue-collar,married,basic.9y,unknown,no,yes,cellular,nov,wed,418,1,999,0,nonexistent,-0.1,93.2,-42.0,4.12,5195.8,no
32,entrepreneur,married,university.degree,no,yes,yes,cellular,nov,wed,434,1,999,0,nonexistent,-0.1,93.2,-42.0,4.12,5195.8,no
34,management,married,university.degree,no,yes,no,cellular,nov,wed,54,1,999,0,nonexistent,-0.1,93.2,-42.0,4.12,5195.8,no
47,management,married,high.school,no,yes,no,cellular,nov,wed,86,2,999,0,nonexistent,-0.1,93.2,-42.0,4.12,5195.8,no
56,blue-collar,divorced,basic.9y,no,yes,no,cellular,nov,wed,1265,3,999,0,nonexistent,-0.1,93.2,-42.0,4.12,5195.8,yes
56,management,married,university.degree,no,yes,yes,cellular,nov,wed,104,1,999,1,failure,-0.1,93.2,-42.0,4.12,5195.8,no
37,services,single,high.school,no,yes,no,cellular,nov,wed,485,1,999,0,nonexistent,-0.1,93.2,-42.0,4.12,5195.8,yes
31,blue-collar,single,high.school,no,yes,no,cellular,nov,wed,251,1,999,1,failure,-0.1,93.2,-42.0,4.12,5195.8,no
38,blue-collar,single,basic.6y,no,yes,no,cellular,nov,wed,328,1,999,0,nonexistent,-0.1,93.2,-42.0,4.12,5195.8,no
40,admin.,married,university.degree,unknown,no,no,cellular,nov,wed,108,1,999,0,nonexistent,-0.1,93.2,-42.0,4.12,5195.8,no
47,blue-collar,married,basic.9y,no,yes,no,cellular,nov,wed,88,1,999,1,failure,-0.1,93.2,-42.0,4.12,5195.8,no
31,technician,single,professional.course,no,no,no,cellular,nov,wed,220,1,999,0,nonexistent,-0.1,93.2,-42.0,4.12,5195.8,no
31,self-employed,married,university.degree,no,yes,no,cellular,nov,wed,118,1,999,0,nonexistent,-0.1,93.2,-42.0,4.12,5195.8,no
38,blue-collar,single,basic.6y,no,no,no,cellular,nov,wed,520,1,999,0,nonexistent,-0.1,93.2,-42.0,4.12,5195.8,no
56,entrepreneur,married,university.degree,no,yes,no,cellular,nov,wed,501,2,999,0,nonexistent,-0.1,93.2,-42.0,4.12,5195.8,no
31,admin.,married,university.degree,no,yes,yes,cellular,nov,wed,408,1,999,1,failure,-0.1,93.2,-42.0,4.12,5195.8,no
39,unemployed,married,basic.9y,no,no,no,cellular,nov,wed,292,1,999,0,nonexistent,-0.1,93.2,-42.0,4.12,5195.8,no
46,admin.,divorced,university.degree,no,yes,no,cellular,nov,wed,95,1,999,0,nonexistent,-0.1,93.2,-42.0,4.12,5195.8,no
35,technician,single,basic.9y,no,yes,yes,cellular,nov,wed,62,1,999,0,nonexistent,-0.1,93.2,-42.0,4.12,5195.8,no
39,unemployed,married,basic.9y,no,yes,no,cellular,nov,wed,640,1,999,1,failure,-0.1,93.2,-42.0,4.12,5195.8,no
35,technician,single,basic.9y,no,yes,no,cellular,nov,wed,112,1,999,0,nonexistent,-0.1,93.2,-42.0,4.12,5195.8,no
57,management,married,university.degree,no,yes,no,cellular,nov,wed,589,2,999,0,nonexistent,-0.1,93.2,-42.0,4.12,5195.8,yes
35,technician,single,basic.9y,no,no,no,telephone,nov,wed,433,1,999,1,failure,-0.1,93.2,-42.0,4.12,5195.8,no
38,blue-collar,divorced,basic.6y,no,yes,no,cellular,nov,wed,122,2,999,0,nonexistent,-0.1,93.2,-42.0,4.12,5195.8,no
34,services,divorced,basic.6y,unknown,no,no,cellular,nov,wed,254,1,999,0,nonexistent,-0.1,93.2,-42.0,4.12,5195.8,no
50,technician,married,university.degree,no,yes,no,cellular,nov,wed,236,1,999,0,nonexistent,-0.1,93.2,-42.0,4.12,5195.8,no
35,admin.,married,university.degree,no,yes,no,cellular,nov,wed,60,1,999,0,nonexistent,-0.1,93.2,-42.0,4.12,5195.8,no
42,admin.,married,professional.course,no,yes,no,cellular,nov,wed,216,2,999,0,nonexistent,-0.1,93.2,-42.0,4.12,5195.8,no
34,entrepreneur,single,basic.9y,no,no,no,cellular,nov,wed,191,1,999,1,failure,-0.1,93.2,-42.0,4.12,5195.8,no
54,housemaid,married,basic.9y,no,no,no,cellular,nov,wed,362,3,999,0,nonexistent,-0.1,93.2,-42.0,4.12,5195.8,no
48,admin.,married,high.school,no,no,no,cellular,nov,wed,1061,4,999,0,nonexistent,-0.1,93.2,-42.0,4.12,5195.8,yes
33,self-employed,married,university.degree,no,yes,yes,cellular,nov,wed,208,1,999,0,nonexistent,-0.1,93.2,-42.0,4.12,5195.8,no
29,blue-collar,married,professional.course,no,no,no,cellular,nov,wed,54,1,999,0,nonexistent,-0.1,93.2,-42.0,4.12,5195.8,no
31,services,single,high.school,no,yes,no,telephone,nov,wed,88,1,999,1,failure,-0.1,93.2,-42.0,4.12,5195.8,no
51,unemployed,divorced,university.degree,unknown,yes,no,cellular,nov,wed,120,2,999,1,failure,-0.1,93.2,-42.0,4.12,5195.8,no
34,services,married,high.school,no,no,no,cellular,nov,wed,89,3,999,1,failure,-0.1,93.2,-42.0,4.12,5195.8,no
35,entrepreneur,divorced,university.degree,no,no,no,cellular,nov,wed,56,4,999,0,nonexistent,-0.1,93.2,-42.0,4.12,5195.8,no
42,self-employed,single,university.degree,no,no,no,cellular,nov,wed,238,4,999,0,nonexistent,-0.1,93.2,-42.0,4.12,5195.8,no
31,entrepreneur,married,high.school,no,yes,yes,cellular,nov,wed,112,2,999,0,nonexistent,-0.1,93.2,-42.0,4.12,5195.8,no
43,admin.,married,university.degree,no,no,no,cellular,nov,wed,748,2,999,0,nonexistent,-0.1,93.2,-42.0,4.12,5195.8,no
37,entrepreneur,married,university.degree,no,no,no,cellular,nov,wed,184,4,999,0,nonexistent,-0.1,93.2,-42.0,4.12,5195.8,no
37,entrepreneur,married,university.degree,no,no,no,telephone,nov,wed,202,2,999,1,failure,-0.1,93.2,-42.0,4.12,5195.8,no
38,admin.,married,university.degree,no,yes,no,cellular,nov,wed,223,2,999,0,nonexistent,-0.1,93.2,-42.0,4.12,5195.8,no
32,admin.,married,university.degree,no,yes,no,cellular,nov,wed,278,3,999,0,nonexistent,-0.1,93.2,-42.0,4.12,5195.8,no
42,technician,married,basic.9y,no,no,no,cellular,nov,wed,294,2,999,0,nonexistent,-0.1,93.2,-42.0,4.12,5195.8,no
52,management,married,university.degree,no,yes,no,cellular,nov,wed,783,3,999,0,nonexistent,-0.1,93.2,-42.0,4.12,5195.8,yes
31,admin.,married,basic.9y,no,yes,no,cellular,nov,wed,1662,3,999,0,nonexistent,-0.1,93.2,-42.0,4.12,5195.8,no
38,admin.,single,university.degree,no,no,no,cellular,nov,wed,79,2,999,0,nonexistent,-0.1,93.2,-42.0,4.12,5195.8,no
36,entrepreneur,single,university.degree,no,yes,no,cellular,nov,wed,115,2,999,0,nonexistent,-0.1,93.2,-42.0,4.12,5195.8,no
55,management,married,professional.course,no,yes,no,cellular,nov,wed,223,2,999,0,nonexistent,-0.1,93.2,-42.0,4.12,5195.8,no
42,management,married,university.degree,unknown,yes,no,cellular,nov,wed,126,2,999,0,nonexistent,-0.1,93.2,-42.0,4.12,5195.8,no
43,management,married,university.degree,no,no,yes,cellular,nov,wed,73,2,999,1,failure,-0.1,93.2,-42.0,4.12,5195.8,no
32,management,single,university.degree,no,no,no,cellular,nov,wed,163,2,999,0,nonexistent,-0.1,93.2,-42.0,4.12,5195.8,no
36,blue-collar,married,basic.6y,no,no,no,cellular,nov,wed,299,2,999,0,nonexistent,-0.1,93.2,-42.0,4.12,5195.8,no
30,blue-collar,married,professional.course,no,yes,no,cellular,nov,wed,107,3,999,0,nonexistent,-0.1,93.2,-42.0,4.12,5195.8,no
41,admin.,divorced,basic.9y,no,unknown,unknown,cellular,nov,wed,258,2,999,0,nonexistent,-0.1,93.2,-42.0,4.12,5195.8,no
36,entrepreneur,single,university.degree,no,no,no,cellular,nov,wed,1120,2,999,0,nonexistent,-0.1,93.2,-42.0,4.12,5195.8,yes
46,blue-collar,married,basic.4y,no,yes,no,cellular,nov,wed,223,4,999,0,nonexistent,-0.1,93.2,-42.0,4.12,5195.8,no
35,technician,married,university.degree,no,yes,yes,cellular,nov,wed,184,2,999,0,nonexistent,-0.1,93.2,-42.0,4.12,5195.8,no
31,technician,single,high.school,no,yes,no,cellular,nov,wed,77,4,999,0,nonexistent,-0.1,93.2,-42.0,4.12,5195.8,no
54,blue-collar,married,basic.4y,no,yes,no,cellular,nov,wed,252,2,999,1,failure,-0.1,93.2,-42.0,4.12,5195.8,no
51,management,married,high.school,unknown,no,no,cellular,nov,wed,178,3,999,0,nonexistent,-0.1,93.2,-42.0,4.12,5195.8,no
34,services,single,high.school,no,no,no,cellular,nov,wed,174,2,999,0,nonexistent,-0.1,93.2,-42.0,4.12,5195.8,no
46,technician,married,basic.9y,no,yes,no,cellular,nov,wed,354,2,999,0,nonexistent,-0.1,93.2,-42.0,4.12,5195.8,no
30,technician,single,professional.course,no,no,no,cellular,nov,wed,757,2,999,0,nonexistent,-0.1,93.2,-42.0,4.12,5195.8,yes
35,management,married,university.degree,no,yes,no,cellular,nov,wed,130,3,999,0,nonexistent,-0.1,93.2,-42.0,4.12,5195.8,no
46,management,married,university.degree,no,yes,no,cellular,nov,wed,111,2,999,0,nonexistent,-0.1,93.2,-42.0,4.12,5195.8,no
31,blue-collar,married,basic.4y,no,no,no,cellular,nov,wed,374,2,999,0,nonexistent,-0.1,93.2,-42.0,4.12,5195.8,no
56,entrepreneur,married,basic.9y,no,no,yes,cellular,nov,wed,680,2,999,1,failure,-0.1,93.2,-42.0,4.12,5195.8,yes
46,management,divorced,high.school,no,yes,no,cellular,nov,wed,191,2,999,1,failure,-0.1,93.2,-42.0,4.12,5195.8,no
30,admin.,married,high.school,no,yes,no,cellular,nov,wed,193,2,999,0,nonexistent,-0.1,93.2,-42.0,4.12,5195.8,no
53,technician,single,professional.course,no,yes,no,cellular,nov,wed,1468,3,999,0,nonexistent,-0.1,93.2,-42.0,4.12,5195.8,yes
39,blue-collar,married,basic.6y,unknown,no,yes,cellular,nov,wed,188,5,999,0,nonexistent,-0.1,93.2,-42.0,4.12,5195.8,no
45,technician,married,university.degree,no,no,no,cellular,nov,wed,221,2,999,1,failure,-0.1,93.2,-42.0,4.12,5195.8,no
36,admin.,single,university.degree,no,no,no,cellular,nov,wed,59,2,999,0,nonexistent,-0.1,93.2,-42.0,4.12,5195.8,no
33,services,married,high.school,no,yes,yes,cellular,nov,wed,314,3,999,0,nonexistent,-0.1,93.2,-42.0,4.12,5195.8,no
30,admin.,married,high.school,unknown,yes,no,cellular,nov,wed,246,3,999,0,nonexistent,-0.1,93.2,-42.0,4.12,5195.8,no
31,blue-collar,single,high.school,no,yes,no,cellular,nov,wed,154,2,999,0,nonexistent,-0.1,93.2,-42.0,4.12,5195.8,no
45,blue-collar,married,basic.9y,no,yes,no,cellular,nov,wed,432,2,999,0,nonexistent,-0.1,93.2,-42.0,4.12,5195.8,no
37,services,married,high.school,no,yes,yes,cellular,nov,wed,584,2,999,0,nonexistent,-0.1,93.2,-42.0,4.12,5195.8,no
44,services,married,high.school,no,no,no,cellular,nov,wed,635,3,999,1,failure,-0.1,93.2,-42.0,4.12,5195.8,no
55,management,married,university.degree,no,no,no,cellular,nov,wed,108,4,999,1,failure,-0.1,93.2,-42.0,4.12,5195.8,no
34,management,married,university.degree,no,unknown,unknown,cellular,nov,wed,151,2,999,0,nonexistent,-0.1,93.2,-42.0,4.12,5195.8,no
56,management,divorced,university.degree,no,no,no,cellular,nov,wed,287,3,999,0,nonexistent,-0.1,93.2,-42.0,4.12,5195.8,no
56,management,married,university.degree,no,no,no,cellular,nov,wed,266,2,999,0,nonexistent,-0.1,93.2,-42.0,4.12,5195.8,no
36,admin.,divorced,high.school,no,yes,no,cellular,nov,wed,225,2,999,0,nonexistent,-0.1,93.2,-42.0,4.12,5195.8,no
32,blue-collar,married,basic.6y,unknown,yes,no,cellular,nov,wed,154,2,999,0,nonexistent,-0.1,93.2,-42.0,4.12,5195.8,no
40,blue-collar,married,basic.6y,no,unknown,unknown,cellular,nov,wed,172,3,999,0,nonexistent,-0.1,93.2,-42.0,4.12,5195.8,no
50,management,married,basic.6y,no,no,no,cellular,nov,wed,221,5,999,0,nonexistent,-0.1,93.2,-42.0,4.12,5195.8,no
43,admin.,married,university.degree,no,yes,no,cellular,nov,wed,209,2,999,0,nonexistent,-0.1,93.2,-42.0,4.12,5195.8,no
49,admin.,single,basic.9y,no,yes,yes,cellular,nov,wed,259,2,999,0,nonexistent,-0.1,93.2,-42.0,4.12,5195.8,no
33,technician,married,university.degree,no,no,no,telephone,nov,wed,91,2,999,0,nonexistent,-0.1,93.2,-42.0,4.12,5195.8,no
38,services,married,high.school,no,yes,yes,cellular,nov,wed,729,3,999,0,nonexistent,-0.1,93.2,-42.0,4.12,5195.8,no
32,services,divorced,high.school,no,no,no,cellular,nov,wed,744,2,999,0,nonexistent,-0.1,93.2,-42.0,4.12,5195.8,no
39,services,divorced,high.school,no,yes,no,cellular,nov,wed,222,3,999,1,failure,-0.1,93.2,-42.0,4.12,5195.8,no
29,admin.,married,university.degree,no,no,no,cellular,nov,wed,406,3,999,0,nonexistent,-0.1,93.2,-42.0,4.12,5195.8,no
48,housemaid,married,basic.6y,no,yes,no,cellular,nov,wed,1337,4,999,1,failure,-0.1,93.2,-42.0,4.12,5195.8,no
35,blue-collar,married,basic.9y,no,yes,no,telephone,nov,wed,178,2,999,0,nonexistent,-0.1,93.2,-42.0,4.12,5195.8,no
53,entrepreneur,married,unknown,no,no,no,cellular,nov,wed,304,2,999,0,nonexistent,-0.1,93.2,-42.0,4.12,5195.8,no
32,admin.,single,university.degree,no,no,no,cellular,nov,wed,1307,3,999,1,failure,-0.1,93.2,-42.0,4.12,5195.8,no
50,admin.,married,high.school,no,no,no,cellular,nov,wed,93,3,999,1,failure,-0.1,93.2,-42.0,4.12,5195.8,no
49,technician,divorced,basic.9y,no,no,no,cellular,nov,wed,225,5,999,0,nonexistent,-0.1,93.2,-42.0,4.12,5195.8,no
40,technician,divorced,high.school,no,yes,yes,cellular,nov,wed,243,2,999,1,failure,-0.1,93.2,-42.0,4.12,5195.8,no
39,admin.,married,university.degree,no,no,no,cellular,nov,wed,117,2,999,0,nonexistent,-0.1,93.2,-42.0,4.12,5195.8,no
46,admin.,single,high.school,no,yes,no,telephone,nov,wed,207,2,999,1,failure,-0.1,93.2,-42.0,4.12,5195.8,no
44,entrepreneur,married,university.degree,no,no,yes,cellular,nov,wed,67,2,999,1,failure,-0.1,93.2,-42.0,4.12,5195.8,no
33,services,married,high.school,no,no,no,cellular,nov,wed,581,2,999,0,nonexistent,-0.1,93.2,-42.0,4.12,5195.8,no
44,entrepreneur,married,university.degree,no,yes,no,cellular,nov,wed,676,2,999,0,nonexistent,-0.1,93.2,-42.0,4.12,5195.8,no
54,blue-collar,married,basic.6y,unknown,no,no,cellular,nov,wed,300,5,999,1,failure,-0.1,93.2,-42.0,4.12,5195.8,no
32,services,single,university.degree,no,yes,no,telephone,nov,wed,52,2,999,0,nonexistent,-0.1,93.2,-42.0,4.12,5195.8,no
48,management,married,high.school,unknown,no,no,cellular,nov,wed,275,3,999,0,nonexistent,-0.1,93.2,-42.0,4.12,5195.8,no
56,management,married,university.degree,no,yes,no,cellular,nov,wed,130,2,999,0,nonexistent,-0.1,93.2,-42.0,4.12,5195.8,no
36,technician,married,high.school,no,yes,no,telephone,nov,wed,46,2,999,0,nonexistent,-0.1,93.2,-42.0,4.12,5195.8,no
39,blue-collar,married,basic.6y,no,yes,yes,telephone,nov,wed,214,2,6,1,success,-0.1,93.2,-42.0,4.12,5195.8,no
52,entrepreneur,married,university.degree,unknown,yes,yes,telephone,nov,wed,248,3,999,0,nonexistent,-0.1,93.2,-42.0,4.12,5195.8,no
36,technician,married,professional.course,no,yes,no,telephone,nov,wed,159,7,999,0,nonexistent,-0.1,93.2,-42.0,4.12,5195.8,no
37,management,married,university.degree,no,no,yes,cellular,nov,wed,307,2,999,0,nonexistent,-0.1,93.2,-42.0,4.12,5195.8,no
30,blue-collar,married,basic.4y,no,yes,no,cellular,nov,wed,193,5,999,0,nonexistent,-0.1,93.2,-42.0,4.12,5195.8,no
30,unemployed,single,unknown,no,yes,no,cellular,nov,wed,1271,2,999,0,nonexistent,-0.1,93.2,-42.0,4.12,5195.8,yes
30,blue-collar,married,basic.9y,no,no,no,cellular,nov,wed,167,2,999,0,nonexistent,-0.1,93.2,-42.0,4.12,5195.8,no
36,blue-collar,single,basic.9y,no,no,yes,telephone,nov,wed,590,2,999,0,nonexistent,-0.1,93.2,-42.0,4.12,5195.8,no
32,technician,married,professional.course,no,yes,yes,telephone,nov,wed,196,3,999,1,failure,-0.1,93.2,-42.0,4.12,5195.8,no
34,management,married,high.school,no,yes,no,cellular,nov,wed,228,3,999,0,nonexistent,-0.1,93.2,-42.0,4.12,5195.8,no
45,admin.,divorced,basic.9y,no,yes,no,cellular,nov,wed,575,9,999,0,nonexistent,-0.1,93.2,-42.0,4.12,5195.8,no
40,entrepreneur,married,basic.4y,no,yes,yes,cellular,nov,wed,322,3,999,0,nonexistent,-0.1,93.2,-42.0,4.12,5195.8,no
31,blue-collar,divorced,basic.9y,no,no,no,cellular,nov,wed,546,3,999,0,nonexistent,-0.1,93.2,-42.0,4.12,5195.8,no
29,admin.,divorced,professional.course,no,no,yes,cellular,nov,wed,1435,3,999,1,failure,-0.1,93.2,-42.0,4.12,5195.8,no
50,admin.,married,university.degree,no,yes,yes,cellular,nov,wed,332,4,999,0,nonexistent,-0.1,93.2,-42.0,4.12,5195.8,no
33,management,married,university.degree,no,yes,no,cellular,nov,wed,214,2,999,0,nonexistent,-0.1,93.2,-42.0,4.12,5195.8,no
55,technician,married,high.school,unknown,yes,no,cellular,nov,wed,285,2,999,0,nonexistent,-0.1,93.2,-42.0,4.12,5195.8,no
36,blue-collar,married,basic.6y,unknown,yes,no,cellular,nov,wed,320,3,999,0,nonexistent,-0.1,93.2,-42.0,4.12,5195.8,no
51,entrepreneur,divorced,university.degree,no,yes,no,telephone,nov,wed,89,3,999,0,nonexistent,-0.1,93.2,-42.0,4.12,5195.8,no
31,technician,single,university.degree,unknown,no,no,cellular,nov,wed,193,3,999,0,nonexistent,-0.1,93.2,-42.0,4.12,5195.8,no
43,blue-collar,married,basic.4y,no,yes,no,cellular,nov,wed,284,5,999,0,nonexistent,-0.1,93.2,-42.0,4.12,5195.8,no
38,technician,married,professional.course,unknown,no,no,cellular,nov,wed,135,4,999,0,nonexistent,-0.1,93.2,-42.0,4.12,5195.8,no
39,housemaid,divorced,high.school,no,no,no,cellular,nov,wed,214,3,999,0,nonexistent,-0.1,93.2,-42.0,4.12,5195.8,no
45,blue-collar,married,basic.9y,unknown,yes,no,cellular,nov,wed,162,2,999,0,nonexistent,-0.1,93.2,-42.0,4.12,5195.8,no
48,services,married,high.school,unknown,no,no,cellular,nov,wed,303,3,999,0,nonexistent,-0.1,93.2,-42.0,4.12,5195.8,no
46,blue-collar,married,basic.9y,unknown,yes,yes,cellular,nov,wed,575,6,999,0,nonexistent,-0.1,93.2,-42.0,4.12,5195.8,no
40,blue-collar,single,basic.9y,no,unknown,unknown,cellular,nov,wed,245,4,999,0,nonexistent,-0.1,93.2,-42.0,4.12,5195.8,no
53,management,married,basic.4y,no,yes,no,cellular,nov,wed,64,7,999,0,nonexistent,-0.1,93.2,-42.0,4.12,5195.8,no
29,services,single,high.school,no,yes,no,cellular,nov,wed,146,3,999,1,failure,-0.1,93.2,-42.0,4.12,5195.8,no
36,blue-collar,married,basic.6y,no,no,yes,cellular,nov,wed,281,2,999,0,nonexistent,-0.1,93.2,-42.0,4.12,5195.8,no
29,technician,single,professional.course,no,yes,yes,cellular,nov,wed,182,2,999,0,nonexistent,-0.1,93.2,-42.0,4.12,5195.8,no
53,admin.,married,high.school,no,no,no,cellular,nov,wed,291,2,999,0,nonexistent,-0.1,93.2,-42.0,4.12,5195.8,no
54,management,married,basic.6y,no,yes,no,cellular,nov,wed,616,3,999,1,failure,-0.1,93.2,-42.0,4.12,5195.8,no
36,admin.,single,university.degree,no,no,no,cellular,nov,wed,186,5,999,0,nonexistent,-0.1,93.2,-42.0,4.12,5195.8,no
29,services,married,basic.6y,no,no,no,cellular,nov,wed,314,2,999,1,failure,-0.1,93.2,-42.0,4.12,5195.8,no
30,unemployed,single,professional.course,no,no,no,cellular,nov,wed,206,3,999,0,nonexistent,-0.1,93.2,-42.0,4.12,5195.8,no
38,entrepreneur,married,professional.course,no,yes,no,telephone,nov,wed,519,2,999,0,nonexistent,-0.1,93.2,-42.0,4.12,5195.8,no
50,entrepreneur,married,university.degree,no,yes,no,cellular,nov,wed,185,2,999,1,failure,-0.1,93.2,-42.0,4.12,5195.8,no
38,blue-collar,single,basic.4y,no,no,no,cellular,nov,wed,335,2,999,0,nonexistent,-0.1,93.2,-42.0,4.12,5195.8,no
30,services,married,high.school,no,no,no,cellular,nov,wed,131,3,999,1,failure,-0.1,93.2,-42.0,4.12,5195.8,no
36,admin.,single,university.degree,no,yes,no,cellular,nov,wed,71,4,999,0,nonexistent,-0.1,93.2,-42.0,4.12,5195.8,no
52,technician,married,basic.9y,no,yes,yes,cellular,nov,wed,323,2,999,0,nonexistent,-0.1,93.2,-42.0,4.12,5195.8,no
31,admin.,married,university.degree,no,no,no,cellular,nov,wed,596,2,999,0,nonexistent,-0.1,93.2,-42.0,4.12,5195.8,no
48,admin.,married,university.degree,no,yes,no,cellular,nov,wed,517,2,999,1,failure,-0.1,93.2,-42.0,4.12,5195.8,no
33,admin.,single,high.school,no,yes,no,cellular,nov,wed,208,2,999,0,nonexistent,-0.1,93.2,-42.0,4.12,5195.8,no
38,blue-collar,married,basic.9y,unknown,no,no,cellular,nov,wed,145,3,999,0,nonexistent,-0.1,93.2,-42.0,4.12,5195.8,no
48,management,married,university.degree,unknown,no,no,cellular,nov,wed,52,3,999,0,nonexistent,-0.1,93.2,-42.0,4.12,5195.8,no
38,technician,married,professional.course,no,yes,yes,cellular,nov,wed,11,3,999,0,nonexistent,-0.1,93.2,-42.0,4.12,5195.8,no
34,technician,married,professional.course,no,yes,no,cellular,nov,wed,107,2,999,0,nonexistent,-0.1,93.2,-42.0,4.12,5195.8,no
33,admin.,married,university.degree,no,yes,yes,cellular,nov,wed,54,7,999,0,nonexistent,-0.1,93.2,-42.0,4.12,5195.8,no
53,management,married,basic.4y,no,yes,no,cellular,nov,wed,107,2,999,0,nonexistent,-0.1,93.2,-42.0,4.12,5195.8,no
36,admin.,single,university.degree,no,no,no,cellular,nov,wed,102,2,999,0,nonexistent,-0.1,93.2,-42.0,4.12,5195.8,no
37,admin.,single,university.degree,no,yes,yes,cellular,nov,wed,844,2,999,0,nonexistent,-0.1,93.2,-42.0,4.12,5195.8,no
35,housemaid,single,basic.4y,unknown,yes,no,cellular,nov,wed,66,2,3,1,success,-0.1,93.2,-42.0,4.12,5195.8,no
45,entrepreneur,married,university.degree,unknown,yes,no,telephone,nov,wed,278,7,999,0,nonexistent,-0.1,93.2,-42.0,4.12,5195.8,no
32,admin.,single,university.degree,no,no,no,cellular,nov,wed,1311,2,999,0,nonexistent,-0.1,93.2,-42.0,4.12,5195.8,no
38,admin.,single,university.degree,no,yes,no,cellular,nov,wed,255,6,999,0,nonexistent,-0.1,93.2,-42.0,4.12,5195.8,no
30,services,married,high.school,no,yes,no,cellular,nov,wed,599,4,999,1,failure,-0.1,93.2,-42.0,4.12,5195.8,no
36,blue-collar,married,basic.6y,no,yes,no,cellular,nov,wed,800,6,999,0,nonexistent,-0.1,93.2,-42.0,4.12,5195.8,no
53,blue-collar,divorced,basic.6y,no,yes,no,cellular,nov,wed,635,6,999,0,nonexistent,-0.1,93.2,-42.0,4.12,5195.8,no
29,blue-collar,married,high.school,no,yes,no,telephone,nov,thu,72,3,999,0,nonexistent,-0.1,93.2,-42.0,4.0760000000000005,5195.8,no
49,technician,married,university.degree,no,yes,no,telephone,nov,thu,14,7,999,0,nonexistent,-0.1,93.2,-42.0,4.0760000000000005,5195.8,no
30,admin.,divorced,high.school,no,yes,no,cellular,nov,thu,274,2,999,0,nonexistent,-0.1,93.2,-42.0,4.0760000000000005,5195.8,no
39,entrepreneur,married,professional.course,no,yes,no,cellular,nov,thu,291,2,999,0,nonexistent,-0.1,93.2,-42.0,4.0760000000000005,5195.8,no
36,blue-collar,single,basic.6y,no,yes,no,cellular,nov,thu,82,3,999,0,nonexistent,-0.1,93.2,-42.0,4.0760000000000005,5195.8,no
34,management,married,university.degree,no,yes,no,cellular,nov,thu,130,6,999,0,nonexistent,-0.1,93.2,-42.0,4.0760000000000005,5195.8,no
33,management,single,university.degree,no,yes,no,telephone,nov,thu,88,2,999,1,failure,-0.1,93.2,-42.0,4.0760000000000005,5195.8,no
41,blue-collar,married,basic.4y,no,yes,no,telephone,nov,thu,132,3,999,0,nonexistent,-0.1,93.2,-42.0,4.0760000000000005,5195.8,no
33,admin.,single,university.degree,no,no,no,telephone,nov,thu,36,3,999,0,nonexistent,-0.1,93.2,-42.0,4.0760000000000005,5195.8,no
41,technician,married,basic.9y,no,yes,no,cellular,nov,thu,348,3,999,0,nonexistent,-0.1,93.2,-42.0,4.0760000000000005,5195.8,no
45,technician,divorced,professional.course,no,no,no,cellular,nov,thu,77,2,999,0,nonexistent,-0.1,93.2,-42.0,4.0760000000000005,5195.8,no
29,unemployed,married,basic.4y,unknown,no,no,cellular,nov,thu,143,6,999,0,nonexistent,-0.1,93.2,-42.0,4.0760000000000005,5195.8,no
49,admin.,divorced,professional.course,no,no,no,cellular,nov,thu,80,5,999,1,failure,-0.1,93.2,-42.0,4.0760000000000005,5195.8,no
35,technician,married,professional.course,no,no,no,cellular,nov,thu,366,6,999,0,nonexistent,-0.1,93.2,-42.0,4.0760000000000005,5195.8,no
31,admin.,married,university.degree,no,yes,no,cellular,nov,thu,298,2,5,1,success,-0.1,93.2,-42.0,4.0760000000000005,5195.8,no
53,blue-collar,married,basic.9y,unknown,no,no,cellular,nov,thu,64,2,999,0,nonexistent,-0.1,93.2,-42.0,4.0760000000000005,5195.8,no
33,technician,married,professional.course,no,yes,no,cellular,nov,thu,51,7,999,0,nonexistent,-0.1,93.2,-42.0,4.0760000000000005,5195.8,no
42,admin.,married,university.degree,no,yes,no,cellular,nov,thu,75,2,4,1,success,-0.1,93.2,-42.0,4.0760000000000005,5195.8,no
53,housemaid,married,unknown,no,yes,no,cellular,nov,thu,65,2,999,0,nonexistent,-0.1,93.2,-42.0,4.0760000000000005,5195.8,no
39,entrepreneur,married,professional.course,no,yes,no,cellular,nov,thu,69,2,999,0,nonexistent,-0.1,93.2,-42.0,4.0760000000000005,5195.8,no
31,blue-collar,married,basic.4y,no,no,no,cellular,nov,thu,37,2,999,0,nonexistent,-0.1,93.2,-42.0,4.0760000000000005,5195.8,no
37,management,married,unknown,no,yes,no,cellular,nov,thu,632,2,999,0,nonexistent,-0.1,93.2,-42.0,4.0760000000000005,5195.8,no
30,admin.,divorced,high.school,no,yes,no,cellular,nov,thu,48,2,999,0,nonexistent,-0.1,93.2,-42.0,4.0760000000000005,5195.8,no
31,services,married,basic.9y,no,yes,no,cellular,nov,thu,57,2,999,0,nonexistent,-0.1,93.2,-42.0,4.0760000000000005,5195.8,no
48,services,single,unknown,no,yes,no,cellular,nov,thu,164,2,999,0,nonexistent,-0.1,93.2,-42.0,4.0760000000000005,5195.8,no
44,admin.,single,professional.course,no,no,no,cellular,nov,thu,48,3,999,0,nonexistent,-0.1,93.2,-42.0,4.0760000000000005,5195.8,no
34,technician,married,professional.course,no,yes,yes,cellular,nov,thu,42,7,999,0,nonexistent,-0.1,93.2,-42.0,4.0760000000000005,5195.8,no
37,management,married,unknown,no,no,no,cellular,nov,thu,171,2,999,1,failure,-0.1,93.2,-42.0,4.0760000000000005,5195.8,no
31,unemployed,married,high.school,no,yes,yes,cellular,nov,thu,91,2,999,0,nonexistent,-0.1,93.2,-42.0,4.0760000000000005,5195.8,no
30,technician,single,university.degree,no,no,no,cellular,nov,thu,78,2,999,0,nonexistent,-0.1,93.2,-42.0,4.0760000000000005,5195.8,no
37,admin.,married,high.school,no,unknown,unknown,cellular,nov,thu,518,2,999,0,nonexistent,-0.1,93.2,-42.0,4.0760000000000005,5195.8,no
31,admin.,married,university.degree,no,no,no,telephone,nov,thu,105,6,999,0,nonexistent,-0.1,93.2,-42.0,4.0760000000000005,5195.8,no
30,blue-collar,married,basic.6y,no,no,no,cellular,nov,thu,340,2,999,0,nonexistent,-0.1,93.2,-42.0,4.0760000000000005,5195.8,no
36,blue-collar,married,high.school,no,yes,no,cellular,nov,thu,379,2,999,0,nonexistent,-0.1,93.2,-42.0,4.0760000000000005,5195.8,no
47,technician,married,professional.course,no,no,no,telephone,nov,thu,114,2,999,0,nonexistent,-0.1,93.2,-42.0,4.0760000000000005,5195.8,no
51,unemployed,divorced,university.degree,no,no,no,cellular,nov,thu,286,6,999,1,failure,-0.1,93.2,-42.0,4.0760000000000005,5195.8,no
42,self-employed,married,high.school,unknown,yes,no,cellular,nov,thu,77,3,999,0,nonexistent,-0.1,93.2,-42.0,4.0760000000000005,5195.8,no
29,admin.,unknown,professional.course,no,yes,no,cellular,nov,thu,125,1,999,1,failure,-0.1,93.2,-42.0,4.0760000000000005,5195.8,no
53,management,married,university.degree,no,no,no,cellular,nov,thu,136,1,999,0,nonexistent,-0.1,93.2,-42.0,4.0760000000000005,5195.8,no
37,unemployed,single,university.degree,no,yes,no,cellular,nov,thu,145,1,999,0,nonexistent,-0.1,93.2,-42.0,4.0760000000000005,5195.8,no
29,technician,married,professional.course,no,no,no,cellular,nov,thu,179,1,999,1,failure,-0.1,93.2,-42.0,4.0760000000000005,5195.8,no
46,management,married,university.degree,no,yes,no,cellular,nov,thu,466,1,999,0,nonexistent,-0.1,93.2,-42.0,4.0760000000000005,5195.8,no
46,unemployed,married,basic.6y,no,yes,no,cellular,nov,thu,113,4,999,0,nonexistent,-0.1,93.2,-42.0,4.0760000000000005,5195.8,no
39,entrepreneur,married,professional.course,no,yes,no,cellular,nov,thu,997,2,999,0,nonexistent,-0.1,93.2,-42.0,4.0760000000000005,5195.8,no
44,technician,single,university.degree,no,no,no,cellular,nov,thu,284,1,999,0,nonexistent,-0.1,93.2,-42.0,4.0760000000000005,5195.8,no
40,services,single,basic.6y,no,no,no,cellular,nov,thu,107,1,999,0,nonexistent,-0.1,93.2,-42.0,4.0760000000000005,5195.8,no
58,retired,married,high.school,no,yes,no,cellular,nov,thu,125,1,999,0,nonexistent,-0.1,93.2,-42.0,4.0760000000000005,5195.8,no
38,management,divorced,high.school,no,yes,no,cellular,nov,thu,149,3,999,0,nonexistent,-0.1,93.2,-42.0,4.0760000000000005,5195.8,no
40,services,single,basic.6y,no,no,no,cellular,nov,thu,308,1,999,0,nonexistent,-0.1,93.2,-42.0,4.0760000000000005,5195.8,no
44,entrepreneur,married,university.degree,no,no,no,cellular,nov,thu,191,1,999,0,nonexistent,-0.1,93.2,-42.0,4.0760000000000005,5195.8,no
33,services,single,high.school,no,yes,no,cellular,nov,thu,100,1,999,0,nonexistent,-0.1,93.2,-42.0,4.0760000000000005,5195.8,no
42,technician,married,high.school,no,no,yes,telephone,nov,thu,66,1,999,0,nonexistent,-0.1,93.2,-42.0,4.0760000000000005,5195.8,no
56,entrepreneur,married,university.degree,unknown,no,no,cellular,nov,thu,392,2,3,1,success,-0.1,93.2,-42.0,4.0760000000000005,5195.8,no
33,admin.,single,university.degree,no,no,no,cellular,nov,thu,291,1,999,0,nonexistent,-0.1,93.2,-42.0,4.0760000000000005,5195.8,no
32,blue-collar,single,basic.9y,no,yes,no,cellular,nov,thu,276,1,999,1,failure,-0.1,93.2,-42.0,4.0760000000000005,5195.8,yes
47,technician,married,professional.course,no,no,no,cellular,nov,thu,93,3,999,0,nonexistent,-0.1,93.2,-42.0,4.0760000000000005,5195.8,no
37,entrepreneur,married,high.school,unknown,no,no,cellular,nov,thu,68,1,999,1,failure,-0.1,93.2,-42.0,4.0760000000000005,5195.8,no
31,services,married,high.school,no,no,yes,cellular,nov,thu,49,1,999,0,nonexistent,-0.1,93.2,-42.0,4.0760000000000005,5195.8,no
30,entrepreneur,single,university.degree,no,no,no,cellular,nov,thu,251,1,999,0,nonexistent,-0.1,93.2,-42.0,4.0760000000000005,5195.8,no
35,blue-collar,single,basic.6y,no,no,no,cellular,nov,thu,137,1,999,0,nonexistent,-0.1,93.2,-42.0,4.0760000000000005,5195.8,no
35,blue-collar,single,basic.6y,no,no,no,cellular,nov,thu,370,1,999,1,failure,-0.1,93.2,-42.0,4.0760000000000005,5195.8,no
34,technician,married,high.school,no,yes,yes,cellular,nov,thu,116,1,999,0,nonexistent,-0.1,93.2,-42.0,4.0760000000000005,5195.8,no
40,blue-collar,married,basic.4y,unknown,yes,yes,cellular,nov,thu,74,1,999,0,nonexistent,-0.1,93.2,-42.0,4.0760000000000005,5195.8,no
55,entrepreneur,divorced,university.degree,no,yes,yes,cellular,nov,thu,68,1,999,0,nonexistent,-0.1,93.2,-42.0,4.0760000000000005,5195.8,no
34,management,single,university.degree,no,yes,yes,cellular,nov,thu,125,2,999,0,nonexistent,-0.1,93.2,-42.0,4.0760000000000005,5195.8,no
45,admin.,married,unknown,no,yes,yes,cellular,nov,thu,254,2,999,0,nonexistent,-0.1,93.2,-42.0,4.0760000000000005,5195.8,no
46,admin.,married,university.degree,no,no,no,cellular,nov,thu,358,1,999,1,failure,-0.1,93.2,-42.0,4.0760000000000005,5195.8,no
29,student,single,high.school,no,yes,no,cellular,nov,thu,670,1,999,0,nonexistent,-0.1,93.2,-42.0,4.0760000000000005,5195.8,yes
32,admin.,married,professional.course,no,unknown,unknown,cellular,nov,thu,68,1,999,0,nonexistent,-0.1,93.2,-42.0,4.0760000000000005,5195.8,no
36,admin.,single,university.degree,no,no,no,cellular,nov,thu,428,1,999,0,nonexistent,-0.1,93.2,-42.0,4.0760000000000005,5195.8,no
32,blue-collar,married,unknown,no,no,no,cellular,nov,thu,366,4,999,0,nonexistent,-0.1,93.2,-42.0,4.0760000000000005,5195.8,no
53,technician,married,professional.course,no,yes,no,cellular,nov,thu,322,1,999,0,nonexistent,-0.1,93.2,-42.0,4.0760000000000005,5195.8,no
31,management,single,university.degree,no,no,no,cellular,nov,thu,46,1,999,0,nonexistent,-0.1,93.2,-42.0,4.0760000000000005,5195.8,no
31,management,single,university.degree,no,yes,no,cellular,nov,thu,140,1,999,0,nonexistent,-0.1,93.2,-42.0,4.0760000000000005,5195.8,no
34,technician,married,high.school,no,no,no,cellular,nov,thu,732,1,999,0,nonexistent,-0.1,93.2,-42.0,4.0760000000000005,5195.8,yes
29,housemaid,married,high.school,no,yes,no,cellular,nov,thu,408,1,999,0,nonexistent,-0.1,93.2,-42.0,4.0760000000000005,5195.8,no
46,self-employed,divorced,basic.9y,unknown,unknown,unknown,cellular,nov,thu,125,1,999,1,failure,-0.1,93.2,-42.0,4.0760000000000005,5195.8,no
31,admin.,single,university.degree,no,no,no,cellular,nov,thu,68,1,999,0,nonexistent,-0.1,93.2,-42.0,4.0760000000000005,5195.8,no
47,blue-collar,married,basic.9y,unknown,yes,no,telephone,nov,thu,76,9,999,0,nonexistent,-0.1,93.2,-42.0,4.0760000000000005,5195.8,no
42,management,married,university.degree,no,no,no,cellular,nov,thu,110,2,999,0,nonexistent,-0.1,93.2,-42.0,4.0760000000000005,5195.8,no
31,blue-collar,married,basic.9y,no,yes,no,cellular,nov,thu,415,1,999,0,nonexistent,-0.1,93.2,-42.0,4.0760000000000005,5195.8,no
46,self-employed,divorced,basic.9y,unknown,no,no,cellular,nov,thu,486,1,999,0,nonexistent,-0.1,93.2,-42.0,4.0760000000000005,5195.8,no
36,admin.,single,university.degree,no,no,no,cellular,nov,thu,228,1,999,0,nonexistent,-0.1,93.2,-42.0,4.0760000000000005,5195.8,no
30,unemployed,married,basic.9y,no,yes,no,cellular,nov,thu,114,1,999,0,nonexistent,-0.1,93.2,-42.0,4.0760000000000005,5195.8,no
31,admin.,single,university.degree,no,yes,no,cellular,nov,thu,463,1,999,0,nonexistent,-0.1,93.2,-42.0,4.0760000000000005,5195.8,no
32,admin.,single,high.school,no,no,yes,telephone,nov,thu,329,1,999,0,nonexistent,-0.1,93.2,-42.0,4.0760000000000005,5195.8,no
48,admin.,married,university.degree,no,no,no,cellular,nov,thu,364,1,999,0,nonexistent,-0.1,93.2,-42.0,4.0760000000000005,5195.8,no
32,admin.,divorced,university.degree,no,yes,no,cellular,nov,thu,199,1,999,0,nonexistent,-0.1,93.2,-42.0,4.0760000000000005,5195.8,no
30,technician,married,university.degree,no,yes,no,telephone,nov,thu,145,5,999,0,nonexistent,-0.1,93.2,-42.0,4.0760000000000005,5195.8,no
56,admin.,divorced,university.degree,no,yes,no,cellular,nov,thu,110,1,999,0,nonexistent,-0.1,93.2,-42.0,4.0760000000000005,5195.8,no
30,blue-collar,single,university.degree,no,no,yes,cellular,nov,thu,52,3,999,0,nonexistent,-0.1,93.2,-42.0,4.0760000000000005,5195.8,no
30,admin.,divorced,high.school,no,yes,no,cellular,nov,thu,34,2,999,0,nonexistent,-0.1,93.2,-42.0,4.0760000000000005,5195.8,no
41,services,single,high.school,unknown,yes,no,cellular,nov,thu,530,1,999,0,nonexistent,-0.1,93.2,-42.0,4.0760000000000005,5195.8,no
34,management,married,university.degree,no,yes,no,cellular,nov,thu,140,2,999,0,nonexistent,-0.1,93.2,-42.0,4.0760000000000005,5195.8,no
46,management,married,university.degree,no,yes,yes,cellular,nov,thu,884,2,999,0,nonexistent,-0.1,93.2,-42.0,4.0760000000000005,5195.8,no
53,technician,divorced,high.school,no,yes,yes,cellular,nov,thu,319,1,999,0,nonexistent,-0.1,93.2,-42.0,4.0760000000000005,5195.8,no
31,admin.,married,university.degree,no,no,no,cellular,nov,thu,157,1,999,0,nonexistent,-0.1,93.2,-42.0,4.0760000000000005,5195.8,no
29,technician,single,university.degree,no,yes,no,cellular,nov,thu,93,1,999,1,failure,-0.1,93.2,-42.0,4.0760000000000005,5195.8,no
36,admin.,single,university.degree,no,yes,no,telephone,nov,thu,42,1,999,0,nonexistent,-0.1,93.2,-42.0,4.0760000000000005,5195.8,no
44,blue-collar,single,basic.6y,unknown,yes,no,cellular,nov,thu,39,1,999,0,nonexistent,-0.1,93.2,-42.0,4.0760000000000005,5195.8,no
36,admin.,married,high.school,no,yes,no,cellular,nov,thu,231,1,999,0,nonexistent,-0.1,93.2,-42.0,4.0760000000000005,5195.8,no
36,admin.,single,university.degree,no,yes,no,telephone,nov,thu,107,1,999,0,nonexistent,-0.1,93.2,-42.0,4.0760000000000005,5195.8,no
34,management,married,university.degree,no,yes,no,telephone,nov,thu,30,1,999,0,nonexistent,-0.1,93.2,-42.0,4.0760000000000005,5195.8,no
48,management,single,university.degree,no,yes,no,cellular,nov,thu,90,2,999,0,nonexistent,-0.1,93.2,-42.0,4.0760000000000005,5195.8,no
53,technician,divorced,high.school,no,no,no,cellular,nov,thu,531,1,999,0,nonexistent,-0.1,93.2,-42.0,4.0760000000000005,5195.8,yes
30,admin.,single,basic.9y,no,no,no,cellular,nov,thu,106,2,999,1,failure,-0.1,93.2,-42.0,4.0760000000000005,5195.8,no
38,entrepreneur,married,basic.9y,no,no,no,cellular,nov,thu,166,3,999,0,nonexistent,-0.1,93.2,-42.0,4.0760000000000005,5195.8,no
29,services,married,high.school,no,yes,no,cellular,nov,thu,114,1,999,0,nonexistent,-0.1,93.2,-42.0,4.0760000000000005,5195.8,no
32,blue-collar,divorced,university.degree,no,yes,no,telephone,nov,thu,59,1,999,0,nonexistent,-0.1,93.2,-42.0,4.0760000000000005,5195.8,no
40,blue-collar,married,basic.4y,unknown,yes,no,cellular,nov,thu,628,1,999,0,nonexistent,-0.1,93.2,-42.0,4.0760000000000005,5195.8,yes
43,management,married,university.degree,no,no,no,cellular,nov,thu,1192,1,999,0,nonexistent,-0.1,93.2,-42.0,4.0760000000000005,5195.8,yes
31,admin.,single,university.degree,no,no,no,cellular,nov,thu,101,1,999,0,nonexistent,-0.1,93.2,-42.0,4.0760000000000005,5195.8,no
35,entrepreneur,married,university.degree,unknown,yes,no,cellular,nov,thu,76,1,999,1,failure,-0.1,93.2,-42.0,4.0760000000000005,5195.8,no
38,blue-collar,married,basic.4y,no,yes,no,cellular,nov,thu,103,2,999,1,failure,-0.1,93.2,-42.0,4.0760000000000005,5195.8,no
50,entrepreneur,married,basic.4y,unknown,yes,no,cellular,nov,thu,217,1,999,0,nonexistent,-0.1,93.2,-42.0,4.0760000000000005,5195.8,no
35,entrepreneur,married,high.school,no,yes,no,cellular,nov,thu,566,2,999,0,nonexistent,-0.1,93.2,-42.0,4.0760000000000005,5195.8,yes
33,services,married,high.school,no,yes,yes,cellular,nov,thu,422,1,999,0,nonexistent,-0.1,93.2,-42.0,4.0760000000000005,5195.8,no
29,admin.,single,high.school,no,yes,no,cellular,nov,thu,23,2,999,1,failure,-0.1,93.2,-42.0,4.0760000000000005,5195.8,no
36,admin.,single,university.degree,no,yes,no,cellular,nov,thu,120,1,999,0,nonexistent,-0.1,93.2,-42.0,4.0760000000000005,5195.8,no
31,services,single,high.school,no,yes,no,cellular,nov,thu,45,1,999,1,failure,-0.1,93.2,-42.0,4.0760000000000005,5195.8,no
34,technician,married,university.degree,no,unknown,unknown,cellular,nov,thu,48,4,999,0,nonexistent,-0.1,93.2,-42.0,4.0760000000000005,5195.8,no
40,admin.,married,university.degree,no,yes,no,cellular,nov,thu,20,6,999,0,nonexistent,-0.1,93.2,-42.0,4.0760000000000005,5195.8,no
49,unemployed,divorced,high.school,no,unknown,unknown,cellular,nov,thu,147,1,999,0,nonexistent,-0.1,93.2,-42.0,4.0760000000000005,5195.8,no
29,housemaid,married,high.school,no,no,no,cellular,nov,thu,99,2,999,0,nonexistent,-0.1,93.2,-42.0,4.0760000000000005,5195.8,no
32,technician,single,university.degree,no,yes,no,telephone,nov,thu,47,1,999,1,failure,-0.1,93.2,-42.0,4.0760000000000005,5195.8,no
32,entrepreneur,single,university.degree,no,no,yes,cellular,nov,thu,67,1,999,1,failure,-0.1,93.2,-42.0,4.0760000000000005,5195.8,no
32,entrepreneur,single,university.degree,no,no,yes,cellular,nov,thu,126,1,999,0,nonexistent,-0.1,93.2,-42.0,4.0760000000000005,5195.8,no
36,unemployed,married,basic.6y,no,yes,no,cellular,nov,thu,46,2,999,1,failure,-0.1,93.2,-42.0,4.0760000000000005,5195.8,no
38,blue-collar,married,basic.4y,no,yes,no,cellular,nov,thu,163,2,999,0,nonexistent,-0.1,93.2,-42.0,4.0760000000000005,5195.8,no
44,unemployed,married,university.degree,no,yes,no,cellular,nov,thu,1058,1,999,0,nonexistent,-0.1,93.2,-42.0,4.0760000000000005,5195.8,no
32,technician,single,university.degree,no,no,no,cellular,nov,thu,485,1,999,1,failure,-0.1,93.2,-42.0,4.0760000000000005,5195.8,no
32,technician,single,university.degree,no,no,no,cellular,nov,thu,454,1,999,0,nonexistent,-0.1,93.2,-42.0,4.0760000000000005,5195.8,yes
44,management,married,university.degree,no,yes,no,cellular,nov,thu,176,1,999,0,nonexistent,-0.1,93.2,-42.0,4.0760000000000005,5195.8,no
29,admin.,single,university.degree,no,yes,no,cellular,nov,thu,103,1,999,0,nonexistent,-0.1,93.2,-42.0,4.0760000000000005,5195.8,no
44,management,married,university.degree,no,no,no,cellular,nov,thu,277,1,999,0,nonexistent,-0.1,93.2,-42.0,4.0760000000000005,5195.8,no
32,entrepreneur,single,university.degree,no,yes,yes,cellular,nov,thu,74,2,999,1,failure,-0.1,93.2,-42.0,4.0760000000000005,5195.8,no
31,technician,single,university.degree,no,yes,no,cellular,nov,thu,137,5,999,0,nonexistent,-0.1,93.2,-42.0,4.0760000000000005,5195.8,no
56,admin.,divorced,university.degree,no,yes,no,cellular,nov,thu,88,2,999,0,nonexistent,-0.1,93.2,-42.0,4.0760000000000005,5195.8,no
58,retired,married,professional.course,no,no,no,cellular,nov,thu,234,1,999,0,nonexistent,-0.1,93.2,-42.0,4.0760000000000005,5195.8,no
46,management,married,unknown,no,yes,no,cellular,nov,thu,121,1,999,0,nonexistent,-0.1,93.2,-42.0,4.0760000000000005,5195.8,no
38,management,married,university.degree,no,yes,no,cellular,nov,thu,258,1,999,0,nonexistent,-0.1,93.2,-42.0,4.0760000000000005,5195.8,no
29,admin.,married,high.school,no,no,no,cellular,nov,thu,523,2,999,0,nonexistent,-0.1,93.2,-42.0,4.0760000000000005,5195.8,no
32,unemployed,married,high.school,no,yes,no,cellular,nov,thu,640,1,999,0,nonexistent,-0.1,93.2,-42.0,4.0760000000000005,5195.8,no
32,admin.,married,high.school,no,yes,no,telephone,nov,thu,60,1,999,0,nonexistent,-0.1,93.2,-42.0,4.0760000000000005,5195.8,no
32,management,married,university.degree,no,no,no,cellular,nov,thu,203,1,999,0,nonexistent,-0.1,93.2,-42.0,4.0760000000000005,5195.8,no
32,unemployed,married,high.school,no,yes,no,cellular,nov,thu,728,1,999,0,nonexistent,-0.1,93.2,-42.0,4.0760000000000005,5195.8,yes
30,admin.,married,university.degree,unknown,yes,no,cellular,nov,thu,157,1,999,0,nonexistent,-0.1,93.2,-42.0,4.0760000000000005,5195.8,no
30,services,married,high.school,unknown,yes,no,cellular,nov,thu,175,1,999,0,nonexistent,-0.1,93.2,-42.0,4.0760000000000005,5195.8,no
58,blue-collar,divorced,basic.4y,no,yes,no,cellular,nov,thu,63,5,999,0,nonexistent,-0.1,93.2,-42.0,4.0760000000000005,5195.8,no
45,management,married,professional.course,no,no,no,cellular,nov,thu,993,1,999,0,nonexistent,-0.1,93.2,-42.0,4.0760000000000005,5195.8,yes
31,technician,single,professional.course,no,yes,no,cellular,nov,thu,155,1,999,0,nonexistent,-0.1,93.2,-42.0,4.0760000000000005,5195.8,no
50,management,married,university.degree,no,no,no,cellular,nov,thu,146,1,999,1,failure,-0.1,93.2,-42.0,4.0760000000000005,5195.8,no
29,services,single,high.school,no,no,no,cellular,nov,thu,91,1,999,0,nonexistent,-0.1,93.2,-42.0,4.0760000000000005,5195.8,no
38,management,married,professional.course,no,no,no,cellular,nov,thu,112,1,999,0,nonexistent,-0.1,93.2,-42.0,4.0760000000000005,5195.8,no
38,management,married,professional.course,no,yes,no,cellular,nov,thu,124,1,999,0,nonexistent,-0.1,93.2,-42.0,4.0760000000000005,5195.8,no
38,management,married,professional.course,no,yes,no,telephone,nov,thu,172,1,999,0,nonexistent,-0.1,93.2,-42.0,4.0760000000000005,5195.8,no
30,admin.,single,university.degree,no,yes,no,cellular,nov,thu,34,1,999,1,failure,-0.1,93.2,-42.0,4.0760000000000005,5195.8,no
37,unemployed,married,professional.course,no,yes,no,cellular,nov,thu,318,2,999,0,nonexistent,-0.1,93.2,-42.0,4.0760000000000005,5195.8,no
36,technician,married,professional.course,no,yes,no,cellular,nov,thu,1040,1,999,0,nonexistent,-0.1,93.2,-42.0,4.0760000000000005,5195.8,no
33,management,single,professional.course,no,yes,no,cellular,nov,thu,8,6,999,0,nonexistent,-0.1,93.2,-42.0,4.0760000000000005,5195.8,no
32,admin.,married,professional.course,no,yes,no,cellular,nov,thu,88,2,999,0,nonexistent,-0.1,93.2,-42.0,4.0760000000000005,5195.8,no
29,blue-collar,married,high.school,no,yes,no,cellular,nov,thu,25,1,999,0,nonexistent,-0.1,93.2,-42.0,4.0760000000000005,5195.8,no
55,retired,married,high.school,no,no,yes,cellular,nov,thu,26,6,999,0,nonexistent,-0.1,93.2,-42.0,4.0760000000000005,5195.8,no
29,blue-collar,married,high.school,no,yes,no,cellular,nov,thu,168,1,999,0,nonexistent,-0.1,93.2,-42.0,4.0760000000000005,5195.8,no
58,management,married,university.degree,no,yes,no,cellular,nov,thu,67,1,999,0,nonexistent,-0.1,93.2,-42.0,4.0760000000000005,5195.8,no
48,unemployed,married,university.degree,no,yes,no,cellular,nov,thu,60,1,999,0,nonexistent,-0.1,93.2,-42.0,4.0760000000000005,5195.8,no
30,admin.,married,high.school,no,yes,no,cellular,nov,thu,167,1,999,1,failure,-0.1,93.2,-42.0,4.0760000000000005,5195.8,no
50,self-employed,divorced,university.degree,no,no,no,cellular,nov,thu,59,4,999,0,nonexistent,-0.1,93.2,-42.0,4.0760000000000005,5195.8,no
32,unemployed,single,high.school,no,yes,no,cellular,nov,thu,73,4,999,0,nonexistent,-0.1,93.2,-42.0,4.0760000000000005,5195.8,no
35,technician,married,university.degree,no,yes,no,cellular,nov,thu,92,1,999,0,nonexistent,-0.1,93.2,-42.0,4.0760000000000005,5195.8,no
49,admin.,married,basic.9y,no,yes,no,cellular,nov,thu,85,1,999,0,nonexistent,-0.1,93.2,-42.0,4.0760000000000005,5195.8,no
30,admin.,single,university.degree,no,no,no,cellular,nov,thu,278,1,999,0,nonexistent,-0.1,93.2,-42.0,4.0760000000000005,5195.8,no
42,management,married,university.degree,no,no,no,cellular,nov,thu,316,1,999,0,nonexistent,-0.1,93.2,-42.0,4.0760000000000005,5195.8,no
30,admin.,single,university.degree,no,yes,no,cellular,nov,thu,478,1,999,0,nonexistent,-0.1,93.2,-42.0,4.0760000000000005,5195.8,yes
52,admin.,divorced,university.degree,no,yes,no,cellular,nov,thu,202,1,999,0,nonexistent,-0.1,93.2,-42.0,4.0760000000000005,5195.8,no
30,admin.,single,university.degree,no,yes,no,cellular,nov,thu,171,1,999,1,failure,-0.1,93.2,-42.0,4.0760000000000005,5195.8,no
33,self-employed,divorced,university.degree,no,no,no,telephone,nov,thu,352,3,999,0,nonexistent,-0.1,93.2,-42.0,4.0760000000000005,5195.8,no
29,services,married,basic.9y,no,yes,no,cellular,nov,thu,755,1,999,0,nonexistent,-0.1,93.2,-42.0,4.0760000000000005,5195.8,yes
38,entrepreneur,divorced,university.degree,no,yes,no,cellular,nov,thu,252,1,999,0,nonexistent,-0.1,93.2,-42.0,4.0760000000000005,5195.8,no
31,entrepreneur,single,university.degree,no,no,no,cellular,nov,thu,53,1,999,0,nonexistent,-0.1,93.2,-42.0,4.0760000000000005,5195.8,no
29,technician,single,university.degree,no,no,yes,cellular,nov,thu,57,1,999,0,nonexistent,-0.1,93.2,-42.0,4.0760000000000005,5195.8,no
32,technician,single,university.degree,no,unknown,unknown,cellular,nov,thu,26,1,999,1,failure,-0.1,93.2,-42.0,4.0760000000000005,5195.8,no
42,management,married,high.school,no,no,no,cellular,nov,thu,59,2,999,0,nonexistent,-0.1,93.2,-42.0,4.0760000000000005,5195.8,no
32,admin.,married,high.school,no,yes,no,cellular,nov,thu,90,2,999,0,nonexistent,-0.1,93.2,-42.0,4.0760000000000005,5195.8,no
31,entrepreneur,single,university.degree,no,yes,no,cellular,nov,thu,228,1,999,0,nonexistent,-0.1,93.2,-42.0,4.0760000000000005,5195.8,no
31,blue-collar,single,basic.4y,no,no,no,cellular,nov,thu,148,6,999,1,failure,-0.1,93.2,-42.0,4.0760000000000005,5195.8,no
57,entrepreneur,married,high.school,no,no,no,cellular,nov,thu,199,2,999,0,nonexistent,-0.1,93.2,-42.0,4.0760000000000005,5195.8,no
30,technician,married,university.degree,no,no,no,cellular,nov,thu,1031,6,999,0,nonexistent,-0.1,93.2,-42.0,4.0760000000000005,5195.8,no
44,admin.,married,university.degree,no,yes,no,cellular,nov,thu,147,1,999,0,nonexistent,-0.1,93.2,-42.0,4.0760000000000005,5195.8,no
38,technician,married,university.degree,no,yes,no,cellular,nov,thu,82,1,999,0,nonexistent,-0.1,93.2,-42.0,4.0760000000000005,5195.8,no
46,admin.,divorced,university.degree,no,no,no,cellular,nov,thu,60,1,999,0,nonexistent,-0.1,93.2,-42.0,4.0760000000000005,5195.8,no
38,technician,married,university.degree,no,no,no,cellular,nov,thu,204,1,999,0,nonexistent,-0.1,93.2,-42.0,4.0760000000000005,5195.8,no
31,blue-collar,married,professional.course,unknown,no,no,cellular,nov,thu,230,1,999,0,nonexistent,-0.1,93.2,-42.0,4.0760000000000005,5195.8,no
36,management,married,high.school,unknown,yes,no,cellular,nov,thu,74,1,999,0,nonexistent,-0.1,93.2,-42.0,4.0760000000000005,5195.8,no
34,blue-collar,married,basic.9y,no,yes,no,cellular,nov,thu,500,1,999,0,nonexistent,-0.1,93.2,-42.0,4.0760000000000005,5195.8,no
33,blue-collar,divorced,basic.9y,no,yes,no,cellular,nov,thu,70,1,999,0,nonexistent,-0.1,93.2,-42.0,4.0760000000000005,5195.8,no
32,admin.,married,university.degree,no,no,no,cellular,nov,thu,18,6,999,0,nonexistent,-0.1,93.2,-42.0,4.0760000000000005,5195.8,no
31,entrepreneur,single,high.school,no,no,no,cellular,nov,thu,189,1,999,0,nonexistent,-0.1,93.2,-42.0,4.0760000000000005,5195.8,no
50,management,divorced,high.school,unknown,no,no,cellular,nov,thu,520,2,999,0,nonexistent,-0.1,93.2,-42.0,4.0760000000000005,5195.8,no
33,blue-collar,divorced,basic.9y,no,yes,no,cellular,nov,thu,220,1,999,1,failure,-0.1,93.2,-42.0,4.0760000000000005,5195.8,no
44,admin.,single,university.degree,no,yes,no,cellular,nov,thu,22,4,999,0,nonexistent,-0.1,93.2,-42.0,4.0760000000000005,5195.8,no
45,technician,married,professional.course,no,no,no,telephone,nov,thu,35,2,999,0,nonexistent,-0.1,93.2,-42.0,4.0760000000000005,5195.8,no
31,admin.,single,university.degree,no,no,no,cellular,nov,thu,365,1,999,0,nonexistent,-0.1,93.2,-42.0,4.0760000000000005,5195.8,no
53,technician,divorced,high.school,no,no,no,cellular,nov,thu,290,2,999,0,nonexistent,-0.1,93.2,-42.0,4.0760000000000005,5195.8,no
31,management,single,high.school,no,yes,no,cellular,nov,thu,48,1,999,0,nonexistent,-0.1,93.2,-42.0,4.0760000000000005,5195.8,no
32,admin.,single,university.degree,no,no,no,cellular,nov,thu,151,2,999,0,nonexistent,-0.1,93.2,-42.0,4.0760000000000005,5195.8,no
31,technician,single,university.degree,no,yes,no,cellular,nov,thu,88,5,999,0,nonexistent,-0.1,93.2,-42.0,4.0760000000000005,5195.8,no
38,admin.,single,university.degree,no,yes,no,cellular,nov,thu,95,2,999,0,nonexistent,-0.1,93.2,-42.0,4.0760000000000005,5195.8,no
56,blue-collar,married,basic.9y,no,yes,no,cellular,nov,thu,994,1,999,1,failure,-0.1,93.2,-42.0,4.0760000000000005,5195.8,yes
43,technician,married,university.degree,no,no,yes,cellular,nov,thu,113,5,999,0,nonexistent,-0.1,93.2,-42.0,4.0760000000000005,5195.8,no
36,management,married,high.school,unknown,yes,no,cellular,nov,thu,371,1,999,0,nonexistent,-0.1,93.2,-42.0,4.0760000000000005,5195.8,no
36,technician,married,professional.course,no,no,no,cellular,nov,thu,70,1,999,1,failure,-0.1,93.2,-42.0,4.0760000000000005,5195.8,no
46,management,married,unknown,no,yes,no,cellular,nov,thu,1503,2,999,0,nonexistent,-0.1,93.2,-42.0,4.0760000000000005,5195.8,yes
58,technician,divorced,basic.9y,no,no,no,cellular,nov,thu,178,1,999,0,nonexistent,-0.1,93.2,-42.0,4.0760000000000005,5195.8,no
46,admin.,married,high.school,no,yes,no,cellular,nov,thu,308,1,999,1,failure,-0.1,93.2,-42.0,4.0760000000000005,5195.8,no
34,management,married,university.degree,no,no,no,telephone,nov,thu,29,1,999,0,nonexistent,-0.1,93.2,-42.0,4.0760000000000005,5195.8,no
45,blue-collar,married,basic.9y,no,no,no,cellular,nov,thu,73,1,999,0,nonexistent,-0.1,93.2,-42.0,4.0760000000000005,5195.8,no
46,entrepreneur,divorced,high.school,no,yes,no,cellular,nov,thu,88,1,999,0,nonexistent,-0.1,93.2,-42.0,4.0760000000000005,5195.8,no
38,self-employed,married,professional.course,no,yes,no,cellular,nov,thu,86,1,999,0,nonexistent,-0.1,93.2,-42.0,4.0760000000000005,5195.8,no
38,management,married,professional.course,no,yes,yes,cellular,nov,thu,94,2,999,0,nonexistent,-0.1,93.2,-42.0,4.0760000000000005,5195.8,no
30,admin.,single,basic.9y,no,no,no,telephone,nov,thu,26,1,999,0,nonexistent,-0.1,93.2,-42.0,4.0760000000000005,5195.8,no
38,management,single,university.degree,no,yes,yes,cellular,nov,thu,186,1,999,0,nonexistent,-0.1,93.2,-42.0,4.0760000000000005,5195.8,no
30,admin.,single,basic.9y,no,yes,no,cellular,nov,thu,220,1,999,0,nonexistent,-0.1,93.2,-42.0,4.0760000000000005,5195.8,no
33,admin.,single,university.degree,no,yes,no,cellular,nov,thu,77,1,999,0,nonexistent,-0.1,93.2,-42.0,4.0760000000000005,5195.8,no
53,technician,married,professional.course,no,no,no,cellular,nov,thu,81,2,999,1,failure,-0.1,93.2,-42.0,4.0760000000000005,5195.8,no
38,management,married,university.degree,no,yes,no,cellular,nov,thu,83,1,999,0,nonexistent,-0.1,93.2,-42.0,4.0760000000000005,5195.8,no
32,admin.,single,university.degree,no,no,no,cellular,nov,thu,40,1,999,0,nonexistent,-0.1,93.2,-42.0,4.0760000000000005,5195.8,no
34,services,married,high.school,no,yes,no,cellular,nov,thu,640,1,999,0,nonexistent,-0.1,93.2,-42.0,4.0760000000000005,5195.8,no
42,admin.,married,university.degree,no,yes,no,cellular,nov,thu,871,5,999,0,nonexistent,-0.1,93.2,-42.0,4.0760000000000005,5195.8,yes
35,student,married,basic.9y,no,yes,no,cellular,nov,thu,371,1,999,0,nonexistent,-0.1,93.2,-42.0,4.0760000000000005,5195.8,no
30,self-employed,single,university.degree,no,yes,no,cellular,nov,thu,151,1,999,0,nonexistent,-0.1,93.2,-42.0,4.0760000000000005,5195.8,no
30,self-employed,single,university.degree,no,yes,no,cellular,nov,thu,88,1,999,1,failure,-0.1,93.2,-42.0,4.0760000000000005,5195.8,no
32,entrepreneur,married,university.degree,no,no,no,cellular,nov,thu,73,4,999,0,nonexistent,-0.1,93.2,-42.0,4.0760000000000005,5195.8,no
47,technician,married,professional.course,no,yes,no,cellular,nov,thu,329,4,999,0,nonexistent,-0.1,93.2,-42.0,4.0760000000000005,5195.8,yes
48,admin.,married,university.degree,no,yes,no,cellular,nov,thu,111,2,999,1,failure,-0.1,93.2,-42.0,4.0760000000000005,5195.8,no
33,admin.,single,university.degree,no,no,no,cellular,nov,thu,757,2,999,0,nonexistent,-0.1,93.2,-42.0,4.0760000000000005,5195.8,no
31,technician,married,high.school,no,no,no,cellular,nov,thu,149,1,999,1,failure,-0.1,93.2,-42.0,4.0760000000000005,5195.8,no
56,housemaid,divorced,high.school,no,yes,no,cellular,nov,thu,67,6,999,1,failure,-0.1,93.2,-42.0,4.0760000000000005,5195.8,no
31,technician,married,high.school,no,yes,yes,cellular,nov,thu,232,1,999,0,nonexistent,-0.1,93.2,-42.0,4.0760000000000005,5195.8,no
30,self-employed,single,university.degree,no,no,no,cellular,nov,thu,385,1,999,0,nonexistent,-0.1,93.2,-42.0,4.0760000000000005,5195.8,no
48,admin.,married,university.degree,no,no,no,cellular,nov,thu,301,1,999,1,failure,-0.1,93.2,-42.0,4.0760000000000005,5195.8,no
34,entrepreneur,married,university.degree,no,yes,no,cellular,nov,thu,69,1,999,1,failure,-0.1,93.2,-42.0,4.0760000000000005,5195.8,no
34,technician,married,university.degree,no,no,no,cellular,nov,thu,183,2,999,1,failure,-0.1,93.2,-42.0,4.0760000000000005,5195.8,no
59,retired,married,professional.course,no,no,no,cellular,nov,thu,117,1,999,0,nonexistent,-0.1,93.2,-42.0,4.0760000000000005,5195.8,no
38,blue-collar,married,basic.9y,no,no,no,cellular,nov,thu,89,1,999,0,nonexistent,-0.1,93.2,-42.0,4.0760000000000005,5195.8,no
38,self-employed,married,professional.course,no,no,no,cellular,nov,thu,24,1,999,1,failure,-0.1,93.2,-42.0,4.0760000000000005,5195.8,no
56,technician,married,university.degree,no,no,no,cellular,nov,thu,162,3,999,0,nonexistent,-0.1,93.2,-42.0,4.0760000000000005,5195.8,no
34,management,married,university.degree,no,no,no,cellular,nov,thu,1256,1,999,0,nonexistent,-0.1,93.2,-42.0,4.0760000000000005,5195.8,no
34,management,married,university.degree,no,no,no,cellular,nov,thu,244,1,999,0,nonexistent,-0.1,93.2,-42.0,4.0760000000000005,5195.8,no
38,management,married,university.degree,no,yes,no,cellular,nov,thu,82,1,999,0,nonexistent,-0.1,93.2,-42.0,4.0760000000000005,5195.8,no
44,self-employed,married,university.degree,no,no,no,telephone,nov,thu,39,1,999,0,nonexistent,-0.1,93.2,-42.0,4.0760000000000005,5195.8,no
33,management,married,university.degree,no,no,no,cellular,nov,thu,133,1,999,0,nonexistent,-0.1,93.2,-42.0,4.0760000000000005,5195.8,no
55,entrepreneur,married,professional.course,no,yes,no,cellular,nov,thu,45,2,999,1,failure,-0.1,93.2,-42.0,4.0760000000000005,5195.8,no
51,entrepreneur,single,university.degree,no,no,no,cellular,nov,thu,139,1,999,0,nonexistent,-0.1,93.2,-42.0,4.0760000000000005,5195.8,no
34,management,married,university.degree,no,no,yes,cellular,nov,thu,116,1,999,0,nonexistent,-0.1,93.2,-42.0,4.0760000000000005,5195.8,no
35,services,divorced,high.school,no,no,no,cellular,nov,thu,410,1,999,0,nonexistent,-0.1,93.2,-42.0,4.0760000000000005,5195.8,no
30,entrepreneur,single,university.degree,no,yes,no,cellular,nov,thu,45,1,999,0,nonexistent,-0.1,93.2,-42.0,4.0760000000000005,5195.8,no
32,entrepreneur,married,university.degree,no,no,no,telephone,nov,thu,125,2,999,0,nonexistent,-0.1,93.2,-42.0,4.0760000000000005,5195.8,no
34,services,married,basic.4y,no,yes,no,cellular,nov,thu,80,1,999,0,nonexistent,-0.1,93.2,-42.0,4.0760000000000005,5195.8,no
30,blue-collar,single,basic.9y,unknown,unknown,unknown,cellular,nov,thu,93,2,999,0,nonexistent,-0.1,93.2,-42.0,4.0760000000000005,5195.8,no
46,blue-collar,single,basic.4y,no,yes,yes,cellular,nov,thu,145,1,999,0,nonexistent,-0.1,93.2,-42.0,4.0760000000000005,5195.8,no
31,admin.,married,university.degree,no,yes,no,cellular,nov,thu,86,1,999,0,nonexistent,-0.1,93.2,-42.0,4.0760000000000005,5195.8,no
31,management,single,university.degree,no,yes,no,telephone,nov,thu,207,3,999,0,nonexistent,-0.1,93.2,-42.0,4.0760000000000005,5195.8,no
37,management,married,university.degree,no,no,no,cellular,nov,thu,89,1,999,0,nonexistent,-0.1,93.2,-42.0,4.0760000000000005,5195.8,no
36,management,married,university.degree,no,yes,yes,cellular,nov,thu,283,2,999,0,nonexistent,-0.1,93.2,-42.0,4.0760000000000005,5195.8,no
35,self-employed,unknown,university.degree,no,no,no,cellular,nov,thu,221,1,999,0,nonexistent,-0.1,93.2,-42.0,4.0760000000000005,5195.8,no
44,blue-collar,married,basic.4y,no,no,no,cellular,nov,thu,107,1,999,0,nonexistent,-0.1,93.2,-42.0,4.0760000000000005,5195.8,no
30,entrepreneur,single,university.degree,no,yes,no,cellular,nov,thu,531,1,999,1,failure,-0.1,93.2,-42.0,4.0760000000000005,5195.8,yes
36,admin.,married,high.school,no,no,no,cellular,nov,thu,59,2,999,0,nonexistent,-0.1,93.2,-42.0,4.0760000000000005,5195.8,no
30,admin.,single,university.degree,no,no,no,cellular,nov,thu,85,1,999,1,failure,-0.1,93.2,-42.0,4.0760000000000005,5195.8,no
52,blue-collar,divorced,basic.4y,no,no,no,cellular,nov,thu,200,1,999,0,nonexistent,-0.1,93.2,-42.0,4.0760000000000005,5195.8,no
35,blue-collar,married,basic.9y,unknown,no,no,cellular,nov,thu,543,1,999,0,nonexistent,-0.1,93.2,-42.0,4.0760000000000005,5195.8,yes
31,admin.,single,university.degree,no,yes,yes,telephone,nov,thu,90,2,999,0,nonexistent,-0.1,93.2,-42.0,4.0760000000000005,5195.8,no
53,management,married,high.school,no,no,no,cellular,nov,thu,227,1,999,0,nonexistent,-0.1,93.2,-42.0,4.0760000000000005,5195.8,no
40,admin.,single,high.school,no,yes,no,telephone,nov,thu,119,2,999,0,nonexistent,-0.1,93.2,-42.0,4.0760000000000005,5195.8,no
46,management,single,university.degree,no,yes,yes,cellular,nov,thu,292,2,999,0,nonexistent,-0.1,93.2,-42.0,4.0760000000000005,5195.8,no
38,management,single,university.degree,no,no,no,cellular,nov,thu,69,4,999,0,nonexistent,-0.1,93.2,-42.0,4.0760000000000005,5195.8,no
41,blue-collar,single,basic.9y,no,no,no,cellular,nov,thu,120,4,999,1,failure,-0.1,93.2,-42.0,4.0760000000000005,5195.8,no
30,admin.,married,university.degree,no,yes,no,cellular,nov,thu,857,3,999,0,nonexistent,-0.1,93.2,-42.0,4.0760000000000005,5195.8,yes
50,admin.,divorced,university.degree,no,no,no,cellular,nov,thu,160,1,999,0,nonexistent,-0.1,93.2,-42.0,4.0760000000000005,5195.8,no
43,blue-collar,married,basic.9y,no,yes,no,cellular,nov,thu,340,1,999,0,nonexistent,-0.1,93.2,-42.0,4.0760000000000005,5195.8,no
43,blue-collar,married,basic.9y,no,yes,no,cellular,nov,thu,352,1,999,1,failure,-0.1,93.2,-42.0,4.0760000000000005,5195.8,no
31,services,single,high.school,no,yes,no,cellular,nov,thu,475,1,999,0,nonexistent,-0.1,93.2,-42.0,4.0760000000000005,5195.8,no
32,blue-collar,married,basic.6y,no,no,no,cellular,nov,thu,322,4,999,0,nonexistent,-0.1,93.2,-42.0,4.0760000000000005,5195.8,no
33,unemployed,single,university.degree,no,no,no,cellular,nov,thu,153,1,999,1,failure,-0.1,93.2,-42.0,4.0760000000000005,5195.8,no
55,retired,divorced,basic.9y,no,no,no,cellular,nov,thu,178,1,999,0,nonexistent,-0.1,93.2,-42.0,4.0760000000000005,5195.8,no
39,management,married,university.degree,no,no,no,cellular,nov,thu,73,1,999,0,nonexistent,-0.1,93.2,-42.0,4.0760000000000005,5195.8,no
39,blue-collar,married,basic.9y,no,no,no,telephone,nov,thu,281,2,999,1,failure,-0.1,93.2,-42.0,4.0760000000000005,5195.8,no
30,services,married,high.school,no,yes,no,cellular,nov,thu,80,1,999,0,nonexistent,-0.1,93.2,-42.0,4.0760000000000005,5195.8,no
36,blue-collar,married,basic.9y,no,no,no,telephone,nov,thu,96,8,999,0,nonexistent,-0.1,93.2,-42.0,4.0760000000000005,5195.8,no
29,entrepreneur,married,university.degree,no,no,no,cellular,nov,thu,62,5,999,0,nonexistent,-0.1,93.2,-42.0,4.0760000000000005,5195.8,no
39,admin.,married,university.degree,no,no,no,cellular,nov,thu,240,1,999,0,nonexistent,-0.1,93.2,-42.0,4.0760000000000005,5195.8,no
29,services,married,high.school,unknown,yes,yes,cellular,nov,thu,129,4,999,0,nonexistent,-0.1,93.2,-42.0,4.0760000000000005,5195.8,no
44,admin.,single,professional.course,no,yes,no,cellular,nov,thu,931,4,999,0,nonexistent,-0.1,93.2,-42.0,4.0760000000000005,5195.8,yes
30,management,single,university.degree,no,no,no,cellular,nov,thu,197,5,999,1,failure,-0.1,93.2,-42.0,4.0760000000000005,5195.8,no
39,entrepreneur,married,high.school,no,no,no,cellular,nov,thu,150,1,999,0,nonexistent,-0.1,93.2,-42.0,4.0760000000000005,5195.8,no
41,services,married,unknown,no,yes,yes,cellular,nov,thu,597,1,999,0,nonexistent,-0.1,93.2,-42.0,4.0760000000000005,5195.8,no
33,blue-collar,married,basic.9y,no,no,yes,cellular,nov,thu,200,1,999,0,nonexistent,-0.1,93.2,-42.0,4.0760000000000005,5195.8,no
29,self-employed,single,university.degree,no,no,no,cellular,nov,thu,88,1,999,0,nonexistent,-0.1,93.2,-42.0,4.0760000000000005,5195.8,no
35,blue-collar,married,basic.6y,no,yes,no,cellular,nov,thu,150,1,999,0,nonexistent,-0.1,93.2,-42.0,4.0760000000000005,5195.8,no
33,blue-collar,married,basic.9y,no,no,no,cellular,nov,thu,593,1,999,0,nonexistent,-0.1,93.2,-42.0,4.0760000000000005,5195.8,yes
41,services,married,university.degree,no,yes,no,cellular,nov,thu,283,1,999,0,nonexistent,-0.1,93.2,-42.0,4.0760000000000005,5195.8,no
43,unemployed,single,university.degree,no,yes,yes,cellular,nov,thu,69,3,999,0,nonexistent,-0.1,93.2,-42.0,4.0760000000000005,5195.8,no
40,blue-collar,married,basic.6y,unknown,yes,no,cellular,nov,thu,142,3,999,0,nonexistent,-0.1,93.2,-42.0,4.0760000000000005,5195.8,no
36,admin.,married,high.school,no,yes,no,cellular,nov,thu,59,3,999,0,nonexistent,-0.1,93.2,-42.0,4.0760000000000005,5195.8,no
56,management,divorced,university.degree,no,yes,no,cellular,nov,thu,487,1,999,0,nonexistent,-0.1,93.2,-42.0,4.0760000000000005,5195.8,no
30,admin.,divorced,high.school,no,no,no,cellular,nov,thu,418,3,999,0,nonexistent,-0.1,93.2,-42.0,4.0760000000000005,5195.8,no
32,services,married,high.school,no,yes,no,cellular,nov,thu,282,2,999,0,nonexistent,-0.1,93.2,-42.0,4.0760000000000005,5195.8,no
47,admin.,married,university.degree,no,yes,no,cellular,nov,thu,70,2,999,0,nonexistent,-0.1,93.2,-42.0,4.0760000000000005,5195.8,no
33,services,married,high.school,unknown,yes,no,cellular,nov,thu,83,3,999,1,failure,-0.1,93.2,-42.0,4.0760000000000005,5195.8,no
58,admin.,married,university.degree,no,yes,no,cellular,nov,thu,554,2,999,0,nonexistent,-0.1,93.2,-42.0,4.0760000000000005,5195.8,no
31,admin.,married,university.degree,no,no,no,cellular,nov,thu,282,1,999,0,nonexistent,-0.1,93.2,-42.0,4.0760000000000005,5195.8,no
45,unemployed,married,basic.9y,no,yes,no,cellular,nov,thu,454,5,999,0,nonexistent,-0.1,93.2,-42.0,4.0760000000000005,5195.8,no
31,admin.,married,university.degree,no,yes,no,cellular,nov,thu,95,1,999,0,nonexistent,-0.1,93.2,-42.0,4.0760000000000005,5195.8,no
42,services,married,basic.6y,no,no,no,cellular,nov,thu,324,7,999,1,failure,-0.1,93.2,-42.0,4.0760000000000005,5195.8,no
37,management,divorced,university.degree,no,yes,no,cellular,nov,thu,256,4,999,0,nonexistent,-0.1,93.2,-42.0,4.0760000000000005,5195.8,no
43,admin.,married,university.degree,no,yes,no,cellular,nov,thu,197,2,999,0,nonexistent,-0.1,93.2,-42.0,4.0760000000000005,5195.8,no
33,technician,divorced,professional.course,no,yes,no,cellular,nov,thu,104,3,999,1,failure,-0.1,93.2,-42.0,4.0760000000000005,5195.8,no
50,retired,divorced,high.school,no,yes,no,cellular,nov,thu,691,1,999,0,nonexistent,-0.1,93.2,-42.0,4.0760000000000005,5195.8,yes
40,blue-collar,married,basic.4y,no,yes,no,cellular,nov,thu,377,3,999,0,nonexistent,-0.1,93.2,-42.0,4.0760000000000005,5195.8,no
47,housemaid,single,basic.9y,no,no,no,cellular,nov,thu,128,1,999,0,nonexistent,-0.1,93.2,-42.0,4.0760000000000005,5195.8,no
55,entrepreneur,married,professional.course,no,yes,no,cellular,nov,thu,124,3,999,0,nonexistent,-0.1,93.2,-42.0,4.0760000000000005,5195.8,no
42,blue-collar,single,basic.4y,unknown,yes,no,cellular,nov,thu,269,1,999,0,nonexistent,-0.1,93.2,-42.0,4.0760000000000005,5195.8,no
44,admin.,single,university.degree,no,yes,yes,cellular,nov,thu,90,4,999,0,nonexistent,-0.1,93.2,-42.0,4.0760000000000005,5195.8,no
43,services,divorced,high.school,no,no,no,cellular,nov,thu,329,1,999,0,nonexistent,-0.1,93.2,-42.0,4.0760000000000005,5195.8,no
33,entrepreneur,married,university.degree,no,yes,yes,cellular,nov,thu,141,2,999,0,nonexistent,-0.1,93.2,-42.0,4.0760000000000005,5195.8,no
50,technician,married,professional.course,no,yes,no,cellular,nov,thu,161,1,999,1,failure,-0.1,93.2,-42.0,4.0760000000000005,5195.8,no
52,retired,married,university.degree,no,yes,no,telephone,nov,thu,188,2,999,0,nonexistent,-0.1,93.2,-42.0,4.0760000000000005,5195.8,no
31,admin.,married,university.degree,no,yes,no,cellular,nov,thu,395,1,999,0,nonexistent,-0.1,93.2,-42.0,4.0760000000000005,5195.8,no
34,management,divorced,university.degree,no,yes,yes,cellular,nov,thu,1258,2,999,0,nonexistent,-0.1,93.2,-42.0,4.0760000000000005,5195.8,yes
30,blue-collar,single,basic.9y,no,yes,no,cellular,nov,thu,145,1,999,0,nonexistent,-0.1,93.2,-42.0,4.0760000000000005,5195.8,no
30,blue-collar,married,basic.9y,unknown,no,no,cellular,nov,thu,677,1,999,0,nonexistent,-0.1,93.2,-42.0,4.0760000000000005,5195.8,yes
37,management,married,university.degree,no,yes,no,cellular,nov,thu,252,1,999,0,nonexistent,-0.1,93.2,-42.0,4.0760000000000005,5195.8,no
50,blue-collar,married,professional.course,no,yes,no,cellular,nov,thu,475,1,999,0,nonexistent,-0.1,93.2,-42.0,4.0760000000000005,5195.8,no
33,admin.,single,high.school,no,yes,no,cellular,nov,thu,172,2,999,0,nonexistent,-0.1,93.2,-42.0,4.0760000000000005,5195.8,no
41,services,single,high.school,unknown,yes,no,cellular,nov,thu,125,3,999,0,nonexistent,-0.1,93.2,-42.0,4.0760000000000005,5195.8,no
35,self-employed,married,high.school,no,yes,no,cellular,nov,thu,305,2,999,0,nonexistent,-0.1,93.2,-42.0,4.0760000000000005,5195.8,no
50,self-employed,divorced,university.degree,no,yes,no,cellular,nov,thu,743,1,999,1,failure,-0.1,93.2,-42.0,4.0760000000000005,5195.8,no
44,blue-collar,married,basic.4y,no,no,no,cellular,nov,thu,62,1,999,0,nonexistent,-0.1,93.2,-42.0,4.0760000000000005,5195.8,no
41,blue-collar,married,basic.4y,no,yes,no,cellular,nov,thu,81,2,999,0,nonexistent,-0.1,93.2,-42.0,4.0760000000000005,5195.8,no
48,technician,divorced,professional.course,no,yes,no,cellular,nov,thu,89,1,999,1,failure,-0.1,93.2,-42.0,4.0760000000000005,5195.8,no
31,services,single,high.school,no,yes,no,cellular,nov,thu,452,2,999,0,nonexistent,-0.1,93.2,-42.0,4.0760000000000005,5195.8,no
50,technician,married,high.school,no,yes,no,telephone,nov,thu,75,2,999,1,failure,-0.1,93.2,-42.0,4.0760000000000005,5195.8,no
43,management,married,university.degree,no,yes,no,cellular,nov,thu,661,4,999,1,failure,-0.1,93.2,-42.0,4.0760000000000005,5195.8,no
34,unemployed,married,high.school,no,yes,no,cellular,nov,thu,562,2,999,0,nonexistent,-0.1,93.2,-42.0,4.0760000000000005,5195.8,yes
29,services,married,high.school,no,yes,no,cellular,nov,thu,278,4,999,0,nonexistent,-0.1,93.2,-42.0,4.0760000000000005,5195.8,no
53,management,married,high.school,no,no,no,cellular,nov,thu,184,1,999,1,failure,-0.1,93.2,-42.0,4.0760000000000005,5195.8,no
53,self-employed,divorced,professional.course,no,yes,no,cellular,nov,thu,73,1,999,0,nonexistent,-0.1,93.2,-42.0,4.0760000000000005,5195.8,no
31,blue-collar,single,high.school,no,no,no,cellular,nov,thu,184,1,999,0,nonexistent,-0.1,93.2,-42.0,4.0760000000000005,5195.8,no
51,technician,married,professional.course,no,yes,no,cellular,nov,thu,123,1,999,0,nonexistent,-0.1,93.2,-42.0,4.0760000000000005,5195.8,no
57,admin.,divorced,university.degree,no,yes,yes,cellular,nov,thu,1154,1,999,0,nonexistent,-0.1,93.2,-42.0,4.0760000000000005,5195.8,yes
31,blue-collar,single,high.school,no,yes,no,cellular,nov,thu,359,1,999,0,nonexistent,-0.1,93.2,-42.0,4.0760000000000005,5195.8,no
29,admin.,single,university.degree,no,yes,yes,cellular,nov,thu,60,1,999,0,nonexistent,-0.1,93.2,-42.0,4.0760000000000005,5195.8,no
29,blue-collar,single,basic.9y,no,yes,no,cellular,nov,thu,249,1,999,0,nonexistent,-0.1,93.2,-42.0,4.0760000000000005,5195.8,no
47,admin.,married,basic.9y,no,no,no,cellular,nov,thu,164,1,999,0,nonexistent,-0.1,93.2,-42.0,4.0760000000000005,5195.8,no
51,admin.,divorced,high.school,no,no,yes,cellular,nov,thu,64,1,999,0,nonexistent,-0.1,93.2,-42.0,4.0760000000000005,5195.8,no
51,self-employed,married,basic.9y,no,yes,yes,cellular,nov,thu,244,1,999,0,nonexistent,-0.1,93.2,-42.0,4.0760000000000005,5195.8,no
45,technician,divorced,professional.course,no,yes,yes,cellular,nov,thu,705,1,999,0,nonexistent,-0.1,93.2,-42.0,4.0760000000000005,5195.8,yes
31,admin.,married,university.degree,no,no,no,cellular,nov,thu,96,1,999,0,nonexistent,-0.1,93.2,-42.0,4.0760000000000005,5195.8,no
30,services,married,high.school,unknown,no,yes,cellular,nov,thu,178,4,999,0,nonexistent,-0.1,93.2,-42.0,4.0760000000000005,5195.8,no
31,admin.,married,university.degree,no,no,no,cellular,nov,thu,211,1,999,0,nonexistent,-0.1,93.2,-42.0,4.0760000000000005,5195.8,no
30,blue-collar,married,basic.6y,no,yes,yes,cellular,nov,thu,74,1,999,0,nonexistent,-0.1,93.2,-42.0,4.0760000000000005,5195.8,no
51,retired,married,basic.9y,no,yes,no,cellular,nov,thu,259,1,999,0,nonexistent,-0.1,93.2,-42.0,4.0760000000000005,5195.8,no
52,housemaid,married,basic.9y,no,yes,no,cellular,nov,thu,339,1,999,0,nonexistent,-0.1,93.2,-42.0,4.0760000000000005,5195.8,no
30,blue-collar,married,basic.6y,no,yes,yes,cellular,nov,thu,195,1,999,1,failure,-0.1,93.2,-42.0,4.0760000000000005,5195.8,no
41,admin.,divorced,university.degree,no,yes,no,cellular,nov,thu,168,1,999,0,nonexistent,-0.1,93.2,-42.0,4.0760000000000005,5195.8,no
44,entrepreneur,married,university.degree,no,yes,yes,cellular,nov,thu,96,1,999,0,nonexistent,-0.1,93.2,-42.0,4.0760000000000005,5195.8,no
37,admin.,single,high.school,no,yes,no,cellular,nov,thu,1035,1,999,0,nonexistent,-0.1,93.2,-42.0,4.0760000000000005,5195.8,yes
29,admin.,single,university.degree,no,yes,yes,cellular,nov,thu,736,1,999,0,nonexistent,-0.1,93.2,-42.0,4.0760000000000005,5195.8,yes
31,technician,married,basic.6y,no,yes,no,telephone,nov,thu,51,8,999,1,failure,-0.1,93.2,-42.0,4.0760000000000005,5195.8,no
31,blue-collar,single,basic.4y,no,yes,no,cellular,nov,thu,111,2,999,0,nonexistent,-0.1,93.2,-42.0,4.0760000000000005,5195.8,no
29,technician,single,professional.course,unknown,no,no,cellular,nov,thu,308,1,999,0,nonexistent,-0.1,93.2,-42.0,4.0760000000000005,5195.8,no
30,technician,single,professional.course,no,no,no,cellular,nov,thu,214,1,999,0,nonexistent,-0.1,93.2,-42.0,4.0760000000000005,5195.8,no
46,unemployed,married,basic.9y,no,yes,no,cellular,nov,thu,352,1,999,0,nonexistent,-0.1,93.2,-42.0,4.0760000000000005,5195.8,no
41,services,married,high.school,unknown,yes,no,cellular,nov,thu,255,2,999,0,nonexistent,-0.1,93.2,-42.0,4.0760000000000005,5195.8,no
36,unemployed,single,basic.9y,no,yes,no,cellular,nov,thu,118,4,999,0,nonexistent,-0.1,93.2,-42.0,4.0760000000000005,5195.8,no
38,blue-collar,married,basic.4y,no,no,no,cellular,nov,thu,190,5,999,1,failure,-0.1,93.2,-42.0,4.0760000000000005,5195.8,no
33,entrepreneur,married,university.degree,no,no,no,cellular,nov,thu,55,1,999,0,nonexistent,-0.1,93.2,-42.0,4.0760000000000005,5195.8,no
30,unemployed,married,university.degree,no,no,no,cellular,nov,thu,125,1,999,0,nonexistent,-0.1,93.2,-42.0,4.0760000000000005,5195.8,no
32,blue-collar,single,basic.4y,no,no,no,cellular,nov,thu,113,1,999,0,nonexistent,-0.1,93.2,-42.0,4.0760000000000005,5195.8,no
39,management,divorced,university.degree,no,yes,no,cellular,nov,thu,10,6,999,1,failure,-0.1,93.2,-42.0,4.0760000000000005,5195.8,no
43,technician,divorced,high.school,no,yes,no,cellular,nov,thu,94,1,999,0,nonexistent,-0.1,93.2,-42.0,4.0760000000000005,5195.8,no
33,unemployed,single,university.degree,no,yes,no,cellular,nov,thu,176,1,999,1,failure,-0.1,93.2,-42.0,4.0760000000000005,5195.8,no
31,blue-collar,married,basic.9y,no,no,no,cellular,nov,thu,277,1,999,0,nonexistent,-0.1,93.2,-42.0,4.0760000000000005,5195.8,no
33,blue-collar,married,basic.4y,unknown,no,no,cellular,nov,thu,53,1,999,0,nonexistent,-0.1,93.2,-42.0,4.0760000000000005,5195.8,no
53,management,married,university.degree,no,yes,no,cellular,nov,thu,888,2,999,1,failure,-0.1,93.2,-42.0,4.0760000000000005,5195.8,yes
33,blue-collar,married,basic.4y,unknown,yes,yes,cellular,nov,thu,129,1,999,0,nonexistent,-0.1,93.2,-42.0,4.0760000000000005,5195.8,no
36,services,single,high.school,no,no,no,cellular,nov,thu,105,1,999,0,nonexistent,-0.1,93.2,-42.0,4.0760000000000005,5195.8,no
30,blue-collar,single,basic.9y,no,no,no,cellular,nov,thu,197,1,999,0,nonexistent,-0.1,93.2,-42.0,4.0760000000000005,5195.8,no
41,admin.,single,university.degree,no,yes,no,cellular,nov,thu,80,1,999,0,nonexistent,-0.1,93.2,-42.0,4.0760000000000005,5195.8,no
37,blue-collar,divorced,professional.course,no,yes,no,cellular,nov,thu,75,1,999,0,nonexistent,-0.1,93.2,-42.0,4.0760000000000005,5195.8,no
55,admin.,married,university.degree,no,unknown,unknown,cellular,nov,thu,187,2,999,0,nonexistent,-0.1,93.2,-42.0,4.0760000000000005,5195.8,no
51,management,divorced,high.school,no,no,no,cellular,nov,thu,486,2,999,0,nonexistent,-0.1,93.2,-42.0,4.0760000000000005,5195.8,no
32,student,single,university.degree,no,no,no,cellular,nov,thu,151,2,999,0,nonexistent,-0.1,93.2,-42.0,4.0760000000000005,5195.8,no
39,blue-collar,married,basic.9y,unknown,yes,no,cellular,nov,thu,124,1,999,0,nonexistent,-0.1,93.2,-42.0,4.0760000000000005,5195.8,no
56,housemaid,divorced,basic.4y,no,no,no,cellular,nov,thu,80,1,999,0,nonexistent,-0.1,93.2,-42.0,4.0760000000000005,5195.8,no
29,technician,single,professional.course,unknown,yes,no,cellular,nov,thu,239,1,999,0,nonexistent,-0.1,93.2,-42.0,4.0760000000000005,5195.8,no
34,blue-collar,married,basic.4y,no,no,no,cellular,nov,thu,223,1,999,1,failure,-0.1,93.2,-42.0,4.0760000000000005,5195.8,no
56,housemaid,divorced,basic.4y,no,yes,no,cellular,nov,thu,212,1,999,1,failure,-0.1,93.2,-42.0,4.0760000000000005,5195.8,no
31,services,single,high.school,no,no,no,cellular,nov,thu,151,1,999,0,nonexistent,-0.1,93.2,-42.0,4.0760000000000005,5195.8,no
32,management,single,university.degree,no,no,no,cellular,nov,thu,500,2,999,1,failure,-0.1,93.2,-42.0,4.0760000000000005,5195.8,yes
51,unemployed,divorced,high.school,unknown,yes,no,cellular,nov,thu,1166,1,999,0,nonexistent,-0.1,93.2,-42.0,4.0760000000000005,5195.8,no
56,retired,married,basic.4y,no,yes,yes,cellular,nov,thu,258,1,999,0,nonexistent,-0.1,93.2,-42.0,4.0760000000000005,5195.8,no
34,self-employed,married,illiterate,no,yes,no,cellular,nov,thu,51,1,999,0,nonexistent,-0.1,93.2,-42.0,4.0760000000000005,5195.8,no
51,admin.,divorced,university.degree,no,no,no,cellular,nov,thu,140,1,999,0,nonexistent,-0.1,93.2,-42.0,4.0760000000000005,5195.8,no
46,admin.,married,high.school,no,yes,no,cellular,nov,thu,790,1,999,0,nonexistent,-0.1,93.2,-42.0,4.0760000000000005,5195.8,no
32,blue-collar,single,basic.9y,no,yes,no,cellular,nov,thu,75,2,999,0,nonexistent,-0.1,93.2,-42.0,4.0760000000000005,5195.8,no
34,management,married,university.degree,no,no,no,cellular,nov,thu,154,3,999,1,failure,-0.1,93.2,-42.0,4.0760000000000005,5195.8,no
31,admin.,married,university.degree,no,yes,no,cellular,nov,thu,131,3,999,0,nonexistent,-0.1,93.2,-42.0,4.0760000000000005,5195.8,no
38,blue-collar,married,basic.9y,no,yes,no,telephone,nov,thu,733,1,999,0,nonexistent,-0.1,93.2,-42.0,4.0760000000000005,5195.8,no
34,self-employed,married,illiterate,no,yes,no,cellular,nov,thu,488,1,999,0,nonexistent,-0.1,93.2,-42.0,4.0760000000000005,5195.8,yes
34,unemployed,married,university.degree,no,yes,no,cellular,nov,thu,266,3,999,0,nonexistent,-0.1,93.2,-42.0,4.0760000000000005,5195.8,no
37,management,married,basic.9y,no,yes,no,cellular,nov,thu,130,2,999,0,nonexistent,-0.1,93.2,-42.0,4.0760000000000005,5195.8,no
32,blue-collar,divorced,basic.9y,no,yes,no,telephone,nov,thu,1025,2,999,0,nonexistent,-0.1,93.2,-42.0,4.0760000000000005,5195.8,yes
33,technician,married,unknown,no,yes,no,cellular,nov,thu,68,1,999,0,nonexistent,-0.1,93.2,-42.0,4.0760000000000005,5195.8,no
29,admin.,married,basic.9y,no,no,no,cellular,nov,thu,143,1,999,0,nonexistent,-0.1,93.2,-42.0,4.0760000000000005,5195.8,no
31,blue-collar,single,high.school,no,yes,yes,cellular,nov,thu,559,2,999,0,nonexistent,-0.1,93.2,-42.0,4.0760000000000005,5195.8,no
53,management,divorced,university.degree,no,yes,no,cellular,nov,thu,350,1,999,0,nonexistent,-0.1,93.2,-42.0,4.0760000000000005,5195.8,no
30,blue-collar,single,high.school,no,yes,no,cellular,nov,thu,293,1,999,0,nonexistent,-0.1,93.2,-42.0,4.0760000000000005,5195.8,no
37,blue-collar,married,basic.4y,no,yes,no,cellular,nov,thu,138,1,999,0,nonexistent,-0.1,93.2,-42.0,4.0760000000000005,5195.8,no
39,services,single,university.degree,unknown,yes,no,cellular,nov,thu,689,2,999,0,nonexistent,-0.1,93.2,-42.0,4.0760000000000005,5195.8,no
53,housemaid,married,unknown,no,yes,no,cellular,nov,thu,104,5,999,0,nonexistent,-0.1,93.2,-42.0,4.0760000000000005,5195.8,no
31,technician,single,unknown,unknown,no,no,cellular,nov,thu,63,1,999,0,nonexistent,-0.1,93.2,-42.0,4.0760000000000005,5195.8,no
35,admin.,single,university.degree,no,yes,no,cellular,nov,thu,633,2,999,0,nonexistent,-0.1,93.2,-42.0,4.0760000000000005,5195.8,no
35,admin.,single,university.degree,no,yes,no,cellular,nov,thu,191,2,999,1,failure,-0.1,93.2,-42.0,4.0760000000000005,5195.8,no
31,admin.,single,university.degree,no,yes,no,cellular,nov,thu,239,2,999,0,nonexistent,-0.1,93.2,-42.0,4.0760000000000005,5195.8,no
35,admin.,married,high.school,no,yes,no,cellular,nov,thu,125,2,999,0,nonexistent,-0.1,93.2,-42.0,4.0760000000000005,5195.8,no
37,technician,married,professional.course,no,yes,no,cellular,nov,thu,63,2,999,1,failure,-0.1,93.2,-42.0,4.0760000000000005,5195.8,no
32,admin.,single,university.degree,no,no,no,telephone,nov,thu,65,2,999,0,nonexistent,-0.1,93.2,-42.0,4.0760000000000005,5195.8,no
46,blue-collar,married,basic.6y,no,no,no,cellular,nov,thu,123,3,999,0,nonexistent,-0.1,93.2,-42.0,4.0760000000000005,5195.8,no
55,technician,single,university.degree,unknown,yes,yes,cellular,nov,thu,92,2,999,0,nonexistent,-0.1,93.2,-42.0,4.0760000000000005,5195.8,no
45,unemployed,divorced,basic.4y,unknown,no,no,cellular,nov,thu,462,4,999,0,nonexistent,-0.1,93.2,-42.0,4.0760000000000005,5195.8,no
32,admin.,single,high.school,no,yes,no,cellular,nov,thu,141,4,999,0,nonexistent,-0.1,93.2,-42.0,4.0760000000000005,5195.8,no
56,technician,married,professional.course,no,no,no,cellular,nov,thu,51,2,999,0,nonexistent,-0.1,93.2,-42.0,4.0760000000000005,5195.8,no
31,blue-collar,married,basic.9y,unknown,no,no,cellular,nov,thu,425,2,999,0,nonexistent,-0.1,93.2,-42.0,4.0760000000000005,5195.8,no
56,management,married,university.degree,no,yes,no,cellular,nov,thu,149,2,999,0,nonexistent,-0.1,93.2,-42.0,4.0760000000000005,5195.8,no
50,blue-collar,married,professional.course,no,yes,no,telephone,nov,thu,547,2,999,0,nonexistent,-0.1,93.2,-42.0,4.0760000000000005,5195.8,no
29,self-employed,single,high.school,no,yes,yes,cellular,nov,thu,337,3,999,0,nonexistent,-0.1,93.2,-42.0,4.0760000000000005,5195.8,no
43,technician,married,professional.course,no,yes,yes,cellular,nov,thu,47,1,999,0,nonexistent,-0.1,93.2,-42.0,4.0760000000000005,5195.8,no
32,services,married,high.school,no,no,no,telephone,nov,thu,35,1,999,0,nonexistent,-0.1,93.2,-42.0,4.0760000000000005,5195.8,no
34,student,divorced,university.degree,no,yes,no,cellular,nov,thu,48,2,999,0,nonexistent,-0.1,93.2,-42.0,4.0760000000000005,5195.8,no
42,blue-collar,married,basic.9y,no,yes,no,cellular,nov,thu,230,1,999,0,nonexistent,-0.1,93.2,-42.0,4.0760000000000005,5195.8,no
47,management,married,university.degree,no,yes,yes,cellular,nov,thu,109,4,999,0,nonexistent,-0.1,93.2,-42.0,4.0760000000000005,5195.8,no
35,self-employed,single,professional.course,no,yes,no,cellular,nov,thu,361,1,999,0,nonexistent,-0.1,93.2,-42.0,4.0760000000000005,5195.8,no
31,services,single,high.school,no,yes,no,cellular,nov,thu,67,2,999,0,nonexistent,-0.1,93.2,-42.0,4.0760000000000005,5195.8,no
40,blue-collar,married,basic.6y,no,yes,no,telephone,nov,thu,107,2,999,0,nonexistent,-0.1,93.2,-42.0,4.0760000000000005,5195.8,no
31,technician,married,high.school,no,yes,yes,cellular,nov,thu,435,1,999,0,nonexistent,-0.1,93.2,-42.0,4.0760000000000005,5195.8,no
31,services,single,high.school,no,no,no,cellular,nov,thu,140,1,999,0,nonexistent,-0.1,93.2,-42.0,4.0760000000000005,5195.8,no
33,blue-collar,single,high.school,no,yes,no,cellular,nov,thu,294,2,999,0,nonexistent,-0.1,93.2,-42.0,4.0760000000000005,5195.8,no
46,management,married,university.degree,no,yes,no,cellular,nov,thu,205,6,999,0,nonexistent,-0.1,93.2,-42.0,4.0760000000000005,5195.8,no
33,blue-collar,single,basic.9y,no,yes,no,cellular,nov,thu,175,1,999,0,nonexistent,-0.1,93.2,-42.0,4.0760000000000005,5195.8,no
32,blue-collar,divorced,basic.9y,no,yes,yes,cellular,nov,thu,215,6,999,1,failure,-0.1,93.2,-42.0,4.0760000000000005,5195.8,no
32,admin.,married,university.degree,no,yes,yes,cellular,nov,thu,51,1,999,0,nonexistent,-0.1,93.2,-42.0,4.0760000000000005,5195.8,no
31,technician,single,professional.course,no,yes,no,cellular,nov,thu,207,5,999,1,failure,-0.1,93.2,-42.0,4.0760000000000005,5195.8,no
49,unemployed,unknown,high.school,no,yes,no,cellular,nov,thu,73,1,999,0,nonexistent,-0.1,93.2,-42.0,4.0760000000000005,5195.8,no
35,admin.,single,university.degree,no,yes,no,cellular,nov,thu,20,8,6,1,success,-0.1,93.2,-42.0,4.0760000000000005,5195.8,no
30,services,married,high.school,no,no,no,cellular,nov,thu,186,1,999,0,nonexistent,-0.1,93.2,-42.0,4.0760000000000005,5195.8,no
51,unemployed,married,high.school,no,yes,no,cellular,nov,thu,120,4,999,0,nonexistent,-0.1,93.2,-42.0,4.0760000000000005,5195.8,no
30,admin.,single,university.degree,no,no,no,cellular,nov,thu,319,5,999,0,nonexistent,-0.1,93.2,-42.0,4.0760000000000005,5195.8,no
36,blue-collar,married,high.school,no,no,no,cellular,nov,thu,52,2,999,0,nonexistent,-0.1,93.2,-42.0,4.0760000000000005,5195.8,no
52,technician,divorced,university.degree,no,yes,no,cellular,nov,thu,154,2,999,0,nonexistent,-0.1,93.2,-42.0,4.0760000000000005,5195.8,no
51,admin.,divorced,university.degree,no,no,no,cellular,nov,thu,267,1,999,0,nonexistent,-0.1,93.2,-42.0,4.0760000000000005,5195.8,no
34,self-employed,married,illiterate,no,yes,no,cellular,nov,thu,113,1,999,1,failure,-0.1,93.2,-42.0,4.0760000000000005,5195.8,no
55,management,divorced,university.degree,no,yes,no,cellular,nov,thu,159,1,999,0,nonexistent,-0.1,93.2,-42.0,4.0760000000000005,5195.8,no
29,technician,single,professional.course,unknown,no,no,cellular,nov,thu,128,2,999,1,failure,-0.1,93.2,-42.0,4.0760000000000005,5195.8,no
51,admin.,divorced,university.degree,no,yes,yes,cellular,nov,thu,249,2,999,0,nonexistent,-0.1,93.2,-42.0,4.0760000000000005,5195.8,no
39,entrepreneur,married,professional.course,no,yes,no,cellular,nov,thu,195,3,999,1,failure,-0.1,93.2,-42.0,4.0760000000000005,5195.8,no
31,technician,single,professional.course,no,yes,no,cellular,nov,thu,16,9,999,0,nonexistent,-0.1,93.2,-42.0,4.0760000000000005,5195.8,no
48,admin.,divorced,high.school,no,no,no,cellular,nov,thu,330,3,999,0,nonexistent,-0.1,93.2,-42.0,4.0760000000000005,5195.8,no
30,blue-collar,married,basic.9y,no,yes,no,telephone,nov,thu,25,2,999,0,nonexistent,-0.1,93.2,-42.0,4.0760000000000005,5195.8,no
50,admin.,single,university.degree,no,yes,yes,cellular,nov,thu,340,2,999,1,failure,-0.1,93.2,-42.0,4.0760000000000005,5195.8,no
32,admin.,married,university.degree,no,yes,no,cellular,nov,thu,158,2,999,1,failure,-0.1,93.2,-42.0,4.0760000000000005,5195.8,no
35,unemployed,married,basic.4y,no,no,no,cellular,nov,thu,192,1,999,0,nonexistent,-0.1,93.2,-42.0,4.0760000000000005,5195.8,no
36,blue-collar,married,basic.9y,no,no,no,cellular,nov,thu,768,3,999,0,nonexistent,-0.1,93.2,-42.0,4.0760000000000005,5195.8,yes
40,blue-collar,single,basic.9y,no,yes,yes,cellular,nov,thu,426,2,999,0,nonexistent,-0.1,93.2,-42.0,4.0760000000000005,5195.8,no
39,entrepreneur,married,university.degree,no,yes,no,cellular,nov,thu,260,1,999,0,nonexistent,-0.1,93.2,-42.0,4.0760000000000005,5195.8,no
39,management,married,unknown,no,no,no,cellular,nov,thu,352,1,999,0,nonexistent,-0.1,93.2,-42.0,4.0760000000000005,5195.8,no
30,admin.,married,basic.9y,no,yes,yes,cellular,nov,thu,539,1,999,0,nonexistent,-0.1,93.2,-42.0,4.0760000000000005,5195.8,no
51,unemployed,divorced,high.school,unknown,yes,no,cellular,nov,thu,187,2,999,0,nonexistent,-0.1,93.2,-42.0,4.0760000000000005,5195.8,no
39,management,married,unknown,no,yes,yes,cellular,nov,thu,758,1,999,0,nonexistent,-0.1,93.2,-42.0,4.0760000000000005,5195.8,yes
54,housemaid,divorced,university.degree,no,yes,yes,cellular,nov,thu,653,1,999,0,nonexistent,-0.1,93.2,-42.0,4.0760000000000005,5195.8,yes
31,technician,single,unknown,unknown,yes,no,cellular,nov,thu,276,1,999,0,nonexistent,-0.1,93.2,-42.0,4.0760000000000005,5195.8,no
33,blue-collar,married,basic.9y,unknown,yes,no,cellular,nov,thu,340,1,999,0,nonexistent,-0.1,93.2,-42.0,4.0760000000000005,5195.8,no
39,admin.,single,high.school,no,yes,yes,cellular,nov,thu,44,2,999,1,failure,-0.1,93.2,-42.0,4.0760000000000005,5195.8,no
29,services,married,basic.9y,no,yes,yes,cellular,nov,thu,142,1,999,0,nonexistent,-0.1,93.2,-42.0,4.0760000000000005,5195.8,no
31,admin.,married,university.degree,unknown,yes,no,cellular,nov,thu,55,1,999,0,nonexistent,-0.1,93.2,-42.0,4.0760000000000005,5195.8,no
30,services,married,basic.9y,no,yes,no,cellular,nov,thu,326,1,999,0,nonexistent,-0.1,93.2,-42.0,4.0760000000000005,5195.8,no
29,services,married,basic.9y,no,no,no,cellular,nov,thu,517,1,999,0,nonexistent,-0.1,93.2,-42.0,4.0760000000000005,5195.8,no
38,management,single,basic.9y,unknown,yes,no,cellular,nov,thu,972,2,999,0,nonexistent,-0.1,93.2,-42.0,4.0760000000000005,5195.8,no
33,admin.,single,university.degree,no,yes,no,cellular,nov,thu,73,1,999,0,nonexistent,-0.1,93.2,-42.0,4.0760000000000005,5195.8,no
41,blue-collar,married,basic.4y,no,no,no,cellular,nov,thu,77,3,999,1,failure,-0.1,93.2,-42.0,4.0760000000000005,5195.8,no
39,entrepreneur,married,university.degree,no,no,no,cellular,nov,thu,279,1,999,0,nonexistent,-0.1,93.2,-42.0,4.0760000000000005,5195.8,no
29,unemployed,married,basic.4y,unknown,yes,no,cellular,nov,thu,166,3,999,0,nonexistent,-0.1,93.2,-42.0,4.0760000000000005,5195.8,no
45,technician,single,professional.course,no,yes,no,cellular,nov,thu,102,4,999,0,nonexistent,-0.1,93.2,-42.0,4.0760000000000005,5195.8,no
31,technician,married,professional.course,no,yes,no,cellular,nov,thu,144,2,999,0,nonexistent,-0.1,93.2,-42.0,4.0760000000000005,5195.8,no
29,entrepreneur,married,university.degree,no,yes,yes,cellular,nov,thu,265,3,999,0,nonexistent,-0.1,93.2,-42.0,4.0760000000000005,5195.8,no
53,admin.,divorced,high.school,no,yes,no,cellular,nov,thu,115,2,999,1,failure,-0.1,93.2,-42.0,4.0760000000000005,5195.8,no
53,self-employed,single,university.degree,no,no,yes,cellular,nov,thu,61,2,999,1,failure,-0.1,93.2,-42.0,4.0760000000000005,5195.8,no
46,entrepreneur,divorced,basic.9y,no,yes,no,cellular,nov,thu,201,4,999,0,nonexistent,-0.1,93.2,-42.0,4.0760000000000005,5195.8,no
49,services,married,basic.4y,no,no,no,cellular,nov,thu,106,2,999,1,failure,-0.1,93.2,-42.0,4.0760000000000005,5195.8,no
43,technician,married,high.school,no,yes,no,telephone,nov,thu,37,4,999,0,nonexistent,-0.1,93.2,-42.0,4.0760000000000005,5195.8,no
38,entrepreneur,married,university.degree,no,yes,no,cellular,nov,thu,106,3,999,1,failure,-0.1,93.2,-42.0,4.0760000000000005,5195.8,no
33,unemployed,single,university.degree,no,no,no,cellular,nov,thu,187,2,999,0,nonexistent,-0.1,93.2,-42.0,4.0760000000000005,5195.8,no
51,self-employed,married,university.degree,no,yes,no,cellular,nov,thu,101,2,999,0,nonexistent,-0.1,93.2,-42.0,4.0760000000000005,5195.8,no
45,management,married,professional.course,no,yes,no,cellular,nov,thu,619,3,999,0,nonexistent,-0.1,93.2,-42.0,4.0760000000000005,5195.8,no
44,self-employed,married,basic.9y,no,yes,no,cellular,nov,thu,104,4,999,1,failure,-0.1,93.2,-42.0,4.0760000000000005,5195.8,no
39,services,single,university.degree,unknown,yes,no,cellular,nov,thu,43,3,999,0,nonexistent,-0.1,93.2,-42.0,4.0760000000000005,5195.8,no
32,services,married,basic.4y,unknown,no,no,cellular,nov,thu,813,2,999,0,nonexistent,-0.1,93.2,-42.0,4.0760000000000005,5195.8,no
50,unemployed,married,high.school,no,no,no,cellular,nov,thu,808,3,999,0,nonexistent,-0.1,93.2,-42.0,4.0760000000000005,5195.8,no
50,blue-collar,married,professional.course,no,no,no,cellular,nov,thu,600,3,999,1,failure,-0.1,93.2,-42.0,4.0760000000000005,5195.8,no
31,services,married,professional.course,no,no,no,cellular,nov,thu,627,3,999,0,nonexistent,-0.1,93.2,-42.0,4.0760000000000005,5195.8,no
41,management,married,basic.9y,no,no,no,cellular,nov,thu,329,2,999,0,nonexistent,-0.1,93.2,-42.0,4.0760000000000005,5195.8,no
30,technician,single,university.degree,no,no,yes,cellular,nov,thu,399,2,999,1,failure,-0.1,93.2,-42.0,4.0760000000000005,5195.8,no
29,admin.,single,high.school,no,yes,no,cellular,nov,thu,87,2,999,0,nonexistent,-0.1,93.2,-42.0,4.0760000000000005,5195.8,no
36,technician,single,professional.course,no,yes,no,cellular,nov,thu,911,3,999,0,nonexistent,-0.1,93.2,-42.0,4.0760000000000005,5195.8,no
36,technician,single,professional.course,no,yes,no,cellular,nov,thu,352,3,999,0,nonexistent,-0.1,93.2,-42.0,4.0760000000000005,5195.8,no
43,blue-collar,married,basic.6y,no,yes,no,telephone,nov,thu,20,4,999,0,nonexistent,-0.1,93.2,-42.0,4.0760000000000005,5195.8,no
46,technician,married,professional.course,no,no,no,cellular,nov,thu,108,2,999,0,nonexistent,-0.1,93.2,-42.0,4.0760000000000005,5195.8,no
38,management,single,university.degree,no,yes,no,cellular,nov,thu,262,3,999,0,nonexistent,-0.1,93.2,-42.0,4.0760000000000005,5195.8,no
38,management,married,university.degree,no,no,no,cellular,nov,thu,196,2,999,0,nonexistent,-0.1,93.2,-42.0,4.0760000000000005,5195.8,no
29,admin.,single,university.degree,no,yes,yes,cellular,nov,thu,43,4,999,1,failure,-0.1,93.2,-42.0,4.0760000000000005,5195.8,no
30,blue-collar,married,basic.9y,no,yes,no,cellular,nov,thu,128,2,999,0,nonexistent,-0.1,93.2,-42.0,4.0760000000000005,5195.8,no
29,blue-collar,single,basic.4y,no,yes,yes,cellular,nov,thu,104,5,999,0,nonexistent,-0.1,93.2,-42.0,4.0760000000000005,5195.8,no
36,services,married,high.school,no,yes,no,cellular,nov,thu,111,3,999,1,failure,-0.1,93.2,-42.0,4.0760000000000005,5195.8,no
36,technician,single,professional.course,no,yes,no,cellular,nov,thu,61,3,999,0,nonexistent,-0.1,93.2,-42.0,4.0760000000000005,5195.8,no
33,services,married,high.school,unknown,no,no,cellular,nov,thu,130,3,999,0,nonexistent,-0.1,93.2,-42.0,4.0760000000000005,5195.8,no
33,admin.,divorced,university.degree,no,yes,no,telephone,nov,thu,119,3,999,0,nonexistent,-0.1,93.2,-42.0,4.0760000000000005,5195.8,no
39,entrepreneur,married,professional.course,no,unknown,unknown,cellular,nov,thu,165,3,999,0,nonexistent,-0.1,93.2,-42.0,4.0760000000000005,5195.8,no
30,admin.,single,university.degree,no,yes,no,telephone,nov,thu,105,2,999,0,nonexistent,-0.1,93.2,-42.0,4.0760000000000005,5195.8,no
52,management,married,university.degree,no,yes,no,cellular,nov,thu,179,2,999,0,nonexistent,-0.1,93.2,-42.0,4.0760000000000005,5195.8,no
46,technician,divorced,professional.course,no,yes,no,cellular,nov,thu,240,2,999,0,nonexistent,-0.1,93.2,-42.0,4.0760000000000005,5195.8,no
35,blue-collar,married,basic.9y,unknown,yes,no,cellular,nov,thu,198,2,999,0,nonexistent,-0.1,93.2,-42.0,4.0760000000000005,5195.8,no
34,entrepreneur,married,university.degree,no,yes,no,cellular,nov,thu,129,2,999,0,nonexistent,-0.1,93.2,-42.0,4.0760000000000005,5195.8,no
38,management,married,university.degree,no,yes,no,cellular,nov,thu,182,2,999,0,nonexistent,-0.1,93.2,-42.0,4.0760000000000005,5195.8,no
33,admin.,married,university.degree,unknown,yes,no,cellular,nov,thu,386,2,999,0,nonexistent,-0.1,93.2,-42.0,4.0760000000000005,5195.8,no
36,admin.,single,university.degree,no,no,no,cellular,nov,thu,642,2,999,0,nonexistent,-0.1,93.2,-42.0,4.0760000000000005,5195.8,no
31,admin.,single,university.degree,no,no,no,cellular,nov,thu,434,2,999,0,nonexistent,-0.1,93.2,-42.0,4.0760000000000005,5195.8,no
41,services,single,basic.9y,no,yes,no,cellular,nov,thu,163,2,999,0,nonexistent,-0.1,93.2,-42.0,4.0760000000000005,5195.8,no
33,admin.,divorced,university.degree,no,yes,no,cellular,nov,thu,214,2,999,1,failure,-0.1,93.2,-42.0,4.0760000000000005,5195.8,no
35,technician,married,university.degree,no,no,no,cellular,nov,thu,1145,4,999,0,nonexistent,-0.1,93.2,-42.0,4.0760000000000005,5195.8,no
30,self-employed,married,professional.course,no,yes,no,cellular,nov,thu,329,2,999,0,nonexistent,-0.1,93.2,-42.0,4.0760000000000005,5195.8,no
33,admin.,married,university.degree,no,unknown,unknown,cellular,nov,thu,470,2,999,0,nonexistent,-0.1,93.2,-42.0,4.0760000000000005,5195.8,no
30,services,married,high.school,no,yes,no,cellular,nov,thu,75,2,999,0,nonexistent,-0.1,93.2,-42.0,4.0760000000000005,5195.8,no
32,admin.,married,university.degree,no,yes,no,cellular,nov,thu,155,1,999,0,nonexistent,-0.1,93.2,-42.0,4.0760000000000005,5195.8,no
41,management,divorced,basic.6y,no,yes,no,cellular,nov,thu,147,1,999,0,nonexistent,-0.1,93.2,-42.0,4.0760000000000005,5195.8,no
41,management,divorced,basic.6y,no,no,no,cellular,nov,thu,268,1,999,0,nonexistent,-0.1,93.2,-42.0,4.0760000000000005,5195.8,no
35,admin.,married,university.degree,no,no,no,cellular,nov,thu,533,2,999,0,nonexistent,-0.1,93.2,-42.0,4.0760000000000005,5195.8,no
31,admin.,single,university.degree,no,no,yes,cellular,nov,thu,264,1,999,0,nonexistent,-0.1,93.2,-42.0,4.0760000000000005,5195.8,no
30,technician,single,university.degree,no,no,yes,cellular,nov,thu,303,4,999,0,nonexistent,-0.1,93.2,-42.0,4.0760000000000005,5195.8,no
29,admin.,single,university.degree,no,yes,no,cellular,nov,thu,225,2,999,1,failure,-0.1,93.2,-42.0,4.0760000000000005,5195.8,no
39,management,married,university.degree,no,yes,yes,cellular,nov,thu,90,3,999,0,nonexistent,-0.1,93.2,-42.0,4.0760000000000005,5195.8,no
52,services,married,basic.6y,no,yes,no,cellular,nov,thu,283,2,999,0,nonexistent,-0.1,93.2,-42.0,4.0760000000000005,5195.8,no
32,admin.,single,university.degree,no,yes,yes,cellular,nov,thu,208,1,999,0,nonexistent,-0.1,93.2,-42.0,4.0760000000000005,5195.8,no
35,management,single,unknown,no,yes,yes,cellular,nov,thu,207,1,999,0,nonexistent,-0.1,93.2,-42.0,4.0760000000000005,5195.8,no
31,management,single,university.degree,no,no,no,cellular,nov,thu,319,1,999,1,failure,-0.1,93.2,-42.0,4.0760000000000005,5195.8,no
50,entrepreneur,married,university.degree,no,yes,no,cellular,nov,thu,57,3,999,0,nonexistent,-0.1,93.2,-42.0,4.0760000000000005,5195.8,no
46,blue-collar,married,basic.9y,unknown,yes,no,cellular,nov,thu,150,3,999,0,nonexistent,-0.1,93.2,-42.0,4.0760000000000005,5195.8,no
34,technician,single,university.degree,no,yes,no,cellular,nov,thu,354,2,999,0,nonexistent,-0.1,93.2,-42.0,4.0760000000000005,5195.8,no
45,management,single,basic.9y,no,yes,no,cellular,nov,thu,165,3,999,1,failure,-0.1,93.2,-42.0,4.0760000000000005,5195.8,no
30,admin.,single,university.degree,no,no,no,cellular,nov,thu,88,2,999,0,nonexistent,-0.1,93.2,-42.0,4.0760000000000005,5195.8,no
30,services,single,high.school,no,no,no,cellular,nov,thu,180,2,999,0,nonexistent,-0.1,93.2,-42.0,4.0760000000000005,5195.8,no
36,technician,divorced,professional.course,no,unknown,unknown,cellular,nov,thu,156,4,999,0,nonexistent,-0.1,93.2,-42.0,4.0760000000000005,5195.8,no
38,admin.,divorced,university.degree,no,yes,no,cellular,nov,thu,1532,3,999,0,nonexistent,-0.1,93.2,-42.0,4.0760000000000005,5195.8,yes
36,admin.,married,unknown,unknown,yes,no,cellular,nov,thu,235,3,999,0,nonexistent,-0.1,93.2,-42.0,4.0760000000000005,5195.8,no
37,management,married,unknown,no,yes,no,cellular,nov,thu,884,3,999,0,nonexistent,-0.1,93.2,-42.0,4.0760000000000005,5195.8,no
35,admin.,single,university.degree,no,yes,no,cellular,nov,thu,218,2,999,0,nonexistent,-0.1,93.2,-42.0,4.0760000000000005,5195.8,no
49,entrepreneur,married,high.school,unknown,yes,no,cellular,nov,thu,611,3,999,0,nonexistent,-0.1,93.2,-42.0,4.0760000000000005,5195.8,no
30,admin.,married,university.degree,no,no,no,cellular,nov,thu,248,2,999,0,nonexistent,-0.1,93.2,-42.0,4.0760000000000005,5195.8,no
43,technician,married,professional.course,no,no,no,cellular,nov,thu,75,3,999,0,nonexistent,-0.1,93.2,-42.0,4.0760000000000005,5195.8,no
46,blue-collar,married,basic.4y,unknown,yes,yes,cellular,nov,thu,60,2,999,0,nonexistent,-0.1,93.2,-42.0,4.0760000000000005,5195.8,no
33,admin.,single,university.degree,no,no,no,cellular,nov,thu,986,6,999,0,nonexistent,-0.1,93.2,-42.0,4.0760000000000005,5195.8,no
57,admin.,divorced,university.degree,no,yes,no,cellular,nov,thu,172,2,999,0,nonexistent,-0.1,93.2,-42.0,4.0760000000000005,5195.8,no
29,admin.,single,university.degree,no,yes,no,cellular,nov,thu,315,2,999,1,failure,-0.1,93.2,-42.0,4.0760000000000005,5195.8,no
57,admin.,divorced,university.degree,unknown,no,no,cellular,nov,thu,399,2,999,0,nonexistent,-0.1,93.2,-42.0,4.0760000000000005,5195.8,no
33,admin.,single,university.degree,no,no,no,cellular,nov,thu,117,3,999,0,nonexistent,-0.1,93.2,-42.0,4.0760000000000005,5195.8,no
36,self-employed,married,basic.9y,no,yes,yes,cellular,nov,thu,151,3,999,0,nonexistent,-0.1,93.2,-42.0,4.0760000000000005,5195.8,no
30,admin.,single,university.degree,no,yes,no,cellular,nov,thu,513,2,999,0,nonexistent,-0.1,93.2,-42.0,4.0760000000000005,5195.8,no
29,technician,single,university.degree,no,yes,yes,cellular,nov,thu,281,2,999,0,nonexistent,-0.1,93.2,-42.0,4.0760000000000005,5195.8,no
39,services,married,high.school,no,yes,no,cellular,nov,thu,116,2,999,0,nonexistent,-0.1,93.2,-42.0,4.0760000000000005,5195.8,no
47,admin.,married,high.school,no,no,no,cellular,nov,thu,115,3,999,0,nonexistent,-0.1,93.2,-42.0,4.0760000000000005,5195.8,no
55,unemployed,married,university.degree,no,yes,no,cellular,nov,thu,303,2,999,0,nonexistent,-0.1,93.2,-42.0,4.0760000000000005,5195.8,no
55,blue-collar,divorced,basic.9y,no,yes,no,cellular,nov,thu,97,2,999,0,nonexistent,-0.1,93.2,-42.0,4.0760000000000005,5195.8,no
55,blue-collar,divorced,basic.6y,no,yes,no,cellular,nov,thu,104,3,999,0,nonexistent,-0.1,93.2,-42.0,4.0760000000000005,5195.8,no
55,admin.,married,unknown,no,yes,yes,cellular,nov,thu,591,3,999,0,nonexistent,-0.1,93.2,-42.0,4.0760000000000005,5195.8,no
29,blue-collar,married,professional.course,no,yes,yes,cellular,nov,thu,136,3,999,0,nonexistent,-0.1,93.2,-42.0,4.0760000000000005,5195.8,no
31,services,divorced,high.school,no,yes,no,cellular,nov,thu,251,2,999,0,nonexistent,-0.1,93.2,-42.0,4.0760000000000005,5195.8,no
43,blue-collar,married,unknown,unknown,yes,no,cellular,nov,thu,355,6,999,0,nonexistent,-0.1,93.2,-42.0,4.0760000000000005,5195.8,no
32,services,married,basic.9y,unknown,yes,no,cellular,nov,thu,251,4,999,0,nonexistent,-0.1,93.2,-42.0,4.0760000000000005,5195.8,no
29,admin.,single,university.degree,no,yes,no,cellular,nov,thu,341,2,999,0,nonexistent,-0.1,93.2,-42.0,4.0760000000000005,5195.8,no
30,admin.,single,university.degree,no,no,yes,cellular,nov,thu,106,3,999,0,nonexistent,-0.1,93.2,-42.0,4.0760000000000005,5195.8,no
30,admin.,married,high.school,no,no,no,cellular,nov,thu,361,2,999,1,failure,-0.1,93.2,-42.0,4.0760000000000005,5195.8,no
37,unemployed,single,university.degree,no,no,no,cellular,nov,thu,212,2,999,0,nonexistent,-0.1,93.2,-42.0,4.0760000000000005,5195.8,no
55,management,divorced,university.degree,no,no,no,cellular,nov,thu,131,2,999,1,failure,-0.1,93.2,-42.0,4.0760000000000005,5195.8,no
38,blue-collar,divorced,basic.4y,no,no,no,cellular,nov,thu,60,2,999,0,nonexistent,-0.1,93.2,-42.0,4.0760000000000005,5195.8,no
46,management,single,university.degree,no,no,yes,cellular,nov,thu,378,8,999,0,nonexistent,-0.1,93.2,-42.0,4.0760000000000005,5195.8,no
29,services,married,high.school,unknown,yes,no,cellular,nov,thu,441,4,999,0,nonexistent,-0.1,93.2,-42.0,4.0760000000000005,5195.8,no
30,services,married,high.school,no,yes,yes,cellular,nov,thu,282,2,999,1,failure,-0.1,93.2,-42.0,4.0760000000000005,5195.8,no
41,services,married,professional.course,no,no,yes,cellular,nov,thu,217,3,999,0,nonexistent,-0.1,93.2,-42.0,4.0760000000000005,5195.8,no
31,admin.,married,university.degree,no,yes,no,cellular,nov,thu,210,2,999,0,nonexistent,-0.1,93.2,-42.0,4.0760000000000005,5195.8,no
30,management,single,high.school,no,no,no,cellular,nov,thu,952,2,999,0,nonexistent,-0.1,93.2,-42.0,4.0760000000000005,5195.8,yes
39,blue-collar,married,basic.6y,no,yes,no,cellular,nov,thu,332,3,999,0,nonexistent,-0.1,93.2,-42.0,4.0760000000000005,5195.8,no
31,technician,married,basic.6y,no,yes,yes,cellular,nov,thu,194,4,999,0,nonexistent,-0.1,93.2,-42.0,4.0760000000000005,5195.8,no
31,blue-collar,married,basic.4y,no,yes,no,cellular,nov,thu,233,4,999,0,nonexistent,-0.1,93.2,-42.0,4.0760000000000005,5195.8,no
35,blue-collar,divorced,basic.4y,no,no,no,cellular,nov,thu,197,4,999,1,failure,-0.1,93.2,-42.0,4.0760000000000005,5195.8,no
34,admin.,divorced,university.degree,no,no,no,cellular,nov,thu,493,2,999,1,failure,-0.1,93.2,-42.0,4.0760000000000005,5195.8,yes
30,technician,single,university.degree,no,no,no,cellular,nov,thu,168,3,999,0,nonexistent,-0.1,93.2,-42.0,4.0760000000000005,5195.8,no
36,technician,married,high.school,no,yes,no,cellular,nov,thu,688,2,999,0,nonexistent,-0.1,93.2,-42.0,4.0760000000000005,5195.8,no
29,admin.,single,high.school,no,yes,no,cellular,nov,thu,205,3,999,0,nonexistent,-0.1,93.2,-42.0,4.0760000000000005,5195.8,no
41,blue-collar,married,basic.6y,no,yes,no,telephone,nov,thu,713,6,999,0,nonexistent,-0.1,93.2,-42.0,4.0760000000000005,5195.8,no
33,management,single,university.degree,no,no,no,cellular,nov,thu,2420,3,999,0,nonexistent,-0.1,93.2,-42.0,4.0760000000000005,5195.8,yes
52,blue-collar,married,basic.9y,no,no,no,cellular,nov,thu,176,2,999,0,nonexistent,-0.1,93.2,-42.0,4.0760000000000005,5195.8,no
38,management,divorced,high.school,no,yes,no,telephone,nov,thu,215,3,999,0,nonexistent,-0.1,93.2,-42.0,4.0760000000000005,5195.8,no
33,admin.,single,university.degree,no,yes,yes,cellular,nov,thu,90,4,999,1,failure,-0.1,93.2,-42.0,4.0760000000000005,5195.8,no
32,blue-collar,married,basic.4y,unknown,yes,no,cellular,nov,thu,292,2,999,1,failure,-0.1,93.2,-42.0,4.0760000000000005,5195.8,no
30,blue-collar,single,high.school,no,no,no,cellular,nov,thu,232,2,999,1,failure,-0.1,93.2,-42.0,4.0760000000000005,5195.8,no
49,management,divorced,basic.6y,no,no,no,telephone,nov,thu,88,6,999,0,nonexistent,-0.1,93.2,-42.0,4.0760000000000005,5195.8,no
46,admin.,divorced,university.degree,no,unknown,unknown,cellular,nov,thu,257,2,999,0,nonexistent,-0.1,93.2,-42.0,4.0760000000000005,5195.8,no
34,admin.,married,high.school,no,no,no,cellular,nov,thu,1598,4,999,0,nonexistent,-0.1,93.2,-42.0,4.0760000000000005,5195.8,yes
35,admin.,single,university.degree,no,no,no,cellular,nov,thu,295,3,999,0,nonexistent,-0.1,93.2,-42.0,4.0760000000000005,5195.8,yes
31,blue-collar,married,basic.9y,no,no,no,cellular,nov,thu,693,3,999,0,nonexistent,-0.1,93.2,-42.0,4.0760000000000005,5195.8,no
55,admin.,married,basic.9y,no,yes,yes,cellular,nov,thu,430,2,999,0,nonexistent,-0.1,93.2,-42.0,4.0760000000000005,5195.8,no
45,unemployed,married,basic.9y,no,no,no,telephone,nov,thu,134,9,999,0,nonexistent,-0.1,93.2,-42.0,4.0760000000000005,5195.8,no
54,entrepreneur,divorced,university.degree,no,yes,yes,telephone,nov,thu,761,3,999,0,nonexistent,-0.1,93.2,-42.0,4.0760000000000005,5195.8,no
41,admin.,divorced,university.degree,no,no,no,telephone,nov,thu,233,4,999,1,failure,-0.1,93.2,-42.0,4.0760000000000005,5195.8,no
52,admin.,married,university.degree,no,yes,no,cellular,nov,thu,134,3,999,0,nonexistent,-0.1,93.2,-42.0,4.0760000000000005,5195.8,no
42,services,married,basic.6y,no,no,no,cellular,nov,thu,290,3,999,0,nonexistent,-0.1,93.2,-42.0,4.0760000000000005,5195.8,no
59,blue-collar,married,basic.9y,no,yes,no,cellular,nov,thu,370,2,999,0,nonexistent,-0.1,93.2,-42.0,4.0760000000000005,5195.8,no
29,services,single,professional.course,no,yes,no,cellular,nov,thu,766,3,999,0,nonexistent,-0.1,93.2,-42.0,4.0760000000000005,5195.8,no
51,admin.,divorced,university.degree,no,no,no,cellular,nov,thu,279,3,999,0,nonexistent,-0.1,93.2,-42.0,4.0760000000000005,5195.8,no
48,admin.,married,university.degree,no,no,no,cellular,nov,thu,298,2,999,0,nonexistent,-0.1,93.2,-42.0,4.0760000000000005,5195.8,no
29,self-employed,married,university.degree,no,no,no,cellular,nov,thu,157,2,999,0,nonexistent,-0.1,93.2,-42.0,4.0760000000000005,5195.8,no
32,blue-collar,single,basic.9y,no,no,no,cellular,nov,thu,324,5,999,0,nonexistent,-0.1,93.2,-42.0,4.0760000000000005,5195.8,no
48,entrepreneur,divorced,university.degree,no,yes,no,cellular,nov,thu,537,2,999,0,nonexistent,-0.1,93.2,-42.0,4.0760000000000005,5195.8,no
33,admin.,single,university.degree,no,yes,no,cellular,nov,thu,182,2,999,0,nonexistent,-0.1,93.2,-42.0,4.0760000000000005,5195.8,no
31,management,single,university.degree,no,no,no,telephone,nov,thu,96,5,999,0,nonexistent,-0.1,93.2,-42.0,4.0760000000000005,5195.8,no
36,services,married,basic.9y,unknown,yes,no,cellular,nov,thu,90,2,999,0,nonexistent,-0.1,93.2,-42.0,4.0760000000000005,5195.8,no
30,technician,single,university.degree,no,no,no,cellular,nov,thu,59,2,999,0,nonexistent,-0.1,93.2,-42.0,4.0760000000000005,5195.8,no
31,blue-collar,single,basic.4y,no,yes,no,cellular,nov,thu,222,4,999,0,nonexistent,-0.1,93.2,-42.0,4.0760000000000005,5195.8,no
58,admin.,divorced,university.degree,no,no,no,cellular,nov,thu,178,2,999,0,nonexistent,-0.1,93.2,-42.0,4.0760000000000005,5195.8,no
41,services,single,basic.9y,no,no,no,cellular,nov,thu,146,5,999,0,nonexistent,-0.1,93.2,-42.0,4.0760000000000005,5195.8,no
43,unemployed,single,unknown,no,yes,no,cellular,nov,thu,87,3,999,0,nonexistent,-0.1,93.2,-42.0,4.0760000000000005,5195.8,no
40,entrepreneur,unknown,high.school,no,yes,yes,cellular,nov,thu,825,6,999,1,failure,-0.1,93.2,-42.0,4.0760000000000005,5195.8,no
30,services,married,high.school,no,yes,no,telephone,nov,thu,156,7,999,0,nonexistent,-0.1,93.2,-42.0,4.0760000000000005,5195.8,no
37,unemployed,single,university.degree,no,yes,no,telephone,nov,thu,76,3,999,0,nonexistent,-0.1,93.2,-42.0,4.0760000000000005,5195.8,no
51,self-employed,married,university.degree,no,yes,yes,cellular,nov,thu,310,3,999,0,nonexistent,-0.1,93.2,-42.0,4.0760000000000005,5195.8,no
36,admin.,single,high.school,no,no,no,cellular,nov,thu,40,5,999,0,nonexistent,-0.1,93.2,-42.0,4.0760000000000005,5195.8,no
45,technician,divorced,university.degree,no,yes,no,cellular,nov,thu,104,4,999,1,failure,-0.1,93.2,-42.0,4.0760000000000005,5195.8,no
31,services,married,basic.6y,no,no,no,cellular,nov,thu,843,3,999,0,nonexistent,-0.1,93.2,-42.0,4.0760000000000005,5195.8,no
46,blue-collar,single,basic.4y,no,no,no,cellular,nov,thu,185,2,999,0,nonexistent,-0.1,93.2,-42.0,4.0760000000000005,5195.8,no
38,admin.,single,high.school,no,yes,yes,cellular,nov,thu,1476,4,999,0,nonexistent,-0.1,93.2,-42.0,4.0760000000000005,5195.8,no
32,services,married,basic.9y,no,no,no,cellular,nov,thu,476,3,999,0,nonexistent,-0.1,93.2,-42.0,4.0760000000000005,5195.8,no
31,services,married,high.school,no,no,no,cellular,nov,thu,283,5,999,0,nonexistent,-0.1,93.2,-42.0,4.0760000000000005,5195.8,no
38,blue-collar,married,basic.9y,no,no,no,cellular,nov,thu,738,2,999,0,nonexistent,-0.1,93.2,-42.0,4.0760000000000005,5195.8,no
45,blue-collar,married,basic.6y,no,yes,no,cellular,nov,thu,265,3,999,0,nonexistent,-0.1,93.2,-42.0,4.0760000000000005,5195.8,no
39,admin.,married,university.degree,no,yes,no,telephone,nov,thu,442,4,999,0,nonexistent,-0.1,93.2,-42.0,4.0760000000000005,5195.8,no
42,management,married,high.school,no,yes,yes,cellular,nov,thu,164,3,999,1,failure,-0.1,93.2,-42.0,4.0760000000000005,5195.8,no
36,services,single,high.school,no,yes,no,cellular,nov,thu,422,3,999,0,nonexistent,-0.1,93.2,-42.0,4.0760000000000005,5195.8,no
34,self-employed,single,basic.9y,no,no,no,cellular,nov,thu,91,3,999,0,nonexistent,-0.1,93.2,-42.0,4.0760000000000005,5195.8,no
33,admin.,married,university.degree,no,no,no,cellular,nov,thu,489,2,999,0,nonexistent,-0.1,93.2,-42.0,4.0760000000000005,5195.8,no
39,blue-collar,married,basic.6y,no,yes,no,cellular,nov,thu,391,2,999,0,nonexistent,-0.1,93.2,-42.0,4.0760000000000005,5195.8,no
30,blue-collar,married,high.school,no,yes,yes,cellular,nov,thu,2453,2,999,0,nonexistent,-0.1,93.2,-42.0,4.0760000000000005,5195.8,yes
42,technician,married,professional.course,no,no,no,cellular,nov,fri,21,6,999,0,nonexistent,-0.1,93.2,-42.0,4.021,5195.8,no
42,technician,single,professional.course,no,yes,no,cellular,nov,fri,91,2,999,0,nonexistent,-0.1,93.2,-42.0,4.021,5195.8,no
56,services,married,high.school,unknown,yes,no,cellular,nov,fri,254,5,999,0,nonexistent,-0.1,93.2,-42.0,4.021,5195.8,no
56,admin.,divorced,university.degree,no,no,no,cellular,nov,fri,149,4,999,0,nonexistent,-0.1,93.2,-42.0,4.021,5195.8,no
42,blue-collar,single,professional.course,no,no,no,cellular,nov,fri,249,4,999,0,nonexistent,-0.1,93.2,-42.0,4.021,5195.8,no
31,technician,married,university.degree,no,no,no,cellular,nov,fri,10,5,999,0,nonexistent,-0.1,93.2,-42.0,4.021,5195.8,no
51,admin.,married,university.degree,no,yes,no,cellular,nov,fri,358,3,999,0,nonexistent,-0.1,93.2,-42.0,4.021,5195.8,no
57,admin.,divorced,university.degree,unknown,yes,no,cellular,nov,fri,6,7,999,0,nonexistent,-0.1,93.2,-42.0,4.021,5195.8,no
54,retired,divorced,university.degree,no,no,yes,cellular,nov,fri,138,6,999,0,nonexistent,-0.1,93.2,-42.0,4.021,5195.8,no
44,blue-collar,married,basic.6y,no,yes,no,cellular,nov,fri,275,2,999,0,nonexistent,-0.1,93.2,-42.0,4.021,5195.8,no
37,blue-collar,married,basic.9y,no,yes,yes,cellular,nov,fri,312,3,999,1,failure,-0.1,93.2,-42.0,4.021,5195.8,no
45,admin.,divorced,university.degree,no,yes,yes,cellular,nov,fri,69,9,999,0,nonexistent,-0.1,93.2,-42.0,4.021,5195.8,no
33,admin.,married,university.degree,no,yes,no,cellular,nov,fri,37,2,999,1,failure,-0.1,93.2,-42.0,4.021,5195.8,no
56,technician,married,professional.course,unknown,yes,no,cellular,nov,fri,266,6,999,0,nonexistent,-0.1,93.2,-42.0,4.021,5195.8,no
58,retired,divorced,professional.course,no,no,no,cellular,nov,fri,159,2,999,0,nonexistent,-0.1,93.2,-42.0,4.021,5195.8,no
46,admin.,single,high.school,no,yes,yes,cellular,nov,fri,116,2,999,1,failure,-0.1,93.2,-42.0,4.021,5195.8,no
50,management,divorced,university.degree,no,yes,no,cellular,nov,fri,21,11,999,0,nonexistent,-0.1,93.2,-42.0,4.021,5195.8,no
44,admin.,married,university.degree,no,yes,no,cellular,nov,fri,358,4,999,0,nonexistent,-0.1,93.2,-42.0,4.021,5195.8,no
31,unemployed,single,basic.4y,no,yes,no,telephone,nov,fri,144,9,999,0,nonexistent,-0.1,93.2,-42.0,4.021,5195.8,no
32,admin.,married,university.degree,no,yes,no,telephone,nov,fri,41,1,999,0,nonexistent,-0.1,93.2,-42.0,4.021,5195.8,no
40,technician,single,university.degree,no,no,no,cellular,nov,fri,124,4,999,1,failure,-0.1,93.2,-42.0,4.021,5195.8,no
43,services,single,high.school,unknown,no,no,cellular,nov,fri,298,2,999,0,nonexistent,-0.1,93.2,-42.0,4.021,5195.8,no
36,technician,single,unknown,no,no,no,cellular,nov,fri,86,1,999,0,nonexistent,-0.1,93.2,-42.0,4.021,5195.8,no
38,admin.,divorced,basic.9y,no,no,no,cellular,nov,fri,271,1,999,0,nonexistent,-0.1,93.2,-42.0,4.021,5195.8,no
41,blue-collar,single,basic.9y,unknown,yes,no,cellular,nov,fri,299,1,999,0,nonexistent,-0.1,93.2,-42.0,4.021,5195.8,no
33,admin.,single,university.degree,no,yes,no,cellular,nov,fri,152,1,999,0,nonexistent,-0.1,93.2,-42.0,4.021,5195.8,no
33,technician,single,university.degree,no,no,no,telephone,nov,fri,336,1,999,0,nonexistent,-0.1,93.2,-42.0,4.021,5195.8,no
58,admin.,married,high.school,no,yes,no,cellular,nov,fri,441,1,999,0,nonexistent,-0.1,93.2,-42.0,4.021,5195.8,no
31,admin.,married,university.degree,no,yes,no,cellular,nov,fri,149,5,999,0,nonexistent,-0.1,93.2,-42.0,4.021,5195.8,no
33,admin.,married,university.degree,no,unknown,unknown,cellular,nov,fri,675,1,999,0,nonexistent,-0.1,93.2,-42.0,4.021,5195.8,no
48,management,married,university.degree,no,yes,no,cellular,nov,fri,118,1,999,0,nonexistent,-0.1,93.2,-42.0,4.021,5195.8,no
49,management,married,university.degree,no,no,no,cellular,nov,fri,65,1,999,0,nonexistent,-0.1,93.2,-42.0,4.021,5195.8,no
45,admin.,divorced,professional.course,no,yes,no,cellular,nov,fri,239,2,999,1,failure,-0.1,93.2,-42.0,4.021,5195.8,no
30,blue-collar,married,basic.9y,no,yes,no,cellular,nov,fri,225,2,999,0,nonexistent,-0.1,93.2,-42.0,4.021,5195.8,no
32,self-employed,married,university.degree,no,yes,no,cellular,nov,fri,54,1,999,0,nonexistent,-0.1,93.2,-42.0,4.021,5195.8,no
50,blue-collar,married,university.degree,unknown,no,no,cellular,nov,fri,108,1,999,0,nonexistent,-0.1,93.2,-42.0,4.021,5195.8,no
49,services,married,high.school,unknown,no,no,cellular,nov,fri,66,2,999,0,nonexistent,-0.1,93.2,-42.0,4.021,5195.8,no
57,management,married,university.degree,no,yes,no,cellular,nov,fri,108,1,999,0,nonexistent,-0.1,93.2,-42.0,4.021,5195.8,no
50,blue-collar,divorced,professional.course,no,yes,yes,cellular,nov,fri,49,1,999,0,nonexistent,-0.1,93.2,-42.0,4.021,5195.8,no
53,self-employed,married,university.degree,no,yes,no,cellular,nov,fri,1221,1,999,0,nonexistent,-0.1,93.2,-42.0,4.021,5195.8,no
38,admin.,divorced,basic.9y,no,no,no,cellular,nov,fri,71,1,999,0,nonexistent,-0.1,93.2,-42.0,4.021,5195.8,no
29,self-employed,married,university.degree,no,yes,yes,cellular,nov,fri,729,1,999,0,nonexistent,-0.1,93.2,-42.0,4.021,5195.8,yes
57,management,married,university.degree,no,no,no,cellular,nov,fri,289,1,999,0,nonexistent,-0.1,93.2,-42.0,4.021,5195.8,no
58,retired,married,professional.course,no,no,no,cellular,nov,fri,127,1,999,1,failure,-0.1,93.2,-42.0,4.021,5195.8,no
49,management,married,university.degree,no,yes,no,cellular,nov,fri,846,1,3,1,success,-0.1,93.2,-42.0,4.021,5195.8,no
37,admin.,married,university.degree,no,yes,yes,cellular,nov,fri,215,1,999,0,nonexistent,-0.1,93.2,-42.0,4.021,5195.8,no
57,housemaid,married,basic.4y,no,yes,yes,cellular,nov,fri,75,1,999,1,failure,-0.1,93.2,-42.0,4.021,5195.8,no
36,admin.,married,university.degree,no,yes,no,cellular,nov,fri,248,1,999,0,nonexistent,-0.1,93.2,-42.0,4.021,5195.8,no
48,management,married,university.degree,no,no,yes,cellular,nov,fri,591,1,999,1,failure,-0.1,93.2,-42.0,4.021,5195.8,yes
43,admin.,single,university.degree,no,yes,no,cellular,nov,fri,163,1,999,0,nonexistent,-0.1,93.2,-42.0,4.021,5195.8,no
30,admin.,single,high.school,no,yes,no,cellular,nov,fri,337,1,999,0,nonexistent,-0.1,93.2,-42.0,4.021,5195.8,no
45,technician,divorced,basic.9y,no,no,no,cellular,nov,fri,179,4,999,0,nonexistent,-0.1,93.2,-42.0,4.021,5195.8,no
40,management,married,university.degree,no,yes,yes,cellular,nov,fri,111,1,999,0,nonexistent,-0.1,93.2,-42.0,4.021,5195.8,no
31,admin.,single,high.school,no,yes,no,cellular,nov,fri,63,1,999,0,nonexistent,-0.1,93.2,-42.0,4.021,5195.8,no
29,technician,single,university.degree,no,yes,no,cellular,nov,fri,153,1,999,1,failure,-0.1,93.2,-42.0,4.021,5195.8,no
51,self-employed,married,university.degree,unknown,no,no,cellular,nov,fri,46,4,999,1,failure,-0.1,93.2,-42.0,4.021,5195.8,no
48,admin.,divorced,high.school,no,no,no,cellular,nov,fri,208,1,999,0,nonexistent,-0.1,93.2,-42.0,4.021,5195.8,no
57,admin.,divorced,university.degree,unknown,no,no,cellular,nov,fri,22,4,999,1,failure,-0.1,93.2,-42.0,4.021,5195.8,no
32,student,single,professional.course,no,yes,yes,cellular,nov,fri,261,1,999,0,nonexistent,-0.1,93.2,-42.0,4.021,5195.8,no
58,retired,married,professional.course,unknown,no,no,cellular,nov,fri,120,2,999,0,nonexistent,-0.1,93.2,-42.0,4.021,5195.8,no
29,services,single,high.school,no,yes,no,cellular,nov,fri,43,1,999,0,nonexistent,-0.1,93.2,-42.0,4.021,5195.8,no
38,admin.,divorced,high.school,no,yes,no,cellular,nov,fri,321,1,999,0,nonexistent,-0.1,93.2,-42.0,4.021,5195.8,no
44,management,single,university.degree,unknown,yes,yes,cellular,nov,fri,46,3,999,0,nonexistent,-0.1,93.2,-42.0,4.021,5195.8,no
29,services,single,high.school,no,yes,no,cellular,nov,fri,104,1,999,1,failure,-0.1,93.2,-42.0,4.021,5195.8,no
37,services,married,high.school,no,yes,no,cellular,nov,fri,63,2,999,0,nonexistent,-0.1,93.2,-42.0,4.021,5195.8,no
42,technician,married,university.degree,no,yes,no,telephone,nov,fri,81,7,999,0,nonexistent,-0.1,93.2,-42.0,4.021,5195.8,no
30,blue-collar,married,basic.9y,no,yes,no,cellular,nov,fri,423,2,999,1,failure,-0.1,93.2,-42.0,4.021,5195.8,no
55,technician,married,professional.course,no,no,no,cellular,nov,fri,113,1,999,1,failure,-0.1,93.2,-42.0,4.021,5195.8,no
56,technician,married,professional.course,no,yes,no,cellular,nov,fri,71,3,999,0,nonexistent,-0.1,93.2,-42.0,4.021,5195.8,no
55,technician,married,professional.course,no,no,no,cellular,nov,fri,348,2,999,0,nonexistent,-0.1,93.2,-42.0,4.021,5195.8,no
43,services,single,high.school,unknown,no,no,cellular,nov,fri,62,6,999,0,nonexistent,-0.1,93.2,-42.0,4.021,5195.8,no
31,blue-collar,married,basic.6y,no,no,no,cellular,nov,fri,588,2,999,1,failure,-0.1,93.2,-42.0,4.021,5195.8,no
53,self-employed,married,university.degree,no,yes,no,cellular,nov,fri,528,1,999,0,nonexistent,-0.1,93.2,-42.0,4.021,5195.8,yes
29,technician,single,professional.course,no,no,no,cellular,nov,fri,530,1,999,1,failure,-0.1,93.2,-42.0,4.021,5195.8,yes
45,technician,married,professional.course,no,yes,no,cellular,nov,fri,76,1,999,0,nonexistent,-0.1,93.2,-42.0,4.021,5195.8,no
30,services,single,high.school,no,no,no,cellular,nov,fri,648,1,999,0,nonexistent,-0.1,93.2,-42.0,4.021,5195.8,yes
47,self-employed,married,basic.9y,unknown,yes,no,cellular,nov,fri,258,1,999,1,failure,-0.1,93.2,-42.0,4.021,5195.8,no
37,admin.,married,professional.course,no,no,no,cellular,nov,fri,73,4,999,1,failure,-0.1,93.2,-42.0,4.021,5195.8,no
30,services,single,university.degree,no,yes,no,cellular,nov,fri,13,3,999,0,nonexistent,-0.1,93.2,-42.0,4.021,5195.8,no
34,management,married,university.degree,no,yes,no,cellular,nov,fri,470,1,999,0,nonexistent,-0.1,93.2,-42.0,4.021,5195.8,no
53,entrepreneur,married,basic.6y,no,yes,no,telephone,nov,fri,228,6,999,0,nonexistent,-0.1,93.2,-42.0,4.021,5195.8,no
45,management,married,university.degree,no,yes,yes,cellular,nov,fri,22,1,999,0,nonexistent,-0.1,93.2,-42.0,4.021,5195.8,no
49,technician,married,basic.4y,no,yes,no,cellular,nov,fri,345,3,999,0,nonexistent,-0.1,93.2,-42.0,4.021,5195.8,no
32,technician,single,professional.course,no,yes,no,cellular,nov,fri,86,3,999,0,nonexistent,-0.1,93.2,-42.0,4.021,5195.8,no
33,technician,single,university.degree,no,yes,yes,cellular,nov,fri,710,1,999,0,nonexistent,-0.1,93.2,-42.0,4.021,5195.8,yes
58,admin.,married,university.degree,unknown,no,no,cellular,nov,fri,110,2,999,1,failure,-0.1,93.2,-42.0,4.021,5195.8,no
39,admin.,single,unknown,no,no,no,cellular,nov,fri,73,4,999,0,nonexistent,-0.1,93.2,-42.0,4.021,5195.8,no
37,technician,divorced,high.school,no,no,no,cellular,nov,fri,635,1,999,1,failure,-0.1,93.2,-42.0,4.021,5195.8,yes
36,technician,single,unknown,no,yes,no,cellular,nov,fri,254,7,999,0,nonexistent,-0.1,93.2,-42.0,4.021,5195.8,no
47,self-employed,married,basic.9y,unknown,yes,no,cellular,nov,fri,106,1,999,0,nonexistent,-0.1,93.2,-42.0,4.021,5195.8,no
43,management,single,high.school,no,no,no,cellular,nov,fri,40,1,999,0,nonexistent,-0.1,93.2,-42.0,4.021,5195.8,no
42,admin.,divorced,university.degree,no,yes,no,cellular,nov,fri,195,1,999,0,nonexistent,-0.1,93.2,-42.0,4.021,5195.8,no
50,management,divorced,university.degree,no,yes,no,cellular,nov,fri,183,1,999,1,failure,-0.1,93.2,-42.0,4.021,5195.8,no
39,admin.,single,university.degree,no,yes,yes,cellular,nov,fri,195,1,999,0,nonexistent,-0.1,93.2,-42.0,4.021,5195.8,no
55,admin.,married,high.school,no,yes,no,cellular,nov,fri,585,1,999,0,nonexistent,-0.1,93.2,-42.0,4.021,5195.8,no
42,admin.,married,university.degree,no,no,no,cellular,nov,fri,501,3,999,0,nonexistent,-0.1,93.2,-42.0,4.021,5195.8,no
30,admin.,single,university.degree,no,yes,no,cellular,nov,fri,222,2,999,0,nonexistent,-0.1,93.2,-42.0,4.021,5195.8,no
52,admin.,married,university.degree,unknown,yes,no,cellular,nov,fri,131,1,999,0,nonexistent,-0.1,93.2,-42.0,4.021,5195.8,no
43,services,married,basic.6y,no,yes,no,cellular,nov,fri,158,1,999,0,nonexistent,-0.1,93.2,-42.0,4.021,5195.8,no
29,technician,single,professional.course,no,yes,yes,cellular,nov,fri,215,1,999,0,nonexistent,-0.1,93.2,-42.0,4.021,5195.8,no
31,unemployed,single,university.degree,no,yes,no,cellular,nov,fri,30,1,999,0,nonexistent,-0.1,93.2,-42.0,4.021,5195.8,no
48,blue-collar,married,basic.4y,unknown,yes,yes,cellular,nov,fri,53,1,999,0,nonexistent,-0.1,93.2,-42.0,4.021,5195.8,no
35,admin.,divorced,university.degree,no,no,no,cellular,nov,fri,263,6,999,0,nonexistent,-0.1,93.2,-42.0,4.021,5195.8,no
48,blue-collar,married,professional.course,no,no,yes,cellular,nov,fri,344,1,999,0,nonexistent,-0.1,93.2,-42.0,4.021,5195.8,no
45,technician,married,basic.9y,unknown,no,no,cellular,nov,fri,174,1,999,0,nonexistent,-0.1,93.2,-42.0,4.021,5195.8,no
48,blue-collar,married,basic.4y,unknown,no,yes,cellular,nov,fri,103,1,999,1,failure,-0.1,93.2,-42.0,4.021,5195.8,no
44,services,married,high.school,unknown,yes,no,cellular,nov,fri,46,1,999,0,nonexistent,-0.1,93.2,-42.0,4.021,5195.8,no
47,blue-collar,married,basic.4y,unknown,no,yes,cellular,nov,fri,105,1,999,0,nonexistent,-0.1,93.2,-42.0,4.021,5195.8,no
29,technician,single,high.school,no,yes,yes,cellular,nov,fri,206,1,999,0,nonexistent,-0.1,93.2,-42.0,4.021,5195.8,no
40,management,married,university.degree,no,no,no,cellular,nov,fri,132,1,999,0,nonexistent,-0.1,93.2,-42.0,4.021,5195.8,no
29,admin.,married,high.school,no,yes,no,cellular,nov,fri,140,1,999,0,nonexistent,-0.1,93.2,-42.0,4.021,5195.8,no
55,admin.,married,high.school,no,no,no,cellular,nov,fri,148,1,999,0,nonexistent,-0.1,93.2,-42.0,4.021,5195.8,no
45,blue-collar,married,basic.9y,no,yes,no,cellular,nov,fri,66,1,999,1,failure,-0.1,93.2,-42.0,4.021,5195.8,no
43,management,single,high.school,no,yes,no,cellular,nov,fri,149,1,999,0,nonexistent,-0.1,93.2,-42.0,4.021,5195.8,no
29,entrepreneur,married,high.school,no,yes,no,cellular,nov,fri,1166,1,999,0,nonexistent,-0.1,93.2,-42.0,4.021,5195.8,no
40,management,married,university.degree,no,yes,no,cellular,nov,fri,161,1,999,0,nonexistent,-0.1,93.2,-42.0,4.021,5195.8,no
31,admin.,single,high.school,no,yes,no,cellular,nov,fri,106,2,999,0,nonexistent,-0.1,93.2,-42.0,4.021,5195.8,no
57,unemployed,married,university.degree,no,yes,yes,cellular,nov,fri,59,1,999,0,nonexistent,-0.1,93.2,-42.0,4.021,5195.8,no
38,blue-collar,married,basic.6y,unknown,yes,no,cellular,nov,fri,1055,1,999,0,nonexistent,-0.1,93.2,-42.0,4.021,5195.8,no
57,admin.,married,university.degree,no,yes,no,cellular,nov,fri,181,1,999,0,nonexistent,-0.1,93.2,-42.0,4.021,5195.8,no
48,admin.,married,university.degree,no,no,no,cellular,nov,fri,218,1,999,0,nonexistent,-0.1,93.2,-42.0,4.021,5195.8,no
34,entrepreneur,married,high.school,no,no,yes,cellular,nov,fri,429,1,999,0,nonexistent,-0.1,93.2,-42.0,4.021,5195.8,no
32,technician,single,university.degree,no,yes,no,cellular,nov,fri,327,1,999,1,failure,-0.1,93.2,-42.0,4.021,5195.8,no
57,housemaid,married,basic.4y,no,no,no,cellular,nov,fri,216,1,999,0,nonexistent,-0.1,93.2,-42.0,4.021,5195.8,no
45,technician,single,university.degree,no,yes,no,cellular,nov,fri,201,1,999,1,failure,-0.1,93.2,-42.0,4.021,5195.8,no
50,blue-collar,divorced,professional.course,no,yes,no,cellular,nov,fri,102,1,999,0,nonexistent,-0.1,93.2,-42.0,4.021,5195.8,no
52,admin.,divorced,university.degree,no,yes,no,cellular,nov,fri,65,1,999,0,nonexistent,-0.1,93.2,-42.0,4.021,5195.8,no
42,entrepreneur,married,university.degree,no,yes,no,cellular,nov,fri,58,1,999,1,failure,-0.1,93.2,-42.0,4.021,5195.8,no
30,admin.,married,university.degree,no,no,no,cellular,nov,fri,221,1,999,0,nonexistent,-0.1,93.2,-42.0,4.021,5195.8,no
40,management,married,university.degree,no,yes,yes,cellular,nov,fri,957,1,999,1,failure,-0.1,93.2,-42.0,4.021,5195.8,yes
34,admin.,divorced,university.degree,no,no,no,cellular,nov,fri,161,1,999,0,nonexistent,-0.1,93.2,-42.0,4.021,5195.8,no
50,technician,married,basic.9y,no,no,no,cellular,nov,fri,705,1,999,0,nonexistent,-0.1,93.2,-42.0,4.021,5195.8,yes
51,technician,married,high.school,no,yes,no,cellular,nov,fri,167,4,999,0,nonexistent,-0.1,93.2,-42.0,4.021,5195.8,no
49,admin.,married,unknown,no,yes,no,telephone,nov,fri,29,9,999,0,nonexistent,-0.1,93.2,-42.0,4.021,5195.8,no
44,self-employed,married,university.degree,no,no,no,cellular,nov,fri,89,4,999,0,nonexistent,-0.1,93.2,-42.0,4.021,5195.8,no
57,management,divorced,professional.course,no,yes,no,cellular,nov,fri,56,1,999,0,nonexistent,-0.1,93.2,-42.0,4.021,5195.8,no
46,technician,divorced,university.degree,no,yes,no,cellular,nov,fri,796,5,999,1,failure,-0.1,93.2,-42.0,4.021,5195.8,yes
36,services,married,basic.6y,unknown,no,no,cellular,nov,fri,1022,1,999,0,nonexistent,-0.1,93.2,-42.0,4.021,5195.8,yes
36,admin.,married,university.degree,no,yes,no,cellular,nov,fri,189,1,999,0,nonexistent,-0.1,93.2,-42.0,4.021,5195.8,no
40,blue-collar,divorced,basic.9y,no,no,no,cellular,nov,fri,74,1,999,0,nonexistent,-0.1,93.2,-42.0,4.021,5195.8,no
40,blue-collar,divorced,basic.9y,no,no,no,cellular,nov,fri,154,1,999,0,nonexistent,-0.1,93.2,-42.0,4.021,5195.8,no
31,admin.,single,high.school,no,no,no,cellular,nov,fri,89,1,999,0,nonexistent,-0.1,93.2,-42.0,4.021,5195.8,no
34,management,single,university.degree,no,yes,no,cellular,nov,fri,79,2,999,0,nonexistent,-0.1,93.2,-42.0,4.021,5195.8,no
55,admin.,single,university.degree,unknown,no,yes,cellular,nov,fri,143,1,999,0,nonexistent,-0.1,93.2,-42.0,4.021,5195.8,no
50,admin.,married,university.degree,no,yes,no,cellular,nov,fri,169,1,999,0,nonexistent,-0.1,93.2,-42.0,4.021,5195.8,no
53,unemployed,married,basic.4y,no,yes,no,cellular,nov,fri,80,10,999,0,nonexistent,-0.1,93.2,-42.0,4.021,5195.8,no
52,technician,married,basic.9y,no,yes,no,cellular,nov,fri,44,1,999,0,nonexistent,-0.1,93.2,-42.0,4.021,5195.8,no
42,management,married,basic.6y,no,no,no,cellular,nov,fri,133,1,999,0,nonexistent,-0.1,93.2,-42.0,4.021,5195.8,no
50,technician,divorced,university.degree,no,yes,no,telephone,nov,fri,49,1,999,0,nonexistent,-0.1,93.2,-42.0,4.021,5195.8,no
57,admin.,divorced,university.degree,unknown,no,no,cellular,nov,fri,189,3,999,0,nonexistent,-0.1,93.2,-42.0,4.021,5195.8,no
51,technician,single,basic.9y,no,yes,no,telephone,nov,fri,218,3,999,0,nonexistent,-0.1,93.2,-42.0,4.021,5195.8,no
44,admin.,married,university.degree,no,yes,no,cellular,nov,fri,235,2,999,0,nonexistent,-0.1,93.2,-42.0,4.021,5195.8,no
57,housemaid,married,basic.4y,no,yes,no,cellular,nov,fri,105,1,999,0,nonexistent,-0.1,93.2,-42.0,4.021,5195.8,no
57,management,divorced,professional.course,no,yes,no,cellular,nov,fri,849,1,999,0,nonexistent,-0.1,93.2,-42.0,4.021,5195.8,yes
50,blue-collar,married,basic.9y,no,yes,yes,cellular,nov,fri,5,7,999,0,nonexistent,-0.1,93.2,-42.0,4.021,5195.8,no
40,blue-collar,divorced,basic.9y,no,yes,no,cellular,nov,fri,893,1,999,0,nonexistent,-0.1,93.2,-42.0,4.021,5195.8,yes
37,blue-collar,married,basic.6y,no,no,no,cellular,nov,fri,68,1,999,0,nonexistent,-0.1,93.2,-42.0,4.021,5195.8,no
32,admin.,single,university.degree,no,yes,yes,cellular,nov,fri,74,1,999,0,nonexistent,-0.1,93.2,-42.0,4.021,5195.8,no
31,unemployed,single,basic.4y,no,yes,yes,cellular,nov,fri,115,1,999,0,nonexistent,-0.1,93.2,-42.0,4.021,5195.8,no
29,entrepreneur,single,basic.4y,no,no,no,cellular,nov,fri,100,1,999,0,nonexistent,-0.1,93.2,-42.0,4.021,5195.8,no
54,technician,married,high.school,unknown,yes,no,cellular,nov,fri,326,2,999,0,nonexistent,-0.1,93.2,-42.0,4.021,5195.8,no
44,housemaid,married,high.school,no,no,no,cellular,nov,fri,144,6,999,1,failure,-0.1,93.2,-42.0,4.021,5195.8,no
50,admin.,married,university.degree,no,yes,yes,cellular,nov,fri,189,2,999,1,failure,-0.1,93.2,-42.0,4.021,5195.8,no
39,self-employed,single,high.school,no,yes,no,cellular,nov,fri,169,1,999,0,nonexistent,-0.1,93.2,-42.0,4.021,5195.8,no
45,services,single,high.school,unknown,yes,no,cellular,nov,fri,670,1,999,0,nonexistent,-0.1,93.2,-42.0,4.021,5195.8,no
57,blue-collar,married,basic.9y,unknown,yes,no,cellular,nov,fri,57,7,999,1,failure,-0.1,93.2,-42.0,4.021,5195.8,no
44,services,married,high.school,unknown,yes,no,telephone,nov,fri,76,1,999,1,failure,-0.1,93.2,-42.0,4.021,5195.8,no
57,technician,married,professional.course,no,yes,no,cellular,nov,fri,42,1,999,0,nonexistent,-0.1,93.2,-42.0,4.021,5195.8,no
46,admin.,married,university.degree,no,yes,no,cellular,nov,fri,81,1,999,0,nonexistent,-0.1,93.2,-42.0,4.021,5195.8,no
41,admin.,divorced,high.school,no,yes,no,cellular,nov,fri,199,2,999,0,nonexistent,-0.1,93.2,-42.0,4.021,5195.8,no
31,unemployed,single,basic.4y,no,no,no,cellular,nov,fri,184,1,999,0,nonexistent,-0.1,93.2,-42.0,4.021,5195.8,no
54,retired,married,basic.4y,no,no,no,cellular,nov,fri,18,1,999,0,nonexistent,-0.1,93.2,-42.0,4.021,5195.8,no
33,blue-collar,single,basic.4y,no,yes,no,cellular,nov,fri,451,1,999,0,nonexistent,-0.1,93.2,-42.0,4.021,5195.8,no
52,retired,married,university.degree,no,no,no,cellular,nov,fri,51,1,999,0,nonexistent,-0.1,93.2,-42.0,4.021,5195.8,no
50,technician,married,university.degree,unknown,yes,yes,cellular,nov,fri,63,1,999,0,nonexistent,-0.1,93.2,-42.0,4.021,5195.8,no
46,admin.,married,university.degree,no,yes,no,cellular,nov,fri,70,1,999,0,nonexistent,-0.1,93.2,-42.0,4.021,5195.8,no
57,housemaid,married,basic.4y,no,no,no,cellular,nov,fri,44,3,999,0,nonexistent,-0.1,93.2,-42.0,4.021,5195.8,no
55,technician,single,professional.course,no,yes,yes,telephone,nov,fri,54,4,999,0,nonexistent,-0.1,93.2,-42.0,4.021,5195.8,no
37,management,married,university.degree,no,yes,no,cellular,nov,fri,13,4,999,1,failure,-0.1,93.2,-42.0,4.021,5195.8,no
40,management,married,university.degree,no,yes,no,cellular,nov,fri,401,1,999,1,failure,-0.1,93.2,-42.0,4.021,5195.8,no
29,technician,single,high.school,no,yes,yes,cellular,nov,fri,484,1,999,0,nonexistent,-0.1,93.2,-42.0,4.021,5195.8,no
33,technician,single,university.degree,no,no,no,cellular,nov,fri,64,1,999,0,nonexistent,-0.1,93.2,-42.0,4.021,5195.8,no
34,technician,divorced,university.degree,no,yes,no,cellular,nov,fri,526,1,999,0,nonexistent,-0.1,93.2,-42.0,4.021,5195.8,no
40,management,married,high.school,no,no,yes,cellular,nov,fri,105,5,999,1,failure,-0.1,93.2,-42.0,4.021,5195.8,no
34,admin.,married,university.degree,no,no,no,cellular,nov,fri,128,2,999,0,nonexistent,-0.1,93.2,-42.0,4.021,5195.8,no
52,unemployed,married,university.degree,no,no,no,cellular,nov,fri,115,1,999,1,failure,-0.1,93.2,-42.0,4.021,5195.8,no
31,unemployed,single,basic.4y,no,no,yes,cellular,nov,fri,573,3,999,0,nonexistent,-0.1,93.2,-42.0,4.021,5195.8,no
50,admin.,married,university.degree,no,no,no,cellular,nov,fri,206,1,999,0,nonexistent,-0.1,93.2,-42.0,4.021,5195.8,no
41,technician,married,university.degree,no,yes,yes,cellular,nov,fri,135,1,999,1,failure,-0.1,93.2,-42.0,4.021,5195.8,no
31,admin.,single,university.degree,no,yes,no,telephone,nov,fri,36,1,999,0,nonexistent,-0.1,93.2,-42.0,4.021,5195.8,no
29,technician,single,professional.course,no,no,no,cellular,nov,fri,1480,3,999,0,nonexistent,-0.1,93.2,-42.0,4.021,5195.8,yes
52,services,married,basic.9y,unknown,yes,no,cellular,nov,fri,160,3,999,1,failure,-0.1,93.2,-42.0,4.021,5195.8,no
31,services,single,university.degree,unknown,unknown,unknown,cellular,nov,fri,83,1,999,0,nonexistent,-0.1,93.2,-42.0,4.021,5195.8,no
32,admin.,divorced,university.degree,no,no,no,telephone,nov,fri,425,1,999,0,nonexistent,-0.1,93.2,-42.0,4.021,5195.8,no
51,management,married,university.degree,no,yes,no,telephone,nov,fri,288,1,999,0,nonexistent,-0.1,93.2,-42.0,4.021,5195.8,no
31,technician,single,university.degree,no,yes,yes,cellular,nov,fri,244,1,999,0,nonexistent,-0.1,93.2,-42.0,4.021,5195.8,no
49,technician,married,basic.4y,no,no,no,cellular,nov,fri,378,1,999,1,failure,-0.1,93.2,-42.0,4.021,5195.8,no
55,entrepreneur,married,university.degree,no,no,no,cellular,nov,fri,252,1,999,0,nonexistent,-0.1,93.2,-42.0,4.021,5195.8,no
57,management,married,university.degree,no,yes,yes,cellular,nov,fri,283,1,999,1,failure,-0.1,93.2,-42.0,4.021,5195.8,no
57,management,married,university.degree,no,yes,no,telephone,nov,fri,109,1,999,0,nonexistent,-0.1,93.2,-42.0,4.021,5195.8,no
48,admin.,married,high.school,no,yes,no,cellular,nov,fri,162,2,999,0,nonexistent,-0.1,93.2,-42.0,4.021,5195.8,no
40,blue-collar,married,high.school,no,yes,no,cellular,nov,fri,144,1,999,0,nonexistent,-0.1,93.2,-42.0,4.021,5195.8,no
58,admin.,married,university.degree,no,no,no,cellular,nov,fri,70,1,999,1,failure,-0.1,93.2,-42.0,4.021,5195.8,no
40,admin.,married,university.degree,no,no,no,cellular,nov,fri,71,2,999,1,failure,-0.1,93.2,-42.0,4.021,5195.8,no
31,admin.,single,high.school,no,yes,no,cellular,nov,fri,306,1,999,0,nonexistent,-0.1,93.2,-42.0,4.021,5195.8,no
36,blue-collar,single,basic.9y,no,yes,yes,cellular,nov,fri,70,1,999,0,nonexistent,-0.1,93.2,-42.0,4.021,5195.8,no
52,entrepreneur,married,university.degree,no,yes,yes,cellular,nov,fri,221,2,999,0,nonexistent,-0.1,93.2,-42.0,4.021,5195.8,no
40,technician,single,university.degree,no,yes,yes,cellular,nov,fri,44,1,999,0,nonexistent,-0.1,93.2,-42.0,4.021,5195.8,no
50,management,divorced,university.degree,no,no,no,cellular,nov,fri,202,1,999,1,failure,-0.1,93.2,-42.0,4.021,5195.8,no
53,blue-collar,married,basic.4y,unknown,yes,yes,cellular,nov,fri,98,1,999,0,nonexistent,-0.1,93.2,-42.0,4.021,5195.8,no
39,services,married,high.school,no,yes,no,cellular,nov,fri,552,3,999,1,failure,-0.1,93.2,-42.0,4.021,5195.8,no
37,management,married,university.degree,no,yes,no,telephone,nov,fri,97,2,999,0,nonexistent,-0.1,93.2,-42.0,4.021,5195.8,no
57,unemployed,married,university.degree,no,yes,no,cellular,nov,fri,48,1,999,0,nonexistent,-0.1,93.2,-42.0,4.021,5195.8,no
48,admin.,married,university.degree,no,yes,yes,cellular,nov,fri,89,1,999,1,failure,-0.1,93.2,-42.0,4.021,5195.8,no
29,services,single,high.school,no,yes,no,cellular,nov,fri,171,2,999,0,nonexistent,-0.1,93.2,-42.0,4.021,5195.8,no
57,unemployed,married,university.degree,no,yes,yes,cellular,nov,fri,79,1,999,1,failure,-0.1,93.2,-42.0,4.021,5195.8,no
48,admin.,married,university.degree,no,no,no,cellular,nov,fri,233,1,999,0,nonexistent,-0.1,93.2,-42.0,4.021,5195.8,no
57,management,divorced,university.degree,no,unknown,unknown,telephone,nov,fri,162,1,999,0,nonexistent,-0.1,93.2,-42.0,4.021,5195.8,no
32,management,married,university.degree,no,no,no,cellular,nov,fri,8,5,999,0,nonexistent,-0.1,93.2,-42.0,4.021,5195.8,no
56,services,married,high.school,unknown,yes,no,cellular,nov,fri,72,1,999,0,nonexistent,-0.1,93.2,-42.0,4.021,5195.8,no
45,admin.,divorced,university.degree,no,yes,no,cellular,nov,fri,164,1,999,1,failure,-0.1,93.2,-42.0,4.021,5195.8,no
52,technician,divorced,university.degree,unknown,no,no,cellular,nov,fri,123,1,999,0,nonexistent,-0.1,93.2,-42.0,4.021,5195.8,no
50,technician,married,university.degree,no,yes,no,cellular,nov,fri,100,2,999,0,nonexistent,-0.1,93.2,-42.0,4.021,5195.8,no
45,self-employed,married,university.degree,no,no,no,cellular,nov,fri,18,5,999,0,nonexistent,-0.1,93.2,-42.0,4.021,5195.8,no
52,admin.,married,high.school,no,no,no,cellular,nov,fri,165,1,999,1,failure,-0.1,93.2,-42.0,4.021,5195.8,no
54,retired,divorced,university.degree,no,no,no,cellular,nov,fri,296,1,999,0,nonexistent,-0.1,93.2,-42.0,4.021,5195.8,no
37,admin.,married,unknown,no,yes,yes,cellular,nov,fri,196,1,999,0,nonexistent,-0.1,93.2,-42.0,4.021,5195.8,no
33,self-employed,single,university.degree,no,yes,yes,cellular,nov,fri,203,1,999,0,nonexistent,-0.1,93.2,-42.0,4.021,5195.8,no
34,admin.,married,university.degree,no,yes,no,telephone,nov,fri,55,5,999,0,nonexistent,-0.1,93.2,-42.0,4.021,5195.8,no
38,blue-collar,married,basic.9y,no,yes,yes,cellular,nov,fri,186,2,999,0,nonexistent,-0.1,93.2,-42.0,4.021,5195.8,no
32,admin.,single,university.degree,no,unknown,unknown,cellular,nov,fri,59,1,999,0,nonexistent,-0.1,93.2,-42.0,4.021,5195.8,no
55,retired,married,high.school,no,no,no,cellular,nov,fri,532,1,999,0,nonexistent,-0.1,93.2,-42.0,4.021,5195.8,no
52,technician,married,basic.9y,no,yes,yes,cellular,nov,fri,197,1,999,0,nonexistent,-0.1,93.2,-42.0,4.021,5195.8,no
49,blue-collar,married,basic.9y,no,yes,no,cellular,nov,fri,35,1,999,1,failure,-0.1,93.2,-42.0,4.021,5195.8,no
52,technician,married,basic.9y,no,yes,no,cellular,nov,fri,102,1,999,0,nonexistent,-0.1,93.2,-42.0,4.021,5195.8,no
31,admin.,single,high.school,no,no,no,cellular,nov,fri,100,2,999,0,nonexistent,-0.1,93.2,-42.0,4.021,5195.8,no
49,admin.,married,high.school,no,yes,no,cellular,nov,fri,164,1,999,0,nonexistent,-0.1,93.2,-42.0,4.021,5195.8,no
47,technician,married,high.school,unknown,yes,no,cellular,nov,fri,183,3,999,1,failure,-0.1,93.2,-42.0,4.021,5195.8,no
32,technician,single,professional.course,no,yes,no,cellular,nov,fri,67,5,999,0,nonexistent,-0.1,93.2,-42.0,4.021,5195.8,no
53,blue-collar,married,basic.4y,no,yes,no,cellular,nov,fri,180,1,999,0,nonexistent,-0.1,93.2,-42.0,4.021,5195.8,no
50,admin.,married,high.school,no,yes,no,telephone,nov,fri,182,2,999,0,nonexistent,-0.1,93.2,-42.0,4.021,5195.8,no
39,technician,married,high.school,no,no,no,cellular,nov,fri,749,2,999,0,nonexistent,-0.1,93.2,-42.0,4.021,5195.8,yes
58,retired,married,professional.course,unknown,no,no,telephone,nov,fri,28,1,999,0,nonexistent,-0.1,93.2,-42.0,4.021,5195.8,no
57,housemaid,married,basic.4y,no,yes,no,cellular,nov,fri,66,1,999,0,nonexistent,-0.1,93.2,-42.0,4.021,5195.8,no
44,blue-collar,married,basic.6y,no,yes,yes,cellular,nov,fri,119,2,999,1,failure,-0.1,93.2,-42.0,4.021,5195.8,no
44,admin.,married,university.degree,no,no,no,cellular,nov,fri,135,2,999,0,nonexistent,-0.1,93.2,-42.0,4.021,5195.8,no
42,admin.,married,university.degree,no,no,yes,cellular,nov,fri,902,1,999,0,nonexistent,-0.1,93.2,-42.0,4.021,5195.8,yes
41,housemaid,married,high.school,no,yes,no,telephone,nov,fri,1074,1,999,0,nonexistent,-0.1,93.2,-42.0,4.021,5195.8,yes
37,admin.,single,university.degree,no,yes,yes,cellular,nov,fri,661,1,999,0,nonexistent,-0.1,93.2,-42.0,4.021,5195.8,no
44,self-employed,divorced,professional.course,no,yes,no,cellular,nov,fri,492,2,999,0,nonexistent,-0.1,93.2,-42.0,4.021,5195.8,no
55,admin.,married,unknown,unknown,no,no,cellular,nov,fri,142,1,999,0,nonexistent,-0.1,93.2,-42.0,4.021,5195.8,no
43,admin.,single,university.degree,no,yes,no,telephone,nov,fri,43,1,999,0,nonexistent,-0.1,93.2,-42.0,4.021,5195.8,no
51,housemaid,married,high.school,no,no,no,cellular,nov,fri,28,4,999,0,nonexistent,-0.1,93.2,-42.0,4.021,5195.8,no
33,admin.,married,university.degree,no,yes,no,cellular,nov,fri,82,3,999,0,nonexistent,-0.1,93.2,-42.0,4.021,5195.8,no
36,blue-collar,married,basic.9y,no,yes,no,cellular,nov,fri,63,2,999,0,nonexistent,-0.1,93.2,-42.0,4.021,5195.8,no
49,blue-collar,married,basic.6y,no,yes,no,cellular,nov,fri,118,1,999,1,failure,-0.1,93.2,-42.0,4.021,5195.8,no
34,admin.,married,university.degree,no,no,no,cellular,nov,fri,124,3,999,0,nonexistent,-0.1,93.2,-42.0,4.021,5195.8,no
42,admin.,married,high.school,no,no,no,cellular,nov,fri,218,6,999,0,nonexistent,-0.1,93.2,-42.0,4.021,5195.8,no
29,student,single,professional.course,no,no,no,telephone,nov,fri,232,2,999,0,nonexistent,-0.1,93.2,-42.0,4.021,5195.8,no
29,admin.,single,university.degree,no,yes,no,cellular,nov,fri,190,1,999,0,nonexistent,-0.1,93.2,-42.0,4.021,5195.8,no
52,technician,married,basic.9y,no,no,no,cellular,nov,fri,10,7,999,1,failure,-0.1,93.2,-42.0,4.021,5195.8,no
56,admin.,divorced,high.school,no,yes,no,cellular,nov,fri,176,2,999,0,nonexistent,-0.1,93.2,-42.0,4.021,5195.8,no
51,blue-collar,married,basic.9y,unknown,yes,no,cellular,nov,fri,312,1,999,0,nonexistent,-0.1,93.2,-42.0,4.021,5195.8,no
41,admin.,single,university.degree,no,yes,yes,cellular,nov,fri,45,2,999,0,nonexistent,-0.1,93.2,-42.0,4.021,5195.8,no
37,admin.,married,university.degree,no,yes,no,cellular,nov,fri,124,2,999,0,nonexistent,-0.1,93.2,-42.0,4.021,5195.8,no
55,technician,single,professional.course,no,yes,no,cellular,nov,fri,42,1,999,0,nonexistent,-0.1,93.2,-42.0,4.021,5195.8,no
58,admin.,divorced,university.degree,no,no,no,cellular,nov,fri,189,1,999,0,nonexistent,-0.1,93.2,-42.0,4.021,5195.8,no
45,blue-collar,married,basic.9y,no,no,no,cellular,nov,fri,126,2,999,1,failure,-0.1,93.2,-42.0,4.021,5195.8,no
31,services,single,basic.9y,unknown,yes,no,cellular,nov,fri,232,2,999,0,nonexistent,-0.1,93.2,-42.0,4.021,5195.8,no
44,blue-collar,married,basic.6y,no,yes,no,cellular,nov,fri,11,4,999,0,nonexistent,-0.1,93.2,-42.0,4.021,5195.8,no
56,unemployed,divorced,high.school,unknown,yes,no,cellular,nov,fri,109,1,999,1,failure,-0.1,93.2,-42.0,4.021,5195.8,no
52,technician,married,professional.course,no,yes,no,cellular,nov,fri,64,1,999,1,failure,-0.1,93.2,-42.0,4.021,5195.8,no
35,admin.,divorced,university.degree,no,yes,no,cellular,nov,fri,28,3,999,1,failure,-0.1,93.2,-42.0,4.021,5195.8,no
48,technician,married,professional.course,no,yes,yes,cellular,nov,fri,148,1,999,0,nonexistent,-0.1,93.2,-42.0,4.021,5195.8,no
32,management,married,university.degree,no,yes,no,cellular,nov,fri,104,3,999,0,nonexistent,-0.1,93.2,-42.0,4.021,5195.8,no
57,admin.,divorced,university.degree,unknown,yes,yes,cellular,nov,fri,65,1,999,0,nonexistent,-0.1,93.2,-42.0,4.021,5195.8,no
45,admin.,divorced,high.school,no,yes,no,cellular,nov,fri,980,2,999,0,nonexistent,-0.1,93.2,-42.0,4.021,5195.8,yes
39,admin.,single,high.school,no,unknown,unknown,cellular,nov,fri,206,2,999,0,nonexistent,-0.1,93.2,-42.0,4.021,5195.8,no
54,technician,married,high.school,unknown,yes,no,cellular,nov,fri,82,1,999,1,failure,-0.1,93.2,-42.0,4.021,5195.8,no
47,admin.,married,university.degree,no,yes,no,cellular,nov,fri,45,1,999,1,failure,-0.1,93.2,-42.0,4.021,5195.8,no
48,services,married,professional.course,no,no,no,cellular,nov,fri,10,6,999,0,nonexistent,-0.1,93.2,-42.0,4.021,5195.8,no
55,admin.,single,university.degree,unknown,yes,no,cellular,nov,fri,16,9,999,0,nonexistent,-0.1,93.2,-42.0,4.021,5195.8,no
35,admin.,divorced,university.degree,no,yes,no,cellular,nov,fri,102,1,999,0,nonexistent,-0.1,93.2,-42.0,4.021,5195.8,no
54,admin.,married,university.degree,unknown,no,no,cellular,nov,fri,298,2,999,0,nonexistent,-0.1,93.2,-42.0,4.021,5195.8,no
40,technician,married,university.degree,no,no,no,cellular,nov,fri,52,1,999,1,failure,-0.1,93.2,-42.0,4.021,5195.8,no
38,blue-collar,married,basic.6y,unknown,yes,yes,cellular,nov,fri,213,2,999,0,nonexistent,-0.1,93.2,-42.0,4.021,5195.8,no
35,admin.,divorced,university.degree,no,yes,no,cellular,nov,fri,226,1,999,0,nonexistent,-0.1,93.2,-42.0,4.021,5195.8,no
40,blue-collar,divorced,basic.4y,no,yes,no,cellular,nov,fri,58,1,999,1,failure,-0.1,93.2,-42.0,4.021,5195.8,no
55,entrepreneur,divorced,university.degree,no,no,no,cellular,nov,fri,48,1,999,0,nonexistent,-0.1,93.2,-42.0,4.021,5195.8,no
35,management,married,university.degree,no,no,no,cellular,nov,fri,207,1,999,0,nonexistent,-0.1,93.2,-42.0,4.021,5195.8,no
39,services,divorced,unknown,no,yes,no,cellular,nov,fri,163,1,999,0,nonexistent,-0.1,93.2,-42.0,4.021,5195.8,no
29,admin.,single,university.degree,no,yes,no,cellular,nov,fri,24,5,999,0,nonexistent,-0.1,93.2,-42.0,4.021,5195.8,no
47,admin.,married,university.degree,no,no,no,cellular,nov,fri,103,1,999,0,nonexistent,-0.1,93.2,-42.0,4.021,5195.8,no
56,services,single,high.school,no,yes,no,cellular,nov,fri,219,2,999,1,failure,-0.1,93.2,-42.0,4.021,5195.8,no
35,management,married,university.degree,no,yes,no,cellular,nov,fri,152,1,999,0,nonexistent,-0.1,93.2,-42.0,4.021,5195.8,no
30,admin.,single,university.degree,no,no,no,cellular,nov,fri,171,1,999,0,nonexistent,-0.1,93.2,-42.0,4.021,5195.8,no
31,unemployed,married,high.school,no,no,yes,cellular,nov,fri,94,2,999,0,nonexistent,-0.1,93.2,-42.0,4.021,5195.8,no
39,services,married,high.school,no,no,yes,cellular,nov,fri,104,1,999,0,nonexistent,-0.1,93.2,-42.0,4.021,5195.8,no
56,management,married,basic.9y,no,yes,yes,cellular,nov,fri,62,2,999,1,failure,-0.1,93.2,-42.0,4.021,5195.8,no
51,admin.,married,university.degree,no,no,yes,cellular,nov,fri,220,1,999,0,nonexistent,-0.1,93.2,-42.0,4.021,5195.8,no
31,admin.,single,high.school,no,yes,yes,cellular,nov,fri,50,1,999,0,nonexistent,-0.1,93.2,-42.0,4.021,5195.8,no
31,admin.,single,high.school,no,yes,yes,cellular,nov,fri,112,1,999,0,nonexistent,-0.1,93.2,-42.0,4.021,5195.8,no
43,services,single,high.school,unknown,no,yes,cellular,nov,fri,53,1,999,0,nonexistent,-0.1,93.2,-42.0,4.021,5195.8,no
56,services,married,basic.4y,unknown,yes,yes,cellular,nov,fri,119,1,999,1,failure,-0.1,93.2,-42.0,4.021,5195.8,no
50,management,married,professional.course,no,yes,no,cellular,nov,fri,381,1,999,1,failure,-0.1,93.2,-42.0,4.021,5195.8,no
32,technician,single,professional.course,no,yes,no,cellular,nov,fri,226,1,999,0,nonexistent,-0.1,93.2,-42.0,4.021,5195.8,no
51,admin.,married,university.degree,no,yes,no,cellular,nov,fri,673,1,999,0,nonexistent,-0.1,93.2,-42.0,4.021,5195.8,no
50,unemployed,married,professional.course,no,yes,no,cellular,nov,fri,58,1,999,1,failure,-0.1,93.2,-42.0,4.021,5195.8,no
34,admin.,married,university.degree,no,yes,yes,cellular,nov,fri,85,3,999,0,nonexistent,-0.1,93.2,-42.0,4.021,5195.8,no
37,admin.,married,university.degree,no,yes,no,cellular,nov,fri,224,5,999,0,nonexistent,-0.1,93.2,-42.0,4.021,5195.8,no
40,unemployed,divorced,university.degree,no,no,no,cellular,nov,fri,366,3,999,0,nonexistent,-0.1,93.2,-42.0,4.021,5195.8,no
33,admin.,married,university.degree,no,no,no,cellular,nov,fri,162,1,999,0,nonexistent,-0.1,93.2,-42.0,4.021,5195.8,no
39,services,married,high.school,no,yes,no,cellular,nov,fri,197,3,999,0,nonexistent,-0.1,93.2,-42.0,4.021,5195.8,no
37,technician,divorced,high.school,no,yes,no,cellular,nov,fri,47,1,999,0,nonexistent,-0.1,93.2,-42.0,4.021,5195.8,no
55,technician,married,professional.course,no,yes,no,cellular,nov,fri,98,1,999,0,nonexistent,-0.1,93.2,-42.0,4.021,5195.8,no
36,admin.,married,basic.6y,no,yes,no,cellular,nov,fri,72,1,999,0,nonexistent,-0.1,93.2,-42.0,4.021,5195.8,no
55,technician,married,professional.course,no,no,no,cellular,nov,fri,182,1,999,1,failure,-0.1,93.2,-42.0,4.021,5195.8,no
36,admin.,married,basic.6y,no,yes,yes,cellular,nov,fri,183,1,999,1,failure,-0.1,93.2,-42.0,4.021,5195.8,no
34,management,married,university.degree,no,no,no,cellular,nov,fri,158,1,999,0,nonexistent,-0.1,93.2,-42.0,4.021,5195.8,no
57,admin.,divorced,university.degree,unknown,no,yes,cellular,nov,fri,48,1,999,0,nonexistent,-0.1,93.2,-42.0,4.021,5195.8,no
55,housemaid,married,basic.4y,unknown,no,no,telephone,nov,fri,270,1,999,0,nonexistent,-0.1,93.2,-42.0,4.021,5195.8,no
55,retired,single,university.degree,unknown,no,no,cellular,nov,fri,1199,3,999,0,nonexistent,-0.1,93.2,-42.0,4.021,5195.8,no
44,blue-collar,married,basic.6y,no,yes,yes,cellular,nov,fri,36,2,999,0,nonexistent,-0.1,93.2,-42.0,4.021,5195.8,no
53,admin.,married,university.degree,unknown,yes,no,telephone,nov,fri,366,8,999,0,nonexistent,-0.1,93.2,-42.0,4.021,5195.8,no
32,admin.,married,university.degree,no,yes,no,cellular,nov,fri,78,1,999,1,failure,-0.1,93.2,-42.0,4.021,5195.8,no
31,technician,married,professional.course,no,no,yes,cellular,nov,fri,161,5,999,0,nonexistent,-0.1,93.2,-42.0,4.021,5195.8,no
48,technician,married,basic.4y,unknown,no,no,cellular,nov,fri,362,1,999,0,nonexistent,-0.1,93.2,-42.0,4.021,5195.8,no
51,management,divorced,professional.course,no,no,no,cellular,nov,fri,83,1,999,0,nonexistent,-0.1,93.2,-42.0,4.021,5195.8,no
42,admin.,married,university.degree,no,yes,no,cellular,nov,fri,184,2,999,0,nonexistent,-0.1,93.2,-42.0,4.021,5195.8,no
49,technician,married,basic.4y,no,no,yes,cellular,nov,fri,295,2,999,0,nonexistent,-0.1,93.2,-42.0,4.021,5195.8,no
53,admin.,divorced,university.degree,no,yes,no,cellular,nov,fri,551,1,999,0,nonexistent,-0.1,93.2,-42.0,4.021,5195.8,no
52,services,married,basic.6y,no,no,no,cellular,nov,fri,101,1,999,0,nonexistent,-0.1,93.2,-42.0,4.021,5195.8,no
46,admin.,single,high.school,no,yes,no,cellular,nov,fri,294,1,999,1,failure,-0.1,93.2,-42.0,4.021,5195.8,no
54,admin.,divorced,high.school,no,no,no,cellular,nov,fri,13,6,999,0,nonexistent,-0.1,93.2,-42.0,4.021,5195.8,no
32,management,married,university.degree,no,no,no,cellular,nov,fri,51,2,999,0,nonexistent,-0.1,93.2,-42.0,4.021,5195.8,no
33,student,single,unknown,no,yes,no,cellular,nov,fri,353,2,999,1,failure,-0.1,93.2,-42.0,4.021,5195.8,no
53,technician,married,unknown,no,no,no,cellular,nov,fri,138,1,999,0,nonexistent,-0.1,93.2,-42.0,4.021,5195.8,no
50,entrepreneur,married,university.degree,no,no,no,cellular,nov,fri,48,1,999,1,failure,-0.1,93.2,-42.0,4.021,5195.8,no
32,technician,divorced,high.school,no,no,no,cellular,nov,fri,50,1,999,0,nonexistent,-0.1,93.2,-42.0,4.021,5195.8,no
32,admin.,single,university.degree,no,yes,no,cellular,nov,fri,718,1,999,0,nonexistent,-0.1,93.2,-42.0,4.021,5195.8,no
49,admin.,married,unknown,no,no,no,cellular,nov,fri,288,1,999,1,failure,-0.1,93.2,-42.0,4.021,5195.8,no
34,management,single,university.degree,no,unknown,unknown,telephone,nov,fri,114,5,999,0,nonexistent,-0.1,93.2,-42.0,4.021,5195.8,no
29,technician,single,professional.course,no,no,no,cellular,nov,fri,161,3,999,0,nonexistent,-0.1,93.2,-42.0,4.021,5195.8,no
57,blue-collar,married,basic.9y,unknown,no,yes,cellular,nov,fri,150,2,999,0,nonexistent,-0.1,93.2,-42.0,4.021,5195.8,no
45,services,divorced,high.school,unknown,yes,no,cellular,nov,fri,120,2,999,0,nonexistent,-0.1,93.2,-42.0,4.021,5195.8,no
33,technician,single,high.school,no,yes,no,cellular,nov,fri,41,2,999,1,failure,-0.1,93.2,-42.0,4.021,5195.8,no
41,self-employed,married,professional.course,unknown,yes,no,cellular,nov,fri,1571,1,999,0,nonexistent,-0.1,93.2,-42.0,4.021,5195.8,yes
44,blue-collar,married,basic.6y,no,no,yes,cellular,nov,fri,240,3,999,0,nonexistent,-0.1,93.2,-42.0,4.021,5195.8,no
49,self-employed,married,university.degree,unknown,yes,yes,cellular,nov,fri,198,1,999,0,nonexistent,-0.1,93.2,-42.0,4.021,5195.8,no
46,technician,divorced,university.degree,no,yes,no,cellular,nov,fri,75,1,999,0,nonexistent,-0.1,93.2,-42.0,4.021,5195.8,no
51,admin.,married,high.school,no,yes,no,cellular,nov,fri,108,7,999,0,nonexistent,-0.1,93.2,-42.0,4.021,5195.8,no
44,self-employed,married,professional.course,no,yes,no,telephone,nov,fri,47,2,999,0,nonexistent,-0.1,93.2,-42.0,4.021,5195.8,no
39,technician,married,high.school,no,yes,no,cellular,nov,fri,408,3,999,0,nonexistent,-0.1,93.2,-42.0,4.021,5195.8,no
56,services,single,high.school,no,yes,no,cellular,nov,fri,290,6,999,0,nonexistent,-0.1,93.2,-42.0,4.021,5195.8,no
33,self-employed,married,university.degree,no,yes,no,cellular,nov,fri,229,2,999,0,nonexistent,-0.1,93.2,-42.0,4.021,5195.8,no
33,admin.,married,university.degree,no,yes,no,telephone,nov,fri,148,3,999,1,failure,-0.1,93.2,-42.0,4.021,5195.8,no
52,management,divorced,university.degree,no,no,no,cellular,nov,fri,185,2,999,0,nonexistent,-0.1,93.2,-42.0,4.021,5195.8,no
56,blue-collar,divorced,high.school,no,no,no,telephone,nov,fri,68,1,999,0,nonexistent,-0.1,93.2,-42.0,4.021,5195.8,no
31,admin.,single,university.degree,no,yes,no,cellular,nov,fri,54,2,999,0,nonexistent,-0.1,93.2,-42.0,4.021,5195.8,no
31,self-employed,single,university.degree,no,no,no,cellular,nov,fri,906,1,999,1,failure,-0.1,93.2,-42.0,4.021,5195.8,no
31,admin.,single,high.school,no,no,no,cellular,nov,fri,186,1,999,0,nonexistent,-0.1,93.2,-42.0,4.021,5195.8,no
40,technician,married,university.degree,no,yes,no,cellular,nov,fri,124,3,999,1,failure,-0.1,93.2,-42.0,4.021,5195.8,no
56,retired,married,basic.4y,no,yes,no,cellular,nov,fri,481,2,999,0,nonexistent,-0.1,93.2,-42.0,4.021,5195.8,yes
53,management,married,university.degree,no,yes,no,cellular,nov,fri,319,3,999,0,nonexistent,-0.1,93.2,-42.0,4.021,5195.8,no
52,admin.,married,high.school,no,no,no,cellular,nov,fri,157,2,999,0,nonexistent,-0.1,93.2,-42.0,4.021,5195.8,no
40,management,married,university.degree,no,yes,no,cellular,nov,fri,106,2,999,0,nonexistent,-0.1,93.2,-42.0,4.021,5195.8,no
57,services,married,unknown,no,yes,no,cellular,nov,fri,56,2,999,1,failure,-0.1,93.2,-42.0,4.021,5195.8,no
56,management,married,basic.9y,no,yes,no,telephone,nov,fri,94,7,999,0,nonexistent,-0.1,93.2,-42.0,4.021,5195.8,no
45,self-employed,single,professional.course,no,no,no,cellular,nov,fri,123,2,999,0,nonexistent,-0.1,93.2,-42.0,4.021,5195.8,no
48,admin.,married,basic.9y,no,yes,yes,cellular,nov,fri,664,3,999,0,nonexistent,-0.1,93.2,-42.0,4.021,5195.8,yes
59,self-employed,married,professional.course,unknown,no,no,cellular,nov,fri,383,4,999,1,failure,-0.1,93.2,-42.0,4.021,5195.8,no
38,technician,single,professional.course,no,yes,no,cellular,nov,fri,119,1,999,0,nonexistent,-0.1,93.2,-42.0,4.021,5195.8,no
38,technician,single,professional.course,no,yes,yes,cellular,nov,fri,159,1,999,0,nonexistent,-0.1,93.2,-42.0,4.021,5195.8,no
31,student,married,high.school,no,no,no,cellular,nov,fri,297,1,999,0,nonexistent,-0.1,93.2,-42.0,4.021,5195.8,no
43,technician,single,high.school,no,no,no,cellular,nov,fri,61,2,999,0,nonexistent,-0.1,93.2,-42.0,4.021,5195.8,no
55,technician,single,professional.course,no,no,no,cellular,nov,fri,142,2,999,0,nonexistent,-0.1,93.2,-42.0,4.021,5195.8,no
37,technician,married,professional.course,unknown,yes,no,cellular,nov,fri,222,6,999,0,nonexistent,-0.1,93.2,-42.0,4.021,5195.8,no
34,admin.,single,university.degree,no,no,no,telephone,nov,fri,34,1,999,0,nonexistent,-0.1,93.2,-42.0,4.021,5195.8,no
46,management,married,high.school,no,no,no,cellular,nov,fri,79,3,999,0,nonexistent,-0.1,93.2,-42.0,4.021,5195.8,no
40,management,married,high.school,no,yes,no,cellular,nov,fri,7,4,999,0,nonexistent,-0.1,93.2,-42.0,4.021,5195.8,no
58,admin.,married,university.degree,no,no,no,telephone,nov,fri,186,2,999,0,nonexistent,-0.1,93.2,-42.0,4.021,5195.8,no
31,technician,married,university.degree,no,yes,no,cellular,nov,fri,105,4,999,1,failure,-0.1,93.2,-42.0,4.021,5195.8,no
57,blue-collar,married,basic.9y,unknown,yes,no,telephone,nov,fri,126,1,999,0,nonexistent,-0.1,93.2,-42.0,4.021,5195.8,no
36,admin.,single,high.school,no,yes,yes,telephone,nov,fri,661,1,999,0,nonexistent,-0.1,93.2,-42.0,4.021,5195.8,no
37,entrepreneur,married,university.degree,no,yes,no,telephone,nov,fri,45,2,999,0,nonexistent,-0.1,93.2,-42.0,4.021,5195.8,no
30,blue-collar,married,high.school,no,yes,yes,cellular,nov,fri,14,5,999,0,nonexistent,-0.1,93.2,-42.0,4.021,5195.8,no
51,admin.,single,university.degree,unknown,no,no,cellular,nov,fri,224,2,999,1,failure,-0.1,93.2,-42.0,4.021,5195.8,no
29,management,single,university.degree,no,yes,no,cellular,nov,fri,155,7,999,0,nonexistent,-0.1,93.2,-42.0,4.021,5195.8,no
48,technician,married,professional.course,no,no,no,cellular,nov,fri,78,6,999,0,nonexistent,-0.1,93.2,-42.0,4.021,5195.8,no
44,admin.,married,high.school,no,no,no,cellular,nov,fri,10,7,999,0,nonexistent,-0.1,93.2,-42.0,4.021,5195.8,no
46,self-employed,married,professional.course,no,yes,no,telephone,nov,fri,379,2,999,0,nonexistent,-0.1,93.2,-42.0,4.021,5195.8,no
47,technician,married,unknown,unknown,yes,no,cellular,nov,fri,57,2,999,1,failure,-0.1,93.2,-42.0,4.021,5195.8,no
36,admin.,married,university.degree,no,yes,no,cellular,nov,fri,85,1,999,1,failure,-0.1,93.2,-42.0,4.021,5195.8,no
53,management,married,university.degree,no,yes,yes,cellular,nov,fri,106,1,999,0,nonexistent,-0.1,93.2,-42.0,4.021,5195.8,no
53,admin.,married,high.school,no,yes,no,cellular,nov,fri,50,2,999,0,nonexistent,-0.1,93.2,-42.0,4.021,5195.8,no
56,blue-collar,married,basic.9y,no,yes,no,cellular,nov,fri,757,2,999,0,nonexistent,-0.1,93.2,-42.0,4.021,5195.8,no
47,technician,married,unknown,unknown,yes,no,cellular,nov,fri,624,1,999,0,nonexistent,-0.1,93.2,-42.0,4.021,5195.8,no
37,admin.,single,high.school,no,yes,no,cellular,nov,fri,103,2,999,0,nonexistent,-0.1,93.2,-42.0,4.021,5195.8,no
44,entrepreneur,married,university.degree,no,yes,no,cellular,nov,fri,570,4,999,0,nonexistent,-0.1,93.2,-42.0,4.021,5195.8,no
52,admin.,married,high.school,no,yes,no,cellular,nov,fri,139,2,999,1,failure,-0.1,93.2,-42.0,4.021,5195.8,no
56,technician,married,professional.course,no,no,no,cellular,nov,fri,157,5,999,0,nonexistent,-0.1,93.2,-42.0,4.021,5195.8,no
35,management,married,university.degree,no,yes,no,cellular,nov,fri,579,9,999,0,nonexistent,-0.1,93.2,-42.0,4.021,5195.8,yes
40,student,single,high.school,no,no,no,cellular,nov,fri,328,6,999,0,nonexistent,-0.1,93.2,-42.0,4.021,5195.8,no
46,unemployed,divorced,basic.4y,no,no,no,cellular,nov,fri,366,3,3,1,success,-0.1,93.2,-42.0,4.021,5195.8,no
39,admin.,single,unknown,no,no,no,cellular,nov,fri,504,2,999,1,failure,-0.1,93.2,-42.0,4.021,5195.8,yes
39,housemaid,married,basic.9y,no,yes,no,cellular,nov,fri,150,4,999,0,nonexistent,-0.1,93.2,-42.0,4.021,5195.8,no
51,technician,married,professional.course,no,yes,no,cellular,nov,fri,51,2,999,1,failure,-0.1,93.2,-42.0,4.021,5195.8,no
51,admin.,married,university.degree,no,yes,yes,cellular,nov,fri,175,3,999,1,failure,-0.1,93.2,-42.0,4.021,5195.8,no
50,retired,married,university.degree,no,no,no,cellular,nov,fri,128,3,999,0,nonexistent,-0.1,93.2,-42.0,4.021,5195.8,no
41,technician,married,professional.course,no,yes,no,cellular,nov,fri,82,5,5,1,success,-0.1,93.2,-42.0,4.021,5195.8,no
45,technician,married,professional.course,no,yes,yes,cellular,nov,fri,52,2,999,0,nonexistent,-0.1,93.2,-42.0,4.021,5195.8,no
51,management,married,university.degree,no,yes,no,cellular,nov,fri,289,3,999,0,nonexistent,-0.1,93.2,-42.0,4.021,5195.8,no
43,technician,married,university.degree,no,no,yes,cellular,nov,fri,43,1,999,1,failure,-0.1,93.2,-42.0,4.021,5195.8,no
32,admin.,divorced,university.degree,no,yes,no,cellular,nov,fri,101,3,999,0,nonexistent,-0.1,93.2,-42.0,4.021,5195.8,no
50,technician,married,professional.course,no,no,no,cellular,nov,fri,402,4,999,1,failure,-0.1,93.2,-42.0,4.021,5195.8,no
45,admin.,divorced,university.degree,no,no,yes,cellular,nov,fri,59,1,999,0,nonexistent,-0.1,93.2,-42.0,4.021,5195.8,no
50,retired,single,university.degree,no,yes,no,cellular,nov,fri,39,1,999,0,nonexistent,-0.1,93.2,-42.0,4.021,5195.8,no
41,management,divorced,university.degree,no,no,no,cellular,nov,fri,57,8,999,1,failure,-0.1,93.2,-42.0,4.021,5195.8,no
57,technician,divorced,professional.course,no,unknown,unknown,cellular,nov,fri,87,1,999,0,nonexistent,-0.1,93.2,-42.0,4.021,5195.8,no
55,management,divorced,university.degree,unknown,no,no,cellular,nov,fri,89,2,999,0,nonexistent,-0.1,93.2,-42.0,4.021,5195.8,no
40,management,married,university.degree,no,no,no,cellular,nov,fri,608,3,999,0,nonexistent,-0.1,93.2,-42.0,4.021,5195.8,no
58,management,married,basic.4y,no,no,no,cellular,nov,fri,240,3,999,0,nonexistent,-0.1,93.2,-42.0,4.021,5195.8,no
53,management,married,university.degree,no,no,no,cellular,nov,fri,137,2,999,0,nonexistent,-0.1,93.2,-42.0,4.021,5195.8,no
34,technician,married,professional.course,no,yes,yes,cellular,nov,fri,379,2,999,0,nonexistent,-0.1,93.2,-42.0,4.021,5195.8,no
49,management,married,university.degree,no,no,no,cellular,nov,fri,1036,2,999,0,nonexistent,-0.1,93.2,-42.0,4.021,5195.8,no
42,technician,divorced,professional.course,no,no,no,cellular,nov,fri,675,4,999,1,failure,-0.1,93.2,-42.0,4.021,5195.8,no
54,admin.,divorced,high.school,no,no,yes,cellular,nov,fri,377,1,999,0,nonexistent,-0.1,93.2,-42.0,4.021,5195.8,no
29,technician,single,professional.course,no,no,no,cellular,nov,fri,394,5,999,0,nonexistent,-0.1,93.2,-42.0,4.021,5195.8,no
34,admin.,single,university.degree,no,no,no,cellular,nov,fri,70,2,999,0,nonexistent,-0.1,93.2,-42.0,4.021,5195.8,no
38,technician,single,professional.course,unknown,no,no,cellular,nov,fri,519,1,999,0,nonexistent,-0.1,93.2,-42.0,4.021,5195.8,no
53,self-employed,married,university.degree,no,yes,no,cellular,nov,fri,61,4,999,0,nonexistent,-0.1,93.2,-42.0,4.021,5195.8,no
39,management,married,high.school,no,no,no,cellular,nov,fri,163,2,999,1,failure,-0.1,93.2,-42.0,4.021,5195.8,no
50,technician,married,university.degree,no,no,no,cellular,nov,fri,302,2,999,1,failure,-0.1,93.2,-42.0,4.021,5195.8,no
57,admin.,married,high.school,no,yes,no,cellular,nov,fri,41,2,999,0,nonexistent,-0.1,93.2,-42.0,4.021,5195.8,no
37,self-employed,married,university.degree,no,no,no,telephone,nov,fri,39,9,999,0,nonexistent,-0.1,93.2,-42.0,4.021,5195.8,no
35,admin.,single,university.degree,no,no,no,cellular,nov,fri,360,2,999,0,nonexistent,-0.1,93.2,-42.0,4.021,5195.8,no
37,unemployed,single,university.degree,no,yes,no,cellular,nov,fri,230,3,999,0,nonexistent,-0.1,93.2,-42.0,4.021,5195.8,no
51,admin.,divorced,basic.9y,no,yes,no,cellular,nov,fri,155,2,999,0,nonexistent,-0.1,93.2,-42.0,4.021,5195.8,no
34,technician,married,professional.course,no,yes,no,cellular,nov,fri,251,2,999,0,nonexistent,-0.1,93.2,-42.0,4.021,5195.8,no
57,management,married,university.degree,unknown,yes,yes,cellular,nov,fri,22,2,999,1,failure,-0.1,93.2,-42.0,4.021,5195.8,no
57,services,married,unknown,no,no,no,cellular,nov,fri,58,2,999,0,nonexistent,-0.1,93.2,-42.0,4.021,5195.8,no
46,technician,married,professional.course,no,no,no,cellular,nov,fri,38,2,999,0,nonexistent,-0.1,93.2,-42.0,4.021,5195.8,no
31,admin.,single,university.degree,no,yes,no,cellular,nov,fri,36,2,999,0,nonexistent,-0.1,93.2,-42.0,4.021,5195.8,no
43,housemaid,married,basic.4y,no,no,no,cellular,nov,fri,165,2,999,0,nonexistent,-0.1,93.2,-42.0,4.021,5195.8,no
48,unemployed,married,professional.course,unknown,yes,yes,telephone,nov,fri,83,2,999,0,nonexistent,-0.1,93.2,-42.0,4.021,5195.8,no
46,technician,married,professional.course,no,no,yes,cellular,nov,fri,98,5,999,0,nonexistent,-0.1,93.2,-42.0,4.021,5195.8,no
53,admin.,divorced,high.school,no,yes,yes,telephone,nov,fri,544,2,999,0,nonexistent,-0.1,93.2,-42.0,4.021,5195.8,no
57,technician,married,university.degree,unknown,yes,no,cellular,nov,fri,39,10,999,0,nonexistent,-0.1,93.2,-42.0,4.021,5195.8,no
53,blue-collar,married,basic.4y,no,no,no,cellular,nov,fri,122,3,999,1,failure,-0.1,93.2,-42.0,4.021,5195.8,no
48,technician,married,professional.course,no,yes,yes,cellular,nov,fri,695,3,999,0,nonexistent,-0.1,93.2,-42.0,4.021,5195.8,no
31,admin.,single,high.school,no,yes,no,cellular,nov,fri,369,2,999,0,nonexistent,-0.1,93.2,-42.0,4.021,5195.8,no
44,entrepreneur,married,university.degree,no,no,no,cellular,nov,fri,88,2,999,0,nonexistent,-0.1,93.2,-42.0,4.021,5195.8,no
47,admin.,married,basic.9y,no,yes,no,telephone,nov,fri,64,3,999,0,nonexistent,-0.1,93.2,-42.0,4.021,5195.8,no
43,services,single,high.school,unknown,yes,no,cellular,nov,fri,216,4,999,0,nonexistent,-0.1,93.2,-42.0,4.021,5195.8,no
40,management,married,university.degree,no,no,no,cellular,nov,fri,147,3,999,0,nonexistent,-0.1,93.2,-42.0,4.021,5195.8,no
53,retired,married,high.school,no,no,no,cellular,nov,fri,268,3,999,0,nonexistent,-0.1,93.2,-42.0,4.021,5195.8,no
37,self-employed,married,university.degree,no,no,no,cellular,nov,fri,169,2,999,0,nonexistent,-0.1,93.2,-42.0,4.021,5195.8,no
30,student,single,university.degree,no,no,no,cellular,nov,fri,585,4,999,1,failure,-0.1,93.2,-42.0,4.021,5195.8,no
53,management,married,university.degree,no,yes,no,cellular,nov,fri,129,4,999,0,nonexistent,-0.1,93.2,-42.0,4.021,5195.8,no
37,management,married,university.degree,no,yes,no,cellular,nov,fri,33,8,999,0,nonexistent,-0.1,93.2,-42.0,4.021,5195.8,no
42,self-employed,married,university.degree,no,yes,no,cellular,nov,fri,888,3,999,0,nonexistent,-0.1,93.2,-42.0,4.021,5195.8,no
56,admin.,married,university.degree,no,no,no,cellular,nov,fri,808,2,999,0,nonexistent,-0.1,93.2,-42.0,4.021,5195.8,yes
43,technician,married,professional.course,no,no,no,cellular,nov,fri,14,9,999,0,nonexistent,-0.1,93.2,-42.0,4.021,5195.8,no
51,housemaid,married,high.school,no,no,yes,cellular,nov,fri,305,6,999,0,nonexistent,-0.1,93.2,-42.0,4.021,5195.8,no
57,blue-collar,married,basic.9y,unknown,yes,yes,cellular,nov,fri,134,2,999,0,nonexistent,-0.1,93.2,-42.0,4.021,5195.8,no
51,services,single,high.school,unknown,no,no,cellular,nov,fri,107,4,999,0,nonexistent,-0.1,93.2,-42.0,4.021,5195.8,no
56,admin.,married,basic.4y,no,yes,no,cellular,nov,fri,382,3,999,0,nonexistent,-0.1,93.2,-42.0,4.021,5195.8,no
56,services,married,basic.4y,unknown,yes,no,cellular,nov,fri,39,4,999,1,failure,-0.1,93.2,-42.0,4.021,5195.8,no
52,blue-collar,married,basic.9y,no,no,no,cellular,nov,fri,13,2,999,0,nonexistent,-0.1,93.2,-42.0,4.021,5195.8,no
51,blue-collar,married,basic.9y,no,no,no,cellular,nov,fri,1032,10,999,1,failure,-0.1,93.2,-42.0,4.021,5195.8,no
48,admin.,married,university.degree,no,no,no,cellular,nov,fri,634,4,999,0,nonexistent,-0.1,93.2,-42.0,4.021,5195.8,no
34,admin.,married,university.degree,no,yes,no,cellular,nov,fri,138,2,999,0,nonexistent,-0.1,93.2,-42.0,4.021,5195.8,no
47,management,married,high.school,no,yes,yes,cellular,nov,fri,225,3,999,0,nonexistent,-0.1,93.2,-42.0,4.021,5195.8,no
42,services,divorced,high.school,no,yes,no,cellular,nov,fri,855,3,999,0,nonexistent,-0.1,93.2,-42.0,4.021,5195.8,no
30,admin.,single,university.degree,no,no,no,cellular,nov,fri,258,2,999,1,failure,-0.1,93.2,-42.0,4.021,5195.8,no
46,technician,married,professional.course,no,yes,yes,cellular,nov,fri,484,4,999,0,nonexistent,-0.1,93.2,-42.0,4.021,5195.8,no
51,technician,married,professional.course,no,yes,no,cellular,nov,fri,229,2,999,0,nonexistent,-0.1,93.2,-42.0,4.021,5195.8,no
43,technician,married,university.degree,no,yes,no,cellular,nov,fri,330,2,999,0,nonexistent,-0.1,93.2,-42.0,4.021,5195.8,no
33,admin.,married,university.degree,no,yes,no,cellular,nov,fri,41,4,999,0,nonexistent,-0.1,93.2,-42.0,4.021,5195.8,no
29,admin.,single,university.degree,no,yes,yes,cellular,nov,fri,1222,2,999,0,nonexistent,-0.1,93.2,-42.0,4.021,5195.8,yes
58,management,divorced,university.degree,no,yes,no,telephone,nov,fri,39,2,999,0,nonexistent,-0.1,93.2,-42.0,4.021,5195.8,no
54,admin.,divorced,high.school,no,no,no,cellular,nov,fri,639,2,999,1,failure,-0.1,93.2,-42.0,4.021,5195.8,no
53,retired,married,high.school,no,yes,no,cellular,nov,fri,711,2,999,0,nonexistent,-0.1,93.2,-42.0,4.021,5195.8,no
44,management,single,university.degree,unknown,no,no,cellular,nov,fri,534,2,999,0,nonexistent,-0.1,93.2,-42.0,4.021,5195.8,yes
37,unemployed,single,university.degree,no,no,yes,cellular,nov,fri,104,2,999,0,nonexistent,-0.1,93.2,-42.0,4.021,5195.8,no
43,blue-collar,married,professional.course,no,no,yes,cellular,nov,fri,432,2,999,0,nonexistent,-0.1,93.2,-42.0,4.021,5195.8,no
50,services,single,high.school,no,yes,no,cellular,nov,fri,1195,2,999,0,nonexistent,-0.1,93.2,-42.0,4.021,5195.8,no
48,blue-collar,married,basic.4y,no,yes,no,cellular,nov,fri,168,2,999,0,nonexistent,-0.1,93.2,-42.0,4.021,5195.8,no
34,admin.,single,university.degree,no,no,no,cellular,nov,fri,229,3,999,0,nonexistent,-0.1,93.2,-42.0,4.021,5195.8,no
57,admin.,married,university.degree,no,no,no,cellular,nov,fri,127,3,999,0,nonexistent,-0.1,93.2,-42.0,4.021,5195.8,no
47,admin.,married,university.degree,no,yes,no,cellular,nov,fri,59,3,999,0,nonexistent,-0.1,93.2,-42.0,4.021,5195.8,no
59,technician,single,professional.course,no,yes,no,cellular,nov,fri,246,2,999,0,nonexistent,-0.1,93.2,-42.0,4.021,5195.8,no
47,admin.,married,high.school,no,yes,no,cellular,nov,fri,140,3,999,0,nonexistent,-0.1,93.2,-42.0,4.021,5195.8,no
37,technician,married,professional.course,unknown,no,no,cellular,nov,fri,210,3,999,0,nonexistent,-0.1,93.2,-42.0,4.021,5195.8,no
53,admin.,married,high.school,no,no,no,cellular,nov,fri,11,2,999,0,nonexistent,-0.1,93.2,-42.0,4.021,5195.8,no
57,self-employed,married,university.degree,no,yes,no,cellular,nov,fri,208,3,999,1,failure,-0.1,93.2,-42.0,4.021,5195.8,no
44,blue-collar,married,basic.6y,no,yes,no,cellular,nov,fri,358,3,999,0,nonexistent,-0.1,93.2,-42.0,4.021,5195.8,no
41,services,married,unknown,no,no,no,cellular,nov,fri,64,5,999,0,nonexistent,-0.1,93.2,-42.0,4.021,5195.8,no
41,technician,married,professional.course,no,no,no,cellular,nov,fri,407,4,999,0,nonexistent,-0.1,93.2,-42.0,4.021,5195.8,no
41,technician,single,university.degree,no,no,no,cellular,nov,fri,903,3,999,1,failure,-0.1,93.2,-42.0,4.021,5195.8,no
53,blue-collar,married,basic.4y,unknown,no,no,cellular,nov,fri,205,2,999,0,nonexistent,-0.1,93.2,-42.0,4.021,5195.8,no
52,admin.,divorced,high.school,no,yes,no,cellular,nov,fri,127,2,999,0,nonexistent,-0.1,93.2,-42.0,4.021,5195.8,no
30,admin.,single,university.degree,no,no,no,cellular,nov,fri,331,2,999,0,nonexistent,-0.1,93.2,-42.0,4.021,5195.8,yes
45,admin.,single,university.degree,no,no,no,cellular,nov,fri,27,3,999,0,nonexistent,-0.1,93.2,-42.0,4.021,5195.8,no
56,retired,married,basic.4y,no,no,no,cellular,nov,fri,163,2,999,1,failure,-0.1,93.2,-42.0,4.021,5195.8,no
32,entrepreneur,single,high.school,unknown,yes,yes,cellular,nov,fri,64,6,999,0,nonexistent,-0.1,93.2,-42.0,4.021,5195.8,no
49,unemployed,single,high.school,no,yes,no,telephone,nov,fri,136,2,999,1,failure,-0.1,93.2,-42.0,4.021,5195.8,no
58,admin.,married,basic.4y,no,no,no,cellular,nov,fri,505,7,999,0,nonexistent,-0.1,93.2,-42.0,4.021,5195.8,no
49,blue-collar,married,university.degree,no,no,no,cellular,nov,fri,170,2,999,0,nonexistent,-0.1,93.2,-42.0,4.021,5195.8,no
32,technician,single,university.degree,no,yes,yes,cellular,nov,fri,1162,2,999,0,nonexistent,-0.1,93.2,-42.0,4.021,5195.8,no
48,unemployed,divorced,professional.course,no,yes,no,telephone,nov,fri,122,4,999,0,nonexistent,-0.1,93.2,-42.0,4.021,5195.8,no
35,admin.,divorced,university.degree,no,yes,no,cellular,nov,fri,72,4,999,0,nonexistent,-0.1,93.2,-42.0,4.021,5195.8,no
57,technician,married,professional.course,no,yes,no,cellular,nov,fri,294,2,999,0,nonexistent,-0.1,93.2,-42.0,4.021,5195.8,no
46,housemaid,married,university.degree,unknown,yes,no,cellular,nov,fri,82,2,999,0,nonexistent,-0.1,93.2,-42.0,4.021,5195.8,no
30,blue-collar,single,university.degree,no,yes,no,cellular,nov,fri,7,5,999,0,nonexistent,-0.1,93.2,-42.0,4.021,5195.8,no
58,admin.,married,university.degree,no,yes,no,cellular,nov,fri,21,7,999,0,nonexistent,-0.1,93.2,-42.0,4.021,5195.8,no
29,admin.,single,university.degree,no,yes,no,cellular,nov,fri,118,2,999,1,failure,-0.1,93.2,-42.0,4.021,5195.8,no
47,admin.,married,high.school,no,no,no,cellular,nov,fri,21,3,999,1,failure,-0.1,93.2,-42.0,4.021,5195.8,no
30,self-employed,single,university.degree,no,no,no,telephone,nov,fri,345,2,999,0,nonexistent,-0.1,93.2,-42.0,4.021,5195.8,no
48,admin.,divorced,university.degree,no,yes,no,cellular,nov,fri,96,3,999,1,failure,-0.1,93.2,-42.0,4.021,5195.8,no
52,unemployed,married,university.degree,no,yes,no,cellular,nov,fri,211,7,999,1,failure,-0.1,93.2,-42.0,4.021,5195.8,no
50,admin.,married,university.degree,no,yes,no,cellular,nov,fri,73,2,999,0,nonexistent,-0.1,93.2,-42.0,4.021,5195.8,no
37,self-employed,married,university.degree,no,yes,no,cellular,nov,fri,6,5,999,0,nonexistent,-0.1,93.2,-42.0,4.021,5195.8,no
55,entrepreneur,divorced,university.degree,no,no,no,cellular,nov,fri,110,2,999,0,nonexistent,-0.1,93.2,-42.0,4.021,5195.8,no
58,retired,divorced,professional.course,no,yes,no,cellular,nov,fri,321,3,999,1,failure,-0.1,93.2,-42.0,4.021,5195.8,no
37,self-employed,married,university.degree,no,yes,no,cellular,nov,fri,56,2,999,0,nonexistent,-0.1,93.2,-42.0,4.021,5195.8,no
51,technician,married,professional.course,unknown,no,no,cellular,nov,fri,281,2,999,1,failure,-0.1,93.2,-42.0,4.021,5195.8,no
29,self-employed,single,university.degree,no,yes,no,cellular,nov,fri,328,4,999,1,failure,-0.1,93.2,-42.0,4.021,5195.8,no
51,management,married,university.degree,no,no,yes,telephone,nov,fri,13,4,999,0,nonexistent,-0.1,93.2,-42.0,4.021,5195.8,no
55,management,married,university.degree,no,no,yes,cellular,nov,fri,296,3,999,0,nonexistent,-0.1,93.2,-42.0,4.021,5195.8,no
37,self-employed,married,university.degree,no,yes,no,cellular,nov,fri,48,2,999,0,nonexistent,-0.1,93.2,-42.0,4.021,5195.8,no
30,unemployed,married,professional.course,no,yes,no,telephone,nov,fri,77,5,999,0,nonexistent,-0.1,93.2,-42.0,4.021,5195.8,no
42,admin.,married,high.school,no,yes,no,cellular,nov,fri,8,2,999,0,nonexistent,-0.1,93.2,-42.0,4.021,5195.8,no
37,entrepreneur,married,university.degree,no,yes,no,cellular,nov,fri,12,5,999,1,failure,-0.1,93.2,-42.0,4.021,5195.8,no
40,services,single,high.school,unknown,no,no,cellular,nov,fri,8,3,999,0,nonexistent,-0.1,93.2,-42.0,4.021,5195.8,no
58,retired,married,professional.course,unknown,no,no,cellular,nov,fri,158,3,999,1,failure,-0.1,93.2,-42.0,4.021,5195.8,no
46,admin.,divorced,university.degree,no,no,no,telephone,nov,fri,11,7,999,0,nonexistent,-0.1,93.2,-42.0,4.021,5195.8,no
43,technician,married,university.degree,no,no,no,cellular,nov,fri,24,9,999,0,nonexistent,-0.1,93.2,-42.0,4.021,5195.8,no
29,blue-collar,single,basic.6y,no,no,no,telephone,nov,fri,69,2,999,0,nonexistent,-0.1,93.2,-42.0,4.021,5195.8,no
35,blue-collar,married,basic.9y,no,yes,no,cellular,nov,fri,11,2,999,0,nonexistent,-0.1,93.2,-42.0,4.021,5195.8,no
52,services,divorced,basic.4y,unknown,yes,yes,cellular,nov,fri,23,8,999,0,nonexistent,-0.1,93.2,-42.0,4.021,5195.8,no
49,entrepreneur,married,university.degree,no,yes,no,cellular,nov,fri,13,2,999,0,nonexistent,-0.1,93.2,-42.0,4.021,5195.8,no
58,retired,married,professional.course,unknown,yes,yes,cellular,nov,fri,22,4,999,1,failure,-0.1,93.2,-42.0,4.021,5195.8,no
40,management,married,university.degree,no,no,no,cellular,nov,fri,234,5,999,1,failure,-0.1,93.2,-42.0,4.021,5195.8,no
31,technician,single,university.degree,no,yes,yes,telephone,nov,fri,30,3,999,0,nonexistent,-0.1,93.2,-42.0,4.021,5195.8,no
45,technician,single,university.degree,no,no,no,cellular,nov,fri,80,2,999,0,nonexistent,-0.1,93.2,-42.0,4.021,5195.8,no
31,unemployed,single,basic.4y,no,no,no,cellular,nov,fri,12,8,999,0,nonexistent,-0.1,93.2,-42.0,4.021,5195.8,no
31,admin.,single,university.degree,no,no,no,cellular,nov,fri,85,2,999,0,nonexistent,-0.1,93.2,-42.0,4.021,5195.8,no
34,services,single,basic.9y,no,yes,no,cellular,nov,fri,143,3,999,0,nonexistent,-0.1,93.2,-42.0,4.021,5195.8,no
36,self-employed,married,basic.9y,no,yes,yes,cellular,nov,fri,14,7,999,0,nonexistent,-0.1,93.2,-42.0,4.021,5195.8,no
40,admin.,single,university.degree,no,yes,yes,cellular,nov,fri,12,10,999,0,nonexistent,-0.1,93.2,-42.0,4.021,5195.8,no
50,retired,single,university.degree,no,no,no,cellular,nov,fri,51,5,999,1,failure,-0.1,93.2,-42.0,4.021,5195.8,no
56,services,single,high.school,no,yes,yes,cellular,nov,fri,12,4,999,0,nonexistent,-0.1,93.2,-42.0,4.021,5195.8,no
37,admin.,single,university.degree,no,yes,yes,cellular,nov,fri,33,3,999,0,nonexistent,-0.1,93.2,-42.0,4.021,5195.8,no
51,admin.,single,university.degree,unknown,yes,yes,cellular,nov,fri,53,2,999,0,nonexistent,-0.1,93.2,-42.0,4.021,5195.8,no
50,admin.,divorced,university.degree,no,yes,no,cellular,nov,fri,72,3,1,2,success,-0.1,93.2,-42.0,4.021,5195.8,no
39,admin.,single,unknown,no,yes,no,cellular,nov,fri,79,4,999,0,nonexistent,-0.1,93.2,-42.0,4.021,5195.8,no
32,management,married,university.degree,no,yes,yes,cellular,nov,fri,1067,2,999,0,nonexistent,-0.1,93.2,-42.0,4.021,5195.8,no
42,admin.,divorced,university.degree,no,yes,no,cellular,nov,fri,10,3,999,0,nonexistent,-0.1,93.2,-42.0,4.021,5195.8,no
48,admin.,married,university.degree,unknown,no,no,cellular,nov,fri,71,9,999,0,nonexistent,-0.1,93.2,-42.0,4.021,5195.8,no
49,blue-collar,married,basic.9y,no,no,no,cellular,nov,fri,273,5,999,0,nonexistent,-0.1,93.2,-42.0,4.021,5195.8,no
51,blue-collar,married,high.school,no,no,no,cellular,nov,fri,11,4,999,0,nonexistent,-0.1,93.2,-42.0,4.021,5195.8,no
55,management,married,basic.9y,no,no,no,cellular,nov,fri,189,2,999,1,failure,-0.1,93.2,-42.0,4.021,5195.8,no
48,admin.,married,university.degree,no,no,no,cellular,nov,fri,61,7,999,1,failure,-0.1,93.2,-42.0,4.021,5195.8,no
39,management,married,university.degree,no,yes,no,telephone,nov,fri,10,7,999,0,nonexistent,-0.1,93.2,-42.0,4.021,5195.8,no
40,technician,married,university.degree,no,yes,no,telephone,nov,fri,10,3,999,0,nonexistent,-0.1,93.2,-42.0,4.021,5195.8,no
55,management,married,university.degree,unknown,yes,no,cellular,nov,fri,280,2,999,0,nonexistent,-0.1,93.2,-42.0,4.021,5195.8,no
37,admin.,married,unknown,no,no,no,cellular,nov,fri,34,2,999,0,nonexistent,-0.1,93.2,-42.0,4.021,5195.8,no
32,admin.,married,high.school,no,no,no,cellular,nov,fri,219,2,999,0,nonexistent,-0.1,93.2,-42.0,4.021,5195.8,no
34,admin.,married,university.degree,no,no,no,telephone,nov,fri,205,3,999,1,failure,-0.1,93.2,-42.0,4.021,5195.8,no
38,technician,married,professional.course,no,yes,yes,telephone,nov,wed,49,1,999,0,nonexistent,-0.1,93.2,-42.0,3.9010000000000002,5195.8,no
32,unemployed,single,high.school,no,no,yes,telephone,nov,thu,114,1,999,0,nonexistent,-0.1,93.2,-42.0,3.8789999999999996,5195.8,no
46,entrepreneur,single,professional.course,no,yes,no,telephone,nov,thu,8,1,999,0,nonexistent,-0.1,93.2,-42.0,3.8789999999999996,5195.8,no
27,admin.,single,high.school,no,yes,no,telephone,nov,fri,24,1,999,0,nonexistent,-0.1,93.2,-42.0,3.853,5195.8,no
31,admin.,single,high.school,no,yes,no,telephone,dec,mon,36,1,999,0,nonexistent,-0.2,92.756,-45.9,3.8160000000000003,5176.3,no
39,housemaid,married,basic.4y,no,yes,no,telephone,dec,wed,11,1,999,1,failure,-0.2,92.756,-45.9,3.7430000000000003,5176.3,no
41,technician,divorced,professional.course,no,no,yes,cellular,dec,thu,18,1,999,0,nonexistent,-0.2,92.756,-45.9,3.6689999999999996,5176.3,no
37,admin.,married,high.school,no,yes,no,telephone,dec,fri,12,1,999,0,nonexistent,-0.2,92.756,-45.9,3.563,5176.3,no
48,admin.,married,high.school,no,yes,yes,telephone,dec,fri,291,1,999,0,nonexistent,-0.2,92.756,-45.9,3.563,5176.3,no
39,technician,married,professional.course,no,yes,no,telephone,dec,tue,183,1,999,0,nonexistent,-0.2,92.756,-45.9,3.428,5176.3,no
36,blue-collar,married,high.school,no,yes,no,cellular,dec,thu,234,1,999,0,nonexistent,-0.2,92.756,-45.9,3.3289999999999997,5176.3,no
55,unemployed,divorced,professional.course,no,no,no,telephone,dec,fri,136,1,999,0,nonexistent,-0.2,92.756,-45.9,3.282,5176.3,no
44,blue-collar,married,basic.4y,no,yes,yes,telephone,dec,mon,119,1,999,0,nonexistent,-0.2,92.756,-45.9,3.053,5176.3,yes
38,admin.,single,university.degree,no,yes,no,cellular,mar,mon,111,2,999,0,nonexistent,-1.8,92.84299999999999,-50.0,1.811,5099.1,yes
26,student,single,basic.9y,no,no,no,cellular,mar,mon,42,4,999,0,nonexistent,-1.8,92.84299999999999,-50.0,1.811,5099.1,no
30,management,married,university.degree,no,yes,no,telephone,mar,mon,213,7,999,0,nonexistent,-1.8,92.84299999999999,-50.0,1.811,5099.1,no
26,student,single,basic.9y,no,yes,yes,cellular,mar,mon,78,4,999,1,failure,-1.8,92.84299999999999,-50.0,1.811,5099.1,no
28,technician,single,university.degree,no,yes,no,cellular,mar,mon,76,2,999,0,nonexistent,-1.8,92.84299999999999,-50.0,1.811,5099.1,no
35,admin.,married,university.degree,no,yes,no,cellular,mar,mon,378,4,999,0,nonexistent,-1.8,92.84299999999999,-50.0,1.811,5099.1,yes
30,management,married,university.degree,no,no,no,cellular,mar,mon,116,1,999,0,nonexistent,-1.8,92.84299999999999,-50.0,1.811,5099.1,yes
26,admin.,married,university.degree,no,yes,no,cellular,mar,mon,154,1,999,0,nonexistent,-1.8,92.84299999999999,-50.0,1.811,5099.1,yes
28,technician,single,university.degree,no,no,no,cellular,mar,mon,142,2,999,0,nonexistent,-1.8,92.84299999999999,-50.0,1.811,5099.1,no
44,blue-collar,single,professional.course,no,no,no,cellular,mar,mon,239,1,999,0,nonexistent,-1.8,92.84299999999999,-50.0,1.811,5099.1,yes
28,technician,single,university.degree,no,yes,yes,cellular,mar,mon,54,1,999,0,nonexistent,-1.8,92.84299999999999,-50.0,1.811,5099.1,no
30,management,married,university.degree,no,yes,no,cellular,mar,mon,170,3,999,0,nonexistent,-1.8,92.84299999999999,-50.0,1.811,5099.1,no
26,admin.,married,university.degree,no,yes,no,cellular,mar,mon,175,5,999,0,nonexistent,-1.8,92.84299999999999,-50.0,1.811,5099.1,yes
28,technician,single,university.degree,no,yes,no,cellular,mar,mon,120,3,999,0,nonexistent,-1.8,92.84299999999999,-50.0,1.811,5099.1,yes
28,technician,single,university.degree,no,no,no,cellular,mar,mon,56,2,999,0,nonexistent,-1.8,92.84299999999999,-50.0,1.811,5099.1,no
26,student,single,basic.9y,no,yes,no,cellular,mar,mon,1447,2,999,0,nonexistent,-1.8,92.84299999999999,-50.0,1.811,5099.1,yes
26,admin.,married,university.degree,no,yes,no,cellular,mar,mon,76,2,999,0,nonexistent,-1.8,92.84299999999999,-50.0,1.811,5099.1,no
28,technician,single,university.degree,no,yes,no,cellular,mar,mon,131,12,999,0,nonexistent,-1.8,92.84299999999999,-50.0,1.811,5099.1,no
61,admin.,married,university.degree,no,yes,no,cellular,mar,mon,136,6,999,0,nonexistent,-1.8,92.84299999999999,-50.0,1.811,5099.1,no
26,student,single,basic.9y,no,no,yes,cellular,mar,mon,889,4,999,0,nonexistent,-1.8,92.84299999999999,-50.0,1.811,5099.1,no
48,admin.,married,basic.6y,no,yes,no,telephone,mar,mon,382,2,999,0,nonexistent,-1.8,92.84299999999999,-50.0,1.811,5099.1,yes
31,admin.,single,university.degree,no,no,yes,telephone,mar,mon,39,2,999,0,nonexistent,-1.8,92.84299999999999,-50.0,1.811,5099.1,no
28,admin.,single,high.school,no,yes,no,cellular,mar,tue,143,2,999,0,nonexistent,-1.8,92.84299999999999,-50.0,1.7990000000000002,5099.1,yes
42,entrepreneur,married,basic.9y,no,unknown,unknown,cellular,mar,tue,133,1,999,0,nonexistent,-1.8,92.84299999999999,-50.0,1.7990000000000002,5099.1,no
66,technician,married,professional.course,no,yes,no,cellular,mar,tue,83,1,999,0,nonexistent,-1.8,92.84299999999999,-50.0,1.7990000000000002,5099.1,yes
26,unknown,single,basic.9y,no,no,no,cellular,mar,tue,212,1,999,0,nonexistent,-1.8,92.84299999999999,-50.0,1.7990000000000002,5099.1,no
34,management,married,university.degree,no,no,no,cellular,mar,tue,499,1,999,0,nonexistent,-1.8,92.84299999999999,-50.0,1.7990000000000002,5099.1,yes
35,admin.,married,high.school,no,yes,no,cellular,mar,tue,350,3,999,0,nonexistent,-1.8,92.84299999999999,-50.0,1.7990000000000002,5099.1,yes
24,services,single,unknown,no,no,no,cellular,mar,tue,103,1,999,0,nonexistent,-1.8,92.84299999999999,-50.0,1.7990000000000002,5099.1,no
28,student,single,basic.9y,no,yes,no,cellular,mar,tue,320,1,999,0,nonexistent,-1.8,92.84299999999999,-50.0,1.7990000000000002,5099.1,yes
28,student,single,basic.9y,no,yes,no,cellular,mar,tue,156,1,999,0,nonexistent,-1.8,92.84299999999999,-50.0,1.7990000000000002,5099.1,yes
36,admin.,married,high.school,no,no,no,cellular,mar,tue,168,1,999,0,nonexistent,-1.8,92.84299999999999,-50.0,1.7990000000000002,5099.1,yes
43,blue-collar,married,basic.9y,no,no,no,cellular,mar,tue,180,2,999,0,nonexistent,-1.8,92.84299999999999,-50.0,1.7990000000000002,5099.1,yes
24,services,single,unknown,no,yes,no,cellular,mar,tue,305,13,999,0,nonexistent,-1.8,92.84299999999999,-50.0,1.7990000000000002,5099.1,yes
28,student,single,basic.9y,no,yes,no,cellular,mar,tue,96,2,999,0,nonexistent,-1.8,92.84299999999999,-50.0,1.7990000000000002,5099.1,yes
32,technician,married,professional.course,no,no,yes,telephone,mar,wed,92,5,999,0,nonexistent,-1.8,92.84299999999999,-50.0,1.778,5099.1,no
41,services,married,high.school,no,no,no,cellular,mar,wed,377,6,999,0,nonexistent,-1.8,92.84299999999999,-50.0,1.778,5099.1,yes
41,services,married,high.school,no,no,no,cellular,mar,wed,396,2,999,0,nonexistent,-1.8,92.84299999999999,-50.0,1.778,5099.1,yes
23,admin.,single,university.degree,no,unknown,unknown,cellular,mar,thu,308,2,999,1,failure,-1.8,92.84299999999999,-50.0,1.757,5099.1,yes
38,technician,married,professional.course,no,no,no,cellular,mar,thu,66,3,999,0,nonexistent,-1.8,92.84299999999999,-50.0,1.757,5099.1,no
38,technician,married,professional.course,no,no,no,cellular,mar,thu,92,1,999,0,nonexistent,-1.8,92.84299999999999,-50.0,1.757,5099.1,no
44,management,married,basic.6y,no,yes,no,cellular,mar,thu,61,2,999,0,nonexistent,-1.8,92.84299999999999,-50.0,1.757,5099.1,no
33,admin.,divorced,high.school,no,yes,no,cellular,mar,thu,86,1,999,0,nonexistent,-1.8,92.84299999999999,-50.0,1.757,5099.1,no
23,admin.,single,university.degree,no,yes,no,cellular,mar,thu,64,1,999,0,nonexistent,-1.8,92.84299999999999,-50.0,1.757,5099.1,no
44,management,married,basic.6y,no,yes,yes,cellular,mar,thu,218,1,999,0,nonexistent,-1.8,92.84299999999999,-50.0,1.757,5099.1,no
33,management,married,university.degree,no,yes,no,telephone,mar,thu,181,1,999,0,nonexistent,-1.8,92.84299999999999,-50.0,1.757,5099.1,yes
44,management,married,basic.6y,no,yes,no,cellular,mar,thu,53,3,999,0,nonexistent,-1.8,92.84299999999999,-50.0,1.757,5099.1,no
38,technician,married,professional.course,no,yes,no,cellular,mar,thu,182,1,999,0,nonexistent,-1.8,92.84299999999999,-50.0,1.757,5099.1,yes
23,admin.,single,university.degree,no,yes,no,cellular,mar,thu,90,2,999,0,nonexistent,-1.8,92.84299999999999,-50.0,1.757,5099.1,no
33,admin.,divorced,high.school,no,no,no,cellular,mar,thu,41,2,999,0,nonexistent,-1.8,92.84299999999999,-50.0,1.757,5099.1,no
38,technician,married,professional.course,no,no,yes,cellular,mar,thu,137,1,999,0,nonexistent,-1.8,92.84299999999999,-50.0,1.757,5099.1,yes
38,technician,married,professional.course,no,no,no,cellular,mar,thu,119,1,999,0,nonexistent,-1.8,92.84299999999999,-50.0,1.757,5099.1,no
38,technician,married,professional.course,no,no,no,cellular,mar,thu,106,1,999,0,nonexistent,-1.8,92.84299999999999,-50.0,1.757,5099.1,yes
38,technician,married,professional.course,no,no,yes,cellular,mar,thu,196,2,999,0,nonexistent,-1.8,92.84299999999999,-50.0,1.757,5099.1,yes
38,technician,married,professional.course,no,no,no,cellular,mar,thu,84,1,999,0,nonexistent,-1.8,92.84299999999999,-50.0,1.757,5099.1,no
76,retired,married,university.degree,no,no,yes,cellular,mar,thu,167,9,999,0,nonexistent,-1.8,92.84299999999999,-50.0,1.757,5099.1,no
38,technician,married,professional.course,no,no,yes,cellular,mar,fri,195,1,999,0,nonexistent,-1.8,92.84299999999999,-50.0,1.726,5099.1,yes
34,technician,single,professional.course,no,no,no,cellular,mar,fri,229,1,999,0,nonexistent,-1.8,92.84299999999999,-50.0,1.726,5099.1,yes
34,technician,single,professional.course,no,yes,yes,cellular,mar,fri,136,1,999,0,nonexistent,-1.8,92.84299999999999,-50.0,1.726,5099.1,no
38,technician,married,professional.course,no,yes,no,cellular,mar,fri,166,3,999,0,nonexistent,-1.8,92.84299999999999,-50.0,1.726,5099.1,yes
34,technician,single,professional.course,no,yes,yes,cellular,mar,fri,544,3,999,0,nonexistent,-1.8,92.84299999999999,-50.0,1.726,5099.1,yes
34,technician,single,professional.course,no,no,no,cellular,mar,fri,301,3,999,0,nonexistent,-1.8,92.84299999999999,-50.0,1.726,5099.1,yes
38,technician,married,professional.course,no,yes,no,cellular,mar,fri,207,2,7,1,success,-1.8,92.84299999999999,-50.0,1.726,5099.1,yes
32,management,single,university.degree,no,yes,no,cellular,mar,mon,116,1,999,0,nonexistent,-1.8,92.84299999999999,-50.0,1.703,5099.1,yes
37,admin.,single,university.degree,no,yes,yes,cellular,mar,mon,161,2,999,0,nonexistent,-1.8,92.84299999999999,-50.0,1.703,5099.1,no
55,technician,single,professional.course,no,yes,yes,cellular,mar,mon,217,2,999,0,nonexistent,-1.8,92.84299999999999,-50.0,1.703,5099.1,yes
32,management,single,university.degree,no,yes,no,cellular,mar,mon,78,2,999,1,failure,-1.8,92.84299999999999,-50.0,1.703,5099.1,no
67,retired,single,university.degree,no,yes,yes,cellular,mar,mon,70,22,999,0,nonexistent,-1.8,92.84299999999999,-50.0,1.703,5099.1,no
32,management,single,university.degree,no,yes,no,cellular,mar,mon,75,2,999,0,nonexistent,-1.8,92.84299999999999,-50.0,1.703,5099.1,no
32,management,single,university.degree,no,no,no,cellular,mar,mon,93,2,999,1,failure,-1.8,92.84299999999999,-50.0,1.703,5099.1,no
32,management,single,university.degree,no,yes,yes,cellular,mar,tue,97,1,999,0,nonexistent,-1.8,92.84299999999999,-50.0,1.6869999999999998,5099.1,no
38,technician,married,university.degree,no,no,no,cellular,mar,tue,350,2,999,2,failure,-1.8,92.84299999999999,-50.0,1.6869999999999998,5099.1,yes
32,management,single,university.degree,no,yes,no,cellular,mar,tue,164,1,999,0,nonexistent,-1.8,92.84299999999999,-50.0,1.6869999999999998,5099.1,no
32,management,single,university.degree,no,yes,no,cellular,mar,tue,106,1,999,0,nonexistent,-1.8,92.84299999999999,-50.0,1.6869999999999998,5099.1,yes
33,technician,married,university.degree,no,yes,no,cellular,mar,tue,56,2,999,0,nonexistent,-1.8,92.84299999999999,-50.0,1.6869999999999998,5099.1,no
39,admin.,single,high.school,no,yes,no,cellular,mar,tue,100,2,999,0,nonexistent,-1.8,92.84299999999999,-50.0,1.6869999999999998,5099.1,no
39,admin.,single,high.school,no,no,no,cellular,mar,tue,119,5,999,0,nonexistent,-1.8,92.84299999999999,-50.0,1.6869999999999998,5099.1,no
38,technician,married,university.degree,no,yes,no,cellular,mar,tue,122,1,999,0,nonexistent,-1.8,92.84299999999999,-50.0,1.6869999999999998,5099.1,yes
38,technician,married,university.degree,no,no,no,cellular,mar,tue,261,1,999,0,nonexistent,-1.8,92.84299999999999,-50.0,1.6869999999999998,5099.1,yes
38,technician,married,university.degree,no,yes,yes,cellular,mar,tue,113,1,999,1,failure,-1.8,92.84299999999999,-50.0,1.6869999999999998,5099.1,no
18,student,single,high.school,no,yes,yes,cellular,mar,tue,103,1,999,0,nonexistent,-1.8,92.84299999999999,-50.0,1.6869999999999998,5099.1,no
32,management,single,university.degree,no,yes,no,cellular,mar,tue,59,1,999,0,nonexistent,-1.8,92.84299999999999,-50.0,1.6869999999999998,5099.1,no
39,blue-collar,single,basic.4y,no,yes,no,telephone,mar,tue,137,3,999,0,nonexistent,-1.8,92.84299999999999,-50.0,1.6869999999999998,5099.1,no
37,admin.,married,university.degree,no,yes,yes,cellular,mar,tue,159,3,999,0,nonexistent,-1.8,92.84299999999999,-50.0,1.6869999999999998,5099.1,yes
32,management,single,university.degree,no,yes,no,telephone,mar,tue,230,2,999,0,nonexistent,-1.8,92.84299999999999,-50.0,1.6869999999999998,5099.1,no
29,self-employed,married,university.degree,no,yes,no,cellular,mar,wed,60,3,999,0,nonexistent,-1.8,92.84299999999999,-50.0,1.663,5099.1,no
29,self-employed,married,university.degree,no,no,no,cellular,mar,wed,74,1,999,0,nonexistent,-1.8,92.84299999999999,-50.0,1.663,5099.1,no
29,self-employed,married,university.degree,no,yes,no,cellular,mar,wed,95,4,999,0,nonexistent,-1.8,92.84299999999999,-50.0,1.663,5099.1,yes
29,self-employed,married,university.degree,no,yes,yes,cellular,mar,wed,231,1,999,1,failure,-1.8,92.84299999999999,-50.0,1.663,5099.1,no
88,retired,divorced,basic.4y,no,yes,yes,cellular,mar,wed,796,5,999,0,nonexistent,-1.8,92.84299999999999,-50.0,1.663,5099.1,yes
29,self-employed,married,university.degree,no,no,no,cellular,mar,wed,101,1,999,0,nonexistent,-1.8,92.84299999999999,-50.0,1.663,5099.1,no
29,self-employed,married,university.degree,no,no,no,cellular,mar,wed,197,2,999,0,nonexistent,-1.8,92.84299999999999,-50.0,1.663,5099.1,yes
88,retired,divorced,basic.4y,no,yes,no,cellular,mar,wed,96,6,999,0,nonexistent,-1.8,92.84299999999999,-50.0,1.663,5099.1,no
60,retired,married,professional.course,no,yes,no,cellular,mar,wed,74,1,999,0,nonexistent,-1.8,92.84299999999999,-50.0,1.663,5099.1,no
88,retired,divorced,basic.4y,no,yes,no,cellular,mar,wed,126,1,999,0,nonexistent,-1.8,92.84299999999999,-50.0,1.663,5099.1,yes
88,retired,divorced,basic.4y,no,no,no,cellular,mar,wed,323,1,999,0,nonexistent,-1.8,92.84299999999999,-50.0,1.663,5099.1,yes
88,retired,divorced,basic.4y,no,yes,no,cellular,mar,wed,85,1,999,0,nonexistent,-1.8,92.84299999999999,-50.0,1.663,5099.1,no
88,retired,divorced,basic.4y,no,yes,no,cellular,mar,wed,101,7,999,0,nonexistent,-1.8,92.84299999999999,-50.0,1.663,5099.1,yes
88,retired,divorced,basic.4y,no,yes,yes,cellular,mar,wed,103,3,999,0,nonexistent,-1.8,92.84299999999999,-50.0,1.663,5099.1,no
88,retired,divorced,basic.4y,no,yes,yes,cellular,mar,wed,82,2,999,0,nonexistent,-1.8,92.84299999999999,-50.0,1.663,5099.1,no
88,retired,divorced,basic.4y,no,yes,no,cellular,mar,wed,188,3,999,0,nonexistent,-1.8,92.84299999999999,-50.0,1.663,5099.1,yes
88,retired,divorced,basic.4y,no,no,no,cellular,mar,wed,203,2,999,0,nonexistent,-1.8,92.84299999999999,-50.0,1.663,5099.1,yes
88,retired,divorced,basic.4y,no,yes,no,cellular,mar,wed,101,1,999,0,nonexistent,-1.8,92.84299999999999,-50.0,1.663,5099.1,yes
33,admin.,married,university.degree,no,no,no,cellular,mar,thu,56,2,999,0,nonexistent,-1.8,92.84299999999999,-50.0,1.65,5099.1,no
33,admin.,married,university.degree,no,yes,no,cellular,mar,thu,71,3,999,0,nonexistent,-1.8,92.84299999999999,-50.0,1.65,5099.1,no
27,student,single,high.school,no,yes,no,cellular,mar,thu,80,4,999,0,nonexistent,-1.8,92.84299999999999,-50.0,1.65,5099.1,yes
66,retired,married,basic.4y,no,yes,no,cellular,mar,thu,156,1,999,0,nonexistent,-1.8,92.84299999999999,-50.0,1.65,5099.1,yes
29,technician,married,professional.course,no,no,no,cellular,mar,thu,186,1,999,0,nonexistent,-1.8,92.84299999999999,-50.0,1.65,5099.1,yes
26,management,single,university.degree,no,no,no,cellular,mar,thu,139,1,999,0,nonexistent,-1.8,92.84299999999999,-50.0,1.65,5099.1,yes
95,retired,divorced,basic.6y,no,no,no,cellular,mar,thu,85,1,999,0,nonexistent,-1.8,92.84299999999999,-50.0,1.65,5099.1,no
19,student,single,basic.9y,no,yes,no,cellular,mar,fri,126,4,999,0,nonexistent,-1.8,92.84299999999999,-50.0,1.64,5099.1,yes
28,self-employed,single,university.degree,no,yes,no,cellular,mar,fri,186,2,999,0,nonexistent,-1.8,92.84299999999999,-50.0,1.64,5099.1,no
28,self-employed,single,university.degree,no,yes,no,cellular,mar,fri,41,1,999,0,nonexistent,-1.8,92.84299999999999,-50.0,1.64,5099.1,no
30,student,single,high.school,no,no,no,cellular,mar,fri,268,5,10,2,failure,-1.8,92.84299999999999,-50.0,1.64,5099.1,yes
28,self-employed,single,university.degree,no,yes,yes,cellular,mar,fri,3076,1,999,0,nonexistent,-1.8,92.84299999999999,-50.0,1.64,5099.1,yes
37,unemployed,single,university.degree,no,yes,no,cellular,mar,fri,432,1,999,0,nonexistent,-1.8,92.84299999999999,-50.0,1.64,5099.1,no
50,unemployed,unknown,university.degree,no,no,no,cellular,mar,fri,166,2,999,0,nonexistent,-1.8,92.84299999999999,-50.0,1.64,5099.1,no
28,self-employed,single,university.degree,no,no,no,cellular,mar,fri,296,2,999,0,nonexistent,-1.8,92.84299999999999,-50.0,1.64,5099.1,yes
70,retired,married,basic.4y,no,yes,no,cellular,mar,mon,61,6,999,1,failure,-1.8,92.84299999999999,-50.0,1.629,5099.1,no
34,technician,married,professional.course,no,no,no,telephone,mar,mon,80,4,999,0,nonexistent,-1.8,92.84299999999999,-50.0,1.629,5099.1,no
30,admin.,married,university.degree,no,unknown,unknown,cellular,mar,mon,291,3,8,1,success,-1.8,92.84299999999999,-50.0,1.629,5099.1,no
56,retired,married,university.degree,no,yes,yes,cellular,mar,mon,104,2,999,0,nonexistent,-1.8,92.84299999999999,-50.0,1.629,5099.1,no
34,technician,married,professional.course,no,yes,no,cellular,mar,mon,93,1,999,0,nonexistent,-1.8,92.84299999999999,-50.0,1.629,5099.1,no
34,technician,married,professional.course,no,yes,yes,telephone,mar,mon,44,1,999,0,nonexistent,-1.8,92.84299999999999,-50.0,1.629,5099.1,no
70,retired,married,basic.4y,no,yes,no,telephone,mar,mon,147,1,999,0,nonexistent,-1.8,92.84299999999999,-50.0,1.629,5099.1,no
34,technician,married,professional.course,no,no,no,cellular,mar,mon,83,13,999,0,nonexistent,-1.8,92.84299999999999,-50.0,1.629,5099.1,no
28,technician,single,university.degree,no,no,no,cellular,mar,mon,392,4,999,0,nonexistent,-1.8,92.84299999999999,-50.0,1.629,5099.1,yes
50,admin.,divorced,university.degree,no,yes,no,cellular,mar,tue,74,1,999,0,nonexistent,-1.8,92.84299999999999,-50.0,1.614,5099.1,no
46,technician,married,professional.course,no,no,no,cellular,mar,tue,163,2,999,0,nonexistent,-1.8,92.84299999999999,-50.0,1.614,5099.1,no
33,admin.,single,university.degree,no,no,no,cellular,mar,tue,406,2,999,1,failure,-1.8,92.84299999999999,-50.0,1.614,5099.1,yes
21,student,single,high.school,no,no,no,cellular,mar,tue,220,1,999,0,nonexistent,-1.8,92.84299999999999,-50.0,1.614,5099.1,yes
37,unemployed,married,university.degree,no,yes,no,cellular,mar,tue,195,1,999,0,nonexistent,-1.8,92.84299999999999,-50.0,1.614,5099.1,yes
33,admin.,single,university.degree,no,yes,yes,cellular,mar,tue,187,1,999,0,nonexistent,-1.8,92.84299999999999,-50.0,1.614,5099.1,yes
33,technician,single,university.degree,no,yes,no,cellular,mar,tue,325,1,999,0,nonexistent,-1.8,92.84299999999999,-50.0,1.614,5099.1,no
29,technician,single,professional.course,no,no,no,cellular,mar,tue,299,2,999,0,nonexistent,-1.8,92.84299999999999,-50.0,1.614,5099.1,yes
32,admin.,single,professional.course,no,yes,no,cellular,mar,tue,159,2,999,0,nonexistent,-1.8,92.84299999999999,-50.0,1.614,5099.1,no
32,admin.,single,professional.course,no,yes,yes,cellular,mar,tue,81,1,999,0,nonexistent,-1.8,92.84299999999999,-50.0,1.614,5099.1,no
26,student,single,high.school,no,no,no,cellular,mar,wed,236,2,999,0,nonexistent,-1.8,92.84299999999999,-50.0,1.6019999999999999,5099.1,no
33,blue-collar,single,high.school,no,yes,no,cellular,mar,wed,140,10,999,0,nonexistent,-1.8,92.84299999999999,-50.0,1.6019999999999999,5099.1,no
33,blue-collar,single,high.school,no,no,no,cellular,mar,wed,278,2,999,0,nonexistent,-1.8,92.84299999999999,-50.0,1.6019999999999999,5099.1,yes
60,management,single,university.degree,no,yes,yes,cellular,mar,wed,194,1,999,0,nonexistent,-1.8,92.84299999999999,-50.0,1.6019999999999999,5099.1,yes
24,admin.,single,high.school,no,yes,yes,cellular,mar,wed,224,1,999,0,nonexistent,-1.8,92.84299999999999,-50.0,1.6019999999999999,5099.1,yes
33,blue-collar,single,high.school,no,yes,no,cellular,mar,wed,163,1,999,0,nonexistent,-1.8,92.84299999999999,-50.0,1.6019999999999999,5099.1,no
68,retired,married,university.degree,no,no,no,cellular,mar,wed,201,1,999,0,nonexistent,-1.8,92.84299999999999,-50.0,1.6019999999999999,5099.1,yes
33,blue-collar,single,high.school,no,yes,no,cellular,mar,wed,203,4,999,1,failure,-1.8,92.84299999999999,-50.0,1.6019999999999999,5099.1,yes
24,admin.,single,high.school,no,no,yes,cellular,mar,thu,181,1,999,0,nonexistent,-1.8,92.84299999999999,-50.0,1.584,5099.1,no
36,admin.,married,high.school,no,yes,no,cellular,mar,thu,220,3,999,0,nonexistent,-1.8,92.84299999999999,-50.0,1.584,5099.1,yes
54,admin.,married,university.degree,no,no,no,cellular,mar,mon,47,2,999,0,nonexistent,-1.8,92.84299999999999,-50.0,1.56,5099.1,no
54,admin.,married,university.degree,no,yes,no,cellular,mar,mon,415,1,999,0,nonexistent,-1.8,92.84299999999999,-50.0,1.56,5099.1,yes
75,retired,divorced,basic.9y,no,no,no,cellular,mar,mon,233,1,999,0,nonexistent,-1.8,92.84299999999999,-50.0,1.56,5099.1,no
27,unemployed,single,university.degree,no,yes,no,cellular,mar,mon,269,1,999,0,nonexistent,-1.8,92.84299999999999,-50.0,1.56,5099.1,no
31,admin.,divorced,university.degree,no,yes,yes,cellular,mar,mon,174,2,999,1,failure,-1.8,92.84299999999999,-50.0,1.56,5099.1,yes
19,student,single,basic.6y,no,no,no,cellular,mar,tue,136,1,999,0,nonexistent,-1.8,92.84299999999999,-50.0,1.556,5099.1,yes
35,blue-collar,single,professional.course,no,yes,no,cellular,mar,tue,81,1,999,0,nonexistent,-1.8,92.84299999999999,-50.0,1.556,5099.1,no
29,blue-collar,married,basic.4y,no,yes,yes,cellular,mar,tue,74,2,999,0,nonexistent,-1.8,92.84299999999999,-50.0,1.556,5099.1,no
32,technician,divorced,professional.course,no,yes,yes,cellular,mar,tue,460,1,999,0,nonexistent,-1.8,92.84299999999999,-50.0,1.556,5099.1,yes
32,technician,divorced,professional.course,no,no,no,cellular,mar,tue,115,2,999,0,nonexistent,-1.8,92.84299999999999,-50.0,1.556,5099.1,no
28,technician,single,professional.course,no,yes,no,telephone,mar,tue,58,2,999,0,nonexistent,-1.8,92.84299999999999,-50.0,1.556,5099.1,no
29,blue-collar,single,basic.9y,no,yes,no,cellular,mar,tue,116,2,999,0,nonexistent,-1.8,92.84299999999999,-50.0,1.556,5099.1,no
61,retired,married,basic.9y,no,no,yes,cellular,mar,tue,125,2,999,0,nonexistent,-1.8,92.84299999999999,-50.0,1.556,5099.1,no
32,technician,divorced,professional.course,no,yes,no,cellular,mar,tue,144,2,999,0,nonexistent,-1.8,92.84299999999999,-50.0,1.556,5099.1,yes
29,blue-collar,single,basic.9y,no,yes,no,cellular,mar,tue,152,13,999,0,nonexistent,-1.8,92.84299999999999,-50.0,1.556,5099.1,no
31,admin.,married,university.degree,no,yes,no,cellular,mar,tue,170,3,999,0,nonexistent,-1.8,92.84299999999999,-50.0,1.556,5099.1,yes
50,management,married,basic.9y,no,no,no,cellular,mar,wed,115,1,999,0,nonexistent,-1.8,92.84299999999999,-50.0,1.548,5099.1,yes
28,admin.,single,university.degree,no,no,no,cellular,mar,wed,506,2,999,0,nonexistent,-1.8,92.84299999999999,-50.0,1.548,5099.1,yes
63,retired,divorced,basic.4y,no,no,no,cellular,mar,wed,78,1,999,0,nonexistent,-1.8,92.84299999999999,-50.0,1.548,5099.1,no
28,admin.,single,university.degree,no,no,yes,cellular,mar,wed,96,2,999,0,nonexistent,-1.8,92.84299999999999,-50.0,1.548,5099.1,yes
33,admin.,married,university.degree,no,yes,no,cellular,mar,wed,278,8,999,0,nonexistent,-1.8,92.84299999999999,-50.0,1.548,5099.1,yes
28,admin.,single,university.degree,no,no,no,cellular,mar,wed,411,2,999,0,nonexistent,-1.8,92.84299999999999,-50.0,1.548,5099.1,yes
36,management,married,university.degree,no,no,no,cellular,mar,thu,709,2,999,0,nonexistent,-1.8,92.84299999999999,-50.0,1.538,5099.1,yes
36,management,married,university.degree,no,yes,no,cellular,mar,thu,141,1,999,1,failure,-1.8,92.84299999999999,-50.0,1.538,5099.1,no
26,student,single,high.school,no,no,no,cellular,mar,thu,200,1,999,0,nonexistent,-1.8,92.84299999999999,-50.0,1.538,5099.1,yes
70,housemaid,married,basic.4y,no,no,no,cellular,mar,thu,91,1,999,1,failure,-1.8,92.84299999999999,-50.0,1.538,5099.1,no
45,technician,single,professional.course,no,yes,yes,cellular,mar,thu,143,2,999,0,nonexistent,-1.8,92.84299999999999,-50.0,1.538,5099.1,no
20,student,single,basic.9y,no,yes,no,cellular,mar,thu,325,1,999,0,nonexistent,-1.8,92.84299999999999,-50.0,1.538,5099.1,yes
36,management,married,university.degree,no,yes,yes,cellular,mar,thu,94,1,999,0,nonexistent,-1.8,92.84299999999999,-50.0,1.538,5099.1,no
20,student,single,basic.9y,no,yes,no,cellular,mar,thu,267,2,999,0,nonexistent,-1.8,92.84299999999999,-50.0,1.538,5099.1,no
36,management,married,university.degree,no,yes,no,cellular,mar,thu,86,2,999,0,nonexistent,-1.8,92.84299999999999,-50.0,1.538,5099.1,no
58,unemployed,married,basic.4y,unknown,yes,no,cellular,mar,thu,439,4,999,0,nonexistent,-1.8,92.84299999999999,-50.0,1.538,5099.1,no
68,retired,married,basic.4y,no,no,no,cellular,mar,thu,331,4,999,0,nonexistent,-1.8,92.84299999999999,-50.0,1.538,5099.1,yes
51,technician,married,university.degree,no,yes,no,cellular,mar,thu,278,2,999,0,nonexistent,-1.8,92.84299999999999,-50.0,1.538,5099.1,no
28,admin.,single,high.school,no,yes,no,cellular,mar,thu,181,2,999,0,nonexistent,-1.8,92.84299999999999,-50.0,1.538,5099.1,no
27,housemaid,married,high.school,no,yes,no,cellular,mar,fri,101,12,999,0,nonexistent,-1.8,92.84299999999999,-50.0,1.531,5099.1,no
36,unemployed,married,university.degree,unknown,unknown,unknown,cellular,mar,fri,95,2,999,1,failure,-1.8,92.84299999999999,-50.0,1.531,5099.1,yes
28,admin.,single,high.school,no,yes,no,telephone,mar,fri,515,1,999,0,nonexistent,-1.8,92.84299999999999,-50.0,1.531,5099.1,yes
28,admin.,single,high.school,no,yes,no,cellular,mar,fri,300,1,999,0,nonexistent,-1.8,92.84299999999999,-50.0,1.531,5099.1,yes
28,admin.,single,high.school,no,yes,no,cellular,mar,fri,342,1,999,0,nonexistent,-1.8,92.84299999999999,-50.0,1.531,5099.1,yes
28,self-employed,single,university.degree,no,yes,no,telephone,mar,fri,124,1,999,0,nonexistent,-1.8,92.84299999999999,-50.0,1.531,5099.1,no
56,blue-collar,married,basic.4y,no,yes,no,cellular,mar,fri,283,1,999,0,nonexistent,-1.8,92.84299999999999,-50.0,1.531,5099.1,yes
28,admin.,single,high.school,no,yes,no,cellular,mar,fri,78,2,999,0,nonexistent,-1.8,92.84299999999999,-50.0,1.531,5099.1,no
41,technician,married,professional.course,no,no,no,cellular,mar,fri,229,2,999,0,nonexistent,-1.8,92.84299999999999,-50.0,1.531,5099.1,yes
28,admin.,single,high.school,no,yes,no,cellular,mar,fri,102,1,999,0,nonexistent,-1.8,92.84299999999999,-50.0,1.531,5099.1,no
25,admin.,married,university.degree,no,yes,no,cellular,mar,fri,294,1,999,0,nonexistent,-1.8,92.84299999999999,-50.0,1.531,5099.1,yes
25,admin.,married,university.degree,no,no,no,cellular,mar,fri,184,1,999,0,nonexistent,-1.8,92.84299999999999,-50.0,1.531,5099.1,no
25,admin.,married,university.degree,no,yes,no,cellular,mar,fri,277,1,999,0,nonexistent,-1.8,92.84299999999999,-50.0,1.531,5099.1,no
30,blue-collar,single,university.degree,no,no,no,cellular,mar,fri,166,1,999,0,nonexistent,-1.8,92.84299999999999,-50.0,1.531,5099.1,no
28,admin.,single,high.school,no,no,yes,cellular,mar,fri,77,2,999,0,nonexistent,-1.8,92.84299999999999,-50.0,1.531,5099.1,no
73,retired,married,university.degree,no,yes,no,cellular,mar,fri,179,1,999,0,nonexistent,-1.8,92.84299999999999,-50.0,1.531,5099.1,yes
31,technician,single,university.degree,no,yes,no,telephone,mar,fri,228,2,999,0,nonexistent,-1.8,92.84299999999999,-50.0,1.531,5099.1,yes
66,retired,married,unknown,no,yes,no,telephone,mar,fri,64,1,999,0,nonexistent,-1.8,92.84299999999999,-50.0,1.531,5099.1,no
27,housemaid,married,high.school,no,yes,no,cellular,mar,fri,378,1,999,0,nonexistent,-1.8,92.84299999999999,-50.0,1.531,5099.1,yes
36,self-employed,married,university.degree,no,yes,no,cellular,mar,fri,101,1,999,0,nonexistent,-1.8,92.84299999999999,-50.0,1.531,5099.1,no
60,admin.,married,university.degree,no,yes,no,cellular,mar,fri,558,1,999,0,nonexistent,-1.8,92.84299999999999,-50.0,1.531,5099.1,no
43,admin.,married,university.degree,no,yes,no,cellular,mar,fri,111,3,999,0,nonexistent,-1.8,92.84299999999999,-50.0,1.531,5099.1,no
28,admin.,single,high.school,no,no,no,cellular,mar,fri,144,2,999,0,nonexistent,-1.8,92.84299999999999,-50.0,1.531,5099.1,no
30,blue-collar,single,university.degree,no,yes,yes,cellular,mar,fri,166,2,999,0,nonexistent,-1.8,92.84299999999999,-50.0,1.531,5099.1,no
28,admin.,single,high.school,no,no,no,telephone,mar,fri,234,2,999,0,nonexistent,-1.8,92.84299999999999,-50.0,1.531,5099.1,yes
32,admin.,single,university.degree,no,yes,no,cellular,mar,fri,271,2,999,0,nonexistent,-1.8,92.84299999999999,-50.0,1.531,5099.1,yes
28,admin.,single,high.school,no,no,no,cellular,mar,fri,347,2,999,0,nonexistent,-1.8,92.84299999999999,-50.0,1.531,5099.1,yes
32,admin.,single,university.degree,no,unknown,unknown,cellular,mar,mon,136,3,999,0,nonexistent,-1.8,92.84299999999999,-50.0,1.52,5099.1,no
34,technician,single,university.degree,no,yes,no,cellular,mar,mon,253,2,999,1,failure,-1.8,92.84299999999999,-50.0,1.52,5099.1,no
34,technician,single,university.degree,no,yes,no,cellular,mar,mon,171,4,999,0,nonexistent,-1.8,92.84299999999999,-50.0,1.52,5099.1,no
32,admin.,single,university.degree,no,yes,yes,cellular,mar,mon,96,6,999,0,nonexistent,-1.8,92.84299999999999,-50.0,1.52,5099.1,no
80,retired,married,basic.4y,unknown,yes,no,cellular,mar,mon,415,1,999,0,nonexistent,-1.8,92.84299999999999,-50.0,1.52,5099.1,no
80,retired,married,basic.4y,unknown,no,no,cellular,mar,mon,95,1,999,0,nonexistent,-1.8,92.84299999999999,-50.0,1.52,5099.1,no
32,admin.,single,university.degree,no,yes,no,cellular,mar,mon,285,8,999,0,nonexistent,-1.8,92.84299999999999,-50.0,1.52,5099.1,yes
32,admin.,single,university.degree,no,yes,no,cellular,mar,mon,364,3,999,0,nonexistent,-1.8,92.84299999999999,-50.0,1.52,5099.1,yes
32,admin.,married,university.degree,no,yes,yes,cellular,mar,mon,78,3,999,0,nonexistent,-1.8,92.84299999999999,-50.0,1.52,5099.1,no
62,admin.,married,high.school,no,no,no,telephone,mar,mon,163,2,999,0,nonexistent,-1.8,92.84299999999999,-50.0,1.52,5099.1,yes
32,admin.,single,university.degree,no,no,no,cellular,mar,mon,52,3,999,0,nonexistent,-1.8,92.84299999999999,-50.0,1.52,5099.1,no
34,technician,single,university.degree,no,no,no,cellular,mar,mon,138,8,999,0,nonexistent,-1.8,92.84299999999999,-50.0,1.52,5099.1,no
59,blue-collar,married,basic.4y,no,yes,yes,cellular,mar,tue,684,4,999,0,nonexistent,-1.8,92.84299999999999,-50.0,1.51,5099.1,no
59,blue-collar,married,basic.4y,no,no,no,cellular,mar,tue,237,3,999,0,nonexistent,-1.8,92.84299999999999,-50.0,1.51,5099.1,yes
80,management,divorced,professional.course,unknown,yes,no,cellular,mar,tue,158,2,999,0,nonexistent,-1.8,92.84299999999999,-50.0,1.51,5099.1,yes
33,blue-collar,married,high.school,unknown,yes,no,cellular,mar,tue,494,1,999,0,nonexistent,-1.8,92.84299999999999,-50.0,1.51,5099.1,no
39,admin.,married,high.school,unknown,yes,yes,cellular,mar,tue,210,1,999,0,nonexistent,-1.8,92.84299999999999,-50.0,1.51,5099.1,no
39,admin.,married,high.school,unknown,yes,no,cellular,mar,tue,265,1,999,1,failure,-1.8,92.84299999999999,-50.0,1.51,5099.1,no
45,blue-collar,married,basic.9y,no,yes,no,cellular,mar,tue,257,1,999,0,nonexistent,-1.8,92.84299999999999,-50.0,1.51,5099.1,no
44,blue-collar,single,basic.4y,no,yes,no,cellular,mar,tue,1530,2,999,0,nonexistent,-1.8,92.84299999999999,-50.0,1.51,5099.1,yes
48,admin.,single,university.degree,no,yes,no,cellular,mar,tue,544,1,999,0,nonexistent,-1.8,92.84299999999999,-50.0,1.51,5099.1,no
38,services,married,high.school,no,yes,no,cellular,apr,wed,484,2,999,0,nonexistent,-1.8,93.075,-47.1,1.4980000000000002,5099.1,no
33,blue-collar,married,basic.6y,no,yes,no,cellular,apr,wed,351,3,999,0,nonexistent,-1.8,93.075,-47.1,1.4980000000000002,5099.1,yes
43,self-employed,married,high.school,unknown,yes,no,cellular,apr,wed,345,1,999,0,nonexistent,-1.8,93.075,-47.1,1.4980000000000002,5099.1,no
31,technician,married,professional.course,no,yes,no,cellular,apr,wed,131,1,999,0,nonexistent,-1.8,93.075,-47.1,1.4980000000000002,5099.1,no
34,blue-collar,single,basic.9y,no,no,no,cellular,apr,wed,394,1,999,0,nonexistent,-1.8,93.075,-47.1,1.4980000000000002,5099.1,no
33,blue-collar,married,professional.course,no,yes,yes,cellular,apr,wed,154,1,999,0,nonexistent,-1.8,93.075,-47.1,1.4980000000000002,5099.1,no
39,admin.,married,high.school,no,yes,no,cellular,apr,wed,110,1,999,0,nonexistent,-1.8,93.075,-47.1,1.4980000000000002,5099.1,no
49,admin.,married,basic.6y,no,yes,no,cellular,apr,wed,805,2,999,1,failure,-1.8,93.075,-47.1,1.4980000000000002,5099.1,yes
33,management,single,university.degree,no,yes,yes,cellular,apr,wed,427,1,999,0,nonexistent,-1.8,93.075,-47.1,1.4980000000000002,5099.1,no
33,management,single,university.degree,no,yes,no,cellular,apr,wed,212,1,999,0,nonexistent,-1.8,93.075,-47.1,1.4980000000000002,5099.1,no
33,management,single,university.degree,no,yes,yes,cellular,apr,wed,1176,1,999,0,nonexistent,-1.8,93.075,-47.1,1.4980000000000002,5099.1,yes
33,blue-collar,married,basic.6y,no,yes,no,cellular,apr,wed,165,2,999,0,nonexistent,-1.8,93.075,-47.1,1.4980000000000002,5099.1,yes
46,retired,married,basic.6y,unknown,yes,no,cellular,apr,wed,525,2,999,0,nonexistent,-1.8,93.075,-47.1,1.4980000000000002,5099.1,no
29,admin.,single,university.degree,no,yes,no,cellular,apr,wed,513,1,5,2,success,-1.8,93.075,-47.1,1.4980000000000002,5099.1,no
29,admin.,single,university.degree,no,no,no,cellular,apr,wed,295,1,999,0,nonexistent,-1.8,93.075,-47.1,1.4980000000000002,5099.1,no
29,admin.,single,university.degree,no,no,yes,cellular,apr,wed,117,1,999,0,nonexistent,-1.8,93.075,-47.1,1.4980000000000002,5099.1,no
39,admin.,married,high.school,no,yes,no,cellular,apr,wed,286,2,999,0,nonexistent,-1.8,93.075,-47.1,1.4980000000000002,5099.1,no
32,blue-collar,married,basic.9y,no,no,no,cellular,apr,wed,161,2,999,1,failure,-1.8,93.075,-47.1,1.4980000000000002,5099.1,no
27,entrepreneur,married,professional.course,no,unknown,unknown,cellular,apr,wed,297,1,999,0,nonexistent,-1.8,93.075,-47.1,1.4980000000000002,5099.1,no
38,admin.,divorced,university.degree,no,yes,no,cellular,apr,wed,498,3,999,0,nonexistent,-1.8,93.075,-47.1,1.4980000000000002,5099.1,no
44,admin.,married,unknown,no,no,no,cellular,apr,wed,251,4,999,1,failure,-1.8,93.075,-47.1,1.4980000000000002,5099.1,no
32,technician,married,professional.course,no,yes,no,cellular,apr,wed,625,2,999,0,nonexistent,-1.8,93.075,-47.1,1.4980000000000002,5099.1,no
56,entrepreneur,divorced,university.degree,no,unknown,unknown,cellular,apr,wed,121,2,999,1,failure,-1.8,93.075,-47.1,1.4980000000000002,5099.1,no
43,self-employed,married,high.school,unknown,yes,no,cellular,apr,wed,253,2,999,0,nonexistent,-1.8,93.075,-47.1,1.4980000000000002,5099.1,no
63,retired,married,professional.course,no,no,no,telephone,apr,wed,74,3,999,0,nonexistent,-1.8,93.075,-47.1,1.4980000000000002,5099.1,no
34,admin.,single,university.degree,no,no,yes,cellular,apr,wed,203,2,999,0,nonexistent,-1.8,93.075,-47.1,1.4980000000000002,5099.1,no
30,admin.,married,university.degree,no,yes,no,cellular,apr,thu,80,3,999,0,nonexistent,-1.8,93.075,-47.1,1.483,5099.1,no
30,admin.,married,university.degree,no,yes,yes,cellular,apr,thu,739,2,999,0,nonexistent,-1.8,93.075,-47.1,1.483,5099.1,yes
54,blue-collar,married,professional.course,no,no,no,cellular,apr,thu,2870,2,999,0,nonexistent,-1.8,93.075,-47.1,1.483,5099.1,no
30,admin.,married,university.degree,no,no,no,cellular,apr,thu,90,1,999,0,nonexistent,-1.8,93.075,-47.1,1.483,5099.1,no
38,admin.,divorced,basic.6y,unknown,yes,no,cellular,apr,thu,926,1,999,1,failure,-1.8,93.075,-47.1,1.483,5099.1,no
30,admin.,married,university.degree,no,yes,yes,cellular,apr,thu,82,6,999,0,nonexistent,-1.8,93.075,-47.1,1.483,5099.1,no
43,services,divorced,high.school,unknown,yes,no,cellular,apr,thu,303,1,999,1,failure,-1.8,93.075,-47.1,1.483,5099.1,no
43,services,divorced,high.school,unknown,no,no,cellular,apr,thu,473,1,999,0,nonexistent,-1.8,93.075,-47.1,1.483,5099.1,no
30,admin.,married,university.degree,no,yes,no,cellular,apr,thu,243,3,999,0,nonexistent,-1.8,93.075,-47.1,1.483,5099.1,yes
39,blue-collar,single,basic.9y,no,yes,no,cellular,apr,thu,340,1,999,0,nonexistent,-1.8,93.075,-47.1,1.483,5099.1,no
41,blue-collar,married,basic.4y,unknown,yes,yes,cellular,apr,thu,288,1,999,2,failure,-1.8,93.075,-47.1,1.483,5099.1,no
30,admin.,married,university.degree,no,no,no,cellular,apr,thu,313,3,999,0,nonexistent,-1.8,93.075,-47.1,1.483,5099.1,yes
35,blue-collar,married,basic.9y,unknown,yes,no,cellular,apr,thu,114,1,999,0,nonexistent,-1.8,93.075,-47.1,1.483,5099.1,no
39,blue-collar,married,basic.9y,no,no,no,cellular,apr,thu,73,1,999,1,failure,-1.8,93.075,-47.1,1.483,5099.1,no
39,blue-collar,married,basic.9y,no,yes,no,cellular,apr,thu,253,1,999,0,nonexistent,-1.8,93.075,-47.1,1.483,5099.1,no
40,blue-collar,married,basic.9y,unknown,no,no,cellular,apr,thu,450,2,999,0,nonexistent,-1.8,93.075,-47.1,1.483,5099.1,no
39,blue-collar,single,basic.9y,no,no,no,cellular,apr,thu,311,2,999,0,nonexistent,-1.8,93.075,-47.1,1.483,5099.1,no
44,blue-collar,married,basic.9y,unknown,no,no,cellular,apr,thu,361,1,999,0,nonexistent,-1.8,93.075,-47.1,1.483,5099.1,no
33,admin.,divorced,high.school,no,no,no,cellular,apr,thu,148,1,999,0,nonexistent,-1.8,93.075,-47.1,1.483,5099.1,no
39,services,married,high.school,no,no,no,cellular,apr,thu,598,2,999,2,failure,-1.8,93.075,-47.1,1.483,5099.1,no
28,technician,single,professional.course,no,yes,no,cellular,apr,thu,477,2,999,1,failure,-1.8,93.075,-47.1,1.483,5099.1,no
55,blue-collar,divorced,basic.4y,unknown,yes,no,cellular,apr,thu,164,1,999,1,failure,-1.8,93.075,-47.1,1.483,5099.1,no
42,technician,divorced,professional.course,no,yes,yes,cellular,apr,thu,144,1,999,0,nonexistent,-1.8,93.075,-47.1,1.483,5099.1,no
33,housemaid,unknown,university.degree,no,yes,no,cellular,apr,thu,80,1,999,0,nonexistent,-1.8,93.075,-47.1,1.483,5099.1,no
28,blue-collar,single,high.school,no,no,yes,cellular,apr,thu,333,1,999,1,failure,-1.8,93.075,-47.1,1.483,5099.1,no
50,services,married,basic.4y,unknown,yes,yes,cellular,apr,thu,260,1,999,0,nonexistent,-1.8,93.075,-47.1,1.483,5099.1,no
44,blue-collar,married,university.degree,no,yes,no,cellular,apr,thu,397,2,999,0,nonexistent,-1.8,93.075,-47.1,1.483,5099.1,yes
28,technician,single,professional.course,no,no,no,cellular,apr,thu,444,1,999,0,nonexistent,-1.8,93.075,-47.1,1.483,5099.1,no
30,admin.,married,university.degree,no,no,no,cellular,apr,thu,104,6,999,0,nonexistent,-1.8,93.075,-47.1,1.483,5099.1,no
32,technician,single,university.degree,no,yes,no,cellular,apr,thu,293,2,999,1,failure,-1.8,93.075,-47.1,1.483,5099.1,no
28,blue-collar,single,high.school,no,yes,no,telephone,apr,thu,771,1,999,0,nonexistent,-1.8,93.075,-47.1,1.483,5099.1,yes
46,management,married,university.degree,no,no,no,cellular,apr,thu,249,1,999,0,nonexistent,-1.8,93.075,-47.1,1.483,5099.1,no
42,admin.,married,basic.9y,no,yes,no,cellular,apr,thu,204,4,999,0,nonexistent,-1.8,93.075,-47.1,1.483,5099.1,no
28,blue-collar,single,high.school,no,yes,yes,cellular,apr,thu,268,1,999,0,nonexistent,-1.8,93.075,-47.1,1.483,5099.1,yes
49,admin.,married,basic.6y,unknown,yes,no,cellular,apr,thu,349,3,999,0,nonexistent,-1.8,93.075,-47.1,1.483,5099.1,no
44,admin.,divorced,university.degree,no,no,no,telephone,apr,thu,74,3,999,0,nonexistent,-1.8,93.075,-47.1,1.483,5099.1,no
31,blue-collar,single,basic.9y,no,no,no,telephone,apr,thu,285,2,999,0,nonexistent,-1.8,93.075,-47.1,1.483,5099.1,no
39,technician,married,professional.course,no,no,no,cellular,apr,thu,225,2,999,0,nonexistent,-1.8,93.075,-47.1,1.483,5099.1,no
28,blue-collar,single,high.school,no,yes,no,cellular,apr,thu,329,2,999,0,nonexistent,-1.8,93.075,-47.1,1.483,5099.1,yes
28,blue-collar,single,high.school,no,yes,no,cellular,apr,thu,254,2,999,1,failure,-1.8,93.075,-47.1,1.483,5099.1,no
30,admin.,married,university.degree,no,no,yes,cellular,apr,thu,206,1,999,0,nonexistent,-1.8,93.075,-47.1,1.483,5099.1,no
39,admin.,divorced,university.degree,no,no,no,cellular,apr,fri,187,1,999,1,failure,-1.8,93.075,-47.1,1.479,5099.1,no
40,services,married,high.school,no,yes,no,cellular,apr,fri,456,1,999,1,failure,-1.8,93.075,-47.1,1.479,5099.1,no
42,technician,divorced,professional.course,no,yes,no,cellular,apr,fri,93,2,999,0,nonexistent,-1.8,93.075,-47.1,1.479,5099.1,no
53,blue-collar,divorced,high.school,no,yes,no,cellular,apr,fri,0,3,999,0,nonexistent,-1.8,93.075,-47.1,1.479,5099.1,no
49,self-employed,divorced,unknown,unknown,yes,no,cellular,apr,fri,74,1,999,1,failure,-1.8,93.075,-47.1,1.479,5099.1,no
32,blue-collar,married,basic.9y,no,unknown,unknown,telephone,apr,fri,108,3,999,0,nonexistent,-1.8,93.075,-47.1,1.479,5099.1,no
26,admin.,single,university.degree,no,yes,no,cellular,apr,fri,376,1,999,0,nonexistent,-1.8,93.075,-47.1,1.479,5099.1,no
32,blue-collar,married,basic.9y,no,yes,no,cellular,apr,fri,224,1,999,0,nonexistent,-1.8,93.075,-47.1,1.479,5099.1,no
26,entrepreneur,single,high.school,no,yes,no,cellular,apr,fri,707,1,999,1,failure,-1.8,93.075,-47.1,1.479,5099.1,yes
26,entrepreneur,single,high.school,no,no,yes,cellular,apr,fri,297,1,999,1,failure,-1.8,93.075,-47.1,1.479,5099.1,no
49,housemaid,married,basic.4y,no,no,no,cellular,apr,fri,115,1,999,0,nonexistent,-1.8,93.075,-47.1,1.479,5099.1,no
30,technician,married,university.degree,no,yes,no,cellular,apr,fri,103,1,999,0,nonexistent,-1.8,93.075,-47.1,1.479,5099.1,no
42,admin.,married,high.school,no,no,no,cellular,apr,fri,697,2,999,0,nonexistent,-1.8,93.075,-47.1,1.479,5099.1,no
37,management,married,high.school,no,yes,no,cellular,apr,fri,445,1,999,2,failure,-1.8,93.075,-47.1,1.479,5099.1,no
51,technician,divorced,professional.course,no,yes,no,cellular,apr,fri,314,1,999,1,failure,-1.8,93.075,-47.1,1.479,5099.1,no
51,technician,divorced,professional.course,no,yes,yes,cellular,apr,fri,84,1,999,1,failure,-1.8,93.075,-47.1,1.479,5099.1,no
40,services,married,high.school,no,yes,no,cellular,apr,fri,277,2,999,1,failure,-1.8,93.075,-47.1,1.479,5099.1,no
31,admin.,married,university.degree,no,no,no,cellular,apr,fri,170,1,999,0,nonexistent,-1.8,93.075,-47.1,1.479,5099.1,no
30,technician,single,high.school,no,no,no,cellular,apr,fri,285,1,999,0,nonexistent,-1.8,93.075,-47.1,1.479,5099.1,no
33,services,divorced,high.school,no,no,yes,telephone,apr,fri,119,1,999,0,nonexistent,-1.8,93.075,-47.1,1.479,5099.1,no
39,entrepreneur,married,high.school,no,no,no,cellular,apr,fri,484,1,999,2,failure,-1.8,93.075,-47.1,1.479,5099.1,no
44,services,married,high.school,no,yes,no,cellular,apr,fri,240,1,999,2,failure,-1.8,93.075,-47.1,1.479,5099.1,no
33,services,divorced,high.school,no,yes,yes,cellular,apr,fri,420,1,999,0,nonexistent,-1.8,93.075,-47.1,1.479,5099.1,no
32,blue-collar,married,basic.9y,no,yes,yes,cellular,apr,fri,482,2,999,0,nonexistent,-1.8,93.075,-47.1,1.479,5099.1,yes
32,blue-collar,married,basic.9y,no,no,no,cellular,apr,fri,66,2,999,0,nonexistent,-1.8,93.075,-47.1,1.479,5099.1,no
54,housemaid,married,unknown,no,yes,no,cellular,apr,fri,117,1,999,0,nonexistent,-1.8,93.075,-47.1,1.479,5099.1,yes
55,retired,married,high.school,no,yes,no,cellular,apr,fri,213,1,999,1,failure,-1.8,93.075,-47.1,1.479,5099.1,no
49,self-employed,divorced,unknown,unknown,no,no,cellular,apr,fri,660,1,999,0,nonexistent,-1.8,93.075,-47.1,1.479,5099.1,no
50,admin.,married,professional.course,unknown,yes,no,cellular,apr,fri,154,1,999,0,nonexistent,-1.8,93.075,-47.1,1.479,5099.1,no
50,admin.,married,unknown,no,yes,no,cellular,apr,fri,121,1,999,0,nonexistent,-1.8,93.075,-47.1,1.479,5099.1,no
39,blue-collar,married,basic.6y,no,no,no,cellular,apr,fri,239,2,999,0,nonexistent,-1.8,93.075,-47.1,1.479,5099.1,no
56,management,married,university.degree,no,no,no,telephone,apr,fri,362,2,999,2,failure,-1.8,93.075,-47.1,1.479,5099.1,no
54,housemaid,married,unknown,no,yes,no,cellular,apr,fri,105,1,999,1,failure,-1.8,93.075,-47.1,1.479,5099.1,no
45,blue-collar,married,basic.9y,unknown,yes,no,cellular,apr,fri,582,2,999,0,nonexistent,-1.8,93.075,-47.1,1.479,5099.1,no
36,blue-collar,married,basic.9y,no,unknown,unknown,cellular,apr,fri,329,2,999,0,nonexistent,-1.8,93.075,-47.1,1.479,5099.1,no
48,admin.,married,high.school,no,yes,no,cellular,apr,fri,190,1,999,0,nonexistent,-1.8,93.075,-47.1,1.479,5099.1,no
48,admin.,married,high.school,no,no,no,cellular,apr,fri,345,2,999,0,nonexistent,-1.8,93.075,-47.1,1.479,5099.1,no
34,blue-collar,single,basic.9y,no,no,no,cellular,apr,fri,203,1,1,1,success,-1.8,93.075,-47.1,1.479,5099.1,no
49,services,married,basic.6y,no,no,yes,cellular,apr,fri,383,1,999,0,nonexistent,-1.8,93.075,-47.1,1.479,5099.1,no
50,blue-collar,married,basic.4y,no,yes,no,cellular,apr,fri,100,3,999,0,nonexistent,-1.8,93.075,-47.1,1.479,5099.1,no
39,entrepreneur,married,high.school,no,no,no,cellular,apr,fri,224,2,999,0,nonexistent,-1.8,93.075,-47.1,1.479,5099.1,no
44,management,divorced,university.degree,no,yes,no,cellular,apr,fri,230,1,999,0,nonexistent,-1.8,93.075,-47.1,1.479,5099.1,no
44,management,divorced,university.degree,no,no,no,cellular,apr,fri,1091,1,999,1,failure,-1.8,93.075,-47.1,1.479,5099.1,no
47,technician,married,high.school,no,yes,no,cellular,apr,fri,148,2,999,0,nonexistent,-1.8,93.075,-47.1,1.479,5099.1,no
36,services,single,high.school,no,no,yes,telephone,apr,fri,514,2,999,0,nonexistent,-1.8,93.075,-47.1,1.479,5099.1,no
47,blue-collar,married,basic.9y,no,no,yes,cellular,apr,fri,583,2,999,1,failure,-1.8,93.075,-47.1,1.479,5099.1,no
41,admin.,married,basic.6y,no,no,no,cellular,apr,fri,1203,2,999,1,failure,-1.8,93.075,-47.1,1.479,5099.1,yes
51,technician,divorced,professional.course,no,no,no,cellular,apr,fri,579,2,999,0,nonexistent,-1.8,93.075,-47.1,1.479,5099.1,no
37,admin.,married,university.degree,no,yes,no,telephone,apr,fri,309,4,999,0,nonexistent,-1.8,93.075,-47.1,1.479,5099.1,no
40,services,married,high.school,no,yes,no,cellular,apr,fri,151,2,999,0,nonexistent,-1.8,93.075,-47.1,1.479,5099.1,no
49,services,married,basic.6y,no,yes,no,cellular,apr,fri,219,2,999,0,nonexistent,-1.8,93.075,-47.1,1.479,5099.1,no
38,entrepreneur,married,professional.course,no,yes,yes,cellular,apr,mon,278,2,999,1,failure,-1.8,93.075,-47.1,1.466,5099.1,no
42,management,married,unknown,no,yes,no,cellular,apr,mon,590,2,999,1,failure,-1.8,93.075,-47.1,1.466,5099.1,no
41,unemployed,married,basic.9y,no,no,yes,cellular,apr,mon,322,1,9,1,success,-1.8,93.075,-47.1,1.466,5099.1,no
41,unemployed,married,basic.9y,no,yes,no,cellular,apr,mon,272,1,999,0,nonexistent,-1.8,93.075,-47.1,1.466,5099.1,no
45,admin.,married,high.school,no,yes,no,cellular,apr,mon,185,3,999,0,nonexistent,-1.8,93.075,-47.1,1.466,5099.1,no
25,technician,single,professional.course,no,no,yes,cellular,apr,mon,112,4,999,0,nonexistent,-1.8,93.075,-47.1,1.466,5099.1,no
40,services,single,high.school,no,no,no,cellular,apr,mon,275,1,999,0,nonexistent,-1.8,93.075,-47.1,1.466,5099.1,no
38,admin.,single,high.school,no,yes,no,cellular,apr,mon,332,2,999,1,failure,-1.8,93.075,-47.1,1.466,5099.1,no
55,management,divorced,university.degree,no,no,yes,cellular,apr,mon,916,1,999,0,nonexistent,-1.8,93.075,-47.1,1.466,5099.1,no
53,blue-collar,married,basic.4y,unknown,yes,no,cellular,apr,mon,583,2,999,1,failure,-1.8,93.075,-47.1,1.466,5099.1,yes
31,technician,married,professional.course,no,no,no,cellular,apr,mon,551,3,999,1,failure,-1.8,93.075,-47.1,1.466,5099.1,no
55,retired,married,basic.4y,no,yes,no,cellular,apr,mon,158,1,999,0,nonexistent,-1.8,93.075,-47.1,1.466,5099.1,yes
65,retired,married,university.degree,no,yes,no,cellular,apr,mon,147,1,999,0,nonexistent,-1.8,93.075,-47.1,1.466,5099.1,no
34,admin.,married,basic.6y,no,yes,no,cellular,apr,mon,599,1,999,0,nonexistent,-1.8,93.075,-47.1,1.466,5099.1,no
55,management,divorced,university.degree,no,yes,no,cellular,apr,mon,232,3,999,0,nonexistent,-1.8,93.075,-47.1,1.466,5099.1,no
55,technician,married,professional.course,no,no,no,cellular,apr,mon,376,2,999,1,failure,-1.8,93.075,-47.1,1.466,5099.1,no
44,blue-collar,married,high.school,no,no,no,cellular,apr,mon,271,2,999,1,failure,-1.8,93.075,-47.1,1.466,5099.1,no
42,technician,married,basic.9y,no,no,yes,cellular,apr,mon,437,2,999,0,nonexistent,-1.8,93.075,-47.1,1.466,5099.1,no
46,services,divorced,high.school,no,no,no,cellular,apr,mon,211,2,999,1,failure,-1.8,93.075,-47.1,1.466,5099.1,no
44,technician,married,unknown,no,yes,no,cellular,apr,mon,104,1,999,1,failure,-1.8,93.075,-47.1,1.466,5099.1,no
40,services,married,unknown,unknown,no,no,cellular,apr,mon,294,1,999,1,failure,-1.8,93.075,-47.1,1.466,5099.1,no
45,blue-collar,single,basic.9y,no,no,no,cellular,apr,mon,129,1,999,0,nonexistent,-1.8,93.075,-47.1,1.466,5099.1,no
55,housemaid,married,basic.4y,no,no,no,cellular,apr,mon,197,1,999,0,nonexistent,-1.8,93.075,-47.1,1.466,5099.1,no
55,housemaid,married,basic.4y,no,yes,no,cellular,apr,mon,139,1,999,0,nonexistent,-1.8,93.075,-47.1,1.466,5099.1,no
40,blue-collar,divorced,basic.6y,no,no,no,cellular,apr,mon,399,2,999,0,nonexistent,-1.8,93.075,-47.1,1.466,5099.1,no
26,admin.,married,high.school,no,no,no,cellular,apr,mon,190,1,999,0,nonexistent,-1.8,93.075,-47.1,1.466,5099.1,no
55,housemaid,married,basic.4y,no,yes,no,cellular,apr,mon,1435,1,999,0,nonexistent,-1.8,93.075,-47.1,1.466,5099.1,yes
26,admin.,married,high.school,no,yes,no,telephone,apr,mon,216,1,999,0,nonexistent,-1.8,93.075,-47.1,1.466,5099.1,no
58,retired,divorced,high.school,no,yes,no,cellular,apr,mon,75,2,999,0,nonexistent,-1.8,93.075,-47.1,1.466,5099.1,no
55,technician,married,professional.course,no,yes,no,cellular,apr,mon,371,3,999,2,failure,-1.8,93.075,-47.1,1.466,5099.1,no
43,services,married,professional.course,no,no,no,cellular,apr,mon,230,1,999,0,nonexistent,-1.8,93.075,-47.1,1.466,5099.1,no
32,blue-collar,married,basic.9y,no,unknown,unknown,cellular,apr,mon,1063,1,999,0,nonexistent,-1.8,93.075,-47.1,1.466,5099.1,yes
35,technician,married,professional.course,no,yes,no,cellular,apr,mon,272,1,999,0,nonexistent,-1.8,93.075,-47.1,1.466,5099.1,no
57,blue-collar,married,high.school,no,yes,yes,cellular,apr,mon,2316,1,999,0,nonexistent,-1.8,93.075,-47.1,1.466,5099.1,no
34,blue-collar,married,basic.9y,unknown,yes,no,telephone,apr,mon,1353,2,5,1,success,-1.8,93.075,-47.1,1.466,5099.1,yes
29,technician,single,professional.course,no,yes,no,cellular,apr,mon,740,3,999,0,nonexistent,-1.8,93.075,-47.1,1.466,5099.1,yes
37,blue-collar,married,basic.6y,no,yes,no,cellular,apr,mon,1138,2,999,1,failure,-1.8,93.075,-47.1,1.466,5099.1,yes
38,blue-collar,married,basic.9y,no,no,no,cellular,apr,mon,357,2,999,1,failure,-1.8,93.075,-47.1,1.466,5099.1,no
42,technician,married,basic.9y,no,no,no,cellular,apr,mon,441,4,999,0,nonexistent,-1.8,93.075,-47.1,1.466,5099.1,no
53,blue-collar,married,basic.4y,unknown,no,no,cellular,apr,mon,165,4,999,0,nonexistent,-1.8,93.075,-47.1,1.466,5099.1,no
38,blue-collar,married,basic.9y,no,no,yes,cellular,apr,mon,276,2,999,0,nonexistent,-1.8,93.075,-47.1,1.466,5099.1,no
46,blue-collar,married,basic.9y,unknown,yes,no,telephone,apr,mon,125,3,999,1,failure,-1.8,93.075,-47.1,1.466,5099.1,no
51,admin.,divorced,professional.course,no,no,yes,cellular,apr,mon,583,3,999,0,nonexistent,-1.8,93.075,-47.1,1.466,5099.1,no
56,management,married,university.degree,no,no,no,cellular,apr,tue,72,5,999,0,nonexistent,-1.8,93.075,-47.1,1.453,5099.1,no
60,retired,divorced,basic.4y,no,no,no,cellular,apr,tue,465,4,999,0,nonexistent,-1.8,93.075,-47.1,1.453,5099.1,yes
19,student,single,basic.9y,no,no,no,cellular,apr,tue,43,3,999,0,nonexistent,-1.8,93.075,-47.1,1.453,5099.1,no
43,blue-collar,married,basic.9y,unknown,yes,yes,cellular,apr,tue,1096,1,999,0,nonexistent,-1.8,93.075,-47.1,1.453,5099.1,no
35,admin.,married,high.school,no,no,no,cellular,apr,tue,327,2,999,1,failure,-1.8,93.075,-47.1,1.453,5099.1,no
34,admin.,single,high.school,no,no,no,cellular,apr,tue,231,1,999,0,nonexistent,-1.8,93.075,-47.1,1.453,5099.1,no
44,technician,divorced,professional.course,no,no,no,cellular,apr,tue,208,1,999,0,nonexistent,-1.8,93.075,-47.1,1.453,5099.1,no
41,admin.,married,university.degree,no,yes,no,cellular,apr,tue,183,1,999,1,failure,-1.8,93.075,-47.1,1.453,5099.1,no
22,student,single,high.school,no,no,no,cellular,apr,tue,194,2,999,0,nonexistent,-1.8,93.075,-47.1,1.453,5099.1,no
40,blue-collar,married,basic.9y,no,no,no,cellular,apr,tue,354,1,999,0,nonexistent,-1.8,93.075,-47.1,1.453,5099.1,no
46,admin.,divorced,high.school,no,no,no,cellular,apr,tue,345,2,999,0,nonexistent,-1.8,93.075,-47.1,1.453,5099.1,no
45,services,married,professional.course,no,no,no,cellular,apr,tue,329,1,999,1,failure,-1.8,93.075,-47.1,1.453,5099.1,no
40,self-employed,married,professional.course,unknown,no,no,cellular,apr,tue,210,1,999,1,failure,-1.8,93.075,-47.1,1.453,5099.1,no
39,self-employed,married,professional.course,no,no,yes,cellular,apr,tue,389,1,999,0,nonexistent,-1.8,93.075,-47.1,1.453,5099.1,no
57,blue-collar,married,high.school,no,yes,no,cellular,apr,tue,97,2,999,0,nonexistent,-1.8,93.075,-47.1,1.453,5099.1,no
36,admin.,divorced,high.school,no,no,no,cellular,apr,tue,197,1,999,0,nonexistent,-1.8,93.075,-47.1,1.453,5099.1,no
47,blue-collar,single,basic.4y,unknown,no,no,cellular,apr,tue,369,1,999,0,nonexistent,-1.8,93.075,-47.1,1.453,5099.1,no
34,admin.,single,high.school,no,yes,yes,cellular,apr,tue,2299,2,999,0,nonexistent,-1.8,93.075,-47.1,1.453,5099.1,yes
41,admin.,married,basic.6y,unknown,no,no,cellular,apr,tue,226,2,999,0,nonexistent,-1.8,93.075,-47.1,1.453,5099.1,no
32,technician,single,university.degree,no,no,no,cellular,apr,tue,721,4,999,0,nonexistent,-1.8,93.075,-47.1,1.453,5099.1,yes
31,blue-collar,married,basic.9y,unknown,yes,no,cellular,apr,tue,208,1,999,1,failure,-1.8,93.075,-47.1,1.453,5099.1,no
40,technician,married,professional.course,no,no,no,cellular,apr,tue,274,1,999,0,nonexistent,-1.8,93.075,-47.1,1.453,5099.1,no
39,admin.,married,high.school,no,yes,no,telephone,apr,tue,189,1,999,0,nonexistent,-1.8,93.075,-47.1,1.453,5099.1,no
66,retired,single,university.degree,no,yes,no,cellular,apr,tue,411,1,999,0,nonexistent,-1.8,93.075,-47.1,1.453,5099.1,no
42,technician,divorced,professional.course,no,yes,no,cellular,apr,tue,157,1,999,1,failure,-1.8,93.075,-47.1,1.453,5099.1,no
19,student,single,basic.9y,no,yes,no,cellular,apr,tue,299,1,999,0,nonexistent,-1.8,93.075,-47.1,1.453,5099.1,yes
34,management,married,university.degree,no,yes,no,cellular,apr,tue,255,2,999,0,nonexistent,-1.8,93.075,-47.1,1.453,5099.1,no
28,student,single,university.degree,no,yes,no,cellular,apr,tue,93,3,11,2,failure,-1.8,93.075,-47.1,1.453,5099.1,no
32,admin.,single,university.degree,no,no,no,cellular,apr,tue,49,2,999,0,nonexistent,-1.8,93.075,-47.1,1.453,5099.1,no
72,retired,married,basic.4y,no,no,no,telephone,apr,tue,124,1,999,0,nonexistent,-1.8,93.075,-47.1,1.453,5099.1,no
38,services,divorced,high.school,unknown,yes,no,cellular,apr,tue,620,1,2,1,success,-1.8,93.075,-47.1,1.453,5099.1,no
31,blue-collar,married,basic.9y,no,no,no,cellular,apr,tue,84,1,999,1,failure,-1.8,93.075,-47.1,1.453,5099.1,yes
36,blue-collar,married,basic.9y,no,yes,yes,cellular,apr,tue,99,1,999,0,nonexistent,-1.8,93.075,-47.1,1.453,5099.1,no
45,services,married,high.school,no,no,no,cellular,apr,tue,139,1,999,0,nonexistent,-1.8,93.075,-47.1,1.453,5099.1,no
38,services,divorced,high.school,unknown,no,no,cellular,apr,tue,311,1,999,1,failure,-1.8,93.075,-47.1,1.453,5099.1,no
45,services,married,high.school,no,yes,no,cellular,apr,tue,1063,1,999,0,nonexistent,-1.8,93.075,-47.1,1.453,5099.1,no
38,services,divorced,high.school,unknown,yes,no,cellular,apr,tue,263,2,999,1,failure,-1.8,93.075,-47.1,1.453,5099.1,no
43,admin.,single,high.school,no,no,no,cellular,apr,tue,487,1,999,0,nonexistent,-1.8,93.075,-47.1,1.453,5099.1,no
57,blue-collar,married,basic.9y,no,no,no,cellular,apr,tue,304,1,999,0,nonexistent,-1.8,93.075,-47.1,1.453,5099.1,no
35,unemployed,divorced,university.degree,no,yes,yes,cellular,apr,tue,66,1,999,1,failure,-1.8,93.075,-47.1,1.453,5099.1,no
35,unemployed,divorced,university.degree,no,no,no,cellular,apr,tue,253,1,999,1,failure,-1.8,93.075,-47.1,1.453,5099.1,no
40,retired,single,basic.4y,no,yes,yes,cellular,apr,tue,145,1,999,0,nonexistent,-1.8,93.075,-47.1,1.453,5099.1,no
46,services,married,unknown,no,yes,no,cellular,apr,tue,244,3,999,1,failure,-1.8,93.075,-47.1,1.453,5099.1,no
39,technician,married,basic.6y,no,no,no,cellular,apr,tue,88,3,999,0,nonexistent,-1.8,93.075,-47.1,1.453,5099.1,no
44,blue-collar,married,basic.9y,no,no,no,cellular,apr,tue,1,1,999,0,nonexistent,-1.8,93.075,-47.1,1.453,5099.1,no
40,blue-collar,married,high.school,no,no,no,cellular,apr,tue,245,8,999,0,nonexistent,-1.8,93.075,-47.1,1.453,5099.1,no
41,blue-collar,married,basic.9y,no,no,no,cellular,apr,tue,161,1,999,1,failure,-1.8,93.075,-47.1,1.453,5099.1,no
59,services,married,high.school,no,yes,no,cellular,apr,tue,542,3,999,1,failure,-1.8,93.075,-47.1,1.453,5099.1,no
44,services,divorced,high.school,no,no,no,cellular,apr,tue,265,1,999,0,nonexistent,-1.8,93.075,-47.1,1.453,5099.1,no
44,services,divorced,high.school,no,no,no,cellular,apr,tue,562,1,999,0,nonexistent,-1.8,93.075,-47.1,1.453,5099.1,no
44,services,divorced,high.school,no,yes,yes,cellular,apr,tue,895,1,999,0,nonexistent,-1.8,93.075,-47.1,1.453,5099.1,yes
38,blue-collar,married,basic.4y,no,no,no,cellular,apr,tue,277,1,999,0,nonexistent,-1.8,93.075,-47.1,1.453,5099.1,no
38,blue-collar,married,basic.4y,no,no,no,cellular,apr,tue,239,1,999,0,nonexistent,-1.8,93.075,-47.1,1.453,5099.1,no
38,admin.,divorced,high.school,no,no,no,cellular,apr,tue,172,2,999,1,failure,-1.8,93.075,-47.1,1.453,5099.1,no
55,technician,married,high.school,no,yes,yes,cellular,apr,tue,376,3,999,0,nonexistent,-1.8,93.075,-47.1,1.453,5099.1,no
59,retired,married,basic.4y,no,no,no,telephone,apr,tue,353,4,999,0,nonexistent,-1.8,93.075,-47.1,1.453,5099.1,no
43,admin.,single,high.school,no,no,no,cellular,apr,tue,216,2,999,1,failure,-1.8,93.075,-47.1,1.453,5099.1,no
36,entrepreneur,married,high.school,no,yes,no,cellular,apr,tue,736,7,999,0,nonexistent,-1.8,93.075,-47.1,1.453,5099.1,no
44,blue-collar,single,basic.9y,no,yes,no,cellular,apr,tue,581,2,999,0,nonexistent,-1.8,93.075,-47.1,1.453,5099.1,no
27,technician,married,professional.course,no,yes,yes,cellular,apr,wed,163,3,999,0,nonexistent,-1.8,93.075,-47.1,1.445,5099.1,no
27,technician,single,basic.9y,no,no,yes,cellular,apr,wed,79,2,999,0,nonexistent,-1.8,93.075,-47.1,1.445,5099.1,no
46,services,married,high.school,no,no,no,cellular,apr,wed,325,2,999,0,nonexistent,-1.8,93.075,-47.1,1.445,5099.1,no
25,student,single,high.school,no,yes,no,cellular,apr,wed,327,1,999,0,nonexistent,-1.8,93.075,-47.1,1.445,5099.1,yes
27,technician,single,basic.9y,no,yes,no,cellular,apr,wed,131,1,999,0,nonexistent,-1.8,93.075,-47.1,1.445,5099.1,no
43,technician,single,professional.course,unknown,yes,no,cellular,apr,wed,519,1,999,0,nonexistent,-1.8,93.075,-47.1,1.445,5099.1,no
40,housemaid,married,basic.9y,no,yes,yes,telephone,apr,wed,169,1,999,1,failure,-1.8,93.075,-47.1,1.445,5099.1,no
32,technician,single,university.degree,no,no,no,cellular,apr,wed,87,1,999,0,nonexistent,-1.8,93.075,-47.1,1.445,5099.1,no
55,admin.,divorced,university.degree,no,yes,no,cellular,apr,wed,628,1,999,1,failure,-1.8,93.075,-47.1,1.445,5099.1,no
55,admin.,divorced,university.degree,no,yes,no,cellular,apr,wed,952,1,999,0,nonexistent,-1.8,93.075,-47.1,1.445,5099.1,yes
61,retired,married,university.degree,no,yes,no,cellular,apr,wed,205,2,999,0,nonexistent,-1.8,93.075,-47.1,1.445,5099.1,no
46,blue-collar,divorced,basic.9y,no,no,yes,cellular,apr,wed,903,1,999,0,nonexistent,-1.8,93.075,-47.1,1.445,5099.1,yes
48,technician,married,professional.course,no,no,no,cellular,apr,wed,95,1,999,1,failure,-1.8,93.075,-47.1,1.445,5099.1,no
32,technician,single,university.degree,no,no,no,cellular,apr,wed,59,3,999,0,nonexistent,-1.8,93.075,-47.1,1.445,5099.1,no
41,blue-collar,married,basic.4y,no,yes,no,cellular,apr,wed,123,1,999,0,nonexistent,-1.8,93.075,-47.1,1.445,5099.1,no
41,blue-collar,married,basic.4y,no,yes,no,cellular,apr,wed,95,1,999,0,nonexistent,-1.8,93.075,-47.1,1.445,5099.1,no
27,technician,single,basic.9y,no,yes,no,telephone,apr,wed,523,2,999,0,nonexistent,-1.8,93.075,-47.1,1.445,5099.1,yes
25,unemployed,single,professional.course,no,yes,no,cellular,apr,wed,97,1,999,0,nonexistent,-1.8,93.075,-47.1,1.445,5099.1,no
49,blue-collar,divorced,basic.4y,unknown,no,no,cellular,apr,wed,430,1,999,0,nonexistent,-1.8,93.075,-47.1,1.445,5099.1,no
27,technician,single,basic.9y,no,yes,no,cellular,apr,wed,88,3,999,0,nonexistent,-1.8,93.075,-47.1,1.445,5099.1,no
29,blue-collar,single,high.school,no,yes,yes,cellular,apr,wed,2129,1,999,1,failure,-1.8,93.075,-47.1,1.445,5099.1,no
39,blue-collar,married,basic.9y,unknown,no,yes,cellular,apr,wed,393,6,999,0,nonexistent,-1.8,93.075,-47.1,1.445,5099.1,no
34,services,married,high.school,no,no,no,cellular,apr,wed,462,2,999,0,nonexistent,-1.8,93.075,-47.1,1.445,5099.1,no
39,blue-collar,married,basic.9y,unknown,yes,no,cellular,apr,wed,213,4,999,0,nonexistent,-1.8,93.075,-47.1,1.445,5099.1,no
46,blue-collar,divorced,basic.6y,unknown,no,no,cellular,apr,wed,179,5,999,2,failure,-1.8,93.075,-47.1,1.445,5099.1,no
38,admin.,married,high.school,no,no,yes,cellular,apr,wed,284,1,999,1,failure,-1.8,93.075,-47.1,1.445,5099.1,no
48,blue-collar,married,basic.9y,no,yes,no,cellular,apr,wed,1032,3,999,2,failure,-1.8,93.075,-47.1,1.445,5099.1,yes
36,management,married,university.degree,no,no,yes,cellular,apr,wed,241,1,999,0,nonexistent,-1.8,93.075,-47.1,1.445,5099.1,no
36,housemaid,married,basic.9y,no,yes,no,cellular,apr,wed,291,1,999,1,failure,-1.8,93.075,-47.1,1.445,5099.1,no
63,retired,married,unknown,no,no,no,cellular,apr,wed,150,1,999,1,failure,-1.8,93.075,-47.1,1.445,5099.1,yes
63,retired,married,unknown,no,yes,no,telephone,apr,wed,236,1,999,0,nonexistent,-1.8,93.075,-47.1,1.445,5099.1,yes
37,blue-collar,married,basic.4y,no,yes,no,cellular,apr,wed,281,1,5,1,success,-1.8,93.075,-47.1,1.445,5099.1,no
50,admin.,married,university.degree,no,unknown,unknown,cellular,apr,wed,101,2,999,0,nonexistent,-1.8,93.075,-47.1,1.445,5099.1,no
39,blue-collar,married,basic.9y,unknown,yes,yes,cellular,apr,wed,120,1,999,1,failure,-1.8,93.075,-47.1,1.445,5099.1,no
47,unemployed,divorced,basic.9y,no,no,no,cellular,apr,wed,125,2,999,0,nonexistent,-1.8,93.075,-47.1,1.445,5099.1,no
63,retired,married,unknown,no,no,no,telephone,apr,wed,185,1,999,0,nonexistent,-1.8,93.075,-47.1,1.445,5099.1,no
28,admin.,married,university.degree,no,yes,no,cellular,apr,wed,261,1,999,0,nonexistent,-1.8,93.075,-47.1,1.445,5099.1,no
29,admin.,married,university.degree,no,yes,yes,cellular,apr,wed,245,1,999,0,nonexistent,-1.8,93.075,-47.1,1.445,5099.1,yes
47,entrepreneur,married,high.school,no,no,yes,cellular,apr,wed,663,2,999,0,nonexistent,-1.8,93.075,-47.1,1.445,5099.1,no
25,admin.,single,professional.course,no,yes,no,cellular,apr,wed,114,1,999,0,nonexistent,-1.8,93.075,-47.1,1.445,5099.1,yes
29,technician,married,university.degree,no,unknown,unknown,cellular,apr,wed,83,1,999,0,nonexistent,-1.8,93.075,-47.1,1.445,5099.1,no
31,services,married,high.school,no,no,yes,cellular,apr,wed,195,6,999,0,nonexistent,-1.8,93.075,-47.1,1.445,5099.1,no
36,management,married,university.degree,no,no,yes,cellular,apr,wed,180,2,999,0,nonexistent,-1.8,93.075,-47.1,1.445,5099.1,no
46,services,married,high.school,no,yes,no,cellular,apr,wed,201,2,999,0,nonexistent,-1.8,93.075,-47.1,1.445,5099.1,no
47,admin.,single,university.degree,no,no,no,cellular,apr,wed,167,1,999,0,nonexistent,-1.8,93.075,-47.1,1.445,5099.1,no
35,admin.,single,university.degree,no,yes,no,cellular,apr,wed,58,1,999,0,nonexistent,-1.8,93.075,-47.1,1.445,5099.1,no
38,admin.,married,high.school,no,no,no,cellular,apr,wed,518,2,999,1,failure,-1.8,93.075,-47.1,1.445,5099.1,no
24,student,single,high.school,no,yes,no,cellular,apr,wed,74,1,999,0,nonexistent,-1.8,93.075,-47.1,1.445,5099.1,no
64,technician,married,professional.course,no,yes,no,cellular,apr,wed,250,1,999,0,nonexistent,-1.8,93.075,-47.1,1.445,5099.1,no
35,admin.,married,high.school,no,yes,no,cellular,apr,wed,1190,1,999,0,nonexistent,-1.8,93.075,-47.1,1.445,5099.1,yes
42,blue-collar,married,basic.6y,no,yes,yes,cellular,apr,wed,110,1,999,0,nonexistent,-1.8,93.075,-47.1,1.445,5099.1,no
40,admin.,divorced,university.degree,no,yes,no,cellular,apr,wed,84,1,999,0,nonexistent,-1.8,93.075,-47.1,1.445,5099.1,no
35,technician,divorced,professional.course,no,yes,no,cellular,apr,wed,612,1,999,0,nonexistent,-1.8,93.075,-47.1,1.445,5099.1,no
35,technician,divorced,professional.course,no,yes,no,cellular,apr,wed,229,1,999,1,failure,-1.8,93.075,-47.1,1.445,5099.1,no
35,services,divorced,basic.9y,no,no,no,cellular,apr,wed,188,1,999,0,nonexistent,-1.8,93.075,-47.1,1.445,5099.1,no
34,services,married,high.school,no,no,no,cellular,apr,wed,543,2,999,1,failure,-1.8,93.075,-47.1,1.445,5099.1,no
29,admin.,single,university.degree,no,yes,no,cellular,apr,wed,216,1,999,0,nonexistent,-1.8,93.075,-47.1,1.445,5099.1,no
37,blue-collar,married,basic.4y,no,no,no,cellular,apr,wed,180,2,999,1,failure,-1.8,93.075,-47.1,1.445,5099.1,no
34,admin.,single,professional.course,no,no,no,cellular,apr,wed,174,1,999,0,nonexistent,-1.8,93.075,-47.1,1.445,5099.1,no
52,blue-collar,married,basic.4y,no,yes,no,cellular,apr,wed,249,1,999,0,nonexistent,-1.8,93.075,-47.1,1.445,5099.1,no
46,blue-collar,divorced,basic.9y,no,no,no,cellular,apr,wed,169,1,999,1,failure,-1.8,93.075,-47.1,1.445,5099.1,no
34,services,divorced,high.school,no,yes,yes,cellular,apr,wed,303,1,999,1,failure,-1.8,93.075,-47.1,1.445,5099.1,no
40,admin.,divorced,university.degree,no,no,no,cellular,apr,wed,143,2,999,0,nonexistent,-1.8,93.075,-47.1,1.445,5099.1,yes
27,technician,single,basic.9y,no,yes,no,cellular,apr,wed,56,7,999,0,nonexistent,-1.8,93.075,-47.1,1.445,5099.1,no
22,management,single,university.degree,no,yes,no,cellular,apr,wed,179,2,999,0,nonexistent,-1.8,93.075,-47.1,1.445,5099.1,no
64,technician,married,professional.course,no,yes,no,cellular,apr,wed,65,2,999,0,nonexistent,-1.8,93.075,-47.1,1.445,5099.1,no
39,blue-collar,married,basic.9y,no,yes,no,cellular,apr,wed,91,3,999,0,nonexistent,-1.8,93.075,-47.1,1.445,5099.1,no
25,unemployed,single,professional.course,no,no,yes,cellular,apr,wed,274,3,999,0,nonexistent,-1.8,93.075,-47.1,1.445,5099.1,no
43,services,married,high.school,no,yes,no,telephone,apr,wed,690,7,999,0,nonexistent,-1.8,93.075,-47.1,1.445,5099.1,no
34,services,married,high.school,no,yes,no,cellular,apr,wed,281,3,999,0,nonexistent,-1.8,93.075,-47.1,1.445,5099.1,no
46,technician,married,basic.6y,unknown,yes,no,cellular,apr,wed,575,2,999,0,nonexistent,-1.8,93.075,-47.1,1.445,5099.1,yes
47,admin.,married,unknown,no,no,yes,cellular,apr,wed,764,2,999,0,nonexistent,-1.8,93.075,-47.1,1.445,5099.1,no
39,services,married,basic.9y,unknown,yes,yes,telephone,apr,wed,93,2,999,0,nonexistent,-1.8,93.075,-47.1,1.445,5099.1,no
41,blue-collar,married,basic.4y,no,yes,no,cellular,apr,wed,213,3,999,0,nonexistent,-1.8,93.075,-47.1,1.445,5099.1,no
33,admin.,single,university.degree,no,no,no,cellular,apr,wed,171,2,999,0,nonexistent,-1.8,93.075,-47.1,1.445,5099.1,no
30,unemployed,single,basic.9y,no,no,no,cellular,apr,wed,142,4,999,0,nonexistent,-1.8,93.075,-47.1,1.445,5099.1,yes
46,services,married,high.school,no,yes,no,cellular,apr,wed,417,2,999,2,failure,-1.8,93.075,-47.1,1.445,5099.1,no
43,self-employed,married,high.school,unknown,yes,no,cellular,apr,wed,902,2,999,0,nonexistent,-1.8,93.075,-47.1,1.445,5099.1,no
29,admin.,married,university.degree,no,yes,no,cellular,apr,wed,350,2,999,0,nonexistent,-1.8,93.075,-47.1,1.445,5099.1,yes
31,admin.,single,university.degree,no,yes,no,cellular,apr,wed,124,2,999,0,nonexistent,-1.8,93.075,-47.1,1.445,5099.1,no
20,student,single,high.school,no,yes,no,cellular,apr,thu,162,4,999,1,failure,-1.8,93.075,-47.1,1.435,5099.1,no
36,admin.,single,university.degree,no,yes,no,cellular,apr,thu,68,3,999,2,failure,-1.8,93.075,-47.1,1.435,5099.1,no
37,blue-collar,divorced,basic.9y,unknown,yes,no,cellular,apr,thu,435,2,999,1,failure,-1.8,93.075,-47.1,1.435,5099.1,no
31,admin.,single,university.degree,no,yes,no,cellular,apr,thu,87,1,999,0,nonexistent,-1.8,93.075,-47.1,1.435,5099.1,no
21,services,single,high.school,no,yes,no,cellular,apr,thu,374,3,999,0,nonexistent,-1.8,93.075,-47.1,1.435,5099.1,no
41,admin.,married,university.degree,unknown,yes,yes,telephone,apr,thu,40,1,999,0,nonexistent,-1.8,93.075,-47.1,1.435,5099.1,no
52,admin.,married,high.school,no,no,no,cellular,apr,thu,312,2,999,0,nonexistent,-1.8,93.075,-47.1,1.435,5099.1,no
21,services,single,high.school,no,yes,yes,cellular,apr,thu,820,2,999,0,nonexistent,-1.8,93.075,-47.1,1.435,5099.1,no
41,admin.,single,university.degree,no,yes,no,cellular,apr,thu,328,1,999,0,nonexistent,-1.8,93.075,-47.1,1.435,5099.1,no
46,technician,single,basic.9y,no,yes,no,cellular,apr,thu,168,1,999,0,nonexistent,-1.8,93.075,-47.1,1.435,5099.1,no
43,admin.,divorced,high.school,no,unknown,unknown,cellular,apr,thu,105,1,999,1,failure,-1.8,93.075,-47.1,1.435,5099.1,no
43,technician,married,professional.course,no,no,no,cellular,apr,thu,264,1,999,0,nonexistent,-1.8,93.075,-47.1,1.435,5099.1,no
36,admin.,single,university.degree,no,yes,no,cellular,apr,thu,592,4,999,1,failure,-1.8,93.075,-47.1,1.435,5099.1,yes
44,management,divorced,university.degree,no,yes,no,cellular,apr,thu,207,1,999,0,nonexistent,-1.8,93.075,-47.1,1.435,5099.1,no
24,admin.,single,professional.course,no,yes,no,cellular,apr,thu,125,6,999,0,nonexistent,-1.8,93.075,-47.1,1.435,5099.1,no
32,self-employed,single,university.degree,no,no,no,cellular,apr,thu,394,1,999,0,nonexistent,-1.8,93.075,-47.1,1.435,5099.1,yes
35,services,married,basic.9y,no,no,no,cellular,apr,thu,85,1,999,0,nonexistent,-1.8,93.075,-47.1,1.435,5099.1,no
43,admin.,divorced,high.school,no,yes,no,cellular,apr,thu,448,2,999,1,failure,-1.8,93.075,-47.1,1.435,5099.1,yes
33,technician,single,university.degree,no,no,no,cellular,apr,thu,657,1,999,0,nonexistent,-1.8,93.075,-47.1,1.435,5099.1,yes
38,services,married,basic.9y,no,yes,no,cellular,apr,thu,220,1,999,1,failure,-1.8,93.075,-47.1,1.435,5099.1,no
38,technician,married,high.school,no,no,no,cellular,apr,thu,113,1,999,0,nonexistent,-1.8,93.075,-47.1,1.435,5099.1,no
37,technician,divorced,professional.course,no,yes,no,cellular,apr,thu,241,1,999,1,failure,-1.8,93.075,-47.1,1.435,5099.1,no
35,entrepreneur,married,university.degree,unknown,yes,no,cellular,apr,thu,311,1,999,1,failure,-1.8,93.075,-47.1,1.435,5099.1,no
33,technician,single,university.degree,no,unknown,unknown,cellular,apr,thu,527,3,999,0,nonexistent,-1.8,93.075,-47.1,1.435,5099.1,yes
67,retired,married,university.degree,no,yes,no,telephone,apr,thu,126,4,999,0,nonexistent,-1.8,93.075,-47.1,1.435,5099.1,no
33,technician,single,university.degree,no,no,no,cellular,apr,thu,304,1,999,0,nonexistent,-1.8,93.075,-47.1,1.435,5099.1,no
40,self-employed,married,university.degree,no,yes,no,cellular,apr,thu,161,1,999,0,nonexistent,-1.8,93.075,-47.1,1.435,5099.1,no
41,technician,married,university.degree,unknown,no,yes,cellular,apr,thu,272,1,999,1,failure,-1.8,93.075,-47.1,1.435,5099.1,no
51,services,married,high.school,unknown,no,no,cellular,apr,thu,278,3,999,0,nonexistent,-1.8,93.075,-47.1,1.435,5099.1,no
41,technician,married,university.degree,unknown,yes,yes,cellular,apr,thu,139,1,999,0,nonexistent,-1.8,93.075,-47.1,1.435,5099.1,no
48,blue-collar,married,basic.9y,unknown,yes,yes,cellular,apr,thu,429,2,999,0,nonexistent,-1.8,93.075,-47.1,1.435,5099.1,no
33,services,divorced,university.degree,no,yes,no,cellular,apr,thu,230,1,999,0,nonexistent,-1.8,93.075,-47.1,1.435,5099.1,no
36,admin.,married,university.degree,no,yes,no,cellular,apr,thu,96,4,999,0,nonexistent,-1.8,93.075,-47.1,1.435,5099.1,no
45,admin.,married,high.school,no,no,yes,cellular,apr,thu,109,2,999,1,failure,-1.8,93.075,-47.1,1.435,5099.1,no
33,technician,single,university.degree,no,yes,no,cellular,apr,thu,530,1,999,0,nonexistent,-1.8,93.075,-47.1,1.435,5099.1,yes
30,self-employed,single,university.degree,no,yes,no,cellular,apr,thu,104,1,999,0,nonexistent,-1.8,93.075,-47.1,1.435,5099.1,no
30,self-employed,single,university.degree,no,yes,no,cellular,apr,thu,214,1,999,0,nonexistent,-1.8,93.075,-47.1,1.435,5099.1,yes
30,self-employed,single,university.degree,no,no,no,cellular,apr,thu,184,1,999,0,nonexistent,-1.8,93.075,-47.1,1.435,5099.1,no
30,self-employed,single,university.degree,no,yes,no,cellular,apr,thu,331,1,999,1,failure,-1.8,93.075,-47.1,1.435,5099.1,yes
30,self-employed,single,university.degree,no,no,no,cellular,apr,thu,435,1,999,0,nonexistent,-1.8,93.075,-47.1,1.435,5099.1,yes
30,self-employed,single,university.degree,no,no,no,cellular,apr,thu,188,1,999,0,nonexistent,-1.8,93.075,-47.1,1.435,5099.1,no
45,admin.,single,unknown,no,yes,no,cellular,apr,thu,62,2,999,1,failure,-1.8,93.075,-47.1,1.435,5099.1,no
52,admin.,married,university.degree,no,yes,no,telephone,apr,thu,327,2,999,1,failure,-1.8,93.075,-47.1,1.435,5099.1,no
42,self-employed,married,university.degree,no,yes,no,cellular,apr,thu,290,2,999,1,failure,-1.8,93.075,-47.1,1.435,5099.1,no
30,blue-collar,married,basic.4y,no,yes,no,cellular,apr,thu,179,1,999,0,nonexistent,-1.8,93.075,-47.1,1.435,5099.1,yes
37,technician,divorced,professional.course,no,yes,no,cellular,apr,thu,464,1,999,0,nonexistent,-1.8,93.075,-47.1,1.435,5099.1,no
46,technician,single,basic.9y,no,no,no,cellular,apr,thu,221,2,999,1,failure,-1.8,93.075,-47.1,1.435,5099.1,no
49,blue-collar,married,basic.6y,unknown,yes,yes,cellular,apr,thu,504,1,999,0,nonexistent,-1.8,93.075,-47.1,1.435,5099.1,no
33,self-employed,married,university.degree,no,yes,no,cellular,apr,thu,233,1,999,0,nonexistent,-1.8,93.075,-47.1,1.435,5099.1,yes
45,entrepreneur,divorced,university.degree,no,yes,no,cellular,apr,thu,132,1,999,0,nonexistent,-1.8,93.075,-47.1,1.435,5099.1,no
33,technician,single,university.degree,no,yes,no,cellular,apr,thu,106,2,999,0,nonexistent,-1.8,93.075,-47.1,1.435,5099.1,no
50,blue-collar,married,high.school,unknown,no,no,cellular,apr,thu,339,1,999,0,nonexistent,-1.8,93.075,-47.1,1.435,5099.1,no
30,self-employed,single,university.degree,no,yes,no,cellular,apr,thu,152,2,999,0,nonexistent,-1.8,93.075,-47.1,1.435,5099.1,yes
36,retired,married,high.school,no,yes,no,cellular,apr,thu,98,6,999,0,nonexistent,-1.8,93.075,-47.1,1.435,5099.1,no
41,blue-collar,married,basic.9y,no,unknown,unknown,cellular,apr,thu,268,1,999,1,failure,-1.8,93.075,-47.1,1.435,5099.1,no
47,technician,divorced,professional.course,no,no,no,cellular,apr,thu,337,2,999,0,nonexistent,-1.8,93.075,-47.1,1.435,5099.1,no
54,self-employed,married,basic.9y,no,yes,no,cellular,apr,thu,133,1,999,0,nonexistent,-1.8,93.075,-47.1,1.435,5099.1,no
43,entrepreneur,married,high.school,no,yes,no,cellular,apr,thu,90,2,999,0,nonexistent,-1.8,93.075,-47.1,1.435,5099.1,no
28,services,single,high.school,no,yes,no,cellular,apr,thu,322,2,999,0,nonexistent,-1.8,93.075,-47.1,1.435,5099.1,no
46,technician,single,basic.9y,no,no,no,cellular,apr,thu,385,2,999,1,failure,-1.8,93.075,-47.1,1.435,5099.1,no
45,admin.,married,university.degree,no,yes,yes,cellular,apr,thu,317,5,999,0,nonexistent,-1.8,93.075,-47.1,1.435,5099.1,yes
36,admin.,single,university.degree,no,no,no,cellular,apr,thu,208,12,999,1,failure,-1.8,93.075,-47.1,1.435,5099.1,no
41,admin.,married,university.degree,unknown,yes,yes,cellular,apr,thu,240,3,999,0,nonexistent,-1.8,93.075,-47.1,1.435,5099.1,no
40,services,married,basic.6y,unknown,no,no,cellular,apr,thu,140,2,999,2,failure,-1.8,93.075,-47.1,1.435,5099.1,no
36,blue-collar,married,basic.9y,no,yes,no,cellular,apr,thu,490,3,999,2,failure,-1.8,93.075,-47.1,1.435,5099.1,yes
57,services,married,high.school,no,yes,no,cellular,apr,thu,275,2,999,1,failure,-1.8,93.075,-47.1,1.435,5099.1,no
37,blue-collar,married,professional.course,no,no,no,cellular,apr,thu,188,1,999,0,nonexistent,-1.8,93.075,-47.1,1.435,5099.1,no
33,services,married,high.school,no,yes,no,cellular,apr,thu,236,1,999,1,failure,-1.8,93.075,-47.1,1.435,5099.1,no
30,admin.,single,university.degree,no,yes,no,telephone,apr,tue,563,2,999,0,nonexistent,-1.8,93.075,-47.1,1.423,5099.1,no
26,unemployed,single,university.degree,no,yes,no,cellular,apr,tue,136,3,999,0,nonexistent,-1.8,93.075,-47.1,1.423,5099.1,no
41,technician,married,high.school,no,yes,yes,cellular,apr,tue,142,2,999,0,nonexistent,-1.8,93.075,-47.1,1.423,5099.1,no
36,blue-collar,married,basic.9y,no,no,no,cellular,apr,tue,129,1,999,0,nonexistent,-1.8,93.075,-47.1,1.423,5099.1,no
34,self-employed,single,university.degree,no,no,no,telephone,apr,tue,86,6,999,0,nonexistent,-1.8,93.075,-47.1,1.423,5099.1,no
30,admin.,married,university.degree,no,no,no,cellular,apr,tue,259,1,999,0,nonexistent,-1.8,93.075,-47.1,1.423,5099.1,no
24,admin.,single,high.school,no,yes,no,cellular,apr,tue,255,1,999,1,failure,-1.8,93.075,-47.1,1.423,5099.1,no
41,technician,married,professional.course,no,yes,no,cellular,apr,tue,466,5,999,1,failure,-1.8,93.075,-47.1,1.423,5099.1,yes
41,admin.,divorced,university.degree,no,no,no,cellular,apr,tue,82,4,999,0,nonexistent,-1.8,93.075,-47.1,1.423,5099.1,no
34,admin.,married,university.degree,no,yes,no,cellular,apr,tue,565,2,999,0,nonexistent,-1.8,93.075,-47.1,1.423,5099.1,no
42,admin.,single,professional.course,no,yes,no,cellular,apr,tue,251,1,999,0,nonexistent,-1.8,93.075,-47.1,1.423,5099.1,no
45,blue-collar,married,basic.9y,unknown,yes,no,cellular,apr,tue,269,3,999,1,failure,-1.8,93.075,-47.1,1.423,5099.1,no
37,admin.,single,university.degree,no,no,no,cellular,apr,tue,283,3,999,0,nonexistent,-1.8,93.075,-47.1,1.423,5099.1,no
73,retired,divorced,basic.4y,no,no,yes,cellular,apr,tue,342,1,999,0,nonexistent,-1.8,93.075,-47.1,1.423,5099.1,yes
34,admin.,single,university.degree,no,yes,no,cellular,apr,tue,255,7,999,0,nonexistent,-1.8,93.075,-47.1,1.423,5099.1,no
38,blue-collar,married,basic.9y,no,no,no,cellular,apr,tue,110,1,999,1,failure,-1.8,93.075,-47.1,1.423,5099.1,no
46,admin.,married,professional.course,no,yes,no,cellular,apr,tue,62,1,999,0,nonexistent,-1.8,93.075,-47.1,1.423,5099.1,no
34,admin.,single,university.degree,no,yes,no,cellular,apr,tue,145,1,999,0,nonexistent,-1.8,93.075,-47.1,1.423,5099.1,no
42,services,single,basic.6y,no,yes,yes,cellular,apr,tue,213,3,999,0,nonexistent,-1.8,93.075,-47.1,1.423,5099.1,no
46,blue-collar,divorced,basic.9y,no,yes,no,telephone,apr,tue,266,3,999,0,nonexistent,-1.8,93.075,-47.1,1.423,5099.1,no
35,blue-collar,married,basic.9y,no,yes,no,cellular,apr,tue,855,1,999,0,nonexistent,-1.8,93.075,-47.1,1.423,5099.1,no
34,admin.,single,university.degree,no,no,no,cellular,apr,tue,344,1,999,1,failure,-1.8,93.075,-47.1,1.423,5099.1,yes
34,unemployed,single,university.degree,no,yes,no,cellular,apr,tue,125,1,999,0,nonexistent,-1.8,93.075,-47.1,1.423,5099.1,yes
24,services,single,high.school,no,yes,no,cellular,apr,tue,850,2,999,0,nonexistent,-1.8,93.075,-47.1,1.423,5099.1,yes
48,blue-collar,single,basic.9y,no,yes,no,cellular,apr,tue,85,1,999,1,failure,-1.8,93.075,-47.1,1.423,5099.1,no
34,admin.,single,university.degree,no,yes,yes,cellular,apr,tue,441,2,999,0,nonexistent,-1.8,93.075,-47.1,1.423,5099.1,no
24,services,single,high.school,no,yes,no,telephone,apr,tue,104,1,999,1,failure,-1.8,93.075,-47.1,1.423,5099.1,no
48,blue-collar,single,basic.9y,no,yes,no,cellular,apr,tue,179,1,999,0,nonexistent,-1.8,93.075,-47.1,1.423,5099.1,no
59,retired,married,university.degree,no,no,no,cellular,apr,tue,1073,1,999,0,nonexistent,-1.8,93.075,-47.1,1.423,5099.1,yes
47,self-employed,married,basic.9y,no,yes,no,telephone,apr,tue,226,5,999,0,nonexistent,-1.8,93.075,-47.1,1.423,5099.1,no
34,self-employed,single,university.degree,no,no,no,cellular,apr,tue,94,5,999,0,nonexistent,-1.8,93.075,-47.1,1.423,5099.1,no
24,services,single,high.school,no,yes,no,cellular,apr,tue,1594,1,999,1,failure,-1.8,93.075,-47.1,1.423,5099.1,yes
24,services,single,high.school,no,no,no,cellular,apr,tue,450,1,999,0,nonexistent,-1.8,93.075,-47.1,1.423,5099.1,yes
30,admin.,single,university.degree,no,no,yes,cellular,apr,tue,505,1,999,0,nonexistent,-1.8,93.075,-47.1,1.423,5099.1,yes
42,self-employed,married,university.degree,no,no,no,cellular,apr,tue,133,2,999,0,nonexistent,-1.8,93.075,-47.1,1.423,5099.1,yes
26,unemployed,single,university.degree,no,yes,no,cellular,apr,tue,184,1,999,0,nonexistent,-1.8,93.075,-47.1,1.423,5099.1,yes
26,unemployed,single,university.degree,no,yes,no,cellular,apr,tue,168,1,999,0,nonexistent,-1.8,93.075,-47.1,1.423,5099.1,yes
28,blue-collar,single,university.degree,no,yes,no,cellular,apr,tue,49,1,999,0,nonexistent,-1.8,93.075,-47.1,1.423,5099.1,no
44,blue-collar,married,basic.6y,no,no,no,cellular,apr,tue,314,1,999,0,nonexistent,-1.8,93.075,-47.1,1.423,5099.1,no
30,admin.,single,university.degree,no,yes,yes,cellular,apr,tue,178,1,999,0,nonexistent,-1.8,93.075,-47.1,1.423,5099.1,no
57,technician,married,professional.course,no,yes,no,cellular,apr,tue,324,1,999,0,nonexistent,-1.8,93.075,-47.1,1.423,5099.1,yes
45,blue-collar,married,basic.9y,unknown,yes,no,cellular,apr,tue,252,5,999,0,nonexistent,-1.8,93.075,-47.1,1.423,5099.1,no
56,management,married,basic.9y,unknown,no,no,cellular,apr,tue,584,1,999,0,nonexistent,-1.8,93.075,-47.1,1.423,5099.1,no
30,admin.,married,university.degree,no,no,no,cellular,apr,tue,161,1,999,0,nonexistent,-1.8,93.075,-47.1,1.423,5099.1,yes
45,blue-collar,married,basic.9y,unknown,yes,no,cellular,apr,tue,95,2,999,0,nonexistent,-1.8,93.075,-47.1,1.423,5099.1,no
46,blue-collar,divorced,basic.9y,no,no,no,cellular,apr,tue,332,3,999,0,nonexistent,-1.8,93.075,-47.1,1.423,5099.1,no
39,admin.,married,university.degree,no,yes,yes,cellular,apr,tue,308,2,999,0,nonexistent,-1.8,93.075,-47.1,1.423,5099.1,no
71,retired,married,basic.4y,no,no,no,telephone,apr,tue,129,2,999,0,nonexistent,-1.8,93.075,-47.1,1.423,5099.1,no
25,admin.,single,university.degree,no,no,no,cellular,apr,tue,247,1,999,0,nonexistent,-1.8,93.075,-47.1,1.423,5099.1,no
28,blue-collar,single,university.degree,no,no,no,cellular,apr,tue,107,3,999,0,nonexistent,-1.8,93.075,-47.1,1.423,5099.1,yes
42,self-employed,married,university.degree,no,yes,no,cellular,apr,tue,216,1,999,1,failure,-1.8,93.075,-47.1,1.423,5099.1,yes
46,technician,married,professional.course,no,no,no,cellular,apr,tue,279,1,999,0,nonexistent,-1.8,93.075,-47.1,1.423,5099.1,yes
31,blue-collar,single,unknown,no,no,no,cellular,apr,tue,424,2,999,2,failure,-1.8,93.075,-47.1,1.423,5099.1,no
34,blue-collar,single,high.school,no,no,no,cellular,apr,tue,259,2,999,2,failure,-1.8,93.075,-47.1,1.423,5099.1,no
57,admin.,married,high.school,no,yes,no,cellular,apr,tue,111,1,999,0,nonexistent,-1.8,93.075,-47.1,1.423,5099.1,yes
33,management,married,university.degree,unknown,yes,yes,cellular,apr,tue,258,8,999,0,nonexistent,-1.8,93.075,-47.1,1.423,5099.1,no
61,retired,married,university.degree,no,yes,no,cellular,apr,tue,216,1,999,0,nonexistent,-1.8,93.075,-47.1,1.423,5099.1,yes
36,services,married,high.school,no,unknown,unknown,cellular,apr,tue,104,3,999,0,nonexistent,-1.8,93.075,-47.1,1.423,5099.1,no
45,admin.,single,basic.9y,no,yes,yes,cellular,apr,tue,119,2,999,1,failure,-1.8,93.075,-47.1,1.423,5099.1,no
36,admin.,married,university.degree,no,no,no,cellular,apr,tue,108,6,999,1,failure,-1.8,93.075,-47.1,1.423,5099.1,no
45,blue-collar,married,basic.9y,unknown,yes,no,cellular,apr,tue,72,4,999,0,nonexistent,-1.8,93.075,-47.1,1.423,5099.1,no
42,admin.,married,university.degree,no,yes,yes,cellular,apr,tue,101,5,999,0,nonexistent,-1.8,93.075,-47.1,1.423,5099.1,no
69,retired,divorced,university.degree,no,yes,no,cellular,apr,tue,207,2,999,0,nonexistent,-1.8,93.075,-47.1,1.423,5099.1,yes
26,unemployed,single,university.degree,no,yes,no,telephone,apr,tue,300,3,999,0,nonexistent,-1.8,93.075,-47.1,1.423,5099.1,yes
28,admin.,single,university.degree,no,yes,no,cellular,apr,tue,295,5,999,0,nonexistent,-1.8,93.075,-47.1,1.423,5099.1,yes
23,technician,single,professional.course,no,no,yes,cellular,apr,tue,422,4,999,0,nonexistent,-1.8,93.075,-47.1,1.423,5099.1,no
29,admin.,single,university.degree,no,yes,no,telephone,apr,tue,61,3,999,0,nonexistent,-1.8,93.075,-47.1,1.423,5099.1,no
38,admin.,married,university.degree,no,yes,no,cellular,apr,tue,108,2,999,0,nonexistent,-1.8,93.075,-47.1,1.423,5099.1,no
47,blue-collar,married,professional.course,no,yes,no,cellular,apr,tue,225,4,999,1,failure,-1.8,93.075,-47.1,1.423,5099.1,no
41,blue-collar,married,basic.6y,no,yes,yes,cellular,apr,tue,608,2,999,0,nonexistent,-1.8,93.075,-47.1,1.423,5099.1,no
46,admin.,divorced,university.degree,no,yes,no,cellular,apr,wed,201,6,999,1,failure,-1.8,93.075,-47.1,1.415,5099.1,no
49,admin.,married,unknown,no,yes,yes,cellular,apr,wed,61,3,999,0,nonexistent,-1.8,93.075,-47.1,1.415,5099.1,no
70,retired,married,basic.4y,no,yes,no,cellular,apr,wed,223,2,999,0,nonexistent,-1.8,93.075,-47.1,1.415,5099.1,yes
67,retired,married,professional.course,no,no,no,telephone,apr,wed,47,2,999,0,nonexistent,-1.8,93.075,-47.1,1.415,5099.1,no
39,technician,single,professional.course,no,yes,no,cellular,apr,wed,226,2,999,0,nonexistent,-1.8,93.075,-47.1,1.415,5099.1,no
23,student,single,basic.4y,no,yes,no,cellular,apr,wed,1372,4,999,0,nonexistent,-1.8,93.075,-47.1,1.415,5099.1,no
37,self-employed,divorced,basic.9y,no,yes,no,cellular,apr,wed,343,2,999,1,failure,-1.8,93.075,-47.1,1.415,5099.1,no
56,entrepreneur,married,basic.9y,no,yes,no,cellular,apr,wed,141,12,999,0,nonexistent,-1.8,93.075,-47.1,1.415,5099.1,no
38,technician,divorced,university.degree,no,no,no,cellular,apr,wed,141,2,999,2,failure,-1.8,93.075,-47.1,1.415,5099.1,no
32,unemployed,single,university.degree,no,yes,no,telephone,apr,wed,165,2,999,1,failure,-1.8,93.075,-47.1,1.415,5099.1,yes
70,retired,married,basic.4y,no,no,no,cellular,apr,wed,167,2,999,1,failure,-1.8,93.075,-47.1,1.415,5099.1,yes
56,blue-collar,married,basic.9y,unknown,yes,no,cellular,apr,wed,332,2,999,0,nonexistent,-1.8,93.075,-47.1,1.415,5099.1,no
56,blue-collar,married,basic.9y,unknown,no,yes,cellular,apr,wed,87,2,999,0,nonexistent,-1.8,93.075,-47.1,1.415,5099.1,no
43,management,married,basic.6y,no,no,no,cellular,apr,wed,945,1,999,1,failure,-1.8,93.075,-47.1,1.415,5099.1,yes
25,student,single,high.school,no,yes,yes,cellular,apr,wed,82,1,999,0,nonexistent,-1.8,93.075,-47.1,1.415,5099.1,yes
30,admin.,married,university.degree,no,no,yes,cellular,apr,wed,389,2,999,1,failure,-1.8,93.075,-47.1,1.415,5099.1,no
45,services,married,high.school,no,yes,no,cellular,apr,wed,651,4,999,0,nonexistent,-1.8,93.075,-47.1,1.415,5099.1,no
30,management,single,university.degree,no,yes,no,cellular,apr,wed,692,1,999,0,nonexistent,-1.8,93.075,-47.1,1.415,5099.1,no
29,unemployed,single,high.school,no,no,no,cellular,apr,wed,217,2,999,0,nonexistent,-1.8,93.075,-47.1,1.415,5099.1,no
36,self-employed,divorced,basic.9y,no,yes,no,cellular,apr,wed,93,1,999,0,nonexistent,-1.8,93.075,-47.1,1.415,5099.1,no
66,retired,married,basic.4y,no,yes,no,cellular,apr,wed,253,2,999,0,nonexistent,-1.8,93.075,-47.1,1.415,5099.1,no
44,management,married,basic.6y,no,yes,no,cellular,apr,wed,139,1,999,0,nonexistent,-1.8,93.075,-47.1,1.415,5099.1,no
44,management,married,basic.6y,no,yes,yes,cellular,apr,wed,154,1,999,0,nonexistent,-1.8,93.075,-47.1,1.415,5099.1,no
40,management,single,basic.9y,no,yes,no,cellular,apr,wed,601,1,999,0,nonexistent,-1.8,93.075,-47.1,1.415,5099.1,no
53,retired,married,high.school,no,no,no,cellular,apr,wed,349,1,999,0,nonexistent,-1.8,93.075,-47.1,1.415,5099.1,no
35,technician,married,professional.course,no,no,no,cellular,apr,wed,225,2,999,0,nonexistent,-1.8,93.075,-47.1,1.415,5099.1,no
44,technician,single,professional.course,no,yes,no,cellular,apr,wed,75,1,999,1,failure,-1.8,93.075,-47.1,1.415,5099.1,no
35,technician,married,professional.course,no,yes,no,cellular,apr,wed,251,1,999,0,nonexistent,-1.8,93.075,-47.1,1.415,5099.1,no
44,technician,single,professional.course,no,no,no,cellular,apr,wed,609,1,999,0,nonexistent,-1.8,93.075,-47.1,1.415,5099.1,no
41,services,single,high.school,no,no,no,cellular,apr,wed,134,1,999,0,nonexistent,-1.8,93.075,-47.1,1.415,5099.1,no
32,admin.,married,university.degree,no,yes,no,cellular,apr,wed,166,1,999,0,nonexistent,-1.8,93.075,-47.1,1.415,5099.1,no
41,services,married,high.school,no,yes,yes,cellular,apr,wed,301,1,999,1,failure,-1.8,93.075,-47.1,1.415,5099.1,no
32,admin.,married,university.degree,no,yes,no,cellular,apr,wed,177,1,999,0,nonexistent,-1.8,93.075,-47.1,1.415,5099.1,no
52,entrepreneur,married,university.degree,no,yes,no,cellular,apr,wed,126,1,999,2,failure,-1.8,93.075,-47.1,1.415,5099.1,no
44,technician,married,professional.course,no,yes,no,cellular,apr,wed,56,1,999,1,failure,-1.8,93.075,-47.1,1.415,5099.1,no
59,admin.,divorced,university.degree,no,no,no,cellular,apr,wed,194,1,999,0,nonexistent,-1.8,93.075,-47.1,1.415,5099.1,no
21,admin.,single,high.school,no,yes,no,cellular,apr,wed,122,1,999,0,nonexistent,-1.8,93.075,-47.1,1.415,5099.1,no
32,unemployed,single,university.degree,no,no,no,cellular,apr,wed,110,1,999,0,nonexistent,-1.8,93.075,-47.1,1.415,5099.1,yes
32,unemployed,single,university.degree,no,yes,no,cellular,apr,wed,187,1,999,0,nonexistent,-1.8,93.075,-47.1,1.415,5099.1,no
44,unemployed,divorced,basic.9y,no,no,no,cellular,apr,wed,114,1,999,0,nonexistent,-1.8,93.075,-47.1,1.415,5099.1,no
36,housemaid,married,basic.4y,no,yes,no,cellular,apr,wed,310,7,999,0,nonexistent,-1.8,93.075,-47.1,1.415,5099.1,no
42,blue-collar,married,basic.4y,no,no,no,cellular,apr,wed,1217,3,999,0,nonexistent,-1.8,93.075,-47.1,1.415,5099.1,yes
29,technician,single,university.degree,no,yes,no,cellular,apr,wed,389,2,999,0,nonexistent,-1.8,93.075,-47.1,1.415,5099.1,yes
58,retired,divorced,university.degree,no,yes,no,cellular,apr,wed,48,1,999,0,nonexistent,-1.8,93.075,-47.1,1.415,5099.1,no
26,admin.,single,high.school,no,no,no,cellular,apr,wed,171,1,999,0,nonexistent,-1.8,93.075,-47.1,1.415,5099.1,yes
66,retired,married,basic.4y,no,yes,no,cellular,apr,wed,512,11,999,0,nonexistent,-1.8,93.075,-47.1,1.415,5099.1,yes
32,unemployed,single,university.degree,no,yes,no,cellular,apr,wed,125,2,999,0,nonexistent,-1.8,93.075,-47.1,1.415,5099.1,no
44,technician,single,professional.course,no,yes,no,cellular,apr,wed,412,2,999,0,nonexistent,-1.8,93.075,-47.1,1.415,5099.1,no
32,admin.,single,high.school,no,yes,yes,cellular,apr,wed,120,1,999,0,nonexistent,-1.8,93.075,-47.1,1.415,5099.1,no
70,retired,married,basic.4y,no,no,no,cellular,apr,wed,86,1,999,0,nonexistent,-1.8,93.075,-47.1,1.415,5099.1,no
67,retired,married,professional.course,no,yes,no,cellular,apr,wed,140,1,999,0,nonexistent,-1.8,93.075,-47.1,1.415,5099.1,yes
27,technician,single,professional.course,no,no,no,cellular,apr,wed,72,1,999,0,nonexistent,-1.8,93.075,-47.1,1.415,5099.1,no
37,admin.,married,university.degree,no,yes,no,cellular,apr,wed,135,1,999,0,nonexistent,-1.8,93.075,-47.1,1.415,5099.1,yes
52,blue-collar,married,basic.4y,no,yes,no,cellular,apr,wed,437,1,999,1,failure,-1.8,93.075,-47.1,1.415,5099.1,no
33,admin.,married,university.degree,no,no,no,cellular,apr,wed,441,1,999,0,nonexistent,-1.8,93.075,-47.1,1.415,5099.1,yes
52,blue-collar,married,basic.4y,no,no,no,cellular,apr,wed,358,1,999,0,nonexistent,-1.8,93.075,-47.1,1.415,5099.1,no
33,admin.,married,university.degree,no,yes,no,cellular,apr,wed,355,1,999,0,nonexistent,-1.8,93.075,-47.1,1.415,5099.1,yes
26,admin.,single,high.school,no,yes,no,telephone,apr,wed,170,3,999,0,nonexistent,-1.8,93.075,-47.1,1.415,5099.1,yes
57,technician,married,high.school,no,no,no,cellular,apr,wed,469,1,999,0,nonexistent,-1.8,93.075,-47.1,1.415,5099.1,no
57,technician,married,high.school,no,yes,no,cellular,apr,wed,99,1,999,0,nonexistent,-1.8,93.075,-47.1,1.415,5099.1,no
58,retired,divorced,university.degree,no,yes,no,cellular,apr,wed,129,1,999,0,nonexistent,-1.8,93.075,-47.1,1.415,5099.1,yes
31,admin.,married,university.degree,no,no,no,telephone,apr,wed,118,3,999,0,nonexistent,-1.8,93.075,-47.1,1.415,5099.1,yes
43,management,married,basic.6y,no,no,no,cellular,apr,wed,121,1,999,1,failure,-1.8,93.075,-47.1,1.415,5099.1,no
25,student,single,high.school,no,no,no,telephone,apr,wed,405,1,999,0,nonexistent,-1.8,93.075,-47.1,1.415,5099.1,yes
25,student,single,high.school,no,no,no,cellular,apr,wed,442,1,999,0,nonexistent,-1.8,93.075,-47.1,1.415,5099.1,no
25,student,single,high.school,no,no,no,cellular,apr,wed,54,1,999,0,nonexistent,-1.8,93.075,-47.1,1.415,5099.1,no
30,admin.,married,university.degree,no,no,no,cellular,apr,wed,1038,2,999,0,nonexistent,-1.8,93.075,-47.1,1.415,5099.1,yes
31,admin.,single,university.degree,no,no,no,telephone,apr,wed,85,2,999,0,nonexistent,-1.8,93.075,-47.1,1.415,5099.1,no
55,blue-collar,single,basic.4y,no,yes,no,cellular,apr,wed,171,2,999,0,nonexistent,-1.8,93.075,-47.1,1.415,5099.1,no
33,blue-collar,married,basic.9y,no,no,no,cellular,apr,wed,397,2,999,1,failure,-1.8,93.075,-47.1,1.415,5099.1,no
51,management,married,unknown,no,yes,no,cellular,apr,wed,309,2,999,0,nonexistent,-1.8,93.075,-47.1,1.415,5099.1,no
37,admin.,married,university.degree,no,yes,no,cellular,apr,wed,142,5,999,0,nonexistent,-1.8,93.075,-47.1,1.415,5099.1,no
56,entrepreneur,married,basic.9y,no,yes,no,cellular,apr,wed,185,2,999,0,nonexistent,-1.8,93.075,-47.1,1.415,5099.1,no
30,admin.,married,university.degree,no,no,no,cellular,apr,wed,520,3,999,1,failure,-1.8,93.075,-47.1,1.415,5099.1,no
66,retired,married,basic.4y,no,no,yes,cellular,apr,wed,139,5,999,1,failure,-1.8,93.075,-47.1,1.415,5099.1,yes
45,management,married,university.degree,no,no,no,telephone,apr,wed,221,4,999,0,nonexistent,-1.8,93.075,-47.1,1.415,5099.1,no
54,blue-collar,married,basic.4y,no,no,no,cellular,apr,wed,266,2,999,0,nonexistent,-1.8,93.075,-47.1,1.415,5099.1,no
43,blue-collar,married,basic.6y,no,no,no,cellular,apr,wed,623,2,999,2,failure,-1.8,93.075,-47.1,1.415,5099.1,no
71,retired,married,high.school,no,yes,no,cellular,apr,wed,162,2,999,0,nonexistent,-1.8,93.075,-47.1,1.415,5099.1,no
39,technician,single,professional.course,no,yes,no,cellular,apr,wed,80,3,999,0,nonexistent,-1.8,93.075,-47.1,1.415,5099.1,no
40,blue-collar,single,basic.4y,unknown,no,no,cellular,apr,wed,158,2,999,1,failure,-1.8,93.075,-47.1,1.415,5099.1,no
55,admin.,married,high.school,no,yes,no,cellular,apr,wed,140,3,999,1,failure,-1.8,93.075,-47.1,1.415,5099.1,no
41,services,single,high.school,no,yes,yes,cellular,apr,wed,264,2,999,0,nonexistent,-1.8,93.075,-47.1,1.415,5099.1,yes
36,management,married,university.degree,no,no,no,cellular,apr,wed,353,2,999,0,nonexistent,-1.8,93.075,-47.1,1.415,5099.1,yes
51,entrepreneur,married,illiterate,no,no,no,cellular,apr,thu,87,2,999,0,nonexistent,-1.8,93.075,-47.1,1.41,5099.1,no
51,entrepreneur,married,illiterate,no,yes,no,cellular,apr,thu,838,3,999,0,nonexistent,-1.8,93.075,-47.1,1.41,5099.1,yes
63,retired,married,unknown,no,yes,no,cellular,apr,thu,144,4,999,0,nonexistent,-1.8,93.075,-47.1,1.41,5099.1,yes
26,blue-collar,married,basic.9y,no,no,no,cellular,apr,thu,78,2,999,0,nonexistent,-1.8,93.075,-47.1,1.41,5099.1,yes
42,blue-collar,married,basic.9y,no,no,no,cellular,apr,thu,55,4,999,0,nonexistent,-1.8,93.075,-47.1,1.41,5099.1,no
30,admin.,married,high.school,unknown,yes,no,cellular,apr,thu,648,1,999,0,nonexistent,-1.8,93.075,-47.1,1.41,5099.1,yes
26,blue-collar,married,basic.9y,no,yes,yes,cellular,apr,thu,251,2,999,0,nonexistent,-1.8,93.075,-47.1,1.41,5099.1,yes
26,blue-collar,married,basic.9y,no,no,no,cellular,apr,thu,334,2,999,0,nonexistent,-1.8,93.075,-47.1,1.41,5099.1,yes
29,admin.,married,university.degree,no,yes,yes,telephone,apr,thu,122,3,999,0,nonexistent,-1.8,93.075,-47.1,1.41,5099.1,no
39,management,single,university.degree,unknown,yes,no,telephone,apr,thu,75,2,999,0,nonexistent,-1.8,93.075,-47.1,1.41,5099.1,no
57,technician,married,university.degree,no,yes,no,cellular,apr,thu,836,1,999,0,nonexistent,-1.8,93.075,-47.1,1.41,5099.1,yes
33,blue-collar,married,basic.9y,no,yes,no,cellular,apr,thu,827,1,999,1,failure,-1.8,93.075,-47.1,1.41,5099.1,no
38,blue-collar,married,basic.4y,unknown,yes,no,cellular,apr,thu,258,1,999,1,failure,-1.8,93.075,-47.1,1.41,5099.1,no
64,retired,married,basic.6y,no,yes,no,cellular,apr,thu,67,4,999,0,nonexistent,-1.8,93.075,-47.1,1.41,5099.1,no
29,admin.,single,university.degree,no,no,no,cellular,apr,thu,71,2,999,0,nonexistent,-1.8,93.075,-47.1,1.41,5099.1,no
48,blue-collar,married,basic.4y,no,no,yes,cellular,apr,thu,220,1,999,0,nonexistent,-1.8,93.075,-47.1,1.41,5099.1,no
33,admin.,married,university.degree,no,yes,no,cellular,apr,thu,124,1,999,0,nonexistent,-1.8,93.075,-47.1,1.41,5099.1,no
42,services,married,high.school,unknown,yes,yes,cellular,apr,thu,243,1,999,1,failure,-1.8,93.075,-47.1,1.41,5099.1,no
52,services,divorced,high.school,no,no,no,cellular,apr,thu,198,2,999,0,nonexistent,-1.8,93.075,-47.1,1.41,5099.1,no
54,entrepreneur,divorced,unknown,no,no,yes,cellular,apr,thu,461,2,999,1,failure,-1.8,93.075,-47.1,1.41,5099.1,no
45,entrepreneur,married,university.degree,no,no,no,cellular,apr,thu,82,1,999,0,nonexistent,-1.8,93.075,-47.1,1.41,5099.1,no
37,entrepreneur,married,professional.course,no,no,no,cellular,apr,thu,284,1,999,1,failure,-1.8,93.075,-47.1,1.41,5099.1,no
52,retired,married,basic.4y,unknown,no,no,cellular,apr,thu,204,1,999,1,failure,-1.8,93.075,-47.1,1.41,5099.1,no
31,technician,married,university.degree,no,yes,no,cellular,apr,thu,35,1,999,0,nonexistent,-1.8,93.075,-47.1,1.41,5099.1,no
52,blue-collar,divorced,basic.4y,no,yes,no,cellular,apr,thu,291,1,999,1,failure,-1.8,93.075,-47.1,1.41,5099.1,no
27,services,single,university.degree,no,yes,no,cellular,apr,thu,201,1,999,0,nonexistent,-1.8,93.075,-47.1,1.41,5099.1,no
27,services,single,university.degree,no,yes,no,cellular,apr,thu,297,1,999,0,nonexistent,-1.8,93.075,-47.1,1.41,5099.1,no
27,services,single,university.degree,no,yes,no,cellular,apr,thu,384,1,999,0,nonexistent,-1.8,93.075,-47.1,1.41,5099.1,no
35,admin.,married,university.degree,no,no,no,cellular,apr,thu,250,1,999,0,nonexistent,-1.8,93.075,-47.1,1.41,5099.1,no
45,blue-collar,married,basic.4y,unknown,yes,no,cellular,apr,thu,479,1,999,1,failure,-1.8,93.075,-47.1,1.41,5099.1,no
40,blue-collar,married,basic.9y,unknown,yes,no,cellular,apr,thu,324,1,999,1,failure,-1.8,93.075,-47.1,1.41,5099.1,no
27,blue-collar,single,basic.4y,no,yes,no,cellular,apr,thu,156,1,999,0,nonexistent,-1.8,93.075,-47.1,1.41,5099.1,no
27,blue-collar,single,basic.4y,no,yes,no,cellular,apr,thu,240,1,999,0,nonexistent,-1.8,93.075,-47.1,1.41,5099.1,no
36,blue-collar,married,basic.4y,unknown,yes,no,cellular,apr,thu,403,1,999,0,nonexistent,-1.8,93.075,-47.1,1.41,5099.1,no
32,blue-collar,married,basic.9y,no,yes,no,cellular,apr,thu,114,1,999,1,failure,-1.8,93.075,-47.1,1.41,5099.1,no
42,blue-collar,married,basic.4y,no,yes,yes,cellular,apr,thu,35,1,999,0,nonexistent,-1.8,93.075,-47.1,1.41,5099.1,no
32,blue-collar,married,basic.9y,no,yes,no,cellular,apr,thu,188,1,999,1,failure,-1.8,93.075,-47.1,1.41,5099.1,no
45,entrepreneur,married,basic.4y,unknown,yes,no,cellular,apr,thu,618,1,999,0,nonexistent,-1.8,93.075,-47.1,1.41,5099.1,no
27,blue-collar,single,basic.4y,no,no,no,cellular,apr,thu,622,1,999,0,nonexistent,-1.8,93.075,-47.1,1.41,5099.1,no
32,blue-collar,married,basic.9y,no,no,no,cellular,apr,thu,583,1,5,1,success,-1.8,93.075,-47.1,1.41,5099.1,yes
44,technician,divorced,professional.course,unknown,yes,no,cellular,apr,thu,18,3,999,1,failure,-1.8,93.075,-47.1,1.41,5099.1,no
40,blue-collar,married,basic.9y,unknown,yes,no,cellular,apr,thu,283,1,999,0,nonexistent,-1.8,93.075,-47.1,1.41,5099.1,no
31,blue-collar,married,basic.4y,no,yes,no,cellular,apr,thu,39,1,999,1,failure,-1.8,93.075,-47.1,1.41,5099.1,no
52,blue-collar,divorced,basic.4y,no,no,no,cellular,apr,thu,474,2,999,0,nonexistent,-1.8,93.075,-47.1,1.41,5099.1,no
29,admin.,single,high.school,no,yes,no,cellular,apr,thu,275,1,999,0,nonexistent,-1.8,93.075,-47.1,1.41,5099.1,no
32,admin.,married,university.degree,no,yes,no,cellular,apr,thu,361,1,999,1,failure,-1.8,93.075,-47.1,1.41,5099.1,no
24,management,single,university.degree,no,yes,no,cellular,apr,thu,124,1,999,0,nonexistent,-1.8,93.075,-47.1,1.41,5099.1,no
44,blue-collar,married,high.school,unknown,yes,no,cellular,apr,thu,253,1,999,1,failure,-1.8,93.075,-47.1,1.41,5099.1,no
29,blue-collar,single,basic.9y,no,unknown,unknown,cellular,apr,thu,350,1,999,1,failure,-1.8,93.075,-47.1,1.41,5099.1,no
46,technician,married,professional.course,no,yes,no,cellular,apr,thu,309,1,999,1,failure,-1.8,93.075,-47.1,1.41,5099.1,no
54,management,married,university.degree,no,no,no,cellular,apr,thu,339,1,999,0,nonexistent,-1.8,93.075,-47.1,1.41,5099.1,no
26,blue-collar,married,basic.9y,no,yes,no,cellular,apr,thu,77,3,999,0,nonexistent,-1.8,93.075,-47.1,1.41,5099.1,no
37,admin.,married,university.degree,no,no,no,cellular,apr,thu,58,3,999,0,nonexistent,-1.8,93.075,-47.1,1.41,5099.1,no
40,entrepreneur,married,basic.9y,no,yes,no,cellular,apr,thu,125,2,999,0,nonexistent,-1.8,93.075,-47.1,1.41,5099.1,no
35,admin.,married,professional.course,no,no,yes,cellular,apr,thu,34,1,999,0,nonexistent,-1.8,93.075,-47.1,1.41,5099.1,no
27,blue-collar,single,basic.4y,no,yes,no,cellular,apr,thu,191,2,999,1,failure,-1.8,93.075,-47.1,1.41,5099.1,no
45,services,divorced,basic.4y,no,no,yes,cellular,apr,thu,1579,1,999,1,failure,-1.8,93.075,-47.1,1.41,5099.1,yes
40,services,married,high.school,no,yes,no,cellular,apr,thu,228,2,999,0,nonexistent,-1.8,93.075,-47.1,1.41,5099.1,no
41,blue-collar,married,basic.4y,no,no,no,cellular,apr,thu,316,1,999,1,failure,-1.8,93.075,-47.1,1.41,5099.1,no
43,management,married,unknown,unknown,no,no,cellular,apr,thu,177,1,999,0,nonexistent,-1.8,93.075,-47.1,1.41,5099.1,no
43,management,married,unknown,unknown,no,yes,cellular,apr,thu,35,1,999,0,nonexistent,-1.8,93.075,-47.1,1.41,5099.1,no
32,admin.,single,university.degree,no,yes,no,cellular,apr,thu,495,1,999,0,nonexistent,-1.8,93.075,-47.1,1.41,5099.1,yes
51,blue-collar,married,basic.6y,no,yes,no,cellular,apr,thu,150,1,999,0,nonexistent,-1.8,93.075,-47.1,1.41,5099.1,no
37,admin.,single,high.school,no,no,no,cellular,apr,thu,617,1,999,1,failure,-1.8,93.075,-47.1,1.41,5099.1,no
35,admin.,single,high.school,no,yes,no,cellular,apr,thu,352,1,999,0,nonexistent,-1.8,93.075,-47.1,1.41,5099.1,no
37,technician,divorced,professional.course,no,yes,no,cellular,apr,thu,211,1,999,0,nonexistent,-1.8,93.075,-47.1,1.41,5099.1,no
50,blue-collar,married,basic.9y,unknown,yes,no,cellular,apr,thu,99,1,999,1,failure,-1.8,93.075,-47.1,1.41,5099.1,no
38,entrepreneur,married,university.degree,unknown,yes,no,cellular,apr,thu,137,1,999,0,nonexistent,-1.8,93.075,-47.1,1.41,5099.1,no
39,blue-collar,married,unknown,unknown,no,no,cellular,apr,thu,156,1,9,1,success,-1.8,93.075,-47.1,1.41,5099.1,no
31,technician,single,professional.course,no,yes,no,cellular,apr,thu,270,1,999,1,failure,-1.8,93.075,-47.1,1.41,5099.1,no
56,admin.,married,basic.9y,no,no,no,cellular,apr,thu,94,1,999,0,nonexistent,-1.8,93.075,-47.1,1.41,5099.1,no
38,technician,married,professional.course,no,yes,no,cellular,apr,thu,54,1,999,0,nonexistent,-1.8,93.075,-47.1,1.41,5099.1,no
32,admin.,single,university.degree,no,no,no,cellular,apr,thu,670,1,999,0,nonexistent,-1.8,93.075,-47.1,1.41,5099.1,no
47,admin.,single,high.school,no,no,no,cellular,apr,thu,1025,1,999,0,nonexistent,-1.8,93.075,-47.1,1.41,5099.1,yes
46,self-employed,divorced,basic.9y,no,yes,yes,cellular,apr,thu,168,1,999,0,nonexistent,-1.8,93.075,-47.1,1.41,5099.1,no
43,management,married,unknown,unknown,no,no,cellular,apr,thu,75,2,999,0,nonexistent,-1.8,93.075,-47.1,1.41,5099.1,no
26,admin.,single,university.degree,no,unknown,unknown,cellular,apr,thu,176,1,999,0,nonexistent,-1.8,93.075,-47.1,1.41,5099.1,no
31,blue-collar,married,basic.9y,no,yes,no,cellular,apr,thu,172,1,999,0,nonexistent,-1.8,93.075,-47.1,1.41,5099.1,no
41,self-employed,married,university.degree,no,yes,no,cellular,apr,thu,884,1,999,1,failure,-1.8,93.075,-47.1,1.41,5099.1,no
29,admin.,single,university.degree,no,no,no,cellular,apr,thu,298,4,999,0,nonexistent,-1.8,93.075,-47.1,1.41,5099.1,yes
69,retired,married,unknown,no,no,no,cellular,apr,thu,117,1,999,0,nonexistent,-1.8,93.075,-47.1,1.41,5099.1,no
36,blue-collar,married,unknown,no,no,no,cellular,apr,thu,1174,1,999,0,nonexistent,-1.8,93.075,-47.1,1.41,5099.1,yes
44,blue-collar,married,basic.6y,no,yes,no,telephone,apr,thu,272,2,999,1,failure,-1.8,93.075,-47.1,1.41,5099.1,no
19,student,single,basic.9y,no,no,no,cellular,apr,thu,165,3,999,0,nonexistent,-1.8,93.075,-47.1,1.41,5099.1,no
45,blue-collar,married,basic.9y,unknown,yes,no,cellular,apr,thu,244,1,999,0,nonexistent,-1.8,93.075,-47.1,1.41,5099.1,no
70,retired,married,unknown,no,yes,no,cellular,apr,thu,346,2,999,0,nonexistent,-1.8,93.075,-47.1,1.41,5099.1,yes
31,blue-collar,married,basic.9y,no,yes,yes,cellular,apr,thu,126,2,999,2,failure,-1.8,93.075,-47.1,1.41,5099.1,no
47,blue-collar,married,basic.9y,no,yes,no,cellular,apr,thu,693,2,999,0,nonexistent,-1.8,93.075,-47.1,1.41,5099.1,no
33,blue-collar,divorced,basic.9y,unknown,no,no,cellular,apr,thu,129,1,999,0,nonexistent,-1.8,93.075,-47.1,1.41,5099.1,no
32,admin.,single,university.degree,no,yes,no,cellular,apr,thu,83,1,999,0,nonexistent,-1.8,93.075,-47.1,1.41,5099.1,no
38,services,married,high.school,no,yes,no,cellular,apr,thu,144,1,999,0,nonexistent,-1.8,93.075,-47.1,1.41,5099.1,no
31,blue-collar,married,basic.9y,no,yes,no,cellular,apr,thu,257,2,999,1,failure,-1.8,93.075,-47.1,1.41,5099.1,no
50,self-employed,married,university.degree,no,yes,no,cellular,apr,thu,1463,2,999,0,nonexistent,-1.8,93.075,-47.1,1.41,5099.1,yes
42,entrepreneur,married,basic.9y,no,yes,no,cellular,apr,thu,76,3,999,0,nonexistent,-1.8,93.075,-47.1,1.41,5099.1,no
37,blue-collar,married,basic.9y,no,yes,no,cellular,apr,thu,218,1,999,1,failure,-1.8,93.075,-47.1,1.41,5099.1,no
34,blue-collar,married,basic.4y,unknown,yes,no,cellular,apr,thu,570,2,999,0,nonexistent,-1.8,93.075,-47.1,1.41,5099.1,no
42,blue-collar,married,basic.4y,no,yes,no,cellular,apr,thu,174,2,999,2,failure,-1.8,93.075,-47.1,1.41,5099.1,no
29,blue-collar,single,basic.9y,no,unknown,unknown,cellular,apr,thu,462,1,999,0,nonexistent,-1.8,93.075,-47.1,1.41,5099.1,no
26,student,single,university.degree,no,yes,no,cellular,apr,thu,76,4,999,0,nonexistent,-1.8,93.075,-47.1,1.41,5099.1,no
45,entrepreneur,married,basic.4y,unknown,no,no,cellular,apr,thu,281,1,999,0,nonexistent,-1.8,93.075,-47.1,1.41,5099.1,no
37,admin.,married,professional.course,no,yes,no,cellular,apr,thu,1087,2,999,1,failure,-1.8,93.075,-47.1,1.41,5099.1,no
44,blue-collar,married,basic.4y,no,yes,no,cellular,apr,thu,178,1,999,0,nonexistent,-1.8,93.075,-47.1,1.41,5099.1,no
33,technician,married,professional.course,no,no,yes,cellular,apr,thu,667,1,999,0,nonexistent,-1.8,93.075,-47.1,1.41,5099.1,yes
29,admin.,divorced,basic.9y,no,yes,no,cellular,apr,thu,114,4,999,0,nonexistent,-1.8,93.075,-47.1,1.41,5099.1,no
35,unemployed,married,professional.course,no,yes,no,cellular,apr,thu,79,1,999,0,nonexistent,-1.8,93.075,-47.1,1.41,5099.1,no
53,services,divorced,high.school,unknown,yes,no,cellular,apr,thu,198,1,999,0,nonexistent,-1.8,93.075,-47.1,1.41,5099.1,no
38,admin.,married,high.school,no,yes,no,cellular,apr,thu,118,2,999,1,failure,-1.8,93.075,-47.1,1.41,5099.1,no
28,blue-collar,single,basic.9y,unknown,yes,no,cellular,apr,thu,241,1,999,0,nonexistent,-1.8,93.075,-47.1,1.41,5099.1,no
53,services,divorced,high.school,unknown,no,yes,cellular,apr,thu,653,1,999,0,nonexistent,-1.8,93.075,-47.1,1.41,5099.1,no
59,blue-collar,married,basic.9y,no,yes,no,cellular,apr,thu,66,1,999,1,failure,-1.8,93.075,-47.1,1.41,5099.1,no
40,management,married,basic.6y,no,yes,no,cellular,apr,thu,77,1,999,1,failure,-1.8,93.075,-47.1,1.41,5099.1,no
24,blue-collar,married,basic.9y,no,no,no,cellular,apr,thu,178,1,999,0,nonexistent,-1.8,93.075,-47.1,1.41,5099.1,no
24,admin.,single,university.degree,no,yes,no,cellular,apr,thu,127,1,999,0,nonexistent,-1.8,93.075,-47.1,1.41,5099.1,yes
33,admin.,single,university.degree,no,yes,no,cellular,apr,thu,308,1,999,0,nonexistent,-1.8,93.075,-47.1,1.41,5099.1,no
49,management,married,university.degree,no,no,no,cellular,apr,thu,289,1,999,1,failure,-1.8,93.075,-47.1,1.41,5099.1,no
49,management,married,university.degree,no,yes,no,cellular,apr,thu,44,1,999,0,nonexistent,-1.8,93.075,-47.1,1.41,5099.1,no
32,technician,married,university.degree,no,no,no,telephone,apr,thu,130,1,999,0,nonexistent,-1.8,93.075,-47.1,1.41,5099.1,no
70,retired,married,unknown,no,yes,yes,cellular,apr,thu,96,1,999,0,nonexistent,-1.8,93.075,-47.1,1.41,5099.1,no
34,blue-collar,married,basic.4y,unknown,yes,no,cellular,apr,thu,249,2,999,0,nonexistent,-1.8,93.075,-47.1,1.41,5099.1,no
24,admin.,single,university.degree,no,yes,no,telephone,apr,thu,100,1,999,0,nonexistent,-1.8,93.075,-47.1,1.41,5099.1,no
29,services,single,basic.9y,unknown,yes,no,cellular,apr,thu,105,2,999,0,nonexistent,-1.8,93.075,-47.1,1.41,5099.1,no
30,admin.,single,high.school,no,no,no,cellular,apr,thu,75,1,999,0,nonexistent,-1.8,93.075,-47.1,1.41,5099.1,no
56,services,divorced,high.school,unknown,yes,no,cellular,apr,thu,144,2,999,0,nonexistent,-1.8,93.075,-47.1,1.41,5099.1,no
46,blue-collar,married,basic.4y,no,no,no,cellular,apr,thu,357,2,999,0,nonexistent,-1.8,93.075,-47.1,1.41,5099.1,no
46,entrepreneur,married,university.degree,no,yes,yes,cellular,apr,thu,285,5,999,0,nonexistent,-1.8,93.075,-47.1,1.41,5099.1,no
37,admin.,married,professional.course,no,yes,yes,cellular,apr,thu,700,5,999,0,nonexistent,-1.8,93.075,-47.1,1.41,5099.1,yes
45,blue-collar,married,basic.4y,no,no,no,cellular,apr,thu,257,2,999,1,failure,-1.8,93.075,-47.1,1.41,5099.1,no
39,admin.,married,high.school,no,yes,no,cellular,apr,thu,487,3,999,0,nonexistent,-1.8,93.075,-47.1,1.41,5099.1,no
48,services,divorced,high.school,unknown,no,no,cellular,apr,thu,235,2,999,1,failure,-1.8,93.075,-47.1,1.41,5099.1,no
41,services,single,university.degree,no,no,no,cellular,apr,thu,290,2,999,0,nonexistent,-1.8,93.075,-47.1,1.41,5099.1,no
55,blue-collar,married,basic.4y,no,yes,yes,cellular,apr,thu,772,4,999,0,nonexistent,-1.8,93.075,-47.1,1.41,5099.1,no
32,blue-collar,divorced,basic.4y,no,no,no,cellular,apr,thu,657,4,999,0,nonexistent,-1.8,93.075,-47.1,1.41,5099.1,no
29,admin.,single,high.school,no,yes,yes,cellular,apr,thu,123,3,9,1,success,-1.8,93.075,-47.1,1.41,5099.1,no
37,entrepreneur,married,professional.course,no,no,no,cellular,apr,thu,255,2,999,0,nonexistent,-1.8,93.075,-47.1,1.41,5099.1,no
46,technician,married,university.degree,no,yes,no,cellular,apr,thu,375,2,999,0,nonexistent,-1.8,93.075,-47.1,1.41,5099.1,no
32,admin.,single,university.degree,no,yes,no,cellular,apr,thu,386,2,999,0,nonexistent,-1.8,93.075,-47.1,1.41,5099.1,no
53,management,married,high.school,no,yes,no,cellular,apr,thu,280,2,999,1,failure,-1.8,93.075,-47.1,1.41,5099.1,no
32,blue-collar,married,basic.4y,no,no,no,cellular,apr,thu,772,2,999,1,failure,-1.8,93.075,-47.1,1.41,5099.1,no
42,admin.,divorced,high.school,no,no,no,cellular,apr,thu,380,3,999,0,nonexistent,-1.8,93.075,-47.1,1.41,5099.1,no
38,admin.,married,high.school,no,yes,no,cellular,apr,thu,302,2,999,1,failure,-1.8,93.075,-47.1,1.41,5099.1,no
47,admin.,married,basic.6y,unknown,yes,no,cellular,apr,thu,399,2,999,1,failure,-1.8,93.075,-47.1,1.41,5099.1,no
46,self-employed,divorced,basic.9y,no,yes,no,cellular,apr,thu,453,2,999,0,nonexistent,-1.8,93.075,-47.1,1.41,5099.1,no
40,services,single,high.school,no,yes,no,cellular,apr,thu,91,2,999,1,failure,-1.8,93.075,-47.1,1.41,5099.1,no
37,technician,single,high.school,no,yes,no,cellular,apr,thu,44,2,999,0,nonexistent,-1.8,93.075,-47.1,1.41,5099.1,no
38,services,married,basic.9y,no,yes,no,cellular,apr,thu,417,2,999,0,nonexistent,-1.8,93.075,-47.1,1.41,5099.1,no
50,blue-collar,married,basic.9y,no,yes,no,cellular,apr,thu,1365,2,999,1,failure,-1.8,93.075,-47.1,1.41,5099.1,yes
40,admin.,divorced,university.degree,no,yes,no,cellular,apr,thu,194,2,999,0,nonexistent,-1.8,93.075,-47.1,1.41,5099.1,no
31,blue-collar,married,basic.9y,unknown,yes,no,cellular,apr,thu,176,3,999,0,nonexistent,-1.8,93.075,-47.1,1.41,5099.1,no
37,technician,single,high.school,no,yes,no,telephone,apr,thu,63,2,999,2,failure,-1.8,93.075,-47.1,1.41,5099.1,no
39,admin.,divorced,high.school,no,yes,yes,cellular,apr,thu,433,2,999,0,nonexistent,-1.8,93.075,-47.1,1.41,5099.1,no
42,entrepreneur,married,basic.9y,no,no,yes,cellular,apr,thu,127,2,999,0,nonexistent,-1.8,93.075,-47.1,1.41,5099.1,no
32,services,single,high.school,no,no,no,cellular,apr,thu,472,2,999,0,nonexistent,-1.8,93.075,-47.1,1.41,5099.1,no
33,technician,married,professional.course,no,no,yes,cellular,apr,thu,383,3,999,1,failure,-1.8,93.075,-47.1,1.41,5099.1,no
41,blue-collar,divorced,basic.4y,no,yes,no,cellular,apr,thu,256,3,999,1,failure,-1.8,93.075,-47.1,1.41,5099.1,no
36,blue-collar,single,high.school,no,yes,no,telephone,apr,thu,668,3,999,1,failure,-1.8,93.075,-47.1,1.41,5099.1,no
36,entrepreneur,married,university.degree,no,no,no,cellular,apr,thu,211,2,999,0,nonexistent,-1.8,93.075,-47.1,1.41,5099.1,no
24,blue-collar,married,professional.course,unknown,no,no,cellular,apr,thu,348,2,999,0,nonexistent,-1.8,93.075,-47.1,1.41,5099.1,no
44,admin.,married,high.school,no,no,no,cellular,apr,thu,792,2,999,0,nonexistent,-1.8,93.075,-47.1,1.41,5099.1,no
41,blue-collar,married,high.school,no,no,yes,telephone,apr,thu,55,2,999,0,nonexistent,-1.8,93.075,-47.1,1.41,5099.1,no
47,entrepreneur,married,university.degree,no,yes,no,cellular,apr,thu,282,2,999,0,nonexistent,-1.8,93.075,-47.1,1.41,5099.1,no
27,admin.,single,high.school,no,no,no,telephone,apr,thu,198,3,999,0,nonexistent,-1.8,93.075,-47.1,1.41,5099.1,no
50,blue-collar,married,basic.9y,unknown,yes,no,cellular,apr,thu,1285,2,999,1,failure,-1.8,93.075,-47.1,1.41,5099.1,no
28,technician,single,high.school,no,yes,yes,cellular,apr,thu,48,4,999,1,failure,-1.8,93.075,-47.1,1.41,5099.1,no
38,technician,divorced,high.school,no,yes,yes,cellular,apr,thu,279,3,999,1,failure,-1.8,93.075,-47.1,1.41,5099.1,no
56,admin.,married,basic.9y,no,yes,no,cellular,apr,thu,299,2,999,0,nonexistent,-1.8,93.075,-47.1,1.41,5099.1,yes
47,blue-collar,married,basic.9y,no,yes,no,telephone,apr,thu,193,1,999,0,nonexistent,-1.8,93.075,-47.1,1.41,5099.1,no
44,admin.,single,high.school,no,yes,no,cellular,apr,thu,804,2,999,1,failure,-1.8,93.075,-47.1,1.41,5099.1,no
55,admin.,married,university.degree,no,yes,no,cellular,apr,thu,211,3,999,0,nonexistent,-1.8,93.075,-47.1,1.41,5099.1,no
36,admin.,single,university.degree,no,yes,no,cellular,apr,thu,274,2,999,0,nonexistent,-1.8,93.075,-47.1,1.41,5099.1,no
28,self-employed,married,university.degree,no,yes,no,cellular,apr,thu,344,1,999,0,nonexistent,-1.8,93.075,-47.1,1.41,5099.1,no
30,blue-collar,married,basic.9y,no,yes,no,telephone,apr,thu,426,3,999,0,nonexistent,-1.8,93.075,-47.1,1.41,5099.1,yes
25,student,single,university.degree,no,no,no,cellular,apr,thu,539,1,999,0,nonexistent,-1.8,93.075,-47.1,1.41,5099.1,no
40,services,married,high.school,no,no,no,cellular,apr,thu,161,1,999,0,nonexistent,-1.8,93.075,-47.1,1.41,5099.1,yes
44,management,married,university.degree,no,yes,no,cellular,apr,thu,137,2,999,0,nonexistent,-1.8,93.075,-47.1,1.41,5099.1,no
45,services,divorced,basic.4y,no,no,no,cellular,apr,thu,296,1,999,0,nonexistent,-1.8,93.075,-47.1,1.41,5099.1,no
40,management,married,basic.6y,no,yes,no,cellular,apr,thu,179,1,999,0,nonexistent,-1.8,93.075,-47.1,1.41,5099.1,no
50,services,single,basic.6y,unknown,yes,no,cellular,apr,thu,429,1,999,0,nonexistent,-1.8,93.075,-47.1,1.41,5099.1,no
28,technician,married,basic.9y,no,yes,no,cellular,apr,thu,137,1,999,0,nonexistent,-1.8,93.075,-47.1,1.41,5099.1,no
36,blue-collar,married,unknown,no,yes,no,cellular,apr,thu,466,4,999,0,nonexistent,-1.8,93.075,-47.1,1.41,5099.1,no
23,blue-collar,single,basic.4y,no,yes,no,telephone,apr,thu,287,1,999,0,nonexistent,-1.8,93.075,-47.1,1.41,5099.1,no
43,management,married,university.degree,unknown,no,no,cellular,apr,thu,176,1,999,0,nonexistent,-1.8,93.075,-47.1,1.41,5099.1,no
28,technician,married,basic.9y,no,no,no,cellular,apr,thu,442,1,999,0,nonexistent,-1.8,93.075,-47.1,1.41,5099.1,no
44,blue-collar,married,basic.6y,no,yes,no,cellular,apr,thu,304,1,999,0,nonexistent,-1.8,93.075,-47.1,1.41,5099.1,no
28,technician,married,basic.9y,no,yes,no,cellular,apr,thu,772,1,999,0,nonexistent,-1.8,93.075,-47.1,1.41,5099.1,no
30,services,married,high.school,no,no,no,cellular,apr,thu,647,2,999,1,failure,-1.8,93.075,-47.1,1.41,5099.1,no
45,blue-collar,married,unknown,no,yes,no,cellular,apr,thu,263,1,999,0,nonexistent,-1.8,93.075,-47.1,1.41,5099.1,no
25,student,married,university.degree,no,yes,yes,telephone,apr,thu,127,7,999,0,nonexistent,-1.8,93.075,-47.1,1.41,5099.1,no
47,entrepreneur,divorced,high.school,no,no,no,cellular,apr,thu,71,5,999,0,nonexistent,-1.8,93.075,-47.1,1.41,5099.1,no
45,blue-collar,married,unknown,no,yes,no,cellular,apr,thu,432,1,999,0,nonexistent,-1.8,93.075,-47.1,1.41,5099.1,no
59,blue-collar,married,basic.9y,no,no,no,cellular,apr,thu,332,2,999,1,failure,-1.8,93.075,-47.1,1.41,5099.1,no
45,blue-collar,married,unknown,no,yes,yes,cellular,apr,thu,614,1,999,1,failure,-1.8,93.075,-47.1,1.41,5099.1,no
45,blue-collar,married,unknown,no,yes,no,cellular,apr,thu,797,1,999,0,nonexistent,-1.8,93.075,-47.1,1.41,5099.1,no
29,blue-collar,single,basic.6y,no,yes,yes,cellular,apr,thu,1410,1,999,1,failure,-1.8,93.075,-47.1,1.41,5099.1,no
45,blue-collar,married,unknown,no,yes,no,cellular,apr,thu,944,1,999,1,failure,-1.8,93.075,-47.1,1.41,5099.1,yes
31,student,single,unknown,unknown,no,yes,cellular,apr,thu,246,1,999,1,failure,-1.8,93.075,-47.1,1.41,5099.1,no
34,blue-collar,married,basic.9y,no,no,no,cellular,apr,thu,234,1,999,1,failure,-1.8,93.075,-47.1,1.41,5099.1,no
26,student,single,university.degree,no,no,yes,cellular,apr,thu,551,2,999,0,nonexistent,-1.8,93.075,-47.1,1.41,5099.1,yes
31,student,single,unknown,unknown,yes,no,cellular,apr,thu,427,1,999,1,failure,-1.8,93.075,-47.1,1.41,5099.1,no
34,blue-collar,married,basic.9y,no,no,no,cellular,apr,thu,340,1,999,1,failure,-1.8,93.075,-47.1,1.41,5099.1,no
47,services,married,basic.9y,no,yes,no,cellular,apr,thu,561,3,999,0,nonexistent,-1.8,93.075,-47.1,1.41,5099.1,no
31,student,single,unknown,unknown,yes,no,cellular,apr,thu,1156,1,999,1,failure,-1.8,93.075,-47.1,1.41,5099.1,yes
39,blue-collar,married,unknown,unknown,yes,no,cellular,apr,thu,307,1,999,0,nonexistent,-1.8,93.075,-47.1,1.41,5099.1,no
43,admin.,single,high.school,no,yes,no,cellular,apr,fri,192,2,999,1,failure,-1.8,93.075,-47.1,1.405,5099.1,no
42,entrepreneur,married,university.degree,unknown,no,no,cellular,apr,fri,46,4,999,0,nonexistent,-1.8,93.075,-47.1,1.405,5099.1,no
33,management,married,basic.9y,no,no,yes,cellular,apr,fri,71,2,999,0,nonexistent,-1.8,93.075,-47.1,1.405,5099.1,no
35,blue-collar,single,basic.9y,unknown,yes,no,telephone,apr,fri,109,3,999,0,nonexistent,-1.8,93.075,-47.1,1.405,5099.1,no
51,blue-collar,married,basic.9y,unknown,yes,no,cellular,apr,fri,35,1,999,1,failure,-1.8,93.075,-47.1,1.405,5099.1,no
51,blue-collar,married,basic.9y,unknown,yes,no,cellular,apr,fri,81,1,999,1,failure,-1.8,93.075,-47.1,1.405,5099.1,no
29,admin.,married,university.degree,no,yes,no,cellular,apr,fri,430,1,999,0,nonexistent,-1.8,93.075,-47.1,1.405,5099.1,no
37,blue-collar,single,basic.9y,no,no,no,cellular,apr,fri,282,1,999,0,nonexistent,-1.8,93.075,-47.1,1.405,5099.1,no
47,technician,married,professional.course,unknown,yes,no,cellular,apr,fri,260,1,999,0,nonexistent,-1.8,93.075,-47.1,1.405,5099.1,no
47,admin.,married,university.degree,unknown,no,no,cellular,apr,fri,226,1,999,1,failure,-1.8,93.075,-47.1,1.405,5099.1,no
38,blue-collar,married,basic.9y,unknown,no,no,cellular,apr,fri,164,1,999,0,nonexistent,-1.8,93.075,-47.1,1.405,5099.1,no
37,blue-collar,married,basic.4y,no,no,yes,cellular,apr,fri,125,4,999,0,nonexistent,-1.8,93.075,-47.1,1.405,5099.1,no
41,admin.,divorced,high.school,no,no,no,cellular,apr,fri,620,1,999,0,nonexistent,-1.8,93.075,-47.1,1.405,5099.1,no
34,technician,married,professional.course,no,no,no,cellular,apr,fri,141,2,999,0,nonexistent,-1.8,93.075,-47.1,1.405,5099.1,no
42,blue-collar,married,basic.4y,unknown,no,no,cellular,apr,fri,557,1,999,0,nonexistent,-1.8,93.075,-47.1,1.405,5099.1,no
48,blue-collar,married,basic.9y,no,no,no,cellular,apr,fri,50,1,999,0,nonexistent,-1.8,93.075,-47.1,1.405,5099.1,no
39,admin.,married,high.school,unknown,yes,no,cellular,apr,fri,222,1,999,1,failure,-1.8,93.075,-47.1,1.405,5099.1,no
42,blue-collar,married,unknown,no,yes,no,cellular,apr,fri,434,1,999,0,nonexistent,-1.8,93.075,-47.1,1.405,5099.1,no
19,student,single,unknown,no,yes,no,cellular,apr,fri,156,1,999,0,nonexistent,-1.8,93.075,-47.1,1.405,5099.1,yes
45,management,married,university.degree,no,yes,no,cellular,apr,fri,345,1,999,0,nonexistent,-1.8,93.075,-47.1,1.405,5099.1,no
25,technician,single,university.degree,no,no,no,cellular,apr,fri,118,1,999,0,nonexistent,-1.8,93.075,-47.1,1.405,5099.1,no
48,admin.,divorced,unknown,no,no,no,cellular,apr,fri,85,1,999,0,nonexistent,-1.8,93.075,-47.1,1.405,5099.1,no
36,blue-collar,married,basic.6y,no,yes,no,cellular,apr,fri,233,2,999,0,nonexistent,-1.8,93.075,-47.1,1.405,5099.1,no
35,services,single,high.school,no,yes,no,cellular,apr,fri,179,1,999,0,nonexistent,-1.8,93.075,-47.1,1.405,5099.1,no
41,self-employed,married,basic.9y,no,no,no,cellular,apr,fri,112,1,999,1,failure,-1.8,93.075,-47.1,1.405,5099.1,no
42,admin.,single,high.school,no,yes,no,cellular,apr,fri,392,1,999,0,nonexistent,-1.8,93.075,-47.1,1.405,5099.1,no
54,blue-collar,married,unknown,unknown,yes,no,cellular,apr,fri,113,2,999,0,nonexistent,-1.8,93.075,-47.1,1.405,5099.1,no
35,blue-collar,married,basic.4y,no,yes,no,cellular,apr,fri,119,1,999,0,nonexistent,-1.8,93.075,-47.1,1.405,5099.1,no
28,student,married,university.degree,unknown,yes,no,telephone,apr,fri,98,1,999,0,nonexistent,-1.8,93.075,-47.1,1.405,5099.1,no
34,entrepreneur,married,university.degree,no,no,no,cellular,apr,fri,85,1,999,1,failure,-1.8,93.075,-47.1,1.405,5099.1,no
57,blue-collar,married,basic.9y,no,no,no,cellular,apr,fri,515,1,999,0,nonexistent,-1.8,93.075,-47.1,1.405,5099.1,no
54,services,married,high.school,unknown,no,no,cellular,apr,fri,402,1,999,1,failure,-1.8,93.075,-47.1,1.405,5099.1,no
34,technician,divorced,basic.9y,no,yes,no,cellular,apr,fri,76,1,999,0,nonexistent,-1.8,93.075,-47.1,1.405,5099.1,no
28,student,married,university.degree,unknown,no,no,cellular,apr,fri,224,1,999,1,failure,-1.8,93.075,-47.1,1.405,5099.1,no
36,services,married,high.school,unknown,yes,yes,cellular,apr,fri,294,1,999,1,failure,-1.8,93.075,-47.1,1.405,5099.1,no
54,retired,married,basic.4y,no,yes,no,cellular,apr,fri,420,1,999,0,nonexistent,-1.8,93.075,-47.1,1.405,5099.1,no
28,student,married,university.degree,unknown,yes,no,cellular,apr,fri,346,1,999,0,nonexistent,-1.8,93.075,-47.1,1.405,5099.1,no
55,admin.,married,basic.4y,no,no,no,cellular,apr,fri,198,1,999,0,nonexistent,-1.8,93.075,-47.1,1.405,5099.1,no
34,entrepreneur,married,university.degree,no,yes,yes,cellular,apr,fri,108,1,999,0,nonexistent,-1.8,93.075,-47.1,1.405,5099.1,no
31,admin.,married,high.school,no,no,no,cellular,apr,fri,238,1,999,1,failure,-1.8,93.075,-47.1,1.405,5099.1,no
55,admin.,married,basic.4y,no,yes,no,cellular,apr,fri,548,1,999,1,failure,-1.8,93.075,-47.1,1.405,5099.1,no
59,admin.,divorced,university.degree,no,yes,no,cellular,apr,fri,416,1,999,1,failure,-1.8,93.075,-47.1,1.405,5099.1,no
35,technician,married,professional.course,no,yes,no,cellular,apr,fri,86,1,999,0,nonexistent,-1.8,93.075,-47.1,1.405,5099.1,no
48,blue-collar,married,basic.6y,unknown,no,no,cellular,apr,fri,599,2,999,0,nonexistent,-1.8,93.075,-47.1,1.405,5099.1,no
34,blue-collar,married,basic.9y,no,yes,no,cellular,apr,fri,210,1,999,0,nonexistent,-1.8,93.075,-47.1,1.405,5099.1,no
39,blue-collar,divorced,basic.6y,no,yes,no,cellular,apr,fri,344,1,999,0,nonexistent,-1.8,93.075,-47.1,1.405,5099.1,no
34,self-employed,married,basic.4y,unknown,yes,no,cellular,apr,fri,236,3,999,0,nonexistent,-1.8,93.075,-47.1,1.405,5099.1,no
32,management,single,university.degree,no,no,no,cellular,apr,fri,82,1,999,1,failure,-1.8,93.075,-47.1,1.405,5099.1,no
34,management,married,university.degree,no,yes,no,cellular,apr,fri,416,1,999,0,nonexistent,-1.8,93.075,-47.1,1.405,5099.1,no
38,blue-collar,married,basic.9y,no,yes,no,cellular,apr,fri,612,1,999,1,failure,-1.8,93.075,-47.1,1.405,5099.1,no
29,admin.,single,university.degree,no,no,no,cellular,apr,fri,678,1,999,0,nonexistent,-1.8,93.075,-47.1,1.405,5099.1,yes
43,blue-collar,married,basic.6y,no,no,yes,cellular,apr,fri,150,1,999,0,nonexistent,-1.8,93.075,-47.1,1.405,5099.1,no
35,blue-collar,married,basic.4y,no,yes,no,cellular,apr,fri,199,2,999,1,failure,-1.8,93.075,-47.1,1.405,5099.1,no
47,blue-collar,married,basic.9y,no,no,no,cellular,apr,fri,112,1,999,0,nonexistent,-1.8,93.075,-47.1,1.405,5099.1,no
50,management,married,basic.6y,no,yes,no,cellular,apr,fri,704,2,999,0,nonexistent,-1.8,93.075,-47.1,1.405,5099.1,no
43,blue-collar,married,basic.6y,no,yes,no,cellular,apr,fri,372,1,999,1,failure,-1.8,93.075,-47.1,1.405,5099.1,no
32,management,single,university.degree,no,yes,no,cellular,apr,fri,709,1,999,0,nonexistent,-1.8,93.075,-47.1,1.405,5099.1,yes
50,unemployed,married,basic.4y,unknown,yes,no,cellular,apr,fri,71,1,999,0,nonexistent,-1.8,93.075,-47.1,1.405,5099.1,no
32,blue-collar,married,basic.9y,no,no,no,cellular,apr,fri,462,1,999,0,nonexistent,-1.8,93.075,-47.1,1.405,5099.1,no
37,admin.,divorced,high.school,no,no,no,cellular,apr,fri,156,1,999,1,failure,-1.8,93.075,-47.1,1.405,5099.1,no
35,admin.,married,university.degree,no,no,no,cellular,apr,fri,203,1,999,0,nonexistent,-1.8,93.075,-47.1,1.405,5099.1,no
35,blue-collar,married,basic.6y,no,no,no,cellular,apr,fri,77,3,999,1,failure,-1.8,93.075,-47.1,1.405,5099.1,no
33,technician,single,high.school,no,no,no,cellular,apr,fri,1017,1,999,0,nonexistent,-1.8,93.075,-47.1,1.405,5099.1,yes
41,unemployed,married,basic.9y,unknown,yes,no,telephone,apr,fri,246,1,999,1,failure,-1.8,93.075,-47.1,1.405,5099.1,no
57,services,married,basic.9y,unknown,yes,no,cellular,apr,fri,185,1,999,0,nonexistent,-1.8,93.075,-47.1,1.405,5099.1,no
36,self-employed,married,basic.9y,no,yes,no,cellular,apr,fri,313,1,999,1,failure,-1.8,93.075,-47.1,1.405,5099.1,no
34,blue-collar,married,professional.course,no,yes,no,cellular,apr,fri,377,1,999,0,nonexistent,-1.8,93.075,-47.1,1.405,5099.1,no
30,services,single,high.school,unknown,yes,no,cellular,apr,fri,451,1,999,0,nonexistent,-1.8,93.075,-47.1,1.405,5099.1,no
39,management,married,university.degree,no,yes,no,cellular,apr,fri,126,1,999,0,nonexistent,-1.8,93.075,-47.1,1.405,5099.1,no
38,technician,single,university.degree,no,yes,no,cellular,apr,fri,456,1,999,1,failure,-1.8,93.075,-47.1,1.405,5099.1,no
39,management,married,university.degree,no,yes,no,cellular,apr,fri,306,1,999,0,nonexistent,-1.8,93.075,-47.1,1.405,5099.1,no
25,admin.,single,high.school,no,no,no,cellular,apr,fri,178,2,999,0,nonexistent,-1.8,93.075,-47.1,1.405,5099.1,no
37,management,married,university.degree,unknown,no,yes,cellular,apr,fri,76,1,999,1,failure,-1.8,93.075,-47.1,1.405,5099.1,no
34,blue-collar,divorced,basic.4y,no,yes,no,cellular,apr,fri,406,1,999,1,failure,-1.8,93.075,-47.1,1.405,5099.1,no
44,blue-collar,married,basic.6y,no,no,no,cellular,apr,fri,239,1,999,2,failure,-1.8,93.075,-47.1,1.405,5099.1,no
40,blue-collar,married,basic.9y,no,yes,no,cellular,apr,fri,514,1,999,0,nonexistent,-1.8,93.075,-47.1,1.405,5099.1,no
43,admin.,single,high.school,no,no,no,telephone,apr,fri,51,3,999,0,nonexistent,-1.8,93.075,-47.1,1.405,5099.1,no
44,blue-collar,married,basic.6y,no,no,no,cellular,apr,fri,468,1,999,0,nonexistent,-1.8,93.075,-47.1,1.405,5099.1,no
34,technician,divorced,professional.course,no,yes,no,cellular,apr,fri,172,1,999,0,nonexistent,-1.8,93.075,-47.1,1.405,5099.1,no
34,technician,divorced,professional.course,no,yes,no,cellular,apr,fri,122,1,999,1,failure,-1.8,93.075,-47.1,1.405,5099.1,no
19,student,single,unknown,no,yes,no,cellular,apr,fri,452,3,999,0,nonexistent,-1.8,93.075,-47.1,1.405,5099.1,yes
47,admin.,married,basic.9y,no,yes,no,cellular,apr,fri,196,1,999,0,nonexistent,-1.8,93.075,-47.1,1.405,5099.1,no
42,admin.,married,high.school,no,yes,no,cellular,apr,fri,88,1,999,0,nonexistent,-1.8,93.075,-47.1,1.405,5099.1,no
29,entrepreneur,single,university.degree,no,yes,yes,cellular,apr,fri,268,1,999,1,failure,-1.8,93.075,-47.1,1.405,5099.1,no
38,management,married,high.school,unknown,yes,no,cellular,apr,fri,143,1,999,0,nonexistent,-1.8,93.075,-47.1,1.405,5099.1,no
43,blue-collar,married,basic.9y,unknown,yes,no,cellular,apr,fri,357,1,999,0,nonexistent,-1.8,93.075,-47.1,1.405,5099.1,no
38,services,married,high.school,no,no,no,cellular,apr,fri,151,1,999,0,nonexistent,-1.8,93.075,-47.1,1.405,5099.1,no
41,blue-collar,married,unknown,unknown,yes,no,cellular,apr,fri,400,3,999,0,nonexistent,-1.8,93.075,-47.1,1.405,5099.1,no
34,housemaid,divorced,university.degree,no,yes,yes,cellular,apr,fri,73,1,999,0,nonexistent,-1.8,93.075,-47.1,1.405,5099.1,no
49,blue-collar,married,basic.9y,no,yes,no,cellular,apr,fri,832,2,999,0,nonexistent,-1.8,93.075,-47.1,1.405,5099.1,no
41,blue-collar,married,basic.9y,unknown,no,yes,cellular,apr,fri,251,1,999,1,failure,-1.8,93.075,-47.1,1.405,5099.1,no
45,blue-collar,married,unknown,unknown,yes,no,cellular,apr,fri,303,1,999,0,nonexistent,-1.8,93.075,-47.1,1.405,5099.1,no
36,services,married,high.school,no,yes,no,cellular,apr,fri,101,1,999,1,failure,-1.8,93.075,-47.1,1.405,5099.1,no
46,management,married,university.degree,unknown,no,no,cellular,apr,fri,79,1,999,0,nonexistent,-1.8,93.075,-47.1,1.405,5099.1,no
35,blue-collar,married,basic.6y,no,yes,no,cellular,apr,fri,113,1,999,1,failure,-1.8,93.075,-47.1,1.405,5099.1,no
46,management,married,university.degree,unknown,yes,no,cellular,apr,fri,268,1,999,1,failure,-1.8,93.075,-47.1,1.405,5099.1,no
35,blue-collar,married,unknown,no,no,no,cellular,apr,fri,172,1,999,0,nonexistent,-1.8,93.075,-47.1,1.405,5099.1,no
48,admin.,single,university.degree,no,yes,no,cellular,apr,fri,237,1,999,0,nonexistent,-1.8,93.075,-47.1,1.405,5099.1,no
47,admin.,married,high.school,unknown,no,yes,cellular,apr,fri,517,1,999,0,nonexistent,-1.8,93.075,-47.1,1.405,5099.1,no
42,management,married,university.degree,unknown,no,no,cellular,apr,fri,981,2,999,0,nonexistent,-1.8,93.075,-47.1,1.405,5099.1,no
36,entrepreneur,married,basic.9y,no,yes,no,cellular,apr,fri,158,1,999,0,nonexistent,-1.8,93.075,-47.1,1.405,5099.1,no
49,management,married,university.degree,no,yes,no,cellular,apr,fri,58,1,999,0,nonexistent,-1.8,93.075,-47.1,1.405,5099.1,no
53,admin.,single,basic.6y,unknown,no,yes,cellular,apr,fri,351,1,999,0,nonexistent,-1.8,93.075,-47.1,1.405,5099.1,no
36,entrepreneur,married,basic.9y,no,no,no,cellular,apr,fri,299,1,999,0,nonexistent,-1.8,93.075,-47.1,1.405,5099.1,no
44,blue-collar,married,basic.9y,unknown,yes,yes,cellular,apr,fri,418,1,999,0,nonexistent,-1.8,93.075,-47.1,1.405,5099.1,no
41,blue-collar,married,basic.9y,no,no,yes,cellular,apr,fri,351,1,999,0,nonexistent,-1.8,93.075,-47.1,1.405,5099.1,no
41,admin.,divorced,high.school,no,no,no,cellular,apr,fri,471,1,999,0,nonexistent,-1.8,93.075,-47.1,1.405,5099.1,no
32,blue-collar,married,basic.9y,no,no,no,cellular,apr,fri,47,1,999,1,failure,-1.8,93.075,-47.1,1.405,5099.1,no
47,technician,married,professional.course,unknown,yes,no,cellular,apr,fri,53,1,999,0,nonexistent,-1.8,93.075,-47.1,1.405,5099.1,no
34,admin.,single,high.school,no,yes,no,cellular,apr,fri,183,1,999,1,failure,-1.8,93.075,-47.1,1.405,5099.1,no
40,blue-collar,single,basic.6y,unknown,no,no,cellular,apr,fri,139,1,999,1,failure,-1.8,93.075,-47.1,1.405,5099.1,no
24,services,single,high.school,no,yes,no,cellular,apr,fri,515,1,999,0,nonexistent,-1.8,93.075,-47.1,1.405,5099.1,no
34,technician,married,professional.course,no,no,no,cellular,apr,fri,132,2,999,1,failure,-1.8,93.075,-47.1,1.405,5099.1,no
37,blue-collar,divorced,basic.9y,no,yes,yes,cellular,apr,fri,83,1,999,0,nonexistent,-1.8,93.075,-47.1,1.405,5099.1,no
44,blue-collar,married,high.school,no,yes,no,cellular,apr,fri,921,2,999,1,failure,-1.8,93.075,-47.1,1.405,5099.1,no
43,management,married,university.degree,unknown,yes,yes,cellular,apr,fri,307,1,999,0,nonexistent,-1.8,93.075,-47.1,1.405,5099.1,no
37,admin.,divorced,high.school,no,yes,no,cellular,apr,fri,1311,2,999,0,nonexistent,-1.8,93.075,-47.1,1.405,5099.1,yes
55,blue-collar,married,basic.4y,no,yes,no,cellular,apr,fri,248,2,999,0,nonexistent,-1.8,93.075,-47.1,1.405,5099.1,no
24,technician,divorced,professional.course,no,no,no,cellular,apr,fri,332,1,999,1,failure,-1.8,93.075,-47.1,1.405,5099.1,no
34,unemployed,married,basic.9y,unknown,yes,no,cellular,apr,fri,71,1,999,1,failure,-1.8,93.075,-47.1,1.405,5099.1,no
45,management,married,university.degree,no,yes,yes,cellular,apr,fri,362,1,999,2,failure,-1.8,93.075,-47.1,1.405,5099.1,no
32,blue-collar,married,basic.9y,no,no,no,cellular,apr,fri,334,2,999,0,nonexistent,-1.8,93.075,-47.1,1.405,5099.1,no
43,blue-collar,married,high.school,no,no,no,cellular,apr,fri,997,1,999,1,failure,-1.8,93.075,-47.1,1.405,5099.1,yes
38,technician,single,high.school,no,yes,no,cellular,apr,fri,183,1,999,0,nonexistent,-1.8,93.075,-47.1,1.405,5099.1,no
56,self-employed,divorced,university.degree,unknown,no,no,telephone,apr,fri,42,1,999,0,nonexistent,-1.8,93.075,-47.1,1.405,5099.1,no
29,admin.,married,university.degree,no,unknown,unknown,cellular,apr,fri,462,1,999,1,failure,-1.8,93.075,-47.1,1.405,5099.1,no
41,blue-collar,married,professional.course,unknown,yes,no,cellular,apr,fri,74,2,999,1,failure,-1.8,93.075,-47.1,1.405,5099.1,no
47,management,married,high.school,no,unknown,unknown,cellular,apr,fri,234,1,999,1,failure,-1.8,93.075,-47.1,1.405,5099.1,no
47,management,married,high.school,no,no,yes,cellular,apr,fri,245,1,999,1,failure,-1.8,93.075,-47.1,1.405,5099.1,no
30,technician,single,high.school,no,yes,no,cellular,apr,fri,218,1,999,1,failure,-1.8,93.075,-47.1,1.405,5099.1,no
44,blue-collar,married,basic.9y,unknown,yes,no,cellular,apr,fri,574,1,999,1,failure,-1.8,93.075,-47.1,1.405,5099.1,yes
29,services,married,basic.6y,no,no,yes,cellular,apr,fri,754,1,999,0,nonexistent,-1.8,93.075,-47.1,1.405,5099.1,no
46,admin.,married,professional.course,no,no,no,cellular,apr,fri,609,1,999,1,failure,-1.8,93.075,-47.1,1.405,5099.1,no
36,blue-collar,divorced,basic.6y,unknown,yes,no,cellular,apr,fri,235,1,999,0,nonexistent,-1.8,93.075,-47.1,1.405,5099.1,no
34,technician,married,university.degree,no,no,no,cellular,apr,fri,146,1,999,1,failure,-1.8,93.075,-47.1,1.405,5099.1,no
55,admin.,married,high.school,no,no,no,cellular,apr,fri,518,3,999,0,nonexistent,-1.8,93.075,-47.1,1.405,5099.1,no
44,management,married,professional.course,no,yes,no,cellular,apr,fri,345,1,999,0,nonexistent,-1.8,93.075,-47.1,1.405,5099.1,no
26,admin.,single,university.degree,no,no,no,telephone,apr,fri,52,6,999,0,nonexistent,-1.8,93.075,-47.1,1.405,5099.1,no
36,admin.,single,high.school,no,no,no,cellular,apr,fri,140,1,999,0,nonexistent,-1.8,93.075,-47.1,1.405,5099.1,no
41,admin.,single,high.school,no,no,no,cellular,apr,fri,68,3,999,0,nonexistent,-1.8,93.075,-47.1,1.405,5099.1,no
34,services,single,high.school,no,no,no,cellular,apr,fri,707,1,999,2,failure,-1.8,93.075,-47.1,1.405,5099.1,no
41,management,married,university.degree,no,yes,no,cellular,apr,fri,212,1,999,0,nonexistent,-1.8,93.075,-47.1,1.405,5099.1,no
41,technician,married,professional.course,no,yes,no,cellular,apr,fri,51,6,999,0,nonexistent,-1.8,93.075,-47.1,1.405,5099.1,no
27,admin.,single,university.degree,no,yes,no,cellular,apr,fri,156,2,999,0,nonexistent,-1.8,93.075,-47.1,1.405,5099.1,yes
47,technician,divorced,university.degree,no,no,no,cellular,apr,fri,53,1,999,0,nonexistent,-1.8,93.075,-47.1,1.405,5099.1,no
46,blue-collar,married,unknown,no,no,no,cellular,apr,fri,193,1,999,0,nonexistent,-1.8,93.075,-47.1,1.405,5099.1,no
50,management,married,university.degree,no,yes,no,telephone,apr,fri,198,1,999,0,nonexistent,-1.8,93.075,-47.1,1.405,5099.1,no
19,student,single,unknown,no,no,no,cellular,apr,fri,108,5,999,0,nonexistent,-1.8,93.075,-47.1,1.405,5099.1,no
39,services,married,high.school,no,yes,no,telephone,apr,fri,137,1,999,0,nonexistent,-1.8,93.075,-47.1,1.405,5099.1,no
47,technician,married,professional.course,unknown,no,no,cellular,apr,fri,92,1,999,0,nonexistent,-1.8,93.075,-47.1,1.405,5099.1,no
43,admin.,divorced,university.degree,no,yes,no,cellular,apr,fri,882,3,999,0,nonexistent,-1.8,93.075,-47.1,1.405,5099.1,yes
48,blue-collar,married,basic.6y,unknown,no,no,cellular,apr,fri,576,1,999,1,failure,-1.8,93.075,-47.1,1.405,5099.1,no
45,admin.,married,high.school,no,no,no,cellular,apr,fri,191,1,999,0,nonexistent,-1.8,93.075,-47.1,1.405,5099.1,no
35,blue-collar,married,basic.4y,no,yes,no,cellular,apr,fri,98,1,999,0,nonexistent,-1.8,93.075,-47.1,1.405,5099.1,no
36,admin.,single,high.school,no,yes,no,telephone,apr,fri,777,2,999,0,nonexistent,-1.8,93.075,-47.1,1.405,5099.1,no
39,admin.,married,university.degree,no,yes,no,cellular,apr,fri,161,1,999,1,failure,-1.8,93.075,-47.1,1.405,5099.1,no
36,admin.,divorced,high.school,no,yes,no,cellular,apr,fri,117,1,999,0,nonexistent,-1.8,93.075,-47.1,1.405,5099.1,no
50,management,married,basic.9y,no,yes,no,cellular,apr,fri,329,1,999,0,nonexistent,-1.8,93.075,-47.1,1.405,5099.1,no
55,admin.,married,basic.4y,no,no,yes,cellular,apr,fri,106,1,999,0,nonexistent,-1.8,93.075,-47.1,1.405,5099.1,no
33,admin.,single,university.degree,no,yes,no,cellular,apr,fri,76,2,999,0,nonexistent,-1.8,93.075,-47.1,1.405,5099.1,no
35,admin.,single,university.degree,no,yes,no,cellular,apr,fri,1007,2,999,0,nonexistent,-1.8,93.075,-47.1,1.405,5099.1,yes
33,admin.,single,university.degree,no,yes,no,cellular,apr,fri,382,2,999,0,nonexistent,-1.8,93.075,-47.1,1.405,5099.1,no
42,blue-collar,married,unknown,no,yes,no,cellular,apr,fri,496,3,999,0,nonexistent,-1.8,93.075,-47.1,1.405,5099.1,no
41,services,married,high.school,no,no,no,cellular,apr,fri,464,1,999,0,nonexistent,-1.8,93.075,-47.1,1.405,5099.1,no
39,management,married,university.degree,no,no,yes,cellular,apr,fri,82,2,999,0,nonexistent,-1.8,93.075,-47.1,1.405,5099.1,no
41,blue-collar,married,basic.9y,unknown,no,no,cellular,apr,fri,343,2,999,0,nonexistent,-1.8,93.075,-47.1,1.405,5099.1,no
40,entrepreneur,married,basic.9y,no,no,no,cellular,apr,fri,75,1,999,0,nonexistent,-1.8,93.075,-47.1,1.405,5099.1,no
33,admin.,single,university.degree,unknown,no,yes,cellular,apr,fri,526,1,999,0,nonexistent,-1.8,93.075,-47.1,1.405,5099.1,yes
55,services,married,high.school,unknown,yes,no,cellular,apr,fri,45,7,999,1,failure,-1.8,93.075,-47.1,1.405,5099.1,no
38,technician,married,professional.course,unknown,no,no,cellular,apr,fri,1624,1,999,2,failure,-1.8,93.075,-47.1,1.405,5099.1,yes
33,blue-collar,married,basic.4y,no,no,no,cellular,apr,fri,95,3,999,0,nonexistent,-1.8,93.075,-47.1,1.405,5099.1,no
37,services,married,high.school,no,no,yes,cellular,apr,fri,175,1,999,1,failure,-1.8,93.075,-47.1,1.405,5099.1,no
32,blue-collar,married,basic.9y,no,no,no,cellular,apr,fri,208,1,999,1,failure,-1.8,93.075,-47.1,1.405,5099.1,no
39,services,married,high.school,unknown,yes,no,cellular,apr,fri,87,1,999,0,nonexistent,-1.8,93.075,-47.1,1.405,5099.1,no
34,blue-collar,married,basic.9y,no,yes,no,cellular,apr,fri,218,1,999,0,nonexistent,-1.8,93.075,-47.1,1.405,5099.1,no
28,blue-collar,married,basic.9y,unknown,yes,no,telephone,apr,fri,254,1,999,0,nonexistent,-1.8,93.075,-47.1,1.405,5099.1,no
28,technician,single,university.degree,no,yes,no,cellular,apr,fri,73,1,999,1,failure,-1.8,93.075,-47.1,1.405,5099.1,no
37,admin.,married,high.school,no,yes,yes,cellular,apr,fri,171,1,999,1,failure,-1.8,93.075,-47.1,1.405,5099.1,no
37,technician,married,professional.course,no,yes,no,cellular,apr,fri,372,1,999,0,nonexistent,-1.8,93.075,-47.1,1.405,5099.1,no
33,technician,married,professional.course,no,yes,no,cellular,apr,fri,108,1,999,0,nonexistent,-1.8,93.075,-47.1,1.405,5099.1,no
30,self-employed,married,university.degree,no,no,yes,cellular,apr,fri,138,1,999,1,failure,-1.8,93.075,-47.1,1.405,5099.1,no
41,blue-collar,married,professional.course,unknown,no,no,cellular,apr,fri,247,1,999,0,nonexistent,-1.8,93.075,-47.1,1.405,5099.1,no
33,technician,married,professional.course,no,no,yes,cellular,apr,fri,404,1,999,1,failure,-1.8,93.075,-47.1,1.405,5099.1,yes
26,technician,single,professional.course,no,yes,no,cellular,apr,fri,362,2,999,1,failure,-1.8,93.075,-47.1,1.405,5099.1,no
39,services,divorced,basic.6y,no,no,no,cellular,apr,fri,286,2,999,1,failure,-1.8,93.075,-47.1,1.405,5099.1,no
40,technician,married,professional.course,no,no,no,cellular,apr,fri,316,2,999,0,nonexistent,-1.8,93.075,-47.1,1.405,5099.1,no
41,blue-collar,married,professional.course,unknown,no,no,cellular,apr,fri,370,1,999,0,nonexistent,-1.8,93.075,-47.1,1.405,5099.1,no
44,admin.,married,university.degree,no,yes,yes,cellular,apr,fri,274,1,999,0,nonexistent,-1.8,93.075,-47.1,1.405,5099.1,no
41,blue-collar,married,basic.9y,no,no,no,cellular,apr,fri,367,3,999,1,failure,-1.8,93.075,-47.1,1.405,5099.1,yes
43,management,married,university.degree,unknown,yes,no,telephone,apr,fri,141,4,999,0,nonexistent,-1.8,93.075,-47.1,1.405,5099.1,no
45,blue-collar,divorced,basic.9y,no,no,no,cellular,apr,fri,200,3,999,0,nonexistent,-1.8,93.075,-47.1,1.405,5099.1,no
27,unemployed,single,basic.9y,no,yes,no,cellular,apr,fri,279,1,999,0,nonexistent,-1.8,93.075,-47.1,1.405,5099.1,no
36,self-employed,married,basic.9y,no,no,no,cellular,apr,fri,214,2,999,0,nonexistent,-1.8,93.075,-47.1,1.405,5099.1,no
54,blue-collar,single,basic.9y,no,yes,no,cellular,apr,fri,14,1,999,0,nonexistent,-1.8,93.075,-47.1,1.405,5099.1,no
54,retired,married,basic.4y,no,yes,no,cellular,apr,fri,263,1,999,0,nonexistent,-1.8,93.075,-47.1,1.405,5099.1,no
19,student,single,unknown,no,yes,yes,cellular,apr,fri,72,4,999,0,nonexistent,-1.8,93.075,-47.1,1.405,5099.1,no
34,management,married,university.degree,no,no,no,cellular,apr,fri,433,1,999,0,nonexistent,-1.8,93.075,-47.1,1.405,5099.1,no
45,blue-collar,married,unknown,no,no,no,cellular,apr,fri,278,1,999,0,nonexistent,-1.8,93.075,-47.1,1.405,5099.1,no
39,blue-collar,married,basic.9y,no,yes,no,cellular,apr,fri,216,1,999,0,nonexistent,-1.8,93.075,-47.1,1.405,5099.1,no
31,unemployed,single,basic.9y,no,yes,no,cellular,apr,fri,55,1,999,1,failure,-1.8,93.075,-47.1,1.405,5099.1,no
34,admin.,married,high.school,no,yes,no,cellular,apr,fri,113,2,999,2,failure,-1.8,93.075,-47.1,1.405,5099.1,no
34,blue-collar,married,basic.9y,no,yes,no,cellular,apr,fri,157,2,999,0,nonexistent,-1.8,93.075,-47.1,1.405,5099.1,no
53,admin.,married,basic.6y,no,yes,no,cellular,apr,fri,100,1,999,0,nonexistent,-1.8,93.075,-47.1,1.405,5099.1,no
45,blue-collar,married,unknown,no,yes,yes,cellular,apr,fri,637,1,999,0,nonexistent,-1.8,93.075,-47.1,1.405,5099.1,no
37,services,married,high.school,no,yes,no,cellular,apr,fri,317,1,999,0,nonexistent,-1.8,93.075,-47.1,1.405,5099.1,no
31,admin.,single,high.school,no,no,no,cellular,apr,fri,294,2,999,0,nonexistent,-1.8,93.075,-47.1,1.405,5099.1,no
39,technician,married,university.degree,no,yes,no,cellular,apr,fri,492,1,999,0,nonexistent,-1.8,93.075,-47.1,1.405,5099.1,no
34,blue-collar,married,basic.9y,no,yes,no,cellular,apr,fri,70,1,999,1,failure,-1.8,93.075,-47.1,1.405,5099.1,no
55,retired,married,high.school,no,no,no,cellular,apr,fri,401,1,8,1,success,-1.8,93.075,-47.1,1.405,5099.1,no
34,entrepreneur,married,university.degree,no,yes,yes,telephone,apr,fri,130,1,999,0,nonexistent,-1.8,93.075,-47.1,1.405,5099.1,yes
35,blue-collar,divorced,basic.6y,no,yes,no,cellular,apr,fri,212,1,999,0,nonexistent,-1.8,93.075,-47.1,1.405,5099.1,no
35,services,married,high.school,no,yes,no,cellular,apr,fri,36,1,999,0,nonexistent,-1.8,93.075,-47.1,1.405,5099.1,no
35,services,married,high.school,no,no,no,cellular,apr,fri,280,1,999,1,failure,-1.8,93.075,-47.1,1.405,5099.1,no
35,services,divorced,high.school,no,yes,yes,cellular,apr,fri,107,1,999,0,nonexistent,-1.8,93.075,-47.1,1.405,5099.1,no
45,blue-collar,married,basic.9y,no,yes,no,cellular,apr,fri,654,1,999,0,nonexistent,-1.8,93.075,-47.1,1.405,5099.1,no
58,unemployed,married,basic.9y,unknown,no,no,cellular,apr,fri,834,1,999,0,nonexistent,-1.8,93.075,-47.1,1.405,5099.1,no
45,services,single,unknown,no,no,no,cellular,apr,fri,345,1,6,1,success,-1.8,93.075,-47.1,1.405,5099.1,yes
39,blue-collar,married,unknown,no,no,no,cellular,apr,fri,79,1,999,0,nonexistent,-1.8,93.075,-47.1,1.405,5099.1,no
22,admin.,married,high.school,no,yes,yes,cellular,apr,fri,156,2,999,0,nonexistent,-1.8,93.075,-47.1,1.405,5099.1,no
41,admin.,single,professional.course,no,yes,yes,cellular,apr,fri,41,1,999,0,nonexistent,-1.8,93.075,-47.1,1.405,5099.1,no
32,self-employed,married,basic.6y,no,no,no,cellular,apr,fri,211,3,999,0,nonexistent,-1.8,93.075,-47.1,1.405,5099.1,no
37,technician,married,professional.course,no,no,no,cellular,apr,fri,54,2,999,0,nonexistent,-1.8,93.075,-47.1,1.405,5099.1,no
32,blue-collar,single,high.school,no,yes,no,cellular,apr,fri,1080,1,999,0,nonexistent,-1.8,93.075,-47.1,1.405,5099.1,yes
38,technician,single,university.degree,no,no,no,cellular,apr,fri,301,2,999,0,nonexistent,-1.8,93.075,-47.1,1.405,5099.1,no
41,blue-collar,married,unknown,unknown,no,no,cellular,apr,fri,203,1,999,1,failure,-1.8,93.075,-47.1,1.405,5099.1,no
43,blue-collar,married,basic.6y,unknown,yes,no,cellular,apr,fri,19,4,999,0,nonexistent,-1.8,93.075,-47.1,1.405,5099.1,no
45,blue-collar,married,basic.9y,no,unknown,unknown,cellular,apr,fri,182,2,999,0,nonexistent,-1.8,93.075,-47.1,1.405,5099.1,no
27,admin.,single,university.degree,no,yes,no,cellular,apr,fri,401,1,999,1,failure,-1.8,93.075,-47.1,1.405,5099.1,no
38,unemployed,divorced,high.school,no,yes,yes,cellular,apr,fri,715,2,999,1,failure,-1.8,93.075,-47.1,1.405,5099.1,yes
30,technician,single,professional.course,no,yes,no,cellular,apr,fri,346,2,999,0,nonexistent,-1.8,93.075,-47.1,1.405,5099.1,no
37,management,divorced,professional.course,no,yes,no,cellular,apr,fri,115,2,999,1,failure,-1.8,93.075,-47.1,1.405,5099.1,no
37,admin.,married,high.school,no,no,yes,cellular,apr,fri,463,1,999,1,failure,-1.8,93.075,-47.1,1.405,5099.1,no
42,services,married,high.school,no,yes,yes,telephone,apr,fri,73,1,999,1,failure,-1.8,93.075,-47.1,1.405,5099.1,no
40,self-employed,married,university.degree,no,no,no,cellular,apr,fri,775,1,999,0,nonexistent,-1.8,93.075,-47.1,1.405,5099.1,no
36,admin.,single,high.school,no,yes,no,cellular,apr,fri,140,1,999,0,nonexistent,-1.8,93.075,-47.1,1.405,5099.1,no
41,blue-collar,married,basic.4y,unknown,no,no,cellular,apr,fri,100,2,999,0,nonexistent,-1.8,93.075,-47.1,1.405,5099.1,no
36,blue-collar,married,unknown,no,no,no,cellular,apr,fri,231,2,999,0,nonexistent,-1.8,93.075,-47.1,1.405,5099.1,no
33,management,married,basic.9y,no,no,no,cellular,apr,fri,727,2,999,0,nonexistent,-1.8,93.075,-47.1,1.405,5099.1,no
42,admin.,married,unknown,no,no,no,cellular,apr,fri,42,3,999,0,nonexistent,-1.8,93.075,-47.1,1.405,5099.1,no
31,services,single,high.school,no,no,no,cellular,apr,fri,160,1,999,0,nonexistent,-1.8,93.075,-47.1,1.405,5099.1,no
42,blue-collar,single,unknown,no,yes,no,cellular,apr,fri,130,1,999,1,failure,-1.8,93.075,-47.1,1.405,5099.1,no
35,blue-collar,married,basic.9y,no,no,no,cellular,apr,fri,402,1,999,0,nonexistent,-1.8,93.075,-47.1,1.405,5099.1,no
39,admin.,single,high.school,no,no,no,cellular,apr,fri,297,1,999,0,nonexistent,-1.8,93.075,-47.1,1.405,5099.1,no
37,admin.,married,high.school,no,yes,no,cellular,apr,fri,207,1,999,0,nonexistent,-1.8,93.075,-47.1,1.405,5099.1,no
41,unemployed,married,basic.9y,unknown,no,no,cellular,apr,fri,135,1,999,1,failure,-1.8,93.075,-47.1,1.405,5099.1,no
29,blue-collar,single,basic.9y,unknown,no,no,cellular,apr,fri,22,1,999,2,failure,-1.8,93.075,-47.1,1.405,5099.1,no
44,entrepreneur,married,university.degree,no,yes,no,cellular,apr,fri,1034,2,999,0,nonexistent,-1.8,93.075,-47.1,1.405,5099.1,no
36,blue-collar,married,basic.6y,no,yes,yes,cellular,apr,fri,91,1,999,0,nonexistent,-1.8,93.075,-47.1,1.405,5099.1,no
30,services,single,high.school,unknown,yes,no,telephone,apr,fri,40,1,999,0,nonexistent,-1.8,93.075,-47.1,1.405,5099.1,no
41,admin.,married,university.degree,no,no,no,cellular,apr,fri,476,1,999,0,nonexistent,-1.8,93.075,-47.1,1.405,5099.1,yes
33,admin.,single,university.degree,no,no,no,cellular,apr,fri,326,3,999,0,nonexistent,-1.8,93.075,-47.1,1.405,5099.1,no
27,admin.,single,high.school,no,yes,no,cellular,apr,fri,108,1,999,0,nonexistent,-1.8,93.075,-47.1,1.405,5099.1,yes
45,blue-collar,married,basic.9y,no,no,no,cellular,apr,fri,99,3,999,1,failure,-1.8,93.075,-47.1,1.405,5099.1,no
42,blue-collar,married,basic.6y,no,yes,no,cellular,apr,fri,240,2,999,0,nonexistent,-1.8,93.075,-47.1,1.405,5099.1,no
39,technician,married,basic.6y,no,no,yes,cellular,apr,fri,158,1,999,0,nonexistent,-1.8,93.075,-47.1,1.405,5099.1,no
34,blue-collar,married,professional.course,no,no,no,cellular,apr,fri,365,1,999,0,nonexistent,-1.8,93.075,-47.1,1.405,5099.1,no
41,technician,married,professional.course,no,no,no,cellular,apr,fri,219,1,999,0,nonexistent,-1.8,93.075,-47.1,1.405,5099.1,no
37,technician,divorced,high.school,no,no,no,cellular,apr,fri,188,1,999,0,nonexistent,-1.8,93.075,-47.1,1.405,5099.1,no
29,student,single,professional.course,no,yes,no,cellular,apr,fri,96,2,999,1,failure,-1.8,93.075,-47.1,1.405,5099.1,no
22,admin.,single,university.degree,no,no,no,cellular,apr,fri,149,1,999,0,nonexistent,-1.8,93.075,-47.1,1.405,5099.1,yes
41,blue-collar,married,basic.6y,no,no,no,cellular,apr,fri,412,1,999,1,failure,-1.8,93.075,-47.1,1.405,5099.1,no
51,housemaid,divorced,high.school,unknown,no,no,cellular,apr,fri,145,2,999,0,nonexistent,-1.8,93.075,-47.1,1.405,5099.1,no
44,management,married,professional.course,no,no,no,cellular,apr,fri,65,1,999,1,failure,-1.8,93.075,-47.1,1.405,5099.1,no
41,admin.,divorced,high.school,no,yes,no,cellular,apr,fri,114,3,999,0,nonexistent,-1.8,93.075,-47.1,1.405,5099.1,no
41,blue-collar,married,basic.4y,unknown,yes,no,cellular,apr,fri,194,2,999,0,nonexistent,-1.8,93.075,-47.1,1.405,5099.1,no
50,technician,married,professional.course,no,no,no,cellular,apr,fri,93,1,999,0,nonexistent,-1.8,93.075,-47.1,1.405,5099.1,no
34,technician,married,university.degree,no,no,no,cellular,apr,fri,772,1,999,0,nonexistent,-1.8,93.075,-47.1,1.405,5099.1,yes
28,admin.,single,university.degree,no,no,no,cellular,apr,fri,69,1,999,0,nonexistent,-1.8,93.075,-47.1,1.405,5099.1,no
36,admin.,divorced,high.school,no,no,no,cellular,apr,fri,165,3,999,0,nonexistent,-1.8,93.075,-47.1,1.405,5099.1,no
44,admin.,single,university.degree,no,yes,no,cellular,apr,fri,395,2,999,0,nonexistent,-1.8,93.075,-47.1,1.405,5099.1,no
34,blue-collar,married,professional.course,no,no,no,cellular,apr,fri,345,2,999,0,nonexistent,-1.8,93.075,-47.1,1.405,5099.1,no
43,blue-collar,married,basic.9y,no,no,yes,cellular,apr,fri,147,3,999,1,failure,-1.8,93.075,-47.1,1.405,5099.1,no
48,admin.,married,basic.4y,no,yes,no,cellular,apr,fri,224,3,999,2,failure,-1.8,93.075,-47.1,1.405,5099.1,no
53,admin.,married,university.degree,no,yes,no,cellular,apr,fri,771,1,999,0,nonexistent,-1.8,93.075,-47.1,1.405,5099.1,no
45,housemaid,married,university.degree,no,yes,no,telephone,apr,fri,460,2,999,1,failure,-1.8,93.075,-47.1,1.405,5099.1,no
49,services,divorced,high.school,no,no,no,cellular,apr,fri,300,3,999,1,failure,-1.8,93.075,-47.1,1.405,5099.1,no
33,self-employed,single,university.degree,no,yes,no,cellular,apr,fri,254,2,999,0,nonexistent,-1.8,93.075,-47.1,1.405,5099.1,no
47,management,married,professional.course,no,yes,no,cellular,apr,fri,239,2,999,1,failure,-1.8,93.075,-47.1,1.405,5099.1,no
29,services,single,high.school,no,no,no,cellular,apr,fri,473,2,999,1,failure,-1.8,93.075,-47.1,1.405,5099.1,no
31,admin.,married,high.school,no,yes,no,cellular,apr,fri,139,2,999,0,nonexistent,-1.8,93.075,-47.1,1.405,5099.1,no
59,admin.,divorced,university.degree,no,yes,no,cellular,apr,fri,128,3,999,0,nonexistent,-1.8,93.075,-47.1,1.405,5099.1,no
33,admin.,single,high.school,no,no,no,cellular,apr,fri,405,2,999,0,nonexistent,-1.8,93.075,-47.1,1.405,5099.1,no
38,services,married,high.school,no,no,no,cellular,apr,fri,52,2,999,0,nonexistent,-1.8,93.075,-47.1,1.405,5099.1,no
34,unemployed,married,basic.9y,unknown,yes,no,cellular,apr,fri,153,3,999,0,nonexistent,-1.8,93.075,-47.1,1.405,5099.1,no
47,technician,divorced,university.degree,no,no,yes,cellular,apr,fri,642,2,999,1,failure,-1.8,93.075,-47.1,1.405,5099.1,no
38,technician,married,professional.course,unknown,no,no,cellular,apr,fri,232,2,999,0,nonexistent,-1.8,93.075,-47.1,1.405,5099.1,no
29,student,single,unknown,no,yes,no,cellular,apr,fri,170,5,999,0,nonexistent,-1.8,93.075,-47.1,1.405,5099.1,yes
34,blue-collar,married,basic.9y,no,yes,no,cellular,apr,fri,333,2,999,0,nonexistent,-1.8,93.075,-47.1,1.405,5099.1,no
36,admin.,single,high.school,no,yes,no,cellular,apr,fri,413,2,999,0,nonexistent,-1.8,93.075,-47.1,1.405,5099.1,no
33,blue-collar,married,basic.4y,no,no,yes,cellular,apr,fri,163,2,999,0,nonexistent,-1.8,93.075,-47.1,1.405,5099.1,no
31,admin.,married,high.school,no,no,no,cellular,apr,fri,246,2,999,0,nonexistent,-1.8,93.075,-47.1,1.405,5099.1,no
75,housemaid,divorced,basic.4y,no,no,no,cellular,apr,fri,95,4,999,0,nonexistent,-1.8,93.075,-47.1,1.405,5099.1,no
47,technician,single,university.degree,no,no,no,cellular,apr,fri,115,2,999,0,nonexistent,-1.8,93.075,-47.1,1.405,5099.1,no
37,admin.,married,high.school,no,yes,no,cellular,apr,fri,598,1,999,1,failure,-1.8,93.075,-47.1,1.405,5099.1,no
36,admin.,divorced,high.school,no,yes,no,cellular,apr,fri,323,2,999,1,failure,-1.8,93.075,-47.1,1.405,5099.1,no
36,entrepreneur,married,basic.9y,no,yes,no,cellular,apr,fri,273,2,999,1,failure,-1.8,93.075,-47.1,1.405,5099.1,no
43,blue-collar,married,basic.6y,no,yes,no,cellular,apr,fri,160,2,999,0,nonexistent,-1.8,93.075,-47.1,1.405,5099.1,no
57,retired,married,basic.6y,unknown,no,no,cellular,apr,fri,203,2,999,1,failure,-1.8,93.075,-47.1,1.405,5099.1,no
51,blue-collar,married,basic.9y,unknown,no,no,cellular,apr,fri,541,2,999,1,failure,-1.8,93.075,-47.1,1.405,5099.1,no
40,blue-collar,single,basic.6y,unknown,no,yes,cellular,apr,fri,266,2,999,0,nonexistent,-1.8,93.075,-47.1,1.405,5099.1,no
49,technician,married,unknown,no,no,no,cellular,apr,fri,378,1,999,0,nonexistent,-1.8,93.075,-47.1,1.405,5099.1,yes
33,admin.,married,high.school,unknown,no,no,cellular,apr,fri,220,6,999,0,nonexistent,-1.8,93.075,-47.1,1.405,5099.1,no
37,services,married,high.school,no,no,no,cellular,apr,fri,606,2,1,1,success,-1.8,93.075,-47.1,1.405,5099.1,no
48,services,single,high.school,no,no,no,cellular,apr,fri,105,3,999,0,nonexistent,-1.8,93.075,-47.1,1.405,5099.1,no
37,entrepreneur,married,basic.4y,no,yes,no,cellular,apr,fri,1130,3,999,0,nonexistent,-1.8,93.075,-47.1,1.405,5099.1,no
39,blue-collar,married,basic.4y,no,yes,no,cellular,apr,fri,156,2,999,0,nonexistent,-1.8,93.075,-47.1,1.405,5099.1,no
55,management,married,university.degree,no,yes,no,cellular,apr,fri,949,2,999,0,nonexistent,-1.8,93.075,-47.1,1.405,5099.1,yes
44,services,single,high.school,no,no,no,cellular,apr,fri,276,2,999,1,failure,-1.8,93.075,-47.1,1.405,5099.1,no
40,housemaid,married,basic.6y,unknown,unknown,unknown,cellular,apr,fri,2926,2,999,0,nonexistent,-1.8,93.075,-47.1,1.405,5099.1,yes
49,admin.,divorced,high.school,no,unknown,unknown,cellular,apr,fri,88,3,999,0,nonexistent,-1.8,93.075,-47.1,1.405,5099.1,no
40,blue-collar,single,basic.6y,unknown,yes,no,cellular,apr,fri,155,3,999,1,failure,-1.8,93.075,-47.1,1.405,5099.1,no
39,management,single,university.degree,no,no,no,cellular,apr,fri,278,1,999,0,nonexistent,-1.8,93.075,-47.1,1.405,5099.1,no
31,entrepreneur,married,university.degree,unknown,yes,no,cellular,apr,fri,273,2,999,1,failure,-1.8,93.075,-47.1,1.405,5099.1,no
55,management,married,university.degree,no,no,no,cellular,apr,fri,171,2,999,0,nonexistent,-1.8,93.075,-47.1,1.405,5099.1,no
42,admin.,single,high.school,no,no,no,cellular,apr,fri,166,2,999,0,nonexistent,-1.8,93.075,-47.1,1.405,5099.1,no
24,services,single,high.school,no,no,yes,cellular,apr,fri,1426,2,999,1,failure,-1.8,93.075,-47.1,1.405,5099.1,no
47,admin.,married,basic.9y,no,yes,yes,cellular,apr,fri,795,3,999,1,failure,-1.8,93.075,-47.1,1.405,5099.1,no
49,admin.,single,basic.6y,no,yes,yes,cellular,apr,fri,441,2,999,0,nonexistent,-1.8,93.075,-47.1,1.405,5099.1,no
37,services,married,high.school,no,yes,yes,cellular,apr,fri,398,2,999,0,nonexistent,-1.8,93.075,-47.1,1.405,5099.1,no
32,services,married,high.school,no,no,yes,cellular,apr,fri,340,2,999,0,nonexistent,-1.8,93.075,-47.1,1.405,5099.1,no
31,blue-collar,married,basic.9y,no,yes,no,cellular,apr,fri,308,2,999,0,nonexistent,-1.8,93.075,-47.1,1.405,5099.1,no
36,blue-collar,married,basic.9y,no,yes,no,cellular,apr,fri,218,4,999,0,nonexistent,-1.8,93.075,-47.1,1.405,5099.1,no
37,management,divorced,high.school,no,yes,no,cellular,apr,fri,647,2,999,0,nonexistent,-1.8,93.075,-47.1,1.405,5099.1,no
41,admin.,married,high.school,no,no,yes,cellular,apr,fri,57,2,999,0,nonexistent,-1.8,93.075,-47.1,1.405,5099.1,no
35,admin.,single,high.school,no,no,no,cellular,apr,fri,146,2,5,2,success,-1.8,93.075,-47.1,1.405,5099.1,no
37,technician,divorced,high.school,no,no,yes,telephone,apr,fri,318,2,999,0,nonexistent,-1.8,93.075,-47.1,1.405,5099.1,no
55,admin.,divorced,high.school,no,unknown,unknown,cellular,apr,fri,278,2,999,0,nonexistent,-1.8,93.075,-47.1,1.405,5099.1,no
33,admin.,single,university.degree,no,no,no,cellular,apr,fri,426,5,999,1,failure,-1.8,93.075,-47.1,1.405,5099.1,no
35,blue-collar,married,basic.6y,no,no,yes,cellular,apr,fri,229,3,999,0,nonexistent,-1.8,93.075,-47.1,1.405,5099.1,no
38,admin.,single,high.school,no,yes,no,cellular,apr,fri,74,2,999,1,failure,-1.8,93.075,-47.1,1.405,5099.1,no
41,admin.,single,unknown,unknown,yes,no,cellular,apr,fri,464,2,999,0,nonexistent,-1.8,93.075,-47.1,1.405,5099.1,no
35,admin.,single,university.degree,no,yes,no,cellular,apr,fri,334,2,999,1,failure,-1.8,93.075,-47.1,1.405,5099.1,no
38,blue-collar,married,basic.9y,unknown,no,yes,cellular,apr,fri,61,2,999,2,failure,-1.8,93.075,-47.1,1.405,5099.1,no
37,blue-collar,divorced,basic.4y,no,no,no,cellular,apr,fri,2053,2,999,0,nonexistent,-1.8,93.075,-47.1,1.405,5099.1,no
46,entrepreneur,married,professional.course,no,no,yes,cellular,apr,fri,69,2,999,0,nonexistent,-1.8,93.075,-47.1,1.405,5099.1,no
42,services,married,high.school,no,no,no,cellular,apr,fri,277,2,999,0,nonexistent,-1.8,93.075,-47.1,1.405,5099.1,no
36,blue-collar,married,basic.9y,no,yes,no,cellular,apr,fri,1064,3,999,1,failure,-1.8,93.075,-47.1,1.405,5099.1,no
46,blue-collar,single,basic.4y,no,unknown,unknown,cellular,apr,fri,163,2,999,1,failure,-1.8,93.075,-47.1,1.405,5099.1,no
40,services,divorced,high.school,no,yes,no,telephone,apr,fri,501,3,999,0,nonexistent,-1.8,93.075,-47.1,1.405,5099.1,no
36,admin.,single,high.school,no,yes,no,cellular,apr,fri,245,5,999,0,nonexistent,-1.8,93.075,-47.1,1.405,5099.1,no
29,entrepreneur,single,university.degree,no,yes,no,cellular,apr,fri,738,2,999,0,nonexistent,-1.8,93.075,-47.1,1.405,5099.1,no
55,retired,married,high.school,unknown,yes,no,cellular,apr,fri,87,2,999,1,failure,-1.8,93.075,-47.1,1.405,5099.1,no
43,blue-collar,married,basic.6y,unknown,no,no,cellular,apr,fri,335,2,999,0,nonexistent,-1.8,93.075,-47.1,1.405,5099.1,no
34,blue-collar,divorced,basic.4y,no,no,no,cellular,apr,fri,204,5,999,0,nonexistent,-1.8,93.075,-47.1,1.405,5099.1,no
34,management,divorced,professional.course,no,yes,no,cellular,apr,fri,140,2,999,0,nonexistent,-1.8,93.075,-47.1,1.405,5099.1,no
33,technician,married,professional.course,unknown,yes,no,cellular,apr,fri,446,2,999,0,nonexistent,-1.8,93.075,-47.1,1.405,5099.1,no
45,services,single,unknown,no,yes,no,cellular,apr,fri,164,4,999,0,nonexistent,-1.8,93.075,-47.1,1.405,5099.1,yes
40,blue-collar,married,basic.4y,no,yes,no,cellular,apr,fri,179,2,999,0,nonexistent,-1.8,93.075,-47.1,1.405,5099.1,no
32,blue-collar,single,high.school,no,no,no,cellular,apr,fri,151,4,999,1,failure,-1.8,93.075,-47.1,1.405,5099.1,no
46,entrepreneur,married,professional.course,no,yes,yes,cellular,apr,fri,65,3,999,0,nonexistent,-1.8,93.075,-47.1,1.405,5099.1,no
40,blue-collar,married,basic.6y,no,no,no,cellular,apr,fri,174,2,999,0,nonexistent,-1.8,93.075,-47.1,1.405,5099.1,no
40,admin.,married,university.degree,no,yes,no,cellular,apr,fri,489,3,999,0,nonexistent,-1.8,93.075,-47.1,1.405,5099.1,no
36,services,married,high.school,no,no,no,cellular,apr,fri,469,3,999,0,nonexistent,-1.8,93.075,-47.1,1.405,5099.1,no
27,unemployed,single,basic.9y,no,no,no,cellular,apr,fri,48,2,999,1,failure,-1.8,93.075,-47.1,1.405,5099.1,no
40,services,married,high.school,no,no,no,cellular,apr,fri,368,6,999,1,failure,-1.8,93.075,-47.1,1.405,5099.1,no
29,admin.,single,university.degree,no,no,no,telephone,apr,fri,48,2,999,0,nonexistent,-1.8,93.075,-47.1,1.405,5099.1,no
42,blue-collar,single,unknown,no,no,no,cellular,apr,fri,54,2,999,0,nonexistent,-1.8,93.075,-47.1,1.405,5099.1,no
46,management,married,university.degree,unknown,no,no,cellular,apr,fri,183,3,999,1,failure,-1.8,93.075,-47.1,1.405,5099.1,no
28,admin.,single,university.degree,no,no,no,telephone,apr,fri,394,2,999,0,nonexistent,-1.8,93.075,-47.1,1.405,5099.1,yes
45,admin.,married,high.school,no,yes,yes,cellular,apr,fri,636,3,999,0,nonexistent,-1.8,93.075,-47.1,1.405,5099.1,yes
26,technician,single,professional.course,no,yes,no,telephone,apr,fri,100,2,999,0,nonexistent,-1.8,93.075,-47.1,1.405,5099.1,no
34,admin.,divorced,high.school,no,yes,yes,cellular,apr,fri,238,2,999,0,nonexistent,-1.8,93.075,-47.1,1.405,5099.1,no
35,blue-collar,married,professional.course,no,no,no,cellular,apr,fri,317,2,999,1,failure,-1.8,93.075,-47.1,1.405,5099.1,no
40,admin.,single,high.school,no,yes,no,cellular,apr,fri,202,3,999,1,failure,-1.8,93.075,-47.1,1.405,5099.1,no
37,blue-collar,single,basic.6y,no,yes,no,cellular,apr,fri,99,2,999,0,nonexistent,-1.8,93.075,-47.1,1.405,5099.1,no
41,blue-collar,married,unknown,unknown,yes,no,cellular,apr,fri,50,2,999,1,failure,-1.8,93.075,-47.1,1.405,5099.1,no
29,admin.,divorced,basic.9y,no,yes,no,cellular,apr,fri,321,2,999,0,nonexistent,-1.8,93.075,-47.1,1.405,5099.1,no
36,admin.,single,high.school,no,yes,no,cellular,apr,fri,202,2,999,0,nonexistent,-1.8,93.075,-47.1,1.405,5099.1,no
39,management,married,university.degree,no,no,yes,cellular,apr,fri,177,3,999,0,nonexistent,-1.8,93.075,-47.1,1.405,5099.1,no
42,services,divorced,unknown,no,no,no,cellular,apr,fri,211,2,999,1,failure,-1.8,93.075,-47.1,1.405,5099.1,no
22,admin.,married,high.school,no,no,yes,cellular,apr,fri,108,2,999,1,failure,-1.8,93.075,-47.1,1.405,5099.1,no
35,blue-collar,married,basic.6y,no,no,no,cellular,apr,fri,672,3,999,0,nonexistent,-1.8,93.075,-47.1,1.405,5099.1,no
39,management,single,university.degree,no,no,no,cellular,apr,fri,952,2,999,1,failure,-1.8,93.075,-47.1,1.405,5099.1,no
45,blue-collar,married,unknown,no,no,no,cellular,apr,fri,119,2,999,0,nonexistent,-1.8,93.075,-47.1,1.405,5099.1,no
34,technician,married,professional.course,no,yes,no,cellular,apr,fri,171,2,999,0,nonexistent,-1.8,93.075,-47.1,1.405,5099.1,no
36,admin.,single,high.school,no,no,no,cellular,apr,fri,193,3,999,0,nonexistent,-1.8,93.075,-47.1,1.405,5099.1,no
48,admin.,divorced,high.school,no,no,yes,cellular,apr,fri,2139,3,999,0,nonexistent,-1.8,93.075,-47.1,1.405,5099.1,yes
41,blue-collar,married,basic.9y,unknown,yes,no,cellular,apr,fri,1038,2,999,0,nonexistent,-1.8,93.075,-47.1,1.405,5099.1,no
33,admin.,divorced,high.school,no,no,no,telephone,apr,fri,392,3,999,0,nonexistent,-1.8,93.075,-47.1,1.405,5099.1,no
49,technician,married,unknown,no,no,no,cellular,apr,fri,119,3,999,0,nonexistent,-1.8,93.075,-47.1,1.405,5099.1,no
50,management,married,basic.6y,no,no,no,cellular,apr,fri,324,4,999,0,nonexistent,-1.8,93.075,-47.1,1.405,5099.1,no
36,blue-collar,married,basic.6y,no,no,no,cellular,apr,fri,427,2,999,1,failure,-1.8,93.075,-47.1,1.405,5099.1,no
34,technician,divorced,professional.course,no,yes,yes,cellular,apr,fri,180,2,999,1,failure,-1.8,93.075,-47.1,1.405,5099.1,no
29,admin.,divorced,university.degree,no,yes,no,cellular,apr,fri,660,3,999,0,nonexistent,-1.8,93.075,-47.1,1.405,5099.1,no
45,services,single,unknown,no,no,no,telephone,apr,fri,541,1,999,0,nonexistent,-1.8,93.075,-47.1,1.405,5099.1,yes
41,blue-collar,married,basic.4y,unknown,yes,no,cellular,apr,fri,184,4,999,0,nonexistent,-1.8,93.075,-47.1,1.405,5099.1,no
39,admin.,married,high.school,no,yes,no,cellular,apr,fri,479,2,999,0,nonexistent,-1.8,93.075,-47.1,1.405,5099.1,no
33,blue-collar,married,high.school,no,yes,no,cellular,apr,mon,114,2,999,0,nonexistent,-1.8,93.075,-47.1,1.405,5099.1,no
37,blue-collar,married,high.school,no,yes,no,cellular,apr,mon,196,2,999,1,failure,-1.8,93.075,-47.1,1.405,5099.1,no
33,technician,single,professional.course,no,no,no,cellular,apr,mon,148,2,999,0,nonexistent,-1.8,93.075,-47.1,1.405,5099.1,no
45,housemaid,married,basic.4y,no,yes,no,cellular,apr,mon,158,2,999,0,nonexistent,-1.8,93.075,-47.1,1.405,5099.1,yes
34,admin.,married,basic.9y,no,yes,no,cellular,apr,mon,12,5,999,0,nonexistent,-1.8,93.075,-47.1,1.405,5099.1,no
37,services,married,high.school,no,yes,yes,cellular,apr,mon,345,2,999,0,nonexistent,-1.8,93.075,-47.1,1.405,5099.1,no
32,admin.,married,high.school,no,no,no,cellular,apr,mon,9,5,999,0,nonexistent,-1.8,93.075,-47.1,1.405,5099.1,no
58,technician,married,professional.course,unknown,yes,no,cellular,apr,mon,483,2,999,0,nonexistent,-1.8,93.075,-47.1,1.405,5099.1,no
36,technician,single,professional.course,unknown,yes,no,cellular,apr,mon,415,2,999,0,nonexistent,-1.8,93.075,-47.1,1.405,5099.1,no
19,student,single,unknown,no,yes,yes,cellular,apr,mon,206,1,999,0,nonexistent,-1.8,93.075,-47.1,1.405,5099.1,yes
46,entrepreneur,married,basic.4y,unknown,yes,no,cellular,apr,mon,630,3,999,0,nonexistent,-1.8,93.075,-47.1,1.405,5099.1,no
60,retired,married,basic.6y,no,yes,yes,telephone,apr,mon,384,5,999,0,nonexistent,-1.8,93.075,-47.1,1.405,5099.1,no
32,technician,married,professional.course,no,no,no,cellular,apr,mon,322,2,999,1,failure,-1.8,93.075,-47.1,1.405,5099.1,no
38,blue-collar,married,basic.4y,no,no,yes,cellular,apr,mon,287,3,999,0,nonexistent,-1.8,93.075,-47.1,1.405,5099.1,no
45,services,married,high.school,unknown,yes,no,cellular,apr,mon,184,2,999,1,failure,-1.8,93.075,-47.1,1.405,5099.1,no
40,services,single,high.school,no,no,no,cellular,apr,mon,1332,2,999,0,nonexistent,-1.8,93.075,-47.1,1.405,5099.1,yes
31,management,married,university.degree,unknown,no,no,cellular,apr,mon,397,3,999,0,nonexistent,-1.8,93.075,-47.1,1.405,5099.1,no
28,entrepreneur,married,university.degree,unknown,no,no,cellular,apr,mon,774,2,999,0,nonexistent,-1.8,93.075,-47.1,1.405,5099.1,no
25,self-employed,divorced,university.degree,no,yes,no,telephone,apr,mon,173,2,999,0,nonexistent,-1.8,93.075,-47.1,1.405,5099.1,no
40,technician,single,professional.course,no,yes,no,cellular,apr,mon,430,1,999,0,nonexistent,-1.8,93.075,-47.1,1.405,5099.1,no
51,blue-collar,married,basic.9y,unknown,no,no,cellular,apr,mon,12,5,999,0,nonexistent,-1.8,93.075,-47.1,1.405,5099.1,no
68,retired,married,high.school,no,no,yes,cellular,apr,mon,263,2,999,0,nonexistent,-1.8,93.075,-47.1,1.405,5099.1,no
42,blue-collar,married,high.school,no,yes,no,cellular,apr,mon,360,1,999,0,nonexistent,-1.8,93.075,-47.1,1.405,5099.1,no
47,blue-collar,married,basic.4y,no,yes,no,cellular,apr,mon,311,1,999,0,nonexistent,-1.8,93.075,-47.1,1.405,5099.1,no
40,blue-collar,married,basic.6y,unknown,yes,no,cellular,apr,mon,88,1,999,1,failure,-1.8,93.075,-47.1,1.405,5099.1,no
35,technician,married,university.degree,no,no,no,cellular,apr,mon,124,1,999,0,nonexistent,-1.8,93.075,-47.1,1.405,5099.1,no
48,services,single,high.school,no,yes,no,cellular,apr,mon,1202,3,999,0,nonexistent,-1.8,93.075,-47.1,1.405,5099.1,yes
47,blue-collar,married,basic.9y,no,yes,yes,cellular,apr,mon,390,1,999,0,nonexistent,-1.8,93.075,-47.1,1.405,5099.1,no
32,technician,divorced,basic.9y,no,no,no,cellular,apr,mon,105,1,999,0,nonexistent,-1.8,93.075,-47.1,1.405,5099.1,no
30,student,single,university.degree,no,yes,yes,telephone,apr,mon,37,1,999,0,nonexistent,-1.8,93.075,-47.1,1.405,5099.1,no
45,services,married,high.school,unknown,yes,no,cellular,apr,mon,79,1,999,1,failure,-1.8,93.075,-47.1,1.405,5099.1,no
32,services,married,high.school,no,yes,no,cellular,apr,mon,14,1,999,0,nonexistent,-1.8,93.075,-47.1,1.405,5099.1,no
36,admin.,married,university.degree,no,yes,no,cellular,apr,mon,506,2,999,0,nonexistent,-1.8,93.075,-47.1,1.405,5099.1,no
49,management,married,university.degree,no,no,no,cellular,apr,mon,257,1,999,0,nonexistent,-1.8,93.075,-47.1,1.405,5099.1,no
36,management,single,high.school,no,no,no,cellular,apr,mon,150,2,999,0,nonexistent,-1.8,93.075,-47.1,1.405,5099.1,no
37,blue-collar,divorced,basic.9y,no,yes,yes,cellular,apr,mon,156,1,999,0,nonexistent,-1.8,93.075,-47.1,1.405,5099.1,no
46,entrepreneur,single,university.degree,no,yes,yes,cellular,apr,mon,142,12,999,1,failure,-1.8,93.075,-47.1,1.405,5099.1,no
36,blue-collar,divorced,basic.6y,no,yes,no,cellular,apr,mon,339,1,999,0,nonexistent,-1.8,93.075,-47.1,1.405,5099.1,no
52,retired,married,high.school,no,yes,no,cellular,apr,mon,525,1,999,0,nonexistent,-1.8,93.075,-47.1,1.405,5099.1,no
40,blue-collar,married,basic.6y,no,yes,no,cellular,apr,mon,374,3,999,0,nonexistent,-1.8,93.075,-47.1,1.405,5099.1,no
33,blue-collar,single,basic.4y,no,no,no,cellular,apr,mon,210,1,999,0,nonexistent,-1.8,93.075,-47.1,1.405,5099.1,no
36,unemployed,single,professional.course,unknown,yes,no,cellular,apr,mon,533,1,999,0,nonexistent,-1.8,93.075,-47.1,1.405,5099.1,no
24,technician,single,high.school,no,yes,no,cellular,apr,mon,390,1,999,0,nonexistent,-1.8,93.075,-47.1,1.405,5099.1,no
32,management,single,university.degree,no,yes,no,cellular,apr,mon,122,3,999,0,nonexistent,-1.8,93.075,-47.1,1.405,5099.1,no
36,blue-collar,single,professional.course,unknown,yes,yes,telephone,apr,mon,73,3,999,1,failure,-1.8,93.075,-47.1,1.405,5099.1,no
38,technician,married,professional.course,no,yes,no,cellular,apr,mon,136,3,999,0,nonexistent,-1.8,93.075,-47.1,1.405,5099.1,no
37,blue-collar,married,basic.9y,no,yes,no,cellular,apr,mon,186,3,999,0,nonexistent,-1.8,93.075,-47.1,1.405,5099.1,no
42,admin.,married,basic.9y,no,no,no,telephone,apr,mon,406,3,999,1,failure,-1.8,93.075,-47.1,1.405,5099.1,no
30,admin.,married,high.school,no,no,no,cellular,apr,mon,566,1,999,0,nonexistent,-1.8,93.075,-47.1,1.405,5099.1,no
56,blue-collar,married,basic.6y,no,yes,yes,cellular,apr,mon,223,1,999,0,nonexistent,-1.8,93.075,-47.1,1.405,5099.1,no
40,blue-collar,married,basic.6y,no,no,no,cellular,apr,mon,83,5,999,0,nonexistent,-1.8,93.075,-47.1,1.405,5099.1,no
59,self-employed,married,professional.course,no,yes,no,cellular,apr,mon,860,1,999,0,nonexistent,-1.8,93.075,-47.1,1.405,5099.1,yes
35,blue-collar,married,basic.9y,no,no,no,cellular,apr,mon,207,1,999,1,failure,-1.8,93.075,-47.1,1.405,5099.1,no
39,entrepreneur,married,university.degree,unknown,yes,no,cellular,apr,mon,68,1,999,0,nonexistent,-1.8,93.075,-47.1,1.405,5099.1,no
53,blue-collar,married,high.school,unknown,yes,yes,cellular,apr,mon,62,4,999,0,nonexistent,-1.8,93.075,-47.1,1.405,5099.1,no
46,entrepreneur,single,university.degree,no,no,no,cellular,apr,mon,89,3,999,1,failure,-1.8,93.075,-47.1,1.405,5099.1,no
47,technician,married,high.school,unknown,no,no,cellular,apr,mon,267,2,999,1,failure,-1.8,93.075,-47.1,1.405,5099.1,no
29,services,single,high.school,no,no,no,cellular,apr,mon,386,2,999,1,failure,-1.8,93.075,-47.1,1.405,5099.1,no
53,blue-collar,married,high.school,unknown,no,no,cellular,apr,mon,193,1,999,0,nonexistent,-1.8,93.075,-47.1,1.405,5099.1,no
59,self-employed,married,professional.course,no,unknown,unknown,cellular,apr,mon,69,3,999,0,nonexistent,-1.8,93.075,-47.1,1.405,5099.1,no
41,blue-collar,married,high.school,no,no,no,cellular,apr,mon,239,1,999,0,nonexistent,-1.8,93.075,-47.1,1.405,5099.1,no
40,blue-collar,married,basic.4y,no,no,no,cellular,apr,mon,1550,1,999,0,nonexistent,-1.8,93.075,-47.1,1.405,5099.1,yes
42,blue-collar,single,unknown,unknown,no,no,cellular,apr,mon,241,1,999,0,nonexistent,-1.8,93.075,-47.1,1.405,5099.1,no
35,blue-collar,married,high.school,unknown,no,no,cellular,apr,mon,29,3,999,1,failure,-1.8,93.075,-47.1,1.405,5099.1,no
38,admin.,married,high.school,unknown,no,no,telephone,apr,mon,121,4,999,0,nonexistent,-1.8,93.075,-47.1,1.405,5099.1,no
26,admin.,married,high.school,no,yes,no,cellular,apr,mon,61,1,999,0,nonexistent,-1.8,93.075,-47.1,1.405,5099.1,no
42,services,married,high.school,no,yes,yes,cellular,apr,mon,234,5,999,0,nonexistent,-1.8,93.075,-47.1,1.405,5099.1,no
35,technician,married,university.degree,no,yes,no,cellular,apr,mon,185,3,999,1,failure,-1.8,93.075,-47.1,1.405,5099.1,no
44,blue-collar,married,basic.9y,unknown,yes,no,cellular,apr,mon,399,1,999,0,nonexistent,-1.8,93.075,-47.1,1.405,5099.1,no
31,blue-collar,married,basic.9y,no,yes,no,cellular,apr,mon,19,6,999,0,nonexistent,-1.8,93.075,-47.1,1.405,5099.1,no
43,services,married,high.school,no,no,no,cellular,apr,mon,26,3,999,0,nonexistent,-1.8,93.075,-47.1,1.405,5099.1,no
51,blue-collar,married,basic.9y,unknown,yes,no,cellular,apr,mon,143,2,999,0,nonexistent,-1.8,93.075,-47.1,1.405,5099.1,no
39,admin.,single,high.school,no,no,no,cellular,apr,mon,159,2,999,0,nonexistent,-1.8,93.075,-47.1,1.405,5099.1,no
41,admin.,single,university.degree,no,yes,no,cellular,apr,mon,279,1,999,0,nonexistent,-1.8,93.075,-47.1,1.405,5099.1,no
31,admin.,single,university.degree,no,yes,no,cellular,apr,mon,201,3,999,0,nonexistent,-1.8,93.075,-47.1,1.405,5099.1,no
44,blue-collar,married,basic.6y,no,no,no,cellular,apr,mon,428,1,999,0,nonexistent,-1.8,93.075,-47.1,1.405,5099.1,no
30,student,single,high.school,no,yes,no,cellular,apr,mon,7,6,999,1,failure,-1.8,93.075,-47.1,1.405,5099.1,no
46,entrepreneur,married,unknown,no,yes,no,cellular,apr,mon,466,3,999,0,nonexistent,-1.8,93.075,-47.1,1.405,5099.1,no
37,blue-collar,single,professional.course,no,yes,no,cellular,apr,mon,304,1,999,1,failure,-1.8,93.075,-47.1,1.405,5099.1,no
53,admin.,married,professional.course,no,yes,no,cellular,apr,mon,185,1,999,0,nonexistent,-1.8,93.075,-47.1,1.405,5099.1,no
34,technician,married,professional.course,no,yes,no,cellular,apr,mon,122,3,999,0,nonexistent,-1.8,93.075,-47.1,1.405,5099.1,no
48,services,divorced,high.school,no,yes,no,cellular,apr,mon,365,1,999,0,nonexistent,-1.8,93.075,-47.1,1.405,5099.1,no
38,admin.,single,university.degree,no,yes,no,cellular,apr,mon,285,1,999,1,failure,-1.8,93.075,-47.1,1.405,5099.1,no
38,admin.,single,university.degree,no,yes,no,cellular,apr,mon,275,1,999,0,nonexistent,-1.8,93.075,-47.1,1.405,5099.1,no
34,admin.,single,university.degree,no,yes,no,cellular,apr,mon,285,1,999,0,nonexistent,-1.8,93.075,-47.1,1.405,5099.1,no
73,retired,married,basic.4y,no,yes,no,cellular,apr,mon,158,1,6,1,success,-1.8,93.075,-47.1,1.405,5099.1,no
31,technician,single,professional.course,no,yes,no,cellular,apr,mon,199,6,999,0,nonexistent,-1.8,93.075,-47.1,1.405,5099.1,no
46,blue-collar,married,basic.9y,unknown,no,no,cellular,apr,mon,63,2,999,0,nonexistent,-1.8,93.075,-47.1,1.405,5099.1,no
56,retired,divorced,university.degree,no,yes,no,cellular,apr,mon,199,5,9,1,success,-1.8,93.075,-47.1,1.405,5099.1,no
46,blue-collar,married,basic.9y,unknown,yes,no,cellular,apr,mon,188,1,999,0,nonexistent,-1.8,93.075,-47.1,1.405,5099.1,no
40,blue-collar,married,basic.6y,unknown,yes,no,telephone,apr,mon,534,1,999,0,nonexistent,-1.8,93.075,-47.1,1.405,5099.1,no
37,management,married,university.degree,no,yes,no,cellular,apr,mon,198,1,999,0,nonexistent,-1.8,93.075,-47.1,1.405,5099.1,no
54,technician,married,professional.course,unknown,yes,no,cellular,apr,mon,130,2,999,0,nonexistent,-1.8,93.075,-47.1,1.405,5099.1,no
37,management,married,university.degree,no,no,no,cellular,apr,mon,352,1,999,0,nonexistent,-1.8,93.075,-47.1,1.405,5099.1,no
29,technician,single,university.degree,no,yes,no,cellular,apr,mon,210,2,999,0,nonexistent,-1.8,93.075,-47.1,1.405,5099.1,no
43,admin.,single,university.degree,no,yes,no,cellular,apr,mon,670,4,11,1,success,-1.8,93.075,-47.1,1.405,5099.1,yes
35,technician,single,university.degree,unknown,no,no,cellular,apr,mon,712,1,999,0,nonexistent,-1.8,93.075,-47.1,1.405,5099.1,no
37,management,married,university.degree,no,no,no,cellular,apr,mon,401,1,999,0,nonexistent,-1.8,93.075,-47.1,1.405,5099.1,no
33,technician,married,high.school,no,yes,no,cellular,apr,mon,59,1,999,0,nonexistent,-1.8,93.075,-47.1,1.405,5099.1,no
41,services,married,high.school,no,no,no,cellular,apr,mon,319,2,999,1,failure,-1.8,93.075,-47.1,1.405,5099.1,no
36,services,single,high.school,no,yes,no,cellular,apr,mon,142,2,999,1,failure,-1.8,93.075,-47.1,1.405,5099.1,no
40,management,married,university.degree,unknown,no,no,cellular,apr,mon,28,7,999,0,nonexistent,-1.8,93.075,-47.1,1.405,5099.1,no
40,admin.,single,high.school,no,yes,no,cellular,apr,mon,133,1,999,0,nonexistent,-1.8,93.075,-47.1,1.405,5099.1,yes
35,admin.,single,basic.9y,no,yes,no,cellular,apr,mon,79,1,999,1,failure,-1.8,93.075,-47.1,1.405,5099.1,no
26,admin.,single,high.school,no,yes,no,cellular,apr,mon,190,1,999,0,nonexistent,-1.8,93.075,-47.1,1.405,5099.1,yes
41,blue-collar,divorced,high.school,unknown,yes,no,cellular,apr,mon,111,1,999,0,nonexistent,-1.8,93.075,-47.1,1.405,5099.1,no
29,technician,single,university.degree,no,no,yes,cellular,apr,mon,222,1,999,0,nonexistent,-1.8,93.075,-47.1,1.405,5099.1,no
38,technician,married,professional.course,no,no,no,cellular,apr,mon,277,1,999,0,nonexistent,-1.8,93.075,-47.1,1.405,5099.1,no
37,blue-collar,married,high.school,no,yes,no,cellular,apr,mon,9,5,999,0,nonexistent,-1.8,93.075,-47.1,1.405,5099.1,no
57,entrepreneur,single,university.degree,no,no,yes,cellular,apr,mon,7,4,999,0,nonexistent,-1.8,93.075,-47.1,1.405,5099.1,no
37,management,married,university.degree,no,yes,no,cellular,apr,mon,13,5,999,0,nonexistent,-1.8,93.075,-47.1,1.405,5099.1,no
39,technician,single,professional.course,no,no,no,cellular,apr,mon,714,1,999,0,nonexistent,-1.8,93.075,-47.1,1.405,5099.1,no
42,services,married,university.degree,no,yes,no,cellular,apr,mon,257,1,999,0,nonexistent,-1.8,93.075,-47.1,1.405,5099.1,no
57,management,divorced,university.degree,unknown,no,no,cellular,apr,mon,322,2,999,0,nonexistent,-1.8,93.075,-47.1,1.405,5099.1,no
36,admin.,married,high.school,no,no,no,cellular,apr,mon,658,1,999,0,nonexistent,-1.8,93.075,-47.1,1.405,5099.1,no
50,blue-collar,married,basic.9y,no,no,no,cellular,apr,mon,98,3,999,0,nonexistent,-1.8,93.075,-47.1,1.405,5099.1,no
36,technician,married,high.school,no,yes,yes,cellular,apr,mon,42,1,999,0,nonexistent,-1.8,93.075,-47.1,1.405,5099.1,no
50,services,married,high.school,no,yes,no,cellular,apr,mon,12,6,999,0,nonexistent,-1.8,93.075,-47.1,1.405,5099.1,no
41,admin.,married,high.school,no,yes,yes,cellular,apr,mon,254,1,999,0,nonexistent,-1.8,93.075,-47.1,1.405,5099.1,no
26,admin.,single,high.school,no,no,no,cellular,apr,mon,123,3,999,0,nonexistent,-1.8,93.075,-47.1,1.405,5099.1,no
40,blue-collar,married,basic.6y,no,no,no,cellular,apr,mon,97,2,999,0,nonexistent,-1.8,93.075,-47.1,1.405,5099.1,no
46,entrepreneur,married,unknown,no,yes,yes,cellular,apr,mon,207,2,999,0,nonexistent,-1.8,93.075,-47.1,1.405,5099.1,no
32,student,single,university.degree,no,yes,no,cellular,apr,mon,712,4,999,0,nonexistent,-1.8,93.075,-47.1,1.405,5099.1,yes
59,self-employed,married,professional.course,no,yes,no,cellular,apr,mon,274,5,999,0,nonexistent,-1.8,93.075,-47.1,1.405,5099.1,no
38,blue-collar,divorced,basic.6y,no,yes,yes,cellular,apr,mon,37,1,999,1,failure,-1.8,93.075,-47.1,1.405,5099.1,no
35,blue-collar,married,high.school,unknown,yes,no,cellular,apr,mon,19,5,999,0,nonexistent,-1.8,93.075,-47.1,1.405,5099.1,no
40,admin.,divorced,university.degree,no,yes,no,cellular,apr,mon,238,1,999,0,nonexistent,-1.8,93.075,-47.1,1.405,5099.1,no
41,admin.,married,high.school,no,yes,yes,cellular,apr,mon,982,1,999,0,nonexistent,-1.8,93.075,-47.1,1.405,5099.1,no
45,services,divorced,basic.9y,no,no,no,cellular,apr,mon,231,1,999,0,nonexistent,-1.8,93.075,-47.1,1.405,5099.1,no
33,blue-collar,married,high.school,no,no,no,cellular,apr,mon,164,1,999,0,nonexistent,-1.8,93.075,-47.1,1.405,5099.1,no
36,management,married,university.degree,no,no,no,cellular,apr,mon,450,1,999,1,failure,-1.8,93.075,-47.1,1.405,5099.1,no
34,management,married,university.degree,no,yes,yes,cellular,apr,mon,107,1,999,0,nonexistent,-1.8,93.075,-47.1,1.405,5099.1,yes
42,services,married,high.school,no,yes,no,cellular,apr,mon,274,1,999,0,nonexistent,-1.8,93.075,-47.1,1.405,5099.1,no
34,blue-collar,single,basic.9y,unknown,yes,no,cellular,apr,mon,90,2,999,1,failure,-1.8,93.075,-47.1,1.405,5099.1,no
68,retired,married,high.school,no,yes,no,cellular,apr,mon,194,1,999,0,nonexistent,-1.8,93.075,-47.1,1.405,5099.1,yes
40,technician,single,professional.course,no,yes,no,cellular,apr,mon,250,1,999,1,failure,-1.8,93.075,-47.1,1.405,5099.1,no
35,technician,single,university.degree,no,yes,no,cellular,apr,mon,79,1,999,0,nonexistent,-1.8,93.075,-47.1,1.405,5099.1,no
40,technician,single,professional.course,no,yes,yes,cellular,apr,mon,538,1,999,0,nonexistent,-1.8,93.075,-47.1,1.405,5099.1,no
43,management,married,university.degree,no,yes,yes,cellular,apr,mon,21,5,999,0,nonexistent,-1.8,93.075,-47.1,1.405,5099.1,no
33,blue-collar,married,basic.9y,unknown,yes,no,cellular,apr,mon,335,1,999,1,failure,-1.8,93.075,-47.1,1.405,5099.1,no
30,technician,divorced,university.degree,no,no,no,cellular,apr,mon,96,1,999,0,nonexistent,-1.8,93.075,-47.1,1.405,5099.1,no
38,management,divorced,university.degree,no,no,yes,cellular,apr,mon,72,1,999,1,failure,-1.8,93.075,-47.1,1.405,5099.1,no
40,retired,single,high.school,no,yes,no,cellular,apr,mon,166,4,999,0,nonexistent,-1.8,93.075,-47.1,1.405,5099.1,no
37,services,divorced,high.school,unknown,yes,yes,cellular,apr,mon,92,1,999,1,failure,-1.8,93.075,-47.1,1.405,5099.1,no
35,blue-collar,married,high.school,unknown,no,no,cellular,apr,mon,63,1,999,0,nonexistent,-1.8,93.075,-47.1,1.405,5099.1,no
36,management,single,high.school,no,yes,no,cellular,apr,mon,508,1,999,0,nonexistent,-1.8,93.075,-47.1,1.405,5099.1,no
35,services,married,high.school,unknown,yes,no,cellular,apr,mon,219,1,999,0,nonexistent,-1.8,93.075,-47.1,1.405,5099.1,no
47,management,married,university.degree,no,no,no,cellular,apr,mon,51,3,999,0,nonexistent,-1.8,93.075,-47.1,1.405,5099.1,no
58,services,married,basic.6y,no,yes,no,cellular,apr,mon,41,3,999,0,nonexistent,-1.8,93.075,-47.1,1.405,5099.1,no
45,technician,single,professional.course,no,unknown,unknown,cellular,apr,mon,80,1,999,0,nonexistent,-1.8,93.075,-47.1,1.405,5099.1,no
35,admin.,single,university.degree,no,unknown,unknown,cellular,apr,mon,59,2,999,1,failure,-1.8,93.075,-47.1,1.405,5099.1,no
49,unemployed,married,basic.6y,unknown,no,no,cellular,apr,mon,68,5,999,1,failure,-1.8,93.075,-47.1,1.405,5099.1,no
57,entrepreneur,single,university.degree,no,yes,yes,cellular,apr,mon,45,1,999,1,failure,-1.8,93.075,-47.1,1.405,5099.1,no
26,admin.,single,high.school,no,no,no,telephone,apr,mon,216,2,999,0,nonexistent,-1.8,93.075,-47.1,1.405,5099.1,yes
35,services,single,professional.course,unknown,no,no,cellular,apr,mon,204,3,999,0,nonexistent,-1.8,93.075,-47.1,1.405,5099.1,no
31,management,single,university.degree,no,yes,no,cellular,apr,mon,92,1,999,1,failure,-1.8,93.075,-47.1,1.405,5099.1,no
46,admin.,married,high.school,unknown,no,no,cellular,apr,mon,11,5,999,2,failure,-1.8,93.075,-47.1,1.405,5099.1,no
34,admin.,divorced,university.degree,no,no,yes,cellular,apr,mon,473,1,999,1,failure,-1.8,93.075,-47.1,1.405,5099.1,no
34,technician,married,basic.9y,no,no,no,cellular,apr,mon,110,1,999,0,nonexistent,-1.8,93.075,-47.1,1.405,5099.1,no
30,blue-collar,married,basic.4y,no,no,no,cellular,apr,mon,87,4,999,1,failure,-1.8,93.075,-47.1,1.405,5099.1,no
57,entrepreneur,single,university.degree,no,yes,no,cellular,apr,mon,720,1,999,0,nonexistent,-1.8,93.075,-47.1,1.405,5099.1,yes
29,blue-collar,married,basic.6y,no,no,no,cellular,apr,mon,84,1,999,0,nonexistent,-1.8,93.075,-47.1,1.405,5099.1,no
34,technician,married,basic.9y,no,no,no,cellular,apr,mon,617,1,999,0,nonexistent,-1.8,93.075,-47.1,1.405,5099.1,no
36,services,single,high.school,unknown,no,yes,cellular,apr,mon,76,5,999,0,nonexistent,-1.8,93.075,-47.1,1.405,5099.1,no
43,management,married,university.degree,no,no,no,telephone,apr,mon,205,1,999,0,nonexistent,-1.8,93.075,-47.1,1.405,5099.1,no
32,technician,single,professional.course,no,no,no,cellular,apr,mon,62,1,999,1,failure,-1.8,93.075,-47.1,1.405,5099.1,no
32,technician,single,professional.course,no,no,no,cellular,apr,mon,33,1,6,1,success,-1.8,93.075,-47.1,1.405,5099.1,no
43,management,married,university.degree,no,no,no,cellular,apr,mon,246,1,999,1,failure,-1.8,93.075,-47.1,1.405,5099.1,no
52,services,married,basic.6y,no,no,yes,cellular,apr,mon,44,2,999,2,failure,-1.8,93.075,-47.1,1.405,5099.1,no
19,student,single,unknown,no,unknown,unknown,cellular,apr,mon,213,3,999,0,nonexistent,-1.8,93.075,-47.1,1.405,5099.1,yes
26,blue-collar,single,basic.9y,no,no,no,cellular,apr,mon,586,1,999,0,nonexistent,-1.8,93.075,-47.1,1.405,5099.1,yes
43,management,married,university.degree,no,no,yes,cellular,apr,mon,443,1,999,1,failure,-1.8,93.075,-47.1,1.405,5099.1,no
35,services,married,basic.9y,unknown,yes,no,cellular,apr,mon,201,3,999,0,nonexistent,-1.8,93.075,-47.1,1.405,5099.1,no
31,services,divorced,high.school,no,no,no,cellular,apr,mon,379,1,999,0,nonexistent,-1.8,93.075,-47.1,1.405,5099.1,no
31,services,divorced,high.school,no,no,no,cellular,apr,mon,330,1,999,0,nonexistent,-1.8,93.075,-47.1,1.405,5099.1,no
47,admin.,divorced,university.degree,no,yes,no,cellular,apr,mon,40,1,999,1,failure,-1.8,93.075,-47.1,1.405,5099.1,no
45,services,married,basic.4y,no,unknown,unknown,cellular,apr,mon,130,3,999,0,nonexistent,-1.8,93.075,-47.1,1.405,5099.1,no
37,technician,single,university.degree,no,no,no,cellular,apr,mon,190,1,999,0,nonexistent,-1.8,93.075,-47.1,1.405,5099.1,no
36,technician,divorced,professional.course,no,no,no,cellular,apr,mon,15,2,999,0,nonexistent,-1.8,93.075,-47.1,1.405,5099.1,no
36,technician,single,professional.course,unknown,yes,no,cellular,apr,mon,59,3,999,0,nonexistent,-1.8,93.075,-47.1,1.405,5099.1,no
48,services,divorced,high.school,no,yes,yes,cellular,apr,mon,111,2,999,1,failure,-1.8,93.075,-47.1,1.405,5099.1,no
57,services,married,high.school,unknown,yes,no,cellular,apr,mon,157,1,999,0,nonexistent,-1.8,93.075,-47.1,1.405,5099.1,no
53,housemaid,married,basic.6y,unknown,unknown,unknown,cellular,apr,mon,372,2,999,0,nonexistent,-1.8,93.075,-47.1,1.405,5099.1,no
23,student,single,high.school,no,yes,no,cellular,apr,mon,637,1,999,0,nonexistent,-1.8,93.075,-47.1,1.405,5099.1,no
32,technician,married,professional.course,no,yes,no,cellular,apr,mon,140,1,999,0,nonexistent,-1.8,93.075,-47.1,1.405,5099.1,no
56,self-employed,married,university.degree,no,yes,no,cellular,apr,mon,222,1,999,1,failure,-1.8,93.075,-47.1,1.405,5099.1,no
37,technician,single,professional.course,no,yes,no,cellular,apr,mon,20,4,999,0,nonexistent,-1.8,93.075,-47.1,1.405,5099.1,no
51,services,married,high.school,no,yes,no,cellular,apr,mon,272,1,999,0,nonexistent,-1.8,93.075,-47.1,1.405,5099.1,no
28,self-employed,single,university.degree,no,yes,no,cellular,apr,mon,64,1,999,0,nonexistent,-1.8,93.075,-47.1,1.405,5099.1,no
37,technician,single,professional.course,no,no,no,cellular,apr,mon,147,1,999,0,nonexistent,-1.8,93.075,-47.1,1.405,5099.1,no
31,technician,single,professional.course,no,yes,no,cellular,apr,mon,170,1,999,1,failure,-1.8,93.075,-47.1,1.405,5099.1,no
46,services,married,high.school,no,no,no,cellular,apr,mon,53,1,999,1,failure,-1.8,93.075,-47.1,1.405,5099.1,no
28,self-employed,single,university.degree,no,yes,no,cellular,apr,mon,187,1,999,0,nonexistent,-1.8,93.075,-47.1,1.405,5099.1,no
46,services,married,high.school,no,no,no,telephone,apr,mon,60,1,999,0,nonexistent,-1.8,93.075,-47.1,1.405,5099.1,no
46,services,married,high.school,no,yes,no,cellular,apr,mon,180,1,999,0,nonexistent,-1.8,93.075,-47.1,1.405,5099.1,no
30,admin.,single,university.degree,unknown,no,no,cellular,apr,mon,162,1,999,0,nonexistent,-1.8,93.075,-47.1,1.405,5099.1,no
46,admin.,married,university.degree,no,yes,no,cellular,apr,mon,75,1,999,0,nonexistent,-1.8,93.075,-47.1,1.405,5099.1,no
39,blue-collar,married,basic.4y,unknown,yes,no,cellular,apr,mon,405,2,999,0,nonexistent,-1.8,93.075,-47.1,1.405,5099.1,no
43,management,married,university.degree,no,yes,no,cellular,apr,mon,818,2,999,1,failure,-1.8,93.075,-47.1,1.405,5099.1,no
57,services,married,high.school,unknown,yes,no,cellular,apr,mon,297,2,999,0,nonexistent,-1.8,93.075,-47.1,1.405,5099.1,no
19,student,single,unknown,no,yes,no,cellular,apr,mon,159,2,999,0,nonexistent,-1.8,93.075,-47.1,1.405,5099.1,no
45,blue-collar,married,basic.6y,no,no,no,cellular,apr,mon,293,1,1,1,success,-1.8,93.075,-47.1,1.405,5099.1,no
32,technician,single,professional.course,no,yes,no,cellular,apr,mon,54,1,999,0,nonexistent,-1.8,93.075,-47.1,1.405,5099.1,no
55,services,married,high.school,no,yes,yes,cellular,apr,mon,691,1,999,0,nonexistent,-1.8,93.075,-47.1,1.405,5099.1,yes
50,blue-collar,married,basic.9y,no,yes,no,cellular,apr,mon,567,1,999,0,nonexistent,-1.8,93.075,-47.1,1.405,5099.1,yes
40,self-employed,married,basic.9y,no,yes,yes,cellular,apr,mon,64,4,999,0,nonexistent,-1.8,93.075,-47.1,1.405,5099.1,no
33,blue-collar,married,high.school,no,unknown,unknown,cellular,apr,mon,19,5,999,0,nonexistent,-1.8,93.075,-47.1,1.405,5099.1,no
39,unemployed,single,high.school,no,yes,no,telephone,apr,mon,22,1,999,0,nonexistent,-1.8,93.075,-47.1,1.405,5099.1,no
34,technician,married,basic.9y,no,yes,no,cellular,apr,mon,904,2,999,0,nonexistent,-1.8,93.075,-47.1,1.405,5099.1,yes
53,blue-collar,married,high.school,unknown,yes,no,cellular,apr,mon,354,1,999,0,nonexistent,-1.8,93.075,-47.1,1.405,5099.1,no
47,self-employed,married,university.degree,no,no,no,cellular,apr,mon,145,1,999,0,nonexistent,-1.8,93.075,-47.1,1.405,5099.1,no
52,admin.,married,university.degree,no,yes,no,cellular,apr,mon,95,2,999,0,nonexistent,-1.8,93.075,-47.1,1.405,5099.1,no
44,blue-collar,married,basic.6y,no,no,no,cellular,apr,mon,400,1,999,0,nonexistent,-1.8,93.075,-47.1,1.405,5099.1,no
41,blue-collar,married,basic.4y,unknown,no,no,cellular,apr,mon,197,3,999,0,nonexistent,-1.8,93.075,-47.1,1.405,5099.1,no
40,admin.,single,university.degree,no,yes,no,cellular,apr,mon,221,1,999,0,nonexistent,-1.8,93.075,-47.1,1.405,5099.1,no
34,blue-collar,married,basic.9y,no,yes,no,cellular,apr,mon,318,1,999,0,nonexistent,-1.8,93.075,-47.1,1.405,5099.1,no
40,management,married,university.degree,no,yes,no,cellular,apr,mon,96,2,999,1,failure,-1.8,93.075,-47.1,1.405,5099.1,no
46,blue-collar,married,basic.9y,unknown,no,yes,cellular,apr,mon,222,1,999,0,nonexistent,-1.8,93.075,-47.1,1.405,5099.1,no
44,blue-collar,married,basic.4y,no,unknown,unknown,cellular,apr,mon,308,1,999,1,failure,-1.8,93.075,-47.1,1.405,5099.1,no
29,blue-collar,married,basic.9y,unknown,no,no,cellular,apr,mon,54,1,999,1,failure,-1.8,93.075,-47.1,1.405,5099.1,no
71,retired,married,university.degree,no,no,no,cellular,apr,mon,349,1,999,0,nonexistent,-1.8,93.075,-47.1,1.405,5099.1,yes
38,admin.,single,university.degree,no,yes,yes,cellular,apr,mon,6,1,999,0,nonexistent,-1.8,93.075,-47.1,1.405,5099.1,no
46,services,married,high.school,no,no,no,cellular,apr,mon,91,1,999,1,failure,-1.8,93.075,-47.1,1.405,5099.1,no
52,services,married,basic.6y,no,yes,no,cellular,apr,mon,44,1,999,0,nonexistent,-1.8,93.075,-47.1,1.405,5099.1,no
52,services,married,basic.6y,no,no,no,cellular,apr,mon,157,1,999,1,failure,-1.8,93.075,-47.1,1.405,5099.1,no
48,services,divorced,high.school,no,no,no,cellular,apr,mon,715,1,999,1,failure,-1.8,93.075,-47.1,1.405,5099.1,no
56,housemaid,married,basic.4y,no,yes,no,cellular,apr,mon,325,1,999,0,nonexistent,-1.8,93.075,-47.1,1.405,5099.1,yes
49,entrepreneur,married,university.degree,no,yes,no,cellular,apr,mon,334,1,999,0,nonexistent,-1.8,93.075,-47.1,1.405,5099.1,no
37,admin.,married,university.degree,no,yes,yes,cellular,apr,mon,245,1,999,0,nonexistent,-1.8,93.075,-47.1,1.405,5099.1,no
75,retired,divorced,basic.4y,no,no,no,cellular,apr,mon,227,4,999,0,nonexistent,-1.8,93.075,-47.1,1.405,5099.1,yes
23,admin.,married,high.school,no,no,no,cellular,apr,mon,297,4,999,0,nonexistent,-1.8,93.075,-47.1,1.405,5099.1,no
57,management,divorced,university.degree,unknown,yes,no,cellular,apr,mon,108,1,999,0,nonexistent,-1.8,93.075,-47.1,1.405,5099.1,no
50,technician,married,professional.course,no,yes,no,cellular,apr,mon,38,1,999,0,nonexistent,-1.8,93.075,-47.1,1.405,5099.1,no
53,admin.,single,university.degree,no,no,no,cellular,apr,mon,59,3,999,0,nonexistent,-1.8,93.075,-47.1,1.405,5099.1,no
47,technician,married,high.school,unknown,no,no,cellular,apr,mon,222,1,999,1,failure,-1.8,93.075,-47.1,1.405,5099.1,no
37,blue-collar,divorced,basic.9y,no,yes,no,cellular,apr,mon,23,4,999,0,nonexistent,-1.8,93.075,-47.1,1.405,5099.1,no
41,blue-collar,married,basic.9y,no,yes,no,cellular,apr,mon,148,2,999,0,nonexistent,-1.8,93.075,-47.1,1.405,5099.1,no
52,admin.,married,university.degree,no,yes,no,cellular,apr,mon,181,2,999,1,failure,-1.8,93.075,-47.1,1.405,5099.1,no
54,technician,married,high.school,no,yes,no,cellular,apr,mon,82,1,999,0,nonexistent,-1.8,93.075,-47.1,1.405,5099.1,no
31,services,married,high.school,no,no,no,telephone,apr,mon,151,1,999,0,nonexistent,-1.8,93.075,-47.1,1.405,5099.1,no
30,admin.,single,high.school,no,yes,no,cellular,apr,mon,180,3,999,1,failure,-1.8,93.075,-47.1,1.405,5099.1,no
33,blue-collar,married,basic.9y,no,yes,no,cellular,apr,mon,253,3,999,2,failure,-1.8,93.075,-47.1,1.405,5099.1,no
30,blue-collar,married,basic.4y,no,yes,no,cellular,apr,mon,202,1,999,0,nonexistent,-1.8,93.075,-47.1,1.405,5099.1,no
45,admin.,divorced,high.school,unknown,yes,no,cellular,apr,mon,47,1,999,0,nonexistent,-1.8,93.075,-47.1,1.405,5099.1,no
33,technician,married,high.school,no,no,no,cellular,apr,mon,211,2,999,1,failure,-1.8,93.075,-47.1,1.405,5099.1,no
53,management,divorced,university.degree,unknown,unknown,unknown,cellular,apr,mon,249,2,999,0,nonexistent,-1.8,93.075,-47.1,1.405,5099.1,no
38,admin.,single,university.degree,no,unknown,unknown,cellular,apr,mon,147,2,999,0,nonexistent,-1.8,93.075,-47.1,1.405,5099.1,no
45,blue-collar,married,basic.6y,no,yes,no,cellular,apr,mon,170,1,999,1,failure,-1.8,93.075,-47.1,1.405,5099.1,no
34,entrepreneur,single,university.degree,no,no,no,cellular,apr,mon,151,1,999,0,nonexistent,-1.8,93.075,-47.1,1.405,5099.1,no
22,services,single,high.school,no,yes,no,cellular,apr,mon,224,1,999,0,nonexistent,-1.8,93.075,-47.1,1.405,5099.1,no
36,blue-collar,married,basic.9y,no,yes,no,cellular,apr,mon,430,1,999,0,nonexistent,-1.8,93.075,-47.1,1.405,5099.1,no
35,blue-collar,married,basic.4y,unknown,yes,no,cellular,apr,mon,107,1,999,0,nonexistent,-1.8,93.075,-47.1,1.405,5099.1,no
19,student,single,unknown,no,yes,no,cellular,apr,mon,205,1,999,1,failure,-1.8,93.075,-47.1,1.405,5099.1,yes
35,admin.,married,university.degree,no,yes,no,cellular,apr,mon,129,1,999,1,failure,-1.8,93.075,-47.1,1.405,5099.1,no
52,admin.,divorced,basic.9y,no,yes,yes,cellular,apr,mon,20,5,999,1,failure,-1.8,93.075,-47.1,1.405,5099.1,no
31,services,divorced,high.school,no,no,no,cellular,apr,mon,379,2,999,0,nonexistent,-1.8,93.075,-47.1,1.405,5099.1,no
40,admin.,divorced,university.degree,no,yes,no,telephone,apr,mon,180,1,999,0,nonexistent,-1.8,93.075,-47.1,1.405,5099.1,no
45,technician,married,high.school,no,yes,no,cellular,apr,mon,116,2,999,1,failure,-1.8,93.075,-47.1,1.405,5099.1,no
33,technician,divorced,professional.course,no,yes,no,cellular,apr,mon,153,1,999,1,failure,-1.8,93.075,-47.1,1.405,5099.1,no
37,services,divorced,high.school,unknown,yes,no,cellular,apr,mon,369,3,999,0,nonexistent,-1.8,93.075,-47.1,1.405,5099.1,no
31,self-employed,married,university.degree,no,yes,no,cellular,apr,mon,291,1,999,0,nonexistent,-1.8,93.075,-47.1,1.405,5099.1,no
43,blue-collar,married,basic.4y,no,yes,no,cellular,apr,mon,268,1,999,0,nonexistent,-1.8,93.075,-47.1,1.405,5099.1,no
40,services,married,high.school,unknown,yes,no,cellular,apr,mon,226,1,999,0,nonexistent,-1.8,93.075,-47.1,1.405,5099.1,no
45,blue-collar,married,basic.9y,no,yes,no,cellular,apr,mon,174,1,999,1,failure,-1.8,93.075,-47.1,1.405,5099.1,no
31,admin.,single,university.degree,no,yes,no,cellular,apr,mon,98,2,999,0,nonexistent,-1.8,93.075,-47.1,1.405,5099.1,no
59,self-employed,married,professional.course,no,yes,no,cellular,apr,mon,121,2,999,0,nonexistent,-1.8,93.075,-47.1,1.405,5099.1,no
33,housemaid,single,high.school,unknown,yes,yes,cellular,apr,mon,114,1,999,1,failure,-1.8,93.075,-47.1,1.405,5099.1,no
37,blue-collar,single,basic.4y,no,yes,no,cellular,apr,mon,326,3,999,0,nonexistent,-1.8,93.075,-47.1,1.405,5099.1,no
60,blue-collar,married,basic.4y,unknown,yes,no,cellular,apr,mon,89,1,999,0,nonexistent,-1.8,93.075,-47.1,1.405,5099.1,no
30,technician,divorced,university.degree,no,no,no,cellular,apr,mon,281,1,999,0,nonexistent,-1.8,93.075,-47.1,1.405,5099.1,no
53,management,divorced,university.degree,unknown,yes,no,cellular,apr,mon,165,1,999,1,failure,-1.8,93.075,-47.1,1.405,5099.1,no
33,blue-collar,married,high.school,no,no,no,cellular,apr,mon,207,1,999,0,nonexistent,-1.8,93.075,-47.1,1.405,5099.1,no
59,technician,divorced,professional.course,no,no,no,cellular,apr,mon,185,1,999,0,nonexistent,-1.8,93.075,-47.1,1.405,5099.1,yes
40,blue-collar,married,basic.6y,unknown,unknown,unknown,cellular,apr,mon,121,1,999,0,nonexistent,-1.8,93.075,-47.1,1.405,5099.1,no
29,technician,single,basic.9y,no,unknown,unknown,telephone,apr,mon,116,1,999,0,nonexistent,-1.8,93.075,-47.1,1.405,5099.1,no
50,admin.,married,high.school,no,no,no,cellular,apr,mon,177,2,999,1,failure,-1.8,93.075,-47.1,1.405,5099.1,no
25,self-employed,divorced,university.degree,no,no,no,cellular,apr,mon,111,1,999,0,nonexistent,-1.8,93.075,-47.1,1.405,5099.1,no
35,technician,single,university.degree,unknown,yes,yes,cellular,apr,mon,378,1,999,0,nonexistent,-1.8,93.075,-47.1,1.405,5099.1,no
44,management,married,university.degree,no,no,no,cellular,apr,mon,44,2,999,0,nonexistent,-1.8,93.075,-47.1,1.405,5099.1,no
32,admin.,single,university.degree,no,yes,no,cellular,apr,mon,237,2,999,0,nonexistent,-1.8,93.075,-47.1,1.405,5099.1,no
37,management,married,university.degree,no,no,no,cellular,apr,mon,666,1,999,0,nonexistent,-1.8,93.075,-47.1,1.405,5099.1,no
50,admin.,divorced,basic.9y,no,yes,yes,cellular,apr,mon,137,2,999,0,nonexistent,-1.8,93.075,-47.1,1.405,5099.1,no
37,admin.,married,high.school,no,no,no,cellular,apr,mon,131,3,999,0,nonexistent,-1.8,93.075,-47.1,1.405,5099.1,no
21,student,single,high.school,no,yes,no,cellular,apr,mon,110,3,999,0,nonexistent,-1.8,93.075,-47.1,1.405,5099.1,no
32,management,single,university.degree,no,no,no,cellular,apr,mon,333,1,999,0,nonexistent,-1.8,93.075,-47.1,1.405,5099.1,no
39,management,single,university.degree,no,yes,no,cellular,apr,mon,48,3,999,0,nonexistent,-1.8,93.075,-47.1,1.405,5099.1,no
34,blue-collar,married,basic.9y,no,no,no,cellular,apr,mon,86,2,999,0,nonexistent,-1.8,93.075,-47.1,1.405,5099.1,no
51,blue-collar,divorced,basic.4y,no,no,yes,cellular,apr,mon,16,5,999,0,nonexistent,-1.8,93.075,-47.1,1.405,5099.1,no
45,services,divorced,basic.9y,no,yes,no,cellular,apr,mon,325,1,999,0,nonexistent,-1.8,93.075,-47.1,1.405,5099.1,no
46,services,married,high.school,unknown,yes,no,cellular,apr,mon,766,2,999,0,nonexistent,-1.8,93.075,-47.1,1.405,5099.1,no
21,self-employed,single,university.degree,no,yes,yes,cellular,apr,mon,169,1,999,0,nonexistent,-1.8,93.075,-47.1,1.405,5099.1,no
54,technician,married,high.school,no,no,no,cellular,apr,mon,58,3,999,2,failure,-1.8,93.075,-47.1,1.405,5099.1,no
31,services,divorced,high.school,no,yes,no,cellular,apr,mon,267,1,999,0,nonexistent,-1.8,93.075,-47.1,1.405,5099.1,no
21,self-employed,single,university.degree,no,yes,no,cellular,apr,mon,345,1,999,0,nonexistent,-1.8,93.075,-47.1,1.405,5099.1,yes
41,admin.,single,university.degree,no,no,no,cellular,apr,mon,115,2,999,0,nonexistent,-1.8,93.075,-47.1,1.405,5099.1,no
50,entrepreneur,married,high.school,no,yes,no,cellular,apr,mon,257,1,999,0,nonexistent,-1.8,93.075,-47.1,1.405,5099.1,no
38,admin.,unknown,university.degree,no,no,no,cellular,apr,mon,517,1,999,0,nonexistent,-1.8,93.075,-47.1,1.405,5099.1,no
38,blue-collar,married,high.school,no,no,no,telephone,apr,mon,340,1,999,0,nonexistent,-1.8,93.075,-47.1,1.405,5099.1,no
48,services,divorced,high.school,no,unknown,unknown,cellular,apr,mon,124,1,999,1,failure,-1.8,93.075,-47.1,1.405,5099.1,no
23,student,single,university.degree,no,unknown,unknown,cellular,apr,mon,131,6,999,1,failure,-1.8,93.075,-47.1,1.405,5099.1,no
36,admin.,married,high.school,no,yes,no,cellular,apr,mon,53,1,999,0,nonexistent,-1.8,93.075,-47.1,1.405,5099.1,no
42,blue-collar,married,basic.4y,no,yes,yes,cellular,apr,mon,172,1,999,0,nonexistent,-1.8,93.075,-47.1,1.405,5099.1,no
39,technician,single,university.degree,no,yes,yes,cellular,apr,mon,861,6,999,1,failure,-1.8,93.075,-47.1,1.405,5099.1,no
31,services,married,basic.9y,no,no,no,cellular,apr,mon,74,2,999,0,nonexistent,-1.8,93.075,-47.1,1.405,5099.1,no
34,admin.,single,basic.6y,no,no,no,cellular,apr,mon,28,5,999,0,nonexistent,-1.8,93.075,-47.1,1.405,5099.1,no
34,admin.,single,basic.6y,no,no,no,cellular,apr,mon,170,2,999,0,nonexistent,-1.8,93.075,-47.1,1.405,5099.1,no
36,admin.,single,university.degree,unknown,yes,no,cellular,apr,mon,198,1,999,0,nonexistent,-1.8,93.075,-47.1,1.405,5099.1,no
41,technician,married,professional.course,no,yes,yes,cellular,apr,mon,168,3,999,1,failure,-1.8,93.075,-47.1,1.405,5099.1,no
32,technician,single,professional.course,no,yes,yes,cellular,apr,mon,230,1,999,1,failure,-1.8,93.075,-47.1,1.405,5099.1,no
43,management,married,university.degree,no,no,no,cellular,apr,mon,48,2,999,1,failure,-1.8,93.075,-47.1,1.405,5099.1,no
41,blue-collar,married,basic.4y,no,no,no,cellular,apr,mon,243,2,999,0,nonexistent,-1.8,93.075,-47.1,1.405,5099.1,no
46,blue-collar,single,university.degree,no,no,no,cellular,apr,mon,1422,2,999,0,nonexistent,-1.8,93.075,-47.1,1.405,5099.1,yes
31,services,divorced,high.school,no,no,no,cellular,apr,mon,150,2,999,0,nonexistent,-1.8,93.075,-47.1,1.405,5099.1,no
41,admin.,married,high.school,no,no,yes,cellular,apr,mon,239,2,999,1,failure,-1.8,93.075,-47.1,1.405,5099.1,no
40,blue-collar,married,basic.4y,no,yes,yes,cellular,apr,mon,45,4,999,1,failure,-1.8,93.075,-47.1,1.405,5099.1,no
41,admin.,married,professional.course,no,yes,yes,cellular,apr,mon,528,3,999,1,failure,-1.8,93.075,-47.1,1.405,5099.1,no
39,admin.,single,high.school,no,yes,yes,cellular,apr,mon,55,1,999,0,nonexistent,-1.8,93.075,-47.1,1.405,5099.1,no
39,admin.,single,university.degree,no,yes,no,cellular,apr,mon,72,1,999,1,failure,-1.8,93.075,-47.1,1.405,5099.1,no
39,services,single,basic.9y,unknown,yes,no,cellular,apr,mon,54,2,999,0,nonexistent,-1.8,93.075,-47.1,1.405,5099.1,no
19,student,single,unknown,no,yes,no,cellular,apr,mon,104,3,999,0,nonexistent,-1.8,93.075,-47.1,1.405,5099.1,no
33,admin.,single,university.degree,unknown,no,no,cellular,apr,mon,73,4,999,0,nonexistent,-1.8,93.075,-47.1,1.405,5099.1,no
40,blue-collar,married,basic.4y,no,no,no,cellular,apr,mon,687,1,999,1,failure,-1.8,93.075,-47.1,1.405,5099.1,no
43,technician,divorced,professional.course,unknown,yes,no,cellular,apr,mon,104,5,999,0,nonexistent,-1.8,93.075,-47.1,1.405,5099.1,no
29,technician,single,basic.9y,no,yes,no,cellular,apr,mon,114,2,999,0,nonexistent,-1.8,93.075,-47.1,1.405,5099.1,yes
37,blue-collar,married,high.school,no,yes,no,cellular,apr,mon,233,3,999,0,nonexistent,-1.8,93.075,-47.1,1.405,5099.1,no
21,student,single,high.school,no,no,no,cellular,apr,mon,258,4,999,1,failure,-1.8,93.075,-47.1,1.405,5099.1,no
36,services,married,high.school,no,yes,no,cellular,apr,mon,334,2,999,0,nonexistent,-1.8,93.075,-47.1,1.405,5099.1,no
50,management,married,university.degree,no,yes,no,cellular,apr,mon,143,4,999,0,nonexistent,-1.8,93.075,-47.1,1.405,5099.1,no
31,services,single,high.school,no,yes,yes,cellular,apr,mon,289,3,999,1,failure,-1.8,93.075,-47.1,1.405,5099.1,no
35,management,married,university.degree,no,no,no,cellular,apr,mon,81,3,999,0,nonexistent,-1.8,93.075,-47.1,1.405,5099.1,no
37,blue-collar,married,basic.4y,unknown,no,yes,cellular,apr,mon,64,3,999,1,failure,-1.8,93.075,-47.1,1.405,5099.1,no
42,services,married,university.degree,no,yes,no,cellular,apr,mon,155,4,999,0,nonexistent,-1.8,93.075,-47.1,1.405,5099.1,no
25,self-employed,single,university.degree,unknown,yes,no,cellular,apr,mon,66,3,999,0,nonexistent,-1.8,93.075,-47.1,1.405,5099.1,no
54,management,married,university.degree,unknown,no,yes,cellular,apr,mon,1817,3,999,0,nonexistent,-1.8,93.075,-47.1,1.405,5099.1,yes
25,admin.,married,university.degree,no,yes,no,cellular,apr,mon,137,1,999,1,failure,-1.8,93.075,-47.1,1.405,5099.1,no
52,entrepreneur,married,basic.9y,no,yes,yes,telephone,apr,mon,67,5,999,0,nonexistent,-1.8,93.075,-47.1,1.405,5099.1,no
25,admin.,single,university.degree,no,no,yes,cellular,apr,mon,120,1,999,0,nonexistent,-1.8,93.075,-47.1,1.405,5099.1,yes
31,services,married,basic.9y,no,yes,no,cellular,apr,mon,1030,3,999,0,nonexistent,-1.8,93.075,-47.1,1.405,5099.1,yes
47,technician,married,basic.9y,no,yes,no,cellular,apr,mon,151,2,999,1,failure,-1.8,93.075,-47.1,1.405,5099.1,no
31,admin.,single,university.degree,no,yes,yes,cellular,apr,mon,885,5,999,1,failure,-1.8,93.075,-47.1,1.405,5099.1,yes
69,retired,divorced,basic.4y,no,no,no,cellular,apr,mon,92,1,999,0,nonexistent,-1.8,93.075,-47.1,1.405,5099.1,no
37,blue-collar,married,basic.6y,no,yes,no,cellular,apr,mon,724,2,999,0,nonexistent,-1.8,93.075,-47.1,1.405,5099.1,no
47,blue-collar,single,basic.9y,unknown,yes,no,cellular,apr,mon,68,2,999,0,nonexistent,-1.8,93.075,-47.1,1.405,5099.1,no
36,blue-collar,single,professional.course,unknown,no,no,cellular,apr,mon,36,2,999,1,failure,-1.8,93.075,-47.1,1.405,5099.1,no
34,admin.,single,university.degree,no,yes,no,cellular,apr,mon,58,2,999,1,failure,-1.8,93.075,-47.1,1.405,5099.1,no
37,admin.,married,basic.9y,no,yes,no,cellular,apr,mon,304,7,999,1,failure,-1.8,93.075,-47.1,1.405,5099.1,no
33,admin.,single,high.school,unknown,yes,no,telephone,apr,mon,58,5,999,0,nonexistent,-1.8,93.075,-47.1,1.405,5099.1,no
46,services,divorced,high.school,unknown,yes,no,cellular,apr,mon,81,2,999,1,failure,-1.8,93.075,-47.1,1.405,5099.1,no
34,admin.,married,basic.9y,no,yes,no,cellular,apr,mon,401,2,999,0,nonexistent,-1.8,93.075,-47.1,1.405,5099.1,no
50,blue-collar,married,basic.4y,no,no,no,cellular,apr,mon,246,2,999,0,nonexistent,-1.8,93.075,-47.1,1.405,5099.1,no
46,services,married,high.school,unknown,no,no,cellular,apr,mon,270,2,999,1,failure,-1.8,93.075,-47.1,1.405,5099.1,no
31,services,married,basic.9y,no,no,no,cellular,apr,mon,643,3,999,0,nonexistent,-1.8,93.075,-47.1,1.405,5099.1,no
39,management,married,university.degree,no,no,yes,cellular,apr,mon,76,4,999,0,nonexistent,-1.8,93.075,-47.1,1.405,5099.1,no
33,blue-collar,married,basic.9y,unknown,no,no,cellular,apr,mon,11,3,999,0,nonexistent,-1.8,93.075,-47.1,1.405,5099.1,no
32,blue-collar,single,basic.6y,no,no,no,cellular,apr,mon,87,4,999,0,nonexistent,-1.8,93.075,-47.1,1.405,5099.1,no
42,blue-collar,married,high.school,no,yes,no,cellular,apr,mon,89,3,999,0,nonexistent,-1.8,93.075,-47.1,1.405,5099.1,no
34,admin.,single,university.degree,no,yes,no,cellular,apr,mon,81,4,999,0,nonexistent,-1.8,93.075,-47.1,1.405,5099.1,no
37,blue-collar,married,professional.course,no,yes,no,cellular,apr,mon,93,4,999,0,nonexistent,-1.8,93.075,-47.1,1.405,5099.1,no
52,entrepreneur,divorced,university.degree,unknown,yes,no,telephone,apr,mon,70,4,999,0,nonexistent,-1.8,93.075,-47.1,1.405,5099.1,no
35,services,married,high.school,no,no,no,cellular,apr,mon,226,2,999,0,nonexistent,-1.8,93.075,-47.1,1.405,5099.1,no
33,housemaid,married,basic.4y,no,yes,no,cellular,apr,mon,172,2,999,0,nonexistent,-1.8,93.075,-47.1,1.405,5099.1,no
39,admin.,single,high.school,no,no,no,cellular,apr,mon,121,2,999,0,nonexistent,-1.8,93.075,-47.1,1.405,5099.1,no
50,blue-collar,married,basic.9y,no,yes,no,cellular,apr,mon,249,3,999,1,failure,-1.8,93.075,-47.1,1.405,5099.1,no
34,blue-collar,single,basic.9y,no,yes,no,cellular,apr,mon,8,3,999,0,nonexistent,-1.8,93.075,-47.1,1.405,5099.1,no
33,blue-collar,divorced,basic.9y,no,no,no,cellular,apr,mon,10,6,999,0,nonexistent,-1.8,93.075,-47.1,1.405,5099.1,no
42,services,married,university.degree,no,no,no,cellular,apr,mon,890,2,999,0,nonexistent,-1.8,93.075,-47.1,1.405,5099.1,no
31,admin.,single,university.degree,no,yes,no,cellular,apr,mon,10,3,999,0,nonexistent,-1.8,93.075,-47.1,1.405,5099.1,no
57,self-employed,married,basic.4y,no,yes,no,telephone,apr,mon,534,3,999,1,failure,-1.8,93.075,-47.1,1.405,5099.1,no
56,retired,divorced,university.degree,no,yes,no,cellular,apr,mon,529,3,999,0,nonexistent,-1.8,93.075,-47.1,1.405,5099.1,no
43,blue-collar,married,basic.9y,no,yes,no,cellular,apr,mon,8,2,999,0,nonexistent,-1.8,93.075,-47.1,1.405,5099.1,no
36,technician,married,basic.9y,no,yes,yes,cellular,apr,mon,7,3,999,0,nonexistent,-1.8,93.075,-47.1,1.405,5099.1,no
33,housemaid,married,basic.4y,no,yes,no,cellular,apr,mon,8,3,999,0,nonexistent,-1.8,93.075,-47.1,1.405,5099.1,no
44,blue-collar,married,basic.9y,unknown,yes,no,cellular,apr,mon,81,3,999,0,nonexistent,-1.8,93.075,-47.1,1.405,5099.1,no
41,admin.,married,professional.course,no,no,no,cellular,apr,mon,9,2,999,0,nonexistent,-1.8,93.075,-47.1,1.405,5099.1,no
34,blue-collar,married,basic.9y,unknown,yes,no,cellular,apr,mon,10,3,999,0,nonexistent,-1.8,93.075,-47.1,1.405,5099.1,no
23,student,single,high.school,no,no,no,cellular,apr,mon,400,2,999,0,nonexistent,-1.8,93.075,-47.1,1.405,5099.1,no
24,technician,single,professional.course,no,yes,no,cellular,apr,mon,200,3,999,1,failure,-1.8,93.075,-47.1,1.405,5099.1,no
38,services,married,high.school,no,yes,no,cellular,apr,mon,22,3,999,0,nonexistent,-1.8,93.075,-47.1,1.405,5099.1,no
40,management,married,university.degree,unknown,yes,no,cellular,apr,mon,241,2,999,0,nonexistent,-1.8,93.075,-47.1,1.405,5099.1,no
29,admin.,single,high.school,no,yes,no,telephone,apr,mon,32,2,999,1,failure,-1.8,93.075,-47.1,1.405,5099.1,no
33,blue-collar,married,high.school,no,yes,no,cellular,apr,mon,52,2,999,0,nonexistent,-1.8,93.075,-47.1,1.405,5099.1,no
33,technician,single,professional.course,no,no,no,cellular,apr,mon,69,3,999,0,nonexistent,-1.8,93.075,-47.1,1.405,5099.1,no
30,blue-collar,single,basic.9y,unknown,yes,no,cellular,apr,mon,145,4,999,0,nonexistent,-1.8,93.075,-47.1,1.405,5099.1,no
50,admin.,married,high.school,no,yes,no,cellular,apr,mon,562,2,999,0,nonexistent,-1.8,93.075,-47.1,1.405,5099.1,no
35,services,married,basic.9y,no,yes,no,telephone,apr,mon,26,4,999,2,failure,-1.8,93.075,-47.1,1.405,5099.1,no
46,services,married,high.school,no,no,no,cellular,apr,mon,124,4,999,0,nonexistent,-1.8,93.075,-47.1,1.405,5099.1,no
43,technician,divorced,professional.course,unknown,yes,no,telephone,apr,mon,18,5,999,1,failure,-1.8,93.075,-47.1,1.405,5099.1,no
33,services,single,high.school,no,no,no,cellular,apr,mon,11,5,999,0,nonexistent,-1.8,93.075,-47.1,1.405,5099.1,no
29,technician,single,unknown,no,no,no,cellular,apr,mon,415,2,999,0,nonexistent,-1.8,93.075,-47.1,1.405,5099.1,no
40,admin.,single,university.degree,no,no,no,cellular,apr,mon,140,4,999,1,failure,-1.8,93.075,-47.1,1.405,5099.1,no
44,blue-collar,divorced,basic.4y,unknown,yes,no,cellular,apr,mon,16,3,999,1,failure,-1.8,93.075,-47.1,1.405,5099.1,no
37,blue-collar,married,basic.9y,no,no,yes,cellular,apr,mon,116,3,999,0,nonexistent,-1.8,93.075,-47.1,1.405,5099.1,no
36,technician,married,basic.6y,no,no,no,cellular,apr,mon,316,2,999,1,failure,-1.8,93.075,-47.1,1.405,5099.1,no
57,technician,married,university.degree,no,no,no,cellular,apr,mon,72,2,999,0,nonexistent,-1.8,93.075,-47.1,1.405,5099.1,no
47,blue-collar,married,basic.9y,no,yes,no,cellular,apr,mon,9,2,999,0,nonexistent,-1.8,93.075,-47.1,1.405,5099.1,no
42,admin.,divorced,high.school,no,no,no,cellular,apr,mon,190,2,999,1,failure,-1.8,93.075,-47.1,1.405,5099.1,no
31,blue-collar,married,professional.course,unknown,yes,no,cellular,apr,mon,280,4,999,0,nonexistent,-1.8,93.075,-47.1,1.405,5099.1,no
38,technician,single,professional.course,no,yes,no,cellular,apr,mon,152,5,999,0,nonexistent,-1.8,93.075,-47.1,1.405,5099.1,no
34,blue-collar,single,basic.9y,unknown,no,no,cellular,apr,mon,36,2,999,1,failure,-1.8,93.075,-47.1,1.405,5099.1,no
46,entrepreneur,married,unknown,no,yes,no,cellular,apr,mon,58,4,999,0,nonexistent,-1.8,93.075,-47.1,1.405,5099.1,no
38,entrepreneur,married,basic.9y,no,yes,no,cellular,apr,mon,13,4,999,1,failure,-1.8,93.075,-47.1,1.405,5099.1,no
49,admin.,married,university.degree,no,yes,no,cellular,apr,mon,404,6,999,1,failure,-1.8,93.075,-47.1,1.405,5099.1,no
56,technician,married,professional.course,unknown,no,no,cellular,apr,mon,136,3,999,0,nonexistent,-1.8,93.075,-47.1,1.405,5099.1,no
34,blue-collar,married,basic.6y,no,yes,no,telephone,apr,mon,7,5,999,0,nonexistent,-1.8,93.075,-47.1,1.405,5099.1,no
46,admin.,single,university.degree,no,no,no,cellular,apr,mon,277,2,999,0,nonexistent,-1.8,93.075,-47.1,1.405,5099.1,no
37,services,single,professional.course,no,yes,no,cellular,apr,mon,93,3,999,1,failure,-1.8,93.075,-47.1,1.405,5099.1,no
30,student,single,university.degree,no,yes,no,cellular,apr,mon,23,6,999,0,nonexistent,-1.8,93.075,-47.1,1.405,5099.1,no
35,technician,married,university.degree,no,yes,no,cellular,apr,mon,20,4,999,0,nonexistent,-1.8,93.075,-47.1,1.405,5099.1,no
41,blue-collar,married,professional.course,no,no,no,cellular,apr,mon,233,3,999,0,nonexistent,-1.8,93.075,-47.1,1.405,5099.1,no
45,blue-collar,divorced,basic.4y,no,no,no,telephone,apr,mon,197,4,999,0,nonexistent,-1.8,93.075,-47.1,1.405,5099.1,no
28,admin.,single,high.school,no,no,no,cellular,apr,mon,1333,5,999,0,nonexistent,-1.8,93.075,-47.1,1.405,5099.1,yes
51,blue-collar,married,basic.9y,no,yes,no,cellular,apr,mon,104,4,999,0,nonexistent,-1.8,93.075,-47.1,1.405,5099.1,no
37,blue-collar,single,professional.course,no,yes,no,cellular,apr,mon,12,5,999,1,failure,-1.8,93.075,-47.1,1.405,5099.1,no
37,admin.,married,university.degree,no,no,no,cellular,apr,mon,69,2,999,0,nonexistent,-1.8,93.075,-47.1,1.405,5099.1,no
60,retired,married,basic.6y,no,yes,no,cellular,apr,mon,579,2,999,1,failure,-1.8,93.075,-47.1,1.405,5099.1,no
49,services,married,high.school,no,no,no,cellular,apr,mon,173,4,999,0,nonexistent,-1.8,93.075,-47.1,1.405,5099.1,no
34,blue-collar,married,basic.9y,no,no,no,cellular,apr,mon,231,3,999,0,nonexistent,-1.8,93.075,-47.1,1.405,5099.1,no
32,services,married,high.school,no,no,no,cellular,apr,mon,259,3,999,0,nonexistent,-1.8,93.075,-47.1,1.405,5099.1,no
33,blue-collar,married,basic.9y,no,no,yes,cellular,apr,mon,780,2,999,0,nonexistent,-1.8,93.075,-47.1,1.405,5099.1,no
46,admin.,married,basic.9y,no,no,no,cellular,apr,mon,405,2,999,0,nonexistent,-1.8,93.075,-47.1,1.405,5099.1,no
42,blue-collar,divorced,basic.9y,no,no,no,cellular,apr,mon,20,2,999,0,nonexistent,-1.8,93.075,-47.1,1.405,5099.1,no
54,blue-collar,married,basic.4y,unknown,yes,no,cellular,apr,mon,847,5,999,0,nonexistent,-1.8,93.075,-47.1,1.405,5099.1,no
33,blue-collar,single,basic.4y,no,no,no,cellular,apr,mon,242,3,999,0,nonexistent,-1.8,93.075,-47.1,1.405,5099.1,no
33,blue-collar,married,basic.9y,unknown,no,yes,cellular,apr,mon,243,2,999,1,failure,-1.8,93.075,-47.1,1.405,5099.1,no
39,admin.,married,university.degree,no,no,no,cellular,apr,mon,505,3,999,0,nonexistent,-1.8,93.075,-47.1,1.405,5099.1,no
37,services,single,professional.course,no,yes,no,cellular,apr,mon,307,4,999,0,nonexistent,-1.8,93.075,-47.1,1.405,5099.1,no
47,blue-collar,married,basic.9y,no,unknown,unknown,cellular,apr,mon,72,3,999,0,nonexistent,-1.8,93.075,-47.1,1.405,5099.1,no
38,services,married,high.school,no,no,no,cellular,apr,mon,250,2,999,0,nonexistent,-1.8,93.075,-47.1,1.405,5099.1,no
36,blue-collar,married,basic.9y,no,yes,no,cellular,apr,mon,57,3,999,0,nonexistent,-1.8,93.075,-47.1,1.405,5099.1,no
39,admin.,single,university.degree,unknown,yes,no,cellular,apr,mon,372,2,999,0,nonexistent,-1.8,93.075,-47.1,1.405,5099.1,no
46,blue-collar,married,basic.9y,unknown,yes,no,cellular,apr,mon,250,2,999,0,nonexistent,-1.8,93.075,-47.1,1.405,5099.1,no
38,admin.,divorced,basic.9y,no,yes,no,cellular,apr,mon,39,4,999,0,nonexistent,-1.8,93.075,-47.1,1.405,5099.1,no
38,blue-collar,married,basic.9y,no,yes,no,cellular,apr,mon,22,4,999,0,nonexistent,-1.8,93.075,-47.1,1.405,5099.1,no
33,technician,married,high.school,no,unknown,unknown,cellular,apr,mon,122,2,999,0,nonexistent,-1.8,93.075,-47.1,1.405,5099.1,no
34,blue-collar,married,basic.9y,no,no,no,cellular,apr,mon,31,4,999,1,failure,-1.8,93.075,-47.1,1.405,5099.1,no
39,blue-collar,married,basic.4y,no,yes,no,cellular,apr,mon,554,3,999,0,nonexistent,-1.8,93.075,-47.1,1.405,5099.1,no
35,blue-collar,married,basic.4y,unknown,no,no,cellular,apr,mon,212,2,999,0,nonexistent,-1.8,93.075,-47.1,1.405,5099.1,no
40,blue-collar,married,basic.9y,unknown,no,no,cellular,apr,mon,144,2,999,0,nonexistent,-1.8,93.075,-47.1,1.405,5099.1,no
33,blue-collar,divorced,basic.9y,no,no,yes,cellular,apr,mon,34,2,999,0,nonexistent,-1.8,93.075,-47.1,1.405,5099.1,no
40,admin.,married,professional.course,unknown,no,no,cellular,apr,mon,98,3,999,0,nonexistent,-1.8,93.075,-47.1,1.405,5099.1,no
34,self-employed,single,university.degree,no,yes,no,cellular,apr,mon,639,2,999,0,nonexistent,-1.8,93.075,-47.1,1.405,5099.1,no
37,services,married,high.school,no,yes,no,cellular,apr,mon,106,3,999,0,nonexistent,-1.8,93.075,-47.1,1.405,5099.1,no
54,technician,married,high.school,no,yes,no,cellular,apr,mon,94,3,999,1,failure,-1.8,93.075,-47.1,1.405,5099.1,no
32,services,married,high.school,no,yes,yes,cellular,apr,mon,6,6,999,1,failure,-1.8,93.075,-47.1,1.405,5099.1,no
40,admin.,single,university.degree,no,yes,yes,cellular,apr,mon,8,2,999,0,nonexistent,-1.8,93.075,-47.1,1.405,5099.1,no
34,technician,married,professional.course,no,no,no,cellular,apr,mon,1156,3,999,0,nonexistent,-1.8,93.075,-47.1,1.405,5099.1,no
42,blue-collar,married,high.school,no,no,yes,cellular,apr,mon,178,5,999,1,failure,-1.8,93.075,-47.1,1.405,5099.1,no
53,blue-collar,married,basic.6y,no,yes,yes,cellular,apr,mon,208,2,999,0,nonexistent,-1.8,93.075,-47.1,1.405,5099.1,no
52,technician,married,professional.course,no,yes,no,telephone,apr,mon,43,3,999,0,nonexistent,-1.8,93.075,-47.1,1.405,5099.1,no
48,services,divorced,high.school,no,yes,no,cellular,apr,mon,25,2,999,0,nonexistent,-1.8,93.075,-47.1,1.405,5099.1,no
37,technician,single,university.degree,no,yes,no,cellular,apr,mon,6,2,999,0,nonexistent,-1.8,93.075,-47.1,1.405,5099.1,no
57,self-employed,married,basic.4y,no,yes,no,cellular,apr,mon,659,2,999,0,nonexistent,-1.8,93.075,-47.1,1.405,5099.1,no
36,admin.,married,university.degree,no,yes,no,telephone,apr,mon,5,3,999,1,failure,-1.8,93.075,-47.1,1.405,5099.1,no
39,admin.,married,high.school,no,yes,no,cellular,apr,mon,149,2,999,0,nonexistent,-1.8,93.075,-47.1,1.405,5099.1,no
37,blue-collar,married,high.school,no,no,no,cellular,apr,mon,943,3,999,0,nonexistent,-1.8,93.075,-47.1,1.405,5099.1,yes
34,admin.,single,university.degree,no,yes,no,cellular,apr,mon,305,2,999,0,nonexistent,-1.8,93.075,-47.1,1.405,5099.1,no
54,admin.,married,university.degree,no,yes,yes,cellular,apr,tue,235,2,999,0,nonexistent,-1.8,93.075,-47.1,1.405,5099.1,yes
31,technician,single,university.degree,no,no,yes,cellular,apr,tue,333,3,999,0,nonexistent,-1.8,93.075,-47.1,1.405,5099.1,yes
56,self-employed,married,university.degree,no,no,no,cellular,apr,tue,110,2,999,0,nonexistent,-1.8,93.075,-47.1,1.405,5099.1,yes
64,retired,married,university.degree,no,yes,yes,cellular,apr,tue,159,2,999,0,nonexistent,-1.8,93.075,-47.1,1.405,5099.1,no
53,admin.,married,university.degree,no,yes,no,cellular,apr,tue,142,1,999,0,nonexistent,-1.8,93.075,-47.1,1.405,5099.1,no
78,retired,married,basic.4y,no,yes,no,cellular,apr,tue,274,1,999,0,nonexistent,-1.8,93.075,-47.1,1.405,5099.1,yes
57,retired,married,basic.4y,no,yes,yes,telephone,apr,tue,1348,4,999,0,nonexistent,-1.8,93.075,-47.1,1.405,5099.1,yes
31,technician,single,university.degree,no,no,no,telephone,apr,tue,207,17,999,0,nonexistent,-1.8,93.075,-47.1,1.405,5099.1,yes
75,retired,married,basic.4y,no,no,no,cellular,apr,tue,109,1,999,1,failure,-1.8,93.075,-47.1,1.405,5099.1,yes
44,unknown,divorced,unknown,no,no,no,cellular,apr,tue,189,1,999,0,nonexistent,-1.8,93.075,-47.1,1.405,5099.1,no
31,technician,single,university.degree,no,unknown,unknown,telephone,apr,tue,222,1,999,0,nonexistent,-1.8,93.075,-47.1,1.405,5099.1,no
47,housemaid,single,professional.course,no,yes,no,cellular,apr,tue,100,1,999,0,nonexistent,-1.8,93.075,-47.1,1.405,5099.1,yes
61,retired,married,professional.course,no,unknown,unknown,cellular,apr,tue,164,1,999,0,nonexistent,-1.8,93.075,-47.1,1.405,5099.1,yes
70,retired,married,basic.6y,no,yes,no,cellular,apr,tue,252,1,999,0,nonexistent,-1.8,93.075,-47.1,1.405,5099.1,no
54,management,married,university.degree,no,yes,no,cellular,apr,tue,211,1,999,0,nonexistent,-1.8,93.075,-47.1,1.405,5099.1,yes
54,management,married,university.degree,no,no,no,cellular,apr,tue,243,1,999,0,nonexistent,-1.8,93.075,-47.1,1.405,5099.1,yes
66,retired,married,basic.4y,no,yes,no,cellular,apr,tue,63,1,999,1,failure,-1.8,93.075,-47.1,1.405,5099.1,no
29,technician,single,university.degree,no,no,no,cellular,apr,tue,95,1,999,0,nonexistent,-1.8,93.075,-47.1,1.405,5099.1,no
65,self-employed,married,professional.course,no,no,no,telephone,apr,tue,110,3,999,0,nonexistent,-1.8,93.075,-47.1,1.405,5099.1,no
65,retired,married,basic.4y,no,unknown,unknown,cellular,apr,tue,106,1,999,0,nonexistent,-1.8,93.075,-47.1,1.405,5099.1,yes
47,housemaid,married,basic.4y,no,no,no,cellular,apr,tue,645,2,999,0,nonexistent,-1.8,93.075,-47.1,1.405,5099.1,no
34,admin.,divorced,high.school,no,no,no,cellular,apr,tue,446,1,999,0,nonexistent,-1.8,93.075,-47.1,1.405,5099.1,no
34,admin.,divorced,high.school,no,yes,no,cellular,apr,tue,121,1,999,0,nonexistent,-1.8,93.075,-47.1,1.405,5099.1,yes
34,admin.,divorced,high.school,no,yes,no,telephone,apr,tue,946,3,999,0,nonexistent,-1.8,93.075,-47.1,1.405,5099.1,no
75,retired,married,basic.4y,no,no,no,cellular,apr,tue,356,2,999,1,failure,-1.8,93.075,-47.1,1.405,5099.1,yes
53,admin.,married,university.degree,no,yes,no,cellular,apr,tue,158,2,6,1,success,-1.8,93.075,-47.1,1.405,5099.1,yes
31,technician,single,university.degree,no,yes,no,telephone,apr,tue,847,2,999,0,nonexistent,-1.8,93.075,-47.1,1.405,5099.1,yes
47,housemaid,single,professional.course,no,yes,no,cellular,apr,tue,242,2,999,0,nonexistent,-1.8,93.075,-47.1,1.405,5099.1,yes
19,student,single,unknown,no,yes,yes,cellular,apr,tue,278,3,999,0,nonexistent,-1.8,93.075,-47.1,1.405,5099.1,yes
85,retired,married,basic.4y,unknown,yes,no,cellular,apr,tue,129,3,999,0,nonexistent,-1.8,93.075,-47.1,1.405,5099.1,yes
61,admin.,married,university.degree,no,yes,no,cellular,apr,wed,183,5,999,0,nonexistent,-1.8,93.075,-47.1,1.405,5099.1,no
46,admin.,married,university.degree,no,yes,no,telephone,apr,wed,94,7,999,0,nonexistent,-1.8,93.075,-47.1,1.405,5099.1,no
46,admin.,married,university.degree,no,yes,no,telephone,apr,wed,154,8,999,1,failure,-1.8,93.075,-47.1,1.405,5099.1,no
23,admin.,single,university.degree,no,yes,no,cellular,apr,wed,71,7,999,0,nonexistent,-1.8,93.075,-47.1,1.405,5099.1,no
33,admin.,single,university.degree,no,yes,no,telephone,apr,wed,220,1,999,0,nonexistent,-1.8,93.075,-47.1,1.405,5099.1,no
23,admin.,single,university.degree,no,no,yes,cellular,apr,wed,343,5,999,0,nonexistent,-1.8,93.075,-47.1,1.405,5099.1,no
23,admin.,single,university.degree,no,no,no,cellular,apr,wed,341,2,999,0,nonexistent,-1.8,93.075,-47.1,1.405,5099.1,yes
30,unemployed,single,university.degree,no,yes,no,cellular,apr,wed,400,1,999,0,nonexistent,-1.8,93.075,-47.1,1.405,5099.1,yes
23,admin.,single,university.degree,no,yes,no,cellular,apr,wed,219,1,999,0,nonexistent,-1.8,93.075,-47.1,1.405,5099.1,yes
45,self-employed,single,basic.9y,no,yes,no,cellular,apr,wed,156,1,999,0,nonexistent,-1.8,93.075,-47.1,1.405,5099.1,no
23,admin.,single,university.degree,no,no,no,cellular,apr,wed,314,1,999,1,failure,-1.8,93.075,-47.1,1.405,5099.1,yes
45,technician,divorced,university.degree,no,no,yes,telephone,apr,wed,101,1,999,0,nonexistent,-1.8,93.075,-47.1,1.405,5099.1,no
29,admin.,single,high.school,no,no,yes,cellular,apr,wed,319,1,6,1,success,-1.8,93.075,-47.1,1.405,5099.1,yes
46,admin.,married,university.degree,no,yes,no,cellular,apr,wed,164,2,999,0,nonexistent,-1.8,93.075,-47.1,1.405,5099.1,no
64,retired,married,basic.4y,no,yes,no,cellular,apr,wed,104,1,999,2,failure,-1.8,93.075,-47.1,1.405,5099.1,yes
29,admin.,single,university.degree,no,yes,no,cellular,apr,wed,145,1,999,0,nonexistent,-1.8,93.075,-47.1,1.405,5099.1,yes
39,admin.,married,university.degree,no,no,no,cellular,apr,wed,94,1,999,0,nonexistent,-1.8,93.075,-47.1,1.405,5099.1,yes
37,services,single,high.school,no,yes,no,cellular,apr,wed,165,1,999,0,nonexistent,-1.8,93.075,-47.1,1.405,5099.1,yes
25,admin.,single,high.school,no,yes,no,cellular,apr,wed,416,1,999,0,nonexistent,-1.8,93.075,-47.1,1.405,5099.1,yes
55,admin.,married,high.school,no,no,yes,cellular,apr,wed,307,1,999,1,failure,-1.8,93.075,-47.1,1.405,5099.1,yes
54,technician,married,professional.course,no,yes,no,cellular,apr,wed,138,2,999,0,nonexistent,-1.8,93.075,-47.1,1.405,5099.1,yes
48,admin.,married,university.degree,no,yes,no,cellular,apr,wed,87,9,999,0,nonexistent,-1.8,93.075,-47.1,1.405,5099.1,no
50,technician,divorced,basic.9y,no,yes,no,cellular,apr,wed,91,2,999,1,failure,-1.8,93.075,-47.1,1.405,5099.1,no
25,admin.,single,high.school,no,yes,no,cellular,apr,wed,108,3,999,1,failure,-1.8,93.075,-47.1,1.405,5099.1,no
65,retired,married,university.degree,no,no,no,cellular,apr,wed,124,2,999,0,nonexistent,-1.8,93.075,-47.1,1.405,5099.1,yes
60,technician,married,professional.course,no,no,no,cellular,apr,wed,107,2,999,0,nonexistent,-1.8,93.075,-47.1,1.405,5099.1,yes
39,admin.,married,university.degree,no,no,no,cellular,apr,wed,382,2,999,0,nonexistent,-1.8,93.075,-47.1,1.405,5099.1,no
30,student,single,unknown,no,yes,no,cellular,apr,wed,116,4,999,0,nonexistent,-1.8,93.075,-47.1,1.405,5099.1,no
52,blue-collar,married,basic.4y,no,yes,no,cellular,apr,wed,229,5,999,0,nonexistent,-1.8,93.075,-47.1,1.405,5099.1,yes
58,retired,single,professional.course,no,yes,no,cellular,apr,wed,1288,3,999,0,nonexistent,-1.8,93.075,-47.1,1.405,5099.1,yes
60,blue-collar,married,professional.course,no,yes,no,cellular,apr,wed,545,1,999,0,nonexistent,-1.8,93.075,-47.1,1.405,5099.1,yes
19,student,single,basic.4y,no,no,yes,cellular,apr,wed,371,2,999,0,nonexistent,-1.8,93.075,-47.1,1.405,5099.1,yes
25,admin.,single,university.degree,no,yes,no,cellular,apr,thu,229,2,999,0,nonexistent,-1.8,93.075,-47.1,1.406,5099.1,yes
34,unknown,married,basic.4y,no,yes,no,cellular,apr,thu,328,1,999,0,nonexistent,-1.8,93.075,-47.1,1.406,5099.1,yes
62,self-employed,married,university.degree,no,yes,yes,telephone,apr,thu,164,4,999,0,nonexistent,-1.8,93.075,-47.1,1.406,5099.1,no
53,retired,married,basic.9y,no,no,no,telephone,apr,thu,67,3,999,0,nonexistent,-1.8,93.075,-47.1,1.406,5099.1,no
34,unknown,married,basic.4y,no,yes,no,cellular,apr,thu,477,2,999,0,nonexistent,-1.8,93.075,-47.1,1.406,5099.1,no
34,unknown,married,basic.4y,no,yes,yes,cellular,apr,thu,94,1,999,0,nonexistent,-1.8,93.075,-47.1,1.406,5099.1,no
61,admin.,married,university.degree,no,yes,yes,cellular,apr,thu,266,5,999,0,nonexistent,-1.8,93.075,-47.1,1.406,5099.1,yes
37,technician,single,high.school,no,yes,no,telephone,apr,thu,201,1,999,0,nonexistent,-1.8,93.075,-47.1,1.406,5099.1,no
44,admin.,married,university.degree,no,no,no,cellular,apr,thu,172,1,999,0,nonexistent,-1.8,93.075,-47.1,1.406,5099.1,yes
35,technician,married,university.degree,no,no,no,cellular,apr,thu,270,2,999,0,nonexistent,-1.8,93.075,-47.1,1.406,5099.1,yes
50,admin.,married,university.degree,no,yes,yes,telephone,apr,thu,413,3,999,0,nonexistent,-1.8,93.075,-47.1,1.406,5099.1,yes
27,student,single,university.degree,no,no,no,telephone,apr,thu,141,1,999,0,nonexistent,-1.8,93.075,-47.1,1.406,5099.1,no
42,technician,married,high.school,no,yes,no,cellular,apr,thu,163,1,999,0,nonexistent,-1.8,93.075,-47.1,1.406,5099.1,yes
33,self-employed,married,university.degree,no,no,no,telephone,apr,thu,155,1,999,0,nonexistent,-1.8,93.075,-47.1,1.406,5099.1,no
43,admin.,married,university.degree,no,no,no,cellular,apr,thu,522,4,999,0,nonexistent,-1.8,93.075,-47.1,1.406,5099.1,yes
28,blue-collar,single,basic.9y,no,yes,no,cellular,apr,thu,106,3,999,0,nonexistent,-1.8,93.075,-47.1,1.406,5099.1,no
28,blue-collar,single,basic.9y,no,yes,yes,cellular,apr,thu,333,2,999,0,nonexistent,-1.8,93.075,-47.1,1.406,5099.1,no
26,student,single,high.school,no,yes,no,cellular,apr,thu,116,4,999,0,nonexistent,-1.8,93.075,-47.1,1.406,5099.1,yes
37,technician,single,high.school,no,yes,no,telephone,apr,thu,77,2,999,0,nonexistent,-1.8,93.075,-47.1,1.406,5099.1,no
29,student,single,high.school,no,no,no,cellular,apr,thu,86,1,999,0,nonexistent,-1.8,93.075,-47.1,1.406,5099.1,no
85,retired,married,basic.4y,no,yes,no,cellular,apr,thu,191,1,999,0,nonexistent,-1.8,93.075,-47.1,1.406,5099.1,no
31,admin.,single,university.degree,no,no,no,cellular,apr,thu,115,16,999,0,nonexistent,-1.8,93.075,-47.1,1.406,5099.1,no
28,blue-collar,single,basic.9y,no,yes,no,cellular,apr,fri,65,2,999,0,nonexistent,-1.8,93.075,-47.1,1.4,5099.1,no
50,admin.,married,university.degree,no,yes,no,cellular,apr,fri,160,1,999,0,nonexistent,-1.8,93.075,-47.1,1.4,5099.1,yes
36,admin.,married,high.school,no,no,no,cellular,apr,fri,78,2,999,0,nonexistent,-1.8,93.075,-47.1,1.4,5099.1,no
85,retired,married,basic.4y,no,yes,no,cellular,apr,fri,117,2,999,0,nonexistent,-1.8,93.075,-47.1,1.4,5099.1,no
80,blue-collar,married,high.school,no,no,no,cellular,apr,fri,105,6,999,3,failure,-1.8,93.075,-47.1,1.4,5099.1,no
64,retired,married,high.school,no,yes,no,cellular,apr,fri,111,1,999,0,nonexistent,-1.8,93.075,-47.1,1.4,5099.1,no
64,management,married,high.school,no,yes,no,cellular,apr,fri,693,2,999,0,nonexistent,-1.8,93.075,-47.1,1.4,5099.1,yes
27,student,single,university.degree,no,no,no,cellular,apr,fri,227,1,999,1,failure,-1.8,93.075,-47.1,1.4,5099.1,yes
66,retired,married,professional.course,no,yes,yes,cellular,apr,fri,222,4,999,0,nonexistent,-1.8,93.075,-47.1,1.4,5099.1,no
64,retired,married,university.degree,no,no,no,cellular,apr,fri,173,2,999,0,nonexistent,-1.8,93.075,-47.1,1.4,5099.1,no
34,unknown,married,basic.4y,no,no,yes,cellular,apr,fri,83,2,999,0,nonexistent,-1.8,93.075,-47.1,1.4,5099.1,no
71,retired,married,university.degree,no,yes,yes,telephone,apr,mon,89,12,999,0,nonexistent,-1.8,93.075,-47.1,1.392,5099.1,no
38,admin.,married,university.degree,no,unknown,unknown,cellular,apr,mon,124,1,999,0,nonexistent,-1.8,93.075,-47.1,1.392,5099.1,yes
27,management,married,university.degree,no,no,no,cellular,apr,mon,54,1,999,0,nonexistent,-1.8,93.075,-47.1,1.392,5099.1,no
36,management,married,university.degree,no,no,no,cellular,apr,mon,98,1,999,0,nonexistent,-1.8,93.075,-47.1,1.392,5099.1,no
28,blue-collar,single,basic.9y,no,no,no,cellular,apr,mon,218,1,999,0,nonexistent,-1.8,93.075,-47.1,1.392,5099.1,no
28,blue-collar,single,basic.9y,no,no,no,cellular,apr,mon,107,1,999,0,nonexistent,-1.8,93.075,-47.1,1.392,5099.1,no
64,retired,married,university.degree,no,no,no,telephone,apr,mon,227,3,999,0,nonexistent,-1.8,93.075,-47.1,1.392,5099.1,no
27,admin.,single,university.degree,no,yes,no,cellular,apr,mon,148,1,999,0,nonexistent,-1.8,93.075,-47.1,1.392,5099.1,yes
27,management,married,university.degree,no,no,no,cellular,apr,mon,444,1,999,0,nonexistent,-1.8,93.075,-47.1,1.392,5099.1,yes
55,services,divorced,professional.course,no,no,no,cellular,apr,mon,88,1,999,1,failure,-1.8,93.075,-47.1,1.392,5099.1,no
41,admin.,married,high.school,no,no,no,cellular,apr,mon,160,1,999,0,nonexistent,-1.8,93.075,-47.1,1.392,5099.1,no
53,admin.,single,high.school,no,yes,no,cellular,apr,mon,167,1,999,0,nonexistent,-1.8,93.075,-47.1,1.392,5099.1,no
38,admin.,divorced,university.degree,no,no,no,cellular,apr,mon,360,1,999,0,nonexistent,-1.8,93.075,-47.1,1.392,5099.1,yes
38,admin.,divorced,university.degree,no,no,no,cellular,apr,mon,62,1,999,0,nonexistent,-1.8,93.075,-47.1,1.392,5099.1,no
85,retired,married,basic.4y,no,no,no,cellular,apr,mon,81,1,999,0,nonexistent,-1.8,93.075,-47.1,1.392,5099.1,no
23,management,single,university.degree,no,yes,no,cellular,apr,mon,122,1,999,0,nonexistent,-1.8,93.075,-47.1,1.392,5099.1,yes
38,technician,married,professional.course,no,yes,no,cellular,apr,mon,90,2,999,0,nonexistent,-1.8,93.075,-47.1,1.392,5099.1,no
34,unknown,married,basic.4y,no,no,no,telephone,apr,mon,151,3,999,0,nonexistent,-1.8,93.075,-47.1,1.392,5099.1,no
27,admin.,single,university.degree,no,yes,no,cellular,apr,tue,151,3,999,0,nonexistent,-1.8,93.075,-47.1,1.3840000000000001,5099.1,no
85,retired,married,basic.4y,no,no,no,cellular,apr,tue,165,3,999,0,nonexistent,-1.8,93.075,-47.1,1.3840000000000001,5099.1,no
61,retired,divorced,university.degree,no,yes,no,cellular,apr,tue,118,2,999,0,nonexistent,-1.8,93.075,-47.1,1.3840000000000001,5099.1,no
38,admin.,divorced,university.degree,no,yes,no,cellular,apr,tue,177,2,999,0,nonexistent,-1.8,93.075,-47.1,1.3840000000000001,5099.1,yes
38,services,married,high.school,no,no,no,cellular,apr,tue,186,2,999,0,nonexistent,-1.8,93.075,-47.1,1.3840000000000001,5099.1,no
61,technician,married,university.degree,no,no,no,cellular,apr,tue,50,2,999,0,nonexistent,-1.8,93.075,-47.1,1.3840000000000001,5099.1,no
23,management,single,university.degree,no,yes,no,cellular,apr,tue,56,2,999,0,nonexistent,-1.8,93.075,-47.1,1.3840000000000001,5099.1,no
31,admin.,single,university.degree,no,yes,no,cellular,apr,tue,101,2,999,0,nonexistent,-1.8,93.075,-47.1,1.3840000000000001,5099.1,no
33,admin.,single,high.school,no,yes,no,cellular,apr,wed,507,3,999,0,nonexistent,-1.8,93.075,-47.1,1.3719999999999999,5099.1,yes
47,services,married,high.school,no,yes,no,cellular,apr,wed,636,2,999,0,nonexistent,-1.8,93.075,-47.1,1.3719999999999999,5099.1,yes
30,technician,single,university.degree,no,no,no,cellular,apr,wed,80,5,999,0,nonexistent,-1.8,93.075,-47.1,1.3719999999999999,5099.1,no
55,services,divorced,professional.course,no,yes,no,telephone,apr,wed,164,23,999,0,nonexistent,-1.8,93.075,-47.1,1.3719999999999999,5099.1,no
30,technician,single,university.degree,no,yes,no,telephone,apr,wed,169,8,999,0,nonexistent,-1.8,93.075,-47.1,1.3719999999999999,5099.1,no
52,management,divorced,professional.course,no,yes,no,cellular,apr,wed,85,7,999,0,nonexistent,-1.8,93.075,-47.1,1.3719999999999999,5099.1,no
24,technician,single,university.degree,no,yes,no,cellular,apr,thu,170,1,999,0,nonexistent,-1.8,93.075,-47.1,1.365,5099.1,no
31,management,single,university.degree,no,yes,no,cellular,apr,thu,211,1,999,0,nonexistent,-1.8,93.075,-47.1,1.365,5099.1,no
24,technician,single,university.degree,no,yes,no,cellular,apr,thu,192,1,999,0,nonexistent,-1.8,93.075,-47.1,1.365,5099.1,no
33,admin.,married,university.degree,no,no,no,cellular,apr,thu,179,1,999,0,nonexistent,-1.8,93.075,-47.1,1.365,5099.1,no
35,admin.,single,university.degree,no,yes,yes,cellular,apr,thu,358,1,999,0,nonexistent,-1.8,93.075,-47.1,1.365,5099.1,no
27,admin.,single,university.degree,no,no,no,cellular,apr,thu,523,1,999,0,nonexistent,-1.8,93.075,-47.1,1.365,5099.1,yes
60,admin.,married,professional.course,no,yes,no,cellular,apr,thu,571,1,999,0,nonexistent,-1.8,93.075,-47.1,1.365,5099.1,yes
60,retired,married,high.school,no,no,no,cellular,apr,thu,400,1,999,0,nonexistent,-1.8,93.075,-47.1,1.365,5099.1,yes
58,retired,married,basic.4y,no,yes,no,cellular,apr,thu,185,1,2,1,success,-1.8,93.075,-47.1,1.365,5099.1,no
39,technician,married,professional.course,no,yes,no,cellular,apr,thu,67,1,999,0,nonexistent,-1.8,93.075,-47.1,1.365,5099.1,no
60,retired,divorced,professional.course,no,yes,no,cellular,apr,thu,968,1,5,2,failure,-1.8,93.075,-47.1,1.365,5099.1,yes
39,technician,married,professional.course,no,yes,no,cellular,apr,thu,381,1,999,1,failure,-1.8,93.075,-47.1,1.365,5099.1,yes
28,admin.,single,high.school,no,no,no,cellular,apr,thu,571,1,999,0,nonexistent,-1.8,93.075,-47.1,1.365,5099.1,yes
18,student,single,basic.4y,no,no,no,cellular,apr,thu,108,1,999,0,nonexistent,-1.8,93.075,-47.1,1.365,5099.1,no
26,admin.,single,university.degree,no,yes,no,cellular,apr,thu,239,1,999,0,nonexistent,-1.8,93.075,-47.1,1.365,5099.1,yes
44,admin.,married,university.degree,no,no,no,cellular,apr,thu,109,1,999,0,nonexistent,-1.8,93.075,-47.1,1.365,5099.1,no
30,admin.,single,university.degree,no,no,no,cellular,apr,thu,224,1,999,0,nonexistent,-1.8,93.075,-47.1,1.365,5099.1,yes
31,admin.,single,university.degree,no,yes,no,cellular,apr,thu,63,1,999,0,nonexistent,-1.8,93.075,-47.1,1.365,5099.1,no
53,admin.,single,university.degree,no,no,no,cellular,apr,thu,494,1,2,1,success,-1.8,93.075,-47.1,1.365,5099.1,yes
46,admin.,married,high.school,no,no,no,cellular,apr,thu,243,1,999,0,nonexistent,-1.8,93.075,-47.1,1.365,5099.1,no
46,management,married,university.degree,no,yes,no,cellular,apr,thu,364,1,999,0,nonexistent,-1.8,93.075,-47.1,1.365,5099.1,no
39,services,married,high.school,no,yes,no,cellular,apr,thu,243,1,999,0,nonexistent,-1.8,93.075,-47.1,1.365,5099.1,no
35,services,married,high.school,no,yes,no,cellular,apr,thu,412,1,5,1,success,-1.8,93.075,-47.1,1.365,5099.1,yes
31,admin.,single,university.degree,no,no,no,cellular,apr,thu,353,1,999,0,nonexistent,-1.8,93.075,-47.1,1.365,5099.1,no
46,admin.,married,high.school,no,no,no,telephone,apr,thu,268,1,999,0,nonexistent,-1.8,93.075,-47.1,1.365,5099.1,no
21,admin.,single,high.school,no,no,no,cellular,apr,thu,264,1,999,0,nonexistent,-1.8,93.075,-47.1,1.365,5099.1,no
40,admin.,married,university.degree,no,no,yes,cellular,apr,thu,499,1,999,0,nonexistent,-1.8,93.075,-47.1,1.365,5099.1,yes
51,services,married,basic.6y,no,no,no,cellular,apr,thu,407,1,2,1,success,-1.8,93.075,-47.1,1.365,5099.1,yes
45,management,married,university.degree,unknown,yes,no,cellular,apr,thu,220,1,999,0,nonexistent,-1.8,93.075,-47.1,1.365,5099.1,no
48,entrepreneur,married,university.degree,no,yes,no,cellular,apr,thu,62,1,2,1,success,-1.8,93.075,-47.1,1.365,5099.1,no
57,retired,married,university.degree,no,yes,yes,telephone,apr,thu,41,1,999,0,nonexistent,-1.8,93.075,-47.1,1.365,5099.1,no
54,management,married,university.degree,no,yes,no,cellular,apr,thu,85,1,999,0,nonexistent,-1.8,93.075,-47.1,1.365,5099.1,no
54,management,married,university.degree,no,yes,no,cellular,apr,thu,121,1,999,0,nonexistent,-1.8,93.075,-47.1,1.365,5099.1,no
48,entrepreneur,married,university.degree,no,no,no,cellular,apr,thu,619,1,999,0,nonexistent,-1.8,93.075,-47.1,1.365,5099.1,yes
49,management,married,university.degree,no,yes,no,cellular,apr,thu,387,1,999,0,nonexistent,-1.8,93.075,-47.1,1.365,5099.1,yes
40,admin.,married,high.school,no,yes,no,cellular,apr,thu,401,1,999,0,nonexistent,-1.8,93.075,-47.1,1.365,5099.1,no
53,management,divorced,university.degree,no,no,no,cellular,apr,thu,152,1,999,0,nonexistent,-1.8,93.075,-47.1,1.365,5099.1,no
48,entrepreneur,married,university.degree,no,yes,no,cellular,apr,thu,871,1,999,0,nonexistent,-1.8,93.075,-47.1,1.365,5099.1,yes
53,management,divorced,university.degree,no,yes,no,cellular,apr,thu,297,1,2,1,success,-1.8,93.075,-47.1,1.365,5099.1,yes
24,student,single,professional.course,no,yes,no,cellular,apr,thu,413,1,999,0,nonexistent,-1.8,93.075,-47.1,1.365,5099.1,yes
46,admin.,married,high.school,no,yes,no,cellular,apr,thu,231,1,999,0,nonexistent,-1.8,93.075,-47.1,1.365,5099.1,yes
43,admin.,married,university.degree,no,no,no,cellular,apr,thu,104,1,999,0,nonexistent,-1.8,93.075,-47.1,1.365,5099.1,no
40,blue-collar,married,basic.9y,no,no,no,cellular,apr,thu,328,1,999,0,nonexistent,-1.8,93.075,-47.1,1.365,5099.1,yes
41,management,married,basic.6y,no,no,no,cellular,apr,thu,281,1,999,0,nonexistent,-1.8,93.075,-47.1,1.365,5099.1,yes
31,admin.,single,high.school,no,yes,no,cellular,apr,thu,119,1,999,0,nonexistent,-1.8,93.075,-47.1,1.365,5099.1,no
29,admin.,single,high.school,no,yes,no,cellular,apr,thu,733,1,999,0,nonexistent,-1.8,93.075,-47.1,1.365,5099.1,yes
40,technician,divorced,university.degree,no,yes,no,cellular,apr,thu,335,1,999,0,nonexistent,-1.8,93.075,-47.1,1.365,5099.1,yes
31,admin.,single,high.school,no,no,no,cellular,apr,thu,252,1,5,1,success,-1.8,93.075,-47.1,1.365,5099.1,yes
40,admin.,married,university.degree,no,no,no,cellular,apr,thu,815,1,999,0,nonexistent,-1.8,93.075,-47.1,1.365,5099.1,yes
39,technician,married,basic.9y,no,yes,no,cellular,apr,thu,620,1,999,0,nonexistent,-1.8,93.075,-47.1,1.365,5099.1,yes
31,admin.,single,high.school,no,no,no,cellular,apr,thu,706,1,999,1,failure,-1.8,93.075,-47.1,1.365,5099.1,no
41,technician,divorced,professional.course,no,unknown,unknown,cellular,apr,thu,347,1,999,0,nonexistent,-1.8,93.075,-47.1,1.365,5099.1,yes
30,management,married,university.degree,no,yes,no,cellular,apr,thu,271,1,2,1,success,-1.8,93.075,-47.1,1.365,5099.1,yes
38,technician,married,professional.course,no,yes,no,cellular,apr,thu,110,1,999,1,failure,-1.8,93.075,-47.1,1.365,5099.1,no
46,technician,married,unknown,no,no,no,cellular,apr,thu,551,1,999,0,nonexistent,-1.8,93.075,-47.1,1.365,5099.1,no
30,admin.,single,university.degree,no,no,no,cellular,apr,thu,222,1,999,0,nonexistent,-1.8,93.075,-47.1,1.365,5099.1,no
48,entrepreneur,married,university.degree,no,no,no,cellular,apr,thu,294,2,2,1,success,-1.8,93.075,-47.1,1.365,5099.1,yes
54,housemaid,married,high.school,no,yes,no,cellular,apr,thu,41,1,999,0,nonexistent,-1.8,93.075,-47.1,1.365,5099.1,no
34,admin.,married,university.degree,no,yes,yes,cellular,apr,thu,177,2,999,0,nonexistent,-1.8,93.075,-47.1,1.365,5099.1,yes
30,admin.,single,university.degree,no,no,no,cellular,apr,thu,368,1,999,0,nonexistent,-1.8,93.075,-47.1,1.365,5099.1,yes
53,technician,married,university.degree,no,no,yes,cellular,apr,thu,126,1,999,0,nonexistent,-1.8,93.075,-47.1,1.365,5099.1,no
41,admin.,single,university.degree,no,unknown,unknown,cellular,apr,thu,1277,1,999,0,nonexistent,-1.8,93.075,-47.1,1.365,5099.1,yes
38,admin.,married,high.school,no,yes,yes,cellular,apr,thu,390,1,999,0,nonexistent,-1.8,93.075,-47.1,1.365,5099.1,yes
40,self-employed,married,university.degree,no,no,no,cellular,apr,thu,187,10,999,0,nonexistent,-1.8,93.075,-47.1,1.365,5099.1,no
28,unemployed,single,basic.4y,no,yes,no,cellular,apr,thu,156,2,999,0,nonexistent,-1.8,93.075,-47.1,1.365,5099.1,no
32,admin.,married,university.degree,no,yes,no,cellular,apr,thu,116,1,999,1,failure,-1.8,93.075,-47.1,1.365,5099.1,no
37,self-employed,single,university.degree,no,yes,no,cellular,apr,thu,465,1,999,0,nonexistent,-1.8,93.075,-47.1,1.365,5099.1,yes
33,services,married,high.school,no,yes,no,cellular,apr,thu,900,2,999,2,failure,-1.8,93.075,-47.1,1.365,5099.1,yes
23,admin.,single,high.school,no,yes,no,cellular,apr,thu,132,1,999,0,nonexistent,-1.8,93.075,-47.1,1.365,5099.1,no
32,admin.,married,university.degree,no,yes,no,cellular,apr,thu,394,1,999,0,nonexistent,-1.8,93.075,-47.1,1.365,5099.1,yes
35,management,married,university.degree,no,no,no,cellular,apr,thu,127,1,999,0,nonexistent,-1.8,93.075,-47.1,1.365,5099.1,no
83,retired,married,basic.4y,no,yes,no,cellular,apr,thu,321,1,999,0,nonexistent,-1.8,93.075,-47.1,1.365,5099.1,no
34,admin.,married,university.degree,no,no,no,cellular,apr,thu,279,1,999,0,nonexistent,-1.8,93.075,-47.1,1.365,5099.1,no
30,entrepreneur,single,university.degree,no,no,no,cellular,apr,thu,202,1,999,0,nonexistent,-1.8,93.075,-47.1,1.365,5099.1,yes
35,management,married,university.degree,no,no,no,cellular,apr,thu,375,1,999,0,nonexistent,-1.8,93.075,-47.1,1.365,5099.1,yes
38,self-employed,married,professional.course,no,yes,no,cellular,apr,thu,779,2,999,0,nonexistent,-1.8,93.075,-47.1,1.365,5099.1,yes
27,blue-collar,single,university.degree,no,yes,no,cellular,apr,thu,246,2,999,0,nonexistent,-1.8,93.075,-47.1,1.365,5099.1,yes
35,management,married,university.degree,no,yes,no,cellular,apr,thu,878,1,999,0,nonexistent,-1.8,93.075,-47.1,1.365,5099.1,no
20,student,single,high.school,no,yes,no,cellular,apr,thu,195,2,999,0,nonexistent,-1.8,93.075,-47.1,1.365,5099.1,no
49,admin.,single,university.degree,no,no,no,cellular,apr,thu,222,1,999,0,nonexistent,-1.8,93.075,-47.1,1.365,5099.1,no
35,admin.,single,university.degree,no,yes,yes,cellular,apr,thu,58,1,999,1,failure,-1.8,93.075,-47.1,1.365,5099.1,no
31,technician,married,professional.course,no,yes,no,cellular,apr,thu,160,1,999,0,nonexistent,-1.8,93.075,-47.1,1.365,5099.1,no
35,technician,married,professional.course,no,no,no,cellular,apr,thu,337,2,5,1,success,-1.8,93.075,-47.1,1.365,5099.1,yes
51,technician,married,professional.course,no,yes,yes,cellular,apr,thu,200,1,999,0,nonexistent,-1.8,93.075,-47.1,1.365,5099.1,yes
46,technician,married,professional.course,no,yes,no,cellular,apr,thu,369,2,999,0,nonexistent,-1.8,93.075,-47.1,1.365,5099.1,yes
51,technician,married,professional.course,no,yes,no,cellular,apr,thu,341,1,999,0,nonexistent,-1.8,93.075,-47.1,1.365,5099.1,yes
51,technician,married,professional.course,no,yes,yes,cellular,apr,thu,297,1,2,2,success,-1.8,93.075,-47.1,1.365,5099.1,yes
39,services,married,university.degree,no,no,no,cellular,apr,thu,237,1,999,0,nonexistent,-1.8,93.075,-47.1,1.365,5099.1,yes
55,admin.,married,unknown,no,yes,no,cellular,apr,thu,110,2,999,0,nonexistent,-1.8,93.075,-47.1,1.365,5099.1,no
51,technician,married,professional.course,no,yes,no,cellular,apr,thu,687,1,0,1,success,-1.8,93.075,-47.1,1.365,5099.1,yes
27,admin.,single,university.degree,no,yes,no,cellular,apr,thu,193,1,999,1,failure,-1.8,93.075,-47.1,1.365,5099.1,no
49,admin.,married,high.school,no,yes,no,cellular,apr,thu,216,2,999,0,nonexistent,-1.8,93.075,-47.1,1.365,5099.1,no
81,retired,married,professional.course,no,no,no,cellular,apr,thu,135,1,999,0,nonexistent,-1.8,93.075,-47.1,1.365,5099.1,no
60,retired,divorced,professional.course,no,yes,no,cellular,apr,thu,126,1,999,0,nonexistent,-1.8,93.075,-47.1,1.365,5099.1,no
44,blue-collar,married,basic.9y,no,yes,no,telephone,apr,thu,455,2,999,0,nonexistent,-1.8,93.075,-47.1,1.365,5099.1,no
47,admin.,married,university.degree,no,yes,no,cellular,apr,thu,53,1,999,1,failure,-1.8,93.075,-47.1,1.365,5099.1,no
33,services,married,high.school,no,yes,no,cellular,apr,thu,524,2,999,0,nonexistent,-1.8,93.075,-47.1,1.365,5099.1,no
34,technician,married,professional.course,no,yes,no,cellular,apr,thu,258,2,999,0,nonexistent,-1.8,93.075,-47.1,1.365,5099.1,no
40,services,married,high.school,no,yes,no,cellular,apr,thu,124,1,999,1,failure,-1.8,93.075,-47.1,1.365,5099.1,no
30,admin.,married,university.degree,no,unknown,unknown,cellular,apr,thu,308,1,999,0,nonexistent,-1.8,93.075,-47.1,1.365,5099.1,no
42,services,married,high.school,no,yes,no,cellular,apr,thu,344,1,999,0,nonexistent,-1.8,93.075,-47.1,1.365,5099.1,yes
48,technician,divorced,high.school,no,yes,no,cellular,apr,thu,400,1,999,1,failure,-1.8,93.075,-47.1,1.365,5099.1,yes
56,entrepreneur,married,university.degree,no,no,no,cellular,apr,thu,24,1,999,0,nonexistent,-1.8,93.075,-47.1,1.365,5099.1,no
48,technician,divorced,university.degree,no,yes,no,cellular,apr,thu,132,1,999,0,nonexistent,-1.8,93.075,-47.1,1.365,5099.1,no
56,entrepreneur,married,university.degree,no,yes,no,telephone,apr,thu,141,1,999,0,nonexistent,-1.8,93.075,-47.1,1.365,5099.1,no
56,entrepreneur,married,university.degree,no,yes,no,cellular,apr,thu,207,1,999,0,nonexistent,-1.8,93.075,-47.1,1.365,5099.1,no
56,entrepreneur,married,university.degree,no,no,no,cellular,apr,thu,204,1,999,0,nonexistent,-1.8,93.075,-47.1,1.365,5099.1,no
56,entrepreneur,married,university.degree,no,no,no,cellular,apr,thu,85,1,999,0,nonexistent,-1.8,93.075,-47.1,1.365,5099.1,no
56,entrepreneur,married,university.degree,no,no,no,cellular,apr,thu,99,1,999,0,nonexistent,-1.8,93.075,-47.1,1.365,5099.1,no
56,entrepreneur,married,university.degree,no,no,no,cellular,apr,thu,196,1,2,1,success,-1.8,93.075,-47.1,1.365,5099.1,no
45,management,married,university.degree,unknown,yes,no,cellular,apr,thu,452,2,999,0,nonexistent,-1.8,93.075,-47.1,1.365,5099.1,no
53,admin.,single,university.degree,no,no,yes,cellular,apr,thu,586,2,999,0,nonexistent,-1.8,93.075,-47.1,1.365,5099.1,no
30,admin.,married,university.degree,no,yes,no,cellular,apr,thu,316,1,999,1,failure,-1.8,93.075,-47.1,1.365,5099.1,yes
37,self-employed,single,university.degree,no,yes,no,cellular,apr,thu,270,2,999,1,failure,-1.8,93.075,-47.1,1.365,5099.1,no
25,self-employed,single,university.degree,no,yes,no,cellular,apr,thu,113,1,999,0,nonexistent,-1.8,93.075,-47.1,1.365,5099.1,no
51,technician,married,university.degree,no,yes,no,cellular,apr,thu,526,2,999,1,failure,-1.8,93.075,-47.1,1.365,5099.1,yes
49,management,married,university.degree,no,no,no,cellular,apr,thu,97,1,999,0,nonexistent,-1.8,93.075,-47.1,1.365,5099.1,no
54,management,married,university.degree,no,yes,no,cellular,apr,thu,311,1,999,0,nonexistent,-1.8,93.075,-47.1,1.365,5099.1,no
49,unemployed,married,university.degree,no,no,no,cellular,apr,thu,171,1,999,1,failure,-1.8,93.075,-47.1,1.365,5099.1,no
20,student,single,basic.4y,no,yes,no,cellular,apr,thu,209,1,999,0,nonexistent,-1.8,93.075,-47.1,1.365,5099.1,no
24,student,single,high.school,no,no,yes,cellular,apr,thu,209,1,999,0,nonexistent,-1.8,93.075,-47.1,1.365,5099.1,yes
56,entrepreneur,married,university.degree,no,no,no,cellular,apr,thu,457,1,2,1,success,-1.8,93.075,-47.1,1.365,5099.1,yes
25,unemployed,single,university.degree,no,yes,no,cellular,apr,thu,260,2,999,0,nonexistent,-1.8,93.075,-47.1,1.365,5099.1,yes
46,services,married,high.school,no,no,no,cellular,apr,thu,146,1,999,0,nonexistent,-1.8,93.075,-47.1,1.365,5099.1,no
46,services,married,high.school,no,yes,yes,cellular,apr,thu,354,1,999,0,nonexistent,-1.8,93.075,-47.1,1.365,5099.1,yes
60,admin.,married,high.school,no,yes,yes,cellular,apr,thu,482,2,999,0,nonexistent,-1.8,93.075,-47.1,1.365,5099.1,yes
47,blue-collar,single,basic.6y,no,no,no,cellular,apr,thu,309,1,999,0,nonexistent,-1.8,93.075,-47.1,1.365,5099.1,yes
48,technician,divorced,university.degree,no,yes,yes,cellular,apr,thu,173,2,999,0,nonexistent,-1.8,93.075,-47.1,1.365,5099.1,no
37,admin.,single,university.degree,no,yes,no,cellular,apr,thu,261,1,999,0,nonexistent,-1.8,93.075,-47.1,1.365,5099.1,yes
47,blue-collar,married,high.school,no,no,no,cellular,apr,thu,439,2,999,0,nonexistent,-1.8,93.075,-47.1,1.365,5099.1,yes
36,blue-collar,married,basic.9y,no,no,no,cellular,apr,thu,171,1,999,0,nonexistent,-1.8,93.075,-47.1,1.365,5099.1,no
69,retired,married,university.degree,no,yes,no,cellular,apr,thu,616,1,999,0,nonexistent,-1.8,93.075,-47.1,1.365,5099.1,yes
63,retired,married,high.school,no,no,no,cellular,apr,thu,198,1,999,1,failure,-1.8,93.075,-47.1,1.365,5099.1,no
28,admin.,single,university.degree,no,yes,no,cellular,apr,thu,280,1,999,0,nonexistent,-1.8,93.075,-47.1,1.365,5099.1,no
28,admin.,single,university.degree,no,yes,no,cellular,apr,thu,249,1,999,0,nonexistent,-1.8,93.075,-47.1,1.365,5099.1,no
28,admin.,single,university.degree,no,yes,yes,cellular,apr,thu,68,1,2,1,success,-1.8,93.075,-47.1,1.365,5099.1,no
48,technician,married,professional.course,no,yes,yes,cellular,apr,thu,269,1,999,1,failure,-1.8,93.075,-47.1,1.365,5099.1,yes
49,admin.,divorced,university.degree,no,no,no,cellular,apr,thu,532,1,999,0,nonexistent,-1.8,93.075,-47.1,1.365,5099.1,yes
30,technician,married,university.degree,no,yes,yes,cellular,apr,thu,1373,2,999,0,nonexistent,-1.8,93.075,-47.1,1.365,5099.1,yes
21,admin.,single,high.school,no,no,no,cellular,apr,thu,97,2,999,0,nonexistent,-1.8,93.075,-47.1,1.365,5099.1,no
37,self-employed,single,university.degree,no,yes,no,cellular,apr,thu,48,1,999,0,nonexistent,-1.8,93.075,-47.1,1.365,5099.1,no
37,admin.,married,high.school,no,yes,no,cellular,apr,thu,226,1,2,1,success,-1.8,93.075,-47.1,1.365,5099.1,no
24,student,single,high.school,no,yes,no,cellular,apr,thu,88,1,999,0,nonexistent,-1.8,93.075,-47.1,1.365,5099.1,no
28,admin.,single,university.degree,no,no,yes,telephone,apr,thu,917,1,999,0,nonexistent,-1.8,93.075,-47.1,1.365,5099.1,yes
48,unemployed,single,basic.9y,no,yes,no,cellular,apr,thu,242,1,2,1,success,-1.8,93.075,-47.1,1.365,5099.1,yes
58,retired,divorced,professional.course,no,no,no,cellular,apr,thu,430,1,999,0,nonexistent,-1.8,93.075,-47.1,1.365,5099.1,yes
48,unemployed,single,basic.9y,no,yes,no,cellular,apr,thu,228,1,999,1,failure,-1.8,93.075,-47.1,1.365,5099.1,no
36,admin.,married,university.degree,no,yes,no,cellular,apr,thu,483,1,0,1,success,-1.8,93.075,-47.1,1.365,5099.1,yes
39,management,married,professional.course,no,no,no,cellular,apr,thu,156,3,999,0,nonexistent,-1.8,93.075,-47.1,1.365,5099.1,no
51,technician,divorced,high.school,no,no,yes,cellular,apr,thu,306,2,999,0,nonexistent,-1.8,93.075,-47.1,1.365,5099.1,yes
34,admin.,single,professional.course,no,no,no,telephone,apr,thu,130,1,999,0,nonexistent,-1.8,93.075,-47.1,1.365,5099.1,no
29,technician,single,professional.course,no,no,no,cellular,apr,thu,96,2,2,1,success,-1.8,93.075,-47.1,1.365,5099.1,no
33,blue-collar,single,basic.4y,no,no,no,cellular,apr,thu,452,1,999,0,nonexistent,-1.8,93.075,-47.1,1.365,5099.1,yes
35,admin.,divorced,high.school,no,yes,no,cellular,apr,thu,285,1,999,0,nonexistent,-1.8,93.075,-47.1,1.365,5099.1,no
30,entrepreneur,single,university.degree,no,yes,no,cellular,apr,thu,666,1,999,0,nonexistent,-1.8,93.075,-47.1,1.365,5099.1,no
27,student,single,unknown,unknown,yes,no,cellular,apr,thu,458,1,999,0,nonexistent,-1.8,93.075,-47.1,1.365,5099.1,yes
60,admin.,married,professional.course,no,yes,no,cellular,apr,thu,473,1,999,1,failure,-1.8,93.075,-47.1,1.365,5099.1,yes
24,student,single,high.school,no,yes,no,cellular,apr,thu,209,1,999,0,nonexistent,-1.8,93.075,-47.1,1.365,5099.1,no
30,admin.,single,university.degree,no,no,no,cellular,apr,thu,69,1,999,0,nonexistent,-1.8,93.075,-47.1,1.365,5099.1,no
33,blue-collar,single,basic.4y,no,yes,no,cellular,apr,thu,352,1,999,0,nonexistent,-1.8,93.075,-47.1,1.365,5099.1,yes
57,retired,married,university.degree,no,no,no,cellular,apr,thu,81,1,999,1,failure,-1.8,93.075,-47.1,1.365,5099.1,no
55,admin.,divorced,university.degree,no,no,no,cellular,apr,thu,260,1,999,0,nonexistent,-1.8,93.075,-47.1,1.365,5099.1,yes
22,student,single,high.school,no,no,no,cellular,apr,thu,780,1,999,0,nonexistent,-1.8,93.075,-47.1,1.365,5099.1,yes
40,technician,married,professional.course,no,yes,no,cellular,apr,thu,580,2,2,1,success,-1.8,93.075,-47.1,1.365,5099.1,yes
31,admin.,single,high.school,no,yes,yes,cellular,apr,thu,398,1,999,0,nonexistent,-1.8,93.075,-47.1,1.365,5099.1,no
73,retired,married,university.degree,no,yes,no,cellular,apr,thu,79,1,999,1,failure,-1.8,93.075,-47.1,1.365,5099.1,no
28,admin.,married,university.degree,no,no,no,cellular,apr,thu,258,1,2,2,success,-1.8,93.075,-47.1,1.365,5099.1,yes
41,technician,divorced,professional.course,no,yes,no,cellular,apr,thu,834,1,999,0,nonexistent,-1.8,93.075,-47.1,1.365,5099.1,yes
35,management,married,university.degree,no,yes,yes,cellular,apr,thu,435,1,999,0,nonexistent,-1.8,93.075,-47.1,1.365,5099.1,yes
58,retired,divorced,university.degree,no,no,no,cellular,apr,thu,211,1,2,1,success,-1.8,93.075,-47.1,1.365,5099.1,no
32,self-employed,single,university.degree,no,yes,no,cellular,apr,thu,441,2,999,0,nonexistent,-1.8,93.075,-47.1,1.365,5099.1,no
20,student,single,high.school,no,yes,no,cellular,apr,thu,615,1,999,0,nonexistent,-1.8,93.075,-47.1,1.365,5099.1,yes
34,admin.,single,professional.course,no,no,no,cellular,apr,thu,168,2,999,0,nonexistent,-1.8,93.075,-47.1,1.365,5099.1,no
28,student,single,high.school,no,no,no,cellular,apr,thu,319,3,999,0,nonexistent,-1.8,93.075,-47.1,1.365,5099.1,no
41,admin.,single,high.school,no,unknown,unknown,cellular,apr,thu,664,2,999,0,nonexistent,-1.8,93.075,-47.1,1.365,5099.1,yes
18,student,single,basic.4y,no,yes,yes,cellular,apr,thu,184,2,999,0,nonexistent,-1.8,93.075,-47.1,1.365,5099.1,no
41,technician,divorced,professional.course,no,yes,no,cellular,apr,thu,811,2,999,0,nonexistent,-1.8,93.075,-47.1,1.365,5099.1,yes
25,admin.,single,university.degree,no,no,yes,telephone,apr,thu,71,2,999,0,nonexistent,-1.8,93.075,-47.1,1.365,5099.1,no
23,student,single,high.school,no,yes,no,cellular,apr,thu,354,3,999,0,nonexistent,-1.8,93.075,-47.1,1.365,5099.1,no
47,unknown,married,unknown,no,no,no,cellular,apr,thu,85,1,999,0,nonexistent,-1.8,93.075,-47.1,1.365,5099.1,no
44,technician,single,professional.course,no,no,no,cellular,apr,thu,116,1,999,0,nonexistent,-1.8,93.075,-47.1,1.365,5099.1,no
56,entrepreneur,married,university.degree,no,no,yes,cellular,apr,thu,488,1,999,0,nonexistent,-1.8,93.075,-47.1,1.365,5099.1,no
33,blue-collar,single,basic.4y,no,yes,yes,cellular,apr,thu,460,1,999,0,nonexistent,-1.8,93.075,-47.1,1.365,5099.1,yes
24,technician,single,university.degree,no,yes,no,cellular,apr,thu,477,1,999,0,nonexistent,-1.8,93.075,-47.1,1.365,5099.1,yes
28,admin.,married,university.degree,no,yes,no,cellular,apr,thu,63,1,999,0,nonexistent,-1.8,93.075,-47.1,1.365,5099.1,no
36,admin.,married,university.degree,no,yes,no,cellular,apr,thu,970,1,999,1,failure,-1.8,93.075,-47.1,1.365,5099.1,yes
58,retired,married,basic.4y,no,no,no,cellular,apr,thu,266,1,999,1,failure,-1.8,93.075,-47.1,1.365,5099.1,yes
49,technician,married,professional.course,no,no,no,cellular,apr,thu,618,2,999,0,nonexistent,-1.8,93.075,-47.1,1.365,5099.1,yes
41,technician,divorced,professional.course,no,no,no,cellular,apr,thu,774,2,999,1,failure,-1.8,93.075,-47.1,1.365,5099.1,yes
51,housemaid,married,unknown,no,yes,yes,cellular,apr,thu,132,2,999,0,nonexistent,-1.8,93.075,-47.1,1.365,5099.1,no
45,management,married,university.degree,unknown,yes,no,cellular,apr,thu,175,1,999,0,nonexistent,-1.8,93.075,-47.1,1.365,5099.1,yes
49,technician,single,university.degree,no,yes,no,cellular,apr,thu,861,2,999,0,nonexistent,-1.8,93.075,-47.1,1.365,5099.1,yes
49,management,married,university.degree,no,no,yes,cellular,apr,thu,296,1,999,0,nonexistent,-1.8,93.075,-47.1,1.365,5099.1,no
49,management,married,university.degree,no,yes,no,cellular,apr,thu,240,1,999,1,failure,-1.8,93.075,-47.1,1.365,5099.1,yes
29,management,single,high.school,no,yes,no,cellular,apr,thu,329,2,999,1,failure,-1.8,93.075,-47.1,1.365,5099.1,no
59,admin.,married,high.school,no,yes,no,cellular,apr,thu,147,3,999,1,failure,-1.8,93.075,-47.1,1.365,5099.1,no
33,admin.,married,high.school,no,no,no,cellular,apr,thu,113,2,999,1,failure,-1.8,93.075,-47.1,1.365,5099.1,no
40,services,married,basic.9y,no,yes,no,cellular,apr,thu,264,2,999,1,failure,-1.8,93.075,-47.1,1.365,5099.1,no
28,admin.,married,university.degree,no,no,no,cellular,apr,thu,115,2,999,1,failure,-1.8,93.075,-47.1,1.365,5099.1,no
32,blue-collar,married,professional.course,unknown,yes,yes,cellular,apr,thu,127,3,999,0,nonexistent,-1.8,93.075,-47.1,1.365,5099.1,no
30,admin.,single,university.degree,no,yes,yes,telephone,apr,thu,874,2,999,0,nonexistent,-1.8,93.075,-47.1,1.365,5099.1,yes
37,self-employed,single,university.degree,no,yes,no,telephone,apr,thu,44,1,999,0,nonexistent,-1.8,93.075,-47.1,1.365,5099.1,no
46,admin.,married,basic.6y,no,yes,no,cellular,apr,thu,513,1,999,0,nonexistent,-1.8,93.075,-47.1,1.365,5099.1,no
35,services,divorced,high.school,no,no,no,cellular,apr,thu,301,1,999,0,nonexistent,-1.8,93.075,-47.1,1.365,5099.1,no
32,blue-collar,married,professional.course,unknown,no,no,cellular,apr,thu,140,2,999,0,nonexistent,-1.8,93.075,-47.1,1.365,5099.1,no
25,blue-collar,single,basic.9y,no,yes,no,cellular,apr,thu,109,1,999,0,nonexistent,-1.8,93.075,-47.1,1.365,5099.1,no
33,blue-collar,single,professional.course,no,yes,no,cellular,apr,thu,652,2,999,0,nonexistent,-1.8,93.075,-47.1,1.365,5099.1,yes
33,technician,married,basic.9y,no,yes,no,cellular,apr,thu,144,2,999,0,nonexistent,-1.8,93.075,-47.1,1.365,5099.1,no
25,student,single,university.degree,no,yes,no,cellular,apr,thu,92,1,999,1,failure,-1.8,93.075,-47.1,1.365,5099.1,no
25,student,single,university.degree,no,no,no,cellular,apr,thu,236,1,999,0,nonexistent,-1.8,93.075,-47.1,1.365,5099.1,no
34,technician,married,university.degree,no,yes,no,cellular,apr,thu,193,2,8,1,success,-1.8,93.075,-47.1,1.365,5099.1,no
38,admin.,single,university.degree,no,yes,no,cellular,apr,thu,645,1,999,0,nonexistent,-1.8,93.075,-47.1,1.365,5099.1,yes
24,admin.,single,university.degree,no,yes,no,cellular,apr,thu,342,3,999,0,nonexistent,-1.8,93.075,-47.1,1.365,5099.1,yes
32,blue-collar,married,professional.course,unknown,yes,no,cellular,apr,thu,73,2,999,1,failure,-1.8,93.075,-47.1,1.365,5099.1,no
53,technician,married,professional.course,no,yes,no,cellular,apr,thu,301,1,999,0,nonexistent,-1.8,93.075,-47.1,1.365,5099.1,yes
32,admin.,single,high.school,no,no,no,cellular,apr,thu,1143,1,999,0,nonexistent,-1.8,93.075,-47.1,1.365,5099.1,yes
33,admin.,single,high.school,no,no,no,cellular,apr,thu,380,3,999,0,nonexistent,-1.8,93.075,-47.1,1.365,5099.1,yes
29,admin.,single,professional.course,no,no,no,cellular,apr,thu,427,3,999,0,nonexistent,-1.8,93.075,-47.1,1.365,5099.1,yes
37,admin.,married,high.school,no,no,no,cellular,apr,thu,73,3,999,0,nonexistent,-1.8,93.075,-47.1,1.365,5099.1,no
61,retired,divorced,university.degree,no,no,no,cellular,apr,thu,949,2,999,0,nonexistent,-1.8,93.075,-47.1,1.365,5099.1,yes
32,student,married,high.school,no,yes,no,cellular,apr,thu,753,1,999,0,nonexistent,-1.8,93.075,-47.1,1.365,5099.1,yes
60,admin.,married,professional.course,no,yes,no,cellular,apr,thu,108,1,999,0,nonexistent,-1.8,93.075,-47.1,1.365,5099.1,no
56,entrepreneur,married,university.degree,no,no,no,telephone,apr,thu,95,1,999,0,nonexistent,-1.8,93.075,-47.1,1.365,5099.1,no
32,blue-collar,married,professional.course,no,yes,no,cellular,apr,thu,652,2,999,0,nonexistent,-1.8,93.075,-47.1,1.365,5099.1,yes
27,student,single,unknown,unknown,yes,no,cellular,apr,thu,35,1,999,0,nonexistent,-1.8,93.075,-47.1,1.365,5099.1,no
39,services,married,university.degree,no,yes,no,cellular,apr,thu,369,1,999,0,nonexistent,-1.8,93.075,-47.1,1.365,5099.1,no
30,admin.,single,university.degree,no,yes,no,cellular,apr,thu,502,1,0,1,success,-1.8,93.075,-47.1,1.365,5099.1,yes
40,self-employed,single,university.degree,unknown,yes,yes,cellular,apr,thu,509,1,2,1,success,-1.8,93.075,-47.1,1.365,5099.1,yes
30,admin.,married,university.degree,no,no,no,cellular,apr,thu,132,1,999,0,nonexistent,-1.8,93.075,-47.1,1.365,5099.1,no
30,student,single,high.school,no,yes,no,telephone,apr,thu,136,2,999,0,nonexistent,-1.8,93.075,-47.1,1.365,5099.1,no
32,student,married,high.school,no,no,no,cellular,apr,thu,567,2,999,0,nonexistent,-1.8,93.075,-47.1,1.365,5099.1,yes
57,retired,married,university.degree,no,yes,no,cellular,apr,thu,374,1,2,1,success,-1.8,93.075,-47.1,1.365,5099.1,no
25,unknown,single,university.degree,no,yes,no,telephone,apr,thu,712,2,999,0,nonexistent,-1.8,93.075,-47.1,1.365,5099.1,yes
49,admin.,divorced,university.degree,no,yes,no,cellular,apr,thu,347,3,999,0,nonexistent,-1.8,93.075,-47.1,1.365,5099.1,no
56,entrepreneur,married,university.degree,no,yes,yes,cellular,apr,thu,259,1,999,0,nonexistent,-1.8,93.075,-47.1,1.365,5099.1,yes
66,unemployed,single,basic.4y,no,yes,no,cellular,apr,thu,1958,11,999,0,nonexistent,-1.8,93.075,-47.1,1.365,5099.1,no
88,retired,divorced,high.school,no,yes,no,cellular,may,mon,119,2,999,0,nonexistent,-1.8,92.89299999999999,-46.2,1.354,5099.1,no
38,management,married,university.degree,no,no,no,cellular,may,mon,208,3,999,0,nonexistent,-1.8,92.89299999999999,-46.2,1.354,5099.1,no
35,blue-collar,single,basic.9y,no,yes,no,cellular,may,mon,265,2,3,1,success,-1.8,92.89299999999999,-46.2,1.354,5099.1,yes
61,retired,married,high.school,no,yes,no,cellular,may,mon,104,5,999,0,nonexistent,-1.8,92.89299999999999,-46.2,1.354,5099.1,no
59,housemaid,married,professional.course,no,no,no,cellular,may,mon,675,2,999,0,nonexistent,-1.8,92.89299999999999,-46.2,1.354,5099.1,yes
46,technician,married,high.school,no,no,no,cellular,may,mon,60,5,3,1,success,-1.8,92.89299999999999,-46.2,1.354,5099.1,no
36,entrepreneur,married,university.degree,no,no,no,telephone,may,mon,410,4,999,0,nonexistent,-1.8,92.89299999999999,-46.2,1.354,5099.1,yes
33,technician,married,professional.course,no,yes,no,telephone,may,mon,390,3,999,0,nonexistent,-1.8,92.89299999999999,-46.2,1.354,5099.1,no
42,services,married,high.school,no,no,no,cellular,may,mon,312,2,999,0,nonexistent,-1.8,92.89299999999999,-46.2,1.354,5099.1,no
31,admin.,single,university.degree,no,yes,no,cellular,may,mon,244,1,999,0,nonexistent,-1.8,92.89299999999999,-46.2,1.354,5099.1,no
30,admin.,single,university.degree,no,yes,no,cellular,may,mon,160,4,999,1,failure,-1.8,92.89299999999999,-46.2,1.354,5099.1,no
44,entrepreneur,single,professional.course,no,no,no,cellular,may,mon,74,1,999,0,nonexistent,-1.8,92.89299999999999,-46.2,1.354,5099.1,no
60,management,married,university.degree,no,yes,no,telephone,may,mon,364,1,999,0,nonexistent,-1.8,92.89299999999999,-46.2,1.354,5099.1,no
35,services,married,basic.6y,no,no,no,cellular,may,mon,392,2,3,2,success,-1.8,92.89299999999999,-46.2,1.354,5099.1,yes
28,self-employed,single,university.degree,no,yes,no,cellular,may,mon,63,1,999,0,nonexistent,-1.8,92.89299999999999,-46.2,1.354,5099.1,no
36,management,married,university.degree,no,yes,no,cellular,may,mon,267,1,999,1,failure,-1.8,92.89299999999999,-46.2,1.354,5099.1,yes
60,admin.,married,university.degree,no,yes,no,cellular,may,mon,1602,2,999,0,nonexistent,-1.8,92.89299999999999,-46.2,1.354,5099.1,yes
31,admin.,divorced,university.degree,no,no,no,cellular,may,mon,200,1,999,1,failure,-1.8,92.89299999999999,-46.2,1.354,5099.1,no
26,services,single,high.school,no,yes,no,cellular,may,mon,244,1,999,0,nonexistent,-1.8,92.89299999999999,-46.2,1.354,5099.1,yes
49,admin.,married,university.degree,no,yes,yes,telephone,may,mon,16,1,999,0,nonexistent,-1.8,92.89299999999999,-46.2,1.354,5099.1,no
30,management,single,university.degree,no,yes,yes,cellular,may,mon,447,1,999,0,nonexistent,-1.8,92.89299999999999,-46.2,1.354,5099.1,yes
81,retired,married,basic.9y,no,no,no,cellular,may,mon,170,2,999,1,failure,-1.8,92.89299999999999,-46.2,1.354,5099.1,no
39,admin.,married,high.school,no,no,no,cellular,may,mon,597,1,999,0,nonexistent,-1.8,92.89299999999999,-46.2,1.354,5099.1,yes
41,technician,married,unknown,no,yes,yes,cellular,may,mon,963,1,3,2,success,-1.8,92.89299999999999,-46.2,1.354,5099.1,yes
30,unemployed,married,high.school,no,no,no,cellular,may,mon,417,1,3,1,success,-1.8,92.89299999999999,-46.2,1.354,5099.1,yes
39,admin.,married,high.school,no,yes,no,cellular,may,mon,301,3,3,1,success,-1.8,92.89299999999999,-46.2,1.354,5099.1,yes
36,admin.,married,high.school,no,yes,no,telephone,may,mon,133,1,999,0,nonexistent,-1.8,92.89299999999999,-46.2,1.354,5099.1,no
65,management,married,university.degree,no,no,no,telephone,may,mon,1076,3,6,1,success,-1.8,92.89299999999999,-46.2,1.354,5099.1,yes
34,services,married,professional.course,no,yes,yes,cellular,may,mon,275,3,999,0,nonexistent,-1.8,92.89299999999999,-46.2,1.354,5099.1,no
36,unemployed,single,university.degree,no,yes,no,cellular,may,mon,251,4,999,0,nonexistent,-1.8,92.89299999999999,-46.2,1.354,5099.1,yes
50,blue-collar,married,basic.6y,no,yes,no,cellular,may,mon,293,3,3,1,success,-1.8,92.89299999999999,-46.2,1.354,5099.1,yes
35,services,married,basic.6y,no,no,no,cellular,may,mon,592,1,3,1,success,-1.8,92.89299999999999,-46.2,1.354,5099.1,yes
26,student,single,university.degree,no,no,yes,cellular,may,mon,90,2,999,0,nonexistent,-1.8,92.89299999999999,-46.2,1.354,5099.1,no
52,admin.,single,high.school,no,no,no,cellular,may,mon,437,3,999,0,nonexistent,-1.8,92.89299999999999,-46.2,1.354,5099.1,no
34,services,married,professional.course,no,yes,no,cellular,may,mon,101,2,999,0,nonexistent,-1.8,92.89299999999999,-46.2,1.354,5099.1,no
25,technician,unknown,university.degree,no,yes,no,cellular,may,mon,346,2,999,0,nonexistent,-1.8,92.89299999999999,-46.2,1.354,5099.1,no
28,blue-collar,married,basic.6y,unknown,no,no,cellular,may,mon,364,2,999,0,nonexistent,-1.8,92.89299999999999,-46.2,1.354,5099.1,no
43,entrepreneur,married,basic.6y,no,yes,no,cellular,may,mon,195,3,999,1,failure,-1.8,92.89299999999999,-46.2,1.354,5099.1,no
30,services,single,high.school,no,yes,yes,cellular,may,mon,95,2,999,1,failure,-1.8,92.89299999999999,-46.2,1.354,5099.1,no
27,student,single,high.school,no,no,no,cellular,may,mon,64,2,999,1,failure,-1.8,92.89299999999999,-46.2,1.354,5099.1,no
27,management,single,university.degree,no,yes,no,cellular,may,mon,77,2,999,0,nonexistent,-1.8,92.89299999999999,-46.2,1.354,5099.1,no
32,student,single,unknown,no,no,yes,cellular,may,mon,77,2,999,0,nonexistent,-1.8,92.89299999999999,-46.2,1.354,5099.1,no
66,management,married,university.degree,no,no,no,cellular,may,mon,98,4,3,1,success,-1.8,92.89299999999999,-46.2,1.354,5099.1,no
49,admin.,married,university.degree,no,yes,no,telephone,may,mon,15,5,999,0,nonexistent,-1.8,92.89299999999999,-46.2,1.354,5099.1,no
52,admin.,single,high.school,no,no,no,cellular,may,mon,127,2,999,0,nonexistent,-1.8,92.89299999999999,-46.2,1.354,5099.1,no
57,admin.,single,university.degree,no,no,yes,cellular,may,mon,532,3,999,0,nonexistent,-1.8,92.89299999999999,-46.2,1.354,5099.1,yes
31,student,single,unknown,no,no,yes,cellular,may,mon,535,2,999,0,nonexistent,-1.8,92.89299999999999,-46.2,1.354,5099.1,no
36,technician,married,university.degree,no,no,yes,cellular,may,mon,287,2,999,1,failure,-1.8,92.89299999999999,-46.2,1.354,5099.1,yes
42,admin.,married,professional.course,no,yes,no,cellular,may,mon,174,1,999,0,nonexistent,-1.8,92.89299999999999,-46.2,1.354,5099.1,no
42,admin.,married,professional.course,no,no,yes,cellular,may,mon,300,1,999,0,nonexistent,-1.8,92.89299999999999,-46.2,1.354,5099.1,yes
53,admin.,divorced,university.degree,no,yes,no,cellular,may,mon,367,1,999,0,nonexistent,-1.8,92.89299999999999,-46.2,1.354,5099.1,yes
27,management,single,university.degree,no,no,no,cellular,may,mon,52,4,999,0,nonexistent,-1.8,92.89299999999999,-46.2,1.354,5099.1,no
35,services,married,high.school,no,no,no,cellular,may,mon,297,4,999,0,nonexistent,-1.8,92.89299999999999,-46.2,1.354,5099.1,no
26,admin.,single,university.degree,no,yes,no,telephone,may,mon,77,2,999,0,nonexistent,-1.8,92.89299999999999,-46.2,1.354,5099.1,no
30,unemployed,married,high.school,no,yes,no,cellular,may,mon,214,3,3,1,success,-1.8,92.89299999999999,-46.2,1.354,5099.1,yes
39,blue-collar,married,basic.9y,no,no,no,cellular,may,mon,378,3,999,0,nonexistent,-1.8,92.89299999999999,-46.2,1.354,5099.1,no
43,admin.,single,university.degree,no,yes,no,telephone,may,mon,34,6,999,0,nonexistent,-1.8,92.89299999999999,-46.2,1.354,5099.1,no
33,services,married,high.school,no,no,yes,cellular,may,mon,347,2,999,1,failure,-1.8,92.89299999999999,-46.2,1.354,5099.1,no
35,blue-collar,married,basic.4y,no,yes,no,cellular,may,mon,291,3,999,0,nonexistent,-1.8,92.89299999999999,-46.2,1.354,5099.1,no
33,blue-collar,married,high.school,unknown,yes,yes,cellular,may,mon,164,2,999,1,failure,-1.8,92.89299999999999,-46.2,1.354,5099.1,no
33,blue-collar,married,high.school,unknown,yes,no,cellular,may,mon,92,2,999,0,nonexistent,-1.8,92.89299999999999,-46.2,1.354,5099.1,no
60,blue-collar,married,unknown,unknown,yes,no,cellular,may,mon,26,5,999,0,nonexistent,-1.8,92.89299999999999,-46.2,1.354,5099.1,no
30,admin.,single,university.degree,no,no,no,telephone,may,mon,222,6,999,0,nonexistent,-1.8,92.89299999999999,-46.2,1.354,5099.1,no
53,management,married,high.school,no,yes,no,cellular,may,mon,383,2,999,1,failure,-1.8,92.89299999999999,-46.2,1.354,5099.1,no
31,admin.,single,university.degree,no,yes,no,cellular,may,mon,434,4,999,0,nonexistent,-1.8,92.89299999999999,-46.2,1.354,5099.1,yes
45,blue-collar,married,basic.9y,no,yes,no,cellular,may,mon,54,2,999,0,nonexistent,-1.8,92.89299999999999,-46.2,1.354,5099.1,no
49,unemployed,married,high.school,no,yes,no,telephone,may,mon,96,1,999,0,nonexistent,-1.8,92.89299999999999,-46.2,1.354,5099.1,no
57,technician,married,university.degree,no,yes,no,cellular,may,mon,334,2,999,1,failure,-1.8,92.89299999999999,-46.2,1.354,5099.1,no
55,technician,married,basic.9y,unknown,no,no,cellular,may,mon,180,1,999,0,nonexistent,-1.8,92.89299999999999,-46.2,1.354,5099.1,no
25,technician,unknown,university.degree,no,yes,yes,cellular,may,mon,150,1,999,0,nonexistent,-1.8,92.89299999999999,-46.2,1.354,5099.1,no
35,admin.,married,professional.course,no,yes,no,cellular,may,mon,76,2,3,1,success,-1.8,92.89299999999999,-46.2,1.354,5099.1,no
27,blue-collar,unknown,high.school,no,no,no,cellular,may,mon,173,2,999,0,nonexistent,-1.8,92.89299999999999,-46.2,1.354,5099.1,no
31,student,single,unknown,no,no,yes,cellular,may,mon,63,3,999,0,nonexistent,-1.8,92.89299999999999,-46.2,1.354,5099.1,no
58,retired,married,university.degree,no,yes,no,telephone,may,mon,101,2,999,0,nonexistent,-1.8,92.89299999999999,-46.2,1.354,5099.1,no
43,admin.,married,professional.course,no,yes,yes,cellular,may,mon,238,3,999,0,nonexistent,-1.8,92.89299999999999,-46.2,1.354,5099.1,no
31,services,married,high.school,unknown,no,no,cellular,may,mon,619,6,999,0,nonexistent,-1.8,92.89299999999999,-46.2,1.354,5099.1,yes
38,admin.,single,university.degree,no,no,no,cellular,may,mon,190,3,999,0,nonexistent,-1.8,92.89299999999999,-46.2,1.354,5099.1,no
42,admin.,married,university.degree,no,yes,no,cellular,may,mon,370,5,999,0,nonexistent,-1.8,92.89299999999999,-46.2,1.354,5099.1,no
39,technician,married,professional.course,no,yes,no,cellular,may,mon,1046,3,11,1,success,-1.8,92.89299999999999,-46.2,1.354,5099.1,yes
27,technician,single,university.degree,no,yes,no,cellular,may,mon,77,6,999,0,nonexistent,-1.8,92.89299999999999,-46.2,1.354,5099.1,no
27,technician,single,university.degree,no,yes,no,cellular,may,mon,90,4,999,1,failure,-1.8,92.89299999999999,-46.2,1.354,5099.1,no
53,admin.,married,high.school,unknown,yes,no,cellular,may,mon,181,2,999,0,nonexistent,-1.8,92.89299999999999,-46.2,1.354,5099.1,no
19,student,single,unknown,no,yes,no,cellular,may,mon,121,5,999,0,nonexistent,-1.8,92.89299999999999,-46.2,1.354,5099.1,no
44,admin.,divorced,high.school,no,yes,no,cellular,may,mon,72,4,999,0,nonexistent,-1.8,92.89299999999999,-46.2,1.354,5099.1,no
20,technician,single,university.degree,no,no,no,cellular,may,mon,237,5,999,0,nonexistent,-1.8,92.89299999999999,-46.2,1.354,5099.1,yes
45,entrepreneur,married,basic.4y,unknown,no,no,cellular,may,mon,211,5,999,0,nonexistent,-1.8,92.89299999999999,-46.2,1.354,5099.1,no
42,admin.,married,professional.course,no,yes,no,cellular,may,mon,458,3,9,2,failure,-1.8,92.89299999999999,-46.2,1.354,5099.1,yes
36,management,married,university.degree,no,no,yes,cellular,may,mon,110,4,999,0,nonexistent,-1.8,92.89299999999999,-46.2,1.354,5099.1,no
34,self-employed,married,basic.4y,unknown,no,no,cellular,may,mon,100,2,999,0,nonexistent,-1.8,92.89299999999999,-46.2,1.354,5099.1,no
39,blue-collar,married,basic.9y,no,no,yes,cellular,may,mon,124,3,999,2,failure,-1.8,92.89299999999999,-46.2,1.354,5099.1,no
44,self-employed,single,professional.course,no,yes,no,cellular,may,mon,922,4,999,0,nonexistent,-1.8,92.89299999999999,-46.2,1.354,5099.1,yes
30,self-employed,married,university.degree,no,no,no,cellular,may,mon,107,4,999,0,nonexistent,-1.8,92.89299999999999,-46.2,1.354,5099.1,no
51,blue-collar,married,basic.4y,no,yes,no,cellular,may,mon,77,2,999,0,nonexistent,-1.8,92.89299999999999,-46.2,1.354,5099.1,no
31,technician,single,university.degree,no,no,no,cellular,may,mon,220,4,999,0,nonexistent,-1.8,92.89299999999999,-46.2,1.354,5099.1,no
34,admin.,single,university.degree,no,no,no,cellular,may,mon,75,5,999,0,nonexistent,-1.8,92.89299999999999,-46.2,1.354,5099.1,no
51,blue-collar,married,basic.4y,no,yes,no,cellular,may,mon,601,3,999,0,nonexistent,-1.8,92.89299999999999,-46.2,1.354,5099.1,yes
39,admin.,single,university.degree,no,no,no,cellular,may,mon,198,2,999,0,nonexistent,-1.8,92.89299999999999,-46.2,1.354,5099.1,no
54,blue-collar,married,basic.4y,no,no,no,cellular,may,mon,191,3,999,0,nonexistent,-1.8,92.89299999999999,-46.2,1.354,5099.1,no
52,admin.,married,university.degree,no,no,yes,cellular,may,mon,434,2,999,0,nonexistent,-1.8,92.89299999999999,-46.2,1.354,5099.1,no
48,admin.,married,university.degree,no,no,yes,cellular,may,mon,312,3,999,0,nonexistent,-1.8,92.89299999999999,-46.2,1.354,5099.1,no
42,housemaid,single,high.school,no,yes,no,telephone,may,mon,186,4,999,0,nonexistent,-1.8,92.89299999999999,-46.2,1.354,5099.1,no
53,technician,married,professional.course,no,yes,no,telephone,may,mon,25,1,999,0,nonexistent,-1.8,92.89299999999999,-46.2,1.354,5099.1,no
39,blue-collar,single,basic.9y,no,yes,yes,cellular,may,mon,78,3,3,1,success,-1.8,92.89299999999999,-46.2,1.354,5099.1,no
58,admin.,married,university.degree,no,yes,yes,cellular,may,mon,353,2,999,0,nonexistent,-1.8,92.89299999999999,-46.2,1.354,5099.1,yes
30,technician,single,professional.course,no,no,no,cellular,may,mon,79,4,999,1,failure,-1.8,92.89299999999999,-46.2,1.354,5099.1,no
57,self-employed,married,university.degree,no,yes,no,cellular,may,mon,949,3,999,0,nonexistent,-1.8,92.89299999999999,-46.2,1.354,5099.1,yes
56,admin.,married,basic.9y,no,yes,yes,cellular,may,mon,313,2,999,0,nonexistent,-1.8,92.89299999999999,-46.2,1.354,5099.1,no
30,unemployed,married,high.school,no,yes,yes,telephone,may,mon,104,4,999,0,nonexistent,-1.8,92.89299999999999,-46.2,1.354,5099.1,no
30,admin.,married,university.degree,no,yes,yes,cellular,may,mon,742,4,999,0,nonexistent,-1.8,92.89299999999999,-46.2,1.354,5099.1,yes
22,student,single,high.school,no,yes,yes,cellular,may,mon,1370,3,999,0,nonexistent,-1.8,92.89299999999999,-46.2,1.354,5099.1,yes
42,admin.,married,university.degree,no,yes,no,cellular,may,mon,20,5,999,0,nonexistent,-1.8,92.89299999999999,-46.2,1.354,5099.1,no
52,blue-collar,married,basic.4y,unknown,no,no,cellular,may,mon,528,3,999,0,nonexistent,-1.8,92.89299999999999,-46.2,1.354,5099.1,no
34,services,married,professional.course,no,yes,yes,cellular,may,mon,675,3,999,0,nonexistent,-1.8,92.89299999999999,-46.2,1.354,5099.1,no
28,technician,single,high.school,no,yes,no,cellular,may,mon,134,3,999,1,failure,-1.8,92.89299999999999,-46.2,1.354,5099.1,no
35,housemaid,single,university.degree,no,no,yes,cellular,may,mon,126,4,999,0,nonexistent,-1.8,92.89299999999999,-46.2,1.354,5099.1,no
35,admin.,married,high.school,no,yes,yes,telephone,may,mon,159,10,999,0,nonexistent,-1.8,92.89299999999999,-46.2,1.354,5099.1,no
32,self-employed,married,basic.6y,no,yes,no,cellular,may,mon,1121,3,3,1,success,-1.8,92.89299999999999,-46.2,1.354,5099.1,no
61,technician,divorced,professional.course,no,yes,no,cellular,may,mon,268,3,999,0,nonexistent,-1.8,92.89299999999999,-46.2,1.354,5099.1,yes
42,admin.,married,university.degree,no,yes,no,cellular,may,mon,230,6,999,0,nonexistent,-1.8,92.89299999999999,-46.2,1.354,5099.1,no
50,self-employed,married,high.school,no,yes,no,cellular,may,mon,172,3,999,0,nonexistent,-1.8,92.89299999999999,-46.2,1.354,5099.1,no
26,student,single,high.school,no,no,no,cellular,may,mon,716,3,999,1,failure,-1.8,92.89299999999999,-46.2,1.354,5099.1,yes
40,admin.,married,university.degree,no,no,no,cellular,may,mon,365,4,999,0,nonexistent,-1.8,92.89299999999999,-46.2,1.354,5099.1,yes
38,blue-collar,married,basic.9y,no,yes,no,cellular,may,mon,240,5,999,0,nonexistent,-1.8,92.89299999999999,-46.2,1.354,5099.1,no
36,entrepreneur,married,basic.9y,no,no,no,cellular,may,mon,104,3,999,0,nonexistent,-1.8,92.89299999999999,-46.2,1.354,5099.1,no
81,retired,married,basic.4y,no,no,no,cellular,may,mon,617,2,999,0,nonexistent,-1.8,92.89299999999999,-46.2,1.354,5099.1,yes
46,services,married,basic.6y,no,yes,no,telephone,may,mon,89,5,999,0,nonexistent,-1.8,92.89299999999999,-46.2,1.354,5099.1,no
56,technician,married,professional.course,no,yes,yes,cellular,may,mon,333,2,999,0,nonexistent,-1.8,92.89299999999999,-46.2,1.354,5099.1,yes
59,retired,married,basic.4y,no,no,no,cellular,may,mon,13,6,999,1,failure,-1.8,92.89299999999999,-46.2,1.354,5099.1,no
21,student,single,unknown,no,no,no,cellular,may,mon,288,5,999,0,nonexistent,-1.8,92.89299999999999,-46.2,1.354,5099.1,yes
50,blue-collar,married,basic.6y,no,yes,no,telephone,may,mon,483,4,3,2,success,-1.8,92.89299999999999,-46.2,1.354,5099.1,yes
51,technician,married,professional.course,no,yes,no,cellular,may,mon,8,4,999,0,nonexistent,-1.8,92.89299999999999,-46.2,1.354,5099.1,no
39,admin.,married,high.school,no,no,no,telephone,may,mon,6,4,999,0,nonexistent,-1.8,92.89299999999999,-46.2,1.354,5099.1,no
46,blue-collar,married,basic.6y,no,yes,no,cellular,may,mon,1091,3,999,0,nonexistent,-1.8,92.89299999999999,-46.2,1.354,5099.1,yes
29,management,married,university.degree,no,no,no,telephone,may,mon,150,5,999,0,nonexistent,-1.8,92.89299999999999,-46.2,1.354,5099.1,no
39,admin.,married,university.degree,no,yes,no,telephone,may,mon,36,6,999,0,nonexistent,-1.8,92.89299999999999,-46.2,1.354,5099.1,no
37,entrepreneur,married,university.degree,no,yes,no,cellular,may,mon,79,5,999,0,nonexistent,-1.8,92.89299999999999,-46.2,1.354,5099.1,no
43,blue-collar,married,basic.9y,no,yes,yes,cellular,may,mon,99,4,999,0,nonexistent,-1.8,92.89299999999999,-46.2,1.354,5099.1,no
27,student,single,university.degree,no,yes,no,telephone,may,mon,354,2,999,0,nonexistent,-1.8,92.89299999999999,-46.2,1.354,5099.1,no
42,services,married,high.school,no,yes,no,cellular,may,mon,520,2,3,1,success,-1.8,92.89299999999999,-46.2,1.354,5099.1,no
45,admin.,married,university.degree,no,yes,no,cellular,may,mon,254,4,999,0,nonexistent,-1.8,92.89299999999999,-46.2,1.354,5099.1,no
43,admin.,married,high.school,no,yes,no,cellular,may,mon,76,4,3,1,success,-1.8,92.89299999999999,-46.2,1.354,5099.1,no
57,entrepreneur,married,basic.9y,no,yes,no,cellular,may,mon,429,4,999,1,failure,-1.8,92.89299999999999,-46.2,1.354,5099.1,yes
59,unknown,married,unknown,no,yes,no,cellular,may,mon,399,2,999,0,nonexistent,-1.8,92.89299999999999,-46.2,1.354,5099.1,no
48,unemployed,married,professional.course,no,yes,yes,cellular,may,mon,10,4,999,1,failure,-1.8,92.89299999999999,-46.2,1.354,5099.1,no
32,services,single,high.school,no,no,no,cellular,may,mon,196,1,999,0,nonexistent,-1.8,92.89299999999999,-46.2,1.354,5099.1,no
50,entrepreneur,married,basic.9y,no,yes,no,telephone,may,mon,331,5,999,0,nonexistent,-1.8,92.89299999999999,-46.2,1.354,5099.1,yes
29,admin.,married,university.degree,unknown,yes,no,cellular,may,mon,11,4,3,1,success,-1.8,92.89299999999999,-46.2,1.354,5099.1,no
44,self-employed,single,professional.course,no,yes,no,cellular,may,mon,775,5,999,1,failure,-1.8,92.89299999999999,-46.2,1.354,5099.1,yes
37,technician,single,professional.course,no,yes,no,cellular,may,mon,78,4,999,1,failure,-1.8,92.89299999999999,-46.2,1.354,5099.1,no
46,admin.,single,high.school,no,no,yes,cellular,may,mon,83,5,999,0,nonexistent,-1.8,92.89299999999999,-46.2,1.354,5099.1,no
53,admin.,married,basic.9y,no,no,no,telephone,may,mon,40,5,999,0,nonexistent,-1.8,92.89299999999999,-46.2,1.354,5099.1,no
51,unemployed,married,high.school,no,no,no,cellular,may,mon,14,5,3,1,success,-1.8,92.89299999999999,-46.2,1.354,5099.1,no
24,technician,single,high.school,no,yes,no,cellular,may,mon,841,4,999,0,nonexistent,-1.8,92.89299999999999,-46.2,1.354,5099.1,yes
44,self-employed,single,professional.course,no,no,no,cellular,may,mon,230,6,12,1,success,-1.8,92.89299999999999,-46.2,1.354,5099.1,no
37,unknown,single,university.degree,no,yes,no,cellular,may,mon,23,5,999,0,nonexistent,-1.8,92.89299999999999,-46.2,1.354,5099.1,no
44,self-employed,married,high.school,no,no,yes,cellular,may,mon,15,4,999,2,failure,-1.8,92.89299999999999,-46.2,1.354,5099.1,no
36,management,married,university.degree,no,yes,no,cellular,may,mon,7,6,999,0,nonexistent,-1.8,92.89299999999999,-46.2,1.354,5099.1,no
39,unemployed,single,basic.9y,no,yes,no,telephone,may,mon,846,2,999,0,nonexistent,-1.8,92.89299999999999,-46.2,1.354,5099.1,no
31,services,married,high.school,unknown,no,no,telephone,may,mon,211,3,999,0,nonexistent,-1.8,92.89299999999999,-46.2,1.354,5099.1,no
56,housemaid,married,high.school,no,no,no,cellular,may,mon,9,8,999,0,nonexistent,-1.8,92.89299999999999,-46.2,1.354,5099.1,no
56,services,divorced,high.school,no,no,no,telephone,may,mon,640,7,999,0,nonexistent,-1.8,92.89299999999999,-46.2,1.354,5099.1,yes
49,admin.,divorced,university.degree,no,no,no,cellular,may,mon,124,5,999,0,nonexistent,-1.8,92.89299999999999,-46.2,1.354,5099.1,no
36,technician,married,professional.course,no,yes,no,cellular,may,mon,16,5,999,0,nonexistent,-1.8,92.89299999999999,-46.2,1.354,5099.1,no
50,self-employed,married,basic.9y,no,yes,yes,cellular,may,mon,673,6,3,1,success,-1.8,92.89299999999999,-46.2,1.354,5099.1,yes
25,management,single,university.degree,no,yes,no,cellular,may,mon,362,5,999,0,nonexistent,-1.8,92.89299999999999,-46.2,1.354,5099.1,no
56,services,married,high.school,no,yes,no,cellular,may,mon,520,2,999,0,nonexistent,-1.8,92.89299999999999,-46.2,1.354,5099.1,no
34,admin.,married,university.degree,no,yes,yes,telephone,may,mon,75,3,999,0,nonexistent,-1.8,92.89299999999999,-46.2,1.354,5099.1,no
59,unknown,married,unknown,no,yes,no,cellular,may,mon,8,7,6,1,success,-1.8,92.89299999999999,-46.2,1.354,5099.1,no
45,admin.,married,university.degree,no,yes,yes,telephone,may,mon,157,3,999,0,nonexistent,-1.8,92.89299999999999,-46.2,1.354,5099.1,no
39,blue-collar,single,basic.4y,no,no,yes,cellular,may,tue,205,2,999,0,nonexistent,-1.8,92.89299999999999,-46.2,1.344,5099.1,no
36,services,married,high.school,no,yes,no,cellular,may,tue,574,2,999,0,nonexistent,-1.8,92.89299999999999,-46.2,1.344,5099.1,no
29,admin.,single,university.degree,no,yes,no,cellular,may,tue,159,8,999,0,nonexistent,-1.8,92.89299999999999,-46.2,1.344,5099.1,no
37,blue-collar,married,basic.6y,no,yes,no,cellular,may,tue,85,4,999,0,nonexistent,-1.8,92.89299999999999,-46.2,1.344,5099.1,no
36,admin.,divorced,high.school,no,yes,no,cellular,may,tue,136,5,999,0,nonexistent,-1.8,92.89299999999999,-46.2,1.344,5099.1,no
33,retired,married,high.school,no,yes,no,cellular,may,tue,762,3,999,0,nonexistent,-1.8,92.89299999999999,-46.2,1.344,5099.1,yes
28,services,single,unknown,no,no,no,cellular,may,tue,466,2,999,1,failure,-1.8,92.89299999999999,-46.2,1.344,5099.1,no
34,admin.,married,university.degree,no,yes,no,cellular,may,tue,88,3,999,1,failure,-1.8,92.89299999999999,-46.2,1.344,5099.1,no
58,services,divorced,high.school,unknown,yes,no,cellular,may,tue,29,6,999,0,nonexistent,-1.8,92.89299999999999,-46.2,1.344,5099.1,no
36,blue-collar,married,basic.6y,no,yes,no,cellular,may,tue,94,5,999,0,nonexistent,-1.8,92.89299999999999,-46.2,1.344,5099.1,no
33,management,married,university.degree,no,yes,no,cellular,may,tue,35,6,999,0,nonexistent,-1.8,92.89299999999999,-46.2,1.344,5099.1,no
38,admin.,married,university.degree,no,no,no,telephone,may,tue,11,6,999,0,nonexistent,-1.8,92.89299999999999,-46.2,1.344,5099.1,no
48,services,married,basic.4y,no,no,no,cellular,may,tue,17,5,999,1,failure,-1.8,92.89299999999999,-46.2,1.344,5099.1,no
57,retired,married,basic.6y,no,no,no,cellular,may,tue,148,4,999,1,failure,-1.8,92.89299999999999,-46.2,1.344,5099.1,no
41,blue-collar,married,basic.9y,no,yes,no,cellular,may,tue,155,4,999,1,failure,-1.8,92.89299999999999,-46.2,1.344,5099.1,no
55,retired,married,basic.4y,no,no,no,cellular,may,tue,43,5,999,0,nonexistent,-1.8,92.89299999999999,-46.2,1.344,5099.1,no
40,blue-collar,married,basic.9y,unknown,no,no,cellular,may,tue,307,4,999,2,failure,-1.8,92.89299999999999,-46.2,1.344,5099.1,no
32,technician,single,professional.course,no,no,no,cellular,may,tue,146,2,999,0,nonexistent,-1.8,92.89299999999999,-46.2,1.344,5099.1,no
36,blue-collar,married,basic.9y,unknown,yes,no,cellular,may,tue,39,5,999,0,nonexistent,-1.8,92.89299999999999,-46.2,1.344,5099.1,no
19,student,single,high.school,unknown,no,yes,cellular,may,tue,106,4,999,0,nonexistent,-1.8,92.89299999999999,-46.2,1.344,5099.1,no
44,blue-collar,married,basic.4y,no,yes,no,telephone,may,tue,15,7,999,0,nonexistent,-1.8,92.89299999999999,-46.2,1.344,5099.1,no
37,admin.,married,basic.9y,no,yes,no,cellular,may,tue,272,2,999,1,failure,-1.8,92.89299999999999,-46.2,1.344,5099.1,no
44,services,married,high.school,no,yes,no,cellular,may,tue,10,5,999,0,nonexistent,-1.8,92.89299999999999,-46.2,1.344,5099.1,no
29,admin.,single,university.degree,no,no,no,cellular,may,tue,245,6,999,1,failure,-1.8,92.89299999999999,-46.2,1.344,5099.1,no
44,admin.,single,professional.course,unknown,no,no,cellular,may,tue,18,6,999,0,nonexistent,-1.8,92.89299999999999,-46.2,1.344,5099.1,no
37,blue-collar,married,basic.6y,no,no,no,cellular,may,tue,84,5,999,0,nonexistent,-1.8,92.89299999999999,-46.2,1.344,5099.1,no
37,admin.,married,basic.9y,no,yes,no,cellular,may,tue,24,7,999,0,nonexistent,-1.8,92.89299999999999,-46.2,1.344,5099.1,no
43,blue-collar,married,basic.4y,no,no,no,cellular,may,tue,184,1,999,2,failure,-1.8,92.89299999999999,-46.2,1.344,5099.1,no
38,admin.,divorced,high.school,no,no,no,cellular,may,tue,326,1,999,0,nonexistent,-1.8,92.89299999999999,-46.2,1.344,5099.1,no
34,blue-collar,married,basic.9y,no,yes,no,cellular,may,tue,222,1,999,0,nonexistent,-1.8,92.89299999999999,-46.2,1.344,5099.1,no
34,blue-collar,married,basic.9y,no,no,no,cellular,may,tue,169,1,999,0,nonexistent,-1.8,92.89299999999999,-46.2,1.344,5099.1,no
32,blue-collar,married,basic.6y,unknown,yes,no,cellular,may,tue,105,1,999,0,nonexistent,-1.8,92.89299999999999,-46.2,1.344,5099.1,no
34,blue-collar,married,basic.9y,no,yes,no,telephone,may,tue,363,1,999,0,nonexistent,-1.8,92.89299999999999,-46.2,1.344,5099.1,no
34,blue-collar,married,basic.9y,no,yes,no,cellular,may,tue,332,1,999,0,nonexistent,-1.8,92.89299999999999,-46.2,1.344,5099.1,no
42,blue-collar,married,basic.9y,no,no,no,cellular,may,tue,334,1,999,1,failure,-1.8,92.89299999999999,-46.2,1.344,5099.1,no
32,blue-collar,married,basic.9y,no,yes,no,cellular,may,tue,72,1,999,2,failure,-1.8,92.89299999999999,-46.2,1.344,5099.1,no
35,blue-collar,married,basic.6y,unknown,yes,no,cellular,may,tue,214,1,0,1,success,-1.8,92.89299999999999,-46.2,1.344,5099.1,no
34,management,married,university.degree,no,yes,yes,cellular,may,tue,106,1,999,0,nonexistent,-1.8,92.89299999999999,-46.2,1.344,5099.1,no
37,admin.,divorced,high.school,no,no,yes,cellular,may,tue,461,1,999,0,nonexistent,-1.8,92.89299999999999,-46.2,1.344,5099.1,no
35,services,married,high.school,unknown,yes,no,cellular,may,tue,31,1,999,0,nonexistent,-1.8,92.89299999999999,-46.2,1.344,5099.1,no
32,technician,single,university.degree,no,yes,no,cellular,may,tue,51,1,999,0,nonexistent,-1.8,92.89299999999999,-46.2,1.344,5099.1,no
35,services,married,high.school,unknown,yes,no,cellular,may,tue,215,1,999,0,nonexistent,-1.8,92.89299999999999,-46.2,1.344,5099.1,no
36,blue-collar,married,basic.9y,no,no,no,cellular,may,tue,133,1,999,0,nonexistent,-1.8,92.89299999999999,-46.2,1.344,5099.1,no
36,blue-collar,married,basic.9y,no,yes,no,cellular,may,tue,301,1,999,0,nonexistent,-1.8,92.89299999999999,-46.2,1.344,5099.1,no
36,blue-collar,married,basic.9y,no,yes,no,cellular,may,tue,415,1,999,0,nonexistent,-1.8,92.89299999999999,-46.2,1.344,5099.1,no
33,admin.,married,high.school,unknown,yes,no,cellular,may,tue,17,1,999,0,nonexistent,-1.8,92.89299999999999,-46.2,1.344,5099.1,no
36,blue-collar,married,basic.9y,no,no,no,cellular,may,tue,151,1,999,0,nonexistent,-1.8,92.89299999999999,-46.2,1.344,5099.1,no
29,services,divorced,high.school,no,no,no,cellular,may,tue,259,1,999,0,nonexistent,-1.8,92.89299999999999,-46.2,1.344,5099.1,no
41,admin.,married,high.school,no,yes,no,cellular,may,tue,181,1,999,1,failure,-1.8,92.89299999999999,-46.2,1.344,5099.1,no
33,admin.,married,high.school,unknown,yes,no,cellular,may,tue,169,1,999,0,nonexistent,-1.8,92.89299999999999,-46.2,1.344,5099.1,no
33,admin.,married,high.school,unknown,no,no,cellular,may,tue,168,1,999,1,failure,-1.8,92.89299999999999,-46.2,1.344,5099.1,no
41,blue-collar,married,basic.9y,no,yes,no,cellular,may,tue,98,1,999,0,nonexistent,-1.8,92.89299999999999,-46.2,1.344,5099.1,no
41,blue-collar,married,basic.9y,no,yes,no,cellular,may,tue,123,1,999,0,nonexistent,-1.8,92.89299999999999,-46.2,1.344,5099.1,no
41,blue-collar,married,basic.9y,no,yes,no,cellular,may,tue,243,1,999,2,failure,-1.8,92.89299999999999,-46.2,1.344,5099.1,no
47,services,married,high.school,unknown,yes,no,cellular,may,tue,377,1,999,1,failure,-1.8,92.89299999999999,-46.2,1.344,5099.1,no
49,admin.,married,high.school,no,no,no,cellular,may,tue,57,1,999,1,failure,-1.8,92.89299999999999,-46.2,1.344,5099.1,no
41,blue-collar,married,basic.4y,no,yes,no,cellular,may,tue,234,1,999,2,failure,-1.8,92.89299999999999,-46.2,1.344,5099.1,no
36,blue-collar,married,basic.4y,unknown,no,no,cellular,may,tue,234,1,999,0,nonexistent,-1.8,92.89299999999999,-46.2,1.344,5099.1,no
40,admin.,single,high.school,no,no,no,cellular,may,tue,17,6,999,0,nonexistent,-1.8,92.89299999999999,-46.2,1.344,5099.1,no
34,blue-collar,married,basic.9y,no,no,no,cellular,may,tue,129,2,999,0,nonexistent,-1.8,92.89299999999999,-46.2,1.344,5099.1,no
39,blue-collar,married,basic.9y,no,yes,no,telephone,may,tue,29,1,999,0,nonexistent,-1.8,92.89299999999999,-46.2,1.344,5099.1,no
38,entrepreneur,married,professional.course,no,no,yes,cellular,may,tue,266,1,999,1,failure,-1.8,92.89299999999999,-46.2,1.344,5099.1,no
39,blue-collar,married,basic.9y,no,no,no,cellular,may,tue,163,1,999,0,nonexistent,-1.8,92.89299999999999,-46.2,1.344,5099.1,no
38,entrepreneur,married,professional.course,no,yes,no,cellular,may,tue,382,1,999,0,nonexistent,-1.8,92.89299999999999,-46.2,1.344,5099.1,no
39,blue-collar,married,basic.9y,no,no,no,cellular,may,tue,225,1,999,0,nonexistent,-1.8,92.89299999999999,-46.2,1.344,5099.1,no
58,admin.,single,university.degree,no,no,no,cellular,may,tue,358,1,999,0,nonexistent,-1.8,92.89299999999999,-46.2,1.344,5099.1,no
49,admin.,married,high.school,no,yes,no,cellular,may,tue,668,1,999,1,failure,-1.8,92.89299999999999,-46.2,1.344,5099.1,yes
44,blue-collar,married,basic.9y,no,yes,yes,cellular,may,tue,180,1,999,0,nonexistent,-1.8,92.89299999999999,-46.2,1.344,5099.1,no
39,blue-collar,married,basic.9y,no,yes,yes,cellular,may,tue,494,1,999,0,nonexistent,-1.8,92.89299999999999,-46.2,1.344,5099.1,yes
49,blue-collar,married,professional.course,no,yes,yes,cellular,may,tue,121,1,999,1,failure,-1.8,92.89299999999999,-46.2,1.344,5099.1,no
38,blue-collar,divorced,basic.9y,no,yes,no,cellular,may,tue,391,1,999,0,nonexistent,-1.8,92.89299999999999,-46.2,1.344,5099.1,no
51,admin.,married,basic.4y,unknown,no,no,cellular,may,tue,142,1,999,1,failure,-1.8,92.89299999999999,-46.2,1.344,5099.1,no
41,blue-collar,married,basic.9y,no,no,no,cellular,may,tue,1240,1,999,0,nonexistent,-1.8,92.89299999999999,-46.2,1.344,5099.1,yes
35,blue-collar,married,high.school,no,no,no,cellular,may,tue,895,1,999,0,nonexistent,-1.8,92.89299999999999,-46.2,1.344,5099.1,yes
58,admin.,single,university.degree,no,yes,no,cellular,may,tue,851,1,999,0,nonexistent,-1.8,92.89299999999999,-46.2,1.344,5099.1,yes
50,blue-collar,married,basic.4y,no,yes,no,cellular,may,tue,392,1,999,0,nonexistent,-1.8,92.89299999999999,-46.2,1.344,5099.1,yes
43,blue-collar,married,basic.6y,no,no,yes,cellular,may,tue,175,1,999,0,nonexistent,-1.8,92.89299999999999,-46.2,1.344,5099.1,no
35,technician,divorced,professional.course,no,no,no,cellular,may,tue,301,1,999,1,failure,-1.8,92.89299999999999,-46.2,1.344,5099.1,no
38,technician,married,university.degree,no,yes,no,cellular,may,tue,55,1,999,1,failure,-1.8,92.89299999999999,-46.2,1.344,5099.1,no
43,blue-collar,married,basic.6y,no,yes,no,cellular,may,tue,286,1,999,1,failure,-1.8,92.89299999999999,-46.2,1.344,5099.1,no
47,management,married,university.degree,no,no,no,cellular,may,tue,242,1,999,1,failure,-1.8,92.89299999999999,-46.2,1.344,5099.1,no
51,admin.,married,basic.4y,unknown,no,no,cellular,may,tue,516,1,999,0,nonexistent,-1.8,92.89299999999999,-46.2,1.344,5099.1,no
34,blue-collar,married,unknown,no,yes,no,cellular,may,tue,163,1,999,1,failure,-1.8,92.89299999999999,-46.2,1.344,5099.1,no
35,blue-collar,single,high.school,no,yes,no,cellular,may,tue,173,1,999,1,failure,-1.8,92.89299999999999,-46.2,1.344,5099.1,no
34,blue-collar,married,high.school,no,yes,no,cellular,may,tue,863,1,3,2,success,-1.8,92.89299999999999,-46.2,1.344,5099.1,yes
35,admin.,single,university.degree,no,yes,no,telephone,may,tue,227,3,999,0,nonexistent,-1.8,92.89299999999999,-46.2,1.344,5099.1,no
36,admin.,single,high.school,no,yes,no,cellular,may,tue,479,1,999,0,nonexistent,-1.8,92.89299999999999,-46.2,1.344,5099.1,no
31,services,single,high.school,no,yes,no,cellular,may,tue,28,1,999,0,nonexistent,-1.8,92.89299999999999,-46.2,1.344,5099.1,no
45,entrepreneur,divorced,basic.9y,no,yes,yes,cellular,may,tue,17,3,999,0,nonexistent,-1.8,92.89299999999999,-46.2,1.344,5099.1,no
42,blue-collar,married,basic.9y,no,no,no,cellular,may,tue,80,1,999,1,failure,-1.8,92.89299999999999,-46.2,1.344,5099.1,no
40,management,married,university.degree,no,yes,no,cellular,may,tue,459,1,999,0,nonexistent,-1.8,92.89299999999999,-46.2,1.344,5099.1,no
44,services,married,high.school,no,yes,no,cellular,may,tue,358,1,999,1,failure,-1.8,92.89299999999999,-46.2,1.344,5099.1,no
48,blue-collar,single,basic.4y,unknown,yes,yes,cellular,may,tue,233,1,999,0,nonexistent,-1.8,92.89299999999999,-46.2,1.344,5099.1,no
35,blue-collar,divorced,high.school,no,yes,no,cellular,may,tue,187,1,999,0,nonexistent,-1.8,92.89299999999999,-46.2,1.344,5099.1,no
45,blue-collar,married,unknown,unknown,yes,no,cellular,may,tue,131,1,999,0,nonexistent,-1.8,92.89299999999999,-46.2,1.344,5099.1,no
50,technician,married,unknown,no,no,no,cellular,may,tue,95,1,999,0,nonexistent,-1.8,92.89299999999999,-46.2,1.344,5099.1,no
35,blue-collar,single,high.school,no,no,no,cellular,may,tue,1090,1,999,0,nonexistent,-1.8,92.89299999999999,-46.2,1.344,5099.1,yes
55,self-employed,married,basic.9y,no,yes,no,cellular,may,tue,604,1,999,0,nonexistent,-1.8,92.89299999999999,-46.2,1.344,5099.1,no
41,management,single,basic.9y,no,no,no,cellular,may,tue,381,1,999,1,failure,-1.8,92.89299999999999,-46.2,1.344,5099.1,no
39,blue-collar,married,basic.6y,no,yes,no,cellular,may,tue,103,1,999,2,failure,-1.8,92.89299999999999,-46.2,1.344,5099.1,no
34,entrepreneur,single,university.degree,no,yes,no,cellular,may,tue,168,2,999,0,nonexistent,-1.8,92.89299999999999,-46.2,1.344,5099.1,no
39,blue-collar,married,basic.6y,no,yes,yes,cellular,may,tue,225,1,999,0,nonexistent,-1.8,92.89299999999999,-46.2,1.344,5099.1,no
43,blue-collar,married,basic.9y,unknown,unknown,unknown,cellular,may,tue,46,1,999,0,nonexistent,-1.8,92.89299999999999,-46.2,1.344,5099.1,no
50,technician,married,unknown,no,yes,yes,cellular,may,tue,400,1,999,0,nonexistent,-1.8,92.89299999999999,-46.2,1.344,5099.1,yes
54,blue-collar,married,high.school,unknown,yes,no,cellular,may,tue,323,1,999,0,nonexistent,-1.8,92.89299999999999,-46.2,1.344,5099.1,no
57,blue-collar,married,basic.9y,no,yes,no,cellular,may,tue,269,1,999,0,nonexistent,-1.8,92.89299999999999,-46.2,1.344,5099.1,no
43,blue-collar,married,basic.9y,unknown,yes,no,cellular,may,tue,180,1,999,0,nonexistent,-1.8,92.89299999999999,-46.2,1.344,5099.1,no
37,management,married,university.degree,no,no,yes,cellular,may,tue,252,1,999,0,nonexistent,-1.8,92.89299999999999,-46.2,1.344,5099.1,no
43,blue-collar,married,basic.9y,unknown,yes,no,cellular,may,tue,545,1,999,0,nonexistent,-1.8,92.89299999999999,-46.2,1.344,5099.1,no
45,technician,divorced,university.degree,unknown,yes,no,cellular,may,tue,298,1,999,0,nonexistent,-1.8,92.89299999999999,-46.2,1.344,5099.1,no
28,blue-collar,single,basic.9y,unknown,no,no,cellular,may,tue,718,1,999,1,failure,-1.8,92.89299999999999,-46.2,1.344,5099.1,no
37,blue-collar,married,unknown,no,yes,no,cellular,may,tue,696,1,999,1,failure,-1.8,92.89299999999999,-46.2,1.344,5099.1,no
33,services,married,professional.course,no,yes,no,cellular,may,tue,44,1,999,0,nonexistent,-1.8,92.89299999999999,-46.2,1.344,5099.1,no
37,blue-collar,married,basic.6y,no,yes,yes,cellular,may,tue,98,4,999,0,nonexistent,-1.8,92.89299999999999,-46.2,1.344,5099.1,no
43,blue-collar,married,basic.9y,unknown,no,no,cellular,may,tue,68,1,6,1,success,-1.8,92.89299999999999,-46.2,1.344,5099.1,no
38,technician,married,professional.course,no,no,no,cellular,may,tue,188,1,999,0,nonexistent,-1.8,92.89299999999999,-46.2,1.344,5099.1,no
48,services,married,basic.4y,no,no,no,cellular,may,tue,1130,4,999,0,nonexistent,-1.8,92.89299999999999,-46.2,1.344,5099.1,no
35,services,married,basic.6y,unknown,yes,no,cellular,may,tue,136,2,999,0,nonexistent,-1.8,92.89299999999999,-46.2,1.344,5099.1,no
30,admin.,married,high.school,no,no,yes,cellular,may,tue,838,1,999,0,nonexistent,-1.8,92.89299999999999,-46.2,1.344,5099.1,yes
34,technician,single,professional.course,no,yes,no,cellular,may,tue,325,1,999,0,nonexistent,-1.8,92.89299999999999,-46.2,1.344,5099.1,no
45,blue-collar,married,basic.4y,unknown,no,yes,cellular,may,tue,397,1,999,0,nonexistent,-1.8,92.89299999999999,-46.2,1.344,5099.1,no
46,blue-collar,married,high.school,no,no,yes,cellular,may,tue,173,1,999,0,nonexistent,-1.8,92.89299999999999,-46.2,1.344,5099.1,no
44,blue-collar,married,basic.4y,unknown,no,no,cellular,may,tue,659,1,999,1,failure,-1.8,92.89299999999999,-46.2,1.344,5099.1,no
44,admin.,married,university.degree,no,yes,no,cellular,may,tue,201,1,999,0,nonexistent,-1.8,92.89299999999999,-46.2,1.344,5099.1,no
30,blue-collar,single,basic.9y,no,no,yes,cellular,may,tue,143,1,999,1,failure,-1.8,92.89299999999999,-46.2,1.344,5099.1,no
42,blue-collar,married,basic.4y,no,yes,no,cellular,may,tue,196,1,999,0,nonexistent,-1.8,92.89299999999999,-46.2,1.344,5099.1,no
30,technician,single,university.degree,no,yes,no,cellular,may,tue,150,1,999,0,nonexistent,-1.8,92.89299999999999,-46.2,1.344,5099.1,no
36,blue-collar,single,basic.6y,unknown,yes,no,cellular,may,tue,108,1,999,1,failure,-1.8,92.89299999999999,-46.2,1.344,5099.1,no
36,blue-collar,single,basic.6y,unknown,no,no,cellular,may,tue,141,1,999,1,failure,-1.8,92.89299999999999,-46.2,1.344,5099.1,no
36,admin.,divorced,high.school,no,yes,no,cellular,may,tue,236,1,999,1,failure,-1.8,92.89299999999999,-46.2,1.344,5099.1,no
38,technician,married,university.degree,no,no,no,telephone,may,tue,125,2,999,0,nonexistent,-1.8,92.89299999999999,-46.2,1.344,5099.1,no
46,blue-collar,married,high.school,no,yes,no,cellular,may,tue,675,1,999,0,nonexistent,-1.8,92.89299999999999,-46.2,1.344,5099.1,no
44,entrepreneur,married,basic.4y,no,unknown,unknown,cellular,may,tue,84,1,999,1,failure,-1.8,92.89299999999999,-46.2,1.344,5099.1,no
48,blue-collar,married,basic.9y,no,yes,no,cellular,may,tue,258,1,999,0,nonexistent,-1.8,92.89299999999999,-46.2,1.344,5099.1,no
33,admin.,single,high.school,no,no,no,telephone,may,tue,60,1,999,0,nonexistent,-1.8,92.89299999999999,-46.2,1.344,5099.1,no
40,admin.,single,high.school,no,no,no,cellular,may,tue,18,6,999,0,nonexistent,-1.8,92.89299999999999,-46.2,1.344,5099.1,no
44,entrepreneur,married,basic.4y,no,unknown,unknown,cellular,may,tue,241,1,999,1,failure,-1.8,92.89299999999999,-46.2,1.344,5099.1,no
33,admin.,single,high.school,no,no,no,cellular,may,tue,151,1,999,0,nonexistent,-1.8,92.89299999999999,-46.2,1.344,5099.1,no
37,technician,married,university.degree,no,no,no,cellular,may,tue,34,1,999,0,nonexistent,-1.8,92.89299999999999,-46.2,1.344,5099.1,no
47,blue-collar,divorced,basic.9y,no,no,no,cellular,may,tue,295,1,999,0,nonexistent,-1.8,92.89299999999999,-46.2,1.344,5099.1,no
51,blue-collar,married,professional.course,unknown,yes,no,cellular,may,tue,273,1,999,0,nonexistent,-1.8,92.89299999999999,-46.2,1.344,5099.1,no
33,admin.,single,high.school,no,yes,no,cellular,may,tue,659,1,999,0,nonexistent,-1.8,92.89299999999999,-46.2,1.344,5099.1,no
33,admin.,married,high.school,no,yes,no,cellular,may,tue,345,1,999,0,nonexistent,-1.8,92.89299999999999,-46.2,1.344,5099.1,no
32,admin.,married,high.school,no,yes,no,cellular,may,tue,323,2,999,0,nonexistent,-1.8,92.89299999999999,-46.2,1.344,5099.1,no
32,admin.,divorced,high.school,no,yes,no,cellular,may,tue,294,1,999,0,nonexistent,-1.8,92.89299999999999,-46.2,1.344,5099.1,no
54,self-employed,married,university.degree,no,no,yes,cellular,may,tue,388,1,999,0,nonexistent,-1.8,92.89299999999999,-46.2,1.344,5099.1,no
28,services,single,unknown,no,yes,no,cellular,may,tue,87,4,999,1,failure,-1.8,92.89299999999999,-46.2,1.344,5099.1,no
49,entrepreneur,married,high.school,no,no,no,cellular,may,tue,141,1,999,0,nonexistent,-1.8,92.89299999999999,-46.2,1.344,5099.1,no
58,retired,married,high.school,unknown,no,no,cellular,may,tue,127,1,999,1,failure,-1.8,92.89299999999999,-46.2,1.344,5099.1,no
32,services,married,high.school,no,no,no,cellular,may,tue,79,1,999,0,nonexistent,-1.8,92.89299999999999,-46.2,1.344,5099.1,no
47,entrepreneur,married,unknown,unknown,yes,no,telephone,may,tue,22,1,999,1,failure,-1.8,92.89299999999999,-46.2,1.344,5099.1,no
32,technician,married,high.school,no,yes,no,cellular,may,tue,67,1,999,0,nonexistent,-1.8,92.89299999999999,-46.2,1.344,5099.1,no
47,entrepreneur,married,unknown,unknown,yes,no,cellular,may,tue,197,1,999,0,nonexistent,-1.8,92.89299999999999,-46.2,1.344,5099.1,no
44,admin.,single,professional.course,unknown,yes,no,cellular,may,tue,54,4,999,0,nonexistent,-1.8,92.89299999999999,-46.2,1.344,5099.1,no
37,blue-collar,married,unknown,unknown,no,no,cellular,may,tue,409,1,999,0,nonexistent,-1.8,92.89299999999999,-46.2,1.344,5099.1,no
45,blue-collar,married,basic.4y,unknown,yes,no,cellular,may,tue,335,2,999,1,failure,-1.8,92.89299999999999,-46.2,1.344,5099.1,no
35,technician,married,professional.course,no,yes,no,cellular,may,tue,206,1,999,1,failure,-1.8,92.89299999999999,-46.2,1.344,5099.1,no
40,technician,married,high.school,no,yes,no,cellular,may,tue,394,1,999,0,nonexistent,-1.8,92.89299999999999,-46.2,1.344,5099.1,no
51,blue-collar,married,basic.6y,no,unknown,unknown,cellular,may,tue,811,2,999,0,nonexistent,-1.8,92.89299999999999,-46.2,1.344,5099.1,yes
35,blue-collar,married,basic.4y,no,yes,no,cellular,may,tue,65,1,999,0,nonexistent,-1.8,92.89299999999999,-46.2,1.344,5099.1,no
57,blue-collar,married,basic.4y,no,yes,no,cellular,may,tue,145,1,999,0,nonexistent,-1.8,92.89299999999999,-46.2,1.344,5099.1,no
49,blue-collar,married,basic.6y,unknown,no,no,cellular,may,tue,568,1,999,1,failure,-1.8,92.89299999999999,-46.2,1.344,5099.1,yes
34,admin.,married,high.school,no,yes,yes,cellular,may,tue,259,1,999,0,nonexistent,-1.8,92.89299999999999,-46.2,1.344,5099.1,yes
37,management,single,university.degree,no,yes,no,cellular,may,tue,42,1,999,1,failure,-1.8,92.89299999999999,-46.2,1.344,5099.1,no
45,entrepreneur,divorced,basic.9y,no,yes,no,cellular,may,tue,29,3,999,0,nonexistent,-1.8,92.89299999999999,-46.2,1.344,5099.1,no
44,entrepreneur,married,basic.4y,no,yes,no,cellular,may,tue,955,2,999,0,nonexistent,-1.8,92.89299999999999,-46.2,1.344,5099.1,yes
37,management,divorced,unknown,no,yes,no,cellular,may,tue,221,2,999,1,failure,-1.8,92.89299999999999,-46.2,1.344,5099.1,no
53,admin.,single,high.school,no,yes,no,cellular,may,tue,470,2,999,2,failure,-1.8,92.89299999999999,-46.2,1.344,5099.1,no
31,unemployed,single,university.degree,no,yes,no,cellular,may,tue,11,9,999,0,nonexistent,-1.8,92.89299999999999,-46.2,1.344,5099.1,no
33,admin.,married,high.school,no,yes,no,cellular,may,tue,495,1,999,1,failure,-1.8,92.89299999999999,-46.2,1.344,5099.1,no
29,entrepreneur,married,basic.6y,no,yes,no,cellular,may,tue,383,5,999,0,nonexistent,-1.8,92.89299999999999,-46.2,1.344,5099.1,no
35,blue-collar,married,basic.6y,no,yes,no,cellular,may,tue,155,1,999,0,nonexistent,-1.8,92.89299999999999,-46.2,1.344,5099.1,no
37,management,single,university.degree,no,no,no,cellular,may,tue,107,1,999,1,failure,-1.8,92.89299999999999,-46.2,1.344,5099.1,no
36,retired,single,university.degree,no,yes,no,cellular,may,tue,93,4,999,0,nonexistent,-1.8,92.89299999999999,-46.2,1.344,5099.1,no
37,management,single,university.degree,no,yes,no,cellular,may,tue,277,1,999,0,nonexistent,-1.8,92.89299999999999,-46.2,1.344,5099.1,no
50,blue-collar,married,basic.4y,no,no,no,cellular,may,tue,166,2,999,1,failure,-1.8,92.89299999999999,-46.2,1.344,5099.1,no
37,management,single,university.degree,no,yes,no,cellular,may,tue,58,1,999,0,nonexistent,-1.8,92.89299999999999,-46.2,1.344,5099.1,no
58,services,divorced,high.school,unknown,yes,no,cellular,may,tue,237,4,999,2,failure,-1.8,92.89299999999999,-46.2,1.344,5099.1,no
38,entrepreneur,married,basic.4y,no,no,no,cellular,may,tue,184,1,999,1,failure,-1.8,92.89299999999999,-46.2,1.344,5099.1,no
34,technician,single,professional.course,no,no,no,cellular,may,tue,1221,2,999,1,failure,-1.8,92.89299999999999,-46.2,1.344,5099.1,yes
38,entrepreneur,married,basic.4y,no,yes,no,cellular,may,tue,360,1,999,1,failure,-1.8,92.89299999999999,-46.2,1.344,5099.1,no
36,admin.,single,high.school,no,yes,no,cellular,may,tue,67,2,999,0,nonexistent,-1.8,92.89299999999999,-46.2,1.344,5099.1,no
52,blue-collar,married,high.school,no,yes,no,cellular,may,tue,131,1,999,0,nonexistent,-1.8,92.89299999999999,-46.2,1.344,5099.1,no
52,blue-collar,married,high.school,no,no,no,cellular,may,tue,57,1,999,0,nonexistent,-1.8,92.89299999999999,-46.2,1.344,5099.1,no
37,services,single,basic.9y,no,no,no,cellular,may,tue,37,1,999,0,nonexistent,-1.8,92.89299999999999,-46.2,1.344,5099.1,no
39,blue-collar,married,basic.9y,no,yes,no,cellular,may,tue,257,1,999,0,nonexistent,-1.8,92.89299999999999,-46.2,1.344,5099.1,no
39,blue-collar,married,basic.6y,unknown,no,no,cellular,may,tue,132,1,999,0,nonexistent,-1.8,92.89299999999999,-46.2,1.344,5099.1,no
37,services,single,basic.9y,no,no,no,cellular,may,tue,247,1,999,0,nonexistent,-1.8,92.89299999999999,-46.2,1.344,5099.1,no
37,services,single,basic.9y,no,no,no,cellular,may,tue,348,1,999,0,nonexistent,-1.8,92.89299999999999,-46.2,1.344,5099.1,no
54,services,divorced,university.degree,no,yes,no,cellular,may,tue,335,1,999,1,failure,-1.8,92.89299999999999,-46.2,1.344,5099.1,no
33,admin.,married,basic.9y,no,no,no,cellular,may,tue,127,1,999,0,nonexistent,-1.8,92.89299999999999,-46.2,1.344,5099.1,no
30,services,married,high.school,no,yes,no,cellular,may,tue,93,1,999,0,nonexistent,-1.8,92.89299999999999,-46.2,1.344,5099.1,no
54,services,divorced,university.degree,no,no,no,cellular,may,tue,499,1,999,0,nonexistent,-1.8,92.89299999999999,-46.2,1.344,5099.1,yes
44,management,married,university.degree,no,yes,no,cellular,may,tue,71,1,999,0,nonexistent,-1.8,92.89299999999999,-46.2,1.344,5099.1,no
30,services,married,high.school,no,no,no,cellular,may,tue,414,1,999,0,nonexistent,-1.8,92.89299999999999,-46.2,1.344,5099.1,no
27,blue-collar,single,basic.9y,no,no,no,cellular,may,tue,64,1,999,0,nonexistent,-1.8,92.89299999999999,-46.2,1.344,5099.1,no
27,blue-collar,single,basic.9y,no,yes,no,cellular,may,tue,352,1,999,0,nonexistent,-1.8,92.89299999999999,-46.2,1.344,5099.1,no
51,services,divorced,high.school,unknown,no,no,cellular,may,tue,398,2,999,1,failure,-1.8,92.89299999999999,-46.2,1.344,5099.1,no
36,blue-collar,married,basic.9y,no,no,no,cellular,may,tue,253,3,999,1,failure,-1.8,92.89299999999999,-46.2,1.344,5099.1,no
41,blue-collar,married,basic.9y,no,yes,no,cellular,may,tue,160,1,999,0,nonexistent,-1.8,92.89299999999999,-46.2,1.344,5099.1,no
32,management,divorced,university.degree,no,yes,yes,cellular,may,tue,160,2,999,0,nonexistent,-1.8,92.89299999999999,-46.2,1.344,5099.1,no
40,blue-collar,married,basic.6y,no,no,no,cellular,may,tue,316,1,11,1,success,-1.8,92.89299999999999,-46.2,1.344,5099.1,no
29,admin.,single,university.degree,no,yes,no,cellular,may,tue,69,1,999,0,nonexistent,-1.8,92.89299999999999,-46.2,1.344,5099.1,no
29,admin.,single,university.degree,no,no,no,cellular,may,tue,41,1,999,0,nonexistent,-1.8,92.89299999999999,-46.2,1.344,5099.1,no
29,admin.,single,university.degree,no,yes,yes,cellular,may,tue,76,1,999,2,failure,-1.8,92.89299999999999,-46.2,1.344,5099.1,no
31,services,married,high.school,no,no,yes,cellular,may,tue,284,3,999,1,failure,-1.8,92.89299999999999,-46.2,1.344,5099.1,no
29,admin.,single,university.degree,no,no,no,cellular,may,tue,206,1,999,1,failure,-1.8,92.89299999999999,-46.2,1.344,5099.1,no
37,services,married,high.school,no,no,no,cellular,may,tue,157,4,999,0,nonexistent,-1.8,92.89299999999999,-46.2,1.344,5099.1,no
36,blue-collar,married,basic.4y,unknown,no,no,cellular,may,tue,246,1,999,1,failure,-1.8,92.89299999999999,-46.2,1.344,5099.1,no
34,blue-collar,married,basic.6y,no,yes,no,cellular,may,tue,162,1,999,1,failure,-1.8,92.89299999999999,-46.2,1.344,5099.1,no
40,admin.,single,professional.course,no,yes,no,cellular,may,tue,43,1,999,1,failure,-1.8,92.89299999999999,-46.2,1.344,5099.1,no
41,blue-collar,married,basic.4y,unknown,yes,no,cellular,may,tue,259,1,999,0,nonexistent,-1.8,92.89299999999999,-46.2,1.344,5099.1,no
28,blue-collar,single,university.degree,no,no,no,cellular,may,tue,585,1,999,0,nonexistent,-1.8,92.89299999999999,-46.2,1.344,5099.1,no
39,retired,divorced,basic.4y,no,yes,yes,cellular,may,tue,209,2,999,1,failure,-1.8,92.89299999999999,-46.2,1.344,5099.1,no
31,admin.,divorced,university.degree,no,no,no,cellular,may,tue,290,2,999,0,nonexistent,-1.8,92.89299999999999,-46.2,1.344,5099.1,no
31,admin.,married,high.school,no,yes,no,cellular,may,tue,387,2,999,1,failure,-1.8,92.89299999999999,-46.2,1.344,5099.1,no
36,technician,married,basic.9y,no,yes,yes,cellular,may,tue,67,1,999,1,failure,-1.8,92.89299999999999,-46.2,1.344,5099.1,no
39,blue-collar,married,basic.9y,no,yes,no,cellular,may,tue,253,1,12,1,success,-1.8,92.89299999999999,-46.2,1.344,5099.1,no
32,self-employed,married,basic.9y,no,no,no,cellular,may,tue,301,2,999,0,nonexistent,-1.8,92.89299999999999,-46.2,1.344,5099.1,no
33,blue-collar,married,basic.4y,unknown,yes,yes,cellular,may,tue,106,1,999,0,nonexistent,-1.8,92.89299999999999,-46.2,1.344,5099.1,no
36,entrepreneur,married,high.school,no,no,no,cellular,may,tue,179,1,999,1,failure,-1.8,92.89299999999999,-46.2,1.344,5099.1,no
36,entrepreneur,married,high.school,no,yes,no,cellular,may,tue,283,1,999,1,failure,-1.8,92.89299999999999,-46.2,1.344,5099.1,no
54,management,married,university.degree,no,yes,yes,cellular,may,tue,198,1,999,1,failure,-1.8,92.89299999999999,-46.2,1.344,5099.1,no
47,blue-collar,single,basic.4y,unknown,no,no,cellular,may,tue,343,4,999,1,failure,-1.8,92.89299999999999,-46.2,1.344,5099.1,no
39,services,married,high.school,no,yes,yes,cellular,may,tue,200,1,999,0,nonexistent,-1.8,92.89299999999999,-46.2,1.344,5099.1,no
54,management,married,university.degree,no,yes,yes,cellular,may,tue,552,1,999,2,failure,-1.8,92.89299999999999,-46.2,1.344,5099.1,no
30,management,single,university.degree,no,yes,yes,cellular,may,tue,228,1,999,1,failure,-1.8,92.89299999999999,-46.2,1.344,5099.1,no
30,management,single,university.degree,no,no,no,cellular,may,tue,223,1,999,0,nonexistent,-1.8,92.89299999999999,-46.2,1.344,5099.1,no
30,management,single,university.degree,no,no,yes,cellular,may,tue,496,1,999,1,failure,-1.8,92.89299999999999,-46.2,1.344,5099.1,no
51,management,married,high.school,unknown,yes,no,cellular,may,tue,397,1,999,0,nonexistent,-1.8,92.89299999999999,-46.2,1.344,5099.1,no
36,blue-collar,married,basic.9y,no,yes,no,cellular,may,tue,334,1,999,0,nonexistent,-1.8,92.89299999999999,-46.2,1.344,5099.1,no
31,blue-collar,married,basic.9y,no,no,yes,cellular,may,tue,183,1,999,1,failure,-1.8,92.89299999999999,-46.2,1.344,5099.1,no
33,admin.,married,basic.9y,no,yes,no,cellular,may,tue,118,2,999,1,failure,-1.8,92.89299999999999,-46.2,1.344,5099.1,no
33,services,married,high.school,no,no,no,cellular,may,tue,69,1,999,0,nonexistent,-1.8,92.89299999999999,-46.2,1.344,5099.1,no
42,entrepreneur,divorced,professional.course,no,yes,no,cellular,may,tue,355,2,999,0,nonexistent,-1.8,92.89299999999999,-46.2,1.344,5099.1,no
41,blue-collar,married,basic.4y,no,yes,no,cellular,may,tue,894,1,999,0,nonexistent,-1.8,92.89299999999999,-46.2,1.344,5099.1,yes
41,blue-collar,married,basic.4y,no,yes,no,cellular,may,tue,1101,1,999,0,nonexistent,-1.8,92.89299999999999,-46.2,1.344,5099.1,no
36,blue-collar,divorced,basic.9y,unknown,yes,no,telephone,may,tue,170,2,999,0,nonexistent,-1.8,92.89299999999999,-46.2,1.344,5099.1,no
26,student,single,high.school,unknown,yes,no,cellular,may,tue,205,1,999,0,nonexistent,-1.8,92.89299999999999,-46.2,1.344,5099.1,no
43,blue-collar,married,basic.4y,unknown,yes,no,cellular,may,tue,325,2,999,0,nonexistent,-1.8,92.89299999999999,-46.2,1.344,5099.1,no
41,blue-collar,married,basic.6y,no,yes,no,cellular,may,tue,150,2,999,1,failure,-1.8,92.89299999999999,-46.2,1.344,5099.1,no
34,admin.,married,university.degree,no,yes,no,cellular,may,tue,442,2,999,1,failure,-1.8,92.89299999999999,-46.2,1.344,5099.1,no
31,blue-collar,divorced,basic.9y,no,yes,no,cellular,may,tue,160,2,999,1,failure,-1.8,92.89299999999999,-46.2,1.344,5099.1,no
32,admin.,single,university.degree,no,yes,no,cellular,may,tue,85,8,999,0,nonexistent,-1.8,92.89299999999999,-46.2,1.344,5099.1,no
28,services,single,unknown,no,yes,no,cellular,may,tue,83,9,999,1,failure,-1.8,92.89299999999999,-46.2,1.344,5099.1,no
44,management,married,university.degree,no,yes,no,cellular,may,tue,281,2,999,0,nonexistent,-1.8,92.89299999999999,-46.2,1.344,5099.1,no
34,services,unknown,high.school,no,yes,yes,cellular,may,tue,369,2,999,1,failure,-1.8,92.89299999999999,-46.2,1.344,5099.1,no
46,management,divorced,professional.course,no,no,no,cellular,may,tue,159,2,999,1,failure,-1.8,92.89299999999999,-46.2,1.344,5099.1,no
35,services,single,high.school,no,no,no,cellular,may,tue,71,2,999,0,nonexistent,-1.8,92.89299999999999,-46.2,1.344,5099.1,no
30,services,single,high.school,no,no,no,cellular,may,tue,263,2,999,0,nonexistent,-1.8,92.89299999999999,-46.2,1.344,5099.1,no
32,management,divorced,university.degree,no,no,no,cellular,may,tue,342,3,999,0,nonexistent,-1.8,92.89299999999999,-46.2,1.344,5099.1,no
33,services,married,professional.course,no,yes,no,cellular,may,tue,335,2,999,0,nonexistent,-1.8,92.89299999999999,-46.2,1.344,5099.1,no
37,admin.,single,university.degree,no,yes,no,cellular,may,tue,414,5,999,0,nonexistent,-1.8,92.89299999999999,-46.2,1.344,5099.1,no
45,admin.,single,high.school,no,yes,no,cellular,may,tue,200,3,999,0,nonexistent,-1.8,92.89299999999999,-46.2,1.344,5099.1,no
36,technician,married,basic.9y,no,yes,no,cellular,may,tue,297,2,999,1,failure,-1.8,92.89299999999999,-46.2,1.344,5099.1,no
26,management,single,university.degree,no,no,no,cellular,may,tue,279,2,999,1,failure,-1.8,92.89299999999999,-46.2,1.344,5099.1,no
19,student,single,high.school,unknown,yes,no,cellular,may,tue,338,4,999,0,nonexistent,-1.8,92.89299999999999,-46.2,1.344,5099.1,no
45,admin.,single,high.school,no,yes,no,cellular,may,tue,318,3,999,0,nonexistent,-1.8,92.89299999999999,-46.2,1.344,5099.1,no
43,blue-collar,married,basic.9y,no,no,no,cellular,may,tue,322,4,999,0,nonexistent,-1.8,92.89299999999999,-46.2,1.344,5099.1,no
37,management,divorced,unknown,no,yes,no,cellular,may,tue,147,2,999,1,failure,-1.8,92.89299999999999,-46.2,1.344,5099.1,no
42,blue-collar,married,basic.9y,no,yes,yes,cellular,may,tue,63,4,999,0,nonexistent,-1.8,92.89299999999999,-46.2,1.344,5099.1,no
32,technician,married,professional.course,no,yes,no,cellular,may,tue,81,9,999,0,nonexistent,-1.8,92.89299999999999,-46.2,1.344,5099.1,no
37,services,married,high.school,no,no,no,cellular,may,tue,378,3,999,0,nonexistent,-1.8,92.89299999999999,-46.2,1.344,5099.1,no
33,blue-collar,married,basic.6y,unknown,yes,no,cellular,may,tue,670,2,999,1,failure,-1.8,92.89299999999999,-46.2,1.344,5099.1,yes
43,management,married,university.degree,unknown,no,no,cellular,may,tue,167,2,999,1,failure,-1.8,92.89299999999999,-46.2,1.344,5099.1,no
52,management,married,basic.4y,no,yes,no,cellular,may,tue,1100,3,999,0,nonexistent,-1.8,92.89299999999999,-46.2,1.344,5099.1,no
36,blue-collar,married,basic.4y,unknown,yes,no,cellular,may,tue,192,2,999,0,nonexistent,-1.8,92.89299999999999,-46.2,1.344,5099.1,no
39,self-employed,single,university.degree,no,no,no,cellular,may,tue,180,2,999,0,nonexistent,-1.8,92.89299999999999,-46.2,1.344,5099.1,no
34,blue-collar,married,basic.6y,no,yes,no,cellular,may,tue,477,3,999,0,nonexistent,-1.8,92.89299999999999,-46.2,1.344,5099.1,no
35,blue-collar,married,basic.6y,no,yes,no,cellular,may,tue,240,2,999,0,nonexistent,-1.8,92.89299999999999,-46.2,1.344,5099.1,no
41,blue-collar,married,basic.4y,unknown,unknown,unknown,cellular,may,tue,124,2,999,0,nonexistent,-1.8,92.89299999999999,-46.2,1.344,5099.1,no
34,admin.,married,university.degree,no,yes,no,cellular,may,tue,122,2,999,1,failure,-1.8,92.89299999999999,-46.2,1.344,5099.1,no
38,technician,divorced,professional.course,no,yes,yes,cellular,may,tue,351,2,999,1,failure,-1.8,92.89299999999999,-46.2,1.344,5099.1,no
31,blue-collar,married,basic.9y,no,yes,no,cellular,may,tue,180,3,999,2,failure,-1.8,92.89299999999999,-46.2,1.344,5099.1,no
43,blue-collar,divorced,basic.4y,no,unknown,unknown,cellular,may,tue,157,7,999,1,failure,-1.8,92.89299999999999,-46.2,1.344,5099.1,no
34,blue-collar,married,basic.4y,no,no,no,cellular,may,tue,211,2,999,1,failure,-1.8,92.89299999999999,-46.2,1.344,5099.1,no
36,admin.,single,university.degree,no,yes,no,telephone,may,tue,521,6,999,0,nonexistent,-1.8,92.89299999999999,-46.2,1.344,5099.1,yes
48,blue-collar,married,basic.6y,no,yes,no,cellular,may,tue,862,3,999,0,nonexistent,-1.8,92.89299999999999,-46.2,1.344,5099.1,yes
48,blue-collar,married,basic.9y,no,yes,no,cellular,may,tue,169,2,999,0,nonexistent,-1.8,92.89299999999999,-46.2,1.344,5099.1,no
34,blue-collar,married,basic.6y,no,no,no,cellular,may,tue,319,2,999,1,failure,-1.8,92.89299999999999,-46.2,1.344,5099.1,no
53,unemployed,married,basic.9y,unknown,yes,no,cellular,may,tue,67,4,999,0,nonexistent,-1.8,92.89299999999999,-46.2,1.344,5099.1,no
37,blue-collar,married,basic.6y,no,no,no,cellular,may,tue,75,7,999,0,nonexistent,-1.8,92.89299999999999,-46.2,1.344,5099.1,no
57,blue-collar,married,basic.4y,no,no,no,cellular,may,tue,674,2,999,1,failure,-1.8,92.89299999999999,-46.2,1.344,5099.1,no
39,admin.,single,professional.course,no,yes,no,cellular,may,tue,209,5,999,1,failure,-1.8,92.89299999999999,-46.2,1.344,5099.1,no
34,technician,married,professional.course,no,yes,no,cellular,may,tue,185,2,999,1,failure,-1.8,92.89299999999999,-46.2,1.344,5099.1,no
40,technician,married,professional.course,no,yes,no,cellular,may,tue,211,2,999,0,nonexistent,-1.8,92.89299999999999,-46.2,1.344,5099.1,no
44,admin.,married,university.degree,no,yes,no,cellular,may,tue,203,2,999,0,nonexistent,-1.8,92.89299999999999,-46.2,1.344,5099.1,no
47,management,married,university.degree,no,yes,no,cellular,may,tue,469,2,999,1,failure,-1.8,92.89299999999999,-46.2,1.344,5099.1,no
35,blue-collar,divorced,basic.9y,no,yes,no,cellular,may,tue,523,1,999,1,failure,-1.8,92.89299999999999,-46.2,1.344,5099.1,no
36,blue-collar,married,basic.9y,no,yes,yes,telephone,may,tue,36,7,999,0,nonexistent,-1.8,92.89299999999999,-46.2,1.344,5099.1,no
55,self-employed,married,basic.9y,no,yes,yes,cellular,may,tue,475,2,999,0,nonexistent,-1.8,92.89299999999999,-46.2,1.344,5099.1,no
39,blue-collar,married,basic.9y,no,no,no,cellular,may,tue,233,2,999,0,nonexistent,-1.8,92.89299999999999,-46.2,1.344,5099.1,no
45,blue-collar,married,basic.9y,no,yes,no,cellular,may,tue,672,2,999,0,nonexistent,-1.8,92.89299999999999,-46.2,1.344,5099.1,yes
37,blue-collar,married,basic.6y,no,no,no,cellular,may,tue,1085,3,999,0,nonexistent,-1.8,92.89299999999999,-46.2,1.344,5099.1,yes
29,entrepreneur,married,basic.6y,no,no,no,cellular,may,tue,118,3,999,0,nonexistent,-1.8,92.89299999999999,-46.2,1.344,5099.1,no
31,admin.,married,university.degree,no,no,no,cellular,may,tue,102,5,999,0,nonexistent,-1.8,92.89299999999999,-46.2,1.344,5099.1,no
31,services,single,high.school,no,no,no,cellular,may,tue,206,1,999,0,nonexistent,-1.8,92.89299999999999,-46.2,1.344,5099.1,no
35,blue-collar,divorced,basic.9y,no,no,no,cellular,may,tue,176,1,999,0,nonexistent,-1.8,92.89299999999999,-46.2,1.344,5099.1,no
37,technician,married,university.degree,no,yes,no,cellular,may,tue,370,3,999,0,nonexistent,-1.8,92.89299999999999,-46.2,1.344,5099.1,no
41,blue-collar,married,basic.6y,unknown,no,no,cellular,may,tue,278,1,999,0,nonexistent,-1.8,92.89299999999999,-46.2,1.344,5099.1,no
48,blue-collar,single,basic.4y,no,no,no,cellular,may,tue,275,1,999,0,nonexistent,-1.8,92.89299999999999,-46.2,1.344,5099.1,no
41,blue-collar,married,basic.9y,no,yes,yes,cellular,may,tue,320,1,999,0,nonexistent,-1.8,92.89299999999999,-46.2,1.344,5099.1,no
31,admin.,divorced,university.degree,no,yes,no,telephone,may,tue,259,2,999,0,nonexistent,-1.8,92.89299999999999,-46.2,1.344,5099.1,no
46,technician,married,professional.course,no,yes,no,telephone,may,tue,193,1,999,1,failure,-1.8,92.89299999999999,-46.2,1.344,5099.1,no
38,blue-collar,married,professional.course,no,yes,no,cellular,may,tue,418,3,999,0,nonexistent,-1.8,92.89299999999999,-46.2,1.344,5099.1,no
40,services,married,high.school,no,no,no,cellular,may,tue,74,8,999,1,failure,-1.8,92.89299999999999,-46.2,1.344,5099.1,no
44,management,divorced,university.degree,no,yes,no,cellular,may,tue,195,1,999,0,nonexistent,-1.8,92.89299999999999,-46.2,1.344,5099.1,no
42,technician,divorced,basic.6y,no,yes,no,cellular,may,tue,221,1,999,2,failure,-1.8,92.89299999999999,-46.2,1.344,5099.1,no
46,admin.,divorced,high.school,no,no,no,cellular,may,tue,84,1,999,0,nonexistent,-1.8,92.89299999999999,-46.2,1.344,5099.1,no
46,technician,married,high.school,no,yes,no,cellular,may,tue,368,1,999,0,nonexistent,-1.8,92.89299999999999,-46.2,1.344,5099.1,no
40,admin.,married,professional.course,no,unknown,unknown,cellular,may,tue,305,1,999,0,nonexistent,-1.8,92.89299999999999,-46.2,1.344,5099.1,no
35,admin.,single,university.degree,no,yes,no,cellular,may,tue,614,1,999,0,nonexistent,-1.8,92.89299999999999,-46.2,1.344,5099.1,no
53,admin.,married,university.degree,unknown,no,no,cellular,may,wed,160,7,999,1,failure,-1.8,92.89299999999999,-46.2,1.334,5099.1,no
34,housemaid,married,high.school,unknown,no,no,cellular,may,wed,104,2,999,1,failure,-1.8,92.89299999999999,-46.2,1.334,5099.1,no
34,housemaid,married,high.school,unknown,no,no,cellular,may,wed,142,3,999,0,nonexistent,-1.8,92.89299999999999,-46.2,1.334,5099.1,no
31,blue-collar,single,basic.9y,unknown,yes,yes,cellular,may,wed,55,2,999,0,nonexistent,-1.8,92.89299999999999,-46.2,1.334,5099.1,no
31,admin.,married,unknown,no,yes,no,cellular,may,wed,7,11,999,1,failure,-1.8,92.89299999999999,-46.2,1.334,5099.1,no
33,technician,married,professional.course,no,yes,no,cellular,may,wed,199,7,999,1,failure,-1.8,92.89299999999999,-46.2,1.334,5099.1,no
50,services,divorced,high.school,no,no,no,cellular,may,wed,148,2,999,0,nonexistent,-1.8,92.89299999999999,-46.2,1.334,5099.1,no
35,admin.,single,university.degree,no,no,no,cellular,may,wed,88,2,999,0,nonexistent,-1.8,92.89299999999999,-46.2,1.334,5099.1,no
42,services,married,high.school,no,yes,no,cellular,may,wed,87,1,999,0,nonexistent,-1.8,92.89299999999999,-46.2,1.334,5099.1,no
39,blue-collar,single,basic.9y,unknown,yes,no,cellular,may,wed,201,1,999,0,nonexistent,-1.8,92.89299999999999,-46.2,1.334,5099.1,no
36,blue-collar,single,professional.course,unknown,yes,no,cellular,may,wed,206,1,999,0,nonexistent,-1.8,92.89299999999999,-46.2,1.334,5099.1,no
52,management,divorced,university.degree,no,no,no,cellular,may,wed,451,1,999,1,failure,-1.8,92.89299999999999,-46.2,1.334,5099.1,yes
48,blue-collar,married,basic.4y,unknown,no,no,cellular,may,wed,78,1,999,1,failure,-1.8,92.89299999999999,-46.2,1.334,5099.1,no
36,management,married,basic.9y,no,yes,yes,cellular,may,wed,438,1,999,0,nonexistent,-1.8,92.89299999999999,-46.2,1.334,5099.1,no
39,blue-collar,married,basic.9y,no,yes,no,cellular,may,wed,219,1,999,0,nonexistent,-1.8,92.89299999999999,-46.2,1.334,5099.1,no
33,management,married,university.degree,no,no,no,cellular,may,wed,210,2,999,1,failure,-1.8,92.89299999999999,-46.2,1.334,5099.1,no
46,blue-collar,married,basic.9y,no,yes,no,cellular,may,wed,113,1,999,0,nonexistent,-1.8,92.89299999999999,-46.2,1.334,5099.1,no
47,blue-collar,married,high.school,no,no,no,cellular,may,wed,327,1,999,1,failure,-1.8,92.89299999999999,-46.2,1.334,5099.1,no
35,services,married,high.school,unknown,yes,yes,cellular,may,wed,224,1,999,0,nonexistent,-1.8,92.89299999999999,-46.2,1.334,5099.1,no
38,admin.,married,high.school,no,no,no,cellular,may,wed,275,1,999,0,nonexistent,-1.8,92.89299999999999,-46.2,1.334,5099.1,no
35,services,married,high.school,unknown,yes,no,cellular,may,wed,257,1,999,0,nonexistent,-1.8,92.89299999999999,-46.2,1.334,5099.1,no
35,blue-collar,married,basic.9y,no,yes,no,cellular,may,wed,248,1,999,0,nonexistent,-1.8,92.89299999999999,-46.2,1.334,5099.1,no
38,blue-collar,single,basic.4y,no,no,no,cellular,may,wed,207,1,999,1,failure,-1.8,92.89299999999999,-46.2,1.334,5099.1,no
34,admin.,single,high.school,no,yes,no,cellular,may,wed,653,1,11,1,success,-1.8,92.89299999999999,-46.2,1.334,5099.1,yes
40,services,single,high.school,no,no,no,cellular,may,wed,197,1,999,0,nonexistent,-1.8,92.89299999999999,-46.2,1.334,5099.1,no
35,services,single,high.school,no,yes,no,cellular,may,wed,87,1,999,1,failure,-1.8,92.89299999999999,-46.2,1.334,5099.1,no
31,blue-collar,married,high.school,no,yes,no,cellular,may,wed,207,1,999,1,failure,-1.8,92.89299999999999,-46.2,1.334,5099.1,no
58,services,married,basic.6y,unknown,no,no,cellular,may,wed,327,1,999,0,nonexistent,-1.8,92.89299999999999,-46.2,1.334,5099.1,no
36,technician,married,professional.course,no,yes,no,cellular,may,wed,62,1,999,0,nonexistent,-1.8,92.89299999999999,-46.2,1.334,5099.1,no
33,blue-collar,married,basic.9y,no,yes,no,cellular,may,wed,293,1,11,1,success,-1.8,92.89299999999999,-46.2,1.334,5099.1,no
37,blue-collar,married,basic.9y,no,no,no,cellular,may,wed,372,1,999,0,nonexistent,-1.8,92.89299999999999,-46.2,1.334,5099.1,no
37,blue-collar,married,basic.9y,no,yes,no,cellular,may,wed,345,1,999,0,nonexistent,-1.8,92.89299999999999,-46.2,1.334,5099.1,no
36,admin.,single,high.school,no,no,no,cellular,may,wed,473,1,999,0,nonexistent,-1.8,92.89299999999999,-46.2,1.334,5099.1,no
29,admin.,single,university.degree,no,yes,no,cellular,may,wed,133,1,999,0,nonexistent,-1.8,92.89299999999999,-46.2,1.334,5099.1,no
36,admin.,married,university.degree,no,yes,no,cellular,may,wed,128,3,999,0,nonexistent,-1.8,92.89299999999999,-46.2,1.334,5099.1,no
36,technician,married,professional.course,no,yes,no,cellular,may,wed,731,1,10,1,success,-1.8,92.89299999999999,-46.2,1.334,5099.1,yes
41,blue-collar,married,basic.6y,no,yes,no,cellular,may,wed,488,1,999,0,nonexistent,-1.8,92.89299999999999,-46.2,1.334,5099.1,yes
29,admin.,single,university.degree,no,no,no,cellular,may,wed,401,1,999,1,failure,-1.8,92.89299999999999,-46.2,1.334,5099.1,no
36,management,single,university.degree,no,yes,no,cellular,may,wed,38,1,999,2,failure,-1.8,92.89299999999999,-46.2,1.334,5099.1,no
29,admin.,single,university.degree,no,yes,yes,cellular,may,wed,74,2,999,0,nonexistent,-1.8,92.89299999999999,-46.2,1.334,5099.1,no
48,blue-collar,married,basic.6y,unknown,no,no,cellular,may,wed,14,11,999,0,nonexistent,-1.8,92.89299999999999,-46.2,1.334,5099.1,no
32,technician,single,professional.course,no,no,no,cellular,may,wed,362,2,999,0,nonexistent,-1.8,92.89299999999999,-46.2,1.334,5099.1,no
39,blue-collar,married,basic.9y,unknown,no,yes,cellular,may,wed,343,3,999,1,failure,-1.8,92.89299999999999,-46.2,1.334,5099.1,no
27,services,married,high.school,no,yes,no,cellular,may,wed,152,1,999,1,failure,-1.8,92.89299999999999,-46.2,1.334,5099.1,no
53,blue-collar,married,professional.course,unknown,no,no,cellular,may,wed,403,4,999,0,nonexistent,-1.8,92.89299999999999,-46.2,1.334,5099.1,no
41,entrepreneur,married,basic.4y,no,no,yes,cellular,may,wed,767,1,999,0,nonexistent,-1.8,92.89299999999999,-46.2,1.334,5099.1,yes
45,housemaid,married,basic.6y,no,yes,no,cellular,may,wed,236,1,999,1,failure,-1.8,92.89299999999999,-46.2,1.334,5099.1,no
36,blue-collar,married,basic.9y,no,yes,no,cellular,may,wed,227,1,999,0,nonexistent,-1.8,92.89299999999999,-46.2,1.334,5099.1,no
41,self-employed,married,unknown,unknown,no,no,cellular,may,wed,100,2,999,1,failure,-1.8,92.89299999999999,-46.2,1.334,5099.1,no
45,entrepreneur,married,university.degree,no,no,no,cellular,may,wed,139,6,999,0,nonexistent,-1.8,92.89299999999999,-46.2,1.334,5099.1,no
53,blue-collar,married,professional.course,unknown,no,yes,cellular,may,wed,595,5,999,0,nonexistent,-1.8,92.89299999999999,-46.2,1.334,5099.1,no
48,technician,single,professional.course,no,yes,no,cellular,may,wed,142,2,999,0,nonexistent,-1.8,92.89299999999999,-46.2,1.334,5099.1,no
35,admin.,married,university.degree,no,yes,no,cellular,may,wed,376,2,999,1,failure,-1.8,92.89299999999999,-46.2,1.334,5099.1,no
33,services,married,professional.course,unknown,yes,no,cellular,may,wed,160,2,999,0,nonexistent,-1.8,92.89299999999999,-46.2,1.334,5099.1,no
54,technician,divorced,university.degree,no,yes,no,cellular,may,wed,132,1,999,1,failure,-1.8,92.89299999999999,-46.2,1.334,5099.1,no
37,blue-collar,divorced,basic.9y,no,yes,no,cellular,may,wed,438,2,999,0,nonexistent,-1.8,92.89299999999999,-46.2,1.334,5099.1,no
38,blue-collar,married,basic.4y,no,yes,no,cellular,may,wed,100,1,999,0,nonexistent,-1.8,92.89299999999999,-46.2,1.334,5099.1,no
44,blue-collar,married,basic.4y,no,yes,yes,cellular,may,wed,94,1,999,0,nonexistent,-1.8,92.89299999999999,-46.2,1.334,5099.1,no
46,services,divorced,basic.9y,no,unknown,unknown,cellular,may,wed,222,1,999,0,nonexistent,-1.8,92.89299999999999,-46.2,1.334,5099.1,no
34,blue-collar,married,basic.9y,no,no,yes,cellular,may,wed,50,1,999,0,nonexistent,-1.8,92.89299999999999,-46.2,1.334,5099.1,no
40,blue-collar,married,basic.9y,no,yes,no,cellular,may,wed,954,1,999,0,nonexistent,-1.8,92.89299999999999,-46.2,1.334,5099.1,yes
46,services,divorced,basic.9y,no,yes,no,cellular,may,wed,403,1,999,1,failure,-1.8,92.89299999999999,-46.2,1.334,5099.1,no
39,blue-collar,divorced,basic.9y,unknown,no,no,cellular,may,wed,106,1,999,0,nonexistent,-1.8,92.89299999999999,-46.2,1.334,5099.1,no
30,blue-collar,divorced,high.school,unknown,no,no,cellular,may,wed,848,1,999,1,failure,-1.8,92.89299999999999,-46.2,1.334,5099.1,yes
39,blue-collar,divorced,basic.9y,unknown,yes,no,cellular,may,wed,304,1,999,0,nonexistent,-1.8,92.89299999999999,-46.2,1.334,5099.1,no
48,entrepreneur,married,basic.6y,no,no,no,cellular,may,wed,119,1,999,0,nonexistent,-1.8,92.89299999999999,-46.2,1.334,5099.1,no
34,admin.,single,university.degree,no,yes,no,cellular,may,wed,36,1,999,1,failure,-1.8,92.89299999999999,-46.2,1.334,5099.1,no
57,admin.,married,high.school,no,no,no,cellular,may,wed,644,1,999,1,failure,-1.8,92.89299999999999,-46.2,1.334,5099.1,no
31,services,married,high.school,no,no,yes,cellular,may,wed,109,1,999,0,nonexistent,-1.8,92.89299999999999,-46.2,1.334,5099.1,no
39,blue-collar,married,basic.6y,no,yes,no,cellular,may,wed,34,9,999,0,nonexistent,-1.8,92.89299999999999,-46.2,1.334,5099.1,no
42,blue-collar,single,basic.9y,no,yes,yes,cellular,may,wed,200,1,999,0,nonexistent,-1.8,92.89299999999999,-46.2,1.334,5099.1,no
39,blue-collar,married,professional.course,no,yes,no,cellular,may,wed,145,1,999,0,nonexistent,-1.8,92.89299999999999,-46.2,1.334,5099.1,no
39,blue-collar,married,professional.course,no,yes,no,cellular,may,wed,72,1,999,0,nonexistent,-1.8,92.89299999999999,-46.2,1.334,5099.1,no
46,blue-collar,married,basic.6y,unknown,no,no,cellular,may,wed,19,1,999,0,nonexistent,-1.8,92.89299999999999,-46.2,1.334,5099.1,no
39,blue-collar,married,basic.4y,no,no,no,cellular,may,wed,272,1,999,1,failure,-1.8,92.89299999999999,-46.2,1.334,5099.1,no
31,blue-collar,single,high.school,no,no,no,cellular,may,wed,90,1,999,1,failure,-1.8,92.89299999999999,-46.2,1.334,5099.1,no
31,blue-collar,single,high.school,no,yes,no,cellular,may,wed,125,1,999,0,nonexistent,-1.8,92.89299999999999,-46.2,1.334,5099.1,no
31,blue-collar,single,high.school,no,no,no,cellular,may,wed,153,1,999,0,nonexistent,-1.8,92.89299999999999,-46.2,1.334,5099.1,no
36,admin.,single,university.degree,unknown,yes,no,cellular,may,wed,530,1,999,0,nonexistent,-1.8,92.89299999999999,-46.2,1.334,5099.1,yes
31,blue-collar,single,high.school,no,yes,no,cellular,may,wed,291,1,999,0,nonexistent,-1.8,92.89299999999999,-46.2,1.334,5099.1,no
28,admin.,single,university.degree,no,no,yes,cellular,may,wed,223,1,999,0,nonexistent,-1.8,92.89299999999999,-46.2,1.334,5099.1,no
37,admin.,married,university.degree,no,no,no,cellular,may,wed,208,1,999,1,failure,-1.8,92.89299999999999,-46.2,1.334,5099.1,no
35,technician,married,professional.course,no,yes,no,cellular,may,wed,54,2,999,1,failure,-1.8,92.89299999999999,-46.2,1.334,5099.1,no
36,management,married,basic.9y,no,yes,no,cellular,may,wed,503,2,999,1,failure,-1.8,92.89299999999999,-46.2,1.334,5099.1,no
39,blue-collar,divorced,basic.9y,unknown,no,no,cellular,may,wed,95,1,999,1,failure,-1.8,92.89299999999999,-46.2,1.334,5099.1,no
31,blue-collar,single,high.school,no,no,no,cellular,may,wed,465,1,999,1,failure,-1.8,92.89299999999999,-46.2,1.334,5099.1,no
44,blue-collar,married,basic.6y,no,yes,no,cellular,may,wed,168,1,999,0,nonexistent,-1.8,92.89299999999999,-46.2,1.334,5099.1,no
43,blue-collar,married,basic.4y,unknown,yes,no,cellular,may,wed,147,1,999,0,nonexistent,-1.8,92.89299999999999,-46.2,1.334,5099.1,no
27,student,single,university.degree,no,no,no,cellular,may,wed,274,1,999,0,nonexistent,-1.8,92.89299999999999,-46.2,1.334,5099.1,no
51,blue-collar,married,basic.9y,no,yes,no,cellular,may,wed,55,1,999,0,nonexistent,-1.8,92.89299999999999,-46.2,1.334,5099.1,no
25,admin.,single,university.degree,no,no,no,cellular,may,wed,101,1,999,0,nonexistent,-1.8,92.89299999999999,-46.2,1.334,5099.1,no
49,admin.,married,high.school,no,yes,no,cellular,may,wed,115,1,999,1,failure,-1.8,92.89299999999999,-46.2,1.334,5099.1,no
41,blue-collar,single,basic.9y,no,yes,yes,cellular,may,wed,366,1,999,0,nonexistent,-1.8,92.89299999999999,-46.2,1.334,5099.1,no
30,blue-collar,married,basic.9y,no,no,no,cellular,may,wed,129,1,999,0,nonexistent,-1.8,92.89299999999999,-46.2,1.334,5099.1,no
45,unemployed,divorced,high.school,no,no,no,cellular,may,wed,90,1,999,0,nonexistent,-1.8,92.89299999999999,-46.2,1.334,5099.1,no
28,technician,single,high.school,no,yes,no,cellular,may,wed,576,2,999,0,nonexistent,-1.8,92.89299999999999,-46.2,1.334,5099.1,yes
25,admin.,single,university.degree,no,yes,no,cellular,may,wed,209,1,999,1,failure,-1.8,92.89299999999999,-46.2,1.334,5099.1,no
41,blue-collar,single,basic.9y,no,yes,no,cellular,may,wed,597,1,999,0,nonexistent,-1.8,92.89299999999999,-46.2,1.334,5099.1,yes
45,unemployed,divorced,high.school,no,yes,yes,cellular,may,wed,274,1,999,0,nonexistent,-1.8,92.89299999999999,-46.2,1.334,5099.1,no
41,admin.,single,basic.9y,unknown,no,no,cellular,may,wed,195,1,999,0,nonexistent,-1.8,92.89299999999999,-46.2,1.334,5099.1,no
31,blue-collar,married,basic.6y,unknown,no,no,cellular,may,wed,188,1,999,1,failure,-1.8,92.89299999999999,-46.2,1.334,5099.1,no
37,housemaid,married,basic.6y,unknown,no,no,cellular,may,wed,177,1,999,0,nonexistent,-1.8,92.89299999999999,-46.2,1.334,5099.1,no
35,technician,married,professional.course,no,yes,yes,cellular,may,wed,137,1,999,1,failure,-1.8,92.89299999999999,-46.2,1.334,5099.1,no
39,blue-collar,married,basic.4y,unknown,no,yes,cellular,may,wed,162,1,999,0,nonexistent,-1.8,92.89299999999999,-46.2,1.334,5099.1,no
42,blue-collar,married,basic.4y,no,no,no,cellular,may,wed,151,1,999,0,nonexistent,-1.8,92.89299999999999,-46.2,1.334,5099.1,no
36,technician,single,professional.course,no,no,no,cellular,may,wed,340,1,999,0,nonexistent,-1.8,92.89299999999999,-46.2,1.334,5099.1,no
48,blue-collar,married,basic.4y,no,no,no,cellular,may,wed,109,1,12,1,success,-1.8,92.89299999999999,-46.2,1.334,5099.1,no
26,blue-collar,married,basic.9y,no,yes,no,cellular,may,wed,209,1,999,0,nonexistent,-1.8,92.89299999999999,-46.2,1.334,5099.1,no
48,blue-collar,married,basic.4y,no,no,yes,cellular,may,wed,170,1,999,0,nonexistent,-1.8,92.89299999999999,-46.2,1.334,5099.1,no
39,technician,divorced,professional.course,no,yes,no,cellular,may,wed,597,1,999,0,nonexistent,-1.8,92.89299999999999,-46.2,1.334,5099.1,yes
48,technician,married,professional.course,unknown,yes,no,cellular,may,wed,274,1,999,0,nonexistent,-1.8,92.89299999999999,-46.2,1.334,5099.1,no
31,services,single,high.school,no,yes,no,cellular,may,wed,234,1,999,0,nonexistent,-1.8,92.89299999999999,-46.2,1.334,5099.1,no
35,technician,married,professional.course,no,yes,no,cellular,may,wed,156,1,999,0,nonexistent,-1.8,92.89299999999999,-46.2,1.334,5099.1,no
35,technician,married,professional.course,no,no,no,cellular,may,wed,339,1,999,1,failure,-1.8,92.89299999999999,-46.2,1.334,5099.1,no
33,entrepreneur,married,university.degree,unknown,no,no,cellular,may,wed,205,1,999,1,failure,-1.8,92.89299999999999,-46.2,1.334,5099.1,no
43,management,married,university.degree,no,yes,no,cellular,may,wed,124,1,999,1,failure,-1.8,92.89299999999999,-46.2,1.334,5099.1,no
42,blue-collar,married,high.school,no,yes,no,cellular,may,wed,597,1,999,0,nonexistent,-1.8,92.89299999999999,-46.2,1.334,5099.1,no
43,management,married,university.degree,no,no,yes,cellular,may,wed,226,1,999,0,nonexistent,-1.8,92.89299999999999,-46.2,1.334,5099.1,no
35,blue-collar,single,basic.9y,no,yes,no,cellular,may,wed,181,1,999,0,nonexistent,-1.8,92.89299999999999,-46.2,1.334,5099.1,no
46,services,divorced,basic.9y,no,no,no,cellular,may,wed,96,2,999,1,failure,-1.8,92.89299999999999,-46.2,1.334,5099.1,no
48,blue-collar,married,basic.6y,unknown,yes,no,cellular,may,wed,164,5,999,0,nonexistent,-1.8,92.89299999999999,-46.2,1.334,5099.1,no
48,blue-collar,married,basic.4y,no,yes,no,cellular,may,wed,238,3,999,0,nonexistent,-1.8,92.89299999999999,-46.2,1.334,5099.1,no
57,entrepreneur,divorced,basic.9y,no,yes,no,cellular,may,wed,236,1,999,0,nonexistent,-1.8,92.89299999999999,-46.2,1.334,5099.1,no
39,admin.,single,high.school,no,no,no,cellular,may,wed,158,2,999,0,nonexistent,-1.8,92.89299999999999,-46.2,1.334,5099.1,no
33,admin.,married,basic.9y,no,yes,yes,telephone,may,wed,26,1,999,0,nonexistent,-1.8,92.89299999999999,-46.2,1.334,5099.1,no
20,blue-collar,single,high.school,no,yes,no,cellular,may,wed,159,1,999,0,nonexistent,-1.8,92.89299999999999,-46.2,1.334,5099.1,no
34,blue-collar,married,basic.4y,no,yes,yes,cellular,may,wed,338,4,999,0,nonexistent,-1.8,92.89299999999999,-46.2,1.334,5099.1,no
36,entrepreneur,married,university.degree,no,yes,no,cellular,may,wed,187,1,999,1,failure,-1.8,92.89299999999999,-46.2,1.334,5099.1,no
28,technician,single,professional.course,no,no,no,cellular,may,wed,116,1,999,0,nonexistent,-1.8,92.89299999999999,-46.2,1.334,5099.1,no
28,technician,single,professional.course,no,yes,yes,cellular,may,wed,196,1,999,0,nonexistent,-1.8,92.89299999999999,-46.2,1.334,5099.1,no
33,admin.,married,high.school,no,yes,no,cellular,may,wed,49,2,999,1,failure,-1.8,92.89299999999999,-46.2,1.334,5099.1,no
20,blue-collar,single,high.school,no,yes,no,cellular,may,wed,410,1,999,0,nonexistent,-1.8,92.89299999999999,-46.2,1.334,5099.1,no
42,services,married,high.school,no,no,no,cellular,may,wed,990,1,999,0,nonexistent,-1.8,92.89299999999999,-46.2,1.334,5099.1,no
39,blue-collar,single,basic.6y,unknown,no,no,cellular,may,wed,47,1,999,1,failure,-1.8,92.89299999999999,-46.2,1.334,5099.1,no
39,technician,divorced,professional.course,no,no,no,cellular,may,wed,258,8,999,0,nonexistent,-1.8,92.89299999999999,-46.2,1.334,5099.1,no
36,admin.,married,university.degree,no,no,no,cellular,may,wed,37,2,999,0,nonexistent,-1.8,92.89299999999999,-46.2,1.334,5099.1,no
25,services,single,high.school,no,no,no,cellular,may,wed,333,1,999,0,nonexistent,-1.8,92.89299999999999,-46.2,1.334,5099.1,no
37,blue-collar,married,basic.9y,no,no,no,cellular,may,wed,225,2,999,0,nonexistent,-1.8,92.89299999999999,-46.2,1.334,5099.1,no
38,admin.,married,basic.9y,no,yes,no,cellular,may,wed,472,1,999,0,nonexistent,-1.8,92.89299999999999,-46.2,1.334,5099.1,no
39,blue-collar,single,basic.4y,no,unknown,unknown,cellular,may,wed,1079,3,999,0,nonexistent,-1.8,92.89299999999999,-46.2,1.334,5099.1,no
41,blue-collar,married,basic.9y,no,no,no,cellular,may,wed,94,1,999,0,nonexistent,-1.8,92.89299999999999,-46.2,1.334,5099.1,no
36,technician,single,professional.course,no,no,no,cellular,may,wed,199,1,999,1,failure,-1.8,92.89299999999999,-46.2,1.334,5099.1,no
42,self-employed,married,university.degree,unknown,unknown,unknown,cellular,may,wed,64,2,999,1,failure,-1.8,92.89299999999999,-46.2,1.334,5099.1,no
38,blue-collar,married,high.school,unknown,yes,no,cellular,may,wed,198,1,999,0,nonexistent,-1.8,92.89299999999999,-46.2,1.334,5099.1,no
38,admin.,married,university.degree,no,unknown,unknown,cellular,may,wed,118,1,999,0,nonexistent,-1.8,92.89299999999999,-46.2,1.334,5099.1,no
51,admin.,single,university.degree,no,no,no,cellular,may,wed,187,1,999,0,nonexistent,-1.8,92.89299999999999,-46.2,1.334,5099.1,no
50,blue-collar,married,basic.4y,no,yes,no,cellular,may,wed,146,1,999,1,failure,-1.8,92.89299999999999,-46.2,1.334,5099.1,no
31,admin.,married,unknown,no,yes,no,cellular,may,wed,208,1,999,0,nonexistent,-1.8,92.89299999999999,-46.2,1.334,5099.1,no
31,technician,single,unknown,no,yes,no,cellular,may,wed,84,1,999,1,failure,-1.8,92.89299999999999,-46.2,1.334,5099.1,no
54,management,divorced,university.degree,no,no,no,telephone,may,wed,10,1,999,0,nonexistent,-1.8,92.89299999999999,-46.2,1.334,5099.1,no
54,management,divorced,university.degree,no,yes,yes,telephone,may,wed,39,1,999,1,failure,-1.8,92.89299999999999,-46.2,1.334,5099.1,no
35,technician,married,professional.course,no,no,no,cellular,may,wed,66,2,999,0,nonexistent,-1.8,92.89299999999999,-46.2,1.334,5099.1,no
31,services,married,high.school,no,yes,no,cellular,may,wed,611,1,999,1,failure,-1.8,92.89299999999999,-46.2,1.334,5099.1,yes
46,services,single,high.school,unknown,yes,no,cellular,may,wed,193,1,999,0,nonexistent,-1.8,92.89299999999999,-46.2,1.334,5099.1,no
38,self-employed,married,basic.9y,no,yes,no,cellular,may,wed,155,5,999,0,nonexistent,-1.8,92.89299999999999,-46.2,1.334,5099.1,no
29,blue-collar,married,basic.9y,no,yes,no,cellular,may,wed,318,1,999,0,nonexistent,-1.8,92.89299999999999,-46.2,1.334,5099.1,no
27,admin.,married,high.school,no,yes,no,cellular,may,wed,175,1,999,0,nonexistent,-1.8,92.89299999999999,-46.2,1.334,5099.1,no
57,management,married,university.degree,no,no,no,cellular,may,wed,1205,1,999,0,nonexistent,-1.8,92.89299999999999,-46.2,1.334,5099.1,yes
29,blue-collar,married,basic.9y,no,no,no,cellular,may,wed,413,1,999,0,nonexistent,-1.8,92.89299999999999,-46.2,1.334,5099.1,no
53,technician,divorced,university.degree,no,yes,no,cellular,may,wed,167,1,999,1,failure,-1.8,92.89299999999999,-46.2,1.334,5099.1,no
27,admin.,married,high.school,no,no,yes,cellular,may,wed,251,1,999,0,nonexistent,-1.8,92.89299999999999,-46.2,1.334,5099.1,no
46,services,married,high.school,no,yes,yes,cellular,may,wed,270,1,999,0,nonexistent,-1.8,92.89299999999999,-46.2,1.334,5099.1,no
32,blue-collar,married,basic.9y,no,yes,no,cellular,may,wed,211,1,10,1,success,-1.8,92.89299999999999,-46.2,1.334,5099.1,no
32,blue-collar,married,basic.4y,no,yes,yes,cellular,may,wed,107,1,999,0,nonexistent,-1.8,92.89299999999999,-46.2,1.334,5099.1,no
46,admin.,married,high.school,no,no,no,cellular,may,wed,124,1,999,0,nonexistent,-1.8,92.89299999999999,-46.2,1.334,5099.1,no
48,blue-collar,married,basic.4y,no,yes,no,cellular,may,wed,477,2,999,0,nonexistent,-1.8,92.89299999999999,-46.2,1.334,5099.1,no
34,admin.,single,university.degree,no,yes,no,cellular,may,wed,265,1,999,0,nonexistent,-1.8,92.89299999999999,-46.2,1.334,5099.1,no
46,admin.,married,high.school,no,no,no,cellular,may,wed,159,1,999,1,failure,-1.8,92.89299999999999,-46.2,1.334,5099.1,no
29,blue-collar,married,basic.9y,no,no,yes,cellular,may,wed,837,1,999,0,nonexistent,-1.8,92.89299999999999,-46.2,1.334,5099.1,yes
33,technician,married,professional.course,no,yes,no,cellular,may,wed,221,1,999,0,nonexistent,-1.8,92.89299999999999,-46.2,1.334,5099.1,no
37,blue-collar,married,basic.9y,no,unknown,unknown,cellular,may,wed,136,5,999,0,nonexistent,-1.8,92.89299999999999,-46.2,1.334,5099.1,no
33,technician,married,professional.course,no,yes,no,cellular,may,wed,318,1,999,1,failure,-1.8,92.89299999999999,-46.2,1.334,5099.1,no
42,blue-collar,married,basic.9y,no,no,no,cellular,may,wed,51,1,999,1,failure,-1.8,92.89299999999999,-46.2,1.334,5099.1,no
42,blue-collar,married,basic.6y,unknown,no,yes,cellular,may,wed,29,1,999,1,failure,-1.8,92.89299999999999,-46.2,1.334,5099.1,no
33,entrepreneur,married,university.degree,unknown,yes,no,cellular,may,wed,585,2,999,1,failure,-1.8,92.89299999999999,-46.2,1.334,5099.1,no
34,blue-collar,married,unknown,no,no,yes,cellular,may,wed,106,2,999,0,nonexistent,-1.8,92.89299999999999,-46.2,1.334,5099.1,no
36,blue-collar,married,basic.9y,no,yes,no,cellular,may,wed,184,2,999,1,failure,-1.8,92.89299999999999,-46.2,1.334,5099.1,no
41,services,divorced,high.school,no,no,no,cellular,may,wed,52,2,999,0,nonexistent,-1.8,92.89299999999999,-46.2,1.334,5099.1,no
32,admin.,married,high.school,no,yes,no,cellular,may,wed,128,1,999,1,failure,-1.8,92.89299999999999,-46.2,1.334,5099.1,no
28,self-employed,single,university.degree,no,yes,no,cellular,may,wed,57,1,999,0,nonexistent,-1.8,92.89299999999999,-46.2,1.334,5099.1,no
36,management,married,basic.9y,no,no,no,cellular,may,wed,50,1,999,1,failure,-1.8,92.89299999999999,-46.2,1.334,5099.1,no
31,housemaid,divorced,basic.6y,no,no,yes,cellular,may,wed,457,1,999,0,nonexistent,-1.8,92.89299999999999,-46.2,1.334,5099.1,no
31,technician,single,high.school,no,no,no,cellular,may,wed,37,1,999,0,nonexistent,-1.8,92.89299999999999,-46.2,1.334,5099.1,no
28,admin.,married,high.school,no,yes,no,cellular,may,wed,72,1,999,0,nonexistent,-1.8,92.89299999999999,-46.2,1.334,5099.1,no
31,blue-collar,married,basic.6y,unknown,no,no,cellular,may,wed,18,1,999,0,nonexistent,-1.8,92.89299999999999,-46.2,1.334,5099.1,no
28,admin.,married,high.school,no,no,no,cellular,may,wed,204,1,999,0,nonexistent,-1.8,92.89299999999999,-46.2,1.334,5099.1,no
36,blue-collar,married,basic.9y,no,no,no,cellular,may,wed,334,1,999,0,nonexistent,-1.8,92.89299999999999,-46.2,1.334,5099.1,no
36,blue-collar,married,basic.9y,no,no,no,cellular,may,wed,428,1,999,0,nonexistent,-1.8,92.89299999999999,-46.2,1.334,5099.1,no
36,technician,single,university.degree,no,yes,no,cellular,may,wed,317,1,999,1,failure,-1.8,92.89299999999999,-46.2,1.334,5099.1,no
31,blue-collar,married,basic.6y,unknown,yes,no,cellular,may,wed,153,1,999,0,nonexistent,-1.8,92.89299999999999,-46.2,1.334,5099.1,no
37,services,single,high.school,no,no,no,cellular,may,wed,150,1,999,0,nonexistent,-1.8,92.89299999999999,-46.2,1.334,5099.1,no
55,retired,married,basic.9y,unknown,no,no,cellular,may,wed,674,1,999,0,nonexistent,-1.8,92.89299999999999,-46.2,1.334,5099.1,no
37,services,single,high.school,no,yes,no,cellular,may,wed,445,1,999,1,failure,-1.8,92.89299999999999,-46.2,1.334,5099.1,yes
51,entrepreneur,single,basic.9y,no,no,no,cellular,may,wed,123,1,999,0,nonexistent,-1.8,92.89299999999999,-46.2,1.334,5099.1,no
30,blue-collar,married,basic.9y,unknown,yes,no,cellular,may,wed,176,1,999,0,nonexistent,-1.8,92.89299999999999,-46.2,1.334,5099.1,no
34,technician,single,university.degree,no,yes,no,telephone,may,wed,92,3,999,0,nonexistent,-1.8,92.89299999999999,-46.2,1.334,5099.1,no
41,blue-collar,married,basic.6y,no,yes,no,cellular,may,wed,189,2,999,1,failure,-1.8,92.89299999999999,-46.2,1.334,5099.1,no
44,admin.,single,high.school,no,yes,no,cellular,may,wed,728,1,999,0,nonexistent,-1.8,92.89299999999999,-46.2,1.334,5099.1,no
36,admin.,married,university.degree,no,yes,no,cellular,may,wed,127,2,999,0,nonexistent,-1.8,92.89299999999999,-46.2,1.334,5099.1,no
28,blue-collar,married,basic.4y,no,yes,no,cellular,may,wed,98,2,999,0,nonexistent,-1.8,92.89299999999999,-46.2,1.334,5099.1,no
49,admin.,single,basic.6y,unknown,no,no,cellular,may,wed,135,2,999,1,failure,-1.8,92.89299999999999,-46.2,1.334,5099.1,no
28,admin.,single,high.school,no,no,no,cellular,may,wed,251,2,999,0,nonexistent,-1.8,92.89299999999999,-46.2,1.334,5099.1,no
30,blue-collar,married,basic.9y,no,yes,no,cellular,may,wed,1131,2,999,0,nonexistent,-1.8,92.89299999999999,-46.2,1.334,5099.1,no
31,blue-collar,married,basic.6y,unknown,yes,no,cellular,may,wed,148,2,999,0,nonexistent,-1.8,92.89299999999999,-46.2,1.334,5099.1,no
34,blue-collar,married,basic.9y,no,no,no,cellular,may,wed,156,2,999,1,failure,-1.8,92.89299999999999,-46.2,1.334,5099.1,no
33,technician,single,professional.course,no,yes,no,cellular,may,wed,519,2,999,2,failure,-1.8,92.89299999999999,-46.2,1.334,5099.1,yes
41,admin.,married,high.school,no,no,no,cellular,may,wed,64,1,999,1,failure,-1.8,92.89299999999999,-46.2,1.334,5099.1,no
27,services,married,high.school,no,yes,no,cellular,may,wed,903,2,999,0,nonexistent,-1.8,92.89299999999999,-46.2,1.334,5099.1,no
33,services,married,high.school,no,no,no,cellular,may,wed,106,1,999,0,nonexistent,-1.8,92.89299999999999,-46.2,1.334,5099.1,no
31,blue-collar,single,basic.9y,no,no,no,cellular,may,wed,459,4,999,0,nonexistent,-1.8,92.89299999999999,-46.2,1.334,5099.1,no
35,admin.,single,university.degree,no,no,no,cellular,may,wed,109,1,999,0,nonexistent,-1.8,92.89299999999999,-46.2,1.334,5099.1,no
39,unemployed,married,high.school,no,no,no,cellular,may,wed,100,1,999,0,nonexistent,-1.8,92.89299999999999,-46.2,1.334,5099.1,no
34,admin.,unknown,university.degree,no,no,no,cellular,may,wed,139,2,999,1,failure,-1.8,92.89299999999999,-46.2,1.334,5099.1,no
47,blue-collar,single,basic.9y,unknown,no,no,cellular,may,wed,159,1,999,0,nonexistent,-1.8,92.89299999999999,-46.2,1.334,5099.1,no
58,retired,married,professional.course,no,yes,no,cellular,may,wed,47,1,999,0,nonexistent,-1.8,92.89299999999999,-46.2,1.334,5099.1,no
37,blue-collar,single,professional.course,no,yes,yes,cellular,may,wed,161,1,999,0,nonexistent,-1.8,92.89299999999999,-46.2,1.334,5099.1,no
26,blue-collar,married,basic.9y,no,no,no,cellular,may,wed,45,2,999,2,failure,-1.8,92.89299999999999,-46.2,1.334,5099.1,no
36,blue-collar,divorced,basic.6y,no,yes,no,cellular,may,wed,197,1,999,1,failure,-1.8,92.89299999999999,-46.2,1.334,5099.1,no
28,technician,single,professional.course,no,no,no,cellular,may,wed,687,2,999,1,failure,-1.8,92.89299999999999,-46.2,1.334,5099.1,yes
51,entrepreneur,single,basic.9y,no,no,yes,cellular,may,wed,89,1,999,1,failure,-1.8,92.89299999999999,-46.2,1.334,5099.1,no
32,admin.,married,high.school,no,yes,yes,cellular,may,wed,231,2,999,0,nonexistent,-1.8,92.89299999999999,-46.2,1.334,5099.1,no
32,blue-collar,married,basic.9y,no,yes,yes,cellular,may,wed,230,1,999,0,nonexistent,-1.8,92.89299999999999,-46.2,1.334,5099.1,no
41,blue-collar,married,basic.4y,no,yes,yes,cellular,may,wed,389,2,999,0,nonexistent,-1.8,92.89299999999999,-46.2,1.334,5099.1,no
40,admin.,married,basic.9y,unknown,yes,yes,cellular,may,wed,323,2,999,0,nonexistent,-1.8,92.89299999999999,-46.2,1.334,5099.1,no
34,admin.,single,high.school,no,yes,yes,cellular,may,wed,125,2,999,0,nonexistent,-1.8,92.89299999999999,-46.2,1.334,5099.1,no
58,blue-collar,married,basic.4y,unknown,yes,yes,cellular,may,wed,74,2,999,2,failure,-1.8,92.89299999999999,-46.2,1.334,5099.1,no
44,blue-collar,married,basic.9y,unknown,no,no,cellular,may,wed,181,1,999,0,nonexistent,-1.8,92.89299999999999,-46.2,1.334,5099.1,no
45,blue-collar,married,basic.4y,unknown,no,no,cellular,may,wed,193,1,999,0,nonexistent,-1.8,92.89299999999999,-46.2,1.334,5099.1,no
44,blue-collar,married,basic.6y,no,no,no,cellular,may,wed,288,1,999,1,failure,-1.8,92.89299999999999,-46.2,1.334,5099.1,no
33,blue-collar,married,basic.9y,no,no,no,cellular,may,wed,353,2,999,0,nonexistent,-1.8,92.89299999999999,-46.2,1.334,5099.1,no
47,blue-collar,married,basic.9y,unknown,no,no,cellular,may,wed,169,1,999,0,nonexistent,-1.8,92.89299999999999,-46.2,1.334,5099.1,no
47,blue-collar,married,basic.9y,unknown,no,no,cellular,may,wed,139,1,999,0,nonexistent,-1.8,92.89299999999999,-46.2,1.334,5099.1,no
54,management,divorced,university.degree,no,yes,no,cellular,may,wed,127,2,12,1,success,-1.8,92.89299999999999,-46.2,1.334,5099.1,no
37,blue-collar,married,basic.9y,no,yes,no,cellular,may,wed,204,2,999,0,nonexistent,-1.8,92.89299999999999,-46.2,1.334,5099.1,no
33,admin.,married,high.school,no,yes,no,cellular,may,wed,137,2,999,1,failure,-1.8,92.89299999999999,-46.2,1.334,5099.1,no
35,admin.,married,professional.course,no,yes,no,cellular,may,wed,827,1,999,1,failure,-1.8,92.89299999999999,-46.2,1.334,5099.1,no
31,blue-collar,married,basic.4y,unknown,yes,no,cellular,may,wed,150,1,999,0,nonexistent,-1.8,92.89299999999999,-46.2,1.334,5099.1,no
27,admin.,married,high.school,no,yes,no,cellular,may,wed,319,2,999,0,nonexistent,-1.8,92.89299999999999,-46.2,1.334,5099.1,no
35,blue-collar,divorced,basic.9y,no,yes,no,cellular,may,wed,203,2,999,1,failure,-1.8,92.89299999999999,-46.2,1.334,5099.1,no
39,blue-collar,married,basic.6y,no,no,no,cellular,may,wed,109,1,999,0,nonexistent,-1.8,92.89299999999999,-46.2,1.334,5099.1,no
39,blue-collar,married,basic.6y,no,no,no,cellular,may,wed,110,2,999,1,failure,-1.8,92.89299999999999,-46.2,1.334,5099.1,no
42,blue-collar,divorced,high.school,unknown,yes,no,cellular,may,wed,175,1,999,1,failure,-1.8,92.89299999999999,-46.2,1.334,5099.1,no
34,admin.,divorced,university.degree,no,no,no,cellular,may,wed,207,1,999,1,failure,-1.8,92.89299999999999,-46.2,1.334,5099.1,no
33,entrepreneur,married,university.degree,unknown,yes,no,cellular,may,wed,92,2,999,1,failure,-1.8,92.89299999999999,-46.2,1.334,5099.1,no
33,admin.,married,high.school,no,yes,no,telephone,may,wed,48,2,999,1,failure,-1.8,92.89299999999999,-46.2,1.334,5099.1,no
37,blue-collar,married,basic.4y,no,yes,no,cellular,may,wed,164,3,999,0,nonexistent,-1.8,92.89299999999999,-46.2,1.334,5099.1,no
52,admin.,single,unknown,unknown,no,no,cellular,may,wed,321,1,999,0,nonexistent,-1.8,92.89299999999999,-46.2,1.334,5099.1,no
31,management,single,high.school,no,no,no,cellular,may,wed,90,1,999,0,nonexistent,-1.8,92.89299999999999,-46.2,1.334,5099.1,no
34,admin.,married,high.school,no,no,no,cellular,may,wed,191,1,999,0,nonexistent,-1.8,92.89299999999999,-46.2,1.334,5099.1,no
37,services,married,high.school,no,yes,no,cellular,may,wed,130,1,999,0,nonexistent,-1.8,92.89299999999999,-46.2,1.334,5099.1,no
37,services,married,high.school,no,no,no,cellular,may,wed,317,1,999,1,failure,-1.8,92.89299999999999,-46.2,1.334,5099.1,no
34,admin.,married,university.degree,no,no,no,cellular,may,wed,138,2,999,0,nonexistent,-1.8,92.89299999999999,-46.2,1.334,5099.1,no
28,technician,married,professional.course,no,no,no,cellular,may,wed,550,1,999,0,nonexistent,-1.8,92.89299999999999,-46.2,1.334,5099.1,yes
34,admin.,married,high.school,no,no,yes,cellular,may,wed,811,1,999,0,nonexistent,-1.8,92.89299999999999,-46.2,1.334,5099.1,no
36,admin.,single,basic.6y,no,yes,no,telephone,may,wed,125,2,999,1,failure,-1.8,92.89299999999999,-46.2,1.334,5099.1,no
33,blue-collar,married,basic.9y,unknown,no,no,cellular,may,wed,430,2,999,0,nonexistent,-1.8,92.89299999999999,-46.2,1.334,5099.1,yes
53,admin.,married,university.degree,unknown,yes,no,cellular,may,wed,124,1,999,1,failure,-1.8,92.89299999999999,-46.2,1.334,5099.1,no
27,services,single,high.school,unknown,yes,no,cellular,may,wed,124,2,999,1,failure,-1.8,92.89299999999999,-46.2,1.334,5099.1,no
48,blue-collar,married,basic.4y,no,no,no,cellular,may,wed,79,2,999,1,failure,-1.8,92.89299999999999,-46.2,1.334,5099.1,no
37,blue-collar,married,basic.9y,unknown,no,no,cellular,may,wed,138,1,999,0,nonexistent,-1.8,92.89299999999999,-46.2,1.334,5099.1,no
39,blue-collar,divorced,basic.9y,unknown,no,no,cellular,may,wed,482,2,999,0,nonexistent,-1.8,92.89299999999999,-46.2,1.334,5099.1,no
36,technician,single,professional.course,unknown,no,no,cellular,may,wed,654,1,999,0,nonexistent,-1.8,92.89299999999999,-46.2,1.334,5099.1,no
29,admin.,single,university.degree,no,no,no,cellular,may,wed,198,2,999,2,failure,-1.8,92.89299999999999,-46.2,1.334,5099.1,no
33,blue-collar,single,basic.9y,no,yes,no,cellular,may,wed,116,2,999,1,failure,-1.8,92.89299999999999,-46.2,1.334,5099.1,no
35,blue-collar,married,basic.9y,unknown,yes,yes,cellular,may,wed,500,1,999,0,nonexistent,-1.8,92.89299999999999,-46.2,1.334,5099.1,no
29,services,married,high.school,unknown,unknown,unknown,cellular,may,wed,141,2,999,0,nonexistent,-1.8,92.89299999999999,-46.2,1.334,5099.1,no
44,admin.,married,high.school,no,yes,no,cellular,may,wed,346,1,999,0,nonexistent,-1.8,92.89299999999999,-46.2,1.334,5099.1,no
51,blue-collar,married,basic.9y,unknown,yes,yes,cellular,may,wed,220,1,999,0,nonexistent,-1.8,92.89299999999999,-46.2,1.334,5099.1,no
36,blue-collar,married,basic.9y,no,yes,no,cellular,may,wed,181,1,999,0,nonexistent,-1.8,92.89299999999999,-46.2,1.334,5099.1,no
41,blue-collar,married,basic.9y,no,no,no,cellular,may,wed,309,1,999,1,failure,-1.8,92.89299999999999,-46.2,1.334,5099.1,no
54,technician,divorced,university.degree,no,no,no,cellular,may,wed,91,2,999,0,nonexistent,-1.8,92.89299999999999,-46.2,1.334,5099.1,no
33,services,married,high.school,no,yes,yes,cellular,may,wed,323,2,999,1,failure,-1.8,92.89299999999999,-46.2,1.334,5099.1,no
51,admin.,divorced,high.school,no,yes,yes,cellular,may,wed,316,2,999,1,failure,-1.8,92.89299999999999,-46.2,1.334,5099.1,no
39,blue-collar,married,basic.9y,no,no,no,cellular,may,wed,283,3,999,0,nonexistent,-1.8,92.89299999999999,-46.2,1.334,5099.1,no
24,student,single,basic.9y,no,no,no,cellular,may,wed,133,1,999,0,nonexistent,-1.8,92.89299999999999,-46.2,1.334,5099.1,no
51,admin.,single,university.degree,no,yes,yes,cellular,may,wed,120,3,999,0,nonexistent,-1.8,92.89299999999999,-46.2,1.334,5099.1,no
48,blue-collar,married,basic.9y,no,yes,yes,cellular,may,wed,189,2,999,0,nonexistent,-1.8,92.89299999999999,-46.2,1.334,5099.1,no
58,blue-collar,single,basic.9y,no,yes,no,cellular,may,wed,127,2,999,0,nonexistent,-1.8,92.89299999999999,-46.2,1.334,5099.1,no
53,blue-collar,married,professional.course,unknown,yes,no,cellular,may,wed,251,4,999,1,failure,-1.8,92.89299999999999,-46.2,1.334,5099.1,no
27,technician,single,university.degree,no,yes,yes,cellular,may,wed,754,1,999,0,nonexistent,-1.8,92.89299999999999,-46.2,1.334,5099.1,yes
37,blue-collar,single,professional.course,no,no,no,cellular,may,wed,84,2,999,2,failure,-1.8,92.89299999999999,-46.2,1.334,5099.1,no
33,blue-collar,married,basic.6y,unknown,no,no,cellular,may,wed,320,1,999,0,nonexistent,-1.8,92.89299999999999,-46.2,1.334,5099.1,no
39,unemployed,married,basic.9y,no,yes,no,cellular,may,wed,222,2,999,1,failure,-1.8,92.89299999999999,-46.2,1.334,5099.1,no
32,blue-collar,married,basic.9y,no,no,no,cellular,may,wed,302,2,999,0,nonexistent,-1.8,92.89299999999999,-46.2,1.334,5099.1,no
52,blue-collar,married,basic.4y,unknown,no,no,cellular,may,wed,239,3,999,0,nonexistent,-1.8,92.89299999999999,-46.2,1.334,5099.1,no
51,entrepreneur,single,basic.9y,no,yes,no,cellular,may,wed,396,3,999,0,nonexistent,-1.8,92.89299999999999,-46.2,1.334,5099.1,yes
58,self-employed,married,unknown,unknown,no,no,cellular,may,wed,250,2,999,0,nonexistent,-1.8,92.89299999999999,-46.2,1.334,5099.1,no
33,technician,married,professional.course,unknown,no,no,cellular,may,wed,167,3,999,1,failure,-1.8,92.89299999999999,-46.2,1.334,5099.1,no
40,housemaid,divorced,high.school,no,yes,no,cellular,may,wed,136,3,999,1,failure,-1.8,92.89299999999999,-46.2,1.334,5099.1,no
37,housemaid,married,basic.6y,unknown,no,no,cellular,may,wed,322,2,999,1,failure,-1.8,92.89299999999999,-46.2,1.334,5099.1,no
42,blue-collar,married,basic.4y,no,no,no,cellular,may,wed,206,2,999,1,failure,-1.8,92.89299999999999,-46.2,1.334,5099.1,no
37,admin.,single,university.degree,no,no,no,cellular,may,wed,51,4,999,0,nonexistent,-1.8,92.89299999999999,-46.2,1.334,5099.1,no
35,services,single,high.school,no,no,no,cellular,may,wed,281,2,999,1,failure,-1.8,92.89299999999999,-46.2,1.334,5099.1,no
30,admin.,divorced,high.school,no,yes,no,telephone,may,wed,62,4,999,1,failure,-1.8,92.89299999999999,-46.2,1.334,5099.1,no
28,admin.,single,high.school,no,yes,yes,cellular,may,wed,253,2,999,0,nonexistent,-1.8,92.89299999999999,-46.2,1.334,5099.1,no
48,entrepreneur,married,basic.9y,unknown,no,no,cellular,may,wed,487,2,999,0,nonexistent,-1.8,92.89299999999999,-46.2,1.334,5099.1,no
49,admin.,married,university.degree,no,no,no,cellular,may,wed,155,1,999,0,nonexistent,-1.8,92.89299999999999,-46.2,1.334,5099.1,no
34,blue-collar,married,basic.9y,no,yes,no,cellular,may,wed,311,3,999,1,failure,-1.8,92.89299999999999,-46.2,1.334,5099.1,no
51,blue-collar,married,basic.9y,no,yes,no,telephone,may,wed,90,2,999,0,nonexistent,-1.8,92.89299999999999,-46.2,1.334,5099.1,no
30,management,single,high.school,no,no,yes,cellular,may,wed,402,2,999,0,nonexistent,-1.8,92.89299999999999,-46.2,1.334,5099.1,no
33,services,married,high.school,no,yes,no,cellular,may,wed,89,2,999,1,failure,-1.8,92.89299999999999,-46.2,1.334,5099.1,no
34,admin.,married,high.school,no,no,no,cellular,may,wed,350,2,999,1,failure,-1.8,92.89299999999999,-46.2,1.334,5099.1,no
34,technician,divorced,professional.course,no,yes,no,telephone,may,wed,175,1,999,0,nonexistent,-1.8,92.89299999999999,-46.2,1.334,5099.1,no
28,blue-collar,married,basic.9y,no,no,no,cellular,may,wed,549,1,999,0,nonexistent,-1.8,92.89299999999999,-46.2,1.334,5099.1,no
36,blue-collar,married,basic.9y,no,no,no,cellular,may,wed,133,1,999,0,nonexistent,-1.8,92.89299999999999,-46.2,1.334,5099.1,no
32,technician,married,professional.course,no,yes,yes,cellular,may,wed,160,1,999,0,nonexistent,-1.8,92.89299999999999,-46.2,1.334,5099.1,no
43,management,married,university.degree,no,yes,no,cellular,may,wed,192,1,999,0,nonexistent,-1.8,92.89299999999999,-46.2,1.334,5099.1,no
32,technician,divorced,basic.9y,no,yes,yes,cellular,may,wed,103,3,999,1,failure,-1.8,92.89299999999999,-46.2,1.334,5099.1,no
46,services,married,high.school,unknown,no,no,cellular,may,wed,765,1,999,1,failure,-1.8,92.89299999999999,-46.2,1.334,5099.1,yes
40,blue-collar,married,unknown,no,yes,no,cellular,may,wed,88,1,999,1,failure,-1.8,92.89299999999999,-46.2,1.334,5099.1,no
30,admin.,divorced,high.school,no,yes,no,cellular,may,wed,422,1,999,1,failure,-1.8,92.89299999999999,-46.2,1.334,5099.1,no
34,admin.,married,university.degree,no,no,no,telephone,may,wed,149,4,999,0,nonexistent,-1.8,92.89299999999999,-46.2,1.334,5099.1,no
30,services,single,high.school,unknown,yes,no,cellular,may,wed,70,3,999,0,nonexistent,-1.8,92.89299999999999,-46.2,1.334,5099.1,no
29,blue-collar,single,professional.course,no,yes,no,cellular,may,wed,87,3,999,0,nonexistent,-1.8,92.89299999999999,-46.2,1.334,5099.1,no
41,blue-collar,married,basic.9y,no,yes,no,cellular,may,wed,233,2,999,0,nonexistent,-1.8,92.89299999999999,-46.2,1.334,5099.1,no
43,blue-collar,married,basic.4y,unknown,yes,no,cellular,may,wed,28,2,999,0,nonexistent,-1.8,92.89299999999999,-46.2,1.334,5099.1,no
46,management,married,university.degree,unknown,yes,yes,cellular,may,wed,172,4,999,0,nonexistent,-1.8,92.89299999999999,-46.2,1.334,5099.1,no
35,services,married,basic.9y,no,yes,no,cellular,may,wed,523,2,999,1,failure,-1.8,92.89299999999999,-46.2,1.334,5099.1,no
36,management,single,university.degree,no,yes,yes,cellular,may,wed,147,2,999,1,failure,-1.8,92.89299999999999,-46.2,1.334,5099.1,no
54,management,divorced,university.degree,no,yes,yes,cellular,may,wed,265,2,999,1,failure,-1.8,92.89299999999999,-46.2,1.334,5099.1,no
54,technician,divorced,university.degree,no,yes,no,cellular,may,wed,57,2,999,1,failure,-1.8,92.89299999999999,-46.2,1.334,5099.1,no
40,services,married,high.school,no,no,no,cellular,may,wed,246,4,999,1,failure,-1.8,92.89299999999999,-46.2,1.334,5099.1,no
39,blue-collar,single,basic.9y,unknown,yes,no,cellular,may,wed,82,2,999,1,failure,-1.8,92.89299999999999,-46.2,1.334,5099.1,no
33,entrepreneur,single,high.school,no,yes,yes,cellular,may,wed,328,2,999,0,nonexistent,-1.8,92.89299999999999,-46.2,1.334,5099.1,no
37,admin.,single,high.school,no,no,no,cellular,may,wed,151,2,999,0,nonexistent,-1.8,92.89299999999999,-46.2,1.334,5099.1,no
33,management,married,university.degree,no,yes,no,cellular,may,wed,85,4,999,0,nonexistent,-1.8,92.89299999999999,-46.2,1.334,5099.1,no
51,management,divorced,university.degree,no,no,no,cellular,may,wed,345,2,999,0,nonexistent,-1.8,92.89299999999999,-46.2,1.334,5099.1,no
34,blue-collar,married,basic.6y,no,no,no,cellular,may,wed,168,3,999,0,nonexistent,-1.8,92.89299999999999,-46.2,1.334,5099.1,no
36,entrepreneur,married,university.degree,no,yes,no,cellular,may,wed,239,2,999,0,nonexistent,-1.8,92.89299999999999,-46.2,1.334,5099.1,no
52,services,married,basic.6y,no,yes,no,cellular,may,wed,169,2,999,0,nonexistent,-1.8,92.89299999999999,-46.2,1.334,5099.1,no
31,blue-collar,single,high.school,no,yes,no,cellular,may,wed,116,2,999,2,failure,-1.8,92.89299999999999,-46.2,1.334,5099.1,no
35,blue-collar,married,basic.9y,no,yes,no,cellular,may,wed,222,2,999,1,failure,-1.8,92.89299999999999,-46.2,1.334,5099.1,no
33,entrepreneur,married,basic.9y,no,no,no,cellular,may,wed,349,2,999,1,failure,-1.8,92.89299999999999,-46.2,1.334,5099.1,no
30,services,married,high.school,unknown,no,yes,cellular,may,wed,102,2,999,0,nonexistent,-1.8,92.89299999999999,-46.2,1.334,5099.1,no
41,admin.,single,university.degree,no,no,yes,cellular,may,wed,593,2,999,1,failure,-1.8,92.89299999999999,-46.2,1.334,5099.1,no
36,blue-collar,single,high.school,no,no,yes,cellular,may,wed,1347,2,999,1,failure,-1.8,92.89299999999999,-46.2,1.334,5099.1,yes
28,admin.,single,university.degree,no,yes,no,cellular,may,wed,69,2,999,0,nonexistent,-1.8,92.89299999999999,-46.2,1.334,5099.1,no
36,technician,single,university.degree,no,no,no,cellular,may,wed,307,2,999,0,nonexistent,-1.8,92.89299999999999,-46.2,1.334,5099.1,no
31,blue-collar,married,basic.9y,unknown,no,no,cellular,may,wed,242,2,999,2,failure,-1.8,92.89299999999999,-46.2,1.334,5099.1,no
37,self-employed,divorced,university.degree,no,no,no,cellular,may,wed,143,3,999,1,failure,-1.8,92.89299999999999,-46.2,1.334,5099.1,no
42,blue-collar,married,basic.6y,no,no,no,cellular,may,wed,320,3,999,0,nonexistent,-1.8,92.89299999999999,-46.2,1.334,5099.1,no
31,blue-collar,married,basic.6y,unknown,yes,no,cellular,may,wed,290,2,999,0,nonexistent,-1.8,92.89299999999999,-46.2,1.334,5099.1,no
44,unemployed,married,basic.9y,no,yes,no,cellular,may,wed,206,2,999,0,nonexistent,-1.8,92.89299999999999,-46.2,1.334,5099.1,no
38,self-employed,married,basic.9y,no,no,no,cellular,may,wed,270,4,999,1,failure,-1.8,92.89299999999999,-46.2,1.334,5099.1,no
48,entrepreneur,married,basic.6y,no,no,no,cellular,may,wed,1369,3,999,0,nonexistent,-1.8,92.89299999999999,-46.2,1.334,5099.1,no
35,technician,married,professional.course,no,yes,no,cellular,may,wed,456,3,999,0,nonexistent,-1.8,92.89299999999999,-46.2,1.334,5099.1,no
41,blue-collar,married,basic.4y,unknown,no,yes,cellular,may,wed,17,3,999,2,failure,-1.8,92.89299999999999,-46.2,1.334,5099.1,no
49,services,single,high.school,no,no,yes,cellular,may,wed,231,2,999,1,failure,-1.8,92.89299999999999,-46.2,1.334,5099.1,no
35,technician,married,professional.course,no,no,yes,cellular,may,wed,273,4,999,0,nonexistent,-1.8,92.89299999999999,-46.2,1.334,5099.1,no
33,blue-collar,married,basic.9y,unknown,no,no,cellular,may,wed,804,2,9,1,success,-1.8,92.89299999999999,-46.2,1.334,5099.1,no
48,entrepreneur,single,professional.course,no,yes,no,cellular,may,wed,606,3,999,0,nonexistent,-1.8,92.89299999999999,-46.2,1.334,5099.1,no
29,admin.,single,university.degree,no,no,no,cellular,may,wed,142,3,999,0,nonexistent,-1.8,92.89299999999999,-46.2,1.334,5099.1,no
44,admin.,married,basic.9y,unknown,no,no,cellular,may,wed,217,3,999,1,failure,-1.8,92.89299999999999,-46.2,1.334,5099.1,no
35,admin.,single,university.degree,no,no,no,cellular,may,wed,261,2,999,0,nonexistent,-1.8,92.89299999999999,-46.2,1.334,5099.1,no
32,services,married,high.school,no,yes,no,telephone,may,wed,309,3,999,1,failure,-1.8,92.89299999999999,-46.2,1.334,5099.1,no
37,admin.,married,university.degree,no,no,no,cellular,may,wed,232,2,999,1,failure,-1.8,92.89299999999999,-46.2,1.334,5099.1,no
48,blue-collar,married,basic.6y,unknown,no,yes,cellular,may,wed,152,4,999,1,failure,-1.8,92.89299999999999,-46.2,1.334,5099.1,no
50,admin.,divorced,university.degree,no,yes,no,cellular,may,wed,335,3,999,0,nonexistent,-1.8,92.89299999999999,-46.2,1.334,5099.1,no
52,blue-collar,married,basic.4y,no,no,no,cellular,may,wed,437,4,999,1,failure,-1.8,92.89299999999999,-46.2,1.334,5099.1,no
29,blue-collar,married,basic.4y,no,yes,no,cellular,may,wed,140,2,999,0,nonexistent,-1.8,92.89299999999999,-46.2,1.334,5099.1,no
42,blue-collar,married,basic.6y,unknown,yes,no,cellular,may,wed,458,3,999,0,nonexistent,-1.8,92.89299999999999,-46.2,1.334,5099.1,no
34,technician,married,professional.course,no,yes,no,cellular,may,wed,91,3,999,0,nonexistent,-1.8,92.89299999999999,-46.2,1.334,5099.1,no
36,blue-collar,married,basic.9y,no,yes,no,cellular,may,wed,284,3,999,0,nonexistent,-1.8,92.89299999999999,-46.2,1.334,5099.1,no
45,services,divorced,high.school,unknown,no,no,cellular,may,wed,185,3,999,0,nonexistent,-1.8,92.89299999999999,-46.2,1.334,5099.1,no
29,student,single,basic.9y,no,no,no,cellular,may,wed,467,2,999,0,nonexistent,-1.8,92.89299999999999,-46.2,1.334,5099.1,no
41,blue-collar,married,basic.4y,no,yes,no,cellular,may,wed,187,8,999,0,nonexistent,-1.8,92.89299999999999,-46.2,1.334,5099.1,no
37,blue-collar,married,basic.9y,unknown,no,no,telephone,may,wed,97,2,999,0,nonexistent,-1.8,92.89299999999999,-46.2,1.334,5099.1,no
39,technician,divorced,professional.course,no,no,yes,cellular,may,wed,445,2,999,1,failure,-1.8,92.89299999999999,-46.2,1.334,5099.1,no
46,services,married,basic.9y,no,no,yes,cellular,may,wed,227,2,999,0,nonexistent,-1.8,92.89299999999999,-46.2,1.334,5099.1,no
33,admin.,single,high.school,no,yes,no,cellular,may,wed,281,3,999,1,failure,-1.8,92.89299999999999,-46.2,1.334,5099.1,no
52,blue-collar,married,basic.4y,no,no,no,cellular,may,wed,667,2,999,0,nonexistent,-1.8,92.89299999999999,-46.2,1.334,5099.1,yes
33,blue-collar,married,basic.6y,no,yes,yes,cellular,may,wed,686,2,999,0,nonexistent,-1.8,92.89299999999999,-46.2,1.334,5099.1,yes
48,blue-collar,married,basic.6y,unknown,no,no,telephone,may,wed,22,6,999,0,nonexistent,-1.8,92.89299999999999,-46.2,1.334,5099.1,no
34,services,married,high.school,no,yes,no,telephone,may,wed,276,2,999,0,nonexistent,-1.8,92.89299999999999,-46.2,1.334,5099.1,no
43,unemployed,married,basic.4y,no,no,no,cellular,may,wed,117,2,999,0,nonexistent,-1.8,92.89299999999999,-46.2,1.334,5099.1,no
59,admin.,married,high.school,no,no,no,cellular,may,wed,232,2,999,1,failure,-1.8,92.89299999999999,-46.2,1.334,5099.1,no
39,technician,single,professional.course,no,no,no,cellular,may,wed,940,3,999,0,nonexistent,-1.8,92.89299999999999,-46.2,1.334,5099.1,no
34,housemaid,married,high.school,unknown,no,no,cellular,may,wed,361,5,999,1,failure,-1.8,92.89299999999999,-46.2,1.334,5099.1,no
31,blue-collar,married,basic.4y,no,yes,no,cellular,may,wed,796,2,999,0,nonexistent,-1.8,92.89299999999999,-46.2,1.334,5099.1,no
38,technician,single,university.degree,no,yes,yes,cellular,may,wed,606,3,999,0,nonexistent,-1.8,92.89299999999999,-46.2,1.334,5099.1,yes
39,technician,married,professional.course,no,no,no,cellular,may,thu,31,2,999,1,failure,-1.8,92.89299999999999,-46.2,1.327,5099.1,no
57,admin.,married,high.school,unknown,yes,no,cellular,may,thu,55,5,999,0,nonexistent,-1.8,92.89299999999999,-46.2,1.327,5099.1,no
30,technician,single,professional.course,no,no,no,cellular,may,thu,86,2,999,0,nonexistent,-1.8,92.89299999999999,-46.2,1.327,5099.1,no
38,admin.,single,university.degree,no,no,no,cellular,may,thu,219,2,999,0,nonexistent,-1.8,92.89299999999999,-46.2,1.327,5099.1,no
38,management,married,unknown,no,no,no,telephone,may,thu,25,5,999,1,failure,-1.8,92.89299999999999,-46.2,1.327,5099.1,no
31,blue-collar,married,basic.4y,unknown,no,no,cellular,may,thu,210,2,999,0,nonexistent,-1.8,92.89299999999999,-46.2,1.327,5099.1,no
42,blue-collar,single,basic.9y,unknown,yes,no,cellular,may,thu,16,5,999,0,nonexistent,-1.8,92.89299999999999,-46.2,1.327,5099.1,no
51,services,married,professional.course,unknown,no,no,cellular,may,thu,113,2,999,0,nonexistent,-1.8,92.89299999999999,-46.2,1.327,5099.1,no
44,blue-collar,married,basic.9y,no,no,no,cellular,may,thu,315,2,999,0,nonexistent,-1.8,92.89299999999999,-46.2,1.327,5099.1,no
28,services,married,basic.9y,unknown,yes,no,cellular,may,thu,343,3,999,0,nonexistent,-1.8,92.89299999999999,-46.2,1.327,5099.1,no
35,blue-collar,married,basic.9y,no,no,no,telephone,may,thu,82,1,999,0,nonexistent,-1.8,92.89299999999999,-46.2,1.327,5099.1,no
34,technician,married,university.degree,no,yes,no,cellular,may,thu,83,4,999,0,nonexistent,-1.8,92.89299999999999,-46.2,1.327,5099.1,no
44,blue-collar,married,basic.6y,no,no,no,cellular,may,thu,57,4,999,0,nonexistent,-1.8,92.89299999999999,-46.2,1.327,5099.1,no
34,management,married,basic.4y,no,yes,no,cellular,may,thu,124,5,999,0,nonexistent,-1.8,92.89299999999999,-46.2,1.327,5099.1,no
27,admin.,single,high.school,no,yes,no,cellular,may,thu,240,1,999,0,nonexistent,-1.8,92.89299999999999,-46.2,1.327,5099.1,no
32,blue-collar,married,basic.9y,no,yes,no,cellular,may,thu,413,1,999,0,nonexistent,-1.8,92.89299999999999,-46.2,1.327,5099.1,no
33,technician,married,university.degree,no,yes,no,telephone,may,thu,755,3,999,1,failure,-1.8,92.89299999999999,-46.2,1.327,5099.1,no
35,admin.,single,high.school,no,yes,no,cellular,may,thu,187,1,999,0,nonexistent,-1.8,92.89299999999999,-46.2,1.327,5099.1,no
31,housemaid,single,high.school,no,yes,no,cellular,may,thu,633,1,999,0,nonexistent,-1.8,92.89299999999999,-46.2,1.327,5099.1,no
50,blue-collar,married,professional.course,no,yes,no,cellular,may,thu,247,1,999,1,failure,-1.8,92.89299999999999,-46.2,1.327,5099.1,no
35,management,married,university.degree,no,no,no,cellular,may,thu,370,1,999,0,nonexistent,-1.8,92.89299999999999,-46.2,1.327,5099.1,no
50,blue-collar,married,professional.course,unknown,yes,no,cellular,may,thu,51,1,999,1,failure,-1.8,92.89299999999999,-46.2,1.327,5099.1,no
32,admin.,single,university.degree,no,yes,yes,cellular,may,thu,195,1,999,0,nonexistent,-1.8,92.89299999999999,-46.2,1.327,5099.1,no
50,blue-collar,married,professional.course,unknown,yes,no,cellular,may,thu,157,1,999,1,failure,-1.8,92.89299999999999,-46.2,1.327,5099.1,no
30,technician,single,professional.course,no,yes,no,cellular,may,thu,512,1,999,0,nonexistent,-1.8,92.89299999999999,-46.2,1.327,5099.1,no
45,admin.,married,high.school,no,yes,no,cellular,may,thu,155,1,999,0,nonexistent,-1.8,92.89299999999999,-46.2,1.327,5099.1,no
33,blue-collar,married,basic.9y,no,yes,no,cellular,may,thu,263,1,999,0,nonexistent,-1.8,92.89299999999999,-46.2,1.327,5099.1,no
36,blue-collar,married,basic.9y,no,yes,no,cellular,may,thu,98,1,999,2,failure,-1.8,92.89299999999999,-46.2,1.327,5099.1,no
36,blue-collar,married,basic.9y,no,yes,no,cellular,may,thu,82,1,999,0,nonexistent,-1.8,92.89299999999999,-46.2,1.327,5099.1,no
36,blue-collar,married,basic.9y,no,yes,no,cellular,may,thu,31,1,999,1,failure,-1.8,92.89299999999999,-46.2,1.327,5099.1,no
36,blue-collar,married,basic.4y,no,unknown,unknown,cellular,may,thu,92,1,999,0,nonexistent,-1.8,92.89299999999999,-46.2,1.327,5099.1,no
36,blue-collar,married,basic.4y,no,yes,no,cellular,may,thu,47,1,999,0,nonexistent,-1.8,92.89299999999999,-46.2,1.327,5099.1,no
30,entrepreneur,divorced,basic.6y,no,no,yes,cellular,may,thu,149,1,999,1,failure,-1.8,92.89299999999999,-46.2,1.327,5099.1,no
54,blue-collar,married,basic.9y,unknown,no,no,cellular,may,thu,98,1,999,0,nonexistent,-1.8,92.89299999999999,-46.2,1.327,5099.1,no
32,admin.,married,university.degree,no,yes,no,cellular,may,thu,62,6,999,1,failure,-1.8,92.89299999999999,-46.2,1.327,5099.1,no
37,blue-collar,single,university.degree,unknown,no,no,cellular,may,thu,203,1,999,0,nonexistent,-1.8,92.89299999999999,-46.2,1.327,5099.1,no
24,services,single,high.school,unknown,yes,no,cellular,may,thu,689,1,999,0,nonexistent,-1.8,92.89299999999999,-46.2,1.327,5099.1,no
29,blue-collar,married,basic.6y,no,no,no,cellular,may,thu,102,1,999,0,nonexistent,-1.8,92.89299999999999,-46.2,1.327,5099.1,no
36,admin.,single,high.school,no,yes,no,cellular,may,thu,27,1,999,1,failure,-1.8,92.89299999999999,-46.2,1.327,5099.1,no
28,admin.,single,high.school,no,yes,no,cellular,may,thu,203,1,999,0,nonexistent,-1.8,92.89299999999999,-46.2,1.327,5099.1,no
36,admin.,single,high.school,no,yes,yes,cellular,may,thu,277,1,999,0,nonexistent,-1.8,92.89299999999999,-46.2,1.327,5099.1,no
30,technician,single,university.degree,unknown,yes,no,cellular,may,thu,722,1,999,0,nonexistent,-1.8,92.89299999999999,-46.2,1.327,5099.1,no
36,technician,married,professional.course,no,yes,no,cellular,may,thu,449,1,999,0,nonexistent,-1.8,92.89299999999999,-46.2,1.327,5099.1,no
38,management,married,high.school,no,yes,no,telephone,may,thu,224,1,999,0,nonexistent,-1.8,92.89299999999999,-46.2,1.327,5099.1,no
30,services,single,high.school,no,yes,no,cellular,may,thu,189,1,999,0,nonexistent,-1.8,92.89299999999999,-46.2,1.327,5099.1,no
39,services,married,high.school,no,yes,no,telephone,may,thu,45,1,999,1,failure,-1.8,92.89299999999999,-46.2,1.327,5099.1,no
36,blue-collar,married,basic.4y,unknown,yes,no,cellular,may,thu,248,1,999,0,nonexistent,-1.8,92.89299999999999,-46.2,1.327,5099.1,no
39,admin.,single,university.degree,no,no,no,cellular,may,thu,189,2,999,0,nonexistent,-1.8,92.89299999999999,-46.2,1.327,5099.1,no
40,blue-collar,married,basic.9y,no,yes,yes,cellular,may,thu,549,1,999,0,nonexistent,-1.8,92.89299999999999,-46.2,1.327,5099.1,no
30,admin.,single,professional.course,no,yes,yes,cellular,may,thu,104,1,999,1,failure,-1.8,92.89299999999999,-46.2,1.327,5099.1,no
30,blue-collar,single,basic.9y,no,no,yes,cellular,may,thu,252,1,999,0,nonexistent,-1.8,92.89299999999999,-46.2,1.327,5099.1,no
43,services,married,high.school,no,yes,no,cellular,may,thu,197,1,999,0,nonexistent,-1.8,92.89299999999999,-46.2,1.327,5099.1,no
54,technician,single,university.degree,no,yes,no,cellular,may,thu,333,1,999,1,failure,-1.8,92.89299999999999,-46.2,1.327,5099.1,no
36,blue-collar,married,unknown,no,yes,no,cellular,may,thu,25,1,999,0,nonexistent,-1.8,92.89299999999999,-46.2,1.327,5099.1,no
30,blue-collar,single,basic.9y,no,yes,no,cellular,may,thu,623,1,10,1,success,-1.8,92.89299999999999,-46.2,1.327,5099.1,yes
32,admin.,married,high.school,no,no,no,cellular,may,thu,84,1,999,0,nonexistent,-1.8,92.89299999999999,-46.2,1.327,5099.1,no
36,blue-collar,married,unknown,no,yes,no,cellular,may,thu,131,1,999,0,nonexistent,-1.8,92.89299999999999,-46.2,1.327,5099.1,no
32,admin.,married,high.school,no,yes,no,cellular,may,thu,132,1,999,1,failure,-1.8,92.89299999999999,-46.2,1.327,5099.1,no
32,admin.,married,high.school,no,no,no,cellular,may,thu,104,1,999,1,failure,-1.8,92.89299999999999,-46.2,1.327,5099.1,no
45,admin.,single,high.school,no,yes,no,cellular,may,thu,19,1,999,1,failure,-1.8,92.89299999999999,-46.2,1.327,5099.1,no
32,admin.,married,high.school,no,no,no,cellular,may,thu,187,1,999,0,nonexistent,-1.8,92.89299999999999,-46.2,1.327,5099.1,no
33,entrepreneur,single,university.degree,no,no,no,cellular,may,thu,197,1,999,0,nonexistent,-1.8,92.89299999999999,-46.2,1.327,5099.1,no
41,blue-collar,married,basic.9y,no,unknown,unknown,cellular,may,thu,50,1,999,0,nonexistent,-1.8,92.89299999999999,-46.2,1.327,5099.1,no
38,blue-collar,married,basic.9y,unknown,yes,no,cellular,may,thu,201,1,999,0,nonexistent,-1.8,92.89299999999999,-46.2,1.327,5099.1,no
33,admin.,married,university.degree,no,yes,no,cellular,may,thu,171,2,999,0,nonexistent,-1.8,92.89299999999999,-46.2,1.327,5099.1,no
29,services,married,high.school,unknown,yes,no,cellular,may,thu,63,1,999,0,nonexistent,-1.8,92.89299999999999,-46.2,1.327,5099.1,no
29,admin.,married,basic.9y,no,no,no,cellular,may,thu,113,1,999,0,nonexistent,-1.8,92.89299999999999,-46.2,1.327,5099.1,no
36,blue-collar,married,basic.9y,no,yes,no,telephone,may,thu,317,2,999,0,nonexistent,-1.8,92.89299999999999,-46.2,1.327,5099.1,no
29,admin.,married,high.school,no,no,no,cellular,may,thu,329,1,6,1,success,-1.8,92.89299999999999,-46.2,1.327,5099.1,no
43,blue-collar,married,basic.6y,no,yes,yes,cellular,may,thu,95,1,999,0,nonexistent,-1.8,92.89299999999999,-46.2,1.327,5099.1,no
33,services,married,basic.9y,no,yes,no,cellular,may,thu,144,3,999,0,nonexistent,-1.8,92.89299999999999,-46.2,1.327,5099.1,no
29,admin.,married,high.school,no,yes,no,cellular,may,thu,556,1,999,0,nonexistent,-1.8,92.89299999999999,-46.2,1.327,5099.1,no
43,blue-collar,married,basic.6y,no,yes,no,cellular,may,thu,393,1,999,1,failure,-1.8,92.89299999999999,-46.2,1.327,5099.1,no
34,management,married,university.degree,unknown,yes,no,cellular,may,thu,383,1,999,0,nonexistent,-1.8,92.89299999999999,-46.2,1.327,5099.1,no
39,admin.,married,high.school,no,yes,no,cellular,may,thu,141,8,999,0,nonexistent,-1.8,92.89299999999999,-46.2,1.327,5099.1,no
33,blue-collar,married,basic.6y,no,yes,no,cellular,may,thu,375,1,999,0,nonexistent,-1.8,92.89299999999999,-46.2,1.327,5099.1,no
47,technician,divorced,university.degree,unknown,yes,no,cellular,may,thu,101,1,999,0,nonexistent,-1.8,92.89299999999999,-46.2,1.327,5099.1,no
41,self-employed,married,professional.course,no,yes,no,cellular,may,thu,46,1,999,0,nonexistent,-1.8,92.89299999999999,-46.2,1.327,5099.1,no
35,services,single,high.school,no,no,no,cellular,may,thu,146,1,999,1,failure,-1.8,92.89299999999999,-46.2,1.327,5099.1,no
35,services,single,high.school,no,no,yes,cellular,may,thu,184,1,999,1,failure,-1.8,92.89299999999999,-46.2,1.327,5099.1,no
26,technician,single,professional.course,no,yes,no,cellular,may,thu,176,1,999,0,nonexistent,-1.8,92.89299999999999,-46.2,1.327,5099.1,no
31,admin.,married,university.degree,no,yes,yes,cellular,may,thu,148,2,999,1,failure,-1.8,92.89299999999999,-46.2,1.327,5099.1,no
50,services,divorced,basic.9y,no,yes,no,cellular,may,thu,429,1,999,1,failure,-1.8,92.89299999999999,-46.2,1.327,5099.1,no
33,self-employed,divorced,university.degree,no,yes,no,cellular,may,thu,130,1,999,0,nonexistent,-1.8,92.89299999999999,-46.2,1.327,5099.1,no
33,self-employed,divorced,university.degree,no,yes,no,cellular,may,thu,155,1,999,0,nonexistent,-1.8,92.89299999999999,-46.2,1.327,5099.1,no
32,admin.,single,professional.course,no,no,no,cellular,may,thu,290,1,999,0,nonexistent,-1.8,92.89299999999999,-46.2,1.327,5099.1,no
60,admin.,single,university.degree,no,no,no,cellular,may,thu,87,1,999,0,nonexistent,-1.8,92.89299999999999,-46.2,1.327,5099.1,no
38,technician,single,high.school,unknown,yes,yes,cellular,may,thu,754,1,999,0,nonexistent,-1.8,92.89299999999999,-46.2,1.327,5099.1,no
33,self-employed,divorced,university.degree,no,no,no,cellular,may,thu,345,1,999,0,nonexistent,-1.8,92.89299999999999,-46.2,1.327,5099.1,no
29,services,married,professional.course,no,no,no,cellular,may,thu,48,1,999,0,nonexistent,-1.8,92.89299999999999,-46.2,1.327,5099.1,no
29,services,married,professional.course,no,yes,no,cellular,may,thu,92,1,999,0,nonexistent,-1.8,92.89299999999999,-46.2,1.327,5099.1,no
29,blue-collar,married,basic.9y,no,yes,no,cellular,may,thu,193,1,999,0,nonexistent,-1.8,92.89299999999999,-46.2,1.327,5099.1,no
37,student,single,university.degree,unknown,no,no,telephone,may,thu,149,1,999,1,failure,-1.8,92.89299999999999,-46.2,1.327,5099.1,no
30,blue-collar,married,basic.4y,no,no,no,cellular,may,thu,252,1,999,1,failure,-1.8,92.89299999999999,-46.2,1.327,5099.1,no
52,entrepreneur,married,high.school,no,yes,no,cellular,may,thu,69,1,999,1,failure,-1.8,92.89299999999999,-46.2,1.327,5099.1,no
52,entrepreneur,married,high.school,no,yes,no,cellular,may,thu,198,1,999,1,failure,-1.8,92.89299999999999,-46.2,1.327,5099.1,no
34,admin.,single,unknown,no,yes,no,cellular,may,thu,172,1,999,1,failure,-1.8,92.89299999999999,-46.2,1.327,5099.1,no
43,blue-collar,married,basic.9y,no,yes,no,cellular,may,thu,83,1,999,0,nonexistent,-1.8,92.89299999999999,-46.2,1.327,5099.1,no
42,blue-collar,married,university.degree,unknown,yes,no,cellular,may,thu,462,1,999,0,nonexistent,-1.8,92.89299999999999,-46.2,1.327,5099.1,no
33,services,married,high.school,no,yes,no,cellular,may,thu,397,1,999,2,failure,-1.8,92.89299999999999,-46.2,1.327,5099.1,no
36,admin.,married,professional.course,no,no,no,cellular,may,thu,229,2,999,0,nonexistent,-1.8,92.89299999999999,-46.2,1.327,5099.1,no
32,admin.,single,professional.course,no,yes,yes,cellular,may,thu,1046,1,999,0,nonexistent,-1.8,92.89299999999999,-46.2,1.327,5099.1,yes
30,blue-collar,single,basic.6y,no,no,no,cellular,may,thu,159,1,999,1,failure,-1.8,92.89299999999999,-46.2,1.327,5099.1,no
32,services,married,high.school,unknown,no,no,cellular,may,thu,56,1,999,1,failure,-1.8,92.89299999999999,-46.2,1.327,5099.1,no
28,admin.,divorced,university.degree,no,yes,no,cellular,may,thu,1148,1,999,0,nonexistent,-1.8,92.89299999999999,-46.2,1.327,5099.1,yes
40,unemployed,married,professional.course,no,yes,no,cellular,may,thu,609,1,999,0,nonexistent,-1.8,92.89299999999999,-46.2,1.327,5099.1,no
25,blue-collar,single,basic.9y,no,yes,no,cellular,may,thu,133,1,999,0,nonexistent,-1.8,92.89299999999999,-46.2,1.327,5099.1,no
51,services,divorced,high.school,no,no,no,cellular,may,thu,502,1,999,2,failure,-1.8,92.89299999999999,-46.2,1.327,5099.1,no
25,blue-collar,single,basic.9y,no,yes,no,cellular,may,thu,162,1,999,0,nonexistent,-1.8,92.89299999999999,-46.2,1.327,5099.1,no
38,technician,single,professional.course,no,yes,no,cellular,may,thu,855,2,999,1,failure,-1.8,92.89299999999999,-46.2,1.327,5099.1,yes
30,blue-collar,single,basic.6y,no,yes,no,cellular,may,thu,542,1,999,0,nonexistent,-1.8,92.89299999999999,-46.2,1.327,5099.1,yes
35,blue-collar,married,basic.9y,unknown,no,no,cellular,may,thu,91,1,999,1,failure,-1.8,92.89299999999999,-46.2,1.327,5099.1,no
34,unemployed,single,university.degree,no,yes,no,cellular,may,thu,245,1,999,0,nonexistent,-1.8,92.89299999999999,-46.2,1.327,5099.1,no
40,blue-collar,married,basic.6y,no,yes,no,cellular,may,thu,123,1,999,0,nonexistent,-1.8,92.89299999999999,-46.2,1.327,5099.1,no
39,blue-collar,divorced,unknown,no,yes,no,cellular,may,thu,40,1,999,0,nonexistent,-1.8,92.89299999999999,-46.2,1.327,5099.1,no
35,blue-collar,married,basic.9y,unknown,no,no,cellular,may,thu,234,1,999,1,failure,-1.8,92.89299999999999,-46.2,1.327,5099.1,no
39,blue-collar,divorced,unknown,no,no,no,cellular,may,thu,126,1,999,0,nonexistent,-1.8,92.89299999999999,-46.2,1.327,5099.1,no
28,technician,single,high.school,no,yes,yes,cellular,may,thu,609,1,11,1,success,-1.8,92.89299999999999,-46.2,1.327,5099.1,yes
45,blue-collar,divorced,basic.6y,unknown,yes,no,cellular,may,thu,219,1,999,0,nonexistent,-1.8,92.89299999999999,-46.2,1.327,5099.1,no
57,retired,married,basic.6y,no,yes,no,cellular,may,thu,128,1,999,0,nonexistent,-1.8,92.89299999999999,-46.2,1.327,5099.1,no
57,retired,married,basic.6y,no,no,yes,cellular,may,thu,93,1,999,1,failure,-1.8,92.89299999999999,-46.2,1.327,5099.1,no
57,retired,married,basic.6y,no,yes,no,cellular,may,thu,189,1,6,2,success,-1.8,92.89299999999999,-46.2,1.327,5099.1,no
29,services,married,basic.9y,no,yes,no,cellular,may,thu,302,1,999,1,failure,-1.8,92.89299999999999,-46.2,1.327,5099.1,no
26,services,single,university.degree,no,yes,no,cellular,may,thu,223,1,999,0,nonexistent,-1.8,92.89299999999999,-46.2,1.327,5099.1,no
44,blue-collar,married,basic.6y,no,yes,no,cellular,may,thu,102,1,999,0,nonexistent,-1.8,92.89299999999999,-46.2,1.327,5099.1,no
36,blue-collar,married,basic.4y,no,no,no,cellular,may,thu,11,1,999,0,nonexistent,-1.8,92.89299999999999,-46.2,1.327,5099.1,no
55,self-employed,married,basic.9y,no,yes,no,cellular,may,thu,1191,1,999,0,nonexistent,-1.8,92.89299999999999,-46.2,1.327,5099.1,no
42,blue-collar,married,basic.4y,unknown,yes,yes,cellular,may,thu,36,3,999,0,nonexistent,-1.8,92.89299999999999,-46.2,1.327,5099.1,no
28,blue-collar,single,high.school,no,no,no,cellular,may,thu,16,1,999,0,nonexistent,-1.8,92.89299999999999,-46.2,1.327,5099.1,no
26,services,single,university.degree,no,yes,no,cellular,may,thu,551,1,999,1,failure,-1.8,92.89299999999999,-46.2,1.327,5099.1,no
38,blue-collar,divorced,high.school,no,yes,no,cellular,may,thu,158,1,999,1,failure,-1.8,92.89299999999999,-46.2,1.327,5099.1,no
28,blue-collar,single,high.school,no,no,no,cellular,may,thu,278,1,999,0,nonexistent,-1.8,92.89299999999999,-46.2,1.327,5099.1,no
38,blue-collar,divorced,high.school,no,no,no,cellular,may,thu,192,1,999,1,failure,-1.8,92.89299999999999,-46.2,1.327,5099.1,no
37,blue-collar,married,basic.9y,no,no,no,cellular,may,thu,79,1,999,0,nonexistent,-1.8,92.89299999999999,-46.2,1.327,5099.1,no
34,blue-collar,married,basic.4y,no,no,no,cellular,may,thu,273,1,999,0,nonexistent,-1.8,92.89299999999999,-46.2,1.327,5099.1,no
35,blue-collar,married,basic.6y,unknown,yes,no,cellular,may,thu,143,1,999,1,failure,-1.8,92.89299999999999,-46.2,1.327,5099.1,no
38,blue-collar,divorced,high.school,no,yes,no,cellular,may,thu,272,1,999,0,nonexistent,-1.8,92.89299999999999,-46.2,1.327,5099.1,no
38,blue-collar,divorced,high.school,no,no,no,cellular,may,thu,282,1,999,0,nonexistent,-1.8,92.89299999999999,-46.2,1.327,5099.1,no
33,admin.,married,high.school,no,no,yes,cellular,may,thu,147,1,999,1,failure,-1.8,92.89299999999999,-46.2,1.327,5099.1,no
34,management,married,basic.4y,no,yes,no,cellular,may,thu,60,4,999,0,nonexistent,-1.8,92.89299999999999,-46.2,1.327,5099.1,no
43,blue-collar,married,basic.4y,unknown,no,yes,cellular,may,thu,50,1,999,1,failure,-1.8,92.89299999999999,-46.2,1.327,5099.1,no
38,technician,married,university.degree,no,unknown,unknown,cellular,may,thu,86,1,999,1,failure,-1.8,92.89299999999999,-46.2,1.327,5099.1,no
41,management,married,basic.6y,unknown,no,no,cellular,may,thu,163,2,999,0,nonexistent,-1.8,92.89299999999999,-46.2,1.327,5099.1,no
31,services,divorced,high.school,unknown,no,no,cellular,may,thu,124,1,999,0,nonexistent,-1.8,92.89299999999999,-46.2,1.327,5099.1,no
36,technician,single,high.school,no,yes,no,cellular,may,thu,229,1,999,0,nonexistent,-1.8,92.89299999999999,-46.2,1.327,5099.1,no
36,technician,single,high.school,no,yes,no,cellular,may,thu,208,1,999,1,failure,-1.8,92.89299999999999,-46.2,1.327,5099.1,no
31,services,divorced,high.school,unknown,yes,no,cellular,may,thu,236,1,999,0,nonexistent,-1.8,92.89299999999999,-46.2,1.327,5099.1,no
45,management,married,university.degree,no,no,no,cellular,may,thu,647,1,999,1,failure,-1.8,92.89299999999999,-46.2,1.327,5099.1,yes
36,technician,single,high.school,no,yes,no,cellular,may,thu,426,1,999,0,nonexistent,-1.8,92.89299999999999,-46.2,1.327,5099.1,no
43,blue-collar,married,basic.4y,unknown,yes,no,cellular,may,thu,625,1,999,0,nonexistent,-1.8,92.89299999999999,-46.2,1.327,5099.1,yes
51,services,divorced,basic.6y,no,no,yes,cellular,may,thu,122,1,999,1,failure,-1.8,92.89299999999999,-46.2,1.327,5099.1,no
38,admin.,married,high.school,no,yes,yes,cellular,may,thu,574,1,999,0,nonexistent,-1.8,92.89299999999999,-46.2,1.327,5099.1,yes
41,management,married,university.degree,no,no,yes,cellular,may,thu,35,1,999,0,nonexistent,-1.8,92.89299999999999,-46.2,1.327,5099.1,no
32,unemployed,single,university.degree,no,no,no,cellular,may,thu,213,1,999,1,failure,-1.8,92.89299999999999,-46.2,1.327,5099.1,no
31,technician,married,professional.course,unknown,yes,no,cellular,may,thu,46,1,999,0,nonexistent,-1.8,92.89299999999999,-46.2,1.327,5099.1,no
42,blue-collar,single,basic.4y,no,no,no,cellular,may,thu,128,1,999,0,nonexistent,-1.8,92.89299999999999,-46.2,1.327,5099.1,no
41,management,married,university.degree,no,yes,no,cellular,may,thu,93,1,999,0,nonexistent,-1.8,92.89299999999999,-46.2,1.327,5099.1,no
29,admin.,single,basic.9y,unknown,yes,no,cellular,may,thu,983,4,999,0,nonexistent,-1.8,92.89299999999999,-46.2,1.327,5099.1,yes
35,technician,single,professional.course,no,yes,no,cellular,may,thu,49,1,999,0,nonexistent,-1.8,92.89299999999999,-46.2,1.327,5099.1,no
49,admin.,divorced,high.school,no,yes,no,cellular,may,thu,168,3,999,1,failure,-1.8,92.89299999999999,-46.2,1.327,5099.1,no
35,technician,single,professional.course,no,yes,no,cellular,may,thu,141,1,999,0,nonexistent,-1.8,92.89299999999999,-46.2,1.327,5099.1,no
36,technician,divorced,professional.course,no,no,no,cellular,may,thu,31,1,999,0,nonexistent,-1.8,92.89299999999999,-46.2,1.327,5099.1,no
31,technician,married,professional.course,no,yes,no,cellular,may,thu,232,1,999,0,nonexistent,-1.8,92.89299999999999,-46.2,1.327,5099.1,no
39,admin.,married,basic.9y,no,yes,no,cellular,may,thu,279,1,999,0,nonexistent,-1.8,92.89299999999999,-46.2,1.327,5099.1,no
35,blue-collar,married,basic.9y,unknown,yes,no,cellular,may,thu,282,1,999,0,nonexistent,-1.8,92.89299999999999,-46.2,1.327,5099.1,no
35,blue-collar,married,basic.9y,unknown,yes,no,cellular,may,thu,282,1,999,1,failure,-1.8,92.89299999999999,-46.2,1.327,5099.1,no
35,blue-collar,married,basic.9y,unknown,no,no,cellular,may,thu,391,1,999,0,nonexistent,-1.8,92.89299999999999,-46.2,1.327,5099.1,no
48,blue-collar,married,basic.4y,no,unknown,unknown,cellular,may,thu,313,1,999,2,failure,-1.8,92.89299999999999,-46.2,1.327,5099.1,no
47,self-employed,married,basic.4y,unknown,no,no,cellular,may,thu,168,1,999,0,nonexistent,-1.8,92.89299999999999,-46.2,1.327,5099.1,no
30,admin.,single,university.degree,no,no,no,cellular,may,thu,199,1,999,0,nonexistent,-1.8,92.89299999999999,-46.2,1.327,5099.1,no
47,services,married,high.school,no,no,no,cellular,may,thu,176,1,999,0,nonexistent,-1.8,92.89299999999999,-46.2,1.327,5099.1,no
35,blue-collar,married,unknown,no,no,no,cellular,may,thu,446,1,999,1,failure,-1.8,92.89299999999999,-46.2,1.327,5099.1,no
35,blue-collar,married,basic.4y,unknown,yes,no,cellular,may,thu,275,1,999,0,nonexistent,-1.8,92.89299999999999,-46.2,1.327,5099.1,no
37,self-employed,married,basic.4y,no,no,no,cellular,may,thu,281,1,999,0,nonexistent,-1.8,92.89299999999999,-46.2,1.327,5099.1,no
33,admin.,single,university.degree,no,yes,no,cellular,may,thu,143,1,999,0,nonexistent,-1.8,92.89299999999999,-46.2,1.327,5099.1,no
24,student,single,university.degree,no,yes,no,cellular,may,thu,362,1,999,1,failure,-1.8,92.89299999999999,-46.2,1.327,5099.1,no
35,admin.,married,university.degree,no,yes,yes,cellular,may,thu,165,1,999,0,nonexistent,-1.8,92.89299999999999,-46.2,1.327,5099.1,no
41,blue-collar,married,basic.6y,unknown,yes,yes,cellular,may,thu,65,1,999,0,nonexistent,-1.8,92.89299999999999,-46.2,1.327,5099.1,no
40,technician,married,university.degree,no,yes,no,cellular,may,thu,248,1,999,0,nonexistent,-1.8,92.89299999999999,-46.2,1.327,5099.1,no
41,blue-collar,married,basic.6y,unknown,no,no,cellular,may,thu,170,1,999,0,nonexistent,-1.8,92.89299999999999,-46.2,1.327,5099.1,no
26,blue-collar,single,basic.4y,no,no,yes,cellular,may,thu,54,1,999,1,failure,-1.8,92.89299999999999,-46.2,1.327,5099.1,no
44,technician,divorced,professional.course,no,no,no,cellular,may,thu,569,1,999,1,failure,-1.8,92.89299999999999,-46.2,1.327,5099.1,no
41,blue-collar,married,basic.6y,unknown,yes,no,cellular,may,thu,220,1,999,0,nonexistent,-1.8,92.89299999999999,-46.2,1.327,5099.1,no
43,services,married,high.school,no,no,no,cellular,may,thu,57,2,999,2,failure,-1.8,92.89299999999999,-46.2,1.327,5099.1,no
33,admin.,married,high.school,no,yes,no,cellular,may,thu,59,1,999,0,nonexistent,-1.8,92.89299999999999,-46.2,1.327,5099.1,no
36,blue-collar,married,basic.9y,no,yes,no,cellular,may,thu,158,1,999,1,failure,-1.8,92.89299999999999,-46.2,1.327,5099.1,no
35,blue-collar,married,basic.4y,no,yes,yes,cellular,may,thu,195,1,999,0,nonexistent,-1.8,92.89299999999999,-46.2,1.327,5099.1,no
37,services,married,basic.9y,no,no,yes,cellular,may,thu,447,2,999,1,failure,-1.8,92.89299999999999,-46.2,1.327,5099.1,no
43,admin.,single,high.school,no,yes,no,cellular,may,thu,304,1,999,0,nonexistent,-1.8,92.89299999999999,-46.2,1.327,5099.1,no
35,services,married,professional.course,no,no,no,cellular,may,thu,293,1,999,0,nonexistent,-1.8,92.89299999999999,-46.2,1.327,5099.1,no
31,management,married,university.degree,no,no,yes,cellular,may,thu,130,2,999,2,failure,-1.8,92.89299999999999,-46.2,1.327,5099.1,no
32,services,married,high.school,no,yes,no,cellular,may,thu,1129,1,999,0,nonexistent,-1.8,92.89299999999999,-46.2,1.327,5099.1,yes
34,blue-collar,married,basic.9y,unknown,yes,no,cellular,may,thu,41,1,999,1,failure,-1.8,92.89299999999999,-46.2,1.327,5099.1,no
32,admin.,married,university.degree,no,yes,no,cellular,may,thu,242,3,999,1,failure,-1.8,92.89299999999999,-46.2,1.327,5099.1,no
34,blue-collar,married,basic.9y,unknown,no,no,cellular,may,thu,263,1,999,1,failure,-1.8,92.89299999999999,-46.2,1.327,5099.1,no
49,blue-collar,married,basic.9y,no,yes,no,cellular,may,thu,105,1,999,1,failure,-1.8,92.89299999999999,-46.2,1.327,5099.1,no
38,management,married,unknown,no,no,no,cellular,may,thu,155,1,999,1,failure,-1.8,92.89299999999999,-46.2,1.327,5099.1,no
34,admin.,married,high.school,no,no,yes,cellular,may,thu,154,1,999,0,nonexistent,-1.8,92.89299999999999,-46.2,1.327,5099.1,no
32,blue-collar,married,professional.course,unknown,yes,no,cellular,may,thu,196,2,999,1,failure,-1.8,92.89299999999999,-46.2,1.327,5099.1,no
37,admin.,married,high.school,no,yes,no,cellular,may,thu,290,1,999,1,failure,-1.8,92.89299999999999,-46.2,1.327,5099.1,no
34,technician,married,university.degree,no,yes,no,telephone,may,thu,309,1,999,0,nonexistent,-1.8,92.89299999999999,-46.2,1.327,5099.1,no
34,technician,married,university.degree,no,yes,no,cellular,may,thu,69,1,999,0,nonexistent,-1.8,92.89299999999999,-46.2,1.327,5099.1,no
28,admin.,single,high.school,unknown,yes,yes,cellular,may,thu,275,2,999,0,nonexistent,-1.8,92.89299999999999,-46.2,1.327,5099.1,no
29,blue-collar,married,basic.6y,no,no,no,cellular,may,thu,481,2,999,0,nonexistent,-1.8,92.89299999999999,-46.2,1.327,5099.1,yes
45,admin.,divorced,basic.9y,unknown,yes,no,cellular,may,thu,355,1,999,0,nonexistent,-1.8,92.89299999999999,-46.2,1.327,5099.1,no
34,services,single,high.school,no,yes,no,cellular,may,thu,230,1,999,0,nonexistent,-1.8,92.89299999999999,-46.2,1.327,5099.1,no
34,services,single,high.school,no,yes,no,telephone,may,thu,207,1,999,0,nonexistent,-1.8,92.89299999999999,-46.2,1.327,5099.1,no
35,admin.,single,high.school,no,yes,yes,cellular,may,thu,326,1,999,0,nonexistent,-1.8,92.89299999999999,-46.2,1.327,5099.1,no
33,blue-collar,single,basic.9y,no,yes,yes,cellular,may,thu,468,2,999,1,failure,-1.8,92.89299999999999,-46.2,1.327,5099.1,no
37,blue-collar,married,basic.4y,no,yes,no,cellular,may,thu,125,1,999,1,failure,-1.8,92.89299999999999,-46.2,1.327,5099.1,no
56,blue-collar,married,basic.9y,no,no,no,cellular,may,thu,118,1,999,0,nonexistent,-1.8,92.89299999999999,-46.2,1.327,5099.1,no
31,blue-collar,married,basic.9y,no,yes,no,cellular,may,thu,172,1,999,0,nonexistent,-1.8,92.89299999999999,-46.2,1.327,5099.1,no
23,student,single,basic.9y,no,yes,yes,cellular,may,thu,6,7,999,0,nonexistent,-1.8,92.89299999999999,-46.2,1.327,5099.1,no
40,management,married,university.degree,no,yes,no,cellular,may,thu,188,1,999,0,nonexistent,-1.8,92.89299999999999,-46.2,1.327,5099.1,no
45,technician,married,professional.course,no,no,no,cellular,may,thu,55,1,999,0,nonexistent,-1.8,92.89299999999999,-46.2,1.327,5099.1,no
39,management,single,university.degree,unknown,no,no,cellular,may,thu,412,2,999,0,nonexistent,-1.8,92.89299999999999,-46.2,1.327,5099.1,no
40,management,married,university.degree,no,no,no,cellular,may,thu,245,1,999,0,nonexistent,-1.8,92.89299999999999,-46.2,1.327,5099.1,no
38,blue-collar,single,basic.4y,no,no,yes,cellular,may,thu,213,1,999,0,nonexistent,-1.8,92.89299999999999,-46.2,1.327,5099.1,no
31,blue-collar,single,high.school,no,yes,no,cellular,may,thu,361,1,999,0,nonexistent,-1.8,92.89299999999999,-46.2,1.327,5099.1,no
40,blue-collar,married,basic.6y,no,yes,no,cellular,may,thu,160,4,999,0,nonexistent,-1.8,92.89299999999999,-46.2,1.327,5099.1,no
26,admin.,single,basic.9y,unknown,yes,no,cellular,may,thu,661,1,999,0,nonexistent,-1.8,92.89299999999999,-46.2,1.327,5099.1,yes
37,management,divorced,university.degree,no,no,no,cellular,may,thu,51,1,999,0,nonexistent,-1.8,92.89299999999999,-46.2,1.327,5099.1,no
45,technician,married,professional.course,no,no,no,cellular,may,thu,183,1,999,0,nonexistent,-1.8,92.89299999999999,-46.2,1.327,5099.1,no
27,blue-collar,single,basic.9y,unknown,yes,no,cellular,may,thu,99,1,999,0,nonexistent,-1.8,92.89299999999999,-46.2,1.327,5099.1,no
27,blue-collar,single,basic.9y,unknown,yes,yes,cellular,may,thu,101,1,999,0,nonexistent,-1.8,92.89299999999999,-46.2,1.327,5099.1,no
35,services,single,high.school,no,yes,no,cellular,may,thu,66,1,999,1,failure,-1.8,92.89299999999999,-46.2,1.327,5099.1,no
33,technician,married,university.degree,no,no,no,cellular,may,thu,191,3,999,0,nonexistent,-1.8,92.89299999999999,-46.2,1.327,5099.1,no
39,management,married,university.degree,no,yes,no,cellular,may,thu,162,1,999,0,nonexistent,-1.8,92.89299999999999,-46.2,1.327,5099.1,no
39,management,married,university.degree,no,yes,no,cellular,may,thu,55,1,999,0,nonexistent,-1.8,92.89299999999999,-46.2,1.327,5099.1,no
42,admin.,divorced,high.school,no,yes,no,cellular,may,thu,304,1,999,1,failure,-1.8,92.89299999999999,-46.2,1.327,5099.1,no
27,blue-collar,single,basic.9y,unknown,yes,yes,cellular,may,thu,623,1,999,0,nonexistent,-1.8,92.89299999999999,-46.2,1.327,5099.1,yes
32,services,married,high.school,no,no,no,cellular,may,thu,213,2,999,0,nonexistent,-1.8,92.89299999999999,-46.2,1.327,5099.1,no
42,blue-collar,married,basic.6y,no,yes,no,cellular,may,thu,56,1,999,0,nonexistent,-1.8,92.89299999999999,-46.2,1.327,5099.1,no
42,blue-collar,married,basic.6y,no,yes,no,cellular,may,thu,219,1,999,0,nonexistent,-1.8,92.89299999999999,-46.2,1.327,5099.1,no
28,technician,single,basic.9y,no,yes,no,cellular,may,thu,263,1,999,1,failure,-1.8,92.89299999999999,-46.2,1.327,5099.1,no
50,admin.,married,basic.9y,no,unknown,unknown,cellular,may,thu,446,6,999,1,failure,-1.8,92.89299999999999,-46.2,1.327,5099.1,no
27,blue-collar,married,basic.9y,no,no,no,cellular,may,thu,267,1,999,1,failure,-1.8,92.89299999999999,-46.2,1.327,5099.1,no
40,services,married,high.school,unknown,no,no,cellular,may,thu,67,1,999,1,failure,-1.8,92.89299999999999,-46.2,1.327,5099.1,no
38,blue-collar,married,basic.9y,unknown,no,no,cellular,may,thu,228,1,999,0,nonexistent,-1.8,92.89299999999999,-46.2,1.327,5099.1,no
39,blue-collar,married,basic.6y,no,yes,no,cellular,may,thu,476,1,999,0,nonexistent,-1.8,92.89299999999999,-46.2,1.327,5099.1,yes
41,blue-collar,married,basic.9y,no,yes,no,cellular,may,thu,118,2,999,0,nonexistent,-1.8,92.89299999999999,-46.2,1.327,5099.1,no
39,blue-collar,married,high.school,unknown,no,no,cellular,may,thu,207,2,999,1,failure,-1.8,92.89299999999999,-46.2,1.327,5099.1,no
41,management,married,university.degree,no,no,no,cellular,may,thu,247,1,999,0,nonexistent,-1.8,92.89299999999999,-46.2,1.327,5099.1,no
42,services,single,high.school,no,no,no,cellular,may,thu,122,2,999,0,nonexistent,-1.8,92.89299999999999,-46.2,1.327,5099.1,no
42,services,married,professional.course,no,yes,no,cellular,may,thu,103,2,999,1,failure,-1.8,92.89299999999999,-46.2,1.327,5099.1,no
45,blue-collar,married,basic.4y,no,unknown,unknown,cellular,may,thu,67,3,999,0,nonexistent,-1.8,92.89299999999999,-46.2,1.327,5099.1,no
37,blue-collar,single,university.degree,unknown,no,no,cellular,may,thu,159,2,999,1,failure,-1.8,92.89299999999999,-46.2,1.327,5099.1,no
45,technician,divorced,high.school,no,yes,no,cellular,may,thu,121,2,999,0,nonexistent,-1.8,92.89299999999999,-46.2,1.327,5099.1,no
45,admin.,married,high.school,no,yes,no,cellular,may,thu,182,2,999,1,failure,-1.8,92.89299999999999,-46.2,1.327,5099.1,no
27,student,single,high.school,no,yes,no,cellular,may,thu,101,1,999,1,failure,-1.8,92.89299999999999,-46.2,1.327,5099.1,no
39,management,married,professional.course,no,yes,no,cellular,may,thu,156,1,6,1,success,-1.8,92.89299999999999,-46.2,1.327,5099.1,no
34,services,single,high.school,no,no,no,cellular,may,thu,957,2,999,0,nonexistent,-1.8,92.89299999999999,-46.2,1.327,5099.1,yes
44,self-employed,divorced,professional.course,no,yes,no,cellular,may,thu,652,2,999,2,failure,-1.8,92.89299999999999,-46.2,1.327,5099.1,no
36,technician,married,professional.course,no,yes,no,cellular,may,thu,258,2,999,0,nonexistent,-1.8,92.89299999999999,-46.2,1.327,5099.1,no
32,blue-collar,married,basic.9y,no,no,no,cellular,may,thu,72,2,999,0,nonexistent,-1.8,92.89299999999999,-46.2,1.327,5099.1,no
36,blue-collar,married,unknown,no,yes,no,cellular,may,thu,349,1,999,1,failure,-1.8,92.89299999999999,-46.2,1.327,5099.1,no
34,management,married,university.degree,unknown,yes,no,cellular,may,thu,281,1,999,0,nonexistent,-1.8,92.89299999999999,-46.2,1.327,5099.1,no
43,self-employed,married,professional.course,no,yes,no,cellular,may,thu,104,2,999,0,nonexistent,-1.8,92.89299999999999,-46.2,1.327,5099.1,no
37,management,single,university.degree,no,no,no,telephone,may,thu,287,2,999,0,nonexistent,-1.8,92.89299999999999,-46.2,1.327,5099.1,no
51,management,divorced,university.degree,no,yes,no,cellular,may,thu,154,3,999,1,failure,-1.8,92.89299999999999,-46.2,1.327,5099.1,no
27,services,single,high.school,no,yes,no,cellular,may,thu,193,1,999,0,nonexistent,-1.8,92.89299999999999,-46.2,1.327,5099.1,no
27,services,single,high.school,no,yes,yes,cellular,may,thu,356,2,999,1,failure,-1.8,92.89299999999999,-46.2,1.327,5099.1,no
39,management,single,university.degree,no,no,no,cellular,may,thu,122,2,999,0,nonexistent,-1.8,92.89299999999999,-46.2,1.327,5099.1,no
43,management,single,university.degree,no,yes,no,telephone,may,thu,140,2,999,0,nonexistent,-1.8,92.89299999999999,-46.2,1.327,5099.1,no
59,retired,divorced,high.school,unknown,no,no,cellular,may,thu,97,2,999,1,failure,-1.8,92.89299999999999,-46.2,1.327,5099.1,no
48,admin.,divorced,university.degree,no,yes,no,cellular,may,thu,590,1,999,0,nonexistent,-1.8,92.89299999999999,-46.2,1.327,5099.1,no
37,services,married,high.school,no,yes,no,cellular,may,thu,87,2,12,1,success,-1.8,92.89299999999999,-46.2,1.327,5099.1,no
32,admin.,divorced,high.school,no,yes,no,cellular,may,thu,633,1,999,0,nonexistent,-1.8,92.89299999999999,-46.2,1.327,5099.1,no
34,admin.,single,university.degree,no,yes,no,cellular,may,thu,92,3,999,0,nonexistent,-1.8,92.89299999999999,-46.2,1.327,5099.1,no
48,blue-collar,married,basic.4y,no,no,yes,cellular,may,thu,370,2,1,1,success,-1.8,92.89299999999999,-46.2,1.327,5099.1,no
34,admin.,single,unknown,no,yes,no,cellular,may,thu,473,2,999,0,nonexistent,-1.8,92.89299999999999,-46.2,1.327,5099.1,no
51,services,divorced,high.school,unknown,yes,no,cellular,may,thu,295,1,999,1,failure,-1.8,92.89299999999999,-46.2,1.327,5099.1,no
39,entrepreneur,married,basic.6y,no,no,no,cellular,may,thu,121,1,999,0,nonexistent,-1.8,92.89299999999999,-46.2,1.327,5099.1,no
41,admin.,single,high.school,no,yes,no,cellular,may,thu,360,2,999,0,nonexistent,-1.8,92.89299999999999,-46.2,1.327,5099.1,no
39,blue-collar,married,basic.6y,no,yes,yes,cellular,may,thu,195,1,999,1,failure,-1.8,92.89299999999999,-46.2,1.327,5099.1,no
33,services,married,basic.9y,no,no,no,cellular,may,thu,225,3,999,1,failure,-1.8,92.89299999999999,-46.2,1.327,5099.1,no
37,blue-collar,single,university.degree,unknown,yes,no,cellular,may,thu,166,2,999,0,nonexistent,-1.8,92.89299999999999,-46.2,1.327,5099.1,no
33,admin.,single,university.degree,no,yes,yes,cellular,may,thu,589,2,999,0,nonexistent,-1.8,92.89299999999999,-46.2,1.327,5099.1,no
39,unemployed,married,basic.4y,no,no,no,cellular,may,thu,228,2,999,0,nonexistent,-1.8,92.89299999999999,-46.2,1.327,5099.1,no
58,technician,divorced,university.degree,no,no,no,cellular,may,thu,101,1,999,1,failure,-1.8,92.89299999999999,-46.2,1.327,5099.1,no
41,blue-collar,divorced,basic.9y,no,yes,no,cellular,may,thu,102,1,999,0,nonexistent,-1.8,92.89299999999999,-46.2,1.327,5099.1,no
32,admin.,married,university.degree,no,yes,yes,cellular,may,thu,178,1,999,0,nonexistent,-1.8,92.89299999999999,-46.2,1.327,5099.1,no
32,admin.,married,university.degree,no,no,no,cellular,may,thu,235,1,999,0,nonexistent,-1.8,92.89299999999999,-46.2,1.327,5099.1,no
34,services,married,professional.course,unknown,yes,yes,cellular,may,thu,18,8,999,0,nonexistent,-1.8,92.89299999999999,-46.2,1.327,5099.1,no
37,blue-collar,married,basic.6y,no,no,no,cellular,may,thu,253,2,999,1,failure,-1.8,92.89299999999999,-46.2,1.327,5099.1,no
27,technician,married,professional.course,no,no,no,cellular,may,thu,347,2,999,1,failure,-1.8,92.89299999999999,-46.2,1.327,5099.1,yes
40,technician,single,university.degree,no,no,no,telephone,may,thu,430,2,999,1,failure,-1.8,92.89299999999999,-46.2,1.327,5099.1,no
32,admin.,married,university.degree,no,yes,no,cellular,may,thu,100,4,999,1,failure,-1.8,92.89299999999999,-46.2,1.327,5099.1,no
32,admin.,married,university.degree,no,no,no,cellular,may,thu,1030,1,6,1,success,-1.8,92.89299999999999,-46.2,1.327,5099.1,yes
31,services,divorced,high.school,unknown,no,no,cellular,may,thu,45,1,999,1,failure,-1.8,92.89299999999999,-46.2,1.327,5099.1,no
46,blue-collar,married,basic.4y,no,yes,no,cellular,may,thu,127,1,999,1,failure,-1.8,92.89299999999999,-46.2,1.327,5099.1,no
36,blue-collar,married,basic.9y,no,no,no,cellular,may,thu,56,1,999,1,failure,-1.8,92.89299999999999,-46.2,1.327,5099.1,no
39,technician,married,professional.course,no,yes,no,cellular,may,thu,1254,3,999,1,failure,-1.8,92.89299999999999,-46.2,1.327,5099.1,no
35,blue-collar,married,basic.9y,no,no,no,cellular,may,thu,270,2,999,0,nonexistent,-1.8,92.89299999999999,-46.2,1.327,5099.1,no
37,management,married,university.degree,unknown,no,yes,cellular,may,thu,195,1,999,0,nonexistent,-1.8,92.89299999999999,-46.2,1.327,5099.1,no
29,entrepreneur,married,high.school,no,yes,no,cellular,may,thu,539,1,999,0,nonexistent,-1.8,92.89299999999999,-46.2,1.327,5099.1,no
27,admin.,married,high.school,no,no,no,cellular,may,thu,643,1,999,0,nonexistent,-1.8,92.89299999999999,-46.2,1.327,5099.1,no
29,admin.,married,high.school,no,yes,no,cellular,may,thu,798,2,999,0,nonexistent,-1.8,92.89299999999999,-46.2,1.327,5099.1,yes
50,admin.,married,basic.9y,no,no,no,cellular,may,thu,95,6,999,0,nonexistent,-1.8,92.89299999999999,-46.2,1.327,5099.1,no
37,unemployed,married,basic.6y,no,yes,no,cellular,may,thu,425,1,999,1,failure,-1.8,92.89299999999999,-46.2,1.327,5099.1,no
33,blue-collar,married,professional.course,unknown,no,no,cellular,may,thu,153,2,999,0,nonexistent,-1.8,92.89299999999999,-46.2,1.327,5099.1,no
38,admin.,single,university.degree,no,no,yes,cellular,may,thu,266,2,999,1,failure,-1.8,92.89299999999999,-46.2,1.327,5099.1,no
43,blue-collar,married,basic.6y,no,yes,no,cellular,may,thu,57,1,999,0,nonexistent,-1.8,92.89299999999999,-46.2,1.327,5099.1,no
26,admin.,single,basic.9y,unknown,yes,no,cellular,may,thu,33,3,999,1,failure,-1.8,92.89299999999999,-46.2,1.327,5099.1,no
35,blue-collar,married,basic.4y,unknown,yes,no,cellular,may,thu,330,1,999,1,failure,-1.8,92.89299999999999,-46.2,1.327,5099.1,no
35,management,married,university.degree,no,no,no,cellular,may,thu,304,1,999,1,failure,-1.8,92.89299999999999,-46.2,1.327,5099.1,no
27,blue-collar,single,high.school,no,no,yes,cellular,may,thu,308,1,999,1,failure,-1.8,92.89299999999999,-46.2,1.327,5099.1,no
54,admin.,married,high.school,no,yes,no,cellular,may,thu,594,1,999,0,nonexistent,-1.8,92.89299999999999,-46.2,1.327,5099.1,yes
56,blue-collar,married,basic.4y,unknown,no,no,cellular,may,thu,373,1,999,0,nonexistent,-1.8,92.89299999999999,-46.2,1.327,5099.1,no
41,blue-collar,married,basic.4y,unknown,yes,no,cellular,may,thu,87,1,999,0,nonexistent,-1.8,92.89299999999999,-46.2,1.327,5099.1,no
31,services,single,high.school,no,no,yes,cellular,may,thu,50,2,999,1,failure,-1.8,92.89299999999999,-46.2,1.327,5099.1,no
46,blue-collar,single,basic.6y,unknown,no,yes,cellular,may,thu,245,2,999,1,failure,-1.8,92.89299999999999,-46.2,1.327,5099.1,no
46,management,married,university.degree,no,yes,no,cellular,may,thu,247,2,999,1,failure,-1.8,92.89299999999999,-46.2,1.327,5099.1,no
35,management,married,university.degree,no,no,no,cellular,may,thu,437,3,999,1,failure,-1.8,92.89299999999999,-46.2,1.327,5099.1,no
46,management,married,university.degree,no,yes,no,cellular,may,thu,458,2,999,0,nonexistent,-1.8,92.89299999999999,-46.2,1.327,5099.1,no
34,blue-collar,married,basic.9y,no,yes,yes,cellular,may,thu,96,3,999,1,failure,-1.8,92.89299999999999,-46.2,1.327,5099.1,no
49,technician,single,high.school,no,no,yes,cellular,may,thu,253,4,999,0,nonexistent,-1.8,92.89299999999999,-46.2,1.327,5099.1,no
36,admin.,married,professional.course,no,no,no,cellular,may,thu,271,2,999,0,nonexistent,-1.8,92.89299999999999,-46.2,1.327,5099.1,no
36,services,married,high.school,no,no,no,cellular,may,thu,227,2,999,0,nonexistent,-1.8,92.89299999999999,-46.2,1.327,5099.1,no
31,services,married,high.school,no,unknown,unknown,cellular,may,thu,582,2,999,1,failure,-1.8,92.89299999999999,-46.2,1.327,5099.1,no
32,technician,single,professional.course,no,no,yes,cellular,may,thu,423,2,999,0,nonexistent,-1.8,92.89299999999999,-46.2,1.327,5099.1,no
30,entrepreneur,divorced,basic.6y,no,no,no,cellular,may,thu,422,3,999,0,nonexistent,-1.8,92.89299999999999,-46.2,1.327,5099.1,no
33,admin.,single,university.degree,no,no,yes,cellular,may,thu,49,2,999,1,failure,-1.8,92.89299999999999,-46.2,1.327,5099.1,no
44,blue-collar,married,basic.6y,no,no,yes,cellular,may,thu,244,2,999,0,nonexistent,-1.8,92.89299999999999,-46.2,1.327,5099.1,no
31,management,single,university.degree,no,yes,no,cellular,may,thu,924,3,999,0,nonexistent,-1.8,92.89299999999999,-46.2,1.327,5099.1,no
35,blue-collar,married,basic.6y,no,no,no,cellular,may,thu,126,2,999,0,nonexistent,-1.8,92.89299999999999,-46.2,1.327,5099.1,no
35,services,married,professional.course,no,yes,no,cellular,may,thu,188,2,999,0,nonexistent,-1.8,92.89299999999999,-46.2,1.327,5099.1,no
59,blue-collar,married,basic.4y,no,no,no,cellular,may,thu,190,2,999,1,failure,-1.8,92.89299999999999,-46.2,1.327,5099.1,no
33,blue-collar,married,basic.9y,no,yes,no,cellular,may,thu,580,2,999,0,nonexistent,-1.8,92.89299999999999,-46.2,1.327,5099.1,no
46,admin.,married,university.degree,no,no,no,cellular,may,thu,227,2,999,0,nonexistent,-1.8,92.89299999999999,-46.2,1.327,5099.1,no
59,blue-collar,married,basic.9y,no,no,no,cellular,may,thu,600,2,999,1,failure,-1.8,92.89299999999999,-46.2,1.327,5099.1,no
33,blue-collar,married,basic.9y,unknown,yes,no,cellular,may,thu,580,3,999,0,nonexistent,-1.8,92.89299999999999,-46.2,1.327,5099.1,no
40,admin.,married,basic.9y,no,yes,yes,cellular,may,thu,639,2,10,1,success,-1.8,92.89299999999999,-46.2,1.327,5099.1,no
31,admin.,married,university.degree,no,no,no,cellular,may,thu,245,3,999,0,nonexistent,-1.8,92.89299999999999,-46.2,1.327,5099.1,no
36,blue-collar,single,basic.4y,no,no,yes,cellular,may,thu,178,3,999,0,nonexistent,-1.8,92.89299999999999,-46.2,1.327,5099.1,no
44,blue-collar,married,basic.6y,no,no,no,cellular,may,thu,212,2,999,0,nonexistent,-1.8,92.89299999999999,-46.2,1.327,5099.1,no
34,technician,married,professional.course,no,unknown,unknown,cellular,may,thu,35,3,999,0,nonexistent,-1.8,92.89299999999999,-46.2,1.327,5099.1,no
33,admin.,divorced,university.degree,no,no,yes,cellular,may,thu,201,8,999,0,nonexistent,-1.8,92.89299999999999,-46.2,1.327,5099.1,no
37,services,married,basic.9y,no,yes,no,cellular,may,thu,158,3,999,0,nonexistent,-1.8,92.89299999999999,-46.2,1.327,5099.1,no
37,admin.,married,high.school,no,no,yes,cellular,may,thu,198,2,999,0,nonexistent,-1.8,92.89299999999999,-46.2,1.327,5099.1,no
35,blue-collar,single,basic.9y,no,no,no,cellular,may,thu,1806,2,999,0,nonexistent,-1.8,92.89299999999999,-46.2,1.327,5099.1,yes
48,blue-collar,married,professional.course,no,no,no,cellular,may,thu,146,2,999,2,failure,-1.8,92.89299999999999,-46.2,1.327,5099.1,no
54,admin.,married,high.school,no,no,no,cellular,may,thu,202,2,999,0,nonexistent,-1.8,92.89299999999999,-46.2,1.327,5099.1,no
44,blue-collar,married,basic.9y,no,no,no,cellular,may,thu,556,3,999,0,nonexistent,-1.8,92.89299999999999,-46.2,1.327,5099.1,no
39,technician,married,professional.course,no,no,no,cellular,may,thu,189,2,999,0,nonexistent,-1.8,92.89299999999999,-46.2,1.327,5099.1,no
37,services,married,high.school,no,no,no,cellular,may,thu,262,2,999,0,nonexistent,-1.8,92.89299999999999,-46.2,1.327,5099.1,no
28,admin.,single,high.school,unknown,no,no,cellular,may,thu,1391,2,999,0,nonexistent,-1.8,92.89299999999999,-46.2,1.327,5099.1,yes
30,services,single,high.school,no,no,no,cellular,may,thu,132,2,999,0,nonexistent,-1.8,92.89299999999999,-46.2,1.327,5099.1,no
39,blue-collar,married,basic.4y,no,no,no,cellular,may,thu,166,3,999,1,failure,-1.8,92.89299999999999,-46.2,1.327,5099.1,no
26,unemployed,married,basic.9y,no,yes,yes,cellular,may,thu,217,2,999,1,failure,-1.8,92.89299999999999,-46.2,1.327,5099.1,no
41,admin.,single,high.school,no,no,no,telephone,may,thu,202,2,999,1,failure,-1.8,92.89299999999999,-46.2,1.327,5099.1,no
42,admin.,divorced,high.school,no,yes,no,cellular,may,thu,350,2,999,0,nonexistent,-1.8,92.89299999999999,-46.2,1.327,5099.1,no
43,blue-collar,married,basic.9y,no,yes,no,cellular,may,thu,93,4,999,2,failure,-1.8,92.89299999999999,-46.2,1.327,5099.1,no
44,services,married,professional.course,unknown,yes,no,cellular,may,thu,428,2,999,1,failure,-1.8,92.89299999999999,-46.2,1.327,5099.1,no
36,student,single,basic.9y,unknown,yes,no,cellular,may,thu,246,2,999,0,nonexistent,-1.8,92.89299999999999,-46.2,1.327,5099.1,no
36,blue-collar,married,basic.9y,no,yes,no,cellular,may,thu,140,3,999,0,nonexistent,-1.8,92.89299999999999,-46.2,1.327,5099.1,no
32,admin.,single,professional.course,no,yes,no,cellular,may,thu,603,2,7,2,failure,-1.8,92.89299999999999,-46.2,1.327,5099.1,no
28,student,single,university.degree,unknown,yes,no,cellular,may,thu,191,2,999,0,nonexistent,-1.8,92.89299999999999,-46.2,1.327,5099.1,no
44,technician,divorced,professional.course,no,yes,no,cellular,may,thu,245,3,999,0,nonexistent,-1.8,92.89299999999999,-46.2,1.327,5099.1,no
39,services,married,high.school,no,yes,no,cellular,may,thu,739,2,999,1,failure,-1.8,92.89299999999999,-46.2,1.327,5099.1,no
35,blue-collar,married,basic.6y,no,yes,no,cellular,may,thu,429,2,999,1,failure,-1.8,92.89299999999999,-46.2,1.327,5099.1,no
46,management,married,university.degree,no,yes,no,cellular,may,thu,293,2,999,0,nonexistent,-1.8,92.89299999999999,-46.2,1.327,5099.1,no
41,blue-collar,married,basic.9y,no,yes,no,cellular,may,thu,434,3,999,1,failure,-1.8,92.89299999999999,-46.2,1.327,5099.1,no
46,services,married,high.school,unknown,no,no,telephone,may,thu,79,2,999,0,nonexistent,-1.8,92.89299999999999,-46.2,1.327,5099.1,no
40,services,married,high.school,unknown,no,no,cellular,may,thu,388,2,999,1,failure,-1.8,92.89299999999999,-46.2,1.327,5099.1,no
31,services,married,high.school,no,yes,no,cellular,may,thu,128,2,999,0,nonexistent,-1.8,92.89299999999999,-46.2,1.327,5099.1,no
34,services,single,high.school,no,yes,yes,cellular,may,thu,269,2,999,0,nonexistent,-1.8,92.89299999999999,-46.2,1.327,5099.1,no
33,services,married,high.school,no,yes,yes,cellular,may,thu,273,2,999,0,nonexistent,-1.8,92.89299999999999,-46.2,1.327,5099.1,no
48,blue-collar,married,professional.course,no,no,yes,cellular,may,thu,291,2,999,0,nonexistent,-1.8,92.89299999999999,-46.2,1.327,5099.1,no
36,blue-collar,married,unknown,no,no,no,cellular,may,thu,249,4,999,1,failure,-1.8,92.89299999999999,-46.2,1.327,5099.1,no
29,services,married,professional.course,no,yes,no,cellular,may,thu,109,2,999,0,nonexistent,-1.8,92.89299999999999,-46.2,1.327,5099.1,no
30,blue-collar,married,basic.4y,no,yes,no,cellular,may,thu,219,2,999,0,nonexistent,-1.8,92.89299999999999,-46.2,1.327,5099.1,no
35,blue-collar,married,basic.9y,unknown,yes,yes,cellular,may,thu,235,2,999,0,nonexistent,-1.8,92.89299999999999,-46.2,1.327,5099.1,no
31,unemployed,married,professional.course,no,yes,no,cellular,may,thu,700,1,999,0,nonexistent,-1.8,92.89299999999999,-46.2,1.327,5099.1,no
26,admin.,single,basic.9y,unknown,yes,yes,cellular,may,thu,161,2,999,0,nonexistent,-1.8,92.89299999999999,-46.2,1.327,5099.1,no
36,student,single,basic.9y,unknown,yes,yes,cellular,may,thu,432,3,999,0,nonexistent,-1.8,92.89299999999999,-46.2,1.327,5099.1,no
31,technician,married,professional.course,unknown,yes,no,cellular,may,thu,476,2,999,0,nonexistent,-1.8,92.89299999999999,-46.2,1.327,5099.1,no
44,blue-collar,divorced,basic.6y,unknown,no,no,cellular,may,thu,877,3,999,0,nonexistent,-1.8,92.89299999999999,-46.2,1.327,5099.1,yes
24,services,single,high.school,unknown,yes,no,cellular,may,thu,263,2,10,1,success,-1.8,92.89299999999999,-46.2,1.327,5099.1,no
36,blue-collar,married,unknown,no,no,no,cellular,may,thu,156,2,999,0,nonexistent,-1.8,92.89299999999999,-46.2,1.327,5099.1,no
46,blue-collar,married,basic.9y,no,no,no,cellular,may,thu,792,3,999,0,nonexistent,-1.8,92.89299999999999,-46.2,1.327,5099.1,yes
49,blue-collar,married,basic.9y,no,no,no,cellular,may,thu,589,2,999,0,nonexistent,-1.8,92.89299999999999,-46.2,1.327,5099.1,no
31,services,married,high.school,no,unknown,unknown,cellular,may,thu,215,2,999,1,failure,-1.8,92.89299999999999,-46.2,1.327,5099.1,no
46,management,married,university.degree,no,yes,yes,cellular,may,thu,84,3,999,1,failure,-1.8,92.89299999999999,-46.2,1.327,5099.1,no
38,technician,married,university.degree,no,yes,no,cellular,may,thu,174,3,999,1,failure,-1.8,92.89299999999999,-46.2,1.327,5099.1,no
47,admin.,single,basic.9y,no,no,no,cellular,may,thu,253,2,999,1,failure,-1.8,92.89299999999999,-46.2,1.327,5099.1,no
47,management,married,university.degree,no,yes,no,cellular,may,thu,127,6,999,0,nonexistent,-1.8,92.89299999999999,-46.2,1.327,5099.1,no
45,management,married,university.degree,no,yes,yes,cellular,may,thu,265,3,999,0,nonexistent,-1.8,92.89299999999999,-46.2,1.327,5099.1,no
36,management,married,university.degree,no,no,no,cellular,may,thu,272,4,999,0,nonexistent,-1.8,92.89299999999999,-46.2,1.327,5099.1,no
37,admin.,married,high.school,unknown,yes,no,cellular,may,thu,113,2,999,0,nonexistent,-1.8,92.89299999999999,-46.2,1.327,5099.1,no
41,self-employed,married,basic.9y,no,yes,no,cellular,may,thu,1135,3,999,1,failure,-1.8,92.89299999999999,-46.2,1.327,5099.1,yes
31,management,single,university.degree,no,yes,no,cellular,may,thu,239,2,999,0,nonexistent,-1.8,92.89299999999999,-46.2,1.327,5099.1,no
53,blue-collar,married,basic.9y,no,no,no,telephone,may,thu,376,2,999,1,failure,-1.8,92.89299999999999,-46.2,1.327,5099.1,no
49,blue-collar,married,basic.9y,no,no,no,cellular,may,thu,324,2,999,1,failure,-1.8,92.89299999999999,-46.2,1.327,5099.1,no
32,blue-collar,married,basic.9y,no,no,no,cellular,may,thu,228,4,999,0,nonexistent,-1.8,92.89299999999999,-46.2,1.327,5099.1,no
39,technician,married,professional.course,no,no,no,cellular,may,thu,20,8,999,0,nonexistent,-1.8,92.89299999999999,-46.2,1.327,5099.1,no
37,blue-collar,married,basic.6y,unknown,no,no,cellular,may,thu,635,2,999,0,nonexistent,-1.8,92.89299999999999,-46.2,1.327,5099.1,no
39,technician,married,professional.course,no,no,yes,cellular,may,thu,831,4,999,0,nonexistent,-1.8,92.89299999999999,-46.2,1.327,5099.1,no
34,services,single,high.school,no,yes,no,cellular,may,thu,541,3,999,1,failure,-1.8,92.89299999999999,-46.2,1.327,5099.1,no
46,blue-collar,unknown,unknown,no,no,no,cellular,may,thu,162,7,999,0,nonexistent,-1.8,92.89299999999999,-46.2,1.327,5099.1,no
43,admin.,divorced,high.school,no,yes,yes,cellular,may,thu,892,2,999,0,nonexistent,-1.8,92.89299999999999,-46.2,1.327,5099.1,no
39,admin.,married,basic.6y,no,yes,no,telephone,may,thu,123,3,999,0,nonexistent,-1.8,92.89299999999999,-46.2,1.327,5099.1,no
30,technician,single,university.degree,unknown,yes,no,cellular,may,thu,63,3,999,0,nonexistent,-1.8,92.89299999999999,-46.2,1.327,5099.1,no
46,blue-collar,married,basic.4y,unknown,yes,no,cellular,may,thu,882,2,999,0,nonexistent,-1.8,92.89299999999999,-46.2,1.327,5099.1,yes
30,blue-collar,married,basic.4y,no,yes,yes,cellular,may,thu,463,2,999,0,nonexistent,-1.8,92.89299999999999,-46.2,1.327,5099.1,no
51,self-employed,married,high.school,no,yes,no,cellular,may,thu,43,2,999,1,failure,-1.8,92.89299999999999,-46.2,1.327,5099.1,no
55,unemployed,divorced,university.degree,no,no,no,cellular,may,thu,190,2,999,0,nonexistent,-1.8,92.89299999999999,-46.2,1.327,5099.1,no
36,services,married,high.school,no,no,no,cellular,may,thu,62,2,999,1,failure,-1.8,92.89299999999999,-46.2,1.327,5099.1,no
36,blue-collar,married,basic.4y,unknown,yes,yes,cellular,may,thu,350,3,999,0,nonexistent,-1.8,92.89299999999999,-46.2,1.327,5099.1,no
26,blue-collar,married,basic.9y,unknown,no,no,cellular,may,thu,273,4,999,0,nonexistent,-1.8,92.89299999999999,-46.2,1.327,5099.1,no
46,blue-collar,single,basic.6y,unknown,yes,no,cellular,may,thu,304,3,999,0,nonexistent,-1.8,92.89299999999999,-46.2,1.327,5099.1,no
33,admin.,married,university.degree,no,no,no,cellular,may,thu,245,5,999,1,failure,-1.8,92.89299999999999,-46.2,1.327,5099.1,no
49,blue-collar,married,basic.9y,no,yes,no,cellular,may,thu,411,1,999,0,nonexistent,-1.8,92.89299999999999,-46.2,1.327,5099.1,no
26,services,single,high.school,no,yes,no,cellular,may,thu,177,2,999,0,nonexistent,-1.8,92.89299999999999,-46.2,1.327,5099.1,no
25,services,single,high.school,no,yes,no,cellular,may,thu,239,3,999,0,nonexistent,-1.8,92.89299999999999,-46.2,1.327,5099.1,no
35,technician,single,professional.course,no,yes,no,cellular,may,thu,100,1,999,0,nonexistent,-1.8,92.89299999999999,-46.2,1.327,5099.1,no
42,admin.,married,high.school,no,unknown,unknown,cellular,may,thu,878,3,999,1,failure,-1.8,92.89299999999999,-46.2,1.327,5099.1,yes
41,services,single,unknown,no,yes,no,cellular,may,thu,206,3,999,0,nonexistent,-1.8,92.89299999999999,-46.2,1.327,5099.1,no
35,blue-collar,married,unknown,no,yes,no,cellular,may,thu,1262,3,999,0,nonexistent,-1.8,92.89299999999999,-46.2,1.327,5099.1,yes
35,management,married,university.degree,no,no,no,cellular,may,thu,597,3,999,0,nonexistent,-1.8,92.89299999999999,-46.2,1.327,5099.1,yes
50,admin.,married,basic.9y,no,yes,no,telephone,may,thu,138,4,999,0,nonexistent,-1.8,92.89299999999999,-46.2,1.327,5099.1,no
50,blue-collar,married,basic.4y,unknown,no,no,cellular,may,thu,857,3,999,0,nonexistent,-1.8,92.89299999999999,-46.2,1.327,5099.1,no
45,admin.,divorced,basic.9y,unknown,no,no,cellular,may,thu,133,1,12,1,success,-1.8,92.89299999999999,-46.2,1.327,5099.1,no
29,services,married,professional.course,no,no,no,cellular,may,thu,1051,2,999,0,nonexistent,-1.8,92.89299999999999,-46.2,1.327,5099.1,no
36,technician,single,university.degree,no,no,no,cellular,may,thu,235,4,999,0,nonexistent,-1.8,92.89299999999999,-46.2,1.327,5099.1,no
36,admin.,single,high.school,no,no,no,cellular,may,thu,42,2,999,1,failure,-1.8,92.89299999999999,-46.2,1.327,5099.1,no
41,technician,single,university.degree,no,yes,no,cellular,may,thu,59,4,999,0,nonexistent,-1.8,92.89299999999999,-46.2,1.327,5099.1,no
56,blue-collar,married,basic.9y,no,no,no,cellular,may,thu,369,1,999,0,nonexistent,-1.8,92.89299999999999,-46.2,1.327,5099.1,no
31,blue-collar,married,basic.9y,no,no,no,cellular,may,thu,212,1,999,0,nonexistent,-1.8,92.89299999999999,-46.2,1.327,5099.1,no
36,blue-collar,married,unknown,no,no,no,telephone,may,thu,55,1,999,0,nonexistent,-1.8,92.89299999999999,-46.2,1.327,5099.1,no
36,blue-collar,married,basic.4y,no,yes,yes,cellular,may,thu,490,1,999,0,nonexistent,-1.8,92.89299999999999,-46.2,1.327,5099.1,no
36,blue-collar,married,basic.4y,no,no,no,cellular,may,thu,227,2,999,0,nonexistent,-1.8,92.89299999999999,-46.2,1.327,5099.1,no
48,services,married,high.school,no,no,no,cellular,may,thu,388,2,999,0,nonexistent,-1.8,92.89299999999999,-46.2,1.327,5099.1,no
45,technician,married,professional.course,no,yes,yes,cellular,may,thu,702,1,999,0,nonexistent,-1.8,92.89299999999999,-46.2,1.327,5099.1,no
43,blue-collar,married,basic.9y,no,no,no,cellular,may,thu,1297,2,999,0,nonexistent,-1.8,92.89299999999999,-46.2,1.327,5099.1,no
28,technician,married,university.degree,no,yes,no,cellular,may,thu,201,1,999,0,nonexistent,-1.8,92.89299999999999,-46.2,1.327,5099.1,no
39,blue-collar,married,basic.4y,no,no,no,cellular,may,thu,155,1,999,0,nonexistent,-1.8,92.89299999999999,-46.2,1.327,5099.1,no
30,blue-collar,married,basic.4y,no,no,no,cellular,may,thu,208,1,999,1,failure,-1.8,92.89299999999999,-46.2,1.327,5099.1,no
36,blue-collar,married,basic.9y,no,no,no,cellular,may,thu,189,3,999,0,nonexistent,-1.8,92.89299999999999,-46.2,1.327,5099.1,no
30,blue-collar,single,high.school,unknown,yes,no,cellular,may,thu,340,1,999,0,nonexistent,-1.8,92.89299999999999,-46.2,1.327,5099.1,no
44,blue-collar,married,basic.4y,unknown,yes,yes,cellular,may,thu,148,5,999,0,nonexistent,-1.8,92.89299999999999,-46.2,1.327,5099.1,no
58,technician,divorced,university.degree,no,no,no,cellular,may,thu,181,1,999,0,nonexistent,-1.8,92.89299999999999,-46.2,1.327,5099.1,no
41,blue-collar,married,unknown,no,no,yes,cellular,may,thu,373,2,999,1,failure,-1.8,92.89299999999999,-46.2,1.327,5099.1,no
57,retired,married,basic.6y,no,no,no,cellular,may,thu,873,1,999,1,failure,-1.8,92.89299999999999,-46.2,1.327,5099.1,no
41,technician,married,university.degree,no,yes,yes,cellular,may,fri,170,4,999,0,nonexistent,-1.8,92.89299999999999,-46.2,1.3130000000000002,5099.1,no
35,admin.,married,high.school,no,yes,no,cellular,may,fri,141,2,999,0,nonexistent,-1.8,92.89299999999999,-46.2,1.3130000000000002,5099.1,no
28,blue-collar,married,basic.9y,unknown,no,no,cellular,may,fri,182,2,999,1,failure,-1.8,92.89299999999999,-46.2,1.3130000000000002,5099.1,no
25,admin.,single,high.school,no,no,no,telephone,may,fri,128,8,999,0,nonexistent,-1.8,92.89299999999999,-46.2,1.3130000000000002,5099.1,no
31,management,divorced,university.degree,no,yes,no,cellular,may,fri,156,2,999,0,nonexistent,-1.8,92.89299999999999,-46.2,1.3130000000000002,5099.1,no
50,blue-collar,divorced,basic.9y,no,no,no,cellular,may,fri,262,3,999,0,nonexistent,-1.8,92.89299999999999,-46.2,1.3130000000000002,5099.1,no
33,blue-collar,single,basic.4y,no,no,yes,cellular,may,fri,328,2,999,1,failure,-1.8,92.89299999999999,-46.2,1.3130000000000002,5099.1,no
32,admin.,married,high.school,unknown,yes,no,telephone,may,fri,17,9,999,0,nonexistent,-1.8,92.89299999999999,-46.2,1.3130000000000002,5099.1,no
39,blue-collar,married,basic.9y,unknown,unknown,unknown,telephone,may,fri,143,4,999,0,nonexistent,-1.8,92.89299999999999,-46.2,1.3130000000000002,5099.1,no
39,technician,married,professional.course,unknown,yes,no,cellular,may,fri,608,2,999,0,nonexistent,-1.8,92.89299999999999,-46.2,1.3130000000000002,5099.1,no
39,admin.,single,university.degree,no,yes,no,cellular,may,fri,150,2,999,0,nonexistent,-1.8,92.89299999999999,-46.2,1.3130000000000002,5099.1,no
35,management,single,high.school,no,yes,yes,cellular,may,fri,130,2,999,0,nonexistent,-1.8,92.89299999999999,-46.2,1.3130000000000002,5099.1,no
31,admin.,single,university.degree,unknown,no,no,telephone,may,fri,145,1,999,0,nonexistent,-1.8,92.89299999999999,-46.2,1.3130000000000002,5099.1,no
38,admin.,single,unknown,no,yes,no,cellular,may,fri,191,1,999,0,nonexistent,-1.8,92.89299999999999,-46.2,1.3130000000000002,5099.1,no
34,management,single,university.degree,no,no,yes,cellular,may,fri,662,4,999,0,nonexistent,-1.8,92.89299999999999,-46.2,1.3130000000000002,5099.1,yes
38,services,married,high.school,no,yes,yes,cellular,may,fri,302,1,999,0,nonexistent,-1.8,92.89299999999999,-46.2,1.3130000000000002,5099.1,no
31,admin.,single,university.degree,unknown,yes,yes,cellular,may,fri,440,1,999,0,nonexistent,-1.8,92.89299999999999,-46.2,1.3130000000000002,5099.1,no
31,blue-collar,married,basic.6y,unknown,no,no,cellular,may,fri,41,1,999,1,failure,-1.8,92.89299999999999,-46.2,1.3130000000000002,5099.1,no
48,admin.,married,basic.9y,no,no,no,cellular,may,fri,253,3,999,0,nonexistent,-1.8,92.89299999999999,-46.2,1.3130000000000002,5099.1,no
49,admin.,divorced,university.degree,no,yes,no,cellular,may,fri,164,1,999,1,failure,-1.8,92.89299999999999,-46.2,1.3130000000000002,5099.1,no
32,blue-collar,married,basic.4y,no,yes,no,cellular,may,fri,906,5,999,0,nonexistent,-1.8,92.89299999999999,-46.2,1.3130000000000002,5099.1,no
44,admin.,married,high.school,no,no,no,cellular,may,fri,131,1,999,1,failure,-1.8,92.89299999999999,-46.2,1.3130000000000002,5099.1,no
44,admin.,married,high.school,no,no,no,cellular,may,fri,127,1,999,1,failure,-1.8,92.89299999999999,-46.2,1.3130000000000002,5099.1,no
34,admin.,married,university.degree,no,no,no,cellular,may,fri,104,1,999,1,failure,-1.8,92.89299999999999,-46.2,1.3130000000000002,5099.1,no
33,admin.,married,university.degree,no,yes,no,cellular,may,fri,317,2,999,0,nonexistent,-1.8,92.89299999999999,-46.2,1.3130000000000002,5099.1,no
34,admin.,married,high.school,unknown,no,no,cellular,may,fri,67,2,999,0,nonexistent,-1.8,92.89299999999999,-46.2,1.3130000000000002,5099.1,no
37,admin.,divorced,high.school,no,no,no,cellular,may,fri,11,8,999,1,failure,-1.8,92.89299999999999,-46.2,1.3130000000000002,5099.1,no
35,admin.,married,high.school,no,yes,yes,cellular,may,fri,165,1,999,0,nonexistent,-1.8,92.89299999999999,-46.2,1.3130000000000002,5099.1,no
25,admin.,single,high.school,no,yes,yes,cellular,may,fri,795,6,999,1,failure,-1.8,92.89299999999999,-46.2,1.3130000000000002,5099.1,no
31,services,single,high.school,no,no,no,cellular,may,fri,98,2,999,0,nonexistent,-1.8,92.89299999999999,-46.2,1.3130000000000002,5099.1,no
33,services,married,high.school,no,yes,no,cellular,may,fri,729,1,999,0,nonexistent,-1.8,92.89299999999999,-46.2,1.3130000000000002,5099.1,yes
27,blue-collar,single,high.school,no,no,no,cellular,may,fri,80,4,999,0,nonexistent,-1.8,92.89299999999999,-46.2,1.3130000000000002,5099.1,no
39,blue-collar,married,basic.6y,no,no,no,cellular,may,fri,138,1,999,0,nonexistent,-1.8,92.89299999999999,-46.2,1.3130000000000002,5099.1,no
36,admin.,married,basic.9y,no,yes,yes,cellular,may,fri,85,1,999,0,nonexistent,-1.8,92.89299999999999,-46.2,1.3130000000000002,5099.1,no
38,blue-collar,single,basic.6y,unknown,no,no,cellular,may,fri,39,1,999,0,nonexistent,-1.8,92.89299999999999,-46.2,1.3130000000000002,5099.1,no
36,admin.,married,basic.9y,no,no,no,cellular,may,fri,159,1,999,1,failure,-1.8,92.89299999999999,-46.2,1.3130000000000002,5099.1,no
39,blue-collar,married,basic.6y,no,yes,yes,cellular,may,fri,298,1,999,0,nonexistent,-1.8,92.89299999999999,-46.2,1.3130000000000002,5099.1,no
41,admin.,single,high.school,no,yes,no,cellular,may,fri,57,1,999,1,failure,-1.8,92.89299999999999,-46.2,1.3130000000000002,5099.1,no
32,services,married,high.school,no,yes,no,cellular,may,fri,76,1,999,0,nonexistent,-1.8,92.89299999999999,-46.2,1.3130000000000002,5099.1,no
38,blue-collar,single,basic.9y,unknown,yes,no,cellular,may,fri,56,1,999,0,nonexistent,-1.8,92.89299999999999,-46.2,1.3130000000000002,5099.1,no
56,management,divorced,university.degree,no,no,no,cellular,may,fri,166,1,999,0,nonexistent,-1.8,92.89299999999999,-46.2,1.3130000000000002,5099.1,no
30,technician,single,professional.course,no,yes,no,cellular,may,fri,68,1,999,1,failure,-1.8,92.89299999999999,-46.2,1.3130000000000002,5099.1,no
33,services,married,high.school,no,yes,no,cellular,may,fri,88,1,999,0,nonexistent,-1.8,92.89299999999999,-46.2,1.3130000000000002,5099.1,no
45,technician,married,basic.9y,no,no,yes,cellular,may,fri,1077,1,999,0,nonexistent,-1.8,92.89299999999999,-46.2,1.3130000000000002,5099.1,yes
32,technician,divorced,professional.course,no,no,yes,cellular,may,fri,168,1,999,0,nonexistent,-1.8,92.89299999999999,-46.2,1.3130000000000002,5099.1,no
30,technician,single,professional.course,no,no,no,cellular,may,fri,440,1,999,0,nonexistent,-1.8,92.89299999999999,-46.2,1.3130000000000002,5099.1,no
28,student,single,university.degree,no,no,no,cellular,may,fri,81,1,999,1,failure,-1.8,92.89299999999999,-46.2,1.3130000000000002,5099.1,no
28,student,single,university.degree,no,yes,no,cellular,may,fri,126,1,999,0,nonexistent,-1.8,92.89299999999999,-46.2,1.3130000000000002,5099.1,no
60,management,married,basic.4y,unknown,no,no,cellular,may,fri,65,2,999,0,nonexistent,-1.8,92.89299999999999,-46.2,1.3130000000000002,5099.1,no
41,services,divorced,high.school,no,yes,no,cellular,may,fri,380,4,999,1,failure,-1.8,92.89299999999999,-46.2,1.3130000000000002,5099.1,no
36,services,married,high.school,unknown,no,no,cellular,may,fri,114,1,999,0,nonexistent,-1.8,92.89299999999999,-46.2,1.3130000000000002,5099.1,no
37,blue-collar,married,high.school,unknown,yes,no,cellular,may,fri,181,3,999,0,nonexistent,-1.8,92.89299999999999,-46.2,1.3130000000000002,5099.1,no
32,blue-collar,married,basic.9y,no,yes,yes,cellular,may,fri,157,1,999,0,nonexistent,-1.8,92.89299999999999,-46.2,1.3130000000000002,5099.1,no
38,blue-collar,single,basic.6y,unknown,yes,no,cellular,may,fri,1022,1,999,1,failure,-1.8,92.89299999999999,-46.2,1.3130000000000002,5099.1,no
42,admin.,married,high.school,no,yes,no,cellular,may,fri,106,1,999,1,failure,-1.8,92.89299999999999,-46.2,1.3130000000000002,5099.1,no
39,technician,single,professional.course,unknown,yes,no,cellular,may,fri,264,1,999,0,nonexistent,-1.8,92.89299999999999,-46.2,1.3130000000000002,5099.1,no
45,technician,divorced,university.degree,unknown,yes,no,cellular,may,fri,84,1,999,1,failure,-1.8,92.89299999999999,-46.2,1.3130000000000002,5099.1,no
37,blue-collar,single,basic.9y,no,yes,no,cellular,may,fri,72,1,999,1,failure,-1.8,92.89299999999999,-46.2,1.3130000000000002,5099.1,no
31,admin.,married,high.school,no,yes,no,cellular,may,fri,364,5,999,0,nonexistent,-1.8,92.89299999999999,-46.2,1.3130000000000002,5099.1,no
36,services,single,high.school,no,no,no,cellular,may,fri,7,5,999,0,nonexistent,-1.8,92.89299999999999,-46.2,1.3130000000000002,5099.1,no
33,blue-collar,married,high.school,no,yes,no,cellular,may,fri,26,1,999,0,nonexistent,-1.8,92.89299999999999,-46.2,1.3130000000000002,5099.1,no
31,admin.,single,university.degree,unknown,yes,no,cellular,may,fri,266,3,999,0,nonexistent,-1.8,92.89299999999999,-46.2,1.3130000000000002,5099.1,no
37,blue-collar,married,basic.4y,unknown,no,no,cellular,may,fri,206,1,999,0,nonexistent,-1.8,92.89299999999999,-46.2,1.3130000000000002,5099.1,no
34,blue-collar,married,basic.9y,no,yes,yes,cellular,may,fri,197,1,999,0,nonexistent,-1.8,92.89299999999999,-46.2,1.3130000000000002,5099.1,no
33,blue-collar,married,high.school,no,yes,no,cellular,may,fri,103,1,999,0,nonexistent,-1.8,92.89299999999999,-46.2,1.3130000000000002,5099.1,no
34,blue-collar,married,basic.9y,no,yes,yes,cellular,may,fri,328,1,999,0,nonexistent,-1.8,92.89299999999999,-46.2,1.3130000000000002,5099.1,no
36,technician,married,university.degree,no,yes,no,cellular,may,fri,285,1,999,1,failure,-1.8,92.89299999999999,-46.2,1.3130000000000002,5099.1,no
35,blue-collar,married,basic.9y,no,yes,no,cellular,may,fri,63,1,999,1,failure,-1.8,92.89299999999999,-46.2,1.3130000000000002,5099.1,no
37,technician,married,professional.course,no,yes,yes,cellular,may,fri,132,1,999,0,nonexistent,-1.8,92.89299999999999,-46.2,1.3130000000000002,5099.1,no
35,blue-collar,married,basic.9y,no,no,no,cellular,may,fri,211,1,999,1,failure,-1.8,92.89299999999999,-46.2,1.3130000000000002,5099.1,no
39,management,married,university.degree,no,yes,no,cellular,may,fri,53,1,999,0,nonexistent,-1.8,92.89299999999999,-46.2,1.3130000000000002,5099.1,no
34,blue-collar,married,basic.9y,no,no,yes,cellular,may,fri,763,1,999,0,nonexistent,-1.8,92.89299999999999,-46.2,1.3130000000000002,5099.1,yes
35,services,single,high.school,no,yes,yes,cellular,may,fri,94,1,999,0,nonexistent,-1.8,92.89299999999999,-46.2,1.3130000000000002,5099.1,no
38,admin.,married,high.school,no,yes,no,cellular,may,fri,213,5,999,0,nonexistent,-1.8,92.89299999999999,-46.2,1.3130000000000002,5099.1,no
37,blue-collar,married,high.school,no,yes,no,cellular,may,fri,475,3,999,0,nonexistent,-1.8,92.89299999999999,-46.2,1.3130000000000002,5099.1,no
32,housemaid,married,basic.4y,no,yes,no,cellular,may,fri,240,1,999,0,nonexistent,-1.8,92.89299999999999,-46.2,1.3130000000000002,5099.1,no
35,services,single,high.school,no,no,no,cellular,may,fri,198,1,999,0,nonexistent,-1.8,92.89299999999999,-46.2,1.3130000000000002,5099.1,no
32,housemaid,married,basic.4y,no,yes,yes,cellular,may,fri,340,1,999,0,nonexistent,-1.8,92.89299999999999,-46.2,1.3130000000000002,5099.1,no
39,blue-collar,divorced,basic.9y,no,yes,no,cellular,may,fri,247,1,999,0,nonexistent,-1.8,92.89299999999999,-46.2,1.3130000000000002,5099.1,no
36,blue-collar,married,high.school,no,yes,no,cellular,may,fri,154,1,999,0,nonexistent,-1.8,92.89299999999999,-46.2,1.3130000000000002,5099.1,no
31,blue-collar,married,basic.9y,no,yes,no,cellular,may,fri,122,1,999,1,failure,-1.8,92.89299999999999,-46.2,1.3130000000000002,5099.1,no
36,blue-collar,married,high.school,no,yes,no,cellular,may,fri,232,1,999,1,failure,-1.8,92.89299999999999,-46.2,1.3130000000000002,5099.1,no
37,blue-collar,married,basic.9y,no,no,no,cellular,may,fri,65,2,999,1,failure,-1.8,92.89299999999999,-46.2,1.3130000000000002,5099.1,no
37,self-employed,married,university.degree,no,yes,no,cellular,may,fri,279,1,999,0,nonexistent,-1.8,92.89299999999999,-46.2,1.3130000000000002,5099.1,no
33,services,single,high.school,no,yes,no,cellular,may,fri,557,1,999,1,failure,-1.8,92.89299999999999,-46.2,1.3130000000000002,5099.1,no
37,entrepreneur,married,basic.9y,no,yes,no,telephone,may,fri,63,1,999,0,nonexistent,-1.8,92.89299999999999,-46.2,1.3130000000000002,5099.1,no
31,services,single,high.school,unknown,no,no,cellular,may,fri,77,2,999,0,nonexistent,-1.8,92.89299999999999,-46.2,1.3130000000000002,5099.1,no
37,self-employed,married,university.degree,no,no,no,cellular,may,fri,395,1,999,1,failure,-1.8,92.89299999999999,-46.2,1.3130000000000002,5099.1,no
46,admin.,divorced,basic.9y,no,yes,no,cellular,may,fri,275,1,999,1,failure,-1.8,92.89299999999999,-46.2,1.3130000000000002,5099.1,no
37,admin.,single,university.degree,no,yes,yes,cellular,may,fri,171,1,999,0,nonexistent,-1.8,92.89299999999999,-46.2,1.3130000000000002,5099.1,no
34,entrepreneur,married,university.degree,no,no,no,cellular,may,fri,17,5,999,0,nonexistent,-1.8,92.89299999999999,-46.2,1.3130000000000002,5099.1,no
40,blue-collar,married,unknown,unknown,no,no,cellular,may,fri,265,1,999,1,failure,-1.8,92.89299999999999,-46.2,1.3130000000000002,5099.1,no
39,blue-collar,married,basic.6y,unknown,no,no,cellular,may,fri,40,2,999,0,nonexistent,-1.8,92.89299999999999,-46.2,1.3130000000000002,5099.1,no
57,retired,single,university.degree,no,no,no,cellular,may,fri,208,1,999,0,nonexistent,-1.8,92.89299999999999,-46.2,1.3130000000000002,5099.1,no
42,management,divorced,high.school,no,yes,no,cellular,may,fri,163,1,999,1,failure,-1.8,92.89299999999999,-46.2,1.3130000000000002,5099.1,no
38,admin.,married,high.school,no,no,no,cellular,may,fri,240,1,999,0,nonexistent,-1.8,92.89299999999999,-46.2,1.3130000000000002,5099.1,no
58,blue-collar,married,basic.9y,no,no,no,cellular,may,fri,74,2,999,1,failure,-1.8,92.89299999999999,-46.2,1.3130000000000002,5099.1,no
49,blue-collar,single,unknown,unknown,yes,no,cellular,may,fri,49,1,999,1,failure,-1.8,92.89299999999999,-46.2,1.3130000000000002,5099.1,no
33,technician,single,professional.course,no,yes,no,cellular,may,fri,70,1,999,0,nonexistent,-1.8,92.89299999999999,-46.2,1.3130000000000002,5099.1,no
34,blue-collar,married,university.degree,no,no,yes,cellular,may,fri,208,4,999,0,nonexistent,-1.8,92.89299999999999,-46.2,1.3130000000000002,5099.1,no
41,services,single,high.school,no,no,no,cellular,may,fri,103,1,999,1,failure,-1.8,92.89299999999999,-46.2,1.3130000000000002,5099.1,no
31,self-employed,single,university.degree,no,no,no,cellular,may,fri,302,1,999,1,failure,-1.8,92.89299999999999,-46.2,1.3130000000000002,5099.1,no
50,blue-collar,married,basic.6y,unknown,no,no,cellular,may,fri,103,6,999,0,nonexistent,-1.8,92.89299999999999,-46.2,1.3130000000000002,5099.1,no
38,blue-collar,married,basic.9y,no,yes,no,cellular,may,fri,75,1,999,0,nonexistent,-1.8,92.89299999999999,-46.2,1.3130000000000002,5099.1,no
41,services,married,high.school,no,yes,no,cellular,may,fri,97,1,999,1,failure,-1.8,92.89299999999999,-46.2,1.3130000000000002,5099.1,no
29,technician,divorced,professional.course,unknown,yes,no,cellular,may,fri,14,5,999,1,failure,-1.8,92.89299999999999,-46.2,1.3130000000000002,5099.1,no
25,admin.,single,high.school,no,yes,yes,cellular,may,fri,137,4,999,0,nonexistent,-1.8,92.89299999999999,-46.2,1.3130000000000002,5099.1,no
42,entrepreneur,married,basic.6y,no,yes,yes,cellular,may,fri,158,3,999,1,failure,-1.8,92.89299999999999,-46.2,1.3130000000000002,5099.1,no
47,services,single,basic.6y,unknown,no,yes,cellular,may,fri,307,1,999,0,nonexistent,-1.8,92.89299999999999,-46.2,1.3130000000000002,5099.1,no
31,self-employed,married,university.degree,no,no,no,cellular,may,fri,182,1,999,0,nonexistent,-1.8,92.89299999999999,-46.2,1.3130000000000002,5099.1,no
38,admin.,married,high.school,no,yes,no,cellular,may,fri,1281,1,999,0,nonexistent,-1.8,92.89299999999999,-46.2,1.3130000000000002,5099.1,no
24,blue-collar,single,basic.4y,no,yes,no,cellular,may,fri,389,1,999,0,nonexistent,-1.8,92.89299999999999,-46.2,1.3130000000000002,5099.1,no
33,technician,married,professional.course,no,no,no,cellular,may,fri,290,1,999,0,nonexistent,-1.8,92.89299999999999,-46.2,1.3130000000000002,5099.1,no
32,technician,married,professional.course,no,yes,yes,cellular,may,fri,134,1,999,1,failure,-1.8,92.89299999999999,-46.2,1.3130000000000002,5099.1,no
35,blue-collar,married,basic.9y,unknown,yes,yes,cellular,may,fri,153,1,999,1,failure,-1.8,92.89299999999999,-46.2,1.3130000000000002,5099.1,no
36,entrepreneur,married,university.degree,no,yes,no,telephone,may,fri,139,1,999,0,nonexistent,-1.8,92.89299999999999,-46.2,1.3130000000000002,5099.1,no
31,services,single,high.school,unknown,no,no,cellular,may,fri,182,2,999,2,failure,-1.8,92.89299999999999,-46.2,1.3130000000000002,5099.1,no
31,self-employed,married,university.degree,no,no,no,cellular,may,fri,704,1,999,1,failure,-1.8,92.89299999999999,-46.2,1.3130000000000002,5099.1,yes
33,technician,married,professional.course,no,yes,yes,cellular,may,fri,500,1,999,0,nonexistent,-1.8,92.89299999999999,-46.2,1.3130000000000002,5099.1,no
37,self-employed,single,university.degree,no,no,yes,cellular,may,fri,101,1,999,0,nonexistent,-1.8,92.89299999999999,-46.2,1.3130000000000002,5099.1,no
55,entrepreneur,divorced,university.degree,unknown,no,no,cellular,may,fri,56,1,999,1,failure,-1.8,92.89299999999999,-46.2,1.3130000000000002,5099.1,no
25,blue-collar,single,basic.9y,no,no,no,cellular,may,fri,299,3,999,0,nonexistent,-1.8,92.89299999999999,-46.2,1.3130000000000002,5099.1,no
38,admin.,married,high.school,no,yes,no,cellular,may,fri,6,5,999,1,failure,-1.8,92.89299999999999,-46.2,1.3130000000000002,5099.1,no
34,admin.,married,university.degree,no,yes,no,cellular,may,fri,159,1,999,1,failure,-1.8,92.89299999999999,-46.2,1.3130000000000002,5099.1,no
44,services,single,high.school,no,no,no,cellular,may,fri,318,1,999,1,failure,-1.8,92.89299999999999,-46.2,1.3130000000000002,5099.1,no
37,self-employed,single,university.degree,no,no,no,cellular,may,fri,263,1,999,0,nonexistent,-1.8,92.89299999999999,-46.2,1.3130000000000002,5099.1,no
33,blue-collar,single,basic.6y,no,unknown,unknown,telephone,may,fri,833,1,999,0,nonexistent,-1.8,92.89299999999999,-46.2,1.3130000000000002,5099.1,yes
53,admin.,married,high.school,no,yes,no,cellular,may,fri,291,1,999,0,nonexistent,-1.8,92.89299999999999,-46.2,1.3130000000000002,5099.1,no
32,student,single,university.degree,no,no,no,cellular,may,fri,209,1,999,0,nonexistent,-1.8,92.89299999999999,-46.2,1.3130000000000002,5099.1,no
49,blue-collar,married,basic.4y,no,yes,no,cellular,may,fri,86,1,999,1,failure,-1.8,92.89299999999999,-46.2,1.3130000000000002,5099.1,no
34,admin.,single,high.school,no,yes,no,cellular,may,fri,80,1,999,1,failure,-1.8,92.89299999999999,-46.2,1.3130000000000002,5099.1,no
33,blue-collar,married,basic.9y,no,no,no,cellular,may,fri,52,1,999,1,failure,-1.8,92.89299999999999,-46.2,1.3130000000000002,5099.1,no
39,technician,married,professional.course,no,yes,no,cellular,may,fri,346,1,999,1,failure,-1.8,92.89299999999999,-46.2,1.3130000000000002,5099.1,no
35,blue-collar,married,basic.6y,unknown,no,no,cellular,may,fri,813,1,999,0,nonexistent,-1.8,92.89299999999999,-46.2,1.3130000000000002,5099.1,yes
44,management,divorced,university.degree,no,unknown,unknown,cellular,may,fri,47,5,999,0,nonexistent,-1.8,92.89299999999999,-46.2,1.3130000000000002,5099.1,no
42,technician,married,professional.course,no,no,no,cellular,may,fri,1014,2,999,0,nonexistent,-1.8,92.89299999999999,-46.2,1.3130000000000002,5099.1,no
36,blue-collar,married,basic.4y,unknown,no,no,cellular,may,fri,612,1,999,0,nonexistent,-1.8,92.89299999999999,-46.2,1.3130000000000002,5099.1,no
33,admin.,single,university.degree,no,unknown,unknown,cellular,may,fri,498,1,999,1,failure,-1.8,92.89299999999999,-46.2,1.3130000000000002,5099.1,no
36,blue-collar,married,basic.9y,no,yes,no,cellular,may,fri,232,1,999,0,nonexistent,-1.8,92.89299999999999,-46.2,1.3130000000000002,5099.1,no
51,management,married,university.degree,no,no,no,cellular,may,fri,203,2,999,0,nonexistent,-1.8,92.89299999999999,-46.2,1.3130000000000002,5099.1,no
31,management,single,university.degree,no,yes,no,cellular,may,fri,268,1,999,0,nonexistent,-1.8,92.89299999999999,-46.2,1.3130000000000002,5099.1,no
33,management,married,university.degree,no,no,no,cellular,may,fri,364,1,999,1,failure,-1.8,92.89299999999999,-46.2,1.3130000000000002,5099.1,no
32,technician,single,university.degree,no,unknown,unknown,cellular,may,fri,31,1,999,0,nonexistent,-1.8,92.89299999999999,-46.2,1.3130000000000002,5099.1,no
45,technician,single,university.degree,no,no,no,cellular,may,fri,561,1,999,0,nonexistent,-1.8,92.89299999999999,-46.2,1.3130000000000002,5099.1,no
39,admin.,divorced,university.degree,no,no,no,telephone,may,fri,44,1,999,0,nonexistent,-1.8,92.89299999999999,-46.2,1.3130000000000002,5099.1,no
36,blue-collar,married,basic.9y,no,no,yes,cellular,may,fri,49,1,999,0,nonexistent,-1.8,92.89299999999999,-46.2,1.3130000000000002,5099.1,no
55,blue-collar,divorced,basic.4y,no,no,no,cellular,may,fri,278,1,999,0,nonexistent,-1.8,92.89299999999999,-46.2,1.3130000000000002,5099.1,no
45,technician,single,university.degree,no,no,no,cellular,may,fri,763,1,999,0,nonexistent,-1.8,92.89299999999999,-46.2,1.3130000000000002,5099.1,no
56,blue-collar,married,basic.9y,no,no,no,cellular,may,fri,50,1,999,1,failure,-1.8,92.89299999999999,-46.2,1.3130000000000002,5099.1,no
32,admin.,married,university.degree,no,no,no,cellular,may,fri,402,1,999,2,failure,-1.8,92.89299999999999,-46.2,1.3130000000000002,5099.1,no
35,blue-collar,married,basic.9y,no,no,no,cellular,may,fri,349,1,999,0,nonexistent,-1.8,92.89299999999999,-46.2,1.3130000000000002,5099.1,no
32,technician,married,high.school,no,no,no,cellular,may,fri,134,1,999,1,failure,-1.8,92.89299999999999,-46.2,1.3130000000000002,5099.1,no
28,services,married,high.school,no,no,yes,cellular,may,fri,343,1,999,1,failure,-1.8,92.89299999999999,-46.2,1.3130000000000002,5099.1,no
31,blue-collar,married,basic.6y,unknown,yes,no,cellular,may,fri,191,1,999,0,nonexistent,-1.8,92.89299999999999,-46.2,1.3130000000000002,5099.1,no
41,admin.,married,university.degree,unknown,yes,no,cellular,may,fri,114,2,999,0,nonexistent,-1.8,92.89299999999999,-46.2,1.3130000000000002,5099.1,no
29,blue-collar,married,basic.9y,no,no,no,cellular,may,fri,111,4,999,0,nonexistent,-1.8,92.89299999999999,-46.2,1.3130000000000002,5099.1,no
33,admin.,single,high.school,no,no,yes,cellular,may,fri,93,1,999,0,nonexistent,-1.8,92.89299999999999,-46.2,1.3130000000000002,5099.1,no
42,admin.,single,high.school,no,yes,no,cellular,may,fri,92,1,999,1,failure,-1.8,92.89299999999999,-46.2,1.3130000000000002,5099.1,no
35,blue-collar,married,basic.6y,unknown,no,no,cellular,may,fri,43,1,999,0,nonexistent,-1.8,92.89299999999999,-46.2,1.3130000000000002,5099.1,no
37,blue-collar,married,basic.9y,no,no,no,telephone,may,fri,301,1,999,0,nonexistent,-1.8,92.89299999999999,-46.2,1.3130000000000002,5099.1,no
41,blue-collar,divorced,basic.9y,no,yes,no,cellular,may,fri,88,1,999,1,failure,-1.8,92.89299999999999,-46.2,1.3130000000000002,5099.1,no
47,blue-collar,single,basic.4y,no,yes,no,cellular,may,fri,87,2,999,1,failure,-1.8,92.89299999999999,-46.2,1.3130000000000002,5099.1,no
28,student,single,university.degree,no,yes,yes,cellular,may,fri,108,2,999,0,nonexistent,-1.8,92.89299999999999,-46.2,1.3130000000000002,5099.1,no
46,blue-collar,married,basic.4y,unknown,no,no,cellular,may,fri,577,1,999,0,nonexistent,-1.8,92.89299999999999,-46.2,1.3130000000000002,5099.1,no
46,admin.,married,basic.9y,unknown,no,no,cellular,may,fri,175,2,999,1,failure,-1.8,92.89299999999999,-46.2,1.3130000000000002,5099.1,no
33,admin.,married,high.school,no,no,no,telephone,may,fri,396,2,999,0,nonexistent,-1.8,92.89299999999999,-46.2,1.3130000000000002,5099.1,no
49,blue-collar,married,basic.9y,no,yes,no,cellular,may,fri,86,1,999,1,failure,-1.8,92.89299999999999,-46.2,1.3130000000000002,5099.1,no
38,blue-collar,single,unknown,unknown,no,no,cellular,may,fri,936,1,999,0,nonexistent,-1.8,92.89299999999999,-46.2,1.3130000000000002,5099.1,no
33,blue-collar,single,basic.4y,no,yes,no,cellular,may,fri,39,3,999,0,nonexistent,-1.8,92.89299999999999,-46.2,1.3130000000000002,5099.1,no
25,admin.,single,university.degree,no,yes,no,cellular,may,fri,80,2,999,0,nonexistent,-1.8,92.89299999999999,-46.2,1.3130000000000002,5099.1,no
57,services,divorced,unknown,no,no,no,cellular,may,fri,144,4,999,0,nonexistent,-1.8,92.89299999999999,-46.2,1.3130000000000002,5099.1,no
34,admin.,married,high.school,unknown,yes,no,cellular,may,fri,310,2,999,2,failure,-1.8,92.89299999999999,-46.2,1.3130000000000002,5099.1,no
38,management,married,university.degree,no,no,no,cellular,may,fri,525,1,999,0,nonexistent,-1.8,92.89299999999999,-46.2,1.3130000000000002,5099.1,no
45,services,single,high.school,no,yes,no,cellular,may,fri,127,2,999,0,nonexistent,-1.8,92.89299999999999,-46.2,1.3130000000000002,5099.1,no
36,services,single,basic.9y,no,yes,no,cellular,may,fri,501,2,999,0,nonexistent,-1.8,92.89299999999999,-46.2,1.3130000000000002,5099.1,yes
37,admin.,single,university.degree,no,yes,no,cellular,may,fri,105,1,999,1,failure,-1.8,92.89299999999999,-46.2,1.3130000000000002,5099.1,no
35,blue-collar,married,basic.9y,unknown,no,no,cellular,may,fri,414,2,999,1,failure,-1.8,92.89299999999999,-46.2,1.3130000000000002,5099.1,no
35,blue-collar,married,basic.9y,no,no,no,cellular,may,fri,318,2,11,1,success,-1.8,92.89299999999999,-46.2,1.3130000000000002,5099.1,no
45,technician,single,university.degree,no,no,no,cellular,may,fri,445,2,999,1,failure,-1.8,92.89299999999999,-46.2,1.3130000000000002,5099.1,no
32,admin.,married,university.degree,no,yes,no,cellular,may,fri,374,2,999,0,nonexistent,-1.8,92.89299999999999,-46.2,1.3130000000000002,5099.1,no
38,management,married,university.degree,no,yes,no,cellular,may,fri,1276,1,999,0,nonexistent,-1.8,92.89299999999999,-46.2,1.3130000000000002,5099.1,yes
34,technician,married,university.degree,no,no,no,cellular,may,fri,51,1,999,0,nonexistent,-1.8,92.89299999999999,-46.2,1.3130000000000002,5099.1,no
40,services,married,basic.4y,unknown,no,no,cellular,may,fri,139,1,999,0,nonexistent,-1.8,92.89299999999999,-46.2,1.3130000000000002,5099.1,no
40,services,married,basic.4y,unknown,yes,no,cellular,may,fri,237,1,999,0,nonexistent,-1.8,92.89299999999999,-46.2,1.3130000000000002,5099.1,no
23,student,single,basic.9y,no,no,no,cellular,may,fri,145,2,999,1,failure,-1.8,92.89299999999999,-46.2,1.3130000000000002,5099.1,no
38,blue-collar,single,high.school,no,no,no,cellular,may,fri,136,2,999,0,nonexistent,-1.8,92.89299999999999,-46.2,1.3130000000000002,5099.1,no
40,services,married,basic.4y,unknown,no,no,cellular,may,fri,308,1,999,1,failure,-1.8,92.89299999999999,-46.2,1.3130000000000002,5099.1,no
35,self-employed,single,university.degree,no,no,no,cellular,may,fri,1243,2,999,0,nonexistent,-1.8,92.89299999999999,-46.2,1.3130000000000002,5099.1,no
40,management,single,university.degree,no,yes,no,cellular,may,fri,52,1,999,0,nonexistent,-1.8,92.89299999999999,-46.2,1.3130000000000002,5099.1,no
40,blue-collar,married,basic.4y,no,no,no,cellular,may,fri,77,1,999,0,nonexistent,-1.8,92.89299999999999,-46.2,1.3130000000000002,5099.1,no
40,management,single,university.degree,no,no,yes,cellular,may,fri,217,1,999,1,failure,-1.8,92.89299999999999,-46.2,1.3130000000000002,5099.1,no
31,blue-collar,single,high.school,no,yes,no,cellular,may,fri,197,1,999,1,failure,-1.8,92.89299999999999,-46.2,1.3130000000000002,5099.1,no
35,services,married,high.school,no,unknown,unknown,cellular,may,fri,55,1,999,0,nonexistent,-1.8,92.89299999999999,-46.2,1.3130000000000002,5099.1,no
35,admin.,single,high.school,no,unknown,unknown,cellular,may,fri,579,2,10,1,success,-1.8,92.89299999999999,-46.2,1.3130000000000002,5099.1,yes
58,management,single,university.degree,no,no,no,cellular,may,fri,90,1,999,0,nonexistent,-1.8,92.89299999999999,-46.2,1.3130000000000002,5099.1,no
58,management,single,university.degree,no,no,yes,cellular,may,fri,131,1,999,0,nonexistent,-1.8,92.89299999999999,-46.2,1.3130000000000002,5099.1,no
36,admin.,married,university.degree,no,yes,no,cellular,may,fri,70,1,999,0,nonexistent,-1.8,92.89299999999999,-46.2,1.3130000000000002,5099.1,no
30,services,married,high.school,no,yes,no,cellular,may,fri,424,1,999,0,nonexistent,-1.8,92.89299999999999,-46.2,1.3130000000000002,5099.1,no
32,blue-collar,single,basic.9y,no,no,no,cellular,may,fri,120,2,999,0,nonexistent,-1.8,92.89299999999999,-46.2,1.3130000000000002,5099.1,no
28,blue-collar,married,basic.9y,no,yes,no,cellular,may,fri,326,1,11,1,success,-1.8,92.89299999999999,-46.2,1.3130000000000002,5099.1,no
40,blue-collar,married,basic.6y,unknown,yes,no,cellular,may,fri,1080,1,999,0,nonexistent,-1.8,92.89299999999999,-46.2,1.3130000000000002,5099.1,yes
34,admin.,single,university.degree,no,no,yes,cellular,may,fri,398,2,999,0,nonexistent,-1.8,92.89299999999999,-46.2,1.3130000000000002,5099.1,no
28,blue-collar,married,basic.9y,no,no,yes,cellular,may,fri,157,4,999,0,nonexistent,-1.8,92.89299999999999,-46.2,1.3130000000000002,5099.1,no
24,technician,single,basic.9y,no,no,no,cellular,may,fri,87,3,999,0,nonexistent,-1.8,92.89299999999999,-46.2,1.3130000000000002,5099.1,no
43,services,divorced,professional.course,no,no,no,cellular,may,fri,196,2,999,0,nonexistent,-1.8,92.89299999999999,-46.2,1.3130000000000002,5099.1,no
31,blue-collar,married,basic.6y,no,yes,no,cellular,may,fri,164,1,999,0,nonexistent,-1.8,92.89299999999999,-46.2,1.3130000000000002,5099.1,no
28,blue-collar,single,basic.9y,no,no,no,cellular,may,fri,137,3,999,1,failure,-1.8,92.89299999999999,-46.2,1.3130000000000002,5099.1,no
34,blue-collar,single,high.school,no,yes,no,cellular,may,fri,56,1,999,0,nonexistent,-1.8,92.89299999999999,-46.2,1.3130000000000002,5099.1,no
37,blue-collar,married,basic.4y,no,no,yes,cellular,may,fri,269,1,999,0,nonexistent,-1.8,92.89299999999999,-46.2,1.3130000000000002,5099.1,no
38,admin.,married,high.school,no,yes,yes,cellular,may,fri,159,1,999,0,nonexistent,-1.8,92.89299999999999,-46.2,1.3130000000000002,5099.1,no
48,blue-collar,married,basic.4y,no,no,no,cellular,may,fri,94,3,999,0,nonexistent,-1.8,92.89299999999999,-46.2,1.3130000000000002,5099.1,no
41,blue-collar,single,basic.6y,unknown,yes,no,cellular,may,fri,140,1,999,0,nonexistent,-1.8,92.89299999999999,-46.2,1.3130000000000002,5099.1,no
38,admin.,single,university.degree,no,yes,no,cellular,may,fri,132,1,999,0,nonexistent,-1.8,92.89299999999999,-46.2,1.3130000000000002,5099.1,no
41,blue-collar,single,basic.6y,unknown,yes,no,cellular,may,fri,261,1,999,1,failure,-1.8,92.89299999999999,-46.2,1.3130000000000002,5099.1,no
32,technician,married,high.school,no,no,no,cellular,may,fri,56,1,999,0,nonexistent,-1.8,92.89299999999999,-46.2,1.3130000000000002,5099.1,no
43,blue-collar,married,basic.9y,no,yes,no,cellular,may,fri,66,1,999,1,failure,-1.8,92.89299999999999,-46.2,1.3130000000000002,5099.1,no
43,blue-collar,married,basic.9y,no,no,no,cellular,may,fri,254,1,999,0,nonexistent,-1.8,92.89299999999999,-46.2,1.3130000000000002,5099.1,no
43,blue-collar,married,basic.9y,no,no,no,cellular,may,fri,157,1,999,0,nonexistent,-1.8,92.89299999999999,-46.2,1.3130000000000002,5099.1,no
29,management,single,university.degree,no,yes,no,cellular,may,fri,468,2,999,1,failure,-1.8,92.89299999999999,-46.2,1.3130000000000002,5099.1,no
34,blue-collar,married,basic.9y,no,no,no,cellular,may,fri,451,3,999,0,nonexistent,-1.8,92.89299999999999,-46.2,1.3130000000000002,5099.1,no
35,admin.,single,university.degree,no,no,no,cellular,may,fri,55,1,999,0,nonexistent,-1.8,92.89299999999999,-46.2,1.3130000000000002,5099.1,no
55,blue-collar,married,unknown,unknown,no,no,cellular,may,fri,9,2,999,2,failure,-1.8,92.89299999999999,-46.2,1.3130000000000002,5099.1,no
26,blue-collar,single,basic.6y,no,yes,yes,cellular,may,fri,191,2,999,1,failure,-1.8,92.89299999999999,-46.2,1.3130000000000002,5099.1,no
49,blue-collar,married,basic.4y,no,yes,no,cellular,may,fri,87,1,999,0,nonexistent,-1.8,92.89299999999999,-46.2,1.3130000000000002,5099.1,no
35,services,married,high.school,no,no,no,cellular,may,fri,301,2,999,0,nonexistent,-1.8,92.89299999999999,-46.2,1.3130000000000002,5099.1,no
39,blue-collar,married,high.school,no,yes,no,telephone,may,fri,101,1,999,0,nonexistent,-1.8,92.89299999999999,-46.2,1.3130000000000002,5099.1,no
54,technician,married,university.degree,unknown,no,no,cellular,may,fri,56,5,999,0,nonexistent,-1.8,92.89299999999999,-46.2,1.3130000000000002,5099.1,no
39,blue-collar,married,high.school,no,no,yes,cellular,may,fri,248,1,999,1,failure,-1.8,92.89299999999999,-46.2,1.3130000000000002,5099.1,no
39,blue-collar,married,high.school,no,yes,yes,cellular,may,fri,273,1,999,0,nonexistent,-1.8,92.89299999999999,-46.2,1.3130000000000002,5099.1,no
37,blue-collar,married,basic.6y,no,no,no,cellular,may,fri,78,1,999,1,failure,-1.8,92.89299999999999,-46.2,1.3130000000000002,5099.1,no
32,blue-collar,married,basic.9y,no,no,no,cellular,may,fri,18,1,999,1,failure,-1.8,92.89299999999999,-46.2,1.3130000000000002,5099.1,no
56,blue-collar,married,basic.9y,unknown,yes,no,cellular,may,fri,705,1,999,0,nonexistent,-1.8,92.89299999999999,-46.2,1.3130000000000002,5099.1,no
37,self-employed,single,basic.9y,no,yes,no,cellular,may,fri,82,2,999,1,failure,-1.8,92.89299999999999,-46.2,1.3130000000000002,5099.1,no
52,services,married,high.school,no,yes,no,cellular,may,fri,207,1,999,0,nonexistent,-1.8,92.89299999999999,-46.2,1.3130000000000002,5099.1,no
24,services,single,high.school,no,yes,no,cellular,may,fri,53,2,999,0,nonexistent,-1.8,92.89299999999999,-46.2,1.3130000000000002,5099.1,no
35,blue-collar,single,basic.9y,no,no,no,cellular,may,fri,568,1,999,0,nonexistent,-1.8,92.89299999999999,-46.2,1.3130000000000002,5099.1,yes
37,admin.,married,university.degree,no,yes,yes,cellular,may,fri,364,2,999,0,nonexistent,-1.8,92.89299999999999,-46.2,1.3130000000000002,5099.1,no
43,blue-collar,married,basic.6y,no,no,yes,cellular,may,fri,67,3,999,0,nonexistent,-1.8,92.89299999999999,-46.2,1.3130000000000002,5099.1,no
34,admin.,married,high.school,unknown,no,no,cellular,may,fri,131,2,999,0,nonexistent,-1.8,92.89299999999999,-46.2,1.3130000000000002,5099.1,no
38,technician,married,university.degree,no,no,no,cellular,may,fri,186,1,999,1,failure,-1.8,92.89299999999999,-46.2,1.3130000000000002,5099.1,no
41,blue-collar,married,basic.9y,no,no,no,cellular,may,fri,212,1,999,0,nonexistent,-1.8,92.89299999999999,-46.2,1.3130000000000002,5099.1,no
41,blue-collar,married,basic.9y,no,yes,yes,cellular,may,fri,198,1,999,0,nonexistent,-1.8,92.89299999999999,-46.2,1.3130000000000002,5099.1,no
44,services,single,high.school,no,yes,no,cellular,may,fri,161,2,999,0,nonexistent,-1.8,92.89299999999999,-46.2,1.3130000000000002,5099.1,no
41,blue-collar,married,basic.9y,no,no,no,cellular,may,fri,491,1,999,2,failure,-1.8,92.89299999999999,-46.2,1.3130000000000002,5099.1,no
27,admin.,single,high.school,no,yes,no,cellular,may,fri,1448,2,999,0,nonexistent,-1.8,92.89299999999999,-46.2,1.3130000000000002,5099.1,yes
33,blue-collar,married,basic.9y,no,yes,yes,cellular,may,fri,99,1,999,0,nonexistent,-1.8,92.89299999999999,-46.2,1.3130000000000002,5099.1,no
44,management,married,university.degree,no,yes,no,cellular,may,fri,69,1,999,1,failure,-1.8,92.89299999999999,-46.2,1.3130000000000002,5099.1,no
33,blue-collar,single,basic.9y,no,yes,no,cellular,may,fri,392,1,999,1,failure,-1.8,92.89299999999999,-46.2,1.3130000000000002,5099.1,no
37,blue-collar,married,high.school,no,yes,no,cellular,may,fri,142,1,999,0,nonexistent,-1.8,92.89299999999999,-46.2,1.3130000000000002,5099.1,no
33,blue-collar,married,basic.9y,no,no,no,cellular,may,fri,428,1,999,0,nonexistent,-1.8,92.89299999999999,-46.2,1.3130000000000002,5099.1,no
32,admin.,married,university.degree,no,no,no,cellular,may,fri,209,2,999,1,failure,-1.8,92.89299999999999,-46.2,1.3130000000000002,5099.1,no
33,blue-collar,married,basic.9y,no,no,no,cellular,may,fri,728,1,999,0,nonexistent,-1.8,92.89299999999999,-46.2,1.3130000000000002,5099.1,yes
38,blue-collar,single,high.school,no,yes,no,cellular,may,fri,81,3,999,1,failure,-1.8,92.89299999999999,-46.2,1.3130000000000002,5099.1,no
33,blue-collar,married,basic.9y,no,yes,no,cellular,may,fri,720,1,999,0,nonexistent,-1.8,92.89299999999999,-46.2,1.3130000000000002,5099.1,yes
37,blue-collar,married,high.school,no,no,no,cellular,may,fri,171,1,999,2,failure,-1.8,92.89299999999999,-46.2,1.3130000000000002,5099.1,no
34,admin.,single,high.school,no,yes,no,cellular,may,fri,291,1,999,1,failure,-1.8,92.89299999999999,-46.2,1.3130000000000002,5099.1,no
45,technician,single,university.degree,no,no,no,cellular,may,fri,272,1,999,1,failure,-1.8,92.89299999999999,-46.2,1.3130000000000002,5099.1,no
29,blue-collar,married,basic.9y,no,yes,no,cellular,may,fri,164,1,999,0,nonexistent,-1.8,92.89299999999999,-46.2,1.3130000000000002,5099.1,no
33,blue-collar,married,basic.9y,no,no,no,cellular,may,fri,339,1,999,1,failure,-1.8,92.89299999999999,-46.2,1.3130000000000002,5099.1,no
52,retired,divorced,basic.6y,no,no,no,cellular,may,fri,154,2,999,1,failure,-1.8,92.89299999999999,-46.2,1.3130000000000002,5099.1,no
32,blue-collar,married,high.school,no,no,no,cellular,may,fri,319,1,999,1,failure,-1.8,92.89299999999999,-46.2,1.3130000000000002,5099.1,no
38,blue-collar,married,professional.course,no,no,no,cellular,may,fri,218,1,999,1,failure,-1.8,92.89299999999999,-46.2,1.3130000000000002,5099.1,no
34,services,married,high.school,no,no,no,telephone,may,fri,125,2,999,0,nonexistent,-1.8,92.89299999999999,-46.2,1.3130000000000002,5099.1,no
46,technician,married,professional.course,no,no,no,cellular,may,fri,124,2,999,0,nonexistent,-1.8,92.89299999999999,-46.2,1.3130000000000002,5099.1,no
22,student,single,high.school,no,no,no,cellular,may,fri,87,2,999,0,nonexistent,-1.8,92.89299999999999,-46.2,1.3130000000000002,5099.1,no
30,services,single,high.school,unknown,no,no,cellular,may,fri,87,2,999,0,nonexistent,-1.8,92.89299999999999,-46.2,1.3130000000000002,5099.1,no
40,services,married,high.school,no,yes,no,cellular,may,fri,151,4,999,1,failure,-1.8,92.89299999999999,-46.2,1.3130000000000002,5099.1,no
58,admin.,married,high.school,no,yes,no,cellular,may,fri,67,1,999,0,nonexistent,-1.8,92.89299999999999,-46.2,1.3130000000000002,5099.1,no
33,admin.,married,university.degree,no,no,no,cellular,may,fri,89,6,999,0,nonexistent,-1.8,92.89299999999999,-46.2,1.3130000000000002,5099.1,no
34,blue-collar,married,university.degree,no,yes,yes,cellular,may,fri,183,1,999,0,nonexistent,-1.8,92.89299999999999,-46.2,1.3130000000000002,5099.1,no
35,entrepreneur,married,university.degree,no,no,no,cellular,may,fri,270,2,999,0,nonexistent,-1.8,92.89299999999999,-46.2,1.3130000000000002,5099.1,no
47,services,married,high.school,no,no,yes,cellular,may,fri,196,1,999,0,nonexistent,-1.8,92.89299999999999,-46.2,1.3130000000000002,5099.1,no
30,self-employed,married,basic.9y,unknown,no,no,cellular,may,fri,73,2,999,0,nonexistent,-1.8,92.89299999999999,-46.2,1.3130000000000002,5099.1,no
40,services,married,basic.4y,unknown,yes,no,cellular,may,fri,85,1,999,2,failure,-1.8,92.89299999999999,-46.2,1.3130000000000002,5099.1,no
29,blue-collar,single,basic.4y,unknown,yes,no,cellular,may,fri,325,1,999,1,failure,-1.8,92.89299999999999,-46.2,1.3130000000000002,5099.1,no
39,blue-collar,married,basic.4y,no,no,no,cellular,may,fri,180,2,999,0,nonexistent,-1.8,92.89299999999999,-46.2,1.3130000000000002,5099.1,no
34,self-employed,single,professional.course,no,yes,no,cellular,may,fri,76,2,999,1,failure,-1.8,92.89299999999999,-46.2,1.3130000000000002,5099.1,no
26,student,single,basic.9y,unknown,yes,no,cellular,may,fri,682,2,3,2,success,-1.8,92.89299999999999,-46.2,1.3130000000000002,5099.1,no
37,services,single,professional.course,no,no,no,cellular,may,fri,462,1,999,1,failure,-1.8,92.89299999999999,-46.2,1.3130000000000002,5099.1,no
25,admin.,single,high.school,no,yes,no,cellular,may,fri,238,6,999,2,failure,-1.8,92.89299999999999,-46.2,1.3130000000000002,5099.1,no
34,technician,married,professional.course,no,yes,no,cellular,may,fri,81,2,999,0,nonexistent,-1.8,92.89299999999999,-46.2,1.3130000000000002,5099.1,no
21,blue-collar,married,basic.9y,no,no,no,cellular,may,fri,279,2,999,0,nonexistent,-1.8,92.89299999999999,-46.2,1.3130000000000002,5099.1,no
36,blue-collar,married,basic.9y,no,unknown,unknown,cellular,may,fri,68,5,999,0,nonexistent,-1.8,92.89299999999999,-46.2,1.3130000000000002,5099.1,no
51,management,married,university.degree,no,no,no,cellular,may,fri,127,1,999,0,nonexistent,-1.8,92.89299999999999,-46.2,1.3130000000000002,5099.1,no
31,management,married,university.degree,no,no,no,cellular,may,fri,238,1,999,1,failure,-1.8,92.89299999999999,-46.2,1.3130000000000002,5099.1,no
32,technician,married,professional.course,no,no,no,cellular,may,fri,158,2,999,1,failure,-1.8,92.89299999999999,-46.2,1.3130000000000002,5099.1,no
41,services,single,high.school,no,no,no,cellular,may,fri,1642,2,999,0,nonexistent,-1.8,92.89299999999999,-46.2,1.3130000000000002,5099.1,no
39,blue-collar,married,basic.9y,unknown,no,no,cellular,may,fri,69,4,999,0,nonexistent,-1.8,92.89299999999999,-46.2,1.3130000000000002,5099.1,no
35,blue-collar,married,basic.9y,no,no,no,cellular,may,fri,25,6,999,1,failure,-1.8,92.89299999999999,-46.2,1.3130000000000002,5099.1,no
47,blue-collar,married,basic.9y,no,yes,no,cellular,may,fri,146,2,999,0,nonexistent,-1.8,92.89299999999999,-46.2,1.3130000000000002,5099.1,no
35,management,single,high.school,no,yes,no,cellular,may,fri,345,2,999,1,failure,-1.8,92.89299999999999,-46.2,1.3130000000000002,5099.1,no
33,blue-collar,single,basic.6y,no,yes,no,cellular,may,fri,474,2,999,0,nonexistent,-1.8,92.89299999999999,-46.2,1.3130000000000002,5099.1,no
54,admin.,divorced,professional.course,no,yes,no,telephone,may,fri,75,2,999,0,nonexistent,-1.8,92.89299999999999,-46.2,1.3130000000000002,5099.1,no
33,admin.,married,high.school,no,no,yes,cellular,may,fri,254,2,999,0,nonexistent,-1.8,92.89299999999999,-46.2,1.3130000000000002,5099.1,no
35,blue-collar,married,basic.9y,no,yes,no,cellular,may,fri,219,2,999,0,nonexistent,-1.8,92.89299999999999,-46.2,1.3130000000000002,5099.1,no
34,management,single,university.degree,no,yes,no,cellular,may,fri,175,2,999,0,nonexistent,-1.8,92.89299999999999,-46.2,1.3130000000000002,5099.1,no
34,management,single,university.degree,no,no,no,cellular,may,fri,261,2,999,1,failure,-1.8,92.89299999999999,-46.2,1.3130000000000002,5099.1,no
34,admin.,married,university.degree,no,yes,no,cellular,may,fri,456,2,999,1,failure,-1.8,92.89299999999999,-46.2,1.3130000000000002,5099.1,no
37,services,single,professional.course,no,yes,no,cellular,may,fri,241,2,999,0,nonexistent,-1.8,92.89299999999999,-46.2,1.3130000000000002,5099.1,no
32,blue-collar,married,basic.9y,no,yes,no,cellular,may,fri,297,2,999,0,nonexistent,-1.8,92.89299999999999,-46.2,1.3130000000000002,5099.1,no
51,admin.,married,high.school,unknown,no,no,cellular,may,fri,117,2,999,0,nonexistent,-1.8,92.89299999999999,-46.2,1.3130000000000002,5099.1,no
41,blue-collar,single,basic.6y,unknown,no,no,cellular,may,fri,103,2,999,1,failure,-1.8,92.89299999999999,-46.2,1.3130000000000002,5099.1,no
55,management,married,basic.4y,no,no,no,cellular,may,fri,95,4,999,0,nonexistent,-1.8,92.89299999999999,-46.2,1.3130000000000002,5099.1,no
34,admin.,married,university.degree,no,yes,no,cellular,may,fri,198,2,999,0,nonexistent,-1.8,92.89299999999999,-46.2,1.3130000000000002,5099.1,no
40,blue-collar,married,basic.6y,unknown,no,no,cellular,may,fri,182,2,999,0,nonexistent,-1.8,92.89299999999999,-46.2,1.3130000000000002,5099.1,no
35,technician,married,professional.course,no,yes,no,cellular,may,fri,226,5,999,0,nonexistent,-1.8,92.89299999999999,-46.2,1.3130000000000002,5099.1,no
31,admin.,married,high.school,no,no,no,cellular,may,fri,123,3,999,0,nonexistent,-1.8,92.89299999999999,-46.2,1.3130000000000002,5099.1,no
41,blue-collar,single,basic.6y,unknown,no,no,cellular,may,fri,211,1,999,0,nonexistent,-1.8,92.89299999999999,-46.2,1.3130000000000002,5099.1,no
35,services,single,high.school,no,yes,no,telephone,may,fri,473,2,999,0,nonexistent,-1.8,92.89299999999999,-46.2,1.3130000000000002,5099.1,no
29,blue-collar,single,basic.4y,no,yes,no,cellular,may,fri,26,1,999,0,nonexistent,-1.8,92.89299999999999,-46.2,1.3130000000000002,5099.1,no
29,blue-collar,single,basic.9y,unknown,no,no,cellular,may,fri,85,2,999,1,failure,-1.8,92.89299999999999,-46.2,1.3130000000000002,5099.1,no
25,blue-collar,single,basic.9y,no,yes,yes,cellular,may,fri,238,6,999,0,nonexistent,-1.8,92.89299999999999,-46.2,1.3130000000000002,5099.1,no
34,blue-collar,married,basic.9y,no,no,no,cellular,may,fri,144,4,999,0,nonexistent,-1.8,92.89299999999999,-46.2,1.3130000000000002,5099.1,no
30,services,single,high.school,unknown,no,no,cellular,may,fri,422,2,999,0,nonexistent,-1.8,92.89299999999999,-46.2,1.3130000000000002,5099.1,no
32,blue-collar,married,basic.4y,no,yes,no,telephone,may,fri,44,4,999,0,nonexistent,-1.8,92.89299999999999,-46.2,1.3130000000000002,5099.1,no
31,blue-collar,married,basic.6y,no,no,no,cellular,may,fri,294,3,999,0,nonexistent,-1.8,92.89299999999999,-46.2,1.3130000000000002,5099.1,no
48,admin.,married,basic.9y,no,no,no,cellular,may,fri,311,2,999,0,nonexistent,-1.8,92.89299999999999,-46.2,1.3130000000000002,5099.1,no
39,admin.,single,university.degree,no,yes,no,cellular,may,fri,273,4,999,1,failure,-1.8,92.89299999999999,-46.2,1.3130000000000002,5099.1,no
32,blue-collar,single,basic.6y,no,yes,no,cellular,may,fri,91,4,999,0,nonexistent,-1.8,92.89299999999999,-46.2,1.3130000000000002,5099.1,no
43,blue-collar,married,basic.6y,no,no,no,cellular,may,fri,36,5,999,1,failure,-1.8,92.89299999999999,-46.2,1.3130000000000002,5099.1,no
38,blue-collar,married,professional.course,no,yes,no,telephone,may,fri,37,3,999,1,failure,-1.8,92.89299999999999,-46.2,1.3130000000000002,5099.1,no
35,technician,married,high.school,unknown,yes,no,cellular,may,fri,104,2,999,0,nonexistent,-1.8,92.89299999999999,-46.2,1.3130000000000002,5099.1,no
40,admin.,married,high.school,unknown,no,yes,cellular,may,fri,326,4,999,0,nonexistent,-1.8,92.89299999999999,-46.2,1.3130000000000002,5099.1,no
34,blue-collar,married,university.degree,no,yes,no,cellular,may,fri,44,2,999,1,failure,-1.8,92.89299999999999,-46.2,1.3130000000000002,5099.1,no
37,admin.,single,university.degree,no,no,no,cellular,may,fri,104,2,999,1,failure,-1.8,92.89299999999999,-46.2,1.3130000000000002,5099.1,no
37,blue-collar,married,high.school,unknown,no,no,cellular,may,fri,323,2,999,1,failure,-1.8,92.89299999999999,-46.2,1.3130000000000002,5099.1,no
42,blue-collar,married,basic.4y,no,no,no,cellular,may,fri,309,2,999,0,nonexistent,-1.8,92.89299999999999,-46.2,1.3130000000000002,5099.1,no
49,blue-collar,single,unknown,unknown,yes,no,cellular,may,fri,347,2,999,0,nonexistent,-1.8,92.89299999999999,-46.2,1.3130000000000002,5099.1,no
38,admin.,married,high.school,no,yes,no,cellular,may,fri,247,4,999,0,nonexistent,-1.8,92.89299999999999,-46.2,1.3130000000000002,5099.1,no
38,admin.,married,high.school,no,no,no,cellular,may,fri,217,2,999,0,nonexistent,-1.8,92.89299999999999,-46.2,1.3130000000000002,5099.1,no
34,technician,married,university.degree,no,yes,no,cellular,may,fri,47,2,999,1,failure,-1.8,92.89299999999999,-46.2,1.3130000000000002,5099.1,no
36,blue-collar,married,basic.9y,no,yes,no,cellular,may,fri,207,2,999,0,nonexistent,-1.8,92.89299999999999,-46.2,1.3130000000000002,5099.1,no
31,services,married,high.school,no,no,no,cellular,may,fri,130,1,999,0,nonexistent,-1.8,92.89299999999999,-46.2,1.3130000000000002,5099.1,no
29,blue-collar,married,basic.9y,no,no,no,cellular,may,fri,202,2,999,0,nonexistent,-1.8,92.89299999999999,-46.2,1.3130000000000002,5099.1,no
33,admin.,married,basic.9y,no,yes,no,telephone,may,fri,147,2,999,1,failure,-1.8,92.89299999999999,-46.2,1.3130000000000002,5099.1,no
27,services,single,high.school,no,yes,no,cellular,may,fri,86,4,999,0,nonexistent,-1.8,92.89299999999999,-46.2,1.3130000000000002,5099.1,no
42,blue-collar,married,professional.course,no,yes,no,cellular,may,fri,262,2,999,0,nonexistent,-1.8,92.89299999999999,-46.2,1.3130000000000002,5099.1,no
34,technician,married,professional.course,no,no,no,cellular,may,fri,83,2,999,1,failure,-1.8,92.89299999999999,-46.2,1.3130000000000002,5099.1,no
32,blue-collar,married,basic.9y,unknown,yes,no,cellular,may,fri,177,2,999,0,nonexistent,-1.8,92.89299999999999,-46.2,1.3130000000000002,5099.1,no
39,services,married,high.school,unknown,yes,yes,telephone,may,fri,186,4,999,1,failure,-1.8,92.89299999999999,-46.2,1.3130000000000002,5099.1,no
36,admin.,married,university.degree,no,yes,no,cellular,may,fri,334,3,999,0,nonexistent,-1.8,92.89299999999999,-46.2,1.3130000000000002,5099.1,no
29,services,married,basic.9y,no,no,yes,cellular,may,fri,274,2,999,0,nonexistent,-1.8,92.89299999999999,-46.2,1.3130000000000002,5099.1,no
30,admin.,single,high.school,no,no,yes,cellular,may,fri,154,2,999,0,nonexistent,-1.8,92.89299999999999,-46.2,1.3130000000000002,5099.1,no
31,self-employed,single,high.school,no,yes,no,cellular,may,fri,187,2,999,1,failure,-1.8,92.89299999999999,-46.2,1.3130000000000002,5099.1,no
39,blue-collar,married,basic.9y,no,no,no,telephone,may,fri,557,2,999,0,nonexistent,-1.8,92.89299999999999,-46.2,1.3130000000000002,5099.1,no
30,services,divorced,high.school,no,unknown,unknown,cellular,may,fri,186,4,999,1,failure,-1.8,92.89299999999999,-46.2,1.3130000000000002,5099.1,no
34,admin.,single,university.degree,no,no,no,cellular,may,fri,134,2,999,0,nonexistent,-1.8,92.89299999999999,-46.2,1.3130000000000002,5099.1,no
28,services,married,high.school,no,yes,no,cellular,may,fri,237,4,999,0,nonexistent,-1.8,92.89299999999999,-46.2,1.3130000000000002,5099.1,no
37,blue-collar,married,high.school,unknown,no,yes,telephone,may,fri,367,5,999,0,nonexistent,-1.8,92.89299999999999,-46.2,1.3130000000000002,5099.1,no
35,services,married,high.school,no,yes,no,cellular,may,fri,104,4,999,1,failure,-1.8,92.89299999999999,-46.2,1.3130000000000002,5099.1,no
34,admin.,married,high.school,unknown,no,no,cellular,may,fri,267,2,999,0,nonexistent,-1.8,92.89299999999999,-46.2,1.3130000000000002,5099.1,no
33,blue-collar,married,high.school,unknown,no,yes,cellular,may,fri,296,5,999,1,failure,-1.8,92.89299999999999,-46.2,1.3130000000000002,5099.1,no
35,admin.,single,university.degree,no,no,yes,cellular,may,fri,174,2,999,0,nonexistent,-1.8,92.89299999999999,-46.2,1.3130000000000002,5099.1,no
49,blue-collar,married,basic.9y,no,no,no,cellular,may,fri,235,2,999,0,nonexistent,-1.8,92.89299999999999,-46.2,1.3130000000000002,5099.1,no
29,blue-collar,married,basic.9y,no,no,no,cellular,may,fri,128,3,999,1,failure,-1.8,92.89299999999999,-46.2,1.3130000000000002,5099.1,no
30,services,single,high.school,unknown,yes,no,cellular,may,fri,55,2,999,1,failure,-1.8,92.89299999999999,-46.2,1.3130000000000002,5099.1,no
58,management,single,university.degree,no,yes,no,cellular,may,fri,685,2,999,0,nonexistent,-1.8,92.89299999999999,-46.2,1.3130000000000002,5099.1,yes
45,blue-collar,single,professional.course,no,yes,no,cellular,may,fri,1954,2,999,0,nonexistent,-1.8,92.89299999999999,-46.2,1.3130000000000002,5099.1,no
44,admin.,divorced,high.school,no,yes,yes,cellular,may,fri,211,2,999,0,nonexistent,-1.8,92.89299999999999,-46.2,1.3130000000000002,5099.1,no
28,admin.,married,high.school,no,no,no,cellular,may,fri,129,2,999,0,nonexistent,-1.8,92.89299999999999,-46.2,1.3130000000000002,5099.1,no
42,management,divorced,high.school,no,no,no,cellular,may,fri,13,2,999,1,failure,-1.8,92.89299999999999,-46.2,1.3130000000000002,5099.1,no
38,admin.,married,high.school,no,unknown,unknown,cellular,may,fri,295,2,999,0,nonexistent,-1.8,92.89299999999999,-46.2,1.3130000000000002,5099.1,no
52,services,married,high.school,no,no,yes,cellular,may,fri,38,2,999,0,nonexistent,-1.8,92.89299999999999,-46.2,1.3130000000000002,5099.1,no
37,blue-collar,married,basic.4y,no,yes,yes,cellular,may,fri,456,2,999,0,nonexistent,-1.8,92.89299999999999,-46.2,1.3130000000000002,5099.1,no
54,technician,married,university.degree,unknown,no,no,cellular,may,fri,217,7,999,0,nonexistent,-1.8,92.89299999999999,-46.2,1.3130000000000002,5099.1,no
35,entrepreneur,married,university.degree,no,yes,yes,cellular,may,fri,152,2,999,1,failure,-1.8,92.89299999999999,-46.2,1.3130000000000002,5099.1,no
33,admin.,single,university.degree,no,yes,yes,cellular,may,fri,1024,3,999,1,failure,-1.8,92.89299999999999,-46.2,1.3130000000000002,5099.1,yes
57,services,divorced,unknown,no,no,no,cellular,may,fri,405,3,999,0,nonexistent,-1.8,92.89299999999999,-46.2,1.3130000000000002,5099.1,no
43,blue-collar,married,basic.4y,unknown,no,no,cellular,may,fri,518,3,999,0,nonexistent,-1.8,92.89299999999999,-46.2,1.3130000000000002,5099.1,no
32,admin.,married,high.school,no,yes,no,cellular,may,fri,438,2,999,0,nonexistent,-1.8,92.89299999999999,-46.2,1.3130000000000002,5099.1,no
25,admin.,single,high.school,no,no,no,cellular,may,fri,682,3,999,1,failure,-1.8,92.89299999999999,-46.2,1.3130000000000002,5099.1,yes
44,blue-collar,married,basic.4y,unknown,no,no,cellular,may,fri,361,3,999,0,nonexistent,-1.8,92.89299999999999,-46.2,1.3130000000000002,5099.1,no
34,blue-collar,married,basic.4y,unknown,yes,no,cellular,may,fri,1094,3,999,0,nonexistent,-1.8,92.89299999999999,-46.2,1.3130000000000002,5099.1,no
35,blue-collar,married,basic.6y,unknown,yes,no,cellular,may,fri,746,2,999,0,nonexistent,-1.8,92.89299999999999,-46.2,1.3130000000000002,5099.1,no
36,entrepreneur,divorced,basic.6y,no,yes,no,cellular,may,fri,53,4,999,0,nonexistent,-1.8,92.89299999999999,-46.2,1.3130000000000002,5099.1,no
34,management,married,university.degree,no,yes,no,telephone,may,fri,283,3,999,1,failure,-1.8,92.89299999999999,-46.2,1.3130000000000002,5099.1,no
54,technician,married,university.degree,unknown,yes,no,telephone,may,fri,265,4,999,1,failure,-1.8,92.89299999999999,-46.2,1.3130000000000002,5099.1,no
36,admin.,single,university.degree,no,no,no,cellular,may,fri,146,3,999,1,failure,-1.8,92.89299999999999,-46.2,1.3130000000000002,5099.1,no
42,blue-collar,married,basic.9y,no,yes,no,cellular,may,fri,114,7,999,1,failure,-1.8,92.89299999999999,-46.2,1.3130000000000002,5099.1,no
30,blue-collar,married,basic.9y,no,yes,no,cellular,may,fri,487,2,999,0,nonexistent,-1.8,92.89299999999999,-46.2,1.3130000000000002,5099.1,no
28,services,married,high.school,no,no,no,cellular,may,fri,1049,2,999,0,nonexistent,-1.8,92.89299999999999,-46.2,1.3130000000000002,5099.1,no
59,admin.,married,university.degree,no,yes,no,cellular,may,fri,324,2,999,1,failure,-1.8,92.89299999999999,-46.2,1.3130000000000002,5099.1,no
32,blue-collar,married,basic.9y,unknown,yes,no,cellular,may,fri,83,1,999,1,failure,-1.8,92.89299999999999,-46.2,1.3130000000000002,5099.1,no
29,blue-collar,single,basic.4y,unknown,yes,no,cellular,may,fri,340,2,999,1,failure,-1.8,92.89299999999999,-46.2,1.3130000000000002,5099.1,no
30,admin.,married,university.degree,no,no,no,cellular,may,fri,418,2,999,1,failure,-1.8,92.89299999999999,-46.2,1.3130000000000002,5099.1,no
29,admin.,single,high.school,no,no,no,cellular,may,fri,553,2,999,0,nonexistent,-1.8,92.89299999999999,-46.2,1.3130000000000002,5099.1,no
32,admin.,married,university.degree,no,no,no,telephone,may,fri,546,3,999,1,failure,-1.8,92.89299999999999,-46.2,1.3130000000000002,5099.1,no
30,technician,married,professional.course,no,yes,no,cellular,may,fri,156,4,999,0,nonexistent,-1.8,92.89299999999999,-46.2,1.3130000000000002,5099.1,no
49,technician,married,professional.course,no,yes,no,cellular,may,fri,364,1,999,1,failure,-1.8,92.89299999999999,-46.2,1.3130000000000002,5099.1,no
34,blue-collar,married,basic.9y,unknown,yes,yes,telephone,may,fri,219,4,999,1,failure,-1.8,92.89299999999999,-46.2,1.3130000000000002,5099.1,no
37,unemployed,married,basic.9y,no,yes,yes,cellular,may,fri,129,4,999,0,nonexistent,-1.8,92.89299999999999,-46.2,1.3130000000000002,5099.1,no
35,admin.,single,high.school,no,no,no,cellular,may,fri,282,5,999,0,nonexistent,-1.8,92.89299999999999,-46.2,1.3130000000000002,5099.1,no
36,services,married,high.school,unknown,no,no,cellular,may,fri,89,1,999,0,nonexistent,-1.8,92.89299999999999,-46.2,1.3130000000000002,5099.1,no
34,admin.,married,basic.9y,no,yes,no,cellular,may,fri,152,1,999,0,nonexistent,-1.8,92.89299999999999,-46.2,1.3130000000000002,5099.1,no
29,services,divorced,high.school,no,yes,no,cellular,may,fri,323,1,999,0,nonexistent,-1.8,92.89299999999999,-46.2,1.3130000000000002,5099.1,no
36,services,married,high.school,unknown,no,no,cellular,may,fri,311,1,999,0,nonexistent,-1.8,92.89299999999999,-46.2,1.3130000000000002,5099.1,no
36,services,married,high.school,unknown,yes,yes,cellular,may,fri,108,1,999,0,nonexistent,-1.8,92.89299999999999,-46.2,1.3130000000000002,5099.1,no
29,services,divorced,high.school,no,yes,no,cellular,may,fri,548,1,999,0,nonexistent,-1.8,92.89299999999999,-46.2,1.3130000000000002,5099.1,no
44,blue-collar,married,basic.9y,no,no,no,cellular,may,fri,199,1,999,0,nonexistent,-1.8,92.89299999999999,-46.2,1.3130000000000002,5099.1,no
34,blue-collar,married,basic.9y,no,no,no,cellular,may,fri,63,1,999,1,failure,-1.8,92.89299999999999,-46.2,1.3130000000000002,5099.1,no
47,blue-collar,married,basic.4y,unknown,yes,no,cellular,may,fri,173,1,999,1,failure,-1.8,92.89299999999999,-46.2,1.3130000000000002,5099.1,no
44,blue-collar,married,basic.9y,no,yes,no,cellular,may,fri,383,1,999,1,failure,-1.8,92.89299999999999,-46.2,1.3130000000000002,5099.1,no
47,blue-collar,married,high.school,no,yes,yes,telephone,may,fri,72,6,6,1,success,-1.8,92.89299999999999,-46.2,1.3130000000000002,5099.1,no
34,blue-collar,married,basic.9y,no,yes,no,telephone,may,fri,26,1,999,0,nonexistent,-1.8,92.89299999999999,-46.2,1.3130000000000002,5099.1,no
34,blue-collar,married,basic.9y,no,no,no,cellular,may,fri,423,1,999,0,nonexistent,-1.8,92.89299999999999,-46.2,1.3130000000000002,5099.1,yes
52,admin.,married,high.school,no,yes,yes,cellular,may,fri,81,2,999,1,failure,-1.8,92.89299999999999,-46.2,1.3130000000000002,5099.1,no
32,blue-collar,single,basic.6y,no,yes,no,cellular,may,fri,211,1,999,1,failure,-1.8,92.89299999999999,-46.2,1.3130000000000002,5099.1,no
34,blue-collar,married,basic.9y,no,no,no,cellular,may,fri,322,1,999,1,failure,-1.8,92.89299999999999,-46.2,1.3130000000000002,5099.1,no
34,admin.,married,basic.9y,no,unknown,unknown,cellular,may,fri,248,1,999,1,failure,-1.8,92.89299999999999,-46.2,1.3130000000000002,5099.1,no
26,blue-collar,married,basic.6y,no,no,no,cellular,may,mon,84,7,999,0,nonexistent,-1.8,92.89299999999999,-46.2,1.2990000000000002,5099.1,no
41,housemaid,single,university.degree,no,yes,no,telephone,may,mon,9,5,999,0,nonexistent,-1.8,92.89299999999999,-46.2,1.2990000000000002,5099.1,no
43,blue-collar,married,basic.9y,unknown,yes,no,telephone,may,mon,20,5,999,0,nonexistent,-1.8,92.89299999999999,-46.2,1.2990000000000002,5099.1,no
29,entrepreneur,married,basic.4y,unknown,no,no,cellular,may,mon,332,2,999,0,nonexistent,-1.8,92.89299999999999,-46.2,1.2990000000000002,5099.1,no
34,unemployed,single,high.school,no,yes,no,telephone,may,mon,21,5,999,0,nonexistent,-1.8,92.89299999999999,-46.2,1.2990000000000002,5099.1,no
29,blue-collar,single,high.school,no,yes,no,cellular,may,mon,62,3,999,1,failure,-1.8,92.89299999999999,-46.2,1.2990000000000002,5099.1,no
34,technician,single,professional.course,no,yes,no,cellular,may,mon,240,6,999,0,nonexistent,-1.8,92.89299999999999,-46.2,1.2990000000000002,5099.1,no
54,management,married,high.school,unknown,no,no,cellular,may,mon,229,5,999,1,failure,-1.8,92.89299999999999,-46.2,1.2990000000000002,5099.1,no
30,management,married,university.degree,no,yes,no,cellular,may,mon,61,3,999,1,failure,-1.8,92.89299999999999,-46.2,1.2990000000000002,5099.1,no
50,blue-collar,married,unknown,unknown,yes,yes,telephone,may,mon,10,8,999,0,nonexistent,-1.8,92.89299999999999,-46.2,1.2990000000000002,5099.1,no
27,admin.,married,high.school,no,no,no,cellular,may,mon,88,2,999,0,nonexistent,-1.8,92.89299999999999,-46.2,1.2990000000000002,5099.1,no
29,services,single,high.school,no,yes,no,cellular,may,mon,14,8,999,0,nonexistent,-1.8,92.89299999999999,-46.2,1.2990000000000002,5099.1,no
56,services,divorced,high.school,unknown,yes,no,cellular,may,mon,125,2,999,1,failure,-1.8,92.89299999999999,-46.2,1.2990000000000002,5099.1,no
39,admin.,married,university.degree,no,yes,no,cellular,may,mon,156,7,999,0,nonexistent,-1.8,92.89299999999999,-46.2,1.2990000000000002,5099.1,no
44,services,married,basic.9y,no,yes,no,cellular,may,mon,50,5,999,0,nonexistent,-1.8,92.89299999999999,-46.2,1.2990000000000002,5099.1,no
31,technician,married,university.degree,no,yes,no,cellular,may,mon,15,8,999,0,nonexistent,-1.8,92.89299999999999,-46.2,1.2990000000000002,5099.1,no
32,blue-collar,single,high.school,no,no,no,cellular,may,mon,80,1,999,0,nonexistent,-1.8,92.89299999999999,-46.2,1.2990000000000002,5099.1,no
27,services,married,basic.9y,no,yes,yes,cellular,may,mon,304,1,999,1,failure,-1.8,92.89299999999999,-46.2,1.2990000000000002,5099.1,no
43,services,divorced,professional.course,no,no,no,cellular,may,mon,108,6,999,1,failure,-1.8,92.89299999999999,-46.2,1.2990000000000002,5099.1,no
45,blue-collar,married,basic.6y,no,yes,no,cellular,may,mon,295,1,999,0,nonexistent,-1.8,92.89299999999999,-46.2,1.2990000000000002,5099.1,no
30,blue-collar,married,basic.9y,unknown,no,no,cellular,may,mon,259,1,999,0,nonexistent,-1.8,92.89299999999999,-46.2,1.2990000000000002,5099.1,no
54,management,married,basic.6y,no,yes,no,cellular,may,mon,54,1,999,0,nonexistent,-1.8,92.89299999999999,-46.2,1.2990000000000002,5099.1,no
34,technician,single,professional.course,no,no,no,cellular,may,mon,573,1,999,1,failure,-1.8,92.89299999999999,-46.2,1.2990000000000002,5099.1,no
39,blue-collar,married,basic.4y,unknown,yes,no,cellular,may,mon,652,1,999,0,nonexistent,-1.8,92.89299999999999,-46.2,1.2990000000000002,5099.1,no
31,admin.,married,university.degree,no,yes,no,cellular,may,mon,443,1,999,1,failure,-1.8,92.89299999999999,-46.2,1.2990000000000002,5099.1,no
34,blue-collar,single,basic.6y,unknown,yes,no,cellular,may,mon,67,1,999,0,nonexistent,-1.8,92.89299999999999,-46.2,1.2990000000000002,5099.1,no
31,services,single,high.school,no,yes,no,cellular,may,mon,206,1,999,0,nonexistent,-1.8,92.89299999999999,-46.2,1.2990000000000002,5099.1,no
25,blue-collar,single,high.school,unknown,yes,no,cellular,may,mon,23,1,999,0,nonexistent,-1.8,92.89299999999999,-46.2,1.2990000000000002,5099.1,no
35,blue-collar,married,basic.6y,no,no,no,cellular,may,mon,249,1,999,0,nonexistent,-1.8,92.89299999999999,-46.2,1.2990000000000002,5099.1,no
43,blue-collar,married,basic.4y,unknown,unknown,unknown,cellular,may,mon,485,2,999,0,nonexistent,-1.8,92.89299999999999,-46.2,1.2990000000000002,5099.1,no
40,technician,married,professional.course,no,yes,no,cellular,may,mon,94,1,999,0,nonexistent,-1.8,92.89299999999999,-46.2,1.2990000000000002,5099.1,no
44,blue-collar,married,basic.9y,no,yes,no,cellular,may,mon,309,1,999,0,nonexistent,-1.8,92.89299999999999,-46.2,1.2990000000000002,5099.1,no
33,admin.,single,university.degree,no,no,no,cellular,may,mon,657,1,999,0,nonexistent,-1.8,92.89299999999999,-46.2,1.2990000000000002,5099.1,yes
33,blue-collar,married,basic.9y,no,yes,no,cellular,may,mon,313,1,999,0,nonexistent,-1.8,92.89299999999999,-46.2,1.2990000000000002,5099.1,no
34,services,married,high.school,no,yes,no,cellular,may,mon,577,1,999,0,nonexistent,-1.8,92.89299999999999,-46.2,1.2990000000000002,5099.1,no
33,blue-collar,married,basic.9y,no,yes,no,cellular,may,mon,457,1,999,0,nonexistent,-1.8,92.89299999999999,-46.2,1.2990000000000002,5099.1,no
37,admin.,married,high.school,unknown,no,no,cellular,may,mon,547,1,999,0,nonexistent,-1.8,92.89299999999999,-46.2,1.2990000000000002,5099.1,no
27,blue-collar,married,basic.9y,no,yes,no,cellular,may,mon,210,1,999,0,nonexistent,-1.8,92.89299999999999,-46.2,1.2990000000000002,5099.1,no
53,blue-collar,single,basic.4y,unknown,yes,no,cellular,may,mon,267,1,999,0,nonexistent,-1.8,92.89299999999999,-46.2,1.2990000000000002,5099.1,no
35,technician,married,university.degree,no,yes,no,cellular,may,mon,502,1,999,1,failure,-1.8,92.89299999999999,-46.2,1.2990000000000002,5099.1,no
42,blue-collar,married,basic.4y,no,no,no,cellular,may,mon,139,1,999,0,nonexistent,-1.8,92.89299999999999,-46.2,1.2990000000000002,5099.1,no
42,blue-collar,married,basic.4y,no,no,no,cellular,may,mon,212,1,999,0,nonexistent,-1.8,92.89299999999999,-46.2,1.2990000000000002,5099.1,no
24,services,single,high.school,no,yes,yes,cellular,may,mon,590,1,999,1,failure,-1.8,92.89299999999999,-46.2,1.2990000000000002,5099.1,no
42,services,single,high.school,no,yes,no,cellular,may,mon,7,5,999,2,failure,-1.8,92.89299999999999,-46.2,1.2990000000000002,5099.1,no
29,admin.,divorced,basic.9y,no,no,no,cellular,may,mon,81,3,999,1,failure,-1.8,92.89299999999999,-46.2,1.2990000000000002,5099.1,no
34,admin.,married,high.school,no,yes,yes,cellular,may,mon,528,1,999,0,nonexistent,-1.8,92.89299999999999,-46.2,1.2990000000000002,5099.1,no
39,admin.,married,university.degree,no,no,no,cellular,may,mon,195,5,999,1,failure,-1.8,92.89299999999999,-46.2,1.2990000000000002,5099.1,no
29,admin.,married,high.school,no,yes,no,cellular,may,mon,106,1,999,1,failure,-1.8,92.89299999999999,-46.2,1.2990000000000002,5099.1,no
26,admin.,single,university.degree,no,yes,yes,cellular,may,mon,9,7,999,1,failure,-1.8,92.89299999999999,-46.2,1.2990000000000002,5099.1,no
27,admin.,single,high.school,no,yes,no,cellular,may,mon,156,1,999,0,nonexistent,-1.8,92.89299999999999,-46.2,1.2990000000000002,5099.1,no
27,admin.,single,high.school,no,yes,no,cellular,may,mon,94,1,999,0,nonexistent,-1.8,92.89299999999999,-46.2,1.2990000000000002,5099.1,no
34,admin.,married,university.degree,no,yes,no,cellular,may,mon,351,1,999,0,nonexistent,-1.8,92.89299999999999,-46.2,1.2990000000000002,5099.1,no
26,student,single,high.school,no,yes,no,cellular,may,mon,73,1,999,0,nonexistent,-1.8,92.89299999999999,-46.2,1.2990000000000002,5099.1,no
27,admin.,single,high.school,no,yes,no,cellular,may,mon,313,1,999,1,failure,-1.8,92.89299999999999,-46.2,1.2990000000000002,5099.1,no
32,self-employed,single,university.degree,no,yes,no,cellular,may,mon,66,3,999,1,failure,-1.8,92.89299999999999,-46.2,1.2990000000000002,5099.1,no
26,admin.,single,university.degree,no,no,no,cellular,may,mon,143,4,999,0,nonexistent,-1.8,92.89299999999999,-46.2,1.2990000000000002,5099.1,no
26,student,single,high.school,no,yes,no,cellular,may,mon,255,1,999,0,nonexistent,-1.8,92.89299999999999,-46.2,1.2990000000000002,5099.1,no
33,self-employed,single,university.degree,no,no,no,cellular,may,mon,164,1,999,0,nonexistent,-1.8,92.89299999999999,-46.2,1.2990000000000002,5099.1,no
30,blue-collar,married,basic.9y,no,yes,no,cellular,may,mon,55,1,999,1,failure,-1.8,92.89299999999999,-46.2,1.2990000000000002,5099.1,no
32,blue-collar,married,basic.9y,no,yes,no,cellular,may,mon,197,1,999,0,nonexistent,-1.8,92.89299999999999,-46.2,1.2990000000000002,5099.1,no
37,management,single,basic.9y,no,yes,no,cellular,may,mon,189,1,999,0,nonexistent,-1.8,92.89299999999999,-46.2,1.2990000000000002,5099.1,no
30,blue-collar,married,basic.9y,no,yes,no,cellular,may,mon,165,1,999,0,nonexistent,-1.8,92.89299999999999,-46.2,1.2990000000000002,5099.1,no
40,blue-collar,married,basic.4y,no,no,no,cellular,may,mon,84,2,999,0,nonexistent,-1.8,92.89299999999999,-46.2,1.2990000000000002,5099.1,no
27,entrepreneur,married,university.degree,no,no,yes,cellular,may,mon,117,1,999,1,failure,-1.8,92.89299999999999,-46.2,1.2990000000000002,5099.1,no
30,services,single,high.school,no,yes,no,cellular,may,mon,288,1,999,1,failure,-1.8,92.89299999999999,-46.2,1.2990000000000002,5099.1,no
23,blue-collar,single,basic.9y,no,yes,no,cellular,may,mon,58,1,999,0,nonexistent,-1.8,92.89299999999999,-46.2,1.2990000000000002,5099.1,no
25,admin.,married,university.degree,no,no,no,cellular,may,mon,496,1,999,0,nonexistent,-1.8,92.89299999999999,-46.2,1.2990000000000002,5099.1,no
48,technician,married,basic.9y,no,yes,no,cellular,may,mon,87,1,999,0,nonexistent,-1.8,92.89299999999999,-46.2,1.2990000000000002,5099.1,no
23,blue-collar,single,basic.9y,no,no,no,cellular,may,mon,285,1,999,0,nonexistent,-1.8,92.89299999999999,-46.2,1.2990000000000002,5099.1,no
37,entrepreneur,married,basic.9y,no,no,no,cellular,may,mon,69,1,999,0,nonexistent,-1.8,92.89299999999999,-46.2,1.2990000000000002,5099.1,no
49,admin.,divorced,high.school,no,no,no,cellular,may,mon,128,3,999,1,failure,-1.8,92.89299999999999,-46.2,1.2990000000000002,5099.1,no
23,blue-collar,single,basic.9y,no,yes,no,cellular,may,mon,657,1,999,0,nonexistent,-1.8,92.89299999999999,-46.2,1.2990000000000002,5099.1,yes
35,blue-collar,married,unknown,no,yes,no,cellular,may,mon,40,8,10,1,success,-1.8,92.89299999999999,-46.2,1.2990000000000002,5099.1,no
37,entrepreneur,married,basic.9y,no,yes,no,cellular,may,mon,346,1,999,2,failure,-1.8,92.89299999999999,-46.2,1.2990000000000002,5099.1,no
31,technician,single,university.degree,no,yes,no,cellular,may,mon,94,1,999,0,nonexistent,-1.8,92.89299999999999,-46.2,1.2990000000000002,5099.1,no
53,self-employed,married,basic.4y,unknown,yes,no,cellular,may,mon,62,1,999,0,nonexistent,-1.8,92.89299999999999,-46.2,1.2990000000000002,5099.1,no
36,blue-collar,married,basic.9y,no,yes,no,telephone,may,mon,65,1,999,1,failure,-1.8,92.89299999999999,-46.2,1.2990000000000002,5099.1,no
32,admin.,married,high.school,no,yes,no,cellular,may,mon,689,1,999,0,nonexistent,-1.8,92.89299999999999,-46.2,1.2990000000000002,5099.1,yes
47,blue-collar,married,basic.4y,unknown,yes,yes,cellular,may,mon,341,1,999,0,nonexistent,-1.8,92.89299999999999,-46.2,1.2990000000000002,5099.1,no
41,blue-collar,married,basic.6y,unknown,yes,no,cellular,may,mon,12,8,999,1,failure,-1.8,92.89299999999999,-46.2,1.2990000000000002,5099.1,no
33,services,single,high.school,no,yes,no,telephone,may,mon,32,5,999,0,nonexistent,-1.8,92.89299999999999,-46.2,1.2990000000000002,5099.1,no
38,admin.,divorced,high.school,no,yes,no,cellular,may,mon,469,1,999,1,failure,-1.8,92.89299999999999,-46.2,1.2990000000000002,5099.1,no
44,blue-collar,married,basic.9y,no,yes,no,cellular,may,mon,58,1,999,1,failure,-1.8,92.89299999999999,-46.2,1.2990000000000002,5099.1,no
32,admin.,married,high.school,no,yes,no,cellular,may,mon,155,2,999,0,nonexistent,-1.8,92.89299999999999,-46.2,1.2990000000000002,5099.1,no
31,technician,single,university.degree,no,no,no,cellular,may,mon,629,1,999,1,failure,-1.8,92.89299999999999,-46.2,1.2990000000000002,5099.1,yes
37,admin.,married,high.school,no,no,no,telephone,may,mon,42,1,999,0,nonexistent,-1.8,92.89299999999999,-46.2,1.2990000000000002,5099.1,no
36,blue-collar,married,basic.6y,no,no,no,cellular,may,mon,460,1,999,0,nonexistent,-1.8,92.89299999999999,-46.2,1.2990000000000002,5099.1,no
32,technician,single,professional.course,no,yes,no,cellular,may,mon,183,1,999,0,nonexistent,-1.8,92.89299999999999,-46.2,1.2990000000000002,5099.1,no
32,technician,single,professional.course,no,yes,no,cellular,may,mon,242,1,999,0,nonexistent,-1.8,92.89299999999999,-46.2,1.2990000000000002,5099.1,no
36,blue-collar,married,basic.9y,no,no,no,cellular,may,mon,8,6,999,0,nonexistent,-1.8,92.89299999999999,-46.2,1.2990000000000002,5099.1,no
45,technician,unknown,basic.6y,no,no,no,cellular,may,mon,197,1,999,1,failure,-1.8,92.89299999999999,-46.2,1.2990000000000002,5099.1,no
26,student,single,basic.4y,no,no,yes,cellular,may,mon,802,2,999,0,nonexistent,-1.8,92.89299999999999,-46.2,1.2990000000000002,5099.1,yes
31,technician,single,university.degree,no,yes,no,cellular,may,mon,1514,1,999,1,failure,-1.8,92.89299999999999,-46.2,1.2990000000000002,5099.1,yes
40,blue-collar,married,basic.4y,no,no,no,cellular,may,mon,15,7,999,0,nonexistent,-1.8,92.89299999999999,-46.2,1.2990000000000002,5099.1,no
52,blue-collar,married,basic.9y,no,no,no,cellular,may,mon,182,2,999,0,nonexistent,-1.8,92.89299999999999,-46.2,1.2990000000000002,5099.1,no
34,technician,married,professional.course,no,yes,no,cellular,may,mon,934,1,999,1,failure,-1.8,92.89299999999999,-46.2,1.2990000000000002,5099.1,yes
36,blue-collar,divorced,basic.9y,no,yes,no,cellular,may,mon,422,1,12,1,success,-1.8,92.89299999999999,-46.2,1.2990000000000002,5099.1,no
51,blue-collar,married,basic.4y,unknown,no,no,cellular,may,mon,214,2,999,1,failure,-1.8,92.89299999999999,-46.2,1.2990000000000002,5099.1,no
26,blue-collar,married,basic.6y,no,yes,no,cellular,may,mon,152,1,999,0,nonexistent,-1.8,92.89299999999999,-46.2,1.2990000000000002,5099.1,no
34,blue-collar,married,basic.9y,no,no,no,cellular,may,mon,248,1,999,1,failure,-1.8,92.89299999999999,-46.2,1.2990000000000002,5099.1,no
27,self-employed,married,university.degree,no,yes,no,cellular,may,mon,141,1,999,0,nonexistent,-1.8,92.89299999999999,-46.2,1.2990000000000002,5099.1,no
30,admin.,single,university.degree,no,yes,no,cellular,may,mon,67,1,999,0,nonexistent,-1.8,92.89299999999999,-46.2,1.2990000000000002,5099.1,no
32,housemaid,single,basic.9y,no,yes,no,cellular,may,mon,279,1,999,1,failure,-1.8,92.89299999999999,-46.2,1.2990000000000002,5099.1,no
30,admin.,single,university.degree,no,yes,no,cellular,may,mon,188,1,999,0,nonexistent,-1.8,92.89299999999999,-46.2,1.2990000000000002,5099.1,no
54,management,married,high.school,unknown,yes,no,cellular,may,mon,254,2,999,1,failure,-1.8,92.89299999999999,-46.2,1.2990000000000002,5099.1,no
38,blue-collar,married,basic.6y,no,yes,no,cellular,may,mon,135,2,999,0,nonexistent,-1.8,92.89299999999999,-46.2,1.2990000000000002,5099.1,no
51,entrepreneur,divorced,university.degree,no,yes,no,telephone,may,mon,231,1,999,1,failure,-1.8,92.89299999999999,-46.2,1.2990000000000002,5099.1,no
51,entrepreneur,divorced,university.degree,no,no,no,cellular,may,mon,227,1,999,0,nonexistent,-1.8,92.89299999999999,-46.2,1.2990000000000002,5099.1,no
35,blue-collar,married,basic.4y,no,yes,no,cellular,may,mon,220,1,999,1,failure,-1.8,92.89299999999999,-46.2,1.2990000000000002,5099.1,no
53,admin.,married,university.degree,no,yes,no,cellular,may,mon,202,3,999,1,failure,-1.8,92.89299999999999,-46.2,1.2990000000000002,5099.1,no
33,technician,single,university.degree,no,yes,no,cellular,may,mon,340,1,999,1,failure,-1.8,92.89299999999999,-46.2,1.2990000000000002,5099.1,no
46,blue-collar,married,basic.4y,no,yes,no,cellular,may,mon,549,1,999,0,nonexistent,-1.8,92.89299999999999,-46.2,1.2990000000000002,5099.1,no
31,admin.,divorced,high.school,no,yes,no,cellular,may,mon,472,1,999,1,failure,-1.8,92.89299999999999,-46.2,1.2990000000000002,5099.1,no
27,admin.,single,university.degree,no,no,no,cellular,may,mon,409,1,1,1,success,-1.8,92.89299999999999,-46.2,1.2990000000000002,5099.1,no
31,admin.,divorced,high.school,no,no,no,cellular,may,mon,479,1,999,0,nonexistent,-1.8,92.89299999999999,-46.2,1.2990000000000002,5099.1,no
48,blue-collar,married,basic.9y,unknown,no,no,cellular,may,mon,236,1,999,0,nonexistent,-1.8,92.89299999999999,-46.2,1.2990000000000002,5099.1,no
30,technician,single,professional.course,no,yes,no,cellular,may,mon,308,1,999,0,nonexistent,-1.8,92.89299999999999,-46.2,1.2990000000000002,5099.1,no
30,blue-collar,married,basic.6y,unknown,yes,no,cellular,may,mon,91,1,999,0,nonexistent,-1.8,92.89299999999999,-46.2,1.2990000000000002,5099.1,no
42,blue-collar,married,basic.6y,unknown,no,no,cellular,may,mon,15,6,999,0,nonexistent,-1.8,92.89299999999999,-46.2,1.2990000000000002,5099.1,no
52,blue-collar,married,basic.9y,unknown,yes,no,cellular,may,mon,186,1,999,0,nonexistent,-1.8,92.89299999999999,-46.2,1.2990000000000002,5099.1,no
28,blue-collar,married,basic.6y,no,no,no,cellular,may,mon,200,2,999,0,nonexistent,-1.8,92.89299999999999,-46.2,1.2990000000000002,5099.1,no
32,services,married,high.school,no,no,no,cellular,may,mon,161,2,999,0,nonexistent,-1.8,92.89299999999999,-46.2,1.2990000000000002,5099.1,no
35,technician,married,university.degree,no,yes,no,cellular,may,mon,262,3,999,0,nonexistent,-1.8,92.89299999999999,-46.2,1.2990000000000002,5099.1,no
39,services,married,high.school,no,yes,no,cellular,may,mon,49,1,999,1,failure,-1.8,92.89299999999999,-46.2,1.2990000000000002,5099.1,no
31,services,single,high.school,no,no,yes,cellular,may,mon,369,2,999,1,failure,-1.8,92.89299999999999,-46.2,1.2990000000000002,5099.1,no
27,admin.,single,university.degree,no,yes,no,cellular,may,mon,471,2,999,1,failure,-1.8,92.89299999999999,-46.2,1.2990000000000002,5099.1,no
39,services,married,high.school,no,yes,no,cellular,may,mon,198,1,999,0,nonexistent,-1.8,92.89299999999999,-46.2,1.2990000000000002,5099.1,no
42,management,married,university.degree,no,yes,no,cellular,may,mon,568,1,999,0,nonexistent,-1.8,92.89299999999999,-46.2,1.2990000000000002,5099.1,no
39,services,married,high.school,no,no,no,cellular,may,mon,410,1,999,0,nonexistent,-1.8,92.89299999999999,-46.2,1.2990000000000002,5099.1,no
55,blue-collar,divorced,basic.4y,unknown,yes,yes,cellular,may,mon,163,1,999,1,failure,-1.8,92.89299999999999,-46.2,1.2990000000000002,5099.1,no
47,blue-collar,married,unknown,no,yes,no,cellular,may,mon,100,1,999,0,nonexistent,-1.8,92.89299999999999,-46.2,1.2990000000000002,5099.1,no
51,entrepreneur,married,professional.course,unknown,no,no,cellular,may,mon,59,1,999,0,nonexistent,-1.8,92.89299999999999,-46.2,1.2990000000000002,5099.1,no
41,technician,single,professional.course,no,no,no,cellular,may,mon,686,1,999,0,nonexistent,-1.8,92.89299999999999,-46.2,1.2990000000000002,5099.1,no
32,technician,single,high.school,no,no,no,telephone,may,mon,28,1,999,0,nonexistent,-1.8,92.89299999999999,-46.2,1.2990000000000002,5099.1,no
51,entrepreneur,married,professional.course,unknown,no,no,cellular,may,mon,256,1,999,0,nonexistent,-1.8,92.89299999999999,-46.2,1.2990000000000002,5099.1,no
51,entrepreneur,married,professional.course,unknown,no,no,cellular,may,mon,295,1,999,1,failure,-1.8,92.89299999999999,-46.2,1.2990000000000002,5099.1,no
46,management,single,university.degree,no,no,yes,cellular,may,mon,114,2,999,0,nonexistent,-1.8,92.89299999999999,-46.2,1.2990000000000002,5099.1,no
57,technician,married,university.degree,no,no,no,cellular,may,mon,200,6,999,1,failure,-1.8,92.89299999999999,-46.2,1.2990000000000002,5099.1,no
29,technician,single,basic.9y,no,yes,no,cellular,may,mon,170,1,999,1,failure,-1.8,92.89299999999999,-46.2,1.2990000000000002,5099.1,no
50,blue-collar,married,basic.4y,no,no,no,cellular,may,mon,474,1,9,1,success,-1.8,92.89299999999999,-46.2,1.2990000000000002,5099.1,yes
47,blue-collar,married,basic.4y,unknown,yes,no,cellular,may,mon,101,1,999,1,failure,-1.8,92.89299999999999,-46.2,1.2990000000000002,5099.1,no
38,blue-collar,married,high.school,unknown,yes,no,cellular,may,mon,306,1,999,0,nonexistent,-1.8,92.89299999999999,-46.2,1.2990000000000002,5099.1,no
47,blue-collar,married,basic.4y,unknown,yes,no,cellular,may,mon,115,1,999,1,failure,-1.8,92.89299999999999,-46.2,1.2990000000000002,5099.1,no
30,blue-collar,married,basic.9y,no,yes,yes,cellular,may,mon,231,1,999,0,nonexistent,-1.8,92.89299999999999,-46.2,1.2990000000000002,5099.1,no
34,admin.,single,university.degree,no,no,yes,cellular,may,mon,14,5,999,0,nonexistent,-1.8,92.89299999999999,-46.2,1.2990000000000002,5099.1,no
56,management,married,professional.course,no,yes,no,cellular,may,mon,240,2,999,1,failure,-1.8,92.89299999999999,-46.2,1.2990000000000002,5099.1,no
27,technician,single,basic.9y,no,no,yes,cellular,may,mon,701,1,12,1,success,-1.8,92.89299999999999,-46.2,1.2990000000000002,5099.1,yes
29,blue-collar,married,basic.9y,no,yes,no,cellular,may,mon,666,1,999,0,nonexistent,-1.8,92.89299999999999,-46.2,1.2990000000000002,5099.1,yes
31,admin.,married,university.degree,no,yes,no,cellular,may,mon,712,1,999,0,nonexistent,-1.8,92.89299999999999,-46.2,1.2990000000000002,5099.1,no
47,admin.,single,high.school,no,no,no,cellular,may,mon,219,1,999,1,failure,-1.8,92.89299999999999,-46.2,1.2990000000000002,5099.1,no
36,services,married,basic.6y,unknown,yes,no,cellular,may,mon,102,6,999,1,failure,-1.8,92.89299999999999,-46.2,1.2990000000000002,5099.1,no
45,blue-collar,divorced,basic.4y,no,yes,no,cellular,may,mon,190,1,999,1,failure,-1.8,92.89299999999999,-46.2,1.2990000000000002,5099.1,no
39,blue-collar,married,basic.4y,no,no,no,cellular,may,mon,181,1,999,0,nonexistent,-1.8,92.89299999999999,-46.2,1.2990000000000002,5099.1,no
34,blue-collar,single,basic.6y,no,no,no,cellular,may,mon,204,2,999,0,nonexistent,-1.8,92.89299999999999,-46.2,1.2990000000000002,5099.1,no
26,services,single,high.school,no,yes,no,cellular,may,mon,274,1,999,0,nonexistent,-1.8,92.89299999999999,-46.2,1.2990000000000002,5099.1,no
48,admin.,divorced,basic.4y,no,yes,no,cellular,may,mon,227,1,999,0,nonexistent,-1.8,92.89299999999999,-46.2,1.2990000000000002,5099.1,no
35,blue-collar,single,basic.4y,unknown,yes,yes,cellular,may,mon,46,2,999,0,nonexistent,-1.8,92.89299999999999,-46.2,1.2990000000000002,5099.1,no
43,blue-collar,married,basic.9y,unknown,no,no,cellular,may,mon,7,6,999,0,nonexistent,-1.8,92.89299999999999,-46.2,1.2990000000000002,5099.1,no
27,admin.,single,university.degree,no,yes,no,cellular,may,mon,490,2,999,0,nonexistent,-1.8,92.89299999999999,-46.2,1.2990000000000002,5099.1,no
36,services,married,university.degree,no,yes,no,cellular,may,mon,105,1,999,1,failure,-1.8,92.89299999999999,-46.2,1.2990000000000002,5099.1,no
36,services,married,university.degree,no,no,no,cellular,may,mon,189,1,999,0,nonexistent,-1.8,92.89299999999999,-46.2,1.2990000000000002,5099.1,no
28,blue-collar,married,basic.4y,no,no,no,cellular,may,mon,87,2,999,0,nonexistent,-1.8,92.89299999999999,-46.2,1.2990000000000002,5099.1,no
35,admin.,single,university.degree,no,no,no,cellular,may,mon,386,1,999,0,nonexistent,-1.8,92.89299999999999,-46.2,1.2990000000000002,5099.1,no
51,admin.,married,basic.9y,unknown,yes,no,cellular,may,mon,18,6,6,2,success,-1.8,92.89299999999999,-46.2,1.2990000000000002,5099.1,no
39,blue-collar,married,professional.course,no,no,no,cellular,may,mon,149,1,999,1,failure,-1.8,92.89299999999999,-46.2,1.2990000000000002,5099.1,no
40,admin.,single,high.school,unknown,yes,no,cellular,may,mon,222,2,999,1,failure,-1.8,92.89299999999999,-46.2,1.2990000000000002,5099.1,no
34,technician,married,high.school,no,yes,no,cellular,may,mon,225,1,999,1,failure,-1.8,92.89299999999999,-46.2,1.2990000000000002,5099.1,no
47,blue-collar,married,basic.6y,unknown,yes,no,telephone,may,mon,21,1,999,0,nonexistent,-1.8,92.89299999999999,-46.2,1.2990000000000002,5099.1,no
38,blue-collar,married,high.school,unknown,no,no,cellular,may,mon,627,2,999,0,nonexistent,-1.8,92.89299999999999,-46.2,1.2990000000000002,5099.1,no
31,services,single,high.school,no,yes,no,cellular,may,mon,151,2,999,1,failure,-1.8,92.89299999999999,-46.2,1.2990000000000002,5099.1,no
44,admin.,single,professional.course,no,yes,no,cellular,may,mon,105,3,999,0,nonexistent,-1.8,92.89299999999999,-46.2,1.2990000000000002,5099.1,no
35,admin.,single,university.degree,no,yes,no,cellular,may,mon,8,5,999,0,nonexistent,-1.8,92.89299999999999,-46.2,1.2990000000000002,5099.1,no
34,blue-collar,single,basic.9y,no,no,no,cellular,may,mon,281,2,999,1,failure,-1.8,92.89299999999999,-46.2,1.2990000000000002,5099.1,no
34,technician,married,high.school,no,no,no,cellular,may,mon,347,1,999,1,failure,-1.8,92.89299999999999,-46.2,1.2990000000000002,5099.1,no
34,technician,married,basic.9y,no,no,no,cellular,may,mon,103,1,999,0,nonexistent,-1.8,92.89299999999999,-46.2,1.2990000000000002,5099.1,no
34,technician,married,basic.9y,no,yes,no,cellular,may,mon,95,1,999,0,nonexistent,-1.8,92.89299999999999,-46.2,1.2990000000000002,5099.1,no
37,blue-collar,married,basic.9y,no,no,no,cellular,may,mon,214,8,999,1,failure,-1.8,92.89299999999999,-46.2,1.2990000000000002,5099.1,no
50,blue-collar,married,basic.4y,no,yes,yes,cellular,may,mon,197,2,999,0,nonexistent,-1.8,92.89299999999999,-46.2,1.2990000000000002,5099.1,no
27,unknown,single,high.school,unknown,yes,yes,cellular,may,mon,628,1,999,0,nonexistent,-1.8,92.89299999999999,-46.2,1.2990000000000002,5099.1,no
37,admin.,single,university.degree,no,no,yes,cellular,may,mon,553,1,999,1,failure,-1.8,92.89299999999999,-46.2,1.2990000000000002,5099.1,no
31,blue-collar,married,basic.6y,no,no,no,cellular,may,mon,225,1,999,0,nonexistent,-1.8,92.89299999999999,-46.2,1.2990000000000002,5099.1,no
32,blue-collar,married,basic.9y,no,no,yes,cellular,may,mon,49,1,999,0,nonexistent,-1.8,92.89299999999999,-46.2,1.2990000000000002,5099.1,no
49,services,married,high.school,no,no,no,telephone,may,mon,86,1,999,1,failure,-1.8,92.89299999999999,-46.2,1.2990000000000002,5099.1,no
33,unemployed,married,basic.9y,no,yes,yes,cellular,may,mon,21,6,999,0,nonexistent,-1.8,92.89299999999999,-46.2,1.2990000000000002,5099.1,no
49,services,married,high.school,no,yes,no,cellular,may,mon,165,1,999,1,failure,-1.8,92.89299999999999,-46.2,1.2990000000000002,5099.1,no
34,unemployed,married,basic.9y,no,no,no,cellular,may,mon,123,2,999,0,nonexistent,-1.8,92.89299999999999,-46.2,1.2990000000000002,5099.1,no
37,blue-collar,married,basic.6y,no,no,no,cellular,may,mon,54,1,999,0,nonexistent,-1.8,92.89299999999999,-46.2,1.2990000000000002,5099.1,no
28,technician,married,university.degree,no,no,no,cellular,may,mon,41,1,999,0,nonexistent,-1.8,92.89299999999999,-46.2,1.2990000000000002,5099.1,no
27,blue-collar,married,basic.9y,no,no,no,cellular,may,mon,653,1,999,0,nonexistent,-1.8,92.89299999999999,-46.2,1.2990000000000002,5099.1,yes
37,blue-collar,married,basic.6y,no,no,no,cellular,may,mon,327,1,999,0,nonexistent,-1.8,92.89299999999999,-46.2,1.2990000000000002,5099.1,no
31,management,single,university.degree,no,yes,yes,cellular,may,mon,68,1,999,0,nonexistent,-1.8,92.89299999999999,-46.2,1.2990000000000002,5099.1,no
32,technician,single,professional.course,no,yes,yes,cellular,may,mon,214,3,999,1,failure,-1.8,92.89299999999999,-46.2,1.2990000000000002,5099.1,no
33,blue-collar,married,basic.9y,no,yes,yes,cellular,may,mon,239,2,999,0,nonexistent,-1.8,92.89299999999999,-46.2,1.2990000000000002,5099.1,no
32,technician,married,high.school,no,yes,no,cellular,may,mon,329,3,999,0,nonexistent,-1.8,92.89299999999999,-46.2,1.2990000000000002,5099.1,no
32,blue-collar,married,basic.9y,unknown,yes,yes,cellular,may,mon,29,3,999,0,nonexistent,-1.8,92.89299999999999,-46.2,1.2990000000000002,5099.1,no
26,admin.,single,high.school,no,no,no,cellular,may,mon,610,2,999,0,nonexistent,-1.8,92.89299999999999,-46.2,1.2990000000000002,5099.1,yes
31,technician,single,professional.course,no,yes,yes,cellular,may,mon,282,1,999,0,nonexistent,-1.8,92.89299999999999,-46.2,1.2990000000000002,5099.1,no
35,admin.,single,university.degree,no,yes,no,cellular,may,mon,75,1,999,1,failure,-1.8,92.89299999999999,-46.2,1.2990000000000002,5099.1,no
41,services,divorced,high.school,no,yes,no,cellular,may,mon,622,1,999,0,nonexistent,-1.8,92.89299999999999,-46.2,1.2990000000000002,5099.1,no
34,admin.,unknown,university.degree,no,yes,yes,cellular,may,mon,56,1,999,1,failure,-1.8,92.89299999999999,-46.2,1.2990000000000002,5099.1,no
27,student,single,university.degree,unknown,no,no,cellular,may,mon,489,2,999,0,nonexistent,-1.8,92.89299999999999,-46.2,1.2990000000000002,5099.1,no
39,blue-collar,single,basic.9y,no,no,no,cellular,may,mon,583,2,999,0,nonexistent,-1.8,92.89299999999999,-46.2,1.2990000000000002,5099.1,yes
34,admin.,unknown,university.degree,no,yes,no,cellular,may,mon,304,1,999,1,failure,-1.8,92.89299999999999,-46.2,1.2990000000000002,5099.1,no
24,services,married,high.school,no,yes,no,cellular,may,mon,278,1,999,0,nonexistent,-1.8,92.89299999999999,-46.2,1.2990000000000002,5099.1,no
37,technician,divorced,professional.course,no,no,no,cellular,may,mon,66,1,999,1,failure,-1.8,92.89299999999999,-46.2,1.2990000000000002,5099.1,no
36,admin.,married,high.school,no,no,no,cellular,may,mon,68,1,999,0,nonexistent,-1.8,92.89299999999999,-46.2,1.2990000000000002,5099.1,no
39,admin.,married,high.school,no,yes,no,cellular,may,mon,432,2,999,0,nonexistent,-1.8,92.89299999999999,-46.2,1.2990000000000002,5099.1,no
29,admin.,divorced,high.school,no,yes,yes,cellular,may,mon,78,2,999,1,failure,-1.8,92.89299999999999,-46.2,1.2990000000000002,5099.1,no
27,technician,married,professional.course,no,yes,no,cellular,may,mon,275,1,999,0,nonexistent,-1.8,92.89299999999999,-46.2,1.2990000000000002,5099.1,no
35,technician,single,professional.course,no,unknown,unknown,cellular,may,mon,146,2,999,0,nonexistent,-1.8,92.89299999999999,-46.2,1.2990000000000002,5099.1,no
39,admin.,single,university.degree,no,yes,yes,cellular,may,mon,292,1,999,0,nonexistent,-1.8,92.89299999999999,-46.2,1.2990000000000002,5099.1,no
29,blue-collar,single,high.school,no,yes,no,cellular,may,mon,134,2,999,1,failure,-1.8,92.89299999999999,-46.2,1.2990000000000002,5099.1,no
39,blue-collar,single,basic.9y,no,yes,no,cellular,may,mon,333,1,999,0,nonexistent,-1.8,92.89299999999999,-46.2,1.2990000000000002,5099.1,no
54,blue-collar,married,basic.4y,no,no,no,cellular,may,mon,50,1,999,0,nonexistent,-1.8,92.89299999999999,-46.2,1.2990000000000002,5099.1,no
27,entrepreneur,married,university.degree,no,yes,no,cellular,may,mon,207,1,999,1,failure,-1.8,92.89299999999999,-46.2,1.2990000000000002,5099.1,no
31,technician,single,high.school,no,no,no,cellular,may,mon,552,2,999,1,failure,-1.8,92.89299999999999,-46.2,1.2990000000000002,5099.1,no
33,services,married,basic.6y,no,yes,no,cellular,may,mon,72,4,999,0,nonexistent,-1.8,92.89299999999999,-46.2,1.2990000000000002,5099.1,no
33,admin.,married,high.school,unknown,yes,no,cellular,may,mon,412,1,999,0,nonexistent,-1.8,92.89299999999999,-46.2,1.2990000000000002,5099.1,no
28,blue-collar,single,professional.course,no,no,no,cellular,may,mon,299,2,999,0,nonexistent,-1.8,92.89299999999999,-46.2,1.2990000000000002,5099.1,no
49,blue-collar,single,basic.4y,no,yes,no,cellular,may,mon,251,1,999,0,nonexistent,-1.8,92.89299999999999,-46.2,1.2990000000000002,5099.1,no
39,blue-collar,married,basic.9y,unknown,yes,no,cellular,may,mon,400,2,999,1,failure,-1.8,92.89299999999999,-46.2,1.2990000000000002,5099.1,no
32,blue-collar,married,basic.6y,no,yes,yes,cellular,may,mon,101,2,999,0,nonexistent,-1.8,92.89299999999999,-46.2,1.2990000000000002,5099.1,no
30,admin.,married,high.school,no,yes,yes,cellular,may,mon,82,9,999,0,nonexistent,-1.8,92.89299999999999,-46.2,1.2990000000000002,5099.1,no
52,services,married,high.school,unknown,yes,no,cellular,may,mon,930,1,999,0,nonexistent,-1.8,92.89299999999999,-46.2,1.2990000000000002,5099.1,yes
32,admin.,married,basic.6y,no,yes,no,cellular,may,mon,262,2,999,1,failure,-1.8,92.89299999999999,-46.2,1.2990000000000002,5099.1,no
29,admin.,single,basic.9y,no,no,no,cellular,may,mon,177,4,999,1,failure,-1.8,92.89299999999999,-46.2,1.2990000000000002,5099.1,no
42,blue-collar,married,basic.4y,no,no,no,cellular,may,mon,124,2,999,1,failure,-1.8,92.89299999999999,-46.2,1.2990000000000002,5099.1,no
31,admin.,divorced,university.degree,no,no,no,cellular,may,mon,239,3,999,1,failure,-1.8,92.89299999999999,-46.2,1.2990000000000002,5099.1,no
39,blue-collar,married,basic.4y,no,no,no,cellular,may,mon,158,2,999,0,nonexistent,-1.8,92.89299999999999,-46.2,1.2990000000000002,5099.1,no
36,admin.,married,university.degree,no,no,no,cellular,may,mon,91,3,999,0,nonexistent,-1.8,92.89299999999999,-46.2,1.2990000000000002,5099.1,no
28,blue-collar,married,basic.4y,no,no,no,cellular,may,mon,52,2,999,0,nonexistent,-1.8,92.89299999999999,-46.2,1.2990000000000002,5099.1,no
39,services,married,high.school,no,no,no,cellular,may,mon,294,2,999,0,nonexistent,-1.8,92.89299999999999,-46.2,1.2990000000000002,5099.1,no
30,blue-collar,married,basic.9y,no,yes,no,cellular,may,mon,175,5,999,0,nonexistent,-1.8,92.89299999999999,-46.2,1.2990000000000002,5099.1,no
34,services,divorced,basic.9y,no,no,yes,cellular,may,mon,295,3,999,0,nonexistent,-1.8,92.89299999999999,-46.2,1.2990000000000002,5099.1,no
48,admin.,divorced,high.school,unknown,no,no,cellular,may,mon,146,1,999,0,nonexistent,-1.8,92.89299999999999,-46.2,1.2990000000000002,5099.1,no
28,blue-collar,married,basic.4y,no,no,no,cellular,may,mon,505,2,999,0,nonexistent,-1.8,92.89299999999999,-46.2,1.2990000000000002,5099.1,no
31,technician,married,university.degree,no,yes,no,cellular,may,mon,580,1,999,0,nonexistent,-1.8,92.89299999999999,-46.2,1.2990000000000002,5099.1,no
55,management,married,university.degree,no,yes,no,cellular,may,mon,90,1,999,1,failure,-1.8,92.89299999999999,-46.2,1.2990000000000002,5099.1,no
27,housemaid,married,basic.6y,no,no,no,cellular,may,mon,608,3,999,0,nonexistent,-1.8,92.89299999999999,-46.2,1.2990000000000002,5099.1,yes
48,admin.,divorced,high.school,unknown,yes,yes,cellular,may,mon,466,1,999,0,nonexistent,-1.8,92.89299999999999,-46.2,1.2990000000000002,5099.1,yes
49,entrepreneur,married,basic.6y,unknown,yes,yes,cellular,may,mon,330,2,999,1,failure,-1.8,92.89299999999999,-46.2,1.2990000000000002,5099.1,no
46,management,married,basic.6y,no,yes,yes,telephone,may,mon,26,1,999,0,nonexistent,-1.8,92.89299999999999,-46.2,1.2990000000000002,5099.1,no
26,admin.,single,university.degree,no,yes,no,cellular,may,mon,76,2,999,1,failure,-1.8,92.89299999999999,-46.2,1.2990000000000002,5099.1,no
30,blue-collar,married,basic.4y,no,no,yes,cellular,may,mon,255,1,999,0,nonexistent,-1.8,92.89299999999999,-46.2,1.2990000000000002,5099.1,no
28,services,married,high.school,no,yes,no,cellular,may,mon,643,2,999,0,nonexistent,-1.8,92.89299999999999,-46.2,1.2990000000000002,5099.1,no
31,blue-collar,married,basic.9y,no,yes,no,cellular,may,mon,475,1,999,1,failure,-1.8,92.89299999999999,-46.2,1.2990000000000002,5099.1,yes
57,technician,married,high.school,no,yes,no,cellular,may,mon,74,1,999,0,nonexistent,-1.8,92.89299999999999,-46.2,1.2990000000000002,5099.1,no
28,blue-collar,married,basic.6y,unknown,no,no,cellular,may,mon,68,2,999,1,failure,-1.8,92.89299999999999,-46.2,1.2990000000000002,5099.1,no
29,admin.,single,high.school,no,yes,no,telephone,may,mon,41,2,999,1,failure,-1.8,92.89299999999999,-46.2,1.2990000000000002,5099.1,no
38,blue-collar,divorced,basic.4y,unknown,no,no,telephone,may,mon,168,3,999,0,nonexistent,-1.8,92.89299999999999,-46.2,1.2990000000000002,5099.1,no
32,blue-collar,married,basic.9y,no,yes,yes,cellular,may,mon,93,2,999,0,nonexistent,-1.8,92.89299999999999,-46.2,1.2990000000000002,5099.1,no
57,technician,married,high.school,no,no,yes,cellular,may,mon,161,1,999,0,nonexistent,-1.8,92.89299999999999,-46.2,1.2990000000000002,5099.1,no
35,services,divorced,university.degree,no,yes,no,cellular,may,mon,215,1,999,0,nonexistent,-1.8,92.89299999999999,-46.2,1.2990000000000002,5099.1,no
46,management,married,basic.6y,no,no,no,cellular,may,mon,966,1,999,0,nonexistent,-1.8,92.89299999999999,-46.2,1.2990000000000002,5099.1,yes
57,technician,married,high.school,no,yes,no,cellular,may,mon,758,1,999,1,failure,-1.8,92.89299999999999,-46.2,1.2990000000000002,5099.1,no
50,admin.,single,basic.9y,unknown,no,yes,telephone,may,mon,52,1,999,0,nonexistent,-1.8,92.89299999999999,-46.2,1.2990000000000002,5099.1,no
57,technician,married,high.school,no,no,yes,cellular,may,mon,371,1,999,1,failure,-1.8,92.89299999999999,-46.2,1.2990000000000002,5099.1,no
47,blue-collar,married,basic.4y,unknown,yes,no,cellular,may,mon,369,1,999,0,nonexistent,-1.8,92.89299999999999,-46.2,1.2990000000000002,5099.1,no
54,management,married,basic.4y,unknown,yes,no,cellular,may,mon,264,1,999,0,nonexistent,-1.8,92.89299999999999,-46.2,1.2990000000000002,5099.1,no
32,technician,married,professional.course,no,yes,no,cellular,may,mon,246,1,999,0,nonexistent,-1.8,92.89299999999999,-46.2,1.2990000000000002,5099.1,no
53,self-employed,married,basic.4y,unknown,yes,no,cellular,may,mon,145,2,999,1,failure,-1.8,92.89299999999999,-46.2,1.2990000000000002,5099.1,no
36,admin.,married,high.school,no,yes,no,cellular,may,mon,329,2,999,0,nonexistent,-1.8,92.89299999999999,-46.2,1.2990000000000002,5099.1,no
30,services,divorced,high.school,no,no,no,cellular,may,mon,159,2,11,1,success,-1.8,92.89299999999999,-46.2,1.2990000000000002,5099.1,no
30,blue-collar,single,basic.9y,unknown,yes,no,cellular,may,mon,242,3,999,0,nonexistent,-1.8,92.89299999999999,-46.2,1.2990000000000002,5099.1,no
30,blue-collar,married,basic.6y,no,yes,no,cellular,may,mon,77,1,999,1,failure,-1.8,92.89299999999999,-46.2,1.2990000000000002,5099.1,no
40,services,divorced,high.school,no,yes,no,cellular,may,mon,262,2,999,0,nonexistent,-1.8,92.89299999999999,-46.2,1.2990000000000002,5099.1,no
28,blue-collar,married,basic.9y,unknown,unknown,unknown,telephone,may,mon,267,1,999,1,failure,-1.8,92.89299999999999,-46.2,1.2990000000000002,5099.1,no
29,entrepreneur,married,basic.4y,unknown,yes,no,telephone,may,mon,224,3,999,0,nonexistent,-1.8,92.89299999999999,-46.2,1.2990000000000002,5099.1,no
46,blue-collar,married,basic.4y,unknown,yes,no,cellular,may,mon,184,2,999,0,nonexistent,-1.8,92.89299999999999,-46.2,1.2990000000000002,5099.1,no
33,blue-collar,single,basic.9y,unknown,yes,yes,cellular,may,mon,143,3,999,1,failure,-1.8,92.89299999999999,-46.2,1.2990000000000002,5099.1,no
45,management,married,basic.9y,unknown,yes,no,cellular,may,mon,288,1,999,1,failure,-1.8,92.89299999999999,-46.2,1.2990000000000002,5099.1,no
41,services,single,high.school,unknown,yes,no,cellular,may,mon,63,1,999,0,nonexistent,-1.8,92.89299999999999,-46.2,1.2990000000000002,5099.1,no
45,management,married,basic.9y,unknown,yes,no,cellular,may,mon,305,1,999,0,nonexistent,-1.8,92.89299999999999,-46.2,1.2990000000000002,5099.1,no
35,blue-collar,married,basic.4y,no,yes,no,cellular,may,mon,386,1,999,0,nonexistent,-1.8,92.89299999999999,-46.2,1.2990000000000002,5099.1,no
32,entrepreneur,married,high.school,no,yes,no,cellular,may,mon,101,2,999,1,failure,-1.8,92.89299999999999,-46.2,1.2990000000000002,5099.1,no
35,blue-collar,married,basic.4y,no,yes,no,cellular,may,mon,629,1,999,0,nonexistent,-1.8,92.89299999999999,-46.2,1.2990000000000002,5099.1,no
53,admin.,married,high.school,no,yes,yes,cellular,may,mon,186,2,999,1,failure,-1.8,92.89299999999999,-46.2,1.2990000000000002,5099.1,no
27,unknown,single,high.school,unknown,yes,no,cellular,may,mon,334,2,999,0,nonexistent,-1.8,92.89299999999999,-46.2,1.2990000000000002,5099.1,no
40,admin.,married,university.degree,no,yes,no,cellular,may,mon,174,2,999,0,nonexistent,-1.8,92.89299999999999,-46.2,1.2990000000000002,5099.1,no
38,admin.,divorced,university.degree,no,no,no,cellular,may,mon,79,3,999,0,nonexistent,-1.8,92.89299999999999,-46.2,1.2990000000000002,5099.1,no
32,blue-collar,married,basic.6y,no,yes,yes,cellular,may,mon,261,1,999,1,failure,-1.8,92.89299999999999,-46.2,1.2990000000000002,5099.1,no
46,admin.,married,basic.6y,unknown,no,yes,cellular,may,mon,270,1,999,1,failure,-1.8,92.89299999999999,-46.2,1.2990000000000002,5099.1,no
43,admin.,divorced,basic.9y,no,yes,no,cellular,may,mon,47,1,999,1,failure,-1.8,92.89299999999999,-46.2,1.2990000000000002,5099.1,no
47,blue-collar,married,high.school,no,yes,yes,cellular,may,mon,57,1,999,0,nonexistent,-1.8,92.89299999999999,-46.2,1.2990000000000002,5099.1,no
28,technician,single,professional.course,no,yes,no,cellular,may,mon,77,1,999,1,failure,-1.8,92.89299999999999,-46.2,1.2990000000000002,5099.1,no
57,technician,married,professional.course,no,yes,no,cellular,may,mon,190,2,999,0,nonexistent,-1.8,92.89299999999999,-46.2,1.2990000000000002,5099.1,no
34,blue-collar,single,university.degree,unknown,yes,no,cellular,may,mon,321,2,999,0,nonexistent,-1.8,92.89299999999999,-46.2,1.2990000000000002,5099.1,no
32,blue-collar,married,basic.4y,no,yes,no,cellular,may,mon,200,2,999,0,nonexistent,-1.8,92.89299999999999,-46.2,1.2990000000000002,5099.1,no
56,blue-collar,married,basic.4y,no,yes,no,cellular,may,mon,161,1,999,0,nonexistent,-1.8,92.89299999999999,-46.2,1.2990000000000002,5099.1,no
32,admin.,married,university.degree,no,yes,no,cellular,may,mon,188,2,999,0,nonexistent,-1.8,92.89299999999999,-46.2,1.2990000000000002,5099.1,no
49,blue-collar,married,basic.9y,unknown,no,yes,cellular,may,mon,204,1,999,1,failure,-1.8,92.89299999999999,-46.2,1.2990000000000002,5099.1,no
49,blue-collar,married,basic.9y,unknown,no,yes,cellular,may,mon,290,1,999,0,nonexistent,-1.8,92.89299999999999,-46.2,1.2990000000000002,5099.1,no
47,services,divorced,high.school,no,yes,no,cellular,may,mon,254,1,999,0,nonexistent,-1.8,92.89299999999999,-46.2,1.2990000000000002,5099.1,no
36,services,married,university.degree,no,yes,no,cellular,may,mon,97,2,999,1,failure,-1.8,92.89299999999999,-46.2,1.2990000000000002,5099.1,no
28,technician,single,professional.course,no,yes,no,telephone,may,mon,296,1,999,1,failure,-1.8,92.89299999999999,-46.2,1.2990000000000002,5099.1,no
48,admin.,divorced,high.school,unknown,no,no,cellular,may,mon,263,2,999,1,failure,-1.8,92.89299999999999,-46.2,1.2990000000000002,5099.1,no
42,admin.,married,university.degree,no,no,no,cellular,may,mon,98,2,999,1,failure,-1.8,92.89299999999999,-46.2,1.2990000000000002,5099.1,no
57,technician,married,high.school,no,yes,no,cellular,may,mon,228,1,999,0,nonexistent,-1.8,92.89299999999999,-46.2,1.2990000000000002,5099.1,no
31,admin.,divorced,high.school,no,yes,no,cellular,may,mon,274,2,999,0,nonexistent,-1.8,92.89299999999999,-46.2,1.2990000000000002,5099.1,no
42,management,married,university.degree,no,yes,no,cellular,may,mon,306,2,999,0,nonexistent,-1.8,92.89299999999999,-46.2,1.2990000000000002,5099.1,no
30,blue-collar,married,basic.6y,no,yes,yes,cellular,may,mon,429,2,999,0,nonexistent,-1.8,92.89299999999999,-46.2,1.2990000000000002,5099.1,no
52,admin.,single,basic.4y,no,no,no,cellular,may,mon,776,4,999,0,nonexistent,-1.8,92.89299999999999,-46.2,1.2990000000000002,5099.1,no
29,services,divorced,high.school,no,no,no,cellular,may,mon,150,2,999,1,failure,-1.8,92.89299999999999,-46.2,1.2990000000000002,5099.1,no
46,admin.,married,basic.6y,unknown,yes,no,cellular,may,mon,275,2,999,0,nonexistent,-1.8,92.89299999999999,-46.2,1.2990000000000002,5099.1,no
25,student,single,high.school,unknown,yes,no,cellular,may,mon,160,2,999,0,nonexistent,-1.8,92.89299999999999,-46.2,1.2990000000000002,5099.1,no
27,entrepreneur,married,university.degree,no,yes,no,cellular,may,mon,153,2,999,0,nonexistent,-1.8,92.89299999999999,-46.2,1.2990000000000002,5099.1,no
32,blue-collar,married,basic.6y,no,yes,no,cellular,may,mon,146,2,999,0,nonexistent,-1.8,92.89299999999999,-46.2,1.2990000000000002,5099.1,no
38,services,married,high.school,unknown,no,no,cellular,may,mon,171,2,999,0,nonexistent,-1.8,92.89299999999999,-46.2,1.2990000000000002,5099.1,no
49,blue-collar,single,high.school,no,yes,no,cellular,may,mon,430,3,999,0,nonexistent,-1.8,92.89299999999999,-46.2,1.2990000000000002,5099.1,no
30,technician,single,basic.9y,no,no,yes,cellular,may,mon,189,1,999,0,nonexistent,-1.8,92.89299999999999,-46.2,1.2990000000000002,5099.1,no
31,technician,single,university.degree,no,no,no,cellular,may,mon,66,4,999,1,failure,-1.8,92.89299999999999,-46.2,1.2990000000000002,5099.1,no
28,blue-collar,single,professional.course,no,yes,no,cellular,may,mon,333,1,999,0,nonexistent,-1.8,92.89299999999999,-46.2,1.2990000000000002,5099.1,no
58,technician,divorced,basic.9y,no,no,no,cellular,may,mon,128,1,999,1,failure,-1.8,92.89299999999999,-46.2,1.2990000000000002,5099.1,no
36,entrepreneur,married,high.school,no,yes,yes,cellular,may,mon,102,1,999,0,nonexistent,-1.8,92.89299999999999,-46.2,1.2990000000000002,5099.1,no
31,services,married,basic.9y,no,no,no,cellular,may,mon,400,1,999,1,failure,-1.8,92.89299999999999,-46.2,1.2990000000000002,5099.1,no
29,blue-collar,married,basic.9y,no,yes,no,cellular,may,mon,175,1,999,0,nonexistent,-1.8,92.89299999999999,-46.2,1.2990000000000002,5099.1,no
33,admin.,married,university.degree,no,no,yes,cellular,may,mon,69,1,999,0,nonexistent,-1.8,92.89299999999999,-46.2,1.2990000000000002,5099.1,no
55,management,married,university.degree,no,yes,no,cellular,may,mon,126,2,999,0,nonexistent,-1.8,92.89299999999999,-46.2,1.2990000000000002,5099.1,no
35,blue-collar,married,basic.4y,no,no,yes,cellular,may,mon,285,2,999,1,failure,-1.8,92.89299999999999,-46.2,1.2990000000000002,5099.1,no
37,admin.,single,university.degree,no,yes,no,telephone,may,mon,168,5,999,0,nonexistent,-1.8,92.89299999999999,-46.2,1.2990000000000002,5099.1,no
35,blue-collar,married,basic.4y,no,no,no,cellular,may,mon,127,5,999,0,nonexistent,-1.8,92.89299999999999,-46.2,1.2990000000000002,5099.1,no
26,blue-collar,single,high.school,unknown,no,no,cellular,may,mon,314,2,999,0,nonexistent,-1.8,92.89299999999999,-46.2,1.2990000000000002,5099.1,no
44,technician,married,professional.course,no,yes,no,cellular,may,mon,147,3,999,1,failure,-1.8,92.89299999999999,-46.2,1.2990000000000002,5099.1,no
26,student,single,high.school,no,no,no,cellular,may,mon,472,2,999,0,nonexistent,-1.8,92.89299999999999,-46.2,1.2990000000000002,5099.1,no
44,admin.,married,high.school,no,yes,no,cellular,may,mon,246,1,999,0,nonexistent,-1.8,92.89299999999999,-46.2,1.2990000000000002,5099.1,no
30,services,single,high.school,no,yes,no,cellular,may,mon,213,2,999,1,failure,-1.8,92.89299999999999,-46.2,1.2990000000000002,5099.1,no
27,services,married,basic.9y,no,yes,no,cellular,may,mon,220,2,999,0,nonexistent,-1.8,92.89299999999999,-46.2,1.2990000000000002,5099.1,no
33,blue-collar,single,basic.9y,unknown,no,no,cellular,may,mon,130,3,999,0,nonexistent,-1.8,92.89299999999999,-46.2,1.2990000000000002,5099.1,no
32,blue-collar,married,basic.4y,no,no,no,cellular,may,mon,299,3,999,0,nonexistent,-1.8,92.89299999999999,-46.2,1.2990000000000002,5099.1,no
43,blue-collar,married,basic.9y,no,yes,no,cellular,may,mon,247,6,999,0,nonexistent,-1.8,92.89299999999999,-46.2,1.2990000000000002,5099.1,no
24,technician,single,basic.9y,no,yes,no,cellular,may,mon,111,6,999,0,nonexistent,-1.8,92.89299999999999,-46.2,1.2990000000000002,5099.1,no
37,entrepreneur,married,basic.9y,no,yes,no,cellular,may,mon,195,2,999,1,failure,-1.8,92.89299999999999,-46.2,1.2990000000000002,5099.1,no
32,admin.,single,high.school,no,yes,no,cellular,may,mon,148,2,999,0,nonexistent,-1.8,92.89299999999999,-46.2,1.2990000000000002,5099.1,no
30,services,married,high.school,no,no,no,cellular,may,mon,286,3,999,0,nonexistent,-1.8,92.89299999999999,-46.2,1.2990000000000002,5099.1,no
50,blue-collar,married,unknown,unknown,yes,no,cellular,may,mon,96,2,999,0,nonexistent,-1.8,92.89299999999999,-46.2,1.2990000000000002,5099.1,no
43,services,divorced,professional.course,no,no,no,telephone,may,mon,75,4,999,0,nonexistent,-1.8,92.89299999999999,-46.2,1.2990000000000002,5099.1,no
46,blue-collar,married,basic.9y,no,yes,yes,telephone,may,mon,386,2,999,0,nonexistent,-1.8,92.89299999999999,-46.2,1.2990000000000002,5099.1,no
30,blue-collar,married,basic.6y,no,yes,no,telephone,may,mon,544,3,999,0,nonexistent,-1.8,92.89299999999999,-46.2,1.2990000000000002,5099.1,no
36,blue-collar,married,basic.6y,no,yes,no,cellular,may,mon,127,2,999,1,failure,-1.8,92.89299999999999,-46.2,1.2990000000000002,5099.1,no
32,entrepreneur,married,basic.9y,no,no,no,cellular,may,mon,184,4,999,0,nonexistent,-1.8,92.89299999999999,-46.2,1.2990000000000002,5099.1,no
42,entrepreneur,married,basic.4y,unknown,no,no,cellular,may,mon,120,2,999,1,failure,-1.8,92.89299999999999,-46.2,1.2990000000000002,5099.1,no
39,blue-collar,married,basic.6y,unknown,no,no,cellular,may,mon,1232,2,999,0,nonexistent,-1.8,92.89299999999999,-46.2,1.2990000000000002,5099.1,yes
37,admin.,married,high.school,no,no,no,telephone,may,mon,193,2,999,0,nonexistent,-1.8,92.89299999999999,-46.2,1.2990000000000002,5099.1,no
54,blue-collar,divorced,unknown,unknown,no,no,cellular,may,mon,152,2,10,1,success,-1.8,92.89299999999999,-46.2,1.2990000000000002,5099.1,no
34,services,married,basic.9y,no,yes,yes,telephone,may,mon,437,2,999,1,failure,-1.8,92.89299999999999,-46.2,1.2990000000000002,5099.1,no
40,services,married,high.school,unknown,yes,no,cellular,may,mon,182,5,999,0,nonexistent,-1.8,92.89299999999999,-46.2,1.2990000000000002,5099.1,no
37,entrepreneur,married,basic.9y,no,no,no,cellular,may,mon,238,2,999,1,failure,-1.8,92.89299999999999,-46.2,1.2990000000000002,5099.1,no
33,blue-collar,single,basic.9y,no,no,no,cellular,may,mon,410,2,999,1,failure,-1.8,92.89299999999999,-46.2,1.2990000000000002,5099.1,no
47,blue-collar,married,basic.6y,unknown,yes,no,cellular,may,mon,472,2,999,0,nonexistent,-1.8,92.89299999999999,-46.2,1.2990000000000002,5099.1,no
35,blue-collar,single,basic.9y,unknown,yes,no,cellular,may,mon,83,2,999,1,failure,-1.8,92.89299999999999,-46.2,1.2990000000000002,5099.1,no
30,technician,single,professional.course,no,yes,no,cellular,may,mon,254,2,999,0,nonexistent,-1.8,92.89299999999999,-46.2,1.2990000000000002,5099.1,no
33,admin.,married,high.school,no,yes,yes,cellular,may,mon,56,3,999,0,nonexistent,-1.8,92.89299999999999,-46.2,1.2990000000000002,5099.1,no
50,services,married,high.school,unknown,no,no,cellular,may,mon,204,2,999,1,failure,-1.8,92.89299999999999,-46.2,1.2990000000000002,5099.1,no
37,housemaid,divorced,basic.9y,unknown,yes,no,telephone,may,mon,226,2,999,0,nonexistent,-1.8,92.89299999999999,-46.2,1.2990000000000002,5099.1,no
49,blue-collar,single,high.school,no,yes,yes,cellular,may,mon,217,6,999,0,nonexistent,-1.8,92.89299999999999,-46.2,1.2990000000000002,5099.1,no
30,entrepreneur,married,basic.6y,unknown,yes,no,cellular,may,mon,379,3,999,0,nonexistent,-1.8,92.89299999999999,-46.2,1.2990000000000002,5099.1,no
44,blue-collar,married,basic.9y,no,yes,yes,cellular,may,mon,145,2,999,0,nonexistent,-1.8,92.89299999999999,-46.2,1.2990000000000002,5099.1,no
35,technician,single,university.degree,no,yes,no,cellular,may,mon,271,2,999,0,nonexistent,-1.8,92.89299999999999,-46.2,1.2990000000000002,5099.1,no
31,blue-collar,married,basic.9y,no,no,no,cellular,may,mon,0,2,999,0,nonexistent,-1.8,92.89299999999999,-46.2,1.2990000000000002,5099.1,no
29,admin.,single,basic.9y,no,yes,no,cellular,may,mon,258,4,999,1,failure,-1.8,92.89299999999999,-46.2,1.2990000000000002,5099.1,no
33,services,married,basic.9y,no,unknown,unknown,cellular,may,mon,180,3,999,0,nonexistent,-1.8,92.89299999999999,-46.2,1.2990000000000002,5099.1,no
36,technician,single,professional.course,no,yes,no,cellular,may,mon,196,2,999,0,nonexistent,-1.8,92.89299999999999,-46.2,1.2990000000000002,5099.1,no
25,blue-collar,single,high.school,unknown,yes,no,telephone,may,mon,300,3,999,2,failure,-1.8,92.89299999999999,-46.2,1.2990000000000002,5099.1,no
42,blue-collar,married,basic.4y,no,yes,no,cellular,may,mon,347,2,999,0,nonexistent,-1.8,92.89299999999999,-46.2,1.2990000000000002,5099.1,no
44,technician,married,professional.course,no,no,no,cellular,may,mon,72,2,999,0,nonexistent,-1.8,92.89299999999999,-46.2,1.2990000000000002,5099.1,no
34,blue-collar,single,university.degree,unknown,yes,no,cellular,may,mon,498,2,999,0,nonexistent,-1.8,92.89299999999999,-46.2,1.2990000000000002,5099.1,no
44,blue-collar,married,high.school,no,unknown,unknown,cellular,may,mon,279,2,999,0,nonexistent,-1.8,92.89299999999999,-46.2,1.2990000000000002,5099.1,no
31,technician,married,university.degree,no,yes,no,cellular,may,mon,50,3,999,1,failure,-1.8,92.89299999999999,-46.2,1.2990000000000002,5099.1,no
33,services,single,high.school,no,no,yes,cellular,may,mon,171,2,999,0,nonexistent,-1.8,92.89299999999999,-46.2,1.2990000000000002,5099.1,no
26,admin.,single,high.school,no,yes,no,cellular,may,mon,211,2,999,1,failure,-1.8,92.89299999999999,-46.2,1.2990000000000002,5099.1,no
29,entrepreneur,married,basic.4y,unknown,no,no,telephone,may,mon,567,3,999,1,failure,-1.8,92.89299999999999,-46.2,1.2990000000000002,5099.1,no
37,blue-collar,married,basic.9y,unknown,unknown,unknown,cellular,may,mon,170,3,999,1,failure,-1.8,92.89299999999999,-46.2,1.2990000000000002,5099.1,no
41,services,single,high.school,unknown,unknown,unknown,cellular,may,mon,772,2,999,1,failure,-1.8,92.89299999999999,-46.2,1.2990000000000002,5099.1,no
26,services,single,high.school,no,no,no,cellular,may,mon,298,2,999,2,failure,-1.8,92.89299999999999,-46.2,1.2990000000000002,5099.1,no
31,technician,single,university.degree,no,yes,no,cellular,may,mon,120,2,999,0,nonexistent,-1.8,92.89299999999999,-46.2,1.2990000000000002,5099.1,no
36,technician,married,university.degree,no,yes,no,cellular,may,mon,219,2,999,0,nonexistent,-1.8,92.89299999999999,-46.2,1.2990000000000002,5099.1,no
27,blue-collar,married,basic.4y,unknown,no,no,cellular,may,mon,877,7,999,0,nonexistent,-1.8,92.89299999999999,-46.2,1.2990000000000002,5099.1,yes
35,blue-collar,married,basic.6y,no,yes,no,cellular,may,mon,214,2,999,0,nonexistent,-1.8,92.89299999999999,-46.2,1.2990000000000002,5099.1,no
35,admin.,divorced,high.school,no,yes,yes,telephone,may,mon,82,2,999,1,failure,-1.8,92.89299999999999,-46.2,1.2990000000000002,5099.1,no
25,technician,single,university.degree,no,no,yes,cellular,may,mon,304,3,12,2,failure,-1.8,92.89299999999999,-46.2,1.2990000000000002,5099.1,no
34,blue-collar,married,basic.9y,no,yes,no,cellular,may,mon,273,5,999,0,nonexistent,-1.8,92.89299999999999,-46.2,1.2990000000000002,5099.1,no
46,blue-collar,married,basic.4y,no,no,no,cellular,may,mon,471,3,999,0,nonexistent,-1.8,92.89299999999999,-46.2,1.2990000000000002,5099.1,no
41,blue-collar,married,basic.6y,unknown,yes,no,cellular,may,mon,133,2,999,0,nonexistent,-1.8,92.89299999999999,-46.2,1.2990000000000002,5099.1,no
34,admin.,married,university.degree,no,yes,no,cellular,may,mon,301,2,999,1,failure,-1.8,92.89299999999999,-46.2,1.2990000000000002,5099.1,no
23,services,single,basic.9y,unknown,yes,no,cellular,may,mon,350,3,999,0,nonexistent,-1.8,92.89299999999999,-46.2,1.2990000000000002,5099.1,no
33,admin.,married,university.degree,no,yes,no,cellular,may,mon,86,3,999,0,nonexistent,-1.8,92.89299999999999,-46.2,1.2990000000000002,5099.1,no
40,unemployed,single,high.school,unknown,yes,no,cellular,may,mon,94,4,999,0,nonexistent,-1.8,92.89299999999999,-46.2,1.2990000000000002,5099.1,no
35,entrepreneur,married,high.school,no,yes,no,cellular,may,mon,508,3,999,2,failure,-1.8,92.89299999999999,-46.2,1.2990000000000002,5099.1,no
46,blue-collar,married,basic.4y,unknown,no,no,telephone,may,mon,338,2,999,0,nonexistent,-1.8,92.89299999999999,-46.2,1.2990000000000002,5099.1,no
47,blue-collar,married,basic.6y,unknown,yes,no,cellular,may,mon,208,4,999,1,failure,-1.8,92.89299999999999,-46.2,1.2990000000000002,5099.1,no
29,student,single,unknown,no,no,no,telephone,may,mon,1143,4,999,0,nonexistent,-1.8,92.89299999999999,-46.2,1.2990000000000002,5099.1,no
33,services,single,high.school,no,no,no,cellular,may,mon,503,3,999,1,failure,-1.8,92.89299999999999,-46.2,1.2990000000000002,5099.1,no
37,services,married,high.school,unknown,yes,no,telephone,may,mon,58,3,999,0,nonexistent,-1.8,92.89299999999999,-46.2,1.2990000000000002,5099.1,no
54,management,married,basic.6y,no,yes,no,cellular,may,mon,142,5,999,0,nonexistent,-1.8,92.89299999999999,-46.2,1.2990000000000002,5099.1,no
45,admin.,single,high.school,no,yes,no,cellular,may,mon,276,3,999,0,nonexistent,-1.8,92.89299999999999,-46.2,1.2990000000000002,5099.1,no
53,blue-collar,married,basic.4y,unknown,unknown,unknown,cellular,may,mon,63,2,999,1,failure,-1.8,92.89299999999999,-46.2,1.2990000000000002,5099.1,no
46,services,divorced,high.school,no,no,no,cellular,may,mon,222,3,999,0,nonexistent,-1.8,92.89299999999999,-46.2,1.2990000000000002,5099.1,no
32,admin.,married,professional.course,no,no,no,cellular,may,mon,168,2,999,0,nonexistent,-1.8,92.89299999999999,-46.2,1.2990000000000002,5099.1,no
47,admin.,single,high.school,no,yes,no,cellular,may,mon,911,3,999,0,nonexistent,-1.8,92.89299999999999,-46.2,1.2990000000000002,5099.1,yes
35,admin.,single,university.degree,no,yes,yes,cellular,may,mon,439,2,999,0,nonexistent,-1.8,92.89299999999999,-46.2,1.2990000000000002,5099.1,no
54,management,married,high.school,unknown,no,no,cellular,may,mon,273,3,999,0,nonexistent,-1.8,92.89299999999999,-46.2,1.2990000000000002,5099.1,no
33,technician,single,university.degree,no,no,no,cellular,may,mon,284,4,999,0,nonexistent,-1.8,92.89299999999999,-46.2,1.2990000000000002,5099.1,no
29,technician,single,basic.9y,no,yes,no,cellular,may,mon,288,2,999,0,nonexistent,-1.8,92.89299999999999,-46.2,1.2990000000000002,5099.1,no
31,technician,single,university.degree,no,yes,no,telephone,may,mon,136,2,999,0,nonexistent,-1.8,92.89299999999999,-46.2,1.2990000000000002,5099.1,no
30,services,married,professional.course,no,no,no,cellular,may,mon,66,3,999,0,nonexistent,-1.8,92.89299999999999,-46.2,1.2990000000000002,5099.1,no
43,self-employed,single,university.degree,no,yes,no,cellular,may,mon,445,2,999,0,nonexistent,-1.8,92.89299999999999,-46.2,1.2990000000000002,5099.1,no
46,management,married,university.degree,no,no,no,cellular,may,mon,123,2,999,0,nonexistent,-1.8,92.89299999999999,-46.2,1.2990000000000002,5099.1,no
41,entrepreneur,married,basic.9y,no,no,yes,cellular,may,mon,285,2,999,0,nonexistent,-1.8,92.89299999999999,-46.2,1.2990000000000002,5099.1,no
46,technician,divorced,professional.course,unknown,no,no,cellular,may,mon,927,2,999,0,nonexistent,-1.8,92.89299999999999,-46.2,1.2990000000000002,5099.1,no
28,services,single,high.school,no,unknown,unknown,cellular,may,tue,48,3,999,1,failure,-1.8,92.89299999999999,-46.2,1.291,5099.1,no
32,technician,married,university.degree,no,no,no,cellular,may,tue,164,2,999,0,nonexistent,-1.8,92.89299999999999,-46.2,1.291,5099.1,no
27,blue-collar,single,high.school,no,no,no,cellular,may,tue,81,4,999,0,nonexistent,-1.8,92.89299999999999,-46.2,1.291,5099.1,no
33,blue-collar,married,basic.9y,unknown,yes,no,cellular,may,tue,278,2,999,0,nonexistent,-1.8,92.89299999999999,-46.2,1.291,5099.1,no
26,self-employed,married,basic.4y,no,no,no,telephone,may,tue,16,3,999,0,nonexistent,-1.8,92.89299999999999,-46.2,1.291,5099.1,no
38,services,single,basic.6y,no,yes,no,cellular,may,tue,546,2,999,0,nonexistent,-1.8,92.89299999999999,-46.2,1.291,5099.1,yes
23,blue-collar,married,basic.6y,unknown,no,no,cellular,may,tue,8,8,999,0,nonexistent,-1.8,92.89299999999999,-46.2,1.291,5099.1,no
28,admin.,married,university.degree,no,no,no,cellular,may,tue,72,3,999,1,failure,-1.8,92.89299999999999,-46.2,1.291,5099.1,no
33,services,divorced,high.school,no,yes,no,cellular,may,tue,75,5,999,0,nonexistent,-1.8,92.89299999999999,-46.2,1.291,5099.1,no
32,services,married,high.school,no,yes,no,telephone,may,tue,14,6,999,0,nonexistent,-1.8,92.89299999999999,-46.2,1.291,5099.1,no
43,blue-collar,single,basic.4y,no,yes,no,telephone,may,tue,200,2,999,1,failure,-1.8,92.89299999999999,-46.2,1.291,5099.1,no
35,admin.,single,high.school,no,yes,no,cellular,may,tue,13,5,999,0,nonexistent,-1.8,92.89299999999999,-46.2,1.291,5099.1,no
31,technician,married,high.school,unknown,yes,no,cellular,may,tue,312,6,999,0,nonexistent,-1.8,92.89299999999999,-46.2,1.291,5099.1,no
32,management,single,professional.course,no,no,no,cellular,may,tue,134,2,999,1,failure,-1.8,92.89299999999999,-46.2,1.291,5099.1,no
39,services,married,high.school,no,yes,no,telephone,may,tue,34,12,999,0,nonexistent,-1.8,92.89299999999999,-46.2,1.291,5099.1,no
27,services,married,high.school,no,yes,yes,cellular,may,tue,15,8,999,0,nonexistent,-1.8,92.89299999999999,-46.2,1.291,5099.1,no
37,admin.,married,high.school,no,yes,no,cellular,may,tue,188,4,999,1,failure,-1.8,92.89299999999999,-46.2,1.291,5099.1,no
29,admin.,single,professional.course,no,yes,no,cellular,may,tue,788,2,999,0,nonexistent,-1.8,92.89299999999999,-46.2,1.291,5099.1,no
40,blue-collar,married,basic.4y,no,yes,yes,cellular,may,tue,103,2,999,1,failure,-1.8,92.89299999999999,-46.2,1.291,5099.1,no
36,admin.,married,university.degree,no,yes,yes,cellular,may,tue,106,2,999,0,nonexistent,-1.8,92.89299999999999,-46.2,1.291,5099.1,no
26,services,single,university.degree,no,yes,no,cellular,may,tue,25,6,999,0,nonexistent,-1.8,92.89299999999999,-46.2,1.291,5099.1,no
30,blue-collar,married,basic.9y,no,no,no,cellular,may,tue,52,3,999,0,nonexistent,-1.8,92.89299999999999,-46.2,1.291,5099.1,no
27,admin.,single,high.school,unknown,yes,no,cellular,may,tue,41,3,999,1,failure,-1.8,92.89299999999999,-46.2,1.291,5099.1,no
47,blue-collar,married,basic.9y,no,no,no,cellular,may,tue,234,2,999,1,failure,-1.8,92.89299999999999,-46.2,1.291,5099.1,no
36,services,divorced,basic.9y,no,yes,no,cellular,may,tue,255,2,999,0,nonexistent,-1.8,92.89299999999999,-46.2,1.291,5099.1,no
35,admin.,single,high.school,no,yes,yes,cellular,may,tue,200,4,999,1,failure,-1.8,92.89299999999999,-46.2,1.291,5099.1,no
29,admin.,married,high.school,no,no,no,cellular,may,tue,315,2,999,1,failure,-1.8,92.89299999999999,-46.2,1.291,5099.1,no
51,blue-collar,divorced,high.school,no,yes,yes,cellular,may,tue,10,6,999,0,nonexistent,-1.8,92.89299999999999,-46.2,1.291,5099.1,no
35,admin.,single,high.school,no,yes,yes,telephone,may,tue,352,2,999,1,failure,-1.8,92.89299999999999,-46.2,1.291,5099.1,no
49,admin.,married,high.school,no,no,no,cellular,may,tue,97,3,999,1,failure,-1.8,92.89299999999999,-46.2,1.291,5099.1,no
33,blue-collar,married,basic.9y,unknown,no,yes,cellular,may,tue,54,2,999,1,failure,-1.8,92.89299999999999,-46.2,1.291,5099.1,no
45,admin.,single,high.school,unknown,unknown,unknown,cellular,may,tue,7,12,999,0,nonexistent,-1.8,92.89299999999999,-46.2,1.291,5099.1,no
50,management,divorced,university.degree,no,no,no,telephone,may,tue,63,3,999,1,failure,-1.8,92.89299999999999,-46.2,1.291,5099.1,no
50,unknown,married,basic.4y,unknown,no,yes,cellular,may,tue,77,4,999,1,failure,-1.8,92.89299999999999,-46.2,1.291,5099.1,no
33,services,married,basic.6y,no,no,no,cellular,may,tue,117,6,999,0,nonexistent,-1.8,92.89299999999999,-46.2,1.291,5099.1,no
31,blue-collar,married,basic.6y,no,no,no,cellular,may,tue,104,3,999,1,failure,-1.8,92.89299999999999,-46.2,1.291,5099.1,no
26,admin.,single,university.degree,no,yes,yes,cellular,may,tue,15,7,999,0,nonexistent,-1.8,92.89299999999999,-46.2,1.291,5099.1,no
34,admin.,divorced,university.degree,no,yes,no,cellular,may,tue,14,5,999,1,failure,-1.8,92.89299999999999,-46.2,1.291,5099.1,no
30,services,single,basic.6y,no,yes,no,cellular,may,tue,208,6,999,0,nonexistent,-1.8,92.89299999999999,-46.2,1.291,5099.1,no
39,admin.,single,high.school,no,no,no,cellular,may,tue,197,2,999,1,failure,-1.8,92.89299999999999,-46.2,1.291,5099.1,no
38,blue-collar,married,high.school,unknown,yes,no,cellular,may,tue,151,2,999,1,failure,-1.8,92.89299999999999,-46.2,1.291,5099.1,no
51,blue-collar,divorced,high.school,no,no,no,cellular,may,tue,131,2,999,0,nonexistent,-1.8,92.89299999999999,-46.2,1.291,5099.1,no
33,blue-collar,single,basic.6y,no,yes,no,cellular,may,tue,731,3,999,1,failure,-1.8,92.89299999999999,-46.2,1.291,5099.1,yes
43,blue-collar,married,unknown,no,yes,no,cellular,may,tue,756,3,999,0,nonexistent,-1.8,92.89299999999999,-46.2,1.291,5099.1,no
38,technician,married,high.school,no,yes,no,cellular,may,tue,114,6,999,0,nonexistent,-1.8,92.89299999999999,-46.2,1.291,5099.1,no
50,unknown,married,basic.4y,unknown,yes,no,cellular,may,tue,12,8,999,0,nonexistent,-1.8,92.89299999999999,-46.2,1.291,5099.1,no
32,management,single,professional.course,no,no,no,cellular,may,tue,365,2,999,0,nonexistent,-1.8,92.89299999999999,-46.2,1.291,5099.1,yes
37,blue-collar,divorced,professional.course,no,yes,no,cellular,may,tue,304,3,999,0,nonexistent,-1.8,92.89299999999999,-46.2,1.291,5099.1,no
43,blue-collar,married,unknown,no,no,yes,telephone,may,tue,11,6,999,0,nonexistent,-1.8,92.89299999999999,-46.2,1.291,5099.1,no
36,blue-collar,married,high.school,no,yes,no,cellular,may,tue,20,8,999,1,failure,-1.8,92.89299999999999,-46.2,1.291,5099.1,no
28,services,single,high.school,no,yes,yes,cellular,may,tue,6,5,999,0,nonexistent,-1.8,92.89299999999999,-46.2,1.291,5099.1,no
29,admin.,single,professional.course,no,yes,no,cellular,may,tue,200,1,999,1,failure,-1.8,92.89299999999999,-46.2,1.291,5099.1,no
40,services,married,basic.9y,no,yes,yes,cellular,may,tue,271,1,999,0,nonexistent,-1.8,92.89299999999999,-46.2,1.291,5099.1,no
38,admin.,single,high.school,no,yes,no,cellular,may,tue,100,4,999,0,nonexistent,-1.8,92.89299999999999,-46.2,1.291,5099.1,no
51,admin.,married,high.school,no,no,no,cellular,may,tue,40,4,999,0,nonexistent,-1.8,92.89299999999999,-46.2,1.291,5099.1,no
38,services,single,basic.9y,no,no,no,cellular,may,tue,114,1,999,0,nonexistent,-1.8,92.89299999999999,-46.2,1.291,5099.1,no
42,blue-collar,married,basic.6y,no,no,yes,cellular,may,tue,431,1,999,0,nonexistent,-1.8,92.89299999999999,-46.2,1.291,5099.1,no
32,admin.,divorced,university.degree,unknown,yes,no,telephone,may,tue,11,1,999,0,nonexistent,-1.8,92.89299999999999,-46.2,1.291,5099.1,no
28,admin.,single,high.school,no,yes,yes,cellular,may,tue,52,1,999,0,nonexistent,-1.8,92.89299999999999,-46.2,1.291,5099.1,no
36,blue-collar,married,unknown,no,no,no,telephone,may,tue,257,1,999,0,nonexistent,-1.8,92.89299999999999,-46.2,1.291,5099.1,no
40,services,divorced,high.school,no,no,no,cellular,may,tue,49,1,999,0,nonexistent,-1.8,92.89299999999999,-46.2,1.291,5099.1,no
34,technician,single,university.degree,no,no,no,cellular,may,tue,882,1,999,0,nonexistent,-1.8,92.89299999999999,-46.2,1.291,5099.1,yes
31,blue-collar,single,basic.9y,no,no,no,cellular,may,tue,7,5,999,0,nonexistent,-1.8,92.89299999999999,-46.2,1.291,5099.1,no
38,services,single,basic.9y,no,no,yes,cellular,may,tue,515,1,999,1,failure,-1.8,92.89299999999999,-46.2,1.291,5099.1,yes
59,services,divorced,basic.6y,no,yes,no,cellular,may,tue,158,1,999,1,failure,-1.8,92.89299999999999,-46.2,1.291,5099.1,no
27,blue-collar,married,basic.4y,no,yes,no,cellular,may,tue,259,1,999,0,nonexistent,-1.8,92.89299999999999,-46.2,1.291,5099.1,no
27,blue-collar,single,basic.4y,no,yes,no,cellular,may,tue,206,1,999,1,failure,-1.8,92.89299999999999,-46.2,1.291,5099.1,no
35,blue-collar,married,high.school,no,yes,no,cellular,may,tue,25,1,999,1,failure,-1.8,92.89299999999999,-46.2,1.291,5099.1,no
27,blue-collar,single,basic.4y,no,no,no,cellular,may,tue,300,1,999,1,failure,-1.8,92.89299999999999,-46.2,1.291,5099.1,no
36,services,single,high.school,no,yes,no,telephone,may,tue,246,2,999,0,nonexistent,-1.8,92.89299999999999,-46.2,1.291,5099.1,no
35,blue-collar,married,high.school,no,yes,no,cellular,may,tue,201,1,999,0,nonexistent,-1.8,92.89299999999999,-46.2,1.291,5099.1,no
44,admin.,divorced,high.school,no,no,no,cellular,may,tue,214,1,999,0,nonexistent,-1.8,92.89299999999999,-46.2,1.291,5099.1,no
45,blue-collar,married,basic.4y,no,yes,no,cellular,may,tue,67,1,999,0,nonexistent,-1.8,92.89299999999999,-46.2,1.291,5099.1,no
49,blue-collar,married,basic.6y,unknown,yes,no,cellular,may,tue,85,4,999,1,failure,-1.8,92.89299999999999,-46.2,1.291,5099.1,no
28,blue-collar,married,basic.9y,no,yes,no,cellular,may,tue,82,4,999,0,nonexistent,-1.8,92.89299999999999,-46.2,1.291,5099.1,no
43,services,married,basic.6y,no,unknown,unknown,cellular,may,tue,142,2,999,0,nonexistent,-1.8,92.89299999999999,-46.2,1.291,5099.1,no
48,blue-collar,single,basic.4y,no,yes,no,cellular,may,tue,1203,1,999,1,failure,-1.8,92.89299999999999,-46.2,1.291,5099.1,yes
45,services,married,basic.6y,no,no,no,cellular,may,tue,58,1,999,0,nonexistent,-1.8,92.89299999999999,-46.2,1.291,5099.1,no
48,blue-collar,married,basic.9y,no,yes,yes,cellular,may,tue,64,4,999,1,failure,-1.8,92.89299999999999,-46.2,1.291,5099.1,no
27,blue-collar,married,basic.9y,no,yes,no,cellular,may,tue,631,1,11,1,success,-1.8,92.89299999999999,-46.2,1.291,5099.1,no
29,blue-collar,married,basic.4y,unknown,no,no,cellular,may,tue,658,1,999,1,failure,-1.8,92.89299999999999,-46.2,1.291,5099.1,yes
45,services,married,basic.6y,no,no,no,cellular,may,tue,207,1,999,1,failure,-1.8,92.89299999999999,-46.2,1.291,5099.1,no
26,admin.,single,university.degree,no,yes,no,cellular,may,tue,104,5,999,0,nonexistent,-1.8,92.89299999999999,-46.2,1.291,5099.1,no
33,technician,single,professional.course,no,yes,no,cellular,may,tue,377,1,999,1,failure,-1.8,92.89299999999999,-46.2,1.291,5099.1,no
41,housemaid,married,basic.4y,no,no,no,cellular,may,tue,66,1,999,0,nonexistent,-1.8,92.89299999999999,-46.2,1.291,5099.1,no
41,housemaid,married,basic.4y,no,yes,no,cellular,may,tue,128,1,999,1,failure,-1.8,92.89299999999999,-46.2,1.291,5099.1,no
54,blue-collar,married,basic.4y,no,yes,no,telephone,may,tue,291,5,999,0,nonexistent,-1.8,92.89299999999999,-46.2,1.291,5099.1,no
46,entrepreneur,married,high.school,no,yes,no,cellular,may,tue,115,1,999,0,nonexistent,-1.8,92.89299999999999,-46.2,1.291,5099.1,no
38,blue-collar,married,basic.6y,no,no,no,cellular,may,tue,524,3,999,0,nonexistent,-1.8,92.89299999999999,-46.2,1.291,5099.1,no
30,admin.,married,university.degree,no,yes,no,cellular,may,tue,358,1,999,0,nonexistent,-1.8,92.89299999999999,-46.2,1.291,5099.1,no
46,entrepreneur,married,high.school,no,no,no,cellular,may,tue,366,1,6,1,success,-1.8,92.89299999999999,-46.2,1.291,5099.1,no
43,admin.,single,university.degree,no,yes,yes,cellular,may,tue,23,1,999,0,nonexistent,-1.8,92.89299999999999,-46.2,1.291,5099.1,no
26,services,married,basic.9y,no,no,yes,cellular,may,tue,560,1,999,0,nonexistent,-1.8,92.89299999999999,-46.2,1.291,5099.1,yes
43,admin.,single,university.degree,no,yes,no,telephone,may,tue,52,1,999,0,nonexistent,-1.8,92.89299999999999,-46.2,1.291,5099.1,no
43,admin.,single,university.degree,no,no,no,cellular,may,tue,107,1,999,0,nonexistent,-1.8,92.89299999999999,-46.2,1.291,5099.1,no
43,admin.,single,university.degree,no,yes,no,telephone,may,tue,48,1,999,0,nonexistent,-1.8,92.89299999999999,-46.2,1.291,5099.1,no
38,entrepreneur,married,unknown,unknown,yes,no,cellular,may,tue,145,1,999,0,nonexistent,-1.8,92.89299999999999,-46.2,1.291,5099.1,no
54,blue-collar,married,basic.6y,no,yes,no,cellular,may,tue,74,1,999,0,nonexistent,-1.8,92.89299999999999,-46.2,1.291,5099.1,no
58,blue-collar,married,basic.4y,unknown,yes,no,cellular,may,tue,451,2,999,1,failure,-1.8,92.89299999999999,-46.2,1.291,5099.1,no
29,student,single,high.school,unknown,no,no,cellular,may,tue,53,2,999,0,nonexistent,-1.8,92.89299999999999,-46.2,1.291,5099.1,no
43,admin.,single,university.degree,no,yes,no,cellular,may,tue,305,1,999,1,failure,-1.8,92.89299999999999,-46.2,1.291,5099.1,no
27,blue-collar,single,basic.4y,no,no,no,cellular,may,tue,176,2,999,1,failure,-1.8,92.89299999999999,-46.2,1.291,5099.1,no
35,technician,divorced,university.degree,no,yes,no,cellular,may,tue,507,1,999,0,nonexistent,-1.8,92.89299999999999,-46.2,1.291,5099.1,no
39,management,single,university.degree,no,yes,no,cellular,may,tue,103,1,999,1,failure,-1.8,92.89299999999999,-46.2,1.291,5099.1,no
59,blue-collar,married,basic.9y,no,yes,yes,cellular,may,tue,242,1,999,0,nonexistent,-1.8,92.89299999999999,-46.2,1.291,5099.1,no
34,blue-collar,married,basic.6y,no,yes,no,cellular,may,tue,137,1,999,0,nonexistent,-1.8,92.89299999999999,-46.2,1.291,5099.1,no
33,services,married,high.school,no,yes,no,cellular,may,tue,223,1,999,1,failure,-1.8,92.89299999999999,-46.2,1.291,5099.1,no
37,services,married,high.school,no,no,no,cellular,may,tue,124,1,999,1,failure,-1.8,92.89299999999999,-46.2,1.291,5099.1,no
24,student,single,basic.4y,no,yes,no,cellular,may,tue,137,1,999,0,nonexistent,-1.8,92.89299999999999,-46.2,1.291,5099.1,no
49,blue-collar,married,basic.9y,unknown,yes,no,cellular,may,tue,23,6,999,1,failure,-1.8,92.89299999999999,-46.2,1.291,5099.1,no
30,admin.,married,university.degree,no,no,no,cellular,may,tue,22,4,999,0,nonexistent,-1.8,92.89299999999999,-46.2,1.291,5099.1,no
50,blue-collar,divorced,basic.4y,no,yes,no,cellular,may,tue,703,4,999,0,nonexistent,-1.8,92.89299999999999,-46.2,1.291,5099.1,yes
59,blue-collar,married,basic.9y,no,no,no,cellular,may,tue,690,1,999,0,nonexistent,-1.8,92.89299999999999,-46.2,1.291,5099.1,yes
41,management,married,high.school,unknown,yes,no,cellular,may,tue,85,1,999,0,nonexistent,-1.8,92.89299999999999,-46.2,1.291,5099.1,no
33,blue-collar,married,high.school,unknown,no,no,telephone,may,tue,25,6,999,0,nonexistent,-1.8,92.89299999999999,-46.2,1.291,5099.1,no
38,entrepreneur,married,unknown,unknown,no,no,cellular,may,tue,1272,1,999,0,nonexistent,-1.8,92.89299999999999,-46.2,1.291,5099.1,yes
57,retired,divorced,basic.9y,no,yes,no,cellular,may,tue,69,3,999,1,failure,-1.8,92.89299999999999,-46.2,1.291,5099.1,no
41,management,married,high.school,unknown,no,no,cellular,may,tue,256,1,999,0,nonexistent,-1.8,92.89299999999999,-46.2,1.291,5099.1,no
26,blue-collar,married,basic.9y,no,yes,no,cellular,may,tue,256,1,999,0,nonexistent,-1.8,92.89299999999999,-46.2,1.291,5099.1,no
36,admin.,single,university.degree,no,no,no,cellular,may,tue,7,5,999,0,nonexistent,-1.8,92.89299999999999,-46.2,1.291,5099.1,no
38,student,divorced,unknown,no,no,no,cellular,may,tue,244,3,999,0,nonexistent,-1.8,92.89299999999999,-46.2,1.291,5099.1,no
48,admin.,divorced,university.degree,no,no,no,cellular,may,tue,1062,3,999,0,nonexistent,-1.8,92.89299999999999,-46.2,1.291,5099.1,yes
33,blue-collar,single,basic.6y,no,yes,no,cellular,may,tue,22,8,999,0,nonexistent,-1.8,92.89299999999999,-46.2,1.291,5099.1,no
34,admin.,divorced,professional.course,no,yes,yes,cellular,may,tue,429,2,999,0,nonexistent,-1.8,92.89299999999999,-46.2,1.291,5099.1,no
55,blue-collar,married,basic.4y,unknown,yes,no,cellular,may,tue,92,1,999,0,nonexistent,-1.8,92.89299999999999,-46.2,1.291,5099.1,no
31,blue-collar,married,basic.9y,no,yes,no,cellular,may,tue,17,7,999,0,nonexistent,-1.8,92.89299999999999,-46.2,1.291,5099.1,no
45,admin.,married,university.degree,no,yes,yes,cellular,may,tue,826,1,999,0,nonexistent,-1.8,92.89299999999999,-46.2,1.291,5099.1,yes
39,blue-collar,single,basic.4y,no,yes,no,cellular,may,tue,243,1,999,1,failure,-1.8,92.89299999999999,-46.2,1.291,5099.1,no
36,blue-collar,married,basic.4y,no,no,no,cellular,may,tue,245,1,999,1,failure,-1.8,92.89299999999999,-46.2,1.291,5099.1,no
32,entrepreneur,married,high.school,no,unknown,unknown,cellular,may,tue,198,1,999,0,nonexistent,-1.8,92.89299999999999,-46.2,1.291,5099.1,no
36,blue-collar,married,basic.4y,no,yes,no,cellular,may,tue,360,1,999,0,nonexistent,-1.8,92.89299999999999,-46.2,1.291,5099.1,no
26,services,single,university.degree,no,yes,no,telephone,may,tue,139,4,999,0,nonexistent,-1.8,92.89299999999999,-46.2,1.291,5099.1,no
26,blue-collar,married,basic.4y,no,no,no,cellular,may,tue,232,1,999,0,nonexistent,-1.8,92.89299999999999,-46.2,1.291,5099.1,no
32,blue-collar,single,high.school,no,yes,no,cellular,may,tue,517,1,999,1,failure,-1.8,92.89299999999999,-46.2,1.291,5099.1,no
40,blue-collar,single,high.school,unknown,no,no,cellular,may,tue,418,1,999,0,nonexistent,-1.8,92.89299999999999,-46.2,1.291,5099.1,no
28,technician,married,basic.9y,no,yes,no,cellular,may,tue,153,1,999,0,nonexistent,-1.8,92.89299999999999,-46.2,1.291,5099.1,no
28,admin.,single,high.school,no,yes,no,cellular,may,tue,116,2,999,0,nonexistent,-1.8,92.89299999999999,-46.2,1.291,5099.1,no
36,admin.,single,university.degree,no,no,no,telephone,may,tue,168,5,999,1,failure,-1.8,92.89299999999999,-46.2,1.291,5099.1,no
54,management,divorced,professional.course,no,yes,no,cellular,may,tue,121,1,999,0,nonexistent,-1.8,92.89299999999999,-46.2,1.291,5099.1,no
36,admin.,divorced,high.school,no,no,no,cellular,may,tue,23,1,999,1,failure,-1.8,92.89299999999999,-46.2,1.291,5099.1,no
38,blue-collar,married,basic.9y,no,no,no,cellular,may,tue,306,1,999,0,nonexistent,-1.8,92.89299999999999,-46.2,1.291,5099.1,no
29,blue-collar,married,basic.6y,no,no,no,cellular,may,tue,342,1,999,1,failure,-1.8,92.89299999999999,-46.2,1.291,5099.1,no
42,blue-collar,married,basic.4y,no,no,no,telephone,may,tue,22,1,999,0,nonexistent,-1.8,92.89299999999999,-46.2,1.291,5099.1,no
34,self-employed,single,university.degree,no,yes,no,cellular,may,tue,245,1,999,0,nonexistent,-1.8,92.89299999999999,-46.2,1.291,5099.1,no
27,services,married,high.school,no,yes,no,cellular,may,tue,58,3,999,1,failure,-1.8,92.89299999999999,-46.2,1.291,5099.1,no
27,student,single,high.school,no,yes,no,cellular,may,tue,41,1,999,0,nonexistent,-1.8,92.89299999999999,-46.2,1.291,5099.1,no
42,blue-collar,married,basic.4y,no,no,no,cellular,may,tue,360,1,999,0,nonexistent,-1.8,92.89299999999999,-46.2,1.291,5099.1,no
31,admin.,married,university.degree,no,yes,no,cellular,may,tue,179,1,999,0,nonexistent,-1.8,92.89299999999999,-46.2,1.291,5099.1,no
26,services,married,basic.9y,no,no,no,telephone,may,tue,43,1,999,0,nonexistent,-1.8,92.89299999999999,-46.2,1.291,5099.1,no
21,services,single,high.school,no,no,no,cellular,may,tue,68,1,999,1,failure,-1.8,92.89299999999999,-46.2,1.291,5099.1,no
34,blue-collar,single,basic.9y,no,yes,no,cellular,may,tue,483,1,999,1,failure,-1.8,92.89299999999999,-46.2,1.291,5099.1,no
53,unemployed,married,basic.9y,unknown,no,no,cellular,may,tue,205,2,999,1,failure,-1.8,92.89299999999999,-46.2,1.291,5099.1,no
29,services,married,basic.9y,no,no,no,cellular,may,tue,344,1,999,0,nonexistent,-1.8,92.89299999999999,-46.2,1.291,5099.1,no
33,self-employed,single,high.school,no,yes,yes,cellular,may,tue,113,1,999,0,nonexistent,-1.8,92.89299999999999,-46.2,1.291,5099.1,no
33,self-employed,single,high.school,no,no,no,cellular,may,tue,238,1,999,1,failure,-1.8,92.89299999999999,-46.2,1.291,5099.1,no
36,services,single,high.school,unknown,yes,no,cellular,may,tue,27,6,999,1,failure,-1.8,92.89299999999999,-46.2,1.291,5099.1,no
51,blue-collar,married,basic.6y,no,yes,no,telephone,may,tue,155,2,999,0,nonexistent,-1.8,92.89299999999999,-46.2,1.291,5099.1,no
33,self-employed,single,high.school,no,yes,no,cellular,may,tue,337,1,999,1,failure,-1.8,92.89299999999999,-46.2,1.291,5099.1,no
31,services,single,high.school,no,yes,no,telephone,may,tue,24,1,999,0,nonexistent,-1.8,92.89299999999999,-46.2,1.291,5099.1,no
31,blue-collar,married,basic.9y,no,no,no,cellular,may,tue,365,2,999,0,nonexistent,-1.8,92.89299999999999,-46.2,1.291,5099.1,no
38,technician,married,professional.course,no,no,no,cellular,may,tue,37,1,999,0,nonexistent,-1.8,92.89299999999999,-46.2,1.291,5099.1,no
34,admin.,divorced,university.degree,no,yes,no,cellular,may,tue,25,4,999,0,nonexistent,-1.8,92.89299999999999,-46.2,1.291,5099.1,no
31,services,single,high.school,no,yes,no,cellular,may,tue,109,1,999,0,nonexistent,-1.8,92.89299999999999,-46.2,1.291,5099.1,no
34,unemployed,single,high.school,no,yes,no,telephone,may,tue,179,5,999,0,nonexistent,-1.8,92.89299999999999,-46.2,1.291,5099.1,no
39,admin.,married,university.degree,no,no,no,cellular,may,tue,30,7,999,0,nonexistent,-1.8,92.89299999999999,-46.2,1.291,5099.1,no
32,services,single,university.degree,no,yes,no,cellular,may,tue,79,1,999,1,failure,-1.8,92.89299999999999,-46.2,1.291,5099.1,no
47,admin.,divorced,high.school,no,no,no,cellular,may,tue,324,1,999,0,nonexistent,-1.8,92.89299999999999,-46.2,1.291,5099.1,no
43,technician,married,university.degree,unknown,unknown,unknown,cellular,may,tue,426,1,999,1,failure,-1.8,92.89299999999999,-46.2,1.291,5099.1,yes
36,blue-collar,married,basic.9y,no,no,no,cellular,may,tue,151,1,999,0,nonexistent,-1.8,92.89299999999999,-46.2,1.291,5099.1,no
32,services,single,university.degree,no,yes,no,cellular,may,tue,366,1,999,0,nonexistent,-1.8,92.89299999999999,-46.2,1.291,5099.1,no
51,blue-collar,married,basic.6y,unknown,yes,no,cellular,may,tue,211,1,999,1,failure,-1.8,92.89299999999999,-46.2,1.291,5099.1,no
31,admin.,single,university.degree,no,no,no,cellular,may,tue,43,1,999,1,failure,-1.8,92.89299999999999,-46.2,1.291,5099.1,no
47,admin.,divorced,high.school,no,yes,no,cellular,may,tue,816,1,999,1,failure,-1.8,92.89299999999999,-46.2,1.291,5099.1,no
28,blue-collar,married,basic.4y,no,no,no,cellular,may,tue,189,1,999,0,nonexistent,-1.8,92.89299999999999,-46.2,1.291,5099.1,no
28,blue-collar,married,basic.4y,no,no,no,cellular,may,tue,590,1,999,0,nonexistent,-1.8,92.89299999999999,-46.2,1.291,5099.1,yes
42,blue-collar,married,basic.9y,unknown,yes,no,cellular,may,tue,315,6,999,0,nonexistent,-1.8,92.89299999999999,-46.2,1.291,5099.1,no
33,blue-collar,single,basic.6y,no,yes,no,cellular,may,tue,78,5,999,1,failure,-1.8,92.89299999999999,-46.2,1.291,5099.1,no
31,blue-collar,married,basic.9y,no,no,no,cellular,may,tue,97,3,999,0,nonexistent,-1.8,92.89299999999999,-46.2,1.291,5099.1,no
28,blue-collar,married,basic.4y,no,no,yes,cellular,may,tue,337,1,999,0,nonexistent,-1.8,92.89299999999999,-46.2,1.291,5099.1,no
29,admin.,single,professional.course,no,yes,no,cellular,may,tue,78,5,999,0,nonexistent,-1.8,92.89299999999999,-46.2,1.291,5099.1,no
49,blue-collar,married,basic.9y,unknown,no,no,cellular,may,tue,55,2,999,2,failure,-1.8,92.89299999999999,-46.2,1.291,5099.1,no
28,blue-collar,married,basic.4y,no,no,no,cellular,may,tue,442,1,999,0,nonexistent,-1.8,92.89299999999999,-46.2,1.291,5099.1,no
50,technician,married,basic.6y,unknown,no,no,cellular,may,tue,36,3,999,1,failure,-1.8,92.89299999999999,-46.2,1.291,5099.1,no
35,blue-collar,married,basic.9y,no,yes,no,cellular,may,tue,74,3,999,0,nonexistent,-1.8,92.89299999999999,-46.2,1.291,5099.1,no
34,blue-collar,divorced,basic.9y,unknown,yes,no,cellular,may,tue,326,2,999,0,nonexistent,-1.8,92.89299999999999,-46.2,1.291,5099.1,no
35,blue-collar,unknown,basic.9y,no,no,no,telephone,may,tue,81,5,999,0,nonexistent,-1.8,92.89299999999999,-46.2,1.291,5099.1,no
32,blue-collar,divorced,basic.9y,no,yes,no,telephone,may,tue,179,4,999,0,nonexistent,-1.8,92.89299999999999,-46.2,1.291,5099.1,no
37,admin.,divorced,university.degree,no,yes,no,cellular,may,tue,918,1,999,0,nonexistent,-1.8,92.89299999999999,-46.2,1.291,5099.1,yes
41,blue-collar,married,basic.9y,no,yes,yes,cellular,may,tue,225,2,999,0,nonexistent,-1.8,92.89299999999999,-46.2,1.291,5099.1,no
33,blue-collar,married,high.school,no,yes,no,cellular,may,tue,787,10,999,1,failure,-1.8,92.89299999999999,-46.2,1.291,5099.1,yes
39,technician,single,professional.course,no,no,no,telephone,may,tue,15,1,999,0,nonexistent,-1.8,92.89299999999999,-46.2,1.291,5099.1,no
43,blue-collar,married,basic.4y,no,yes,yes,cellular,may,tue,279,1,999,1,failure,-1.8,92.89299999999999,-46.2,1.291,5099.1,no
39,technician,single,professional.course,no,yes,no,cellular,may,tue,83,1,999,1,failure,-1.8,92.89299999999999,-46.2,1.291,5099.1,no
39,technician,single,professional.course,no,yes,no,telephone,may,tue,25,1,999,0,nonexistent,-1.8,92.89299999999999,-46.2,1.291,5099.1,no
32,technician,single,university.degree,no,no,yes,cellular,may,tue,542,3,999,1,failure,-1.8,92.89299999999999,-46.2,1.291,5099.1,no
39,technician,single,professional.course,no,no,no,cellular,may,tue,189,1,999,1,failure,-1.8,92.89299999999999,-46.2,1.291,5099.1,no
39,technician,single,professional.course,no,no,no,cellular,may,tue,251,1,999,0,nonexistent,-1.8,92.89299999999999,-46.2,1.291,5099.1,no
50,services,married,university.degree,unknown,no,no,cellular,may,tue,116,1,999,0,nonexistent,-1.8,92.89299999999999,-46.2,1.291,5099.1,no
43,technician,single,university.degree,no,no,yes,telephone,may,tue,1100,2,999,0,nonexistent,-1.8,92.89299999999999,-46.2,1.291,5099.1,no
39,technician,married,high.school,no,yes,no,cellular,may,tue,451,4,3,1,success,-1.8,92.89299999999999,-46.2,1.291,5099.1,no
33,blue-collar,single,basic.4y,no,yes,no,cellular,may,tue,184,1,999,0,nonexistent,-1.8,92.89299999999999,-46.2,1.291,5099.1,no
33,blue-collar,single,basic.4y,no,no,no,cellular,may,tue,209,1,999,0,nonexistent,-1.8,92.89299999999999,-46.2,1.291,5099.1,no
30,admin.,married,high.school,no,yes,no,cellular,may,tue,16,5,999,0,nonexistent,-1.8,92.89299999999999,-46.2,1.291,5099.1,no
32,blue-collar,single,basic.9y,no,yes,no,cellular,may,tue,340,2,999,1,failure,-1.8,92.89299999999999,-46.2,1.291,5099.1,no
33,blue-collar,single,basic.4y,no,no,no,cellular,may,tue,313,1,999,0,nonexistent,-1.8,92.89299999999999,-46.2,1.291,5099.1,no
26,services,single,basic.9y,unknown,yes,no,cellular,may,tue,191,1,999,1,failure,-1.8,92.89299999999999,-46.2,1.291,5099.1,no
37,admin.,married,high.school,no,yes,no,cellular,may,tue,7,5,999,0,nonexistent,-1.8,92.89299999999999,-46.2,1.291,5099.1,no
32,technician,divorced,professional.course,no,yes,no,cellular,may,tue,493,10,999,0,nonexistent,-1.8,92.89299999999999,-46.2,1.291,5099.1,no
43,blue-collar,married,basic.4y,no,yes,no,cellular,may,tue,1182,1,999,1,failure,-1.8,92.89299999999999,-46.2,1.291,5099.1,yes
28,unemployed,married,high.school,unknown,no,no,cellular,may,tue,216,1,999,1,failure,-1.8,92.89299999999999,-46.2,1.291,5099.1,no
47,entrepreneur,divorced,basic.9y,no,no,no,cellular,may,tue,184,3,999,0,nonexistent,-1.8,92.89299999999999,-46.2,1.291,5099.1,no
53,technician,single,professional.course,unknown,no,no,telephone,may,tue,360,2,999,0,nonexistent,-1.8,92.89299999999999,-46.2,1.291,5099.1,no
55,admin.,married,high.school,unknown,no,no,cellular,may,tue,165,1,999,0,nonexistent,-1.8,92.89299999999999,-46.2,1.291,5099.1,no
38,blue-collar,married,basic.9y,no,yes,no,cellular,may,tue,161,1,999,0,nonexistent,-1.8,92.89299999999999,-46.2,1.291,5099.1,no
46,blue-collar,married,basic.9y,unknown,no,no,cellular,may,tue,84,3,999,0,nonexistent,-1.8,92.89299999999999,-46.2,1.291,5099.1,no
27,technician,single,professional.course,no,no,no,cellular,may,tue,267,1,999,0,nonexistent,-1.8,92.89299999999999,-46.2,1.291,5099.1,no
38,services,divorced,basic.6y,no,unknown,unknown,cellular,may,tue,351,1,999,0,nonexistent,-1.8,92.89299999999999,-46.2,1.291,5099.1,no
55,blue-collar,married,basic.9y,unknown,no,no,cellular,may,tue,183,5,999,0,nonexistent,-1.8,92.89299999999999,-46.2,1.291,5099.1,no
35,services,unknown,high.school,no,no,no,cellular,may,tue,516,1,999,1,failure,-1.8,92.89299999999999,-46.2,1.291,5099.1,no
48,management,married,basic.9y,no,yes,no,cellular,may,tue,393,1,999,0,nonexistent,-1.8,92.89299999999999,-46.2,1.291,5099.1,no
32,blue-collar,single,basic.9y,no,yes,no,cellular,may,tue,286,1,999,0,nonexistent,-1.8,92.89299999999999,-46.2,1.291,5099.1,no
33,services,married,basic.9y,no,no,yes,cellular,may,tue,277,1,999,0,nonexistent,-1.8,92.89299999999999,-46.2,1.291,5099.1,no
35,technician,single,university.degree,no,yes,no,cellular,may,tue,200,3,999,0,nonexistent,-1.8,92.89299999999999,-46.2,1.291,5099.1,no
48,management,married,basic.9y,no,yes,no,cellular,may,tue,725,1,999,0,nonexistent,-1.8,92.89299999999999,-46.2,1.291,5099.1,yes
33,technician,divorced,high.school,no,no,no,cellular,may,tue,204,1,999,1,failure,-1.8,92.89299999999999,-46.2,1.291,5099.1,no
33,technician,divorced,high.school,no,yes,no,cellular,may,tue,175,1,999,1,failure,-1.8,92.89299999999999,-46.2,1.291,5099.1,no
33,technician,divorced,high.school,no,yes,no,cellular,may,tue,247,1,999,0,nonexistent,-1.8,92.89299999999999,-46.2,1.291,5099.1,no
40,blue-collar,single,basic.4y,no,no,no,cellular,may,tue,218,1,999,0,nonexistent,-1.8,92.89299999999999,-46.2,1.291,5099.1,no
56,blue-collar,divorced,basic.4y,unknown,yes,no,cellular,may,tue,59,1,999,0,nonexistent,-1.8,92.89299999999999,-46.2,1.291,5099.1,no
32,services,married,professional.course,no,yes,no,cellular,may,tue,146,3,999,1,failure,-1.8,92.89299999999999,-46.2,1.291,5099.1,no
45,blue-collar,married,basic.4y,no,no,no,cellular,may,tue,77,1,999,1,failure,-1.8,92.89299999999999,-46.2,1.291,5099.1,no
28,management,single,university.degree,no,yes,no,cellular,may,tue,245,1,999,0,nonexistent,-1.8,92.89299999999999,-46.2,1.291,5099.1,no
42,blue-collar,single,basic.6y,no,no,no,cellular,may,tue,482,1,999,0,nonexistent,-1.8,92.89299999999999,-46.2,1.291,5099.1,no
42,blue-collar,married,basic.4y,no,no,no,cellular,may,tue,56,1,999,0,nonexistent,-1.8,92.89299999999999,-46.2,1.291,5099.1,no
49,blue-collar,married,basic.6y,unknown,no,yes,cellular,may,tue,354,1,999,0,nonexistent,-1.8,92.89299999999999,-46.2,1.291,5099.1,no
29,blue-collar,single,basic.9y,no,yes,no,cellular,may,tue,396,1,999,1,failure,-1.8,92.89299999999999,-46.2,1.291,5099.1,no
32,admin.,married,university.degree,no,yes,no,cellular,may,tue,136,2,999,0,nonexistent,-1.8,92.89299999999999,-46.2,1.291,5099.1,no
50,entrepreneur,married,university.degree,no,no,no,cellular,may,tue,549,1,999,1,failure,-1.8,92.89299999999999,-46.2,1.291,5099.1,no
30,admin.,single,basic.9y,no,no,no,cellular,may,tue,17,1,999,0,nonexistent,-1.8,92.89299999999999,-46.2,1.291,5099.1,no
42,blue-collar,married,basic.4y,no,yes,no,cellular,may,tue,439,1,999,0,nonexistent,-1.8,92.89299999999999,-46.2,1.291,5099.1,no
43,blue-collar,single,high.school,unknown,yes,no,cellular,may,tue,107,3,999,1,failure,-1.8,92.89299999999999,-46.2,1.291,5099.1,no
41,management,married,university.degree,no,unknown,unknown,cellular,may,tue,369,1,999,0,nonexistent,-1.8,92.89299999999999,-46.2,1.291,5099.1,no
31,unemployed,married,professional.course,no,unknown,unknown,cellular,may,tue,356,1,999,0,nonexistent,-1.8,92.89299999999999,-46.2,1.291,5099.1,no
28,admin.,single,basic.9y,no,no,yes,cellular,may,tue,175,1,999,0,nonexistent,-1.8,92.89299999999999,-46.2,1.291,5099.1,no
48,blue-collar,married,basic.9y,no,no,no,cellular,may,tue,309,1,10,1,success,-1.8,92.89299999999999,-46.2,1.291,5099.1,yes
54,retired,divorced,professional.course,no,yes,no,telephone,may,tue,139,3,999,1,failure,-1.8,92.89299999999999,-46.2,1.291,5099.1,no
34,services,married,high.school,unknown,no,no,cellular,may,tue,148,2,999,0,nonexistent,-1.8,92.89299999999999,-46.2,1.291,5099.1,no
55,admin.,married,high.school,unknown,yes,no,cellular,may,tue,139,2,999,1,failure,-1.8,92.89299999999999,-46.2,1.291,5099.1,no
28,admin.,single,basic.9y,no,no,yes,cellular,may,tue,549,1,10,1,success,-1.8,92.89299999999999,-46.2,1.291,5099.1,yes
29,blue-collar,married,high.school,no,yes,yes,cellular,may,tue,145,1,999,1,failure,-1.8,92.89299999999999,-46.2,1.291,5099.1,no
43,management,married,basic.6y,unknown,yes,no,cellular,may,tue,463,1,999,0,nonexistent,-1.8,92.89299999999999,-46.2,1.291,5099.1,no
55,admin.,married,high.school,unknown,yes,no,cellular,may,tue,232,2,999,0,nonexistent,-1.8,92.89299999999999,-46.2,1.291,5099.1,no
29,admin.,married,high.school,no,yes,no,cellular,may,tue,57,1,999,1,failure,-1.8,92.89299999999999,-46.2,1.291,5099.1,no
42,blue-collar,married,basic.9y,unknown,yes,no,cellular,may,tue,83,5,999,0,nonexistent,-1.8,92.89299999999999,-46.2,1.291,5099.1,no
31,technician,single,professional.course,no,no,no,cellular,may,tue,200,2,999,0,nonexistent,-1.8,92.89299999999999,-46.2,1.291,5099.1,no
33,blue-collar,single,basic.4y,no,unknown,unknown,cellular,may,tue,225,1,999,0,nonexistent,-1.8,92.89299999999999,-46.2,1.291,5099.1,no
39,technician,single,professional.course,no,no,no,cellular,may,tue,844,1,999,0,nonexistent,-1.8,92.89299999999999,-46.2,1.291,5099.1,yes
32,blue-collar,married,basic.9y,no,yes,no,cellular,may,tue,293,2,999,0,nonexistent,-1.8,92.89299999999999,-46.2,1.291,5099.1,no
33,services,divorced,high.school,no,no,no,cellular,may,tue,262,2,999,0,nonexistent,-1.8,92.89299999999999,-46.2,1.291,5099.1,no
59,housemaid,divorced,basic.6y,unknown,yes,no,cellular,may,tue,130,1,999,0,nonexistent,-1.8,92.89299999999999,-46.2,1.291,5099.1,no
28,blue-collar,single,basic.6y,unknown,yes,no,cellular,may,tue,387,3,999,0,nonexistent,-1.8,92.89299999999999,-46.2,1.291,5099.1,no
32,technician,single,university.degree,no,yes,no,cellular,may,tue,211,2,999,1,failure,-1.8,92.89299999999999,-46.2,1.291,5099.1,no
37,technician,single,university.degree,no,no,yes,cellular,may,tue,246,1,999,0,nonexistent,-1.8,92.89299999999999,-46.2,1.291,5099.1,no
39,blue-collar,single,basic.6y,no,yes,no,cellular,may,tue,357,1,999,2,failure,-1.8,92.89299999999999,-46.2,1.291,5099.1,no
27,self-employed,married,university.degree,no,yes,no,cellular,may,tue,240,1,999,0,nonexistent,-1.8,92.89299999999999,-46.2,1.291,5099.1,no
31,admin.,single,university.degree,no,yes,no,cellular,may,tue,374,2,999,1,failure,-1.8,92.89299999999999,-46.2,1.291,5099.1,no
44,unemployed,married,high.school,no,yes,no,cellular,may,tue,215,1,999,0,nonexistent,-1.8,92.89299999999999,-46.2,1.291,5099.1,no
41,blue-collar,married,basic.6y,no,yes,yes,telephone,may,tue,207,4,999,0,nonexistent,-1.8,92.89299999999999,-46.2,1.291,5099.1,no
35,technician,single,university.degree,no,no,no,cellular,may,tue,183,6,999,0,nonexistent,-1.8,92.89299999999999,-46.2,1.291,5099.1,no
35,blue-collar,married,basic.9y,no,yes,yes,cellular,may,tue,100,1,999,1,failure,-1.8,92.89299999999999,-46.2,1.291,5099.1,no
48,management,married,basic.9y,no,yes,yes,cellular,may,tue,955,2,999,0,nonexistent,-1.8,92.89299999999999,-46.2,1.291,5099.1,yes
34,admin.,single,university.degree,no,no,no,cellular,may,tue,146,1,999,1,failure,-1.8,92.89299999999999,-46.2,1.291,5099.1,no
33,blue-collar,married,basic.9y,no,yes,yes,cellular,may,tue,31,4,999,0,nonexistent,-1.8,92.89299999999999,-46.2,1.291,5099.1,no
34,admin.,single,university.degree,no,no,no,cellular,may,tue,271,1,999,1,failure,-1.8,92.89299999999999,-46.2,1.291,5099.1,no
41,housemaid,married,basic.6y,no,yes,no,cellular,may,tue,223,4,999,1,failure,-1.8,92.89299999999999,-46.2,1.291,5099.1,no
33,services,married,basic.6y,no,yes,yes,cellular,may,tue,95,4,999,1,failure,-1.8,92.89299999999999,-46.2,1.291,5099.1,no
28,admin.,single,high.school,no,yes,no,cellular,may,tue,106,4,999,0,nonexistent,-1.8,92.89299999999999,-46.2,1.291,5099.1,no
48,blue-collar,single,basic.4y,no,yes,no,cellular,may,tue,36,1,999,0,nonexistent,-1.8,92.89299999999999,-46.2,1.291,5099.1,no
49,retired,married,basic.4y,unknown,yes,no,cellular,may,tue,148,1,999,0,nonexistent,-1.8,92.89299999999999,-46.2,1.291,5099.1,no
49,retired,married,basic.4y,unknown,no,no,cellular,may,tue,179,1,999,1,failure,-1.8,92.89299999999999,-46.2,1.291,5099.1,no
28,technician,single,basic.9y,no,no,no,cellular,may,tue,223,1,999,0,nonexistent,-1.8,92.89299999999999,-46.2,1.291,5099.1,no
26,services,single,basic.9y,unknown,yes,no,cellular,may,tue,165,2,999,1,failure,-1.8,92.89299999999999,-46.2,1.291,5099.1,no
25,technician,married,university.degree,no,yes,no,cellular,may,tue,127,1,12,1,success,-1.8,92.89299999999999,-46.2,1.291,5099.1,no
25,technician,married,university.degree,no,no,no,cellular,may,tue,158,1,999,0,nonexistent,-1.8,92.89299999999999,-46.2,1.291,5099.1,no
28,technician,single,basic.9y,no,yes,no,cellular,may,tue,409,1,999,0,nonexistent,-1.8,92.89299999999999,-46.2,1.291,5099.1,yes
31,blue-collar,single,basic.9y,no,unknown,unknown,cellular,may,tue,88,2,999,0,nonexistent,-1.8,92.89299999999999,-46.2,1.291,5099.1,no
35,admin.,single,university.degree,no,yes,no,cellular,may,tue,536,1,999,1,failure,-1.8,92.89299999999999,-46.2,1.291,5099.1,no
29,services,married,high.school,no,yes,yes,cellular,may,tue,380,1,999,0,nonexistent,-1.8,92.89299999999999,-46.2,1.291,5099.1,no
35,admin.,single,high.school,no,no,no,cellular,may,tue,107,2,999,1,failure,-1.8,92.89299999999999,-46.2,1.291,5099.1,no
27,admin.,single,high.school,unknown,yes,no,cellular,may,tue,132,3,999,0,nonexistent,-1.8,92.89299999999999,-46.2,1.291,5099.1,no
28,technician,divorced,professional.course,no,yes,no,cellular,may,tue,406,1,999,0,nonexistent,-1.8,92.89299999999999,-46.2,1.291,5099.1,no
28,technician,divorced,professional.course,no,no,no,cellular,may,tue,240,1,999,1,failure,-1.8,92.89299999999999,-46.2,1.291,5099.1,no
32,admin.,single,high.school,no,no,no,cellular,may,tue,278,1,999,0,nonexistent,-1.8,92.89299999999999,-46.2,1.291,5099.1,no
32,admin.,single,university.degree,no,yes,no,cellular,may,tue,706,3,999,0,nonexistent,-1.8,92.89299999999999,-46.2,1.291,5099.1,no
57,housemaid,married,basic.4y,unknown,yes,no,cellular,may,tue,215,2,999,0,nonexistent,-1.8,92.89299999999999,-46.2,1.291,5099.1,no
31,blue-collar,married,basic.9y,no,yes,no,cellular,may,tue,161,5,999,1,failure,-1.8,92.89299999999999,-46.2,1.291,5099.1,no
51,blue-collar,married,basic.6y,no,yes,no,telephone,may,tue,370,2,999,0,nonexistent,-1.8,92.89299999999999,-46.2,1.291,5099.1,no
27,technician,single,professional.course,no,no,no,cellular,may,tue,209,2,999,0,nonexistent,-1.8,92.89299999999999,-46.2,1.291,5099.1,no
56,admin.,married,university.degree,no,yes,no,cellular,may,tue,1925,1,999,0,nonexistent,-1.8,92.89299999999999,-46.2,1.291,5099.1,no
55,blue-collar,married,basic.9y,unknown,no,yes,cellular,may,tue,829,7,999,0,nonexistent,-1.8,92.89299999999999,-46.2,1.291,5099.1,yes
28,management,married,basic.9y,no,yes,no,cellular,may,tue,328,2,999,0,nonexistent,-1.8,92.89299999999999,-46.2,1.291,5099.1,no
41,blue-collar,married,basic.6y,unknown,no,yes,cellular,may,tue,178,3,999,1,failure,-1.8,92.89299999999999,-46.2,1.291,5099.1,no
49,entrepreneur,married,university.degree,no,no,no,cellular,may,tue,242,2,999,0,nonexistent,-1.8,92.89299999999999,-46.2,1.291,5099.1,no
31,services,single,high.school,no,no,yes,cellular,may,tue,450,2,999,0,nonexistent,-1.8,92.89299999999999,-46.2,1.291,5099.1,no
29,technician,single,university.degree,no,yes,yes,cellular,may,tue,485,2,999,0,nonexistent,-1.8,92.89299999999999,-46.2,1.291,5099.1,no
28,technician,single,basic.9y,no,yes,no,cellular,may,tue,76,2,999,1,failure,-1.8,92.89299999999999,-46.2,1.291,5099.1,no
33,self-employed,married,basic.9y,no,unknown,unknown,cellular,may,tue,328,2,999,0,nonexistent,-1.8,92.89299999999999,-46.2,1.291,5099.1,no
37,technician,single,university.degree,no,no,no,cellular,may,tue,289,2,999,0,nonexistent,-1.8,92.89299999999999,-46.2,1.291,5099.1,no
31,technician,single,professional.course,no,no,no,cellular,may,tue,163,2,999,1,failure,-1.8,92.89299999999999,-46.2,1.291,5099.1,no
47,blue-collar,married,basic.9y,no,no,no,cellular,may,tue,118,2,999,1,failure,-1.8,92.89299999999999,-46.2,1.291,5099.1,no
48,admin.,divorced,university.degree,no,no,no,cellular,may,tue,53,9,999,0,nonexistent,-1.8,92.89299999999999,-46.2,1.291,5099.1,no
22,blue-collar,married,basic.9y,no,unknown,unknown,cellular,may,tue,453,2,999,0,nonexistent,-1.8,92.89299999999999,-46.2,1.291,5099.1,no
38,admin.,single,high.school,no,yes,no,cellular,may,tue,324,2,999,0,nonexistent,-1.8,92.89299999999999,-46.2,1.291,5099.1,no
35,admin.,single,basic.9y,no,yes,no,cellular,may,tue,301,3,9,1,success,-1.8,92.89299999999999,-46.2,1.291,5099.1,no
43,admin.,single,university.degree,no,no,no,cellular,may,tue,139,2,999,0,nonexistent,-1.8,92.89299999999999,-46.2,1.291,5099.1,no
50,blue-collar,married,basic.9y,unknown,no,yes,cellular,may,tue,118,2,999,1,failure,-1.8,92.89299999999999,-46.2,1.291,5099.1,no
27,student,single,high.school,no,no,no,cellular,may,tue,112,2,999,0,nonexistent,-1.8,92.89299999999999,-46.2,1.291,5099.1,no
30,technician,single,professional.course,no,no,no,telephone,may,tue,34,4,999,0,nonexistent,-1.8,92.89299999999999,-46.2,1.291,5099.1,no
31,technician,married,professional.course,no,yes,no,cellular,may,tue,80,1,999,1,failure,-1.8,92.89299999999999,-46.2,1.291,5099.1,no
43,blue-collar,married,basic.4y,no,no,no,cellular,may,tue,609,1,999,0,nonexistent,-1.8,92.89299999999999,-46.2,1.291,5099.1,yes
48,blue-collar,married,basic.9y,no,no,yes,cellular,may,tue,276,2,999,1,failure,-1.8,92.89299999999999,-46.2,1.291,5099.1,no
34,blue-collar,married,basic.9y,no,no,no,cellular,may,tue,192,3,999,0,nonexistent,-1.8,92.89299999999999,-46.2,1.291,5099.1,no
40,services,single,high.school,no,yes,no,cellular,may,tue,208,6,999,1,failure,-1.8,92.89299999999999,-46.2,1.291,5099.1,no
34,technician,married,professional.course,no,no,no,cellular,may,tue,278,2,999,0,nonexistent,-1.8,92.89299999999999,-46.2,1.291,5099.1,no
44,admin.,divorced,high.school,no,yes,no,cellular,may,tue,173,2,999,1,failure,-1.8,92.89299999999999,-46.2,1.291,5099.1,no
34,blue-collar,married,basic.6y,unknown,yes,no,cellular,may,tue,306,2,999,1,failure,-1.8,92.89299999999999,-46.2,1.291,5099.1,no
53,technician,married,professional.course,no,no,no,cellular,may,tue,350,5,999,1,failure,-1.8,92.89299999999999,-46.2,1.291,5099.1,no
39,admin.,married,university.degree,no,no,no,cellular,may,tue,614,3,999,0,nonexistent,-1.8,92.89299999999999,-46.2,1.291,5099.1,yes
33,technician,divorced,professional.course,no,yes,yes,cellular,may,tue,668,4,999,0,nonexistent,-1.8,92.89299999999999,-46.2,1.291,5099.1,no
24,admin.,single,high.school,unknown,no,no,telephone,may,tue,748,6,999,1,failure,-1.8,92.89299999999999,-46.2,1.291,5099.1,no
42,services,married,basic.6y,no,no,no,cellular,may,tue,474,2,999,1,failure,-1.8,92.89299999999999,-46.2,1.291,5099.1,no
40,services,single,high.school,no,yes,no,cellular,may,tue,143,4,999,0,nonexistent,-1.8,92.89299999999999,-46.2,1.291,5099.1,no
43,blue-collar,married,basic.4y,no,yes,yes,cellular,may,tue,317,2,999,0,nonexistent,-1.8,92.89299999999999,-46.2,1.291,5099.1,no
34,admin.,married,high.school,no,yes,no,cellular,may,tue,106,3,999,0,nonexistent,-1.8,92.89299999999999,-46.2,1.291,5099.1,no
27,technician,married,professional.course,no,no,no,cellular,may,tue,234,6,999,1,failure,-1.8,92.89299999999999,-46.2,1.291,5099.1,no
27,blue-collar,married,basic.4y,no,no,no,cellular,may,tue,314,2,999,0,nonexistent,-1.8,92.89299999999999,-46.2,1.291,5099.1,no
31,services,married,high.school,no,yes,no,cellular,may,tue,398,6,999,0,nonexistent,-1.8,92.89299999999999,-46.2,1.291,5099.1,yes
33,technician,single,professional.course,no,yes,no,telephone,may,tue,422,2,999,0,nonexistent,-1.8,92.89299999999999,-46.2,1.291,5099.1,no
49,technician,divorced,professional.course,no,yes,no,cellular,may,tue,130,3,999,0,nonexistent,-1.8,92.89299999999999,-46.2,1.291,5099.1,no
34,technician,single,university.degree,no,no,no,cellular,may,tue,61,4,999,0,nonexistent,-1.8,92.89299999999999,-46.2,1.291,5099.1,no
35,admin.,single,university.degree,no,yes,no,cellular,may,tue,255,2,999,1,failure,-1.8,92.89299999999999,-46.2,1.291,5099.1,no
35,blue-collar,single,high.school,no,yes,yes,cellular,may,tue,259,3,999,0,nonexistent,-1.8,92.89299999999999,-46.2,1.291,5099.1,no
29,blue-collar,married,basic.9y,no,yes,no,telephone,may,tue,29,2,999,1,failure,-1.8,92.89299999999999,-46.2,1.291,5099.1,no
31,services,single,high.school,no,yes,no,cellular,may,tue,750,2,999,0,nonexistent,-1.8,92.89299999999999,-46.2,1.291,5099.1,yes
38,blue-collar,married,basic.6y,no,no,yes,cellular,may,tue,306,2,999,0,nonexistent,-1.8,92.89299999999999,-46.2,1.291,5099.1,no
33,blue-collar,single,basic.4y,no,yes,no,cellular,may,tue,266,2,999,1,failure,-1.8,92.89299999999999,-46.2,1.291,5099.1,no
51,blue-collar,divorced,basic.4y,no,yes,no,cellular,may,tue,314,4,999,0,nonexistent,-1.8,92.89299999999999,-46.2,1.291,5099.1,no
32,technician,single,university.degree,no,yes,yes,cellular,may,tue,181,2,999,1,failure,-1.8,92.89299999999999,-46.2,1.291,5099.1,no
28,services,single,high.school,no,yes,no,cellular,may,tue,178,4,999,0,nonexistent,-1.8,92.89299999999999,-46.2,1.291,5099.1,no
32,technician,single,university.degree,unknown,yes,no,cellular,may,tue,254,4,999,1,failure,-1.8,92.89299999999999,-46.2,1.291,5099.1,no
34,housemaid,single,high.school,no,no,no,cellular,may,tue,351,7,999,1,failure,-1.8,92.89299999999999,-46.2,1.291,5099.1,no
38,admin.,married,high.school,no,yes,yes,cellular,may,tue,373,3,999,0,nonexistent,-1.8,92.89299999999999,-46.2,1.291,5099.1,no
35,blue-collar,married,high.school,no,no,no,cellular,may,tue,180,2,999,0,nonexistent,-1.8,92.89299999999999,-46.2,1.291,5099.1,no
28,student,single,university.degree,unknown,no,no,cellular,may,tue,135,4,999,0,nonexistent,-1.8,92.89299999999999,-46.2,1.291,5099.1,no
59,housemaid,divorced,basic.6y,unknown,yes,no,cellular,may,tue,216,2,999,0,nonexistent,-1.8,92.89299999999999,-46.2,1.291,5099.1,no
36,blue-collar,single,university.degree,no,yes,no,cellular,may,tue,85,2,999,1,failure,-1.8,92.89299999999999,-46.2,1.291,5099.1,no
32,entrepreneur,married,high.school,no,yes,no,cellular,may,tue,325,2,999,0,nonexistent,-1.8,92.89299999999999,-46.2,1.291,5099.1,no
38,admin.,divorced,university.degree,no,no,no,cellular,may,tue,187,4,999,0,nonexistent,-1.8,92.89299999999999,-46.2,1.291,5099.1,no
32,blue-collar,married,basic.4y,no,no,no,cellular,may,tue,463,3,999,0,nonexistent,-1.8,92.89299999999999,-46.2,1.291,5099.1,no
35,blue-collar,married,basic.9y,no,no,no,cellular,may,tue,280,2,999,1,failure,-1.8,92.89299999999999,-46.2,1.291,5099.1,no
31,services,single,high.school,no,yes,no,cellular,may,tue,398,2,999,0,nonexistent,-1.8,92.89299999999999,-46.2,1.291,5099.1,no
57,retired,divorced,basic.9y,no,yes,no,telephone,may,tue,149,5,999,1,failure,-1.8,92.89299999999999,-46.2,1.291,5099.1,no
36,services,divorced,basic.9y,no,no,no,cellular,may,tue,191,3,999,0,nonexistent,-1.8,92.89299999999999,-46.2,1.291,5099.1,no
28,management,single,university.degree,no,yes,no,cellular,may,tue,193,2,999,0,nonexistent,-1.8,92.89299999999999,-46.2,1.291,5099.1,no
36,services,single,high.school,no,yes,no,cellular,may,tue,302,2,999,0,nonexistent,-1.8,92.89299999999999,-46.2,1.291,5099.1,no
35,services,divorced,high.school,no,yes,no,cellular,may,tue,211,5,999,0,nonexistent,-1.8,92.89299999999999,-46.2,1.291,5099.1,no
28,student,single,university.degree,unknown,yes,no,cellular,may,tue,101,2,999,0,nonexistent,-1.8,92.89299999999999,-46.2,1.291,5099.1,no
29,services,married,high.school,no,yes,no,cellular,may,tue,172,2,999,0,nonexistent,-1.8,92.89299999999999,-46.2,1.291,5099.1,no
37,technician,single,university.degree,no,yes,no,cellular,may,tue,464,3,999,0,nonexistent,-1.8,92.89299999999999,-46.2,1.291,5099.1,no
30,self-employed,married,professional.course,no,yes,no,cellular,may,tue,98,5,999,0,nonexistent,-1.8,92.89299999999999,-46.2,1.291,5099.1,no
45,admin.,married,university.degree,no,no,no,cellular,may,tue,198,2,999,0,nonexistent,-1.8,92.89299999999999,-46.2,1.291,5099.1,no
27,management,married,university.degree,no,yes,no,telephone,may,tue,345,2,999,0,nonexistent,-1.8,92.89299999999999,-46.2,1.291,5099.1,no
33,technician,single,high.school,no,no,no,telephone,may,tue,114,5,999,0,nonexistent,-1.8,92.89299999999999,-46.2,1.291,5099.1,no
33,technician,divorced,high.school,no,yes,no,cellular,may,tue,210,2,999,0,nonexistent,-1.8,92.89299999999999,-46.2,1.291,5099.1,no
38,services,divorced,basic.6y,no,yes,no,telephone,may,tue,556,2,10,1,success,-1.8,92.89299999999999,-46.2,1.291,5099.1,yes
32,management,single,professional.course,no,yes,no,cellular,may,tue,68,10,999,1,failure,-1.8,92.89299999999999,-46.2,1.291,5099.1,no
31,technician,married,professional.course,no,yes,no,cellular,may,tue,239,4,999,0,nonexistent,-1.8,92.89299999999999,-46.2,1.291,5099.1,no
46,admin.,married,basic.9y,unknown,no,no,cellular,may,tue,349,2,999,1,failure,-1.8,92.89299999999999,-46.2,1.291,5099.1,no
46,technician,married,professional.course,no,yes,no,telephone,may,tue,34,4,999,0,nonexistent,-1.8,92.89299999999999,-46.2,1.291,5099.1,no
49,admin.,divorced,high.school,no,yes,no,cellular,may,tue,181,4,999,1,failure,-1.8,92.89299999999999,-46.2,1.291,5099.1,no
32,admin.,single,university.degree,no,yes,no,cellular,may,tue,206,2,999,1,failure,-1.8,92.89299999999999,-46.2,1.291,5099.1,no
32,admin.,single,high.school,no,yes,yes,cellular,may,tue,209,2,999,0,nonexistent,-1.8,92.89299999999999,-46.2,1.291,5099.1,no
46,management,married,high.school,unknown,no,no,cellular,may,tue,692,4,999,1,failure,-1.8,92.89299999999999,-46.2,1.291,5099.1,no
54,blue-collar,married,basic.4y,no,no,no,telephone,may,tue,206,6,999,1,failure,-1.8,92.89299999999999,-46.2,1.291,5099.1,no
48,admin.,divorced,university.degree,no,no,no,telephone,may,tue,355,5,999,1,failure,-1.8,92.89299999999999,-46.2,1.291,5099.1,no
50,entrepreneur,married,university.degree,no,yes,no,cellular,may,tue,191,3,999,0,nonexistent,-1.8,92.89299999999999,-46.2,1.291,5099.1,no
41,technician,single,professional.course,no,yes,no,cellular,may,tue,175,2,999,1,failure,-1.8,92.89299999999999,-46.2,1.291,5099.1,no
33,blue-collar,married,basic.4y,no,no,no,cellular,may,tue,93,5,999,0,nonexistent,-1.8,92.89299999999999,-46.2,1.291,5099.1,no
27,technician,single,professional.course,no,no,no,cellular,may,tue,170,3,999,0,nonexistent,-1.8,92.89299999999999,-46.2,1.291,5099.1,no
42,blue-collar,married,basic.4y,no,yes,no,telephone,may,tue,89,2,999,0,nonexistent,-1.8,92.89299999999999,-46.2,1.291,5099.1,no
31,admin.,married,high.school,no,unknown,unknown,cellular,may,tue,213,6,999,0,nonexistent,-1.8,92.89299999999999,-46.2,1.291,5099.1,no
34,self-employed,single,university.degree,no,yes,no,cellular,may,tue,194,3,999,0,nonexistent,-1.8,92.89299999999999,-46.2,1.291,5099.1,no
28,technician,married,basic.9y,no,no,no,telephone,may,tue,472,2,999,1,failure,-1.8,92.89299999999999,-46.2,1.291,5099.1,no
28,blue-collar,married,high.school,no,unknown,unknown,cellular,may,tue,135,2,999,0,nonexistent,-1.8,92.89299999999999,-46.2,1.291,5099.1,no
33,blue-collar,single,professional.course,no,no,no,cellular,may,tue,304,6,999,0,nonexistent,-1.8,92.89299999999999,-46.2,1.291,5099.1,no
33,management,married,basic.9y,unknown,yes,no,cellular,may,tue,275,3,999,0,nonexistent,-1.8,92.89299999999999,-46.2,1.291,5099.1,no
28,unemployed,married,high.school,unknown,yes,no,telephone,may,tue,155,2,999,0,nonexistent,-1.8,92.89299999999999,-46.2,1.291,5099.1,no
29,technician,single,professional.course,no,no,no,telephone,may,tue,125,4,999,0,nonexistent,-1.8,92.89299999999999,-46.2,1.291,5099.1,no
38,admin.,single,high.school,no,no,no,cellular,may,tue,96,6,999,1,failure,-1.8,92.89299999999999,-46.2,1.291,5099.1,no
34,services,married,high.school,unknown,no,yes,cellular,may,tue,22,5,999,0,nonexistent,-1.8,92.89299999999999,-46.2,1.291,5099.1,no
53,technician,married,basic.6y,unknown,yes,no,cellular,may,tue,673,4,999,0,nonexistent,-1.8,92.89299999999999,-46.2,1.291,5099.1,no
35,admin.,married,high.school,no,yes,no,cellular,may,tue,124,2,999,0,nonexistent,-1.8,92.89299999999999,-46.2,1.291,5099.1,no
53,technician,married,professional.course,no,yes,no,cellular,may,tue,57,2,999,0,nonexistent,-1.8,92.89299999999999,-46.2,1.291,5099.1,no
38,admin.,divorced,university.degree,no,no,no,cellular,may,tue,225,3,999,0,nonexistent,-1.8,92.89299999999999,-46.2,1.291,5099.1,no
32,admin.,single,university.degree,no,no,no,cellular,may,tue,144,5,999,1,failure,-1.8,92.89299999999999,-46.2,1.291,5099.1,no
49,blue-collar,married,high.school,no,yes,no,cellular,may,tue,177,2,999,0,nonexistent,-1.8,92.89299999999999,-46.2,1.291,5099.1,no
42,self-employed,divorced,high.school,no,yes,no,cellular,may,tue,455,2,999,1,failure,-1.8,92.89299999999999,-46.2,1.291,5099.1,no
34,blue-collar,married,basic.9y,no,yes,no,cellular,may,tue,264,4,999,0,nonexistent,-1.8,92.89299999999999,-46.2,1.291,5099.1,no
30,admin.,married,university.degree,no,no,no,cellular,may,tue,285,3,999,1,failure,-1.8,92.89299999999999,-46.2,1.291,5099.1,no
42,services,single,high.school,no,yes,no,cellular,may,tue,456,2,999,1,failure,-1.8,92.89299999999999,-46.2,1.291,5099.1,no
34,blue-collar,married,basic.4y,no,no,yes,telephone,may,tue,101,2,999,1,failure,-1.8,92.89299999999999,-46.2,1.291,5099.1,no
42,blue-collar,married,basic.4y,no,no,no,telephone,may,tue,256,4,999,0,nonexistent,-1.8,92.89299999999999,-46.2,1.291,5099.1,no
37,services,married,high.school,no,no,no,cellular,may,tue,497,5,999,2,failure,-1.8,92.89299999999999,-46.2,1.291,5099.1,no
53,self-employed,married,basic.9y,no,yes,no,cellular,may,tue,600,4,999,0,nonexistent,-1.8,92.89299999999999,-46.2,1.291,5099.1,no
34,blue-collar,married,basic.9y,unknown,yes,yes,telephone,may,tue,899,3,999,0,nonexistent,-1.8,92.89299999999999,-46.2,1.291,5099.1,no
27,blue-collar,single,basic.9y,no,yes,no,cellular,may,tue,339,2,999,1,failure,-1.8,92.89299999999999,-46.2,1.291,5099.1,no
25,student,single,university.degree,no,yes,yes,cellular,may,tue,700,3,999,0,nonexistent,-1.8,92.89299999999999,-46.2,1.291,5099.1,no
35,admin.,single,high.school,no,no,no,cellular,may,tue,147,4,999,1,failure,-1.8,92.89299999999999,-46.2,1.291,5099.1,no
35,blue-collar,single,high.school,no,yes,yes,telephone,may,tue,236,6,999,0,nonexistent,-1.8,92.89299999999999,-46.2,1.291,5099.1,no
55,blue-collar,divorced,basic.9y,no,no,no,cellular,may,tue,133,3,999,1,failure,-1.8,92.89299999999999,-46.2,1.291,5099.1,no
34,admin.,married,high.school,no,yes,no,telephone,may,tue,58,2,999,1,failure,-1.8,92.89299999999999,-46.2,1.291,5099.1,no
31,technician,married,high.school,unknown,yes,yes,telephone,may,tue,234,5,999,0,nonexistent,-1.8,92.89299999999999,-46.2,1.291,5099.1,no
43,technician,married,basic.4y,no,yes,no,telephone,may,tue,1388,7,999,1,failure,-1.8,92.89299999999999,-46.2,1.291,5099.1,no
47,admin.,divorced,university.degree,unknown,no,no,cellular,may,wed,130,2,999,0,nonexistent,-1.8,92.89299999999999,-46.2,1.281,5099.1,no
38,technician,single,professional.course,no,yes,no,cellular,may,wed,50,2,999,0,nonexistent,-1.8,92.89299999999999,-46.2,1.281,5099.1,no
33,blue-collar,married,basic.4y,no,no,yes,cellular,may,wed,496,2,999,1,failure,-1.8,92.89299999999999,-46.2,1.281,5099.1,yes
43,blue-collar,married,basic.6y,unknown,yes,no,telephone,may,wed,20,2,999,0,nonexistent,-1.8,92.89299999999999,-46.2,1.281,5099.1,no
25,admin.,married,high.school,no,yes,no,cellular,may,wed,152,4,999,1,failure,-1.8,92.89299999999999,-46.2,1.281,5099.1,no
26,student,single,high.school,no,yes,yes,telephone,may,wed,61,4,999,1,failure,-1.8,92.89299999999999,-46.2,1.281,5099.1,no
33,blue-collar,single,university.degree,no,yes,yes,cellular,may,wed,389,4,999,0,nonexistent,-1.8,92.89299999999999,-46.2,1.281,5099.1,no
55,management,married,basic.4y,no,yes,yes,cellular,may,wed,1108,3,999,0,nonexistent,-1.8,92.89299999999999,-46.2,1.281,5099.1,no
40,blue-collar,single,basic.9y,no,yes,yes,cellular,may,wed,8,7,999,0,nonexistent,-1.8,92.89299999999999,-46.2,1.281,5099.1,no
38,self-employed,married,basic.9y,no,yes,yes,cellular,may,wed,197,3,999,0,nonexistent,-1.8,92.89299999999999,-46.2,1.281,5099.1,no
41,services,married,high.school,no,yes,yes,cellular,may,wed,21,8,999,0,nonexistent,-1.8,92.89299999999999,-46.2,1.281,5099.1,no
29,management,divorced,basic.9y,no,yes,yes,cellular,may,wed,117,2,999,0,nonexistent,-1.8,92.89299999999999,-46.2,1.281,5099.1,no
34,services,divorced,basic.6y,unknown,yes,no,cellular,may,wed,24,2,999,0,nonexistent,-1.8,92.89299999999999,-46.2,1.281,5099.1,no
38,blue-collar,single,basic.9y,no,yes,no,telephone,may,wed,65,5,999,0,nonexistent,-1.8,92.89299999999999,-46.2,1.281,5099.1,no
51,blue-collar,divorced,basic.9y,no,no,no,cellular,may,wed,53,5,999,1,failure,-1.8,92.89299999999999,-46.2,1.281,5099.1,no
57,admin.,married,basic.4y,unknown,yes,no,cellular,may,wed,164,2,999,1,failure,-1.8,92.89299999999999,-46.2,1.281,5099.1,no
24,housemaid,married,basic.9y,no,yes,no,cellular,may,wed,321,4,999,0,nonexistent,-1.8,92.89299999999999,-46.2,1.281,5099.1,no
47,blue-collar,married,basic.4y,unknown,yes,no,cellular,may,wed,5,7,999,1,failure,-1.8,92.89299999999999,-46.2,1.281,5099.1,no
35,admin.,single,high.school,no,yes,no,cellular,may,wed,82,5,999,1,failure,-1.8,92.89299999999999,-46.2,1.281,5099.1,no
32,blue-collar,married,basic.6y,unknown,yes,no,cellular,may,wed,81,3,999,0,nonexistent,-1.8,92.89299999999999,-46.2,1.281,5099.1,no
43,self-employed,divorced,basic.9y,no,yes,no,cellular,may,wed,133,2,999,0,nonexistent,-1.8,92.89299999999999,-46.2,1.281,5099.1,no
36,blue-collar,divorced,basic.9y,unknown,yes,no,cellular,may,wed,14,4,999,0,nonexistent,-1.8,92.89299999999999,-46.2,1.281,5099.1,no
53,blue-collar,single,unknown,no,yes,no,cellular,may,wed,320,4,999,0,nonexistent,-1.8,92.89299999999999,-46.2,1.281,5099.1,no
42,services,married,high.school,no,yes,yes,cellular,may,wed,77,2,999,1,failure,-1.8,92.89299999999999,-46.2,1.281,5099.1,no
43,admin.,married,high.school,no,yes,no,cellular,may,wed,129,1,999,0,nonexistent,-1.8,92.89299999999999,-46.2,1.281,5099.1,no
38,self-employed,married,basic.9y,no,yes,no,telephone,may,wed,26,1,999,2,failure,-1.8,92.89299999999999,-46.2,1.281,5099.1,no
43,admin.,married,high.school,no,yes,no,cellular,may,wed,200,1,999,0,nonexistent,-1.8,92.89299999999999,-46.2,1.281,5099.1,no
26,student,single,high.school,no,no,no,telephone,may,wed,95,3,999,0,nonexistent,-1.8,92.89299999999999,-46.2,1.281,5099.1,no
37,blue-collar,married,basic.9y,no,no,no,cellular,may,wed,49,3,999,1,failure,-1.8,92.89299999999999,-46.2,1.281,5099.1,no
28,blue-collar,single,basic.6y,no,no,no,cellular,may,wed,863,3,999,0,nonexistent,-1.8,92.89299999999999,-46.2,1.281,5099.1,yes
29,blue-collar,single,basic.9y,no,yes,no,telephone,may,wed,15,7,999,0,nonexistent,-1.8,92.89299999999999,-46.2,1.281,5099.1,no
37,admin.,divorced,university.degree,unknown,yes,no,cellular,may,wed,259,1,999,1,failure,-1.8,92.89299999999999,-46.2,1.281,5099.1,no
55,blue-collar,divorced,basic.4y,unknown,no,no,cellular,may,wed,130,1,999,1,failure,-1.8,92.89299999999999,-46.2,1.281,5099.1,no
37,services,married,basic.9y,unknown,yes,no,telephone,may,wed,211,1,999,0,nonexistent,-1.8,92.89299999999999,-46.2,1.281,5099.1,no
31,blue-collar,married,basic.9y,unknown,yes,yes,cellular,may,wed,87,3,999,1,failure,-1.8,92.89299999999999,-46.2,1.281,5099.1,no
29,self-employed,single,professional.course,no,yes,no,cellular,may,wed,774,2,999,1,failure,-1.8,92.89299999999999,-46.2,1.281,5099.1,yes
35,blue-collar,married,basic.9y,no,no,no,cellular,may,wed,15,6,999,0,nonexistent,-1.8,92.89299999999999,-46.2,1.281,5099.1,no
28,blue-collar,single,basic.9y,no,yes,yes,cellular,may,wed,348,1,999,0,nonexistent,-1.8,92.89299999999999,-46.2,1.281,5099.1,no
36,blue-collar,divorced,basic.9y,no,no,no,cellular,may,wed,129,1,999,0,nonexistent,-1.8,92.89299999999999,-46.2,1.281,5099.1,no
35,technician,married,professional.course,no,no,no,cellular,may,wed,44,9,999,0,nonexistent,-1.8,92.89299999999999,-46.2,1.281,5099.1,no
29,technician,single,professional.course,no,yes,no,cellular,may,wed,231,2,999,0,nonexistent,-1.8,92.89299999999999,-46.2,1.281,5099.1,no
36,blue-collar,divorced,basic.9y,no,yes,no,cellular,may,wed,155,1,999,0,nonexistent,-1.8,92.89299999999999,-46.2,1.281,5099.1,no
27,blue-collar,married,high.school,no,unknown,unknown,cellular,may,wed,74,1,999,1,failure,-1.8,92.89299999999999,-46.2,1.281,5099.1,no
43,blue-collar,married,basic.4y,no,yes,yes,cellular,may,wed,135,6,999,1,failure,-1.8,92.89299999999999,-46.2,1.281,5099.1,no
36,blue-collar,married,basic.6y,no,yes,no,cellular,may,wed,217,1,999,1,failure,-1.8,92.89299999999999,-46.2,1.281,5099.1,no
30,blue-collar,single,high.school,no,no,no,cellular,may,wed,22,1,999,1,failure,-1.8,92.89299999999999,-46.2,1.281,5099.1,no
33,technician,single,university.degree,no,no,no,telephone,may,wed,32,1,999,1,failure,-1.8,92.89299999999999,-46.2,1.281,5099.1,no
23,student,single,high.school,no,yes,no,cellular,may,wed,435,1,999,0,nonexistent,-1.8,92.89299999999999,-46.2,1.281,5099.1,no
36,blue-collar,married,high.school,no,yes,no,telephone,may,wed,25,1,999,0,nonexistent,-1.8,92.89299999999999,-46.2,1.281,5099.1,no
29,blue-collar,divorced,basic.9y,no,yes,yes,cellular,may,wed,201,1,999,0,nonexistent,-1.8,92.89299999999999,-46.2,1.281,5099.1,no
25,blue-collar,single,basic.6y,unknown,no,no,cellular,may,wed,793,5,999,0,nonexistent,-1.8,92.89299999999999,-46.2,1.281,5099.1,no
41,blue-collar,married,basic.9y,no,yes,no,cellular,may,wed,152,1,999,1,failure,-1.8,92.89299999999999,-46.2,1.281,5099.1,no
29,blue-collar,married,high.school,no,yes,no,cellular,may,wed,66,1,999,0,nonexistent,-1.8,92.89299999999999,-46.2,1.281,5099.1,no
34,admin.,married,university.degree,no,no,no,cellular,may,wed,213,1,999,0,nonexistent,-1.8,92.89299999999999,-46.2,1.281,5099.1,no
41,blue-collar,married,basic.9y,no,yes,no,cellular,may,wed,364,1,999,1,failure,-1.8,92.89299999999999,-46.2,1.281,5099.1,no
48,admin.,divorced,university.degree,no,yes,no,telephone,may,wed,51,1,999,0,nonexistent,-1.8,92.89299999999999,-46.2,1.281,5099.1,no
30,blue-collar,single,basic.9y,no,yes,no,cellular,may,wed,68,2,999,1,failure,-1.8,92.89299999999999,-46.2,1.281,5099.1,no
35,self-employed,single,high.school,no,yes,no,cellular,may,wed,109,1,999,1,failure,-1.8,92.89299999999999,-46.2,1.281,5099.1,no
28,technician,married,basic.9y,no,yes,no,cellular,may,wed,23,1,999,1,failure,-1.8,92.89299999999999,-46.2,1.281,5099.1,no
28,admin.,married,high.school,no,yes,no,cellular,may,wed,1073,1,999,0,nonexistent,-1.8,92.89299999999999,-46.2,1.281,5099.1,yes
35,self-employed,single,high.school,no,yes,no,cellular,may,wed,207,1,999,0,nonexistent,-1.8,92.89299999999999,-46.2,1.281,5099.1,no
41,services,married,high.school,no,yes,no,cellular,may,wed,193,1,999,0,nonexistent,-1.8,92.89299999999999,-46.2,1.281,5099.1,no
32,blue-collar,single,basic.9y,unknown,yes,no,telephone,may,wed,134,1,999,1,failure,-1.8,92.89299999999999,-46.2,1.281,5099.1,no
28,technician,married,basic.9y,no,yes,no,cellular,may,wed,224,1,999,1,failure,-1.8,92.89299999999999,-46.2,1.281,5099.1,no
31,admin.,single,high.school,no,yes,yes,cellular,may,wed,149,1,999,0,nonexistent,-1.8,92.89299999999999,-46.2,1.281,5099.1,no
35,management,married,high.school,no,yes,no,cellular,may,wed,95,1,999,1,failure,-1.8,92.89299999999999,-46.2,1.281,5099.1,no
27,self-employed,married,basic.9y,no,yes,no,cellular,may,wed,84,1,999,0,nonexistent,-1.8,92.89299999999999,-46.2,1.281,5099.1,no
41,blue-collar,married,basic.9y,no,no,no,cellular,may,wed,93,1,999,0,nonexistent,-1.8,92.89299999999999,-46.2,1.281,5099.1,no
42,blue-collar,married,basic.4y,no,yes,no,cellular,may,wed,172,1,999,0,nonexistent,-1.8,92.89299999999999,-46.2,1.281,5099.1,no
41,blue-collar,married,basic.9y,no,no,yes,cellular,may,wed,161,1,999,0,nonexistent,-1.8,92.89299999999999,-46.2,1.281,5099.1,no
53,retired,divorced,university.degree,no,yes,no,cellular,may,wed,172,2,999,1,failure,-1.8,92.89299999999999,-46.2,1.281,5099.1,no
26,blue-collar,single,basic.9y,no,yes,no,cellular,may,wed,200,2,999,1,failure,-1.8,92.89299999999999,-46.2,1.281,5099.1,no
38,admin.,married,university.degree,no,yes,yes,cellular,may,wed,134,1,999,1,failure,-1.8,92.89299999999999,-46.2,1.281,5099.1,no
32,unemployed,single,university.degree,no,yes,no,cellular,may,wed,51,1,999,0,nonexistent,-1.8,92.89299999999999,-46.2,1.281,5099.1,no
31,admin.,single,high.school,no,yes,no,cellular,may,wed,850,1,999,0,nonexistent,-1.8,92.89299999999999,-46.2,1.281,5099.1,yes
55,retired,divorced,basic.4y,unknown,no,no,cellular,may,wed,526,4,999,1,failure,-1.8,92.89299999999999,-46.2,1.281,5099.1,yes
43,admin.,married,high.school,no,no,no,cellular,may,wed,140,3,999,0,nonexistent,-1.8,92.89299999999999,-46.2,1.281,5099.1,no
38,blue-collar,single,basic.9y,unknown,yes,no,cellular,may,wed,93,1,999,0,nonexistent,-1.8,92.89299999999999,-46.2,1.281,5099.1,no
34,services,single,high.school,no,yes,yes,cellular,may,wed,87,1,999,0,nonexistent,-1.8,92.89299999999999,-46.2,1.281,5099.1,no
37,admin.,married,university.degree,no,yes,yes,cellular,may,wed,318,7,999,0,nonexistent,-1.8,92.89299999999999,-46.2,1.281,5099.1,no
53,services,married,high.school,no,yes,no,telephone,may,wed,9,9,999,0,nonexistent,-1.8,92.89299999999999,-46.2,1.281,5099.1,no
43,self-employed,single,high.school,unknown,no,no,cellular,may,wed,79,1,999,1,failure,-1.8,92.89299999999999,-46.2,1.281,5099.1,no
34,technician,single,professional.course,no,yes,no,cellular,may,wed,19,11,999,0,nonexistent,-1.8,92.89299999999999,-46.2,1.281,5099.1,no
53,blue-collar,married,basic.6y,unknown,yes,no,cellular,may,wed,659,1,999,0,nonexistent,-1.8,92.89299999999999,-46.2,1.281,5099.1,yes
34,blue-collar,single,high.school,no,yes,no,cellular,may,wed,39,1,10,1,success,-1.8,92.89299999999999,-46.2,1.281,5099.1,no
36,services,divorced,high.school,no,yes,no,cellular,may,wed,502,1,999,0,nonexistent,-1.8,92.89299999999999,-46.2,1.281,5099.1,no
51,admin.,divorced,basic.9y,no,yes,no,cellular,may,wed,113,1,999,0,nonexistent,-1.8,92.89299999999999,-46.2,1.281,5099.1,no
44,technician,married,professional.course,unknown,yes,yes,cellular,may,wed,267,1,999,0,nonexistent,-1.8,92.89299999999999,-46.2,1.281,5099.1,no
37,technician,divorced,professional.course,no,yes,yes,telephone,may,wed,30,10,999,0,nonexistent,-1.8,92.89299999999999,-46.2,1.281,5099.1,no
38,self-employed,married,basic.9y,no,no,yes,telephone,may,wed,355,4,999,0,nonexistent,-1.8,92.89299999999999,-46.2,1.281,5099.1,no
31,unemployed,married,basic.9y,no,yes,no,telephone,may,wed,43,1,999,0,nonexistent,-1.8,92.89299999999999,-46.2,1.281,5099.1,no
43,blue-collar,married,basic.4y,unknown,yes,yes,cellular,may,wed,240,1,999,0,nonexistent,-1.8,92.89299999999999,-46.2,1.281,5099.1,no
36,blue-collar,married,basic.6y,unknown,yes,yes,cellular,may,wed,10,9,999,0,nonexistent,-1.8,92.89299999999999,-46.2,1.281,5099.1,no
53,management,married,university.degree,no,yes,no,cellular,may,wed,17,13,999,1,failure,-1.8,92.89299999999999,-46.2,1.281,5099.1,no
33,admin.,divorced,university.degree,no,yes,no,telephone,may,wed,47,1,999,0,nonexistent,-1.8,92.89299999999999,-46.2,1.281,5099.1,no
27,admin.,single,high.school,no,yes,no,cellular,may,wed,296,1,999,0,nonexistent,-1.8,92.89299999999999,-46.2,1.281,5099.1,no
42,blue-collar,divorced,basic.6y,no,no,no,cellular,may,wed,323,1,999,0,nonexistent,-1.8,92.89299999999999,-46.2,1.281,5099.1,no
24,technician,married,professional.course,no,no,yes,cellular,may,wed,167,1,999,0,nonexistent,-1.8,92.89299999999999,-46.2,1.281,5099.1,no
31,unemployed,married,basic.9y,no,no,no,cellular,may,wed,570,1,999,0,nonexistent,-1.8,92.89299999999999,-46.2,1.281,5099.1,yes
28,blue-collar,single,high.school,no,yes,no,cellular,may,wed,516,1,999,0,nonexistent,-1.8,92.89299999999999,-46.2,1.281,5099.1,yes
40,blue-collar,single,basic.9y,no,yes,no,cellular,may,wed,220,2,999,0,nonexistent,-1.8,92.89299999999999,-46.2,1.281,5099.1,no
27,admin.,single,high.school,no,yes,yes,cellular,may,wed,177,4,999,0,nonexistent,-1.8,92.89299999999999,-46.2,1.281,5099.1,no
36,services,married,basic.9y,no,no,no,cellular,may,wed,61,1,999,0,nonexistent,-1.8,92.89299999999999,-46.2,1.281,5099.1,no
30,entrepreneur,married,university.degree,no,no,no,cellular,may,wed,585,1,999,0,nonexistent,-1.8,92.89299999999999,-46.2,1.281,5099.1,yes
33,admin.,divorced,university.degree,no,no,no,cellular,may,wed,699,1,999,0,nonexistent,-1.8,92.89299999999999,-46.2,1.281,5099.1,no
34,blue-collar,married,high.school,no,yes,no,cellular,may,wed,133,1,999,1,failure,-1.8,92.89299999999999,-46.2,1.281,5099.1,no
33,admin.,single,university.degree,no,no,no,cellular,may,wed,6,7,999,0,nonexistent,-1.8,92.89299999999999,-46.2,1.281,5099.1,no
35,blue-collar,married,basic.6y,no,no,no,cellular,may,wed,96,2,999,1,failure,-1.8,92.89299999999999,-46.2,1.281,5099.1,no
34,management,married,university.degree,no,no,yes,telephone,may,wed,318,5,6,1,success,-1.8,92.89299999999999,-46.2,1.281,5099.1,no
23,blue-collar,married,basic.9y,no,yes,no,cellular,may,wed,413,1,999,1,failure,-1.8,92.89299999999999,-46.2,1.281,5099.1,no
24,student,single,high.school,no,yes,yes,cellular,may,wed,66,1,999,1,failure,-1.8,92.89299999999999,-46.2,1.281,5099.1,no
34,blue-collar,married,high.school,no,no,no,cellular,may,wed,590,1,999,0,nonexistent,-1.8,92.89299999999999,-46.2,1.281,5099.1,yes
38,blue-collar,married,basic.6y,unknown,yes,no,cellular,may,wed,272,1,999,0,nonexistent,-1.8,92.89299999999999,-46.2,1.281,5099.1,no
36,services,single,high.school,no,no,no,cellular,may,wed,15,7,999,0,nonexistent,-1.8,92.89299999999999,-46.2,1.281,5099.1,no
33,technician,single,university.degree,no,yes,no,cellular,may,wed,152,3,999,0,nonexistent,-1.8,92.89299999999999,-46.2,1.281,5099.1,no
31,management,single,university.degree,no,yes,no,cellular,may,wed,294,1,999,1,failure,-1.8,92.89299999999999,-46.2,1.281,5099.1,no
42,admin.,divorced,high.school,no,yes,no,telephone,may,wed,15,5,999,1,failure,-1.8,92.89299999999999,-46.2,1.281,5099.1,no
29,admin.,single,high.school,no,no,no,cellular,may,wed,290,1,999,0,nonexistent,-1.8,92.89299999999999,-46.2,1.281,5099.1,no
43,management,married,university.degree,no,yes,no,cellular,may,wed,12,7,999,0,nonexistent,-1.8,92.89299999999999,-46.2,1.281,5099.1,no
44,housemaid,married,basic.4y,no,yes,no,cellular,may,wed,31,1,999,1,failure,-1.8,92.89299999999999,-46.2,1.281,5099.1,no
29,management,married,university.degree,no,no,no,cellular,may,wed,142,3,999,0,nonexistent,-1.8,92.89299999999999,-46.2,1.281,5099.1,no
24,student,single,high.school,no,no,no,cellular,may,wed,669,1,999,1,failure,-1.8,92.89299999999999,-46.2,1.281,5099.1,yes
31,technician,single,professional.course,no,yes,yes,cellular,may,wed,123,2,999,0,nonexistent,-1.8,92.89299999999999,-46.2,1.281,5099.1,no
34,housemaid,single,high.school,no,no,no,cellular,may,wed,391,1,999,0,nonexistent,-1.8,92.89299999999999,-46.2,1.281,5099.1,yes
37,services,single,basic.6y,no,yes,no,cellular,may,wed,93,1,999,1,failure,-1.8,92.89299999999999,-46.2,1.281,5099.1,no
35,admin.,divorced,high.school,no,no,no,cellular,may,wed,133,1,999,0,nonexistent,-1.8,92.89299999999999,-46.2,1.281,5099.1,no
41,blue-collar,married,basic.9y,unknown,yes,no,cellular,may,wed,256,2,999,1,failure,-1.8,92.89299999999999,-46.2,1.281,5099.1,no
32,blue-collar,married,high.school,no,yes,no,cellular,may,wed,394,3,999,0,nonexistent,-1.8,92.89299999999999,-46.2,1.281,5099.1,yes
41,services,married,high.school,no,yes,no,cellular,may,wed,67,2,999,0,nonexistent,-1.8,92.89299999999999,-46.2,1.281,5099.1,no
29,admin.,single,high.school,no,no,no,cellular,may,wed,131,1,999,1,failure,-1.8,92.89299999999999,-46.2,1.281,5099.1,no
29,admin.,single,high.school,no,yes,no,cellular,may,wed,149,1,999,1,failure,-1.8,92.89299999999999,-46.2,1.281,5099.1,no
31,admin.,married,university.degree,no,no,no,cellular,may,wed,27,5,999,0,nonexistent,-1.8,92.89299999999999,-46.2,1.281,5099.1,no
35,admin.,single,high.school,no,no,no,cellular,may,wed,152,2,999,0,nonexistent,-1.8,92.89299999999999,-46.2,1.281,5099.1,no
29,admin.,single,basic.9y,no,yes,no,telephone,may,wed,41,2,999,1,failure,-1.8,92.89299999999999,-46.2,1.281,5099.1,no
33,blue-collar,single,university.degree,unknown,no,no,cellular,may,wed,275,1,999,1,failure,-1.8,92.89299999999999,-46.2,1.281,5099.1,no
23,student,single,high.school,no,yes,no,cellular,may,wed,78,2,999,0,nonexistent,-1.8,92.89299999999999,-46.2,1.281,5099.1,no
42,services,single,basic.6y,no,yes,yes,cellular,may,wed,11,8,999,0,nonexistent,-1.8,92.89299999999999,-46.2,1.281,5099.1,no
53,management,married,university.degree,no,no,no,cellular,may,wed,147,2,999,0,nonexistent,-1.8,92.89299999999999,-46.2,1.281,5099.1,no
25,blue-collar,single,high.school,no,yes,no,cellular,may,wed,262,1,999,1,failure,-1.8,92.89299999999999,-46.2,1.281,5099.1,no
24,services,single,high.school,no,no,no,cellular,may,wed,46,1,999,0,nonexistent,-1.8,92.89299999999999,-46.2,1.281,5099.1,no
33,services,married,high.school,no,yes,no,cellular,may,wed,1512,1,999,1,failure,-1.8,92.89299999999999,-46.2,1.281,5099.1,yes
35,entrepreneur,married,university.degree,no,no,no,cellular,may,wed,104,1,999,0,nonexistent,-1.8,92.89299999999999,-46.2,1.281,5099.1,no
33,services,single,basic.6y,unknown,no,no,cellular,may,wed,85,4,999,0,nonexistent,-1.8,92.89299999999999,-46.2,1.281,5099.1,no
30,technician,single,university.degree,no,yes,no,telephone,may,wed,119,3,999,1,failure,-1.8,92.89299999999999,-46.2,1.281,5099.1,no
52,admin.,married,basic.9y,no,no,no,cellular,may,wed,423,1,999,1,failure,-1.8,92.89299999999999,-46.2,1.281,5099.1,no
31,self-employed,married,basic.9y,no,no,no,cellular,may,wed,315,1,999,1,failure,-1.8,92.89299999999999,-46.2,1.281,5099.1,no
29,blue-collar,married,basic.9y,no,yes,no,cellular,may,wed,78,1,999,0,nonexistent,-1.8,92.89299999999999,-46.2,1.281,5099.1,no
39,blue-collar,single,university.degree,no,no,no,cellular,may,wed,9,5,999,0,nonexistent,-1.8,92.89299999999999,-46.2,1.281,5099.1,no
39,blue-collar,married,basic.4y,no,no,no,cellular,may,wed,44,1,999,1,failure,-1.8,92.89299999999999,-46.2,1.281,5099.1,no
28,admin.,married,high.school,no,no,no,cellular,may,wed,75,2,999,0,nonexistent,-1.8,92.89299999999999,-46.2,1.281,5099.1,no
59,admin.,divorced,high.school,no,unknown,unknown,telephone,may,wed,157,3,999,0,nonexistent,-1.8,92.89299999999999,-46.2,1.281,5099.1,no
46,admin.,married,high.school,unknown,yes,no,cellular,may,wed,109,1,999,0,nonexistent,-1.8,92.89299999999999,-46.2,1.281,5099.1,no
28,blue-collar,single,high.school,no,yes,no,cellular,may,wed,529,1,999,0,nonexistent,-1.8,92.89299999999999,-46.2,1.281,5099.1,no
48,blue-collar,married,basic.6y,no,no,no,cellular,may,wed,349,1,999,1,failure,-1.8,92.89299999999999,-46.2,1.281,5099.1,no
34,blue-collar,married,basic.6y,no,no,no,cellular,may,wed,127,1,999,0,nonexistent,-1.8,92.89299999999999,-46.2,1.281,5099.1,no
39,technician,divorced,professional.course,no,no,yes,cellular,may,wed,83,2,999,0,nonexistent,-1.8,92.89299999999999,-46.2,1.281,5099.1,no
39,blue-collar,divorced,basic.6y,unknown,yes,no,cellular,may,wed,333,1,999,0,nonexistent,-1.8,92.89299999999999,-46.2,1.281,5099.1,yes
58,retired,married,basic.4y,unknown,yes,no,cellular,may,wed,205,1,999,1,failure,-1.8,92.89299999999999,-46.2,1.281,5099.1,no
41,entrepreneur,married,university.degree,no,yes,no,cellular,may,wed,276,1,12,1,success,-1.8,92.89299999999999,-46.2,1.281,5099.1,no
43,blue-collar,married,basic.4y,no,yes,no,cellular,may,wed,264,1,999,0,nonexistent,-1.8,92.89299999999999,-46.2,1.281,5099.1,no
37,technician,divorced,professional.course,no,no,no,cellular,may,wed,109,1,999,0,nonexistent,-1.8,92.89299999999999,-46.2,1.281,5099.1,no
38,self-employed,married,basic.9y,no,no,yes,cellular,may,wed,234,2,999,1,failure,-1.8,92.89299999999999,-46.2,1.281,5099.1,no
30,blue-collar,married,basic.9y,unknown,no,no,telephone,may,wed,115,1,999,0,nonexistent,-1.8,92.89299999999999,-46.2,1.281,5099.1,no
29,services,single,basic.6y,no,yes,no,cellular,may,wed,272,2,999,0,nonexistent,-1.8,92.89299999999999,-46.2,1.281,5099.1,no
43,blue-collar,married,basic.4y,no,no,yes,cellular,may,wed,589,1,999,0,nonexistent,-1.8,92.89299999999999,-46.2,1.281,5099.1,no
38,technician,married,university.degree,no,yes,no,cellular,may,wed,172,1,999,1,failure,-1.8,92.89299999999999,-46.2,1.281,5099.1,no
30,admin.,single,high.school,no,yes,no,cellular,may,wed,53,1,999,0,nonexistent,-1.8,92.89299999999999,-46.2,1.281,5099.1,no
31,management,single,university.degree,no,no,no,cellular,may,wed,82,2,999,0,nonexistent,-1.8,92.89299999999999,-46.2,1.281,5099.1,no
31,unemployed,married,basic.9y,no,yes,no,cellular,may,wed,788,2,999,0,nonexistent,-1.8,92.89299999999999,-46.2,1.281,5099.1,no
29,blue-collar,single,basic.9y,no,yes,no,cellular,may,wed,528,1,999,1,failure,-1.8,92.89299999999999,-46.2,1.281,5099.1,no
41,blue-collar,married,basic.4y,unknown,no,no,cellular,may,wed,296,1,999,1,failure,-1.8,92.89299999999999,-46.2,1.281,5099.1,no
31,blue-collar,single,basic.9y,no,no,no,cellular,may,wed,114,1,999,1,failure,-1.8,92.89299999999999,-46.2,1.281,5099.1,no
43,blue-collar,married,basic.4y,unknown,no,no,cellular,may,wed,249,2,999,1,failure,-1.8,92.89299999999999,-46.2,1.281,5099.1,no
28,services,single,high.school,no,yes,yes,cellular,may,wed,562,1,999,0,nonexistent,-1.8,92.89299999999999,-46.2,1.281,5099.1,yes
36,services,single,professional.course,no,yes,no,cellular,may,wed,112,1,999,0,nonexistent,-1.8,92.89299999999999,-46.2,1.281,5099.1,no
38,blue-collar,married,basic.9y,no,no,no,cellular,may,wed,204,1,11,1,success,-1.8,92.89299999999999,-46.2,1.281,5099.1,no
31,self-employed,married,basic.9y,no,unknown,unknown,cellular,may,wed,168,2,999,0,nonexistent,-1.8,92.89299999999999,-46.2,1.281,5099.1,no
33,services,single,high.school,no,yes,no,cellular,may,wed,281,1,999,1,failure,-1.8,92.89299999999999,-46.2,1.281,5099.1,no
43,admin.,divorced,basic.9y,no,yes,no,cellular,may,wed,321,1,999,0,nonexistent,-1.8,92.89299999999999,-46.2,1.281,5099.1,no
28,blue-collar,single,basic.9y,no,yes,no,cellular,may,wed,149,1,999,0,nonexistent,-1.8,92.89299999999999,-46.2,1.281,5099.1,no
28,blue-collar,single,basic.9y,no,no,no,cellular,may,wed,155,1,999,1,failure,-1.8,92.89299999999999,-46.2,1.281,5099.1,no
47,blue-collar,single,basic.6y,unknown,no,no,cellular,may,wed,87,1,999,0,nonexistent,-1.8,92.89299999999999,-46.2,1.281,5099.1,no
35,blue-collar,single,high.school,no,yes,no,cellular,may,wed,49,2,999,0,nonexistent,-1.8,92.89299999999999,-46.2,1.281,5099.1,no
28,blue-collar,single,basic.9y,no,yes,no,cellular,may,wed,294,1,999,0,nonexistent,-1.8,92.89299999999999,-46.2,1.281,5099.1,no
47,services,married,professional.course,no,yes,no,cellular,may,wed,137,3,999,0,nonexistent,-1.8,92.89299999999999,-46.2,1.281,5099.1,no
27,admin.,single,high.school,no,no,no,cellular,may,wed,167,1,999,0,nonexistent,-1.8,92.89299999999999,-46.2,1.281,5099.1,no
49,entrepreneur,married,unknown,no,no,no,cellular,may,wed,85,2,999,0,nonexistent,-1.8,92.89299999999999,-46.2,1.281,5099.1,no
53,management,married,university.degree,no,yes,no,cellular,may,wed,92,2,999,1,failure,-1.8,92.89299999999999,-46.2,1.281,5099.1,no
48,admin.,divorced,unknown,no,yes,no,cellular,may,wed,16,6,999,0,nonexistent,-1.8,92.89299999999999,-46.2,1.281,5099.1,no
29,admin.,single,university.degree,no,no,no,cellular,may,wed,132,2,999,0,nonexistent,-1.8,92.89299999999999,-46.2,1.281,5099.1,no
30,technician,single,unknown,no,yes,yes,cellular,may,wed,324,2,999,0,nonexistent,-1.8,92.89299999999999,-46.2,1.281,5099.1,no
22,student,single,high.school,no,yes,no,cellular,may,wed,315,1,999,0,nonexistent,-1.8,92.89299999999999,-46.2,1.281,5099.1,no
32,blue-collar,married,basic.9y,no,yes,yes,cellular,may,wed,110,4,999,0,nonexistent,-1.8,92.89299999999999,-46.2,1.281,5099.1,no
26,services,single,high.school,no,yes,no,telephone,may,wed,421,3,999,0,nonexistent,-1.8,92.89299999999999,-46.2,1.281,5099.1,no
34,services,divorced,basic.6y,unknown,no,no,cellular,may,wed,79,3,999,0,nonexistent,-1.8,92.89299999999999,-46.2,1.281,5099.1,no
29,blue-collar,single,basic.9y,no,no,no,cellular,may,wed,174,1,999,0,nonexistent,-1.8,92.89299999999999,-46.2,1.281,5099.1,no
29,blue-collar,married,basic.9y,unknown,yes,no,cellular,may,wed,257,4,999,0,nonexistent,-1.8,92.89299999999999,-46.2,1.281,5099.1,no
42,technician,divorced,high.school,no,yes,no,cellular,may,wed,228,2,999,1,failure,-1.8,92.89299999999999,-46.2,1.281,5099.1,no
33,blue-collar,married,basic.9y,no,no,no,cellular,may,wed,296,1,999,0,nonexistent,-1.8,92.89299999999999,-46.2,1.281,5099.1,no
51,blue-collar,divorced,basic.9y,no,yes,no,cellular,may,wed,337,3,999,0,nonexistent,-1.8,92.89299999999999,-46.2,1.281,5099.1,no
31,admin.,married,high.school,no,yes,no,cellular,may,wed,476,1,999,0,nonexistent,-1.8,92.89299999999999,-46.2,1.281,5099.1,yes
28,technician,single,professional.course,no,yes,no,telephone,may,wed,185,1,999,1,failure,-1.8,92.89299999999999,-46.2,1.281,5099.1,no
51,blue-collar,married,basic.4y,no,no,no,cellular,may,wed,104,4,999,0,nonexistent,-1.8,92.89299999999999,-46.2,1.281,5099.1,no
28,technician,single,professional.course,no,yes,no,cellular,may,wed,244,1,999,0,nonexistent,-1.8,92.89299999999999,-46.2,1.281,5099.1,no
29,admin.,single,university.degree,no,yes,no,cellular,may,wed,152,1,999,1,failure,-1.8,92.89299999999999,-46.2,1.281,5099.1,no
28,blue-collar,married,professional.course,unknown,yes,no,cellular,may,wed,573,7,999,1,failure,-1.8,92.89299999999999,-46.2,1.281,5099.1,no
44,admin.,married,high.school,no,no,no,cellular,may,wed,231,1,999,0,nonexistent,-1.8,92.89299999999999,-46.2,1.281,5099.1,no
58,management,married,basic.4y,no,yes,yes,cellular,may,wed,184,1,999,1,failure,-1.8,92.89299999999999,-46.2,1.281,5099.1,no
41,blue-collar,married,basic.4y,no,yes,no,cellular,may,wed,124,1,999,0,nonexistent,-1.8,92.89299999999999,-46.2,1.281,5099.1,no
40,blue-collar,single,basic.9y,no,no,no,cellular,may,wed,21,6,999,0,nonexistent,-1.8,92.89299999999999,-46.2,1.281,5099.1,no
36,blue-collar,single,basic.9y,unknown,no,no,cellular,may,wed,233,3,999,0,nonexistent,-1.8,92.89299999999999,-46.2,1.281,5099.1,no
30,blue-collar,married,basic.9y,no,yes,no,cellular,may,wed,99,1,999,0,nonexistent,-1.8,92.89299999999999,-46.2,1.281,5099.1,no
31,admin.,single,basic.9y,no,yes,no,cellular,may,wed,117,2,999,1,failure,-1.8,92.89299999999999,-46.2,1.281,5099.1,no
32,services,single,high.school,no,yes,no,cellular,may,wed,53,1,999,1,failure,-1.8,92.89299999999999,-46.2,1.281,5099.1,no
35,admin.,married,university.degree,no,no,yes,cellular,may,wed,261,1,999,0,nonexistent,-1.8,92.89299999999999,-46.2,1.281,5099.1,no
29,admin.,married,university.degree,no,no,no,cellular,may,wed,155,2,999,0,nonexistent,-1.8,92.89299999999999,-46.2,1.281,5099.1,no
35,admin.,married,high.school,no,yes,no,cellular,may,wed,43,1,999,0,nonexistent,-1.8,92.89299999999999,-46.2,1.281,5099.1,no
32,services,married,basic.9y,no,yes,no,cellular,may,wed,53,1,999,0,nonexistent,-1.8,92.89299999999999,-46.2,1.281,5099.1,no
32,services,single,high.school,no,unknown,unknown,cellular,may,wed,363,1,999,1,failure,-1.8,92.89299999999999,-46.2,1.281,5099.1,no
31,admin.,married,high.school,no,yes,no,cellular,may,wed,14,1,999,0,nonexistent,-1.8,92.89299999999999,-46.2,1.281,5099.1,no
39,blue-collar,married,basic.9y,unknown,yes,no,cellular,may,wed,56,1,999,0,nonexistent,-1.8,92.89299999999999,-46.2,1.281,5099.1,no
23,admin.,single,high.school,no,yes,no,cellular,may,wed,108,1,999,0,nonexistent,-1.8,92.89299999999999,-46.2,1.281,5099.1,no
32,blue-collar,married,basic.6y,unknown,yes,no,cellular,may,wed,459,1,999,0,nonexistent,-1.8,92.89299999999999,-46.2,1.281,5099.1,yes
50,blue-collar,single,professional.course,no,no,no,cellular,may,wed,425,2,999,0,nonexistent,-1.8,92.89299999999999,-46.2,1.281,5099.1,no
24,blue-collar,single,basic.9y,no,yes,no,cellular,may,wed,200,1,999,0,nonexistent,-1.8,92.89299999999999,-46.2,1.281,5099.1,no
58,housemaid,married,basic.4y,no,yes,no,cellular,may,wed,413,1,999,0,nonexistent,-1.8,92.89299999999999,-46.2,1.281,5099.1,no
47,blue-collar,married,basic.4y,no,yes,no,cellular,may,wed,177,1,999,1,failure,-1.8,92.89299999999999,-46.2,1.281,5099.1,no
31,services,single,high.school,no,yes,no,cellular,may,wed,66,1,999,1,failure,-1.8,92.89299999999999,-46.2,1.281,5099.1,no
34,services,married,university.degree,no,yes,yes,cellular,may,wed,253,1,999,0,nonexistent,-1.8,92.89299999999999,-46.2,1.281,5099.1,no
30,blue-collar,single,basic.9y,no,yes,no,cellular,may,wed,14,6,999,1,failure,-1.8,92.89299999999999,-46.2,1.281,5099.1,no
33,admin.,married,high.school,no,no,no,cellular,may,wed,316,1,999,0,nonexistent,-1.8,92.89299999999999,-46.2,1.281,5099.1,no
31,services,single,high.school,no,yes,no,cellular,may,wed,152,1,999,1,failure,-1.8,92.89299999999999,-46.2,1.281,5099.1,no
34,blue-collar,married,basic.6y,no,no,yes,telephone,may,wed,137,1,999,1,failure,-1.8,92.89299999999999,-46.2,1.281,5099.1,no
34,management,single,university.degree,no,no,yes,cellular,may,wed,155,1,999,0,nonexistent,-1.8,92.89299999999999,-46.2,1.281,5099.1,no
56,blue-collar,divorced,basic.6y,unknown,no,no,cellular,may,wed,154,1,999,1,failure,-1.8,92.89299999999999,-46.2,1.281,5099.1,no
28,admin.,married,high.school,no,yes,yes,cellular,may,wed,165,1,999,1,failure,-1.8,92.89299999999999,-46.2,1.281,5099.1,no
35,blue-collar,married,professional.course,no,yes,no,cellular,may,wed,466,2,999,0,nonexistent,-1.8,92.89299999999999,-46.2,1.281,5099.1,no
29,blue-collar,married,basic.9y,no,no,no,cellular,may,wed,1101,1,999,0,nonexistent,-1.8,92.89299999999999,-46.2,1.281,5099.1,yes
48,blue-collar,married,basic.9y,no,yes,no,cellular,may,wed,368,1,999,0,nonexistent,-1.8,92.89299999999999,-46.2,1.281,5099.1,no
28,admin.,married,high.school,no,yes,no,cellular,may,wed,201,1,999,1,failure,-1.8,92.89299999999999,-46.2,1.281,5099.1,no
29,blue-collar,single,high.school,no,yes,yes,cellular,may,wed,146,1,999,0,nonexistent,-1.8,92.89299999999999,-46.2,1.281,5099.1,no
27,admin.,married,high.school,no,yes,yes,cellular,may,wed,77,4,999,0,nonexistent,-1.8,92.89299999999999,-46.2,1.281,5099.1,no
29,blue-collar,single,high.school,no,no,no,cellular,may,wed,157,1,999,0,nonexistent,-1.8,92.89299999999999,-46.2,1.281,5099.1,no
33,admin.,single,university.degree,no,yes,yes,cellular,may,wed,96,6,999,1,failure,-1.8,92.89299999999999,-46.2,1.281,5099.1,no
52,admin.,married,basic.9y,no,yes,no,cellular,may,wed,38,2,999,1,failure,-1.8,92.89299999999999,-46.2,1.281,5099.1,no
48,services,married,high.school,no,yes,yes,cellular,may,wed,154,5,999,0,nonexistent,-1.8,92.89299999999999,-46.2,1.281,5099.1,no
55,blue-collar,divorced,basic.4y,unknown,no,no,telephone,may,wed,148,4,999,0,nonexistent,-1.8,92.89299999999999,-46.2,1.281,5099.1,no
41,services,married,high.school,no,yes,no,cellular,may,wed,342,2,999,0,nonexistent,-1.8,92.89299999999999,-46.2,1.281,5099.1,no
28,technician,single,professional.course,no,yes,yes,telephone,may,wed,43,1,999,1,failure,-1.8,92.89299999999999,-46.2,1.281,5099.1,no
44,technician,single,high.school,unknown,no,no,cellular,may,wed,394,1,999,0,nonexistent,-1.8,92.89299999999999,-46.2,1.281,5099.1,yes
29,blue-collar,single,basic.9y,no,no,no,cellular,may,wed,68,1,999,0,nonexistent,-1.8,92.89299999999999,-46.2,1.281,5099.1,no
43,self-employed,single,high.school,unknown,no,no,cellular,may,wed,364,2,999,0,nonexistent,-1.8,92.89299999999999,-46.2,1.281,5099.1,no
27,blue-collar,single,unknown,no,yes,no,telephone,may,wed,125,2,999,1,failure,-1.8,92.89299999999999,-46.2,1.281,5099.1,no
32,blue-collar,single,basic.9y,no,yes,yes,cellular,may,wed,179,1,999,0,nonexistent,-1.8,92.89299999999999,-46.2,1.281,5099.1,no
29,blue-collar,single,basic.9y,no,yes,no,cellular,may,wed,427,1,999,0,nonexistent,-1.8,92.89299999999999,-46.2,1.281,5099.1,no
34,technician,single,high.school,no,no,no,cellular,may,wed,63,1,999,0,nonexistent,-1.8,92.89299999999999,-46.2,1.281,5099.1,no
22,admin.,single,high.school,no,yes,no,cellular,may,wed,197,2,999,0,nonexistent,-1.8,92.89299999999999,-46.2,1.281,5099.1,no
33,blue-collar,single,basic.4y,no,yes,yes,cellular,may,wed,409,2,999,0,nonexistent,-1.8,92.89299999999999,-46.2,1.281,5099.1,no
55,blue-collar,married,basic.9y,no,yes,yes,cellular,may,wed,299,1,999,0,nonexistent,-1.8,92.89299999999999,-46.2,1.281,5099.1,no
36,blue-collar,divorced,basic.9y,no,no,no,cellular,may,wed,323,2,999,0,nonexistent,-1.8,92.89299999999999,-46.2,1.281,5099.1,no
45,services,divorced,basic.9y,no,no,no,cellular,may,wed,215,1,999,1,failure,-1.8,92.89299999999999,-46.2,1.281,5099.1,no
37,admin.,single,basic.9y,no,yes,yes,cellular,may,wed,147,1,999,0,nonexistent,-1.8,92.89299999999999,-46.2,1.281,5099.1,no
39,technician,single,professional.course,no,no,no,cellular,may,wed,143,1,999,1,failure,-1.8,92.89299999999999,-46.2,1.281,5099.1,no
38,admin.,married,university.degree,no,yes,no,cellular,may,wed,541,1,999,1,failure,-1.8,92.89299999999999,-46.2,1.281,5099.1,no
40,admin.,single,high.school,no,no,yes,cellular,may,wed,172,1,999,0,nonexistent,-1.8,92.89299999999999,-46.2,1.281,5099.1,no
38,blue-collar,single,basic.6y,no,yes,yes,cellular,may,wed,309,1,999,1,failure,-1.8,92.89299999999999,-46.2,1.281,5099.1,no
59,retired,divorced,professional.course,no,no,no,cellular,may,wed,69,1,999,0,nonexistent,-1.8,92.89299999999999,-46.2,1.281,5099.1,no
24,student,single,university.degree,no,yes,no,cellular,may,wed,79,1,999,0,nonexistent,-1.8,92.89299999999999,-46.2,1.281,5099.1,no
31,admin.,single,high.school,no,no,no,cellular,may,wed,299,2,999,1,failure,-1.8,92.89299999999999,-46.2,1.281,5099.1,no
38,housemaid,divorced,university.degree,no,yes,no,cellular,may,wed,213,1,999,0,nonexistent,-1.8,92.89299999999999,-46.2,1.281,5099.1,no
29,blue-collar,married,basic.9y,no,no,no,cellular,may,wed,54,1,6,1,success,-1.8,92.89299999999999,-46.2,1.281,5099.1,no
29,admin.,married,high.school,no,no,no,cellular,may,wed,54,1,999,1,failure,-1.8,92.89299999999999,-46.2,1.281,5099.1,no
41,blue-collar,single,basic.4y,unknown,yes,no,cellular,may,wed,247,1,999,0,nonexistent,-1.8,92.89299999999999,-46.2,1.281,5099.1,no
41,blue-collar,single,basic.4y,unknown,yes,no,cellular,may,wed,426,1,999,1,failure,-1.8,92.89299999999999,-46.2,1.281,5099.1,no
34,technician,single,professional.course,no,yes,no,cellular,may,wed,404,2,999,0,nonexistent,-1.8,92.89299999999999,-46.2,1.281,5099.1,no
34,admin.,married,university.degree,no,yes,no,cellular,may,wed,80,2,999,0,nonexistent,-1.8,92.89299999999999,-46.2,1.281,5099.1,no
33,admin.,single,high.school,no,yes,no,cellular,may,wed,135,1,999,1,failure,-1.8,92.89299999999999,-46.2,1.281,5099.1,no
35,blue-collar,single,basic.4y,unknown,yes,no,cellular,may,wed,130,3,999,1,failure,-1.8,92.89299999999999,-46.2,1.281,5099.1,no
33,admin.,single,high.school,no,no,no,cellular,may,wed,341,1,999,0,nonexistent,-1.8,92.89299999999999,-46.2,1.281,5099.1,no
29,blue-collar,married,basic.9y,no,no,no,cellular,may,wed,366,3,999,1,failure,-1.8,92.89299999999999,-46.2,1.281,5099.1,yes
33,technician,single,university.degree,no,no,yes,cellular,may,wed,118,2,999,0,nonexistent,-1.8,92.89299999999999,-46.2,1.281,5099.1,no
28,unemployed,married,university.degree,no,no,no,cellular,may,wed,176,1,999,0,nonexistent,-1.8,92.89299999999999,-46.2,1.281,5099.1,no
36,blue-collar,married,basic.4y,unknown,yes,no,cellular,may,wed,300,1,999,1,failure,-1.8,92.89299999999999,-46.2,1.281,5099.1,no
45,blue-collar,single,basic.4y,no,no,no,cellular,may,wed,223,1,999,1,failure,-1.8,92.89299999999999,-46.2,1.281,5099.1,no
37,blue-collar,married,basic.4y,no,no,yes,cellular,may,wed,199,1,999,1,failure,-1.8,92.89299999999999,-46.2,1.281,5099.1,no
56,housemaid,married,basic.4y,unknown,no,no,cellular,may,wed,206,1,999,0,nonexistent,-1.8,92.89299999999999,-46.2,1.281,5099.1,no
45,blue-collar,single,basic.4y,no,yes,no,cellular,may,wed,721,1,999,0,nonexistent,-1.8,92.89299999999999,-46.2,1.281,5099.1,no
32,technician,married,university.degree,no,yes,no,cellular,may,wed,641,1,999,0,nonexistent,-1.8,92.89299999999999,-46.2,1.281,5099.1,no
33,blue-collar,single,basic.6y,unknown,no,no,cellular,may,wed,163,1,999,0,nonexistent,-1.8,92.89299999999999,-46.2,1.281,5099.1,no
34,admin.,single,university.degree,no,yes,no,cellular,may,wed,234,1,999,1,failure,-1.8,92.89299999999999,-46.2,1.281,5099.1,no
36,blue-collar,married,basic.9y,no,yes,no,cellular,may,wed,180,2,999,2,failure,-1.8,92.89299999999999,-46.2,1.281,5099.1,no
29,technician,single,high.school,no,no,no,cellular,may,wed,68,4,12,1,success,-1.8,92.89299999999999,-46.2,1.281,5099.1,no
34,blue-collar,single,high.school,no,no,no,cellular,may,wed,103,1,999,0,nonexistent,-1.8,92.89299999999999,-46.2,1.281,5099.1,no
36,services,single,high.school,no,no,no,cellular,may,wed,102,6,999,0,nonexistent,-1.8,92.89299999999999,-46.2,1.281,5099.1,no
34,admin.,single,high.school,no,yes,no,cellular,may,wed,239,1,999,1,failure,-1.8,92.89299999999999,-46.2,1.281,5099.1,no
36,admin.,single,university.degree,no,yes,no,cellular,may,wed,325,2,999,0,nonexistent,-1.8,92.89299999999999,-46.2,1.281,5099.1,no
35,services,single,high.school,no,no,no,cellular,may,wed,234,3,999,0,nonexistent,-1.8,92.89299999999999,-46.2,1.281,5099.1,no
42,technician,married,professional.course,no,no,no,cellular,may,wed,194,4,999,0,nonexistent,-1.8,92.89299999999999,-46.2,1.281,5099.1,no
53,admin.,married,basic.9y,no,yes,yes,cellular,may,wed,674,1,999,0,nonexistent,-1.8,92.89299999999999,-46.2,1.281,5099.1,yes
36,services,single,high.school,no,yes,no,telephone,may,wed,216,4,999,0,nonexistent,-1.8,92.89299999999999,-46.2,1.281,5099.1,no
48,blue-collar,married,basic.6y,no,yes,no,cellular,may,wed,122,1,999,1,failure,-1.8,92.89299999999999,-46.2,1.281,5099.1,no
35,blue-collar,married,basic.6y,no,no,no,telephone,may,wed,622,3,999,0,nonexistent,-1.8,92.89299999999999,-46.2,1.281,5099.1,yes
29,blue-collar,married,basic.9y,no,no,no,cellular,may,wed,1966,1,999,0,nonexistent,-1.8,92.89299999999999,-46.2,1.281,5099.1,no
27,blue-collar,married,university.degree,no,no,yes,cellular,may,wed,131,1,999,0,nonexistent,-1.8,92.89299999999999,-46.2,1.281,5099.1,no
49,entrepreneur,married,university.degree,no,no,no,cellular,may,wed,140,2,999,0,nonexistent,-1.8,92.89299999999999,-46.2,1.281,5099.1,no
34,blue-collar,married,basic.6y,no,no,yes,cellular,may,wed,281,1,999,0,nonexistent,-1.8,92.89299999999999,-46.2,1.281,5099.1,no
40,technician,married,basic.6y,no,yes,no,cellular,may,wed,156,5,999,1,failure,-1.8,92.89299999999999,-46.2,1.281,5099.1,no
45,blue-collar,single,basic.4y,no,yes,no,cellular,may,wed,161,2,999,0,nonexistent,-1.8,92.89299999999999,-46.2,1.281,5099.1,no
33,admin.,married,university.degree,no,yes,yes,cellular,may,wed,44,1,999,1,failure,-1.8,92.89299999999999,-46.2,1.281,5099.1,no
32,technician,single,high.school,no,yes,no,cellular,may,wed,240,1,999,1,failure,-1.8,92.89299999999999,-46.2,1.281,5099.1,no
42,blue-collar,married,basic.6y,no,yes,no,cellular,may,wed,172,1,999,0,nonexistent,-1.8,92.89299999999999,-46.2,1.281,5099.1,no
36,technician,married,professional.course,no,no,no,cellular,may,wed,127,1,999,0,nonexistent,-1.8,92.89299999999999,-46.2,1.281,5099.1,no
39,technician,single,professional.course,no,yes,no,cellular,may,wed,115,1,999,0,nonexistent,-1.8,92.89299999999999,-46.2,1.281,5099.1,no
26,admin.,single,high.school,no,yes,no,cellular,may,wed,38,1,999,1,failure,-1.8,92.89299999999999,-46.2,1.281,5099.1,no
42,services,married,basic.9y,no,yes,no,cellular,may,wed,201,1,999,1,failure,-1.8,92.89299999999999,-46.2,1.281,5099.1,no
34,admin.,married,basic.6y,no,yes,no,cellular,may,wed,298,2,999,0,nonexistent,-1.8,92.89299999999999,-46.2,1.281,5099.1,no
41,services,married,high.school,no,yes,no,cellular,may,wed,314,2,999,0,nonexistent,-1.8,92.89299999999999,-46.2,1.281,5099.1,yes
23,blue-collar,married,basic.9y,no,yes,no,cellular,may,wed,52,4,999,0,nonexistent,-1.8,92.89299999999999,-46.2,1.281,5099.1,no
23,services,married,high.school,no,yes,no,cellular,may,wed,77,3,999,0,nonexistent,-1.8,92.89299999999999,-46.2,1.281,5099.1,no
49,unemployed,married,basic.4y,unknown,yes,no,cellular,may,wed,804,1,999,0,nonexistent,-1.8,92.89299999999999,-46.2,1.281,5099.1,no
51,blue-collar,married,high.school,no,yes,no,cellular,may,wed,809,1,999,1,failure,-1.8,92.89299999999999,-46.2,1.281,5099.1,yes
31,blue-collar,divorced,high.school,no,no,no,cellular,may,wed,156,1,999,1,failure,-1.8,92.89299999999999,-46.2,1.281,5099.1,no
31,admin.,single,university.degree,no,yes,no,cellular,may,wed,44,1,999,0,nonexistent,-1.8,92.89299999999999,-46.2,1.281,5099.1,no
30,admin.,married,high.school,no,no,no,cellular,may,wed,166,1,999,1,failure,-1.8,92.89299999999999,-46.2,1.281,5099.1,no
41,services,married,high.school,no,yes,no,cellular,may,wed,58,2,999,0,nonexistent,-1.8,92.89299999999999,-46.2,1.281,5099.1,no
39,blue-collar,married,high.school,no,yes,yes,cellular,may,wed,312,1,999,1,failure,-1.8,92.89299999999999,-46.2,1.281,5099.1,no
39,blue-collar,married,high.school,no,yes,no,cellular,may,wed,298,1,999,0,nonexistent,-1.8,92.89299999999999,-46.2,1.281,5099.1,no
39,retired,single,basic.6y,unknown,yes,no,cellular,may,wed,466,1,999,0,nonexistent,-1.8,92.89299999999999,-46.2,1.281,5099.1,no
37,admin.,divorced,university.degree,unknown,yes,no,cellular,may,wed,291,8,999,1,failure,-1.8,92.89299999999999,-46.2,1.281,5099.1,no
28,blue-collar,single,university.degree,unknown,no,no,cellular,may,wed,169,2,999,0,nonexistent,-1.8,92.89299999999999,-46.2,1.281,5099.1,no
34,unemployed,single,high.school,no,yes,no,cellular,may,wed,937,3,999,0,nonexistent,-1.8,92.89299999999999,-46.2,1.281,5099.1,yes
31,blue-collar,single,basic.9y,no,no,yes,cellular,may,wed,37,3,999,0,nonexistent,-1.8,92.89299999999999,-46.2,1.281,5099.1,no
38,blue-collar,married,basic.4y,no,yes,no,cellular,may,wed,193,3,999,0,nonexistent,-1.8,92.89299999999999,-46.2,1.281,5099.1,no
29,admin.,single,high.school,no,no,no,cellular,may,wed,230,4,999,0,nonexistent,-1.8,92.89299999999999,-46.2,1.281,5099.1,no
49,blue-collar,divorced,high.school,no,yes,no,cellular,may,wed,204,2,999,0,nonexistent,-1.8,92.89299999999999,-46.2,1.281,5099.1,no
35,admin.,married,high.school,no,yes,no,cellular,may,wed,163,2,999,1,failure,-1.8,92.89299999999999,-46.2,1.281,5099.1,no
34,unemployed,single,high.school,no,yes,no,cellular,may,wed,1970,3,999,0,nonexistent,-1.8,92.89299999999999,-46.2,1.281,5099.1,yes
32,blue-collar,single,high.school,no,no,yes,cellular,may,wed,358,2,999,1,failure,-1.8,92.89299999999999,-46.2,1.281,5099.1,no
34,admin.,single,high.school,no,yes,no,cellular,may,wed,195,2,999,1,failure,-1.8,92.89299999999999,-46.2,1.281,5099.1,no
34,blue-collar,married,unknown,unknown,yes,no,telephone,may,wed,1302,3,999,0,nonexistent,-1.8,92.89299999999999,-46.2,1.281,5099.1,yes
31,blue-collar,married,basic.9y,unknown,yes,no,cellular,may,wed,96,3,999,0,nonexistent,-1.8,92.89299999999999,-46.2,1.281,5099.1,no
44,blue-collar,divorced,basic.4y,no,no,no,cellular,may,wed,154,2,999,0,nonexistent,-1.8,92.89299999999999,-46.2,1.281,5099.1,no
51,self-employed,married,basic.9y,no,no,no,telephone,may,wed,246,2,12,1,success,-1.8,92.89299999999999,-46.2,1.281,5099.1,no
30,student,single,university.degree,unknown,yes,yes,cellular,may,wed,122,2,999,0,nonexistent,-1.8,92.89299999999999,-46.2,1.281,5099.1,no
42,blue-collar,married,basic.4y,unknown,no,no,telephone,may,wed,276,2,999,0,nonexistent,-1.8,92.89299999999999,-46.2,1.281,5099.1,no
33,admin.,single,university.degree,no,no,no,cellular,may,wed,151,2,999,0,nonexistent,-1.8,92.89299999999999,-46.2,1.281,5099.1,no
35,blue-collar,married,basic.9y,no,no,no,cellular,may,wed,297,2,999,0,nonexistent,-1.8,92.89299999999999,-46.2,1.281,5099.1,no
31,blue-collar,married,basic.9y,unknown,yes,yes,cellular,may,wed,119,2,999,1,failure,-1.8,92.89299999999999,-46.2,1.281,5099.1,no
38,management,married,university.degree,no,yes,no,cellular,may,wed,172,3,999,0,nonexistent,-1.8,92.89299999999999,-46.2,1.281,5099.1,no
33,management,married,university.degree,no,yes,yes,cellular,may,wed,74,3,999,1,failure,-1.8,92.89299999999999,-46.2,1.281,5099.1,no
51,blue-collar,divorced,basic.9y,no,yes,no,cellular,may,wed,187,3,999,0,nonexistent,-1.8,92.89299999999999,-46.2,1.281,5099.1,no
36,blue-collar,single,basic.9y,unknown,yes,no,cellular,may,wed,141,4,999,0,nonexistent,-1.8,92.89299999999999,-46.2,1.281,5099.1,no
35,technician,married,professional.course,no,no,no,cellular,may,wed,124,2,999,1,failure,-1.8,92.89299999999999,-46.2,1.281,5099.1,no
41,blue-collar,married,basic.4y,no,yes,no,cellular,may,wed,186,2,999,0,nonexistent,-1.8,92.89299999999999,-46.2,1.281,5099.1,no
38,blue-collar,married,basic.9y,no,yes,no,cellular,may,wed,1975,5,999,0,nonexistent,-1.8,92.89299999999999,-46.2,1.281,5099.1,yes
29,services,single,basic.6y,no,yes,yes,cellular,may,wed,252,5,999,0,nonexistent,-1.8,92.89299999999999,-46.2,1.281,5099.1,no
32,services,single,high.school,no,no,no,cellular,may,wed,248,2,999,0,nonexistent,-1.8,92.89299999999999,-46.2,1.281,5099.1,no
33,admin.,married,high.school,no,yes,yes,cellular,may,wed,85,2,999,1,failure,-1.8,92.89299999999999,-46.2,1.281,5099.1,no
39,blue-collar,married,basic.4y,no,no,no,cellular,may,wed,199,3,999,0,nonexistent,-1.8,92.89299999999999,-46.2,1.281,5099.1,no
38,self-employed,married,basic.9y,no,no,yes,cellular,may,wed,482,2,999,0,nonexistent,-1.8,92.89299999999999,-46.2,1.281,5099.1,yes
30,technician,married,basic.9y,no,no,no,cellular,may,wed,226,4,999,1,failure,-1.8,92.89299999999999,-46.2,1.281,5099.1,no
33,admin.,single,university.degree,no,yes,no,cellular,may,wed,358,2,999,1,failure,-1.8,92.89299999999999,-46.2,1.281,5099.1,no
49,admin.,married,university.degree,no,yes,yes,cellular,may,wed,194,3,999,0,nonexistent,-1.8,92.89299999999999,-46.2,1.281,5099.1,no
34,self-employed,single,university.degree,no,no,no,cellular,may,wed,340,2,999,1,failure,-1.8,92.89299999999999,-46.2,1.281,5099.1,no
40,blue-collar,single,basic.9y,no,yes,yes,telephone,may,wed,325,4,999,0,nonexistent,-1.8,92.89299999999999,-46.2,1.281,5099.1,no
48,blue-collar,married,basic.6y,no,yes,no,cellular,may,wed,88,2,999,0,nonexistent,-1.8,92.89299999999999,-46.2,1.281,5099.1,no
33,admin.,divorced,university.degree,no,yes,no,cellular,may,wed,275,2,999,0,nonexistent,-1.8,92.89299999999999,-46.2,1.281,5099.1,no
36,admin.,single,university.degree,no,yes,no,cellular,may,wed,177,3,999,0,nonexistent,-1.8,92.89299999999999,-46.2,1.281,5099.1,no
43,admin.,married,high.school,unknown,no,no,cellular,may,wed,431,2,999,0,nonexistent,-1.8,92.89299999999999,-46.2,1.281,5099.1,no
39,blue-collar,single,university.degree,no,yes,no,cellular,may,wed,53,3,999,1,failure,-1.8,92.89299999999999,-46.2,1.281,5099.1,no
39,management,divorced,university.degree,no,no,no,cellular,may,wed,157,4,999,0,nonexistent,-1.8,92.89299999999999,-46.2,1.281,5099.1,no
31,admin.,married,university.degree,no,yes,no,cellular,may,wed,954,2,10,1,success,-1.8,92.89299999999999,-46.2,1.281,5099.1,yes
41,blue-collar,married,unknown,no,yes,yes,cellular,may,wed,612,2,999,0,nonexistent,-1.8,92.89299999999999,-46.2,1.281,5099.1,no
45,admin.,single,high.school,unknown,no,no,cellular,may,wed,537,5,999,1,failure,-1.8,92.89299999999999,-46.2,1.281,5099.1,no
32,services,single,high.school,no,no,no,cellular,may,wed,402,2,999,1,failure,-1.8,92.89299999999999,-46.2,1.281,5099.1,no
36,admin.,single,university.degree,no,no,yes,cellular,may,wed,1119,2,999,0,nonexistent,-1.8,92.89299999999999,-46.2,1.281,5099.1,yes
36,blue-collar,married,basic.9y,no,yes,no,cellular,may,wed,499,3,999,0,nonexistent,-1.8,92.89299999999999,-46.2,1.281,5099.1,no
36,services,single,high.school,no,yes,no,cellular,may,wed,66,4,999,0,nonexistent,-1.8,92.89299999999999,-46.2,1.281,5099.1,no
26,blue-collar,single,professional.course,no,yes,no,cellular,may,wed,197,2,999,0,nonexistent,-1.8,92.89299999999999,-46.2,1.281,5099.1,no
34,blue-collar,married,high.school,no,no,no,telephone,may,wed,56,2,999,0,nonexistent,-1.8,92.89299999999999,-46.2,1.281,5099.1,no
32,technician,married,high.school,no,no,no,cellular,may,wed,195,3,999,1,failure,-1.8,92.89299999999999,-46.2,1.281,5099.1,no
35,services,single,high.school,no,no,no,telephone,may,wed,65,2,999,0,nonexistent,-1.8,92.89299999999999,-46.2,1.281,5099.1,no
27,technician,single,professional.course,no,yes,no,cellular,may,wed,38,3,999,0,nonexistent,-1.8,92.89299999999999,-46.2,1.281,5099.1,no
34,services,married,university.degree,no,yes,no,cellular,may,wed,154,2,999,1,failure,-1.8,92.89299999999999,-46.2,1.281,5099.1,no
24,housemaid,married,basic.9y,no,no,no,cellular,may,wed,45,4,999,0,nonexistent,-1.8,92.89299999999999,-46.2,1.281,5099.1,no
30,blue-collar,married,basic.9y,no,unknown,unknown,telephone,may,wed,107,3,999,0,nonexistent,-1.8,92.89299999999999,-46.2,1.281,5099.1,no
43,admin.,married,high.school,no,yes,no,telephone,may,wed,121,2,999,1,failure,-1.8,92.89299999999999,-46.2,1.281,5099.1,no
31,entrepreneur,single,university.degree,no,yes,no,cellular,may,wed,318,3,999,1,failure,-1.8,92.89299999999999,-46.2,1.281,5099.1,no
43,blue-collar,married,basic.4y,no,yes,no,cellular,may,wed,255,2,999,1,failure,-1.8,92.89299999999999,-46.2,1.281,5099.1,no
41,housemaid,married,high.school,no,no,no,cellular,may,wed,174,2,999,0,nonexistent,-1.8,92.89299999999999,-46.2,1.281,5099.1,no
31,admin.,single,university.degree,no,no,no,cellular,may,wed,196,2,999,1,failure,-1.8,92.89299999999999,-46.2,1.281,5099.1,no
29,blue-collar,married,basic.9y,no,yes,no,cellular,may,wed,173,2,999,0,nonexistent,-1.8,92.89299999999999,-46.2,1.281,5099.1,no
35,admin.,married,university.degree,no,no,yes,telephone,may,wed,65,4,999,1,failure,-1.8,92.89299999999999,-46.2,1.281,5099.1,no
33,blue-collar,married,basic.9y,no,yes,no,cellular,may,wed,136,2,999,0,nonexistent,-1.8,92.89299999999999,-46.2,1.281,5099.1,no
29,blue-collar,divorced,basic.9y,no,yes,yes,cellular,may,wed,444,2,999,1,failure,-1.8,92.89299999999999,-46.2,1.281,5099.1,no
27,admin.,married,high.school,no,yes,no,cellular,may,wed,308,3,999,0,nonexistent,-1.8,92.89299999999999,-46.2,1.281,5099.1,no
30,admin.,single,high.school,no,no,no,cellular,may,wed,698,2,999,1,failure,-1.8,92.89299999999999,-46.2,1.281,5099.1,yes
31,blue-collar,single,basic.9y,unknown,yes,no,cellular,may,wed,228,3,999,0,nonexistent,-1.8,92.89299999999999,-46.2,1.281,5099.1,no
35,entrepreneur,married,university.degree,no,yes,no,cellular,may,wed,272,4,999,1,failure,-1.8,92.89299999999999,-46.2,1.281,5099.1,no
39,entrepreneur,married,basic.9y,no,yes,no,cellular,may,wed,419,2,999,0,nonexistent,-1.8,92.89299999999999,-46.2,1.281,5099.1,no
46,housemaid,married,basic.4y,unknown,yes,no,cellular,may,wed,369,2,999,0,nonexistent,-1.8,92.89299999999999,-46.2,1.281,5099.1,no
55,services,single,high.school,no,no,yes,cellular,may,wed,107,2,999,0,nonexistent,-1.8,92.89299999999999,-46.2,1.281,5099.1,no
39,blue-collar,single,university.degree,no,yes,no,cellular,may,wed,173,9,999,0,nonexistent,-1.8,92.89299999999999,-46.2,1.281,5099.1,no
34,technician,single,professional.course,no,no,no,cellular,may,wed,62,3,999,0,nonexistent,-1.8,92.89299999999999,-46.2,1.281,5099.1,no
32,management,married,university.degree,no,yes,no,cellular,may,wed,129,2,999,0,nonexistent,-1.8,92.89299999999999,-46.2,1.281,5099.1,no
32,technician,married,professional.course,no,no,no,cellular,may,wed,65,2,999,0,nonexistent,-1.8,92.89299999999999,-46.2,1.281,5099.1,no
27,blue-collar,married,high.school,no,unknown,unknown,cellular,may,wed,805,2,999,0,nonexistent,-1.8,92.89299999999999,-46.2,1.281,5099.1,no
31,blue-collar,married,basic.9y,unknown,no,no,telephone,may,wed,97,5,999,0,nonexistent,-1.8,92.89299999999999,-46.2,1.281,5099.1,no
30,technician,single,high.school,no,yes,no,cellular,may,wed,202,3,999,0,nonexistent,-1.8,92.89299999999999,-46.2,1.281,5099.1,no
35,blue-collar,married,basic.6y,no,yes,no,cellular,may,wed,378,2,999,1,failure,-1.8,92.89299999999999,-46.2,1.281,5099.1,no
38,blue-collar,single,basic.9y,no,no,no,cellular,may,wed,654,2,999,1,failure,-1.8,92.89299999999999,-46.2,1.281,5099.1,yes
35,services,single,high.school,no,yes,no,cellular,may,wed,185,2,999,1,failure,-1.8,92.89299999999999,-46.2,1.281,5099.1,no
32,blue-collar,single,basic.4y,no,yes,yes,cellular,may,wed,1805,4,999,0,nonexistent,-1.8,92.89299999999999,-46.2,1.281,5099.1,no
42,technician,single,professional.course,no,yes,no,cellular,may,wed,367,2,999,0,nonexistent,-1.8,92.89299999999999,-46.2,1.281,5099.1,no
29,admin.,married,university.degree,no,no,no,cellular,may,wed,12,5,999,0,nonexistent,-1.8,92.89299999999999,-46.2,1.281,5099.1,no
33,blue-collar,married,basic.6y,unknown,no,no,cellular,may,wed,139,2,999,0,nonexistent,-1.8,92.89299999999999,-46.2,1.281,5099.1,no
38,blue-collar,single,basic.9y,no,no,yes,cellular,may,wed,222,2,999,1,failure,-1.8,92.89299999999999,-46.2,1.281,5099.1,no
38,blue-collar,divorced,basic.9y,no,yes,no,cellular,may,wed,122,3,999,0,nonexistent,-1.8,92.89299999999999,-46.2,1.281,5099.1,no
49,blue-collar,married,high.school,unknown,yes,no,cellular,may,wed,168,2,999,0,nonexistent,-1.8,92.89299999999999,-46.2,1.281,5099.1,no
27,technician,single,professional.course,no,yes,no,cellular,may,wed,102,2,999,0,nonexistent,-1.8,92.89299999999999,-46.2,1.281,5099.1,no
34,blue-collar,married,professional.course,unknown,no,no,cellular,may,wed,65,2,999,1,failure,-1.8,92.89299999999999,-46.2,1.281,5099.1,no
56,blue-collar,married,basic.4y,no,yes,yes,cellular,may,wed,80,2,999,0,nonexistent,-1.8,92.89299999999999,-46.2,1.281,5099.1,no
36,services,married,basic.9y,no,no,yes,cellular,may,wed,36,2,999,0,nonexistent,-1.8,92.89299999999999,-46.2,1.281,5099.1,no
34,blue-collar,married,basic.6y,no,yes,yes,cellular,may,wed,143,2,999,0,nonexistent,-1.8,92.89299999999999,-46.2,1.281,5099.1,no
44,unemployed,divorced,basic.9y,no,no,no,telephone,may,wed,259,3,999,0,nonexistent,-1.8,92.89299999999999,-46.2,1.281,5099.1,no
24,blue-collar,single,basic.9y,no,yes,no,cellular,may,wed,221,2,999,0,nonexistent,-1.8,92.89299999999999,-46.2,1.281,5099.1,no
32,admin.,single,university.degree,no,yes,yes,cellular,may,wed,84,2,999,1,failure,-1.8,92.89299999999999,-46.2,1.281,5099.1,no
42,admin.,married,high.school,no,no,no,cellular,may,wed,406,5,999,0,nonexistent,-1.8,92.89299999999999,-46.2,1.281,5099.1,no
42,services,married,high.school,no,no,no,cellular,may,wed,185,4,999,0,nonexistent,-1.8,92.89299999999999,-46.2,1.281,5099.1,no
38,self-employed,married,basic.9y,no,yes,no,cellular,may,wed,155,2,999,1,failure,-1.8,92.89299999999999,-46.2,1.281,5099.1,no
27,blue-collar,married,basic.9y,no,yes,no,cellular,may,wed,53,3,999,0,nonexistent,-1.8,92.89299999999999,-46.2,1.281,5099.1,no
27,technician,single,professional.course,no,no,no,telephone,may,wed,99,2,999,1,failure,-1.8,92.89299999999999,-46.2,1.281,5099.1,no
51,blue-collar,married,basic.4y,no,no,no,cellular,may,wed,254,2,999,1,failure,-1.8,92.89299999999999,-46.2,1.281,5099.1,no
42,technician,single,professional.course,no,no,no,cellular,may,wed,531,2,999,0,nonexistent,-1.8,92.89299999999999,-46.2,1.281,5099.1,yes
29,admin.,single,basic.9y,no,yes,no,cellular,may,wed,256,3,999,0,nonexistent,-1.8,92.89299999999999,-46.2,1.281,5099.1,no
49,entrepreneur,married,basic.4y,unknown,yes,no,cellular,may,wed,217,2,999,0,nonexistent,-1.8,92.89299999999999,-46.2,1.281,5099.1,no
48,blue-collar,married,basic.6y,no,no,no,telephone,may,wed,25,4,999,1,failure,-1.8,92.89299999999999,-46.2,1.281,5099.1,no
32,blue-collar,single,basic.9y,no,no,no,cellular,may,wed,253,3,999,0,nonexistent,-1.8,92.89299999999999,-46.2,1.281,5099.1,no
26,student,single,high.school,no,yes,no,cellular,may,wed,277,2,999,1,failure,-1.8,92.89299999999999,-46.2,1.281,5099.1,no
34,blue-collar,single,basic.6y,no,yes,no,cellular,may,wed,125,3,999,0,nonexistent,-1.8,92.89299999999999,-46.2,1.281,5099.1,no
32,services,single,high.school,no,no,no,cellular,may,wed,151,2,999,1,failure,-1.8,92.89299999999999,-46.2,1.281,5099.1,no
34,unemployed,single,high.school,no,no,no,telephone,may,wed,127,8,999,0,nonexistent,-1.8,92.89299999999999,-46.2,1.281,5099.1,no
36,admin.,married,university.degree,no,no,no,cellular,may,wed,449,6,999,0,nonexistent,-1.8,92.89299999999999,-46.2,1.281,5099.1,no
57,blue-collar,married,basic.6y,unknown,no,no,cellular,may,wed,97,5,999,0,nonexistent,-1.8,92.89299999999999,-46.2,1.281,5099.1,no
42,blue-collar,divorced,basic.6y,no,yes,no,cellular,may,wed,16,2,999,0,nonexistent,-1.8,92.89299999999999,-46.2,1.281,5099.1,no
33,self-employed,single,university.degree,no,no,no,cellular,may,wed,134,2,999,0,nonexistent,-1.8,92.89299999999999,-46.2,1.281,5099.1,no
39,blue-collar,married,basic.9y,unknown,no,no,cellular,may,wed,265,2,999,0,nonexistent,-1.8,92.89299999999999,-46.2,1.281,5099.1,no
40,technician,married,professional.course,no,yes,no,cellular,may,wed,32,5,999,0,nonexistent,-1.8,92.89299999999999,-46.2,1.281,5099.1,no
27,self-employed,married,basic.9y,no,yes,no,cellular,may,wed,285,2,999,0,nonexistent,-1.8,92.89299999999999,-46.2,1.281,5099.1,no
39,services,married,high.school,no,no,no,cellular,may,wed,383,5,999,0,nonexistent,-1.8,92.89299999999999,-46.2,1.281,5099.1,no
29,admin.,single,university.degree,no,yes,no,telephone,may,wed,51,3,999,0,nonexistent,-1.8,92.89299999999999,-46.2,1.281,5099.1,no
33,technician,single,high.school,no,yes,no,cellular,may,wed,446,3,999,0,nonexistent,-1.8,92.89299999999999,-46.2,1.281,5099.1,no
32,blue-collar,single,high.school,unknown,yes,no,cellular,may,wed,420,3,999,0,nonexistent,-1.8,92.89299999999999,-46.2,1.281,5099.1,no
53,retired,married,basic.9y,no,no,no,cellular,may,wed,133,4,999,0,nonexistent,-1.8,92.89299999999999,-46.2,1.281,5099.1,no
21,student,single,high.school,no,no,no,cellular,may,wed,513,3,999,1,failure,-1.8,92.89299999999999,-46.2,1.281,5099.1,no
36,technician,single,professional.course,no,yes,no,cellular,may,wed,225,2,999,1,failure,-1.8,92.89299999999999,-46.2,1.281,5099.1,no
32,blue-collar,single,high.school,no,no,yes,cellular,may,wed,204,3,999,0,nonexistent,-1.8,92.89299999999999,-46.2,1.281,5099.1,no
29,services,single,high.school,no,yes,no,cellular,may,wed,240,3,999,1,failure,-1.8,92.89299999999999,-46.2,1.281,5099.1,no
33,admin.,single,basic.9y,no,no,no,cellular,may,wed,245,4,999,0,nonexistent,-1.8,92.89299999999999,-46.2,1.281,5099.1,no
27,admin.,married,high.school,no,yes,no,cellular,may,wed,119,3,999,0,nonexistent,-1.8,92.89299999999999,-46.2,1.281,5099.1,no
31,blue-collar,married,basic.6y,no,yes,no,cellular,may,wed,1279,3,999,0,nonexistent,-1.8,92.89299999999999,-46.2,1.281,5099.1,yes
44,admin.,divorced,professional.course,no,no,yes,telephone,may,wed,38,3,999,0,nonexistent,-1.8,92.89299999999999,-46.2,1.281,5099.1,no
33,blue-collar,single,basic.9y,no,no,yes,cellular,may,wed,331,3,999,0,nonexistent,-1.8,92.89299999999999,-46.2,1.281,5099.1,no
49,unemployed,married,basic.4y,unknown,no,no,cellular,may,wed,771,2,999,0,nonexistent,-1.8,92.89299999999999,-46.2,1.281,5099.1,no
38,housemaid,divorced,university.degree,no,yes,no,cellular,may,wed,873,3,999,1,failure,-1.8,92.89299999999999,-46.2,1.281,5099.1,yes
51,blue-collar,married,basic.4y,no,yes,no,cellular,may,wed,440,2,999,0,nonexistent,-1.8,92.89299999999999,-46.2,1.281,5099.1,yes
36,services,divorced,high.school,no,no,yes,telephone,may,wed,992,5,999,0,nonexistent,-1.8,92.89299999999999,-46.2,1.281,5099.1,no
58,housemaid,married,basic.4y,no,no,no,telephone,may,wed,689,2,999,0,nonexistent,-1.8,92.89299999999999,-46.2,1.281,5099.1,yes
29,admin.,single,high.school,no,yes,no,cellular,may,wed,443,7,999,1,failure,-1.8,92.89299999999999,-46.2,1.281,5099.1,yes
32,technician,single,university.degree,no,yes,no,cellular,may,wed,75,4,999,0,nonexistent,-1.8,92.89299999999999,-46.2,1.281,5099.1,no
34,admin.,married,university.degree,no,no,yes,cellular,may,wed,72,4,999,1,failure,-1.8,92.89299999999999,-46.2,1.281,5099.1,no
33,blue-collar,single,basic.9y,no,no,yes,telephone,may,wed,418,5,999,0,nonexistent,-1.8,92.89299999999999,-46.2,1.281,5099.1,no
43,blue-collar,married,basic.9y,no,yes,no,cellular,may,wed,324,3,999,0,nonexistent,-1.8,92.89299999999999,-46.2,1.281,5099.1,no
27,admin.,divorced,high.school,no,no,no,cellular,may,wed,69,11,999,0,nonexistent,-1.8,92.89299999999999,-46.2,1.281,5099.1,no
52,admin.,married,university.degree,no,no,no,cellular,may,wed,429,3,999,1,failure,-1.8,92.89299999999999,-46.2,1.281,5099.1,yes
34,blue-collar,married,high.school,no,yes,no,cellular,may,wed,96,2,999,0,nonexistent,-1.8,92.89299999999999,-46.2,1.281,5099.1,no
28,student,single,high.school,no,no,no,cellular,may,wed,182,4,999,0,nonexistent,-1.8,92.89299999999999,-46.2,1.281,5099.1,no
33,blue-collar,married,basic.9y,unknown,no,no,cellular,may,wed,1309,2,999,0,nonexistent,-1.8,92.89299999999999,-46.2,1.281,5099.1,no
29,blue-collar,single,basic.9y,no,no,no,cellular,may,wed,364,2,999,1,failure,-1.8,92.89299999999999,-46.2,1.281,5099.1,no
32,management,married,university.degree,no,yes,yes,cellular,may,wed,36,9,999,1,failure,-1.8,92.89299999999999,-46.2,1.281,5099.1,no
29,blue-collar,married,basic.9y,unknown,yes,no,telephone,may,wed,337,2,999,0,nonexistent,-1.8,92.89299999999999,-46.2,1.281,5099.1,no
27,admin.,single,high.school,no,yes,yes,cellular,may,wed,196,3,999,1,failure,-1.8,92.89299999999999,-46.2,1.281,5099.1,no
29,admin.,married,university.degree,no,yes,no,cellular,may,wed,126,2,999,1,failure,-1.8,92.89299999999999,-46.2,1.281,5099.1,no
32,blue-collar,married,basic.6y,unknown,no,no,telephone,may,wed,630,3,999,1,failure,-1.8,92.89299999999999,-46.2,1.281,5099.1,no
31,blue-collar,single,basic.9y,no,no,no,telephone,may,wed,48,4,999,1,failure,-1.8,92.89299999999999,-46.2,1.281,5099.1,no
29,blue-collar,married,basic.9y,no,no,no,cellular,may,wed,189,3,999,0,nonexistent,-1.8,92.89299999999999,-46.2,1.281,5099.1,no
30,blue-collar,single,basic.9y,no,no,no,cellular,may,wed,305,8,999,0,nonexistent,-1.8,92.89299999999999,-46.2,1.281,5099.1,no
27,admin.,married,professional.course,no,no,no,cellular,may,thu,68,3,999,0,nonexistent,-1.8,92.89299999999999,-46.2,1.266,5099.1,no
29,blue-collar,married,basic.6y,no,no,no,cellular,may,thu,65,3,999,0,nonexistent,-1.8,92.89299999999999,-46.2,1.266,5099.1,no
26,blue-collar,single,basic.9y,unknown,yes,no,cellular,may,thu,115,3,999,0,nonexistent,-1.8,92.89299999999999,-46.2,1.266,5099.1,no
29,services,single,high.school,no,yes,no,cellular,may,thu,164,3,999,0,nonexistent,-1.8,92.89299999999999,-46.2,1.266,5099.1,no
28,technician,single,university.degree,no,yes,yes,cellular,may,thu,178,2,999,1,failure,-1.8,92.89299999999999,-46.2,1.266,5099.1,no
35,technician,single,professional.course,no,no,no,telephone,may,thu,19,7,999,0,nonexistent,-1.8,92.89299999999999,-46.2,1.266,5099.1,no
23,housemaid,single,basic.4y,no,no,yes,cellular,may,thu,9,6,999,0,nonexistent,-1.8,92.89299999999999,-46.2,1.266,5099.1,no
48,services,single,basic.4y,unknown,yes,no,cellular,may,thu,24,7,999,1,failure,-1.8,92.89299999999999,-46.2,1.266,5099.1,no
31,management,single,university.degree,no,yes,no,cellular,may,thu,165,2,999,0,nonexistent,-1.8,92.89299999999999,-46.2,1.266,5099.1,no
29,admin.,single,high.school,no,no,no,cellular,may,thu,14,7,999,0,nonexistent,-1.8,92.89299999999999,-46.2,1.266,5099.1,no
29,admin.,single,high.school,no,yes,no,telephone,may,thu,36,6,999,0,nonexistent,-1.8,92.89299999999999,-46.2,1.266,5099.1,no
59,admin.,divorced,basic.9y,no,yes,no,cellular,may,thu,8,6,999,1,failure,-1.8,92.89299999999999,-46.2,1.266,5099.1,no
48,blue-collar,married,basic.4y,unknown,yes,no,cellular,may,thu,33,3,999,0,nonexistent,-1.8,92.89299999999999,-46.2,1.266,5099.1,no
38,blue-collar,single,basic.4y,no,no,no,cellular,may,thu,121,2,999,0,nonexistent,-1.8,92.89299999999999,-46.2,1.266,5099.1,no
24,management,married,university.degree,no,yes,no,telephone,may,thu,921,4,999,0,nonexistent,-1.8,92.89299999999999,-46.2,1.266,5099.1,no
37,services,married,high.school,no,yes,yes,cellular,may,thu,436,3,999,0,nonexistent,-1.8,92.89299999999999,-46.2,1.266,5099.1,no
33,blue-collar,married,professional.course,no,no,no,cellular,may,thu,119,2,999,1,failure,-1.8,92.89299999999999,-46.2,1.266,5099.1,no
31,technician,single,basic.9y,no,yes,no,telephone,may,thu,13,5,999,0,nonexistent,-1.8,92.89299999999999,-46.2,1.266,5099.1,no
26,self-employed,married,high.school,no,yes,yes,cellular,may,thu,181,5,999,0,nonexistent,-1.8,92.89299999999999,-46.2,1.266,5099.1,no
30,technician,married,basic.9y,no,yes,no,telephone,may,thu,7,7,999,0,nonexistent,-1.8,92.89299999999999,-46.2,1.266,5099.1,no
29,blue-collar,married,basic.6y,no,no,no,cellular,may,thu,16,7,999,0,nonexistent,-1.8,92.89299999999999,-46.2,1.266,5099.1,no
31,technician,single,university.degree,no,yes,no,cellular,may,thu,259,4,999,0,nonexistent,-1.8,92.89299999999999,-46.2,1.266,5099.1,no
38,blue-collar,married,basic.4y,no,no,no,cellular,may,thu,102,3,999,0,nonexistent,-1.8,92.89299999999999,-46.2,1.266,5099.1,no
36,admin.,single,university.degree,no,yes,no,cellular,may,thu,19,8,999,1,failure,-1.8,92.89299999999999,-46.2,1.266,5099.1,no
36,blue-collar,married,basic.9y,no,yes,no,cellular,may,thu,113,2,999,0,nonexistent,-1.8,92.89299999999999,-46.2,1.266,5099.1,no
38,blue-collar,married,high.school,unknown,yes,no,cellular,may,thu,152,2,999,0,nonexistent,-1.8,92.89299999999999,-46.2,1.266,5099.1,no
47,blue-collar,married,basic.4y,unknown,no,no,cellular,may,thu,14,3,999,0,nonexistent,-1.8,92.89299999999999,-46.2,1.266,5099.1,no
28,student,single,high.school,no,yes,no,cellular,may,thu,21,8,999,0,nonexistent,-1.8,92.89299999999999,-46.2,1.266,5099.1,no
24,blue-collar,single,basic.9y,unknown,yes,yes,cellular,may,thu,17,7,999,0,nonexistent,-1.8,92.89299999999999,-46.2,1.266,5099.1,no
38,services,married,high.school,unknown,yes,no,cellular,may,thu,13,7,999,0,nonexistent,-1.8,92.89299999999999,-46.2,1.266,5099.1,no
30,services,single,high.school,no,unknown,unknown,cellular,may,thu,11,15,999,1,failure,-1.8,92.89299999999999,-46.2,1.266,5099.1,no
36,technician,married,university.degree,no,yes,no,cellular,may,thu,164,1,999,0,nonexistent,-1.8,92.89299999999999,-46.2,1.266,5099.1,no
32,services,single,basic.9y,no,yes,no,cellular,may,thu,78,1,999,1,failure,-1.8,92.89299999999999,-46.2,1.266,5099.1,no
27,blue-collar,married,professional.course,no,yes,no,cellular,may,thu,465,3,999,0,nonexistent,-1.8,92.89299999999999,-46.2,1.266,5099.1,no
35,blue-collar,married,basic.6y,unknown,yes,yes,cellular,may,thu,263,1,999,1,failure,-1.8,92.89299999999999,-46.2,1.266,5099.1,no
27,admin.,single,university.degree,no,no,no,cellular,may,thu,94,1,999,0,nonexistent,-1.8,92.89299999999999,-46.2,1.266,5099.1,no
43,blue-collar,married,basic.4y,no,no,yes,cellular,may,thu,722,2,11,1,success,-1.8,92.89299999999999,-46.2,1.266,5099.1,yes
30,technician,married,basic.6y,no,no,no,cellular,may,thu,25,1,999,0,nonexistent,-1.8,92.89299999999999,-46.2,1.266,5099.1,no
31,services,married,high.school,no,yes,no,cellular,may,thu,348,1,999,0,nonexistent,-1.8,92.89299999999999,-46.2,1.266,5099.1,no
48,management,divorced,university.degree,unknown,no,no,cellular,may,thu,33,6,999,0,nonexistent,-1.8,92.89299999999999,-46.2,1.266,5099.1,no
31,admin.,single,high.school,no,no,no,cellular,may,thu,325,1,999,1,failure,-1.8,92.89299999999999,-46.2,1.266,5099.1,no
43,services,married,high.school,unknown,yes,no,cellular,may,thu,974,2,999,0,nonexistent,-1.8,92.89299999999999,-46.2,1.266,5099.1,yes
31,admin.,married,university.degree,unknown,no,no,cellular,may,thu,344,4,999,0,nonexistent,-1.8,92.89299999999999,-46.2,1.266,5099.1,no
33,blue-collar,married,basic.6y,no,no,no,cellular,may,thu,467,1,999,0,nonexistent,-1.8,92.89299999999999,-46.2,1.266,5099.1,yes
27,entrepreneur,divorced,university.degree,unknown,no,no,telephone,may,thu,9,5,999,1,failure,-1.8,92.89299999999999,-46.2,1.266,5099.1,no
30,blue-collar,married,basic.9y,no,yes,no,cellular,may,thu,15,11,999,1,failure,-1.8,92.89299999999999,-46.2,1.266,5099.1,no
29,blue-collar,married,basic.9y,unknown,no,no,cellular,may,thu,12,8,999,0,nonexistent,-1.8,92.89299999999999,-46.2,1.266,5099.1,no
20,blue-collar,single,basic.9y,unknown,yes,no,cellular,may,thu,42,7,999,0,nonexistent,-1.8,92.89299999999999,-46.2,1.266,5099.1,no
39,services,divorced,high.school,no,no,no,cellular,may,thu,186,1,999,0,nonexistent,-1.8,92.89299999999999,-46.2,1.266,5099.1,no
40,technician,married,professional.course,no,yes,no,cellular,may,thu,580,1,999,1,failure,-1.8,92.89299999999999,-46.2,1.266,5099.1,no
26,blue-collar,single,basic.9y,no,yes,no,cellular,may,thu,40,1,999,0,nonexistent,-1.8,92.89299999999999,-46.2,1.266,5099.1,no
35,services,single,high.school,no,no,no,cellular,may,thu,350,1,999,0,nonexistent,-1.8,92.89299999999999,-46.2,1.266,5099.1,no
23,blue-collar,married,basic.4y,no,no,no,cellular,may,thu,720,1,999,1,failure,-1.8,92.89299999999999,-46.2,1.266,5099.1,no
38,blue-collar,married,basic.4y,no,unknown,unknown,cellular,may,thu,141,1,999,0,nonexistent,-1.8,92.89299999999999,-46.2,1.266,5099.1,no
44,services,divorced,high.school,no,yes,no,cellular,may,thu,533,1,999,0,nonexistent,-1.8,92.89299999999999,-46.2,1.266,5099.1,yes
45,self-employed,married,high.school,no,yes,no,cellular,may,thu,21,2,999,0,nonexistent,-1.8,92.89299999999999,-46.2,1.266,5099.1,no
31,management,single,university.degree,no,yes,yes,cellular,may,thu,146,3,999,0,nonexistent,-1.8,92.89299999999999,-46.2,1.266,5099.1,no
28,services,married,high.school,no,yes,yes,cellular,may,thu,189,1,999,1,failure,-1.8,92.89299999999999,-46.2,1.266,5099.1,no
38,blue-collar,married,basic.4y,no,yes,yes,cellular,may,thu,365,1,999,1,failure,-1.8,92.89299999999999,-46.2,1.266,5099.1,no
29,blue-collar,married,basic.9y,no,no,no,cellular,may,thu,91,1,999,0,nonexistent,-1.8,92.89299999999999,-46.2,1.266,5099.1,no
26,management,married,university.degree,no,no,no,cellular,may,thu,84,4,999,0,nonexistent,-1.8,92.89299999999999,-46.2,1.266,5099.1,no
33,blue-collar,single,high.school,no,yes,yes,telephone,may,thu,22,6,999,0,nonexistent,-1.8,92.89299999999999,-46.2,1.266,5099.1,no
28,blue-collar,single,basic.4y,no,no,no,cellular,may,thu,166,1,999,0,nonexistent,-1.8,92.89299999999999,-46.2,1.266,5099.1,no
28,blue-collar,single,basic.4y,no,yes,no,cellular,may,thu,182,1,999,0,nonexistent,-1.8,92.89299999999999,-46.2,1.266,5099.1,no
23,admin.,single,high.school,no,yes,no,cellular,may,thu,638,1,6,1,success,-1.8,92.89299999999999,-46.2,1.266,5099.1,no
39,blue-collar,divorced,basic.9y,unknown,no,no,cellular,may,thu,46,1,999,0,nonexistent,-1.8,92.89299999999999,-46.2,1.266,5099.1,no
26,student,single,unknown,no,yes,yes,cellular,may,thu,306,1,999,0,nonexistent,-1.8,92.89299999999999,-46.2,1.266,5099.1,no
36,blue-collar,married,basic.4y,no,yes,yes,cellular,may,thu,558,1,999,0,nonexistent,-1.8,92.89299999999999,-46.2,1.266,5099.1,yes
26,management,single,university.degree,no,yes,yes,cellular,may,thu,161,1,999,1,failure,-1.8,92.89299999999999,-46.2,1.266,5099.1,no
26,management,single,university.degree,no,yes,no,cellular,may,thu,119,1,999,1,failure,-1.8,92.89299999999999,-46.2,1.266,5099.1,no
28,entrepreneur,married,high.school,no,yes,no,cellular,may,thu,61,6,999,0,nonexistent,-1.8,92.89299999999999,-46.2,1.266,5099.1,no
34,admin.,married,high.school,no,no,no,cellular,may,thu,362,1,999,1,failure,-1.8,92.89299999999999,-46.2,1.266,5099.1,no
32,blue-collar,married,basic.9y,no,yes,no,cellular,may,thu,83,2,999,0,nonexistent,-1.8,92.89299999999999,-46.2,1.266,5099.1,no
50,self-employed,married,basic.9y,unknown,no,no,cellular,may,thu,291,1,999,0,nonexistent,-1.8,92.89299999999999,-46.2,1.266,5099.1,no
30,technician,married,basic.9y,no,no,no,cellular,may,thu,64,2,999,0,nonexistent,-1.8,92.89299999999999,-46.2,1.266,5099.1,no
26,management,single,university.degree,no,yes,no,cellular,may,thu,667,1,999,0,nonexistent,-1.8,92.89299999999999,-46.2,1.266,5099.1,yes
26,admin.,single,high.school,unknown,no,no,cellular,may,thu,136,3,999,0,nonexistent,-1.8,92.89299999999999,-46.2,1.266,5099.1,no
26,management,single,university.degree,no,no,no,cellular,may,thu,715,1,999,0,nonexistent,-1.8,92.89299999999999,-46.2,1.266,5099.1,yes
40,admin.,divorced,high.school,no,yes,no,cellular,may,thu,123,1,999,0,nonexistent,-1.8,92.89299999999999,-46.2,1.266,5099.1,no
33,blue-collar,married,basic.9y,no,yes,no,telephone,may,thu,16,5,999,0,nonexistent,-1.8,92.89299999999999,-46.2,1.266,5099.1,no
44,admin.,married,basic.9y,unknown,yes,yes,cellular,may,thu,414,1,999,1,failure,-1.8,92.89299999999999,-46.2,1.266,5099.1,no
31,admin.,single,high.school,no,yes,no,cellular,may,thu,212,1,999,0,nonexistent,-1.8,92.89299999999999,-46.2,1.266,5099.1,no
31,admin.,divorced,high.school,no,no,no,cellular,may,thu,145,1,999,0,nonexistent,-1.8,92.89299999999999,-46.2,1.266,5099.1,no
38,services,married,high.school,no,yes,no,cellular,may,thu,532,1,999,1,failure,-1.8,92.89299999999999,-46.2,1.266,5099.1,no
29,technician,single,professional.course,no,no,no,cellular,may,thu,248,1,999,0,nonexistent,-1.8,92.89299999999999,-46.2,1.266,5099.1,no
54,blue-collar,married,basic.9y,no,no,yes,cellular,may,thu,158,1,999,0,nonexistent,-1.8,92.89299999999999,-46.2,1.266,5099.1,no
42,blue-collar,married,basic.9y,no,no,yes,cellular,may,thu,141,1,999,0,nonexistent,-1.8,92.89299999999999,-46.2,1.266,5099.1,no
42,blue-collar,married,basic.9y,no,no,no,cellular,may,thu,190,1,999,0,nonexistent,-1.8,92.89299999999999,-46.2,1.266,5099.1,no
32,self-employed,single,professional.course,unknown,yes,no,cellular,may,thu,161,3,999,0,nonexistent,-1.8,92.89299999999999,-46.2,1.266,5099.1,no
22,blue-collar,married,basic.9y,no,yes,no,cellular,may,thu,23,1,999,0,nonexistent,-1.8,92.89299999999999,-46.2,1.266,5099.1,no
42,blue-collar,married,basic.9y,no,no,no,telephone,may,thu,276,1,999,0,nonexistent,-1.8,92.89299999999999,-46.2,1.266,5099.1,no
29,technician,single,professional.course,no,no,no,telephone,may,thu,7,7,999,0,nonexistent,-1.8,92.89299999999999,-46.2,1.266,5099.1,no
27,admin.,married,high.school,no,yes,yes,cellular,may,thu,201,1,999,0,nonexistent,-1.8,92.89299999999999,-46.2,1.266,5099.1,no
29,technician,single,basic.9y,no,no,no,cellular,may,thu,20,1,999,0,nonexistent,-1.8,92.89299999999999,-46.2,1.266,5099.1,no
24,blue-collar,single,basic.9y,no,no,yes,cellular,may,thu,51,1,999,1,failure,-1.8,92.89299999999999,-46.2,1.266,5099.1,no
40,blue-collar,divorced,basic.9y,unknown,no,no,cellular,may,thu,467,6,999,0,nonexistent,-1.8,92.89299999999999,-46.2,1.266,5099.1,no
27,services,single,high.school,no,no,yes,cellular,may,thu,603,1,999,0,nonexistent,-1.8,92.89299999999999,-46.2,1.266,5099.1,no
27,blue-collar,married,basic.9y,no,no,no,cellular,may,thu,283,1,999,0,nonexistent,-1.8,92.89299999999999,-46.2,1.266,5099.1,no
22,blue-collar,single,basic.9y,no,yes,no,cellular,may,thu,283,2,999,0,nonexistent,-1.8,92.89299999999999,-46.2,1.266,5099.1,no
30,technician,married,professional.course,no,yes,no,cellular,may,thu,341,1,999,0,nonexistent,-1.8,92.89299999999999,-46.2,1.266,5099.1,no
27,admin.,married,professional.course,no,yes,no,cellular,may,thu,102,1,999,1,failure,-1.8,92.89299999999999,-46.2,1.266,5099.1,no
55,services,single,basic.9y,no,unknown,unknown,cellular,may,thu,717,1,999,0,nonexistent,-1.8,92.89299999999999,-46.2,1.266,5099.1,yes
27,admin.,married,professional.course,no,yes,no,cellular,may,thu,143,1,999,0,nonexistent,-1.8,92.89299999999999,-46.2,1.266,5099.1,no
39,services,married,high.school,no,yes,no,cellular,may,thu,22,8,999,1,failure,-1.8,92.89299999999999,-46.2,1.266,5099.1,no
24,technician,married,professional.course,no,yes,yes,cellular,may,thu,428,3,999,0,nonexistent,-1.8,92.89299999999999,-46.2,1.266,5099.1,no
34,blue-collar,single,basic.9y,no,no,no,cellular,may,thu,484,3,999,0,nonexistent,-1.8,92.89299999999999,-46.2,1.266,5099.1,no
32,self-employed,single,professional.course,unknown,no,no,cellular,may,thu,561,3,999,0,nonexistent,-1.8,92.89299999999999,-46.2,1.266,5099.1,yes
32,management,single,university.degree,no,yes,no,cellular,may,thu,149,3,999,0,nonexistent,-1.8,92.89299999999999,-46.2,1.266,5099.1,no
27,admin.,married,professional.course,no,yes,no,cellular,may,thu,338,1,999,0,nonexistent,-1.8,92.89299999999999,-46.2,1.266,5099.1,no
29,blue-collar,married,basic.9y,unknown,yes,no,cellular,may,thu,182,6,999,0,nonexistent,-1.8,92.89299999999999,-46.2,1.266,5099.1,no
27,self-employed,single,university.degree,no,yes,yes,cellular,may,thu,73,1,999,1,failure,-1.8,92.89299999999999,-46.2,1.266,5099.1,no
27,admin.,married,professional.course,no,no,no,cellular,may,thu,584,1,999,0,nonexistent,-1.8,92.89299999999999,-46.2,1.266,5099.1,no
32,blue-collar,married,professional.course,no,yes,no,cellular,may,thu,260,1,999,0,nonexistent,-1.8,92.89299999999999,-46.2,1.266,5099.1,no
27,self-employed,single,university.degree,no,no,no,cellular,may,thu,185,1,999,0,nonexistent,-1.8,92.89299999999999,-46.2,1.266,5099.1,no
27,self-employed,single,university.degree,no,no,no,cellular,may,thu,223,1,999,0,nonexistent,-1.8,92.89299999999999,-46.2,1.266,5099.1,no
39,admin.,married,high.school,no,no,no,cellular,may,thu,76,1,999,0,nonexistent,-1.8,92.89299999999999,-46.2,1.266,5099.1,no
35,technician,married,professional.course,no,yes,no,cellular,may,thu,590,5,999,0,nonexistent,-1.8,92.89299999999999,-46.2,1.266,5099.1,yes
32,entrepreneur,divorced,high.school,no,yes,no,cellular,may,thu,103,2,999,0,nonexistent,-1.8,92.89299999999999,-46.2,1.266,5099.1,no
39,blue-collar,married,basic.9y,unknown,no,no,cellular,may,thu,37,6,999,0,nonexistent,-1.8,92.89299999999999,-46.2,1.266,5099.1,no
35,entrepreneur,married,professional.course,no,yes,no,telephone,may,thu,12,5,999,0,nonexistent,-1.8,92.89299999999999,-46.2,1.266,5099.1,no
29,services,single,high.school,no,no,no,cellular,may,thu,854,2,999,1,failure,-1.8,92.89299999999999,-46.2,1.266,5099.1,yes
27,admin.,married,professional.course,no,yes,no,cellular,may,thu,1166,1,999,0,nonexistent,-1.8,92.89299999999999,-46.2,1.266,5099.1,no
47,entrepreneur,divorced,high.school,no,no,no,cellular,may,thu,8,7,999,0,nonexistent,-1.8,92.89299999999999,-46.2,1.266,5099.1,no
23,admin.,married,high.school,no,no,yes,cellular,may,thu,7,5,999,1,failure,-1.8,92.89299999999999,-46.2,1.266,5099.1,no
26,self-employed,married,high.school,no,no,no,cellular,may,thu,159,5,999,0,nonexistent,-1.8,92.89299999999999,-46.2,1.266,5099.1,no
24,admin.,single,professional.course,no,no,no,cellular,may,thu,210,6,999,0,nonexistent,-1.8,92.89299999999999,-46.2,1.266,5099.1,no
29,blue-collar,married,basic.9y,unknown,yes,no,cellular,may,thu,297,2,999,0,nonexistent,-1.8,92.89299999999999,-46.2,1.266,5099.1,no
39,management,single,high.school,no,no,yes,cellular,may,thu,365,6,999,1,failure,-1.8,92.89299999999999,-46.2,1.266,5099.1,no
30,blue-collar,married,basic.4y,unknown,yes,no,telephone,may,thu,162,2,999,0,nonexistent,-1.8,92.89299999999999,-46.2,1.266,5099.1,no
41,technician,married,professional.course,no,yes,no,cellular,may,thu,377,4,999,0,nonexistent,-1.8,92.89299999999999,-46.2,1.266,5099.1,no
37,housemaid,single,high.school,no,yes,no,cellular,may,thu,165,1,999,0,nonexistent,-1.8,92.89299999999999,-46.2,1.266,5099.1,no
29,admin.,married,university.degree,no,yes,no,cellular,may,thu,133,1,999,1,failure,-1.8,92.89299999999999,-46.2,1.266,5099.1,no
31,blue-collar,married,basic.6y,unknown,no,no,cellular,may,thu,263,1,999,0,nonexistent,-1.8,92.89299999999999,-46.2,1.266,5099.1,no
32,management,married,professional.course,no,no,no,cellular,may,thu,125,1,999,1,failure,-1.8,92.89299999999999,-46.2,1.266,5099.1,no
39,technician,single,basic.4y,unknown,yes,no,cellular,may,thu,411,2,999,0,nonexistent,-1.8,92.89299999999999,-46.2,1.266,5099.1,no
49,services,married,high.school,no,no,no,cellular,may,thu,67,1,999,0,nonexistent,-1.8,92.89299999999999,-46.2,1.266,5099.1,no
36,blue-collar,single,basic.4y,no,yes,no,cellular,may,thu,279,1,999,1,failure,-1.8,92.89299999999999,-46.2,1.266,5099.1,no
38,services,single,high.school,no,yes,yes,cellular,may,thu,456,1,999,1,failure,-1.8,92.89299999999999,-46.2,1.266,5099.1,yes
25,services,married,high.school,no,no,no,cellular,may,thu,112,2,999,0,nonexistent,-1.8,92.89299999999999,-46.2,1.266,5099.1,no
31,blue-collar,married,basic.6y,unknown,no,no,cellular,may,thu,680,1,6,1,success,-1.8,92.89299999999999,-46.2,1.266,5099.1,yes
49,services,married,high.school,no,yes,no,cellular,may,thu,152,1,999,0,nonexistent,-1.8,92.89299999999999,-46.2,1.266,5099.1,no
32,services,married,high.school,no,yes,no,cellular,may,thu,21,12,999,0,nonexistent,-1.8,92.89299999999999,-46.2,1.266,5099.1,no
52,blue-collar,unknown,basic.4y,no,no,no,cellular,may,thu,1180,1,999,0,nonexistent,-1.8,92.89299999999999,-46.2,1.266,5099.1,yes
32,technician,single,university.degree,no,no,no,cellular,may,thu,14,8,999,0,nonexistent,-1.8,92.89299999999999,-46.2,1.266,5099.1,no
25,student,single,high.school,no,no,no,cellular,may,thu,12,7,999,0,nonexistent,-1.8,92.89299999999999,-46.2,1.266,5099.1,no
44,services,married,high.school,no,no,no,telephone,may,thu,188,1,999,1,failure,-1.8,92.89299999999999,-46.2,1.266,5099.1,no
32,technician,single,university.degree,no,yes,no,telephone,may,thu,62,7,999,0,nonexistent,-1.8,92.89299999999999,-46.2,1.266,5099.1,no
31,entrepreneur,single,university.degree,no,yes,yes,cellular,may,thu,204,1,999,0,nonexistent,-1.8,92.89299999999999,-46.2,1.266,5099.1,no
34,entrepreneur,married,basic.6y,no,yes,no,cellular,may,thu,210,2,999,1,failure,-1.8,92.89299999999999,-46.2,1.266,5099.1,no
30,student,unknown,basic.9y,no,no,no,cellular,may,thu,155,1,999,2,failure,-1.8,92.89299999999999,-46.2,1.266,5099.1,no
32,blue-collar,married,university.degree,no,no,yes,cellular,may,thu,159,1,999,0,nonexistent,-1.8,92.89299999999999,-46.2,1.266,5099.1,no
54,blue-collar,married,basic.4y,unknown,yes,yes,cellular,may,thu,303,1,999,0,nonexistent,-1.8,92.89299999999999,-46.2,1.266,5099.1,no
23,admin.,single,high.school,no,yes,no,cellular,may,thu,258,1,10,1,success,-1.8,92.89299999999999,-46.2,1.266,5099.1,no
44,services,married,high.school,no,no,yes,cellular,may,thu,786,1,999,0,nonexistent,-1.8,92.89299999999999,-46.2,1.266,5099.1,yes
29,services,married,high.school,unknown,yes,no,cellular,may,thu,161,1,999,1,failure,-1.8,92.89299999999999,-46.2,1.266,5099.1,no
31,entrepreneur,single,university.degree,no,yes,no,cellular,may,thu,633,1,999,0,nonexistent,-1.8,92.89299999999999,-46.2,1.266,5099.1,yes
32,admin.,married,university.degree,no,no,no,cellular,may,thu,57,4,999,0,nonexistent,-1.8,92.89299999999999,-46.2,1.266,5099.1,no
46,services,married,high.school,no,no,no,cellular,may,thu,107,4,999,1,failure,-1.8,92.89299999999999,-46.2,1.266,5099.1,no
23,self-employed,single,basic.9y,no,yes,no,cellular,may,thu,64,2,999,0,nonexistent,-1.8,92.89299999999999,-46.2,1.266,5099.1,no
41,services,married,high.school,no,no,no,cellular,may,thu,116,4,999,1,failure,-1.8,92.89299999999999,-46.2,1.266,5099.1,no
32,entrepreneur,divorced,high.school,no,yes,no,cellular,may,thu,318,3,999,0,nonexistent,-1.8,92.89299999999999,-46.2,1.266,5099.1,no
22,student,single,high.school,no,yes,no,cellular,may,thu,47,3,999,0,nonexistent,-1.8,92.89299999999999,-46.2,1.266,5099.1,no
26,self-employed,married,high.school,no,no,no,cellular,may,thu,183,3,999,0,nonexistent,-1.8,92.89299999999999,-46.2,1.266,5099.1,no
29,services,married,high.school,no,yes,no,cellular,may,thu,343,2,999,0,nonexistent,-1.8,92.89299999999999,-46.2,1.266,5099.1,no
29,technician,single,university.degree,no,no,no,cellular,may,thu,138,2,999,0,nonexistent,-1.8,92.89299999999999,-46.2,1.266,5099.1,no
29,blue-collar,married,basic.9y,unknown,yes,yes,cellular,may,thu,11,5,999,0,nonexistent,-1.8,92.89299999999999,-46.2,1.266,5099.1,no
27,blue-collar,married,basic.9y,no,no,no,cellular,may,thu,155,2,999,0,nonexistent,-1.8,92.89299999999999,-46.2,1.266,5099.1,no
24,services,single,high.school,no,no,no,cellular,may,thu,47,1,999,1,failure,-1.8,92.89299999999999,-46.2,1.266,5099.1,no
47,services,married,basic.6y,no,yes,no,cellular,may,thu,201,2,999,1,failure,-1.8,92.89299999999999,-46.2,1.266,5099.1,no
27,technician,married,professional.course,no,yes,yes,telephone,may,thu,289,3,999,0,nonexistent,-1.8,92.89299999999999,-46.2,1.266,5099.1,no
52,entrepreneur,single,university.degree,no,yes,no,cellular,may,thu,11,5,999,0,nonexistent,-1.8,92.89299999999999,-46.2,1.266,5099.1,no
38,blue-collar,married,basic.6y,unknown,no,no,cellular,may,thu,72,2,999,1,failure,-1.8,92.89299999999999,-46.2,1.266,5099.1,no
36,blue-collar,married,basic.6y,no,yes,yes,cellular,may,thu,273,1,999,0,nonexistent,-1.8,92.89299999999999,-46.2,1.266,5099.1,no
24,services,single,high.school,no,no,yes,cellular,may,thu,91,1,999,1,failure,-1.8,92.89299999999999,-46.2,1.266,5099.1,no
29,services,married,high.school,unknown,yes,no,cellular,may,thu,23,1,999,1,failure,-1.8,92.89299999999999,-46.2,1.266,5099.1,no
45,blue-collar,married,basic.9y,no,no,no,cellular,may,thu,43,1,999,0,nonexistent,-1.8,92.89299999999999,-46.2,1.266,5099.1,no
33,blue-collar,married,basic.9y,unknown,yes,no,cellular,may,thu,449,1,999,0,nonexistent,-1.8,92.89299999999999,-46.2,1.266,5099.1,yes
45,blue-collar,married,basic.4y,no,yes,yes,cellular,may,thu,8,5,999,0,nonexistent,-1.8,92.89299999999999,-46.2,1.266,5099.1,no
24,services,single,high.school,no,no,no,cellular,may,thu,524,1,999,1,failure,-1.8,92.89299999999999,-46.2,1.266,5099.1,no
25,student,single,university.degree,no,no,no,telephone,may,thu,13,5,999,0,nonexistent,-1.8,92.89299999999999,-46.2,1.266,5099.1,no
53,services,married,basic.6y,no,yes,no,cellular,may,thu,157,4,999,1,failure,-1.8,92.89299999999999,-46.2,1.266,5099.1,no
42,services,divorced,high.school,no,no,no,cellular,may,thu,72,1,999,0,nonexistent,-1.8,92.89299999999999,-46.2,1.266,5099.1,no
35,blue-collar,married,basic.6y,no,no,no,cellular,may,thu,112,1,999,1,failure,-1.8,92.89299999999999,-46.2,1.266,5099.1,no
31,entrepreneur,single,university.degree,no,no,no,cellular,may,thu,50,2,999,1,failure,-1.8,92.89299999999999,-46.2,1.266,5099.1,no
35,blue-collar,married,basic.6y,no,yes,no,cellular,may,thu,225,1,12,1,success,-1.8,92.89299999999999,-46.2,1.266,5099.1,no
31,blue-collar,single,basic.9y,no,yes,no,cellular,may,thu,42,1,999,0,nonexistent,-1.8,92.89299999999999,-46.2,1.266,5099.1,no
38,blue-collar,married,basic.6y,no,no,no,cellular,may,thu,35,1,999,0,nonexistent,-1.8,92.89299999999999,-46.2,1.266,5099.1,no
39,blue-collar,married,basic.9y,no,yes,no,cellular,may,thu,607,3,999,0,nonexistent,-1.8,92.89299999999999,-46.2,1.266,5099.1,yes
31,blue-collar,married,basic.9y,no,no,no,cellular,may,thu,255,1,999,0,nonexistent,-1.8,92.89299999999999,-46.2,1.266,5099.1,no
24,self-employed,single,university.degree,no,no,no,cellular,may,thu,334,2,999,0,nonexistent,-1.8,92.89299999999999,-46.2,1.266,5099.1,no
40,blue-collar,married,basic.4y,no,no,no,cellular,may,thu,104,1,999,0,nonexistent,-1.8,92.89299999999999,-46.2,1.266,5099.1,no
33,blue-collar,single,basic.9y,unknown,no,no,cellular,may,thu,1075,1,999,1,failure,-1.8,92.89299999999999,-46.2,1.266,5099.1,yes
27,technician,single,high.school,no,no,no,cellular,may,thu,64,3,999,1,failure,-1.8,92.89299999999999,-46.2,1.266,5099.1,no
27,admin.,married,high.school,no,no,no,cellular,may,thu,137,3,999,0,nonexistent,-1.8,92.89299999999999,-46.2,1.266,5099.1,no
23,student,single,university.degree,no,yes,no,cellular,may,thu,200,1,999,0,nonexistent,-1.8,92.89299999999999,-46.2,1.266,5099.1,no
27,technician,single,high.school,no,no,no,cellular,may,thu,215,1,999,0,nonexistent,-1.8,92.89299999999999,-46.2,1.266,5099.1,no
39,blue-collar,single,basic.4y,no,no,no,cellular,may,thu,93,1,999,0,nonexistent,-1.8,92.89299999999999,-46.2,1.266,5099.1,no
36,blue-collar,married,basic.9y,no,yes,no,cellular,may,thu,523,2,999,0,nonexistent,-1.8,92.89299999999999,-46.2,1.266,5099.1,no
21,student,single,high.school,no,no,no,cellular,may,thu,24,1,999,1,failure,-1.8,92.89299999999999,-46.2,1.266,5099.1,no
31,blue-collar,married,basic.6y,no,yes,yes,cellular,may,thu,298,1,999,0,nonexistent,-1.8,92.89299999999999,-46.2,1.266,5099.1,no
25,management,married,university.degree,no,yes,no,cellular,may,thu,200,1,999,0,nonexistent,-1.8,92.89299999999999,-46.2,1.266,5099.1,no
32,services,single,university.degree,no,unknown,unknown,telephone,may,thu,93,1,999,0,nonexistent,-1.8,92.89299999999999,-46.2,1.266,5099.1,no
30,admin.,married,university.degree,no,no,yes,cellular,may,thu,234,2,999,0,nonexistent,-1.8,92.89299999999999,-46.2,1.266,5099.1,no
24,admin.,single,high.school,no,no,no,cellular,may,thu,797,2,999,0,nonexistent,-1.8,92.89299999999999,-46.2,1.266,5099.1,no
29,blue-collar,married,basic.9y,no,yes,yes,cellular,may,thu,419,1,999,1,failure,-1.8,92.89299999999999,-46.2,1.266,5099.1,no
46,blue-collar,married,basic.4y,no,no,no,cellular,may,thu,87,1,999,0,nonexistent,-1.8,92.89299999999999,-46.2,1.266,5099.1,no
30,admin.,married,basic.6y,no,yes,no,cellular,may,thu,83,1,999,0,nonexistent,-1.8,92.89299999999999,-46.2,1.266,5099.1,no
33,admin.,single,high.school,no,yes,no,cellular,may,thu,30,1,999,0,nonexistent,-1.8,92.89299999999999,-46.2,1.266,5099.1,no
26,blue-collar,married,basic.9y,no,no,no,cellular,may,thu,135,1,999,2,failure,-1.8,92.89299999999999,-46.2,1.266,5099.1,no
33,admin.,single,high.school,no,yes,no,cellular,may,thu,97,1,999,0,nonexistent,-1.8,92.89299999999999,-46.2,1.266,5099.1,no
36,management,married,university.degree,no,yes,no,cellular,may,thu,128,1,999,0,nonexistent,-1.8,92.89299999999999,-46.2,1.266,5099.1,no
30,admin.,married,basic.6y,no,no,no,cellular,may,thu,586,1,999,1,failure,-1.8,92.89299999999999,-46.2,1.266,5099.1,no
33,admin.,single,high.school,no,no,no,cellular,may,thu,492,1,12,2,failure,-1.8,92.89299999999999,-46.2,1.266,5099.1,yes
23,blue-collar,single,basic.4y,unknown,no,yes,cellular,may,thu,208,1,999,0,nonexistent,-1.8,92.89299999999999,-46.2,1.266,5099.1,no
34,technician,married,professional.course,no,yes,no,cellular,may,thu,703,4,999,0,nonexistent,-1.8,92.89299999999999,-46.2,1.266,5099.1,no
26,blue-collar,married,basic.9y,no,yes,no,cellular,may,thu,1106,1,999,0,nonexistent,-1.8,92.89299999999999,-46.2,1.266,5099.1,no
48,blue-collar,married,basic.9y,unknown,no,no,cellular,may,thu,506,1,999,0,nonexistent,-1.8,92.89299999999999,-46.2,1.266,5099.1,no
28,blue-collar,single,basic.4y,no,no,no,cellular,may,thu,282,1,999,1,failure,-1.8,92.89299999999999,-46.2,1.266,5099.1,no
30,technician,single,professional.course,no,yes,no,cellular,may,thu,377,1,999,0,nonexistent,-1.8,92.89299999999999,-46.2,1.266,5099.1,no
41,blue-collar,married,basic.4y,no,yes,yes,cellular,may,thu,174,2,999,0,nonexistent,-1.8,92.89299999999999,-46.2,1.266,5099.1,no
33,services,single,high.school,no,yes,no,cellular,may,thu,437,2,999,0,nonexistent,-1.8,92.89299999999999,-46.2,1.266,5099.1,no
33,admin.,single,high.school,unknown,yes,no,cellular,may,thu,175,1,999,0,nonexistent,-1.8,92.89299999999999,-46.2,1.266,5099.1,no
30,services,single,high.school,no,yes,no,cellular,may,thu,74,1,999,1,failure,-1.8,92.89299999999999,-46.2,1.266,5099.1,no
23,student,single,high.school,no,no,no,cellular,may,thu,184,1,999,0,nonexistent,-1.8,92.89299999999999,-46.2,1.266,5099.1,no
28,blue-collar,single,basic.9y,no,no,no,cellular,may,thu,111,1,999,1,failure,-1.8,92.89299999999999,-46.2,1.266,5099.1,no
53,admin.,married,high.school,no,no,no,cellular,may,thu,168,2,999,0,nonexistent,-1.8,92.89299999999999,-46.2,1.266,5099.1,no
31,admin.,divorced,high.school,no,yes,no,cellular,may,thu,66,2,999,1,failure,-1.8,92.89299999999999,-46.2,1.266,5099.1,no
32,services,divorced,high.school,no,no,no,cellular,may,thu,97,1,999,1,failure,-1.8,92.89299999999999,-46.2,1.266,5099.1,no
34,entrepreneur,married,high.school,no,yes,yes,cellular,may,thu,97,1,999,1,failure,-1.8,92.89299999999999,-46.2,1.266,5099.1,no
42,admin.,married,high.school,no,yes,no,cellular,may,thu,160,1,999,0,nonexistent,-1.8,92.89299999999999,-46.2,1.266,5099.1,no
25,student,single,high.school,no,yes,no,cellular,may,thu,149,1,999,0,nonexistent,-1.8,92.89299999999999,-46.2,1.266,5099.1,no
30,services,divorced,high.school,no,yes,no,cellular,may,thu,202,1,999,0,nonexistent,-1.8,92.89299999999999,-46.2,1.266,5099.1,no
33,management,single,university.degree,no,yes,no,telephone,may,thu,112,2,999,1,failure,-1.8,92.89299999999999,-46.2,1.266,5099.1,no
28,technician,married,university.degree,no,no,no,telephone,may,thu,154,2,999,1,failure,-1.8,92.89299999999999,-46.2,1.266,5099.1,no
23,admin.,single,high.school,no,yes,no,cellular,may,thu,337,2,999,0,nonexistent,-1.8,92.89299999999999,-46.2,1.266,5099.1,no
33,admin.,single,high.school,unknown,no,no,cellular,may,thu,1723,1,12,1,success,-1.8,92.89299999999999,-46.2,1.266,5099.1,yes
45,admin.,married,unknown,no,no,no,cellular,may,thu,177,2,999,0,nonexistent,-1.8,92.89299999999999,-46.2,1.266,5099.1,no
25,blue-collar,single,basic.6y,no,yes,no,cellular,may,thu,95,2,999,0,nonexistent,-1.8,92.89299999999999,-46.2,1.266,5099.1,no
44,technician,single,professional.course,unknown,yes,yes,cellular,may,thu,246,2,999,0,nonexistent,-1.8,92.89299999999999,-46.2,1.266,5099.1,no
26,blue-collar,single,basic.9y,no,no,no,cellular,may,thu,294,2,999,0,nonexistent,-1.8,92.89299999999999,-46.2,1.266,5099.1,no
32,management,single,university.degree,no,no,no,cellular,may,thu,162,4,999,1,failure,-1.8,92.89299999999999,-46.2,1.266,5099.1,no
28,services,single,professional.course,no,yes,no,cellular,may,thu,406,2,999,0,nonexistent,-1.8,92.89299999999999,-46.2,1.266,5099.1,yes
35,blue-collar,married,basic.9y,no,no,no,cellular,may,thu,20,2,999,0,nonexistent,-1.8,92.89299999999999,-46.2,1.266,5099.1,no
30,technician,married,high.school,unknown,yes,no,cellular,may,thu,115,3,999,0,nonexistent,-1.8,92.89299999999999,-46.2,1.266,5099.1,no
43,blue-collar,married,basic.9y,unknown,yes,no,cellular,may,thu,543,2,999,0,nonexistent,-1.8,92.89299999999999,-46.2,1.266,5099.1,no
25,technician,married,university.degree,no,no,yes,cellular,may,thu,136,1,999,1,failure,-1.8,92.89299999999999,-46.2,1.266,5099.1,no
29,services,single,high.school,no,no,no,cellular,may,thu,138,1,999,0,nonexistent,-1.8,92.89299999999999,-46.2,1.266,5099.1,no
29,services,single,high.school,no,yes,no,cellular,may,thu,118,1,999,0,nonexistent,-1.8,92.89299999999999,-46.2,1.266,5099.1,no
37,services,single,high.school,no,yes,no,cellular,may,thu,30,6,999,0,nonexistent,-1.8,92.89299999999999,-46.2,1.266,5099.1,no
27,admin.,married,professional.course,no,no,no,cellular,may,thu,466,1,999,0,nonexistent,-1.8,92.89299999999999,-46.2,1.266,5099.1,no
27,admin.,single,university.degree,no,yes,no,cellular,may,thu,97,1,999,1,failure,-1.8,92.89299999999999,-46.2,1.266,5099.1,no
52,blue-collar,divorced,basic.6y,unknown,yes,no,cellular,may,thu,7,7,999,1,failure,-1.8,92.89299999999999,-46.2,1.266,5099.1,no
42,management,divorced,university.degree,no,yes,no,cellular,may,thu,146,1,999,1,failure,-1.8,92.89299999999999,-46.2,1.266,5099.1,no
35,technician,married,professional.course,no,yes,no,cellular,may,thu,16,6,999,1,failure,-1.8,92.89299999999999,-46.2,1.266,5099.1,no
31,admin.,single,high.school,no,yes,no,cellular,may,thu,150,1,999,1,failure,-1.8,92.89299999999999,-46.2,1.266,5099.1,no
31,services,single,university.degree,no,yes,no,cellular,may,thu,163,1,999,0,nonexistent,-1.8,92.89299999999999,-46.2,1.266,5099.1,no
27,services,single,high.school,no,yes,no,cellular,may,thu,88,1,999,1,failure,-1.8,92.89299999999999,-46.2,1.266,5099.1,no
34,technician,single,professional.course,no,yes,no,cellular,may,thu,277,2,999,0,nonexistent,-1.8,92.89299999999999,-46.2,1.266,5099.1,no
40,services,divorced,high.school,no,no,no,cellular,may,thu,96,1,999,1,failure,-1.8,92.89299999999999,-46.2,1.266,5099.1,no
24,technician,single,professional.course,no,no,no,cellular,may,thu,175,1,999,1,failure,-1.8,92.89299999999999,-46.2,1.266,5099.1,no
28,admin.,married,high.school,no,unknown,unknown,cellular,may,thu,430,4,999,0,nonexistent,-1.8,92.89299999999999,-46.2,1.266,5099.1,no
28,student,single,high.school,no,unknown,unknown,cellular,may,thu,97,2,999,0,nonexistent,-1.8,92.89299999999999,-46.2,1.266,5099.1,no
36,management,married,university.degree,no,no,no,cellular,may,thu,164,2,999,0,nonexistent,-1.8,92.89299999999999,-46.2,1.266,5099.1,no
27,blue-collar,married,basic.4y,no,yes,no,cellular,may,thu,88,1,999,0,nonexistent,-1.8,92.89299999999999,-46.2,1.266,5099.1,no
37,blue-collar,married,high.school,unknown,yes,no,cellular,may,thu,71,1,999,1,failure,-1.8,92.89299999999999,-46.2,1.266,5099.1,no
21,services,single,high.school,no,yes,no,cellular,may,thu,136,1,999,1,failure,-1.8,92.89299999999999,-46.2,1.266,5099.1,no
28,blue-collar,married,basic.9y,unknown,no,no,cellular,may,thu,92,1,999,1,failure,-1.8,92.89299999999999,-46.2,1.266,5099.1,no
29,blue-collar,married,basic.6y,no,yes,no,cellular,may,thu,17,6,999,0,nonexistent,-1.8,92.89299999999999,-46.2,1.266,5099.1,no
28,blue-collar,married,basic.9y,unknown,yes,no,cellular,may,thu,199,1,999,0,nonexistent,-1.8,92.89299999999999,-46.2,1.266,5099.1,no
51,blue-collar,married,basic.4y,no,no,no,cellular,may,thu,159,1,999,1,failure,-1.8,92.89299999999999,-46.2,1.266,5099.1,no
37,services,divorced,high.school,no,no,no,cellular,may,thu,36,1,999,0,nonexistent,-1.8,92.89299999999999,-46.2,1.266,5099.1,no
27,technician,single,university.degree,no,yes,no,cellular,may,thu,43,8,999,0,nonexistent,-1.8,92.89299999999999,-46.2,1.266,5099.1,no
28,blue-collar,married,basic.9y,unknown,yes,no,cellular,may,thu,334,1,999,0,nonexistent,-1.8,92.89299999999999,-46.2,1.266,5099.1,no
39,admin.,married,high.school,no,no,no,cellular,may,thu,806,1,999,0,nonexistent,-1.8,92.89299999999999,-46.2,1.266,5099.1,no
26,admin.,single,university.degree,no,no,no,telephone,may,thu,217,2,999,0,nonexistent,-1.8,92.89299999999999,-46.2,1.266,5099.1,no
32,blue-collar,single,high.school,no,yes,no,cellular,may,thu,216,1,999,0,nonexistent,-1.8,92.89299999999999,-46.2,1.266,5099.1,no
35,admin.,single,university.degree,no,yes,no,cellular,may,thu,143,1,999,1,failure,-1.8,92.89299999999999,-46.2,1.266,5099.1,no
28,management,single,basic.9y,no,yes,no,cellular,may,thu,106,1,999,1,failure,-1.8,92.89299999999999,-46.2,1.266,5099.1,no
28,blue-collar,single,basic.9y,no,yes,no,cellular,may,thu,226,1,999,1,failure,-1.8,92.89299999999999,-46.2,1.266,5099.1,no
28,management,single,basic.9y,no,yes,no,telephone,may,thu,166,1,999,0,nonexistent,-1.8,92.89299999999999,-46.2,1.266,5099.1,no
34,entrepreneur,single,university.degree,no,yes,no,cellular,may,thu,87,1,999,0,nonexistent,-1.8,92.89299999999999,-46.2,1.266,5099.1,no
22,student,single,high.school,no,yes,no,cellular,may,thu,99,2,999,0,nonexistent,-1.8,92.89299999999999,-46.2,1.266,5099.1,no
27,technician,single,professional.course,no,no,no,cellular,may,thu,256,1,11,1,success,-1.8,92.89299999999999,-46.2,1.266,5099.1,no
35,blue-collar,married,high.school,no,yes,no,cellular,may,thu,121,1,999,0,nonexistent,-1.8,92.89299999999999,-46.2,1.266,5099.1,no
40,blue-collar,married,basic.9y,no,yes,no,cellular,may,thu,140,1,999,0,nonexistent,-1.8,92.89299999999999,-46.2,1.266,5099.1,no
30,blue-collar,married,basic.6y,no,no,no,cellular,may,thu,164,2,999,1,failure,-1.8,92.89299999999999,-46.2,1.266,5099.1,no
23,technician,single,high.school,no,no,yes,cellular,may,thu,1129,1,999,0,nonexistent,-1.8,92.89299999999999,-46.2,1.266,5099.1,yes
24,blue-collar,single,basic.4y,no,yes,yes,cellular,may,thu,109,1,999,1,failure,-1.8,92.89299999999999,-46.2,1.266,5099.1,no
48,admin.,divorced,high.school,no,yes,no,cellular,may,thu,265,1,999,0,nonexistent,-1.8,92.89299999999999,-46.2,1.266,5099.1,no
28,technician,married,university.degree,no,yes,yes,cellular,may,thu,175,3,999,0,nonexistent,-1.8,92.89299999999999,-46.2,1.266,5099.1,no
31,blue-collar,single,basic.9y,no,no,no,cellular,may,thu,191,1,999,1,failure,-1.8,92.89299999999999,-46.2,1.266,5099.1,yes
39,technician,married,professional.course,no,yes,no,cellular,may,thu,292,1,999,0,nonexistent,-1.8,92.89299999999999,-46.2,1.266,5099.1,no
39,technician,married,professional.course,no,no,no,cellular,may,thu,239,1,999,1,failure,-1.8,92.89299999999999,-46.2,1.266,5099.1,no
31,blue-collar,single,basic.9y,no,no,no,cellular,may,thu,59,1,999,1,failure,-1.8,92.89299999999999,-46.2,1.266,5099.1,no
31,blue-collar,single,basic.9y,no,yes,no,cellular,may,thu,471,1,999,0,nonexistent,-1.8,92.89299999999999,-46.2,1.266,5099.1,no
46,services,married,high.school,no,yes,no,cellular,may,thu,182,1,999,1,failure,-1.8,92.89299999999999,-46.2,1.266,5099.1,no
32,management,married,high.school,no,unknown,unknown,cellular,may,thu,396,1,999,1,failure,-1.8,92.89299999999999,-46.2,1.266,5099.1,no
31,technician,married,university.degree,no,yes,no,cellular,may,thu,432,1,999,0,nonexistent,-1.8,92.89299999999999,-46.2,1.266,5099.1,no
27,blue-collar,single,basic.9y,no,yes,yes,cellular,may,thu,224,4,999,0,nonexistent,-1.8,92.89299999999999,-46.2,1.266,5099.1,yes
33,blue-collar,married,basic.9y,unknown,no,no,cellular,may,thu,616,2,999,0,nonexistent,-1.8,92.89299999999999,-46.2,1.266,5099.1,yes
29,admin.,single,basic.9y,no,yes,no,cellular,may,thu,111,1,999,0,nonexistent,-1.8,92.89299999999999,-46.2,1.266,5099.1,no
26,admin.,single,high.school,no,yes,no,cellular,may,thu,685,2,999,0,nonexistent,-1.8,92.89299999999999,-46.2,1.266,5099.1,no
26,blue-collar,single,basic.9y,no,no,no,cellular,may,thu,134,2,999,0,nonexistent,-1.8,92.89299999999999,-46.2,1.266,5099.1,no
54,blue-collar,married,basic.9y,no,no,no,cellular,may,thu,423,3,999,0,nonexistent,-1.8,92.89299999999999,-46.2,1.266,5099.1,no
33,blue-collar,single,basic.9y,unknown,no,no,cellular,may,thu,65,1,999,0,nonexistent,-1.8,92.89299999999999,-46.2,1.266,5099.1,no
58,entrepreneur,divorced,professional.course,no,yes,no,cellular,may,thu,165,5,999,2,failure,-1.8,92.89299999999999,-46.2,1.266,5099.1,no
51,blue-collar,married,basic.4y,no,yes,yes,cellular,may,thu,668,2,999,0,nonexistent,-1.8,92.89299999999999,-46.2,1.266,5099.1,yes
28,student,single,university.degree,no,yes,no,cellular,may,thu,42,2,999,0,nonexistent,-1.8,92.89299999999999,-46.2,1.266,5099.1,no
24,services,married,high.school,no,no,no,cellular,may,thu,177,2,999,0,nonexistent,-1.8,92.89299999999999,-46.2,1.266,5099.1,no
27,admin.,single,high.school,no,yes,yes,cellular,may,thu,99,7,999,1,failure,-1.8,92.89299999999999,-46.2,1.266,5099.1,no
29,blue-collar,married,basic.6y,no,yes,no,cellular,may,thu,108,4,999,0,nonexistent,-1.8,92.89299999999999,-46.2,1.266,5099.1,no
49,services,married,high.school,no,yes,yes,cellular,may,thu,291,2,999,0,nonexistent,-1.8,92.89299999999999,-46.2,1.266,5099.1,no
35,admin.,married,high.school,no,yes,no,cellular,may,thu,170,1,999,0,nonexistent,-1.8,92.89299999999999,-46.2,1.266,5099.1,no
35,services,married,high.school,no,yes,no,cellular,may,thu,117,3,999,1,failure,-1.8,92.89299999999999,-46.2,1.266,5099.1,no
57,services,divorced,basic.4y,no,no,no,cellular,may,thu,161,6,999,0,nonexistent,-1.8,92.89299999999999,-46.2,1.266,5099.1,no
25,blue-collar,single,high.school,no,yes,no,cellular,may,thu,330,2,999,0,nonexistent,-1.8,92.89299999999999,-46.2,1.266,5099.1,no
53,services,married,basic.6y,no,yes,no,cellular,may,thu,24,6,999,0,nonexistent,-1.8,92.89299999999999,-46.2,1.266,5099.1,no
31,admin.,married,high.school,no,no,no,cellular,may,thu,172,2,999,1,failure,-1.8,92.89299999999999,-46.2,1.266,5099.1,no
23,student,single,high.school,no,yes,no,cellular,may,thu,143,2,999,1,failure,-1.8,92.89299999999999,-46.2,1.266,5099.1,no
39,entrepreneur,married,basic.9y,unknown,yes,yes,cellular,may,thu,158,2,999,0,nonexistent,-1.8,92.89299999999999,-46.2,1.266,5099.1,no
27,blue-collar,married,basic.4y,no,yes,no,cellular,may,thu,88,2,999,0,nonexistent,-1.8,92.89299999999999,-46.2,1.266,5099.1,no
36,blue-collar,married,basic.6y,no,yes,yes,cellular,may,thu,157,2,999,1,failure,-1.8,92.89299999999999,-46.2,1.266,5099.1,no
40,technician,single,professional.course,unknown,yes,no,cellular,may,thu,111,3,999,0,nonexistent,-1.8,92.89299999999999,-46.2,1.266,5099.1,no
54,self-employed,divorced,professional.course,no,yes,no,cellular,may,thu,553,2,999,0,nonexistent,-1.8,92.89299999999999,-46.2,1.266,5099.1,no
24,student,single,basic.9y,no,yes,no,telephone,may,thu,25,8,999,0,nonexistent,-1.8,92.89299999999999,-46.2,1.266,5099.1,no
31,admin.,single,high.school,no,no,no,cellular,may,thu,433,2,999,0,nonexistent,-1.8,92.89299999999999,-46.2,1.266,5099.1,no
40,services,divorced,high.school,no,no,yes,cellular,may,thu,632,1,999,1,failure,-1.8,92.89299999999999,-46.2,1.266,5099.1,no
37,housemaid,single,high.school,no,yes,no,cellular,may,thu,142,2,999,0,nonexistent,-1.8,92.89299999999999,-46.2,1.266,5099.1,no
33,blue-collar,married,basic.6y,no,yes,yes,cellular,may,thu,172,2,999,1,failure,-1.8,92.89299999999999,-46.2,1.266,5099.1,no
36,blue-collar,single,basic.6y,no,yes,no,cellular,may,thu,329,1,999,0,nonexistent,-1.8,92.89299999999999,-46.2,1.266,5099.1,no
33,admin.,single,university.degree,no,yes,no,cellular,may,thu,95,3,999,0,nonexistent,-1.8,92.89299999999999,-46.2,1.266,5099.1,no
48,services,divorced,basic.9y,no,unknown,unknown,cellular,may,thu,67,7,999,0,nonexistent,-1.8,92.89299999999999,-46.2,1.266,5099.1,no
25,admin.,single,high.school,no,yes,no,cellular,may,thu,888,3,999,0,nonexistent,-1.8,92.89299999999999,-46.2,1.266,5099.1,yes
26,blue-collar,married,professional.course,no,no,no,cellular,may,thu,1071,2,999,0,nonexistent,-1.8,92.89299999999999,-46.2,1.266,5099.1,yes
33,admin.,divorced,university.degree,no,unknown,unknown,telephone,may,thu,213,1,999,0,nonexistent,-1.8,92.89299999999999,-46.2,1.266,5099.1,no
34,admin.,married,university.degree,no,yes,no,cellular,may,thu,293,2,999,1,failure,-1.8,92.89299999999999,-46.2,1.266,5099.1,no
46,blue-collar,married,basic.4y,no,no,no,telephone,may,thu,46,2,999,0,nonexistent,-1.8,92.89299999999999,-46.2,1.266,5099.1,no
33,technician,married,university.degree,no,no,yes,cellular,may,thu,169,3,999,1,failure,-1.8,92.89299999999999,-46.2,1.266,5099.1,no
42,blue-collar,married,basic.9y,no,no,no,telephone,may,thu,113,2,999,0,nonexistent,-1.8,92.89299999999999,-46.2,1.266,5099.1,no
27,admin.,married,high.school,no,no,yes,cellular,may,thu,151,4,999,0,nonexistent,-1.8,92.89299999999999,-46.2,1.266,5099.1,no
36,management,married,university.degree,no,yes,no,telephone,may,thu,68,2,999,0,nonexistent,-1.8,92.89299999999999,-46.2,1.266,5099.1,no
32,technician,single,professional.course,no,no,no,cellular,may,thu,1060,2,999,0,nonexistent,-1.8,92.89299999999999,-46.2,1.266,5099.1,yes
24,entrepreneur,single,university.degree,no,no,no,cellular,may,thu,196,2,999,0,nonexistent,-1.8,92.89299999999999,-46.2,1.266,5099.1,no
29,services,single,high.school,no,yes,no,cellular,may,thu,332,2,999,1,failure,-1.8,92.89299999999999,-46.2,1.266,5099.1,no
28,blue-collar,married,basic.6y,unknown,no,yes,cellular,may,thu,67,3,999,0,nonexistent,-1.8,92.89299999999999,-46.2,1.266,5099.1,no
30,blue-collar,married,basic.6y,no,no,yes,cellular,may,thu,24,6,999,1,failure,-1.8,92.89299999999999,-46.2,1.266,5099.1,no
34,unemployed,married,basic.9y,no,yes,no,cellular,may,thu,218,4,999,0,nonexistent,-1.8,92.89299999999999,-46.2,1.266,5099.1,no
42,blue-collar,married,basic.4y,no,no,no,cellular,may,thu,131,2,999,0,nonexistent,-1.8,92.89299999999999,-46.2,1.266,5099.1,no
42,services,married,high.school,no,yes,no,cellular,may,thu,164,2,999,0,nonexistent,-1.8,92.89299999999999,-46.2,1.266,5099.1,no
29,blue-collar,married,basic.6y,no,no,no,cellular,may,thu,123,4,999,0,nonexistent,-1.8,92.89299999999999,-46.2,1.266,5099.1,no
28,services,single,high.school,no,no,no,cellular,may,thu,99,4,999,1,failure,-1.8,92.89299999999999,-46.2,1.266,5099.1,no
30,blue-collar,single,basic.9y,no,no,no,cellular,may,thu,362,6,999,0,nonexistent,-1.8,92.89299999999999,-46.2,1.266,5099.1,no
35,entrepreneur,married,professional.course,no,no,yes,cellular,may,thu,111,2,999,0,nonexistent,-1.8,92.89299999999999,-46.2,1.266,5099.1,no
33,blue-collar,single,basic.9y,unknown,yes,no,cellular,may,thu,502,2,999,0,nonexistent,-1.8,92.89299999999999,-46.2,1.266,5099.1,no
32,admin.,married,university.degree,no,no,no,cellular,may,thu,366,2,999,0,nonexistent,-1.8,92.89299999999999,-46.2,1.266,5099.1,no
40,technician,single,professional.course,unknown,yes,no,cellular,may,thu,17,8,999,0,nonexistent,-1.8,92.89299999999999,-46.2,1.266,5099.1,no
30,admin.,single,high.school,no,yes,no,cellular,may,thu,464,2,999,0,nonexistent,-1.8,92.89299999999999,-46.2,1.266,5099.1,no
26,technician,single,professional.course,no,yes,yes,cellular,may,thu,158,5,999,0,nonexistent,-1.8,92.89299999999999,-46.2,1.266,5099.1,no
22,technician,single,professional.course,no,no,no,telephone,may,thu,29,2,999,0,nonexistent,-1.8,92.89299999999999,-46.2,1.266,5099.1,no
49,entrepreneur,married,university.degree,unknown,yes,yes,cellular,may,thu,197,3,999,0,nonexistent,-1.8,92.89299999999999,-46.2,1.266,5099.1,no
41,admin.,divorced,high.school,unknown,yes,yes,cellular,may,thu,380,3,999,0,nonexistent,-1.8,92.89299999999999,-46.2,1.266,5099.1,no
31,entrepreneur,married,university.degree,no,yes,no,cellular,may,thu,113,3,999,0,nonexistent,-1.8,92.89299999999999,-46.2,1.266,5099.1,no
26,technician,single,professional.course,no,yes,no,cellular,may,thu,228,1,999,0,nonexistent,-1.8,92.89299999999999,-46.2,1.266,5099.1,no
35,blue-collar,married,basic.6y,unknown,no,yes,telephone,may,thu,57,1,999,0,nonexistent,-1.8,92.89299999999999,-46.2,1.266,5099.1,no
31,blue-collar,married,basic.9y,no,no,no,cellular,may,thu,535,1,999,0,nonexistent,-1.8,92.89299999999999,-46.2,1.266,5099.1,no
52,blue-collar,unknown,basic.4y,no,unknown,unknown,cellular,may,thu,610,3,999,0,nonexistent,-1.8,92.89299999999999,-46.2,1.266,5099.1,no
44,entrepreneur,married,university.degree,no,yes,yes,cellular,may,thu,91,1,999,0,nonexistent,-1.8,92.89299999999999,-46.2,1.266,5099.1,no
36,blue-collar,married,basic.9y,no,yes,no,cellular,may,thu,265,1,999,0,nonexistent,-1.8,92.89299999999999,-46.2,1.266,5099.1,no
34,blue-collar,married,basic.6y,no,no,no,cellular,may,thu,43,3,999,0,nonexistent,-1.8,92.89299999999999,-46.2,1.266,5099.1,no
38,blue-collar,married,basic.4y,no,no,no,cellular,may,thu,299,1,999,1,failure,-1.8,92.89299999999999,-46.2,1.266,5099.1,no
42,technician,married,professional.course,no,yes,no,cellular,may,thu,196,2,999,0,nonexistent,-1.8,92.89299999999999,-46.2,1.266,5099.1,no
27,admin.,married,professional.course,no,yes,yes,cellular,may,thu,162,2,999,1,failure,-1.8,92.89299999999999,-46.2,1.266,5099.1,no
24,blue-collar,single,unknown,no,yes,no,cellular,may,thu,487,2,999,0,nonexistent,-1.8,92.89299999999999,-46.2,1.266,5099.1,no
42,technician,married,professional.course,no,yes,no,cellular,may,thu,251,3,999,0,nonexistent,-1.8,92.89299999999999,-46.2,1.266,5099.1,no
32,services,single,university.degree,no,yes,no,cellular,may,thu,261,3,999,0,nonexistent,-1.8,92.89299999999999,-46.2,1.266,5099.1,no
45,self-employed,married,university.degree,no,yes,no,cellular,may,thu,171,4,999,0,nonexistent,-1.8,92.89299999999999,-46.2,1.266,5099.1,no
39,admin.,married,high.school,no,yes,no,cellular,may,thu,112,4,999,0,nonexistent,-1.8,92.89299999999999,-46.2,1.266,5099.1,no
32,self-employed,married,basic.9y,no,yes,no,cellular,may,thu,374,2,999,0,nonexistent,-1.8,92.89299999999999,-46.2,1.266,5099.1,no
31,blue-collar,single,professional.course,no,yes,no,cellular,may,thu,60,5,999,1,failure,-1.8,92.89299999999999,-46.2,1.266,5099.1,no
29,admin.,divorced,university.degree,no,yes,no,cellular,may,thu,241,2,999,1,failure,-1.8,92.89299999999999,-46.2,1.266,5099.1,no
29,admin.,single,high.school,no,yes,no,cellular,may,thu,566,2,999,0,nonexistent,-1.8,92.89299999999999,-46.2,1.266,5099.1,yes
31,blue-collar,married,professional.course,no,yes,no,cellular,may,thu,303,3,999,1,failure,-1.8,92.89299999999999,-46.2,1.266,5099.1,no
26,blue-collar,married,professional.course,no,yes,no,cellular,may,thu,649,2,999,0,nonexistent,-1.8,92.89299999999999,-46.2,1.266,5099.1,no
31,blue-collar,married,basic.9y,no,no,no,cellular,may,thu,134,2,999,0,nonexistent,-1.8,92.89299999999999,-46.2,1.266,5099.1,no
34,services,married,high.school,no,no,no,cellular,may,thu,353,6,999,1,failure,-1.8,92.89299999999999,-46.2,1.266,5099.1,no
33,blue-collar,married,basic.6y,no,yes,no,cellular,may,thu,337,4,999,0,nonexistent,-1.8,92.89299999999999,-46.2,1.266,5099.1,no
34,blue-collar,single,basic.4y,unknown,yes,no,cellular,may,thu,93,2,999,1,failure,-1.8,92.89299999999999,-46.2,1.266,5099.1,no
31,admin.,single,university.degree,no,no,yes,cellular,may,thu,546,3,999,0,nonexistent,-1.8,92.89299999999999,-46.2,1.266,5099.1,no
32,blue-collar,married,basic.9y,no,yes,yes,cellular,may,thu,252,2,999,0,nonexistent,-1.8,92.89299999999999,-46.2,1.266,5099.1,no
54,blue-collar,married,basic.9y,no,no,no,cellular,may,thu,532,2,6,2,success,-1.8,92.89299999999999,-46.2,1.266,5099.1,yes
31,blue-collar,married,basic.4y,no,no,yes,cellular,may,thu,204,2,999,1,failure,-1.8,92.89299999999999,-46.2,1.266,5099.1,no
52,technician,married,basic.6y,unknown,no,no,cellular,may,thu,152,3,999,1,failure,-1.8,92.89299999999999,-46.2,1.266,5099.1,no
31,blue-collar,married,basic.9y,no,no,no,telephone,may,thu,267,4,999,0,nonexistent,-1.8,92.89299999999999,-46.2,1.266,5099.1,no
35,admin.,divorced,high.school,no,yes,no,cellular,may,thu,406,2,999,0,nonexistent,-1.8,92.89299999999999,-46.2,1.266,5099.1,no
31,admin.,single,high.school,no,yes,no,cellular,may,thu,1094,2,999,0,nonexistent,-1.8,92.89299999999999,-46.2,1.266,5099.1,yes
26,admin.,single,university.degree,no,yes,no,cellular,may,thu,320,2,999,0,nonexistent,-1.8,92.89299999999999,-46.2,1.266,5099.1,no
28,blue-collar,single,basic.9y,unknown,no,no,cellular,may,thu,884,3,999,1,failure,-1.8,92.89299999999999,-46.2,1.266,5099.1,yes
29,technician,single,high.school,unknown,yes,no,cellular,may,thu,410,5,999,0,nonexistent,-1.8,92.89299999999999,-46.2,1.266,5099.1,no
28,services,single,professional.course,no,no,no,telephone,may,thu,210,2,999,0,nonexistent,-1.8,92.89299999999999,-46.2,1.266,5099.1,no
23,technician,single,high.school,no,no,no,cellular,may,thu,198,2,999,1,failure,-1.8,92.89299999999999,-46.2,1.266,5099.1,no
30,admin.,single,university.degree,no,yes,no,cellular,may,thu,241,2,999,1,failure,-1.8,92.89299999999999,-46.2,1.266,5099.1,no
47,blue-collar,divorced,basic.9y,no,no,no,cellular,may,thu,16,8,6,2,failure,-1.8,92.89299999999999,-46.2,1.266,5099.1,no
37,blue-collar,divorced,basic.9y,no,yes,no,telephone,may,thu,604,4,999,0,nonexistent,-1.8,92.89299999999999,-46.2,1.266,5099.1,yes
39,management,married,basic.4y,unknown,yes,no,telephone,may,thu,427,2,999,1,failure,-1.8,92.89299999999999,-46.2,1.266,5099.1,no
45,entrepreneur,divorced,university.degree,no,yes,yes,telephone,may,thu,72,2,999,0,nonexistent,-1.8,92.89299999999999,-46.2,1.266,5099.1,no
33,admin.,married,high.school,no,no,no,cellular,may,thu,350,2,999,0,nonexistent,-1.8,92.89299999999999,-46.2,1.266,5099.1,no
29,blue-collar,married,basic.6y,no,no,yes,cellular,may,thu,93,3,999,0,nonexistent,-1.8,92.89299999999999,-46.2,1.266,5099.1,no
24,admin.,married,high.school,no,yes,no,cellular,may,thu,118,4,999,1,failure,-1.8,92.89299999999999,-46.2,1.266,5099.1,no
39,admin.,single,high.school,no,no,no,cellular,may,thu,387,10,999,0,nonexistent,-1.8,92.89299999999999,-46.2,1.266,5099.1,no
48,services,single,basic.4y,unknown,yes,yes,cellular,may,thu,106,2,999,0,nonexistent,-1.8,92.89299999999999,-46.2,1.266,5099.1,no
37,technician,single,university.degree,no,no,no,cellular,may,thu,336,2,999,1,failure,-1.8,92.89299999999999,-46.2,1.266,5099.1,no
32,blue-collar,single,high.school,no,yes,no,cellular,may,thu,205,3,999,0,nonexistent,-1.8,92.89299999999999,-46.2,1.266,5099.1,no
43,blue-collar,married,basic.4y,no,yes,no,cellular,may,thu,135,3,999,1,failure,-1.8,92.89299999999999,-46.2,1.266,5099.1,no
29,blue-collar,single,basic.4y,unknown,yes,no,telephone,may,thu,42,3,999,0,nonexistent,-1.8,92.89299999999999,-46.2,1.266,5099.1,no
23,technician,single,high.school,no,yes,no,cellular,may,thu,240,3,999,0,nonexistent,-1.8,92.89299999999999,-46.2,1.266,5099.1,no
60,retired,married,high.school,no,no,no,cellular,may,thu,512,3,999,0,nonexistent,-1.8,92.89299999999999,-46.2,1.266,5099.1,no
36,entrepreneur,single,basic.9y,unknown,yes,yes,cellular,may,thu,75,3,999,0,nonexistent,-1.8,92.89299999999999,-46.2,1.266,5099.1,no
26,blue-collar,single,basic.9y,unknown,yes,no,cellular,may,thu,88,4,999,0,nonexistent,-1.8,92.89299999999999,-46.2,1.266,5099.1,no
30,services,single,high.school,no,yes,no,cellular,may,thu,41,2,999,0,nonexistent,-1.8,92.89299999999999,-46.2,1.266,5099.1,no
30,technician,married,basic.9y,no,yes,no,cellular,may,thu,181,4,999,0,nonexistent,-1.8,92.89299999999999,-46.2,1.266,5099.1,no
38,technician,single,professional.course,no,yes,no,cellular,may,thu,306,4,999,0,nonexistent,-1.8,92.89299999999999,-46.2,1.266,5099.1,no
29,admin.,divorced,university.degree,no,no,no,telephone,may,thu,90,3,999,0,nonexistent,-1.8,92.89299999999999,-46.2,1.266,5099.1,no
38,entrepreneur,married,university.degree,no,no,no,cellular,may,thu,136,2,999,1,failure,-1.8,92.89299999999999,-46.2,1.266,5099.1,no
46,blue-collar,married,basic.4y,no,no,no,cellular,may,thu,154,2,12,1,success,-1.8,92.89299999999999,-46.2,1.266,5099.1,no
40,management,married,university.degree,unknown,no,no,cellular,may,thu,190,2,999,0,nonexistent,-1.8,92.89299999999999,-46.2,1.266,5099.1,no
29,blue-collar,married,basic.9y,no,no,no,telephone,may,thu,47,4,999,0,nonexistent,-1.8,92.89299999999999,-46.2,1.266,5099.1,no
31,technician,married,university.degree,no,yes,yes,cellular,may,thu,172,2,999,1,failure,-1.8,92.89299999999999,-46.2,1.266,5099.1,no
39,blue-collar,divorced,basic.9y,no,yes,no,cellular,may,thu,170,7,999,0,nonexistent,-1.8,92.89299999999999,-46.2,1.266,5099.1,no
36,blue-collar,married,basic.9y,no,no,no,cellular,may,thu,204,5,999,0,nonexistent,-1.8,92.89299999999999,-46.2,1.266,5099.1,no
27,self-employed,single,university.degree,no,no,no,cellular,may,thu,367,2,999,0,nonexistent,-1.8,92.89299999999999,-46.2,1.266,5099.1,no
25,admin.,single,high.school,no,yes,no,cellular,may,thu,173,6,999,1,failure,-1.8,92.89299999999999,-46.2,1.266,5099.1,no
29,technician,single,high.school,no,no,no,cellular,may,thu,62,4,999,1,failure,-1.8,92.89299999999999,-46.2,1.266,5099.1,no
33,blue-collar,married,basic.9y,unknown,no,yes,telephone,may,thu,113,3,999,0,nonexistent,-1.8,92.89299999999999,-46.2,1.266,5099.1,no
27,blue-collar,married,high.school,no,no,no,cellular,may,thu,136,5,999,1,failure,-1.8,92.89299999999999,-46.2,1.266,5099.1,no
44,technician,married,professional.course,no,yes,yes,cellular,may,thu,292,3,999,0,nonexistent,-1.8,92.89299999999999,-46.2,1.266,5099.1,no
32,blue-collar,married,basic.4y,no,no,yes,cellular,may,thu,80,4,999,0,nonexistent,-1.8,92.89299999999999,-46.2,1.266,5099.1,no
33,technician,married,high.school,no,yes,no,cellular,may,thu,90,5,999,0,nonexistent,-1.8,92.89299999999999,-46.2,1.266,5099.1,no
24,management,married,university.degree,no,no,no,telephone,may,thu,28,5,999,0,nonexistent,-1.8,92.89299999999999,-46.2,1.266,5099.1,no
48,services,single,basic.4y,unknown,yes,yes,cellular,may,thu,306,2,999,0,nonexistent,-1.8,92.89299999999999,-46.2,1.266,5099.1,no
28,admin.,married,high.school,no,no,yes,cellular,may,thu,386,4,999,0,nonexistent,-1.8,92.89299999999999,-46.2,1.266,5099.1,no
43,blue-collar,married,basic.4y,no,yes,no,cellular,may,thu,493,5,999,0,nonexistent,-1.8,92.89299999999999,-46.2,1.266,5099.1,no
33,blue-collar,single,high.school,no,yes,yes,telephone,may,thu,33,7,999,1,failure,-1.8,92.89299999999999,-46.2,1.266,5099.1,no
31,services,single,high.school,unknown,yes,no,cellular,may,thu,452,3,999,0,nonexistent,-1.8,92.89299999999999,-46.2,1.266,5099.1,no
27,admin.,single,basic.9y,no,yes,yes,cellular,may,thu,167,4,999,0,nonexistent,-1.8,92.89299999999999,-46.2,1.266,5099.1,no
36,blue-collar,married,basic.6y,no,yes,no,cellular,may,thu,125,5,999,0,nonexistent,-1.8,92.89299999999999,-46.2,1.266,5099.1,no
29,services,married,high.school,no,no,no,cellular,may,thu,185,10,999,0,nonexistent,-1.8,92.89299999999999,-46.2,1.266,5099.1,no
28,blue-collar,married,basic.9y,no,yes,no,cellular,may,thu,341,3,999,0,nonexistent,-1.8,92.89299999999999,-46.2,1.266,5099.1,no
35,services,married,high.school,no,yes,no,cellular,may,thu,223,2,999,0,nonexistent,-1.8,92.89299999999999,-46.2,1.266,5099.1,no
25,entrepreneur,single,university.degree,no,yes,no,cellular,may,thu,415,3,999,0,nonexistent,-1.8,92.89299999999999,-46.2,1.266,5099.1,no
20,blue-collar,single,high.school,no,yes,no,cellular,may,thu,908,3,999,0,nonexistent,-1.8,92.89299999999999,-46.2,1.266,5099.1,no
55,admin.,divorced,university.degree,unknown,no,no,cellular,may,thu,168,2,999,1,failure,-1.8,92.89299999999999,-46.2,1.266,5099.1,no
30,student,single,unknown,no,no,no,cellular,may,thu,486,5,999,0,nonexistent,-1.8,92.89299999999999,-46.2,1.266,5099.1,no
23,admin.,single,high.school,no,no,no,cellular,may,thu,67,3,999,0,nonexistent,-1.8,92.89299999999999,-46.2,1.266,5099.1,no
33,technician,single,basic.9y,no,no,no,telephone,may,thu,167,6,999,1,failure,-1.8,92.89299999999999,-46.2,1.266,5099.1,no
24,services,married,high.school,no,no,no,cellular,may,thu,10,5,999,0,nonexistent,-1.8,92.89299999999999,-46.2,1.266,5099.1,no
21,student,single,high.school,unknown,yes,no,cellular,may,thu,142,3,999,1,failure,-1.8,92.89299999999999,-46.2,1.266,5099.1,no
34,admin.,single,university.degree,no,yes,yes,cellular,may,thu,384,7,999,0,nonexistent,-1.8,92.89299999999999,-46.2,1.266,5099.1,no
30,services,married,high.school,no,no,no,cellular,may,thu,192,4,999,0,nonexistent,-1.8,92.89299999999999,-46.2,1.266,5099.1,no
32,admin.,single,high.school,no,yes,no,cellular,may,thu,212,6,999,0,nonexistent,-1.8,92.89299999999999,-46.2,1.266,5099.1,no
33,blue-collar,single,basic.6y,unknown,no,no,cellular,may,thu,100,2,999,0,nonexistent,-1.8,92.89299999999999,-46.2,1.266,5099.1,no
40,blue-collar,married,basic.9y,no,yes,no,cellular,may,thu,308,2,999,0,nonexistent,-1.8,92.89299999999999,-46.2,1.266,5099.1,no
58,entrepreneur,divorced,professional.course,no,yes,no,telephone,may,thu,346,5,999,0,nonexistent,-1.8,92.89299999999999,-46.2,1.266,5099.1,no
38,blue-collar,married,basic.4y,unknown,no,no,cellular,may,thu,197,4,999,0,nonexistent,-1.8,92.89299999999999,-46.2,1.266,5099.1,no
34,technician,single,professional.course,no,yes,no,cellular,may,thu,290,4,999,0,nonexistent,-1.8,92.89299999999999,-46.2,1.266,5099.1,no
35,admin.,married,university.degree,no,yes,yes,cellular,may,thu,8,9,999,0,nonexistent,-1.8,92.89299999999999,-46.2,1.266,5099.1,no
33,admin.,single,basic.6y,unknown,yes,no,cellular,may,thu,72,2,999,0,nonexistent,-1.8,92.89299999999999,-46.2,1.266,5099.1,no
22,student,single,high.school,no,yes,yes,telephone,may,thu,382,3,999,1,failure,-1.8,92.89299999999999,-46.2,1.266,5099.1,no
57,retired,married,basic.6y,no,no,no,cellular,may,thu,100,3,999,1,failure,-1.8,92.89299999999999,-46.2,1.266,5099.1,no
59,management,married,basic.4y,unknown,unknown,unknown,cellular,may,thu,165,4,999,1,failure,-1.8,92.89299999999999,-46.2,1.266,5099.1,no
26,housemaid,single,unknown,no,yes,yes,cellular,may,fri,140,3,999,1,failure,-1.8,92.89299999999999,-46.2,1.25,5099.1,no
30,blue-collar,married,professional.course,no,yes,no,cellular,may,fri,168,4,999,0,nonexistent,-1.8,92.89299999999999,-46.2,1.25,5099.1,no
30,management,single,basic.9y,no,yes,no,cellular,may,fri,253,4,999,0,nonexistent,-1.8,92.89299999999999,-46.2,1.25,5099.1,no
30,admin.,single,high.school,no,yes,no,cellular,may,fri,195,3,999,1,failure,-1.8,92.89299999999999,-46.2,1.25,5099.1,no
31,admin.,single,university.degree,no,yes,no,cellular,may,fri,165,3,999,1,failure,-1.8,92.89299999999999,-46.2,1.25,5099.1,no
55,blue-collar,married,professional.course,no,no,yes,cellular,may,fri,100,2,999,0,nonexistent,-1.8,92.89299999999999,-46.2,1.25,5099.1,no
35,blue-collar,single,basic.9y,no,yes,no,cellular,may,fri,676,3,999,0,nonexistent,-1.8,92.89299999999999,-46.2,1.25,5099.1,yes
26,blue-collar,single,high.school,no,no,no,cellular,may,fri,49,3,999,0,nonexistent,-1.8,92.89299999999999,-46.2,1.25,5099.1,no
32,technician,single,professional.course,no,no,no,cellular,may,fri,153,2,999,0,nonexistent,-1.8,92.89299999999999,-46.2,1.25,5099.1,yes
21,services,single,high.school,no,no,no,cellular,may,fri,103,6,999,0,nonexistent,-1.8,92.89299999999999,-46.2,1.25,5099.1,no
34,technician,divorced,professional.course,no,yes,yes,cellular,may,fri,296,2,999,0,nonexistent,-1.8,92.89299999999999,-46.2,1.25,5099.1,no
24,services,single,high.school,no,no,no,cellular,may,fri,145,4,999,1,failure,-1.8,92.89299999999999,-46.2,1.25,5099.1,no
34,admin.,single,university.degree,no,yes,no,cellular,may,fri,69,5,999,0,nonexistent,-1.8,92.89299999999999,-46.2,1.25,5099.1,no
37,admin.,single,high.school,no,yes,no,telephone,may,fri,26,6,999,1,failure,-1.8,92.89299999999999,-46.2,1.25,5099.1,no
23,admin.,single,unknown,no,yes,no,telephone,may,fri,17,4,999,0,nonexistent,-1.8,92.89299999999999,-46.2,1.25,5099.1,no
24,blue-collar,married,basic.9y,no,unknown,unknown,cellular,may,fri,323,5,999,0,nonexistent,-1.8,92.89299999999999,-46.2,1.25,5099.1,no
28,services,single,high.school,no,yes,yes,cellular,may,fri,9,6,999,0,nonexistent,-1.8,92.89299999999999,-46.2,1.25,5099.1,no
32,blue-collar,married,basic.4y,no,yes,no,cellular,may,fri,460,3,999,0,nonexistent,-1.8,92.89299999999999,-46.2,1.25,5099.1,no
44,admin.,married,high.school,no,yes,yes,cellular,may,fri,111,4,999,0,nonexistent,-1.8,92.89299999999999,-46.2,1.25,5099.1,no
28,admin.,single,university.degree,no,no,no,cellular,may,fri,165,2,999,0,nonexistent,-1.8,92.89299999999999,-46.2,1.25,5099.1,no
36,admin.,single,high.school,no,yes,yes,cellular,may,fri,10,5,999,0,nonexistent,-1.8,92.89299999999999,-46.2,1.25,5099.1,no
29,admin.,single,high.school,no,no,no,cellular,may,fri,113,4,999,0,nonexistent,-1.8,92.89299999999999,-46.2,1.25,5099.1,no
29,technician,single,university.degree,no,no,no,telephone,may,fri,12,4,999,0,nonexistent,-1.8,92.89299999999999,-46.2,1.25,5099.1,no
42,entrepreneur,married,high.school,no,yes,no,cellular,may,fri,9,9,999,0,nonexistent,-1.8,92.89299999999999,-46.2,1.25,5099.1,no
31,technician,single,university.degree,no,yes,no,telephone,may,fri,14,6,999,1,failure,-1.8,92.89299999999999,-46.2,1.25,5099.1,no
24,blue-collar,married,basic.9y,no,unknown,unknown,telephone,may,fri,8,6,999,0,nonexistent,-1.8,92.89299999999999,-46.2,1.25,5099.1,no
32,management,single,professional.course,no,no,no,cellular,may,fri,194,3,999,0,nonexistent,-1.8,92.89299999999999,-46.2,1.25,5099.1,no
27,admin.,married,university.degree,no,yes,no,cellular,may,fri,670,4,999,1,failure,-1.8,92.89299999999999,-46.2,1.25,5099.1,yes
29,blue-collar,married,basic.9y,no,yes,no,cellular,may,fri,14,4,999,0,nonexistent,-1.8,92.89299999999999,-46.2,1.25,5099.1,no
28,blue-collar,married,basic.9y,no,yes,no,cellular,may,fri,115,5,999,0,nonexistent,-1.8,92.89299999999999,-46.2,1.25,5099.1,no
28,blue-collar,married,basic.9y,no,yes,no,cellular,may,fri,14,2,999,0,nonexistent,-1.8,92.89299999999999,-46.2,1.25,5099.1,no
35,technician,married,professional.course,no,yes,no,cellular,may,fri,14,5,999,0,nonexistent,-1.8,92.89299999999999,-46.2,1.25,5099.1,no
34,self-employed,single,professional.course,no,yes,no,telephone,may,fri,10,7,999,1,failure,-1.8,92.89299999999999,-46.2,1.25,5099.1,no
28,blue-collar,single,basic.6y,no,yes,no,cellular,may,fri,354,8,999,0,nonexistent,-1.8,92.89299999999999,-46.2,1.25,5099.1,no
29,blue-collar,single,unknown,no,yes,no,cellular,may,fri,61,1,999,1,failure,-1.8,92.89299999999999,-46.2,1.25,5099.1,no
34,admin.,married,university.degree,no,yes,no,cellular,may,fri,103,3,999,0,nonexistent,-1.8,92.89299999999999,-46.2,1.25,5099.1,no
41,management,married,university.degree,no,no,no,cellular,may,fri,172,1,999,0,nonexistent,-1.8,92.89299999999999,-46.2,1.25,5099.1,no
33,blue-collar,married,basic.6y,unknown,yes,yes,cellular,may,fri,306,4,999,1,failure,-1.8,92.89299999999999,-46.2,1.25,5099.1,no
40,admin.,divorced,high.school,no,yes,no,cellular,may,fri,164,1,999,0,nonexistent,-1.8,92.89299999999999,-46.2,1.25,5099.1,no
54,retired,divorced,university.degree,no,yes,no,cellular,may,fri,778,5,999,1,failure,-1.8,92.89299999999999,-46.2,1.25,5099.1,no
45,entrepreneur,married,basic.9y,no,yes,no,telephone,may,fri,39,1,999,0,nonexistent,-1.8,92.89299999999999,-46.2,1.25,5099.1,no
32,admin.,single,high.school,no,no,no,cellular,may,fri,1181,9,999,0,nonexistent,-1.8,92.89299999999999,-46.2,1.25,5099.1,no
39,entrepreneur,single,university.degree,no,no,no,cellular,may,fri,124,1,999,0,nonexistent,-1.8,92.89299999999999,-46.2,1.25,5099.1,no
39,blue-collar,single,unknown,no,yes,yes,cellular,may,fri,162,3,999,0,nonexistent,-1.8,92.89299999999999,-46.2,1.25,5099.1,no
29,admin.,married,basic.6y,no,yes,no,cellular,may,fri,16,6,999,1,failure,-1.8,92.89299999999999,-46.2,1.25,5099.1,no
32,technician,single,professional.course,no,yes,no,cellular,may,fri,347,1,999,0,nonexistent,-1.8,92.89299999999999,-46.2,1.25,5099.1,no
39,entrepreneur,single,university.degree,no,yes,yes,cellular,may,fri,233,1,999,1,failure,-1.8,92.89299999999999,-46.2,1.25,5099.1,no
28,entrepreneur,married,basic.9y,unknown,no,no,cellular,may,fri,133,1,999,0,nonexistent,-1.8,92.89299999999999,-46.2,1.25,5099.1,no
53,services,married,university.degree,no,no,no,cellular,may,fri,136,1,999,1,failure,-1.8,92.89299999999999,-46.2,1.25,5099.1,no
34,admin.,single,high.school,no,yes,no,cellular,may,fri,655,2,999,0,nonexistent,-1.8,92.89299999999999,-46.2,1.25,5099.1,yes
31,admin.,single,university.degree,no,no,no,cellular,may,fri,56,1,999,1,failure,-1.8,92.89299999999999,-46.2,1.25,5099.1,no
31,admin.,single,university.degree,no,yes,no,cellular,may,fri,33,1,999,1,failure,-1.8,92.89299999999999,-46.2,1.25,5099.1,no
28,admin.,married,high.school,no,no,no,cellular,may,fri,35,3,999,1,failure,-1.8,92.89299999999999,-46.2,1.25,5099.1,no
33,services,married,high.school,no,yes,no,cellular,may,fri,227,1,999,1,failure,-1.8,92.89299999999999,-46.2,1.25,5099.1,no
30,admin.,single,university.degree,no,no,no,cellular,may,fri,197,1,999,1,failure,-1.8,92.89299999999999,-46.2,1.25,5099.1,no
28,entrepreneur,married,basic.9y,unknown,yes,no,cellular,may,fri,78,2,999,0,nonexistent,-1.8,92.89299999999999,-46.2,1.25,5099.1,no
30,admin.,single,university.degree,no,yes,yes,cellular,may,fri,191,1,999,0,nonexistent,-1.8,92.89299999999999,-46.2,1.25,5099.1,no
39,technician,single,high.school,no,yes,no,cellular,may,fri,642,1,999,0,nonexistent,-1.8,92.89299999999999,-46.2,1.25,5099.1,no
54,management,married,university.degree,no,yes,no,cellular,may,fri,173,1,999,0,nonexistent,-1.8,92.89299999999999,-46.2,1.25,5099.1,no
31,blue-collar,single,basic.4y,unknown,yes,no,cellular,may,fri,73,1,999,0,nonexistent,-1.8,92.89299999999999,-46.2,1.25,5099.1,no
42,services,married,high.school,no,no,no,cellular,may,fri,551,1,999,1,failure,-1.8,92.89299999999999,-46.2,1.25,5099.1,yes
29,blue-collar,single,basic.9y,no,yes,no,cellular,may,fri,607,1,999,1,failure,-1.8,92.89299999999999,-46.2,1.25,5099.1,no
35,blue-collar,divorced,basic.9y,no,no,no,cellular,may,fri,409,1,999,1,failure,-1.8,92.89299999999999,-46.2,1.25,5099.1,yes
30,management,married,university.degree,no,no,no,cellular,may,fri,67,1,999,1,failure,-1.8,92.89299999999999,-46.2,1.25,5099.1,no
22,technician,single,university.degree,no,no,no,cellular,may,fri,382,1,999,0,nonexistent,-1.8,92.89299999999999,-46.2,1.25,5099.1,yes
27,technician,single,unknown,no,no,no,cellular,may,fri,7,4,999,0,nonexistent,-1.8,92.89299999999999,-46.2,1.25,5099.1,no
24,blue-collar,single,basic.9y,no,yes,no,cellular,may,fri,54,4,999,0,nonexistent,-1.8,92.89299999999999,-46.2,1.25,5099.1,no
29,blue-collar,divorced,high.school,no,yes,no,cellular,may,fri,144,1,999,1,failure,-1.8,92.89299999999999,-46.2,1.25,5099.1,no
32,services,single,high.school,no,no,no,cellular,may,fri,123,3,999,0,nonexistent,-1.8,92.89299999999999,-46.2,1.25,5099.1,no
45,admin.,married,university.degree,no,yes,no,cellular,may,fri,160,1,999,1,failure,-1.8,92.89299999999999,-46.2,1.25,5099.1,no
30,admin.,single,university.degree,no,no,no,cellular,may,fri,208,2,999,0,nonexistent,-1.8,92.89299999999999,-46.2,1.25,5099.1,no
43,entrepreneur,married,professional.course,no,yes,no,cellular,may,fri,311,1,999,1,failure,-1.8,92.89299999999999,-46.2,1.25,5099.1,yes
45,admin.,married,university.degree,no,yes,yes,cellular,may,fri,300,1,999,0,nonexistent,-1.8,92.89299999999999,-46.2,1.25,5099.1,no
29,blue-collar,divorced,high.school,no,no,no,cellular,may,fri,760,1,999,0,nonexistent,-1.8,92.89299999999999,-46.2,1.25,5099.1,yes
39,technician,divorced,high.school,no,yes,no,cellular,may,fri,21,8,999,1,failure,-1.8,92.89299999999999,-46.2,1.25,5099.1,no
39,technician,divorced,professional.course,no,yes,no,cellular,may,fri,128,2,999,1,failure,-1.8,92.89299999999999,-46.2,1.25,5099.1,no
27,blue-collar,single,basic.6y,no,no,yes,telephone,may,fri,146,4,999,0,nonexistent,-1.8,92.89299999999999,-46.2,1.25,5099.1,no
27,admin.,married,high.school,no,no,no,cellular,may,fri,71,3,999,0,nonexistent,-1.8,92.89299999999999,-46.2,1.25,5099.1,no
30,blue-collar,single,basic.9y,no,yes,no,cellular,may,fri,169,2,999,1,failure,-1.8,92.89299999999999,-46.2,1.25,5099.1,no
56,management,married,university.degree,unknown,yes,yes,cellular,may,fri,302,1,999,0,nonexistent,-1.8,92.89299999999999,-46.2,1.25,5099.1,no
41,blue-collar,married,basic.4y,no,yes,no,cellular,may,fri,302,1,999,0,nonexistent,-1.8,92.89299999999999,-46.2,1.25,5099.1,no
46,services,married,high.school,unknown,yes,no,cellular,may,fri,6,1,999,1,failure,-1.8,92.89299999999999,-46.2,1.25,5099.1,no
34,services,married,high.school,no,yes,no,cellular,may,fri,49,1,999,1,failure,-1.8,92.89299999999999,-46.2,1.25,5099.1,no
39,blue-collar,married,basic.6y,unknown,no,no,cellular,may,fri,124,1,999,1,failure,-1.8,92.89299999999999,-46.2,1.25,5099.1,no
28,blue-collar,single,basic.6y,no,yes,yes,cellular,may,fri,20,6,999,0,nonexistent,-1.8,92.89299999999999,-46.2,1.25,5099.1,no
29,blue-collar,divorced,high.school,no,yes,no,cellular,may,fri,1452,1,999,0,nonexistent,-1.8,92.89299999999999,-46.2,1.25,5099.1,no
55,services,married,high.school,no,no,no,cellular,may,fri,95,1,999,0,nonexistent,-1.8,92.89299999999999,-46.2,1.25,5099.1,no
30,retired,single,basic.9y,no,no,no,cellular,may,fri,16,8,999,1,failure,-1.8,92.89299999999999,-46.2,1.25,5099.1,no
29,blue-collar,divorced,unknown,unknown,no,no,cellular,may,fri,67,4,999,1,failure,-1.8,92.89299999999999,-46.2,1.25,5099.1,no
34,blue-collar,married,basic.9y,no,no,no,cellular,may,fri,241,1,999,1,failure,-1.8,92.89299999999999,-46.2,1.25,5099.1,no
45,services,married,high.school,unknown,yes,no,cellular,may,fri,250,1,999,0,nonexistent,-1.8,92.89299999999999,-46.2,1.25,5099.1,no
24,blue-collar,single,basic.9y,no,no,no,telephone,may,fri,7,4,999,1,failure,-1.8,92.89299999999999,-46.2,1.25,5099.1,no
41,blue-collar,married,basic.6y,no,yes,no,cellular,may,fri,432,1,999,0,nonexistent,-1.8,92.89299999999999,-46.2,1.25,5099.1,no
51,technician,married,professional.course,no,yes,no,cellular,may,fri,153,1,999,1,failure,-1.8,92.89299999999999,-46.2,1.25,5099.1,no
50,blue-collar,married,basic.4y,no,no,no,cellular,may,fri,67,1,999,1,failure,-1.8,92.89299999999999,-46.2,1.25,5099.1,no
43,blue-collar,married,high.school,no,yes,no,cellular,may,fri,48,1,999,0,nonexistent,-1.8,92.89299999999999,-46.2,1.25,5099.1,no
25,blue-collar,single,basic.9y,no,no,no,cellular,may,fri,72,2,999,1,failure,-1.8,92.89299999999999,-46.2,1.25,5099.1,no
33,admin.,married,high.school,no,yes,no,cellular,may,fri,148,1,999,0,nonexistent,-1.8,92.89299999999999,-46.2,1.25,5099.1,no
34,admin.,married,university.degree,no,no,no,cellular,may,fri,377,1,999,0,nonexistent,-1.8,92.89299999999999,-46.2,1.25,5099.1,no
53,blue-collar,divorced,basic.4y,no,yes,no,telephone,may,fri,367,6,999,1,failure,-1.8,92.89299999999999,-46.2,1.25,5099.1,no
41,blue-collar,single,basic.9y,no,no,no,cellular,may,fri,195,1,999,0,nonexistent,-1.8,92.89299999999999,-46.2,1.25,5099.1,no
56,services,married,high.school,unknown,yes,no,cellular,may,fri,169,1,999,1,failure,-1.8,92.89299999999999,-46.2,1.25,5099.1,no
56,services,married,high.school,unknown,no,no,cellular,may,fri,217,1,999,0,nonexistent,-1.8,92.89299999999999,-46.2,1.25,5099.1,no
42,self-employed,married,professional.course,unknown,yes,no,cellular,may,fri,50,1,999,0,nonexistent,-1.8,92.89299999999999,-46.2,1.25,5099.1,no
42,self-employed,married,professional.course,unknown,no,no,cellular,may,fri,160,1,999,1,failure,-1.8,92.89299999999999,-46.2,1.25,5099.1,no
34,technician,divorced,professional.course,no,no,no,cellular,may,fri,64,4,999,0,nonexistent,-1.8,92.89299999999999,-46.2,1.25,5099.1,no
34,admin.,married,university.degree,no,yes,no,cellular,may,fri,612,1,999,2,failure,-1.8,92.89299999999999,-46.2,1.25,5099.1,no
56,services,married,high.school,unknown,no,no,cellular,may,fri,310,1,999,0,nonexistent,-1.8,92.89299999999999,-46.2,1.25,5099.1,no
34,technician,divorced,professional.course,no,yes,no,cellular,may,fri,7,6,999,1,failure,-1.8,92.89299999999999,-46.2,1.25,5099.1,no
25,technician,single,basic.9y,no,yes,no,cellular,may,fri,14,4,999,0,nonexistent,-1.8,92.89299999999999,-46.2,1.25,5099.1,no
56,services,married,high.school,unknown,yes,no,cellular,may,fri,373,1,999,0,nonexistent,-1.8,92.89299999999999,-46.2,1.25,5099.1,no
39,technician,divorced,university.degree,no,no,no,cellular,may,fri,55,4,999,0,nonexistent,-1.8,92.89299999999999,-46.2,1.25,5099.1,no
59,admin.,divorced,university.degree,no,no,no,cellular,may,fri,58,1,999,1,failure,-1.8,92.89299999999999,-46.2,1.25,5099.1,no
33,admin.,married,university.degree,no,yes,no,cellular,may,fri,180,1,999,0,nonexistent,-1.8,92.89299999999999,-46.2,1.25,5099.1,no
35,blue-collar,married,basic.4y,no,no,no,cellular,may,fri,13,9,999,0,nonexistent,-1.8,92.89299999999999,-46.2,1.25,5099.1,no
25,blue-collar,single,basic.4y,no,yes,no,cellular,may,fri,64,2,999,0,nonexistent,-1.8,92.89299999999999,-46.2,1.25,5099.1,no
56,blue-collar,married,basic.9y,unknown,yes,no,cellular,may,fri,520,1,999,1,failure,-1.8,92.89299999999999,-46.2,1.25,5099.1,no
34,technician,divorced,professional.course,no,yes,no,cellular,may,fri,1190,2,999,0,nonexistent,-1.8,92.89299999999999,-46.2,1.25,5099.1,yes
42,self-employed,married,professional.course,unknown,unknown,unknown,cellular,may,fri,665,1,999,0,nonexistent,-1.8,92.89299999999999,-46.2,1.25,5099.1,no
39,blue-collar,married,basic.9y,no,yes,no,cellular,may,fri,391,1,999,0,nonexistent,-1.8,92.89299999999999,-46.2,1.25,5099.1,no
30,technician,single,professional.course,no,yes,no,cellular,may,fri,26,6,999,0,nonexistent,-1.8,92.89299999999999,-46.2,1.25,5099.1,no
46,services,divorced,basic.4y,no,no,no,cellular,may,fri,493,7,999,0,nonexistent,-1.8,92.89299999999999,-46.2,1.25,5099.1,no
55,admin.,married,high.school,unknown,yes,no,cellular,may,fri,41,3,999,0,nonexistent,-1.8,92.89299999999999,-46.2,1.25,5099.1,no
59,admin.,divorced,university.degree,no,yes,no,cellular,may,fri,899,1,999,0,nonexistent,-1.8,92.89299999999999,-46.2,1.25,5099.1,yes
36,technician,married,professional.course,no,yes,no,cellular,may,fri,157,4,999,0,nonexistent,-1.8,92.89299999999999,-46.2,1.25,5099.1,no
29,admin.,single,university.degree,unknown,yes,no,cellular,may,fri,104,2,999,0,nonexistent,-1.8,92.89299999999999,-46.2,1.25,5099.1,no
27,technician,single,professional.course,no,yes,no,cellular,may,fri,282,4,999,1,failure,-1.8,92.89299999999999,-46.2,1.25,5099.1,no
53,services,married,basic.6y,no,yes,no,cellular,may,fri,133,1,999,0,nonexistent,-1.8,92.89299999999999,-46.2,1.25,5099.1,no
37,unemployed,married,university.degree,no,unknown,unknown,cellular,may,fri,34,1,999,0,nonexistent,-1.8,92.89299999999999,-46.2,1.25,5099.1,no
27,blue-collar,married,basic.9y,no,no,yes,cellular,may,fri,12,5,999,0,nonexistent,-1.8,92.89299999999999,-46.2,1.25,5099.1,no
29,blue-collar,married,basic.6y,no,unknown,unknown,telephone,may,fri,8,7,999,0,nonexistent,-1.8,92.89299999999999,-46.2,1.25,5099.1,no
26,technician,married,professional.course,no,yes,no,cellular,may,fri,11,5,999,0,nonexistent,-1.8,92.89299999999999,-46.2,1.25,5099.1,no
28,technician,single,professional.course,no,yes,no,telephone,may,fri,8,9,999,0,nonexistent,-1.8,92.89299999999999,-46.2,1.25,5099.1,no
32,admin.,single,university.degree,no,no,no,cellular,may,fri,24,7,999,0,nonexistent,-1.8,92.89299999999999,-46.2,1.25,5099.1,no
38,blue-collar,married,basic.4y,unknown,yes,no,cellular,may,fri,48,4,999,1,failure,-1.8,92.89299999999999,-46.2,1.25,5099.1,no
35,management,single,university.degree,no,yes,no,cellular,may,fri,233,1,999,1,failure,-1.8,92.89299999999999,-46.2,1.25,5099.1,no
30,services,single,high.school,no,yes,no,cellular,may,fri,82,1,999,0,nonexistent,-1.8,92.89299999999999,-46.2,1.25,5099.1,no
37,admin.,single,high.school,no,yes,no,cellular,may,fri,326,5,999,2,failure,-1.8,92.89299999999999,-46.2,1.25,5099.1,yes
52,blue-collar,married,basic.9y,no,yes,no,cellular,may,fri,283,3,999,0,nonexistent,-1.8,92.89299999999999,-46.2,1.25,5099.1,no
30,services,single,high.school,no,yes,no,cellular,may,fri,159,1,999,0,nonexistent,-1.8,92.89299999999999,-46.2,1.25,5099.1,no
47,blue-collar,married,high.school,no,yes,no,cellular,may,fri,58,1,999,1,failure,-1.8,92.89299999999999,-46.2,1.25,5099.1,no
47,blue-collar,married,high.school,no,yes,no,cellular,may,fri,181,1,999,0,nonexistent,-1.8,92.89299999999999,-46.2,1.25,5099.1,no
44,self-employed,married,university.degree,no,yes,no,cellular,may,fri,151,1,999,1,failure,-1.8,92.89299999999999,-46.2,1.25,5099.1,no
45,blue-collar,single,high.school,no,yes,no,cellular,may,fri,146,1,999,0,nonexistent,-1.8,92.89299999999999,-46.2,1.25,5099.1,no
54,services,single,basic.6y,unknown,yes,no,cellular,may,fri,250,1,999,0,nonexistent,-1.8,92.89299999999999,-46.2,1.25,5099.1,no
43,blue-collar,divorced,basic.9y,no,unknown,unknown,cellular,may,fri,148,1,999,0,nonexistent,-1.8,92.89299999999999,-46.2,1.25,5099.1,no
34,housemaid,married,high.school,unknown,yes,no,cellular,may,fri,106,1,999,1,failure,-1.8,92.89299999999999,-46.2,1.25,5099.1,no
50,services,married,high.school,no,yes,yes,cellular,may,fri,44,1,999,0,nonexistent,-1.8,92.89299999999999,-46.2,1.25,5099.1,no
45,blue-collar,single,high.school,no,no,no,cellular,may,fri,358,1,999,0,nonexistent,-1.8,92.89299999999999,-46.2,1.25,5099.1,no
31,blue-collar,married,university.degree,no,yes,no,cellular,may,fri,1286,1,999,0,nonexistent,-1.8,92.89299999999999,-46.2,1.25,5099.1,no
25,blue-collar,single,basic.9y,no,yes,no,cellular,may,fri,73,2,999,0,nonexistent,-1.8,92.89299999999999,-46.2,1.25,5099.1,no
39,self-employed,married,basic.9y,no,yes,no,cellular,may,fri,744,1,999,0,nonexistent,-1.8,92.89299999999999,-46.2,1.25,5099.1,yes
55,management,married,basic.6y,unknown,yes,no,cellular,may,fri,127,1,999,0,nonexistent,-1.8,92.89299999999999,-46.2,1.25,5099.1,no
51,admin.,married,high.school,no,no,yes,cellular,may,fri,55,1,999,1,failure,-1.8,92.89299999999999,-46.2,1.25,5099.1,no
30,entrepreneur,married,high.school,no,yes,yes,cellular,may,fri,485,1,999,0,nonexistent,-1.8,92.89299999999999,-46.2,1.25,5099.1,yes
35,blue-collar,single,basic.4y,no,no,no,cellular,may,fri,12,5,999,0,nonexistent,-1.8,92.89299999999999,-46.2,1.25,5099.1,no
32,blue-collar,single,basic.6y,unknown,yes,no,telephone,may,fri,9,6,999,0,nonexistent,-1.8,92.89299999999999,-46.2,1.25,5099.1,no
37,admin.,married,high.school,no,no,no,cellular,may,fri,123,5,999,0,nonexistent,-1.8,92.89299999999999,-46.2,1.25,5099.1,no
23,blue-collar,single,basic.4y,no,yes,yes,cellular,may,fri,102,7,999,0,nonexistent,-1.8,92.89299999999999,-46.2,1.25,5099.1,no
54,services,single,basic.6y,unknown,no,no,cellular,may,fri,984,1,999,1,failure,-1.8,92.89299999999999,-46.2,1.25,5099.1,no
51,admin.,married,high.school,no,yes,no,cellular,may,fri,514,1,999,0,nonexistent,-1.8,92.89299999999999,-46.2,1.25,5099.1,no
33,technician,divorced,high.school,no,unknown,unknown,cellular,may,fri,224,1,999,0,nonexistent,-1.8,92.89299999999999,-46.2,1.25,5099.1,no
50,admin.,married,professional.course,unknown,yes,yes,cellular,may,fri,151,1,999,0,nonexistent,-1.8,92.89299999999999,-46.2,1.25,5099.1,no
32,admin.,divorced,high.school,no,no,no,cellular,may,fri,25,1,999,0,nonexistent,-1.8,92.89299999999999,-46.2,1.25,5099.1,no
35,admin.,single,high.school,no,yes,no,cellular,may,fri,7,5,999,0,nonexistent,-1.8,92.89299999999999,-46.2,1.25,5099.1,no
37,blue-collar,single,basic.6y,no,yes,no,cellular,may,fri,76,2,999,0,nonexistent,-1.8,92.89299999999999,-46.2,1.25,5099.1,no
29,unemployed,married,university.degree,no,yes,yes,cellular,may,fri,298,1,999,0,nonexistent,-1.8,92.89299999999999,-46.2,1.25,5099.1,no
28,self-employed,single,university.degree,no,no,no,cellular,may,fri,386,1,999,0,nonexistent,-1.8,92.89299999999999,-46.2,1.25,5099.1,no
32,technician,single,university.degree,no,no,no,cellular,may,fri,457,1,999,0,nonexistent,-1.8,92.89299999999999,-46.2,1.25,5099.1,no
32,admin.,single,university.degree,no,yes,no,cellular,may,fri,18,8,999,1,failure,-1.8,92.89299999999999,-46.2,1.25,5099.1,no
32,entrepreneur,married,university.degree,no,unknown,unknown,cellular,may,fri,416,1,999,0,nonexistent,-1.8,92.89299999999999,-46.2,1.25,5099.1,yes
44,management,married,university.degree,no,no,no,cellular,may,fri,262,2,999,0,nonexistent,-1.8,92.89299999999999,-46.2,1.25,5099.1,no
31,services,single,professional.course,no,yes,no,cellular,may,fri,22,5,999,0,nonexistent,-1.8,92.89299999999999,-46.2,1.25,5099.1,no
30,management,single,university.degree,no,yes,no,cellular,may,fri,637,1,999,0,nonexistent,-1.8,92.89299999999999,-46.2,1.25,5099.1,yes
39,admin.,married,university.degree,no,yes,no,cellular,may,fri,45,1,999,0,nonexistent,-1.8,92.89299999999999,-46.2,1.25,5099.1,no
55,housemaid,married,high.school,unknown,yes,no,cellular,may,fri,14,8,999,2,failure,-1.8,92.89299999999999,-46.2,1.25,5099.1,no
28,services,single,basic.9y,unknown,yes,no,telephone,may,fri,59,3,999,0,nonexistent,-1.8,92.89299999999999,-46.2,1.25,5099.1,no
24,services,single,high.school,no,yes,no,cellular,may,fri,34,7,999,0,nonexistent,-1.8,92.89299999999999,-46.2,1.25,5099.1,no
39,admin.,married,university.degree,no,no,no,cellular,may,fri,272,1,999,0,nonexistent,-1.8,92.89299999999999,-46.2,1.25,5099.1,no
29,admin.,single,high.school,no,no,yes,cellular,may,fri,48,1,999,0,nonexistent,-1.8,92.89299999999999,-46.2,1.25,5099.1,no
39,admin.,married,university.degree,no,no,no,cellular,may,fri,301,1,999,1,failure,-1.8,92.89299999999999,-46.2,1.25,5099.1,no
53,admin.,divorced,basic.9y,no,no,yes,cellular,may,fri,164,1,999,0,nonexistent,-1.8,92.89299999999999,-46.2,1.25,5099.1,no
23,blue-collar,single,basic.4y,no,yes,no,cellular,may,fri,523,2,999,0,nonexistent,-1.8,92.89299999999999,-46.2,1.25,5099.1,yes
44,admin.,married,basic.9y,no,yes,no,cellular,may,fri,133,1,999,0,nonexistent,-1.8,92.89299999999999,-46.2,1.25,5099.1,no
31,blue-collar,single,high.school,no,no,no,cellular,may,fri,325,1,999,0,nonexistent,-1.8,92.89299999999999,-46.2,1.25,5099.1,no
48,blue-collar,married,basic.9y,no,yes,no,cellular,may,fri,36,1,999,0,nonexistent,-1.8,92.89299999999999,-46.2,1.25,5099.1,no
48,blue-collar,married,basic.9y,no,no,yes,cellular,may,fri,56,1,999,1,failure,-1.8,92.89299999999999,-46.2,1.25,5099.1,no
48,admin.,married,high.school,no,no,no,cellular,may,fri,322,1,999,0,nonexistent,-1.8,92.89299999999999,-46.2,1.25,5099.1,no
48,blue-collar,married,basic.9y,no,no,no,cellular,may,fri,333,1,999,0,nonexistent,-1.8,92.89299999999999,-46.2,1.25,5099.1,no
59,retired,divorced,basic.4y,no,no,no,cellular,may,fri,290,2,999,0,nonexistent,-1.8,92.89299999999999,-46.2,1.25,5099.1,no
59,retired,divorced,basic.4y,no,yes,no,cellular,may,fri,27,5,999,0,nonexistent,-1.8,92.89299999999999,-46.2,1.25,5099.1,no
58,management,married,university.degree,no,yes,yes,cellular,may,fri,256,1,999,0,nonexistent,-1.8,92.89299999999999,-46.2,1.25,5099.1,no
26,technician,single,university.degree,no,yes,yes,cellular,may,fri,173,3,999,0,nonexistent,-1.8,92.89299999999999,-46.2,1.25,5099.1,no
35,blue-collar,single,basic.9y,no,yes,no,cellular,may,fri,134,2,999,0,nonexistent,-1.8,92.89299999999999,-46.2,1.25,5099.1,no
39,technician,married,unknown,no,yes,yes,cellular,may,fri,171,1,999,1,failure,-1.8,92.89299999999999,-46.2,1.25,5099.1,no
39,technician,married,unknown,no,yes,yes,cellular,may,fri,256,1,12,1,success,-1.8,92.89299999999999,-46.2,1.25,5099.1,no
37,services,married,high.school,no,yes,no,telephone,may,fri,26,1,999,1,failure,-1.8,92.89299999999999,-46.2,1.25,5099.1,no
53,services,married,university.degree,no,no,yes,cellular,may,fri,74,2,999,0,nonexistent,-1.8,92.89299999999999,-46.2,1.25,5099.1,no
34,blue-collar,married,basic.4y,unknown,yes,no,cellular,may,fri,285,5,999,0,nonexistent,-1.8,92.89299999999999,-46.2,1.25,5099.1,yes
25,blue-collar,single,basic.6y,unknown,yes,no,cellular,may,fri,109,5,999,0,nonexistent,-1.8,92.89299999999999,-46.2,1.25,5099.1,no
41,blue-collar,married,high.school,no,yes,no,cellular,may,fri,239,1,999,0,nonexistent,-1.8,92.89299999999999,-46.2,1.25,5099.1,no
24,technician,single,basic.9y,no,yes,no,cellular,may,fri,109,11,999,0,nonexistent,-1.8,92.89299999999999,-46.2,1.25,5099.1,no
32,blue-collar,single,basic.6y,unknown,no,no,cellular,may,fri,19,6,999,0,nonexistent,-1.8,92.89299999999999,-46.2,1.25,5099.1,no
57,management,married,basic.4y,unknown,yes,no,cellular,may,fri,10,5,999,1,failure,-1.8,92.89299999999999,-46.2,1.25,5099.1,no
37,blue-collar,married,basic.4y,no,yes,no,cellular,may,fri,178,2,999,0,nonexistent,-1.8,92.89299999999999,-46.2,1.25,5099.1,no
31,technician,single,unknown,no,no,yes,cellular,may,fri,7,6,999,0,nonexistent,-1.8,92.89299999999999,-46.2,1.25,5099.1,no
34,blue-collar,single,high.school,no,no,no,telephone,may,fri,71,5,999,1,failure,-1.8,92.89299999999999,-46.2,1.25,5099.1,no
33,admin.,single,high.school,no,no,no,cellular,may,fri,16,9,999,1,failure,-1.8,92.89299999999999,-46.2,1.25,5099.1,no
53,services,married,university.degree,no,no,no,telephone,may,fri,45,2,999,0,nonexistent,-1.8,92.89299999999999,-46.2,1.25,5099.1,no
37,admin.,married,high.school,no,yes,no,cellular,may,fri,22,6,999,0,nonexistent,-1.8,92.89299999999999,-46.2,1.25,5099.1,no
41,entrepreneur,divorced,unknown,no,no,no,cellular,may,fri,536,2,999,0,nonexistent,-1.8,92.89299999999999,-46.2,1.25,5099.1,yes
29,admin.,single,high.school,no,yes,no,cellular,may,fri,792,2,999,1,failure,-1.8,92.89299999999999,-46.2,1.25,5099.1,yes
30,technician,married,basic.9y,no,yes,no,cellular,may,fri,41,1,999,0,nonexistent,-1.8,92.89299999999999,-46.2,1.25,5099.1,no
47,services,married,high.school,no,yes,no,cellular,may,fri,142,1,999,0,nonexistent,-1.8,92.89299999999999,-46.2,1.25,5099.1,no
53,admin.,married,high.school,no,yes,no,cellular,may,fri,45,1,999,0,nonexistent,-1.8,92.89299999999999,-46.2,1.25,5099.1,no
33,services,married,high.school,no,unknown,unknown,cellular,may,fri,333,1,999,1,failure,-1.8,92.89299999999999,-46.2,1.25,5099.1,no
31,technician,married,professional.course,no,no,no,cellular,may,fri,166,2,999,0,nonexistent,-1.8,92.89299999999999,-46.2,1.25,5099.1,no
41,management,married,university.degree,no,yes,no,cellular,may,fri,100,1,999,0,nonexistent,-1.8,92.89299999999999,-46.2,1.25,5099.1,no
36,management,divorced,university.degree,no,unknown,unknown,cellular,may,fri,423,1,999,0,nonexistent,-1.8,92.89299999999999,-46.2,1.25,5099.1,no
53,admin.,married,high.school,no,yes,no,cellular,may,fri,358,1,999,1,failure,-1.8,92.89299999999999,-46.2,1.25,5099.1,no
34,services,divorced,high.school,no,yes,no,cellular,may,fri,84,1,999,0,nonexistent,-1.8,92.89299999999999,-46.2,1.25,5099.1,no
34,services,divorced,high.school,no,no,no,cellular,may,fri,66,1,999,0,nonexistent,-1.8,92.89299999999999,-46.2,1.25,5099.1,no
29,services,single,basic.9y,no,yes,no,cellular,may,fri,79,2,999,1,failure,-1.8,92.89299999999999,-46.2,1.25,5099.1,no
33,blue-collar,married,professional.course,no,yes,no,cellular,may,fri,669,1,999,1,failure,-1.8,92.89299999999999,-46.2,1.25,5099.1,yes
53,admin.,married,high.school,no,no,no,cellular,may,fri,456,1,999,0,nonexistent,-1.8,92.89299999999999,-46.2,1.25,5099.1,no
26,services,married,high.school,no,no,yes,cellular,may,fri,676,3,999,0,nonexistent,-1.8,92.89299999999999,-46.2,1.25,5099.1,no
54,blue-collar,married,basic.4y,unknown,no,no,cellular,may,fri,87,1,999,1,failure,-1.8,92.89299999999999,-46.2,1.25,5099.1,no
27,services,single,high.school,no,no,no,cellular,may,fri,472,6,999,1,failure,-1.8,92.89299999999999,-46.2,1.25,5099.1,no
38,services,divorced,high.school,no,no,no,cellular,may,fri,78,1,999,1,failure,-1.8,92.89299999999999,-46.2,1.25,5099.1,no
37,unemployed,married,university.degree,no,yes,no,telephone,may,fri,354,2,999,0,nonexistent,-1.8,92.89299999999999,-46.2,1.25,5099.1,no
36,management,married,university.degree,no,no,no,cellular,may,fri,117,1,999,0,nonexistent,-1.8,92.89299999999999,-46.2,1.25,5099.1,no
32,blue-collar,married,basic.4y,no,no,no,cellular,may,fri,265,7,999,0,nonexistent,-1.8,92.89299999999999,-46.2,1.25,5099.1,no
32,technician,single,university.degree,no,yes,yes,cellular,may,fri,693,5,999,1,failure,-1.8,92.89299999999999,-46.2,1.25,5099.1,yes
32,admin.,single,university.degree,no,yes,no,cellular,may,fri,98,1,999,1,failure,-1.8,92.89299999999999,-46.2,1.25,5099.1,no
30,unemployed,single,high.school,no,no,no,cellular,may,fri,13,11,999,0,nonexistent,-1.8,92.89299999999999,-46.2,1.25,5099.1,no
23,technician,single,professional.course,no,unknown,unknown,cellular,may,fri,14,5,999,0,nonexistent,-1.8,92.89299999999999,-46.2,1.25,5099.1,no
36,management,married,university.degree,no,no,no,cellular,may,fri,268,1,999,0,nonexistent,-1.8,92.89299999999999,-46.2,1.25,5099.1,no
32,admin.,single,high.school,no,no,no,cellular,may,fri,144,2,999,0,nonexistent,-1.8,92.89299999999999,-46.2,1.25,5099.1,no
49,entrepreneur,divorced,basic.9y,no,no,no,cellular,may,fri,166,1,999,0,nonexistent,-1.8,92.89299999999999,-46.2,1.25,5099.1,no
31,admin.,single,university.degree,no,yes,yes,cellular,may,fri,138,4,999,1,failure,-1.8,92.89299999999999,-46.2,1.25,5099.1,no
30,technician,single,professional.course,no,no,no,cellular,may,fri,1015,1,999,0,nonexistent,-1.8,92.89299999999999,-46.2,1.25,5099.1,yes
54,blue-collar,married,basic.4y,no,yes,yes,cellular,may,fri,192,1,999,1,failure,-1.8,92.89299999999999,-46.2,1.25,5099.1,no
43,management,married,university.degree,no,yes,no,cellular,may,fri,663,1,999,0,nonexistent,-1.8,92.89299999999999,-46.2,1.25,5099.1,yes
44,entrepreneur,single,university.degree,no,yes,no,cellular,may,fri,210,2,999,0,nonexistent,-1.8,92.89299999999999,-46.2,1.25,5099.1,no
38,services,married,basic.6y,unknown,yes,no,cellular,may,fri,119,1,999,0,nonexistent,-1.8,92.89299999999999,-46.2,1.25,5099.1,no
54,retired,divorced,university.degree,no,yes,no,cellular,may,fri,133,1,999,0,nonexistent,-1.8,92.89299999999999,-46.2,1.25,5099.1,no
48,services,married,basic.9y,unknown,no,no,cellular,may,fri,18,8,999,0,nonexistent,-1.8,92.89299999999999,-46.2,1.25,5099.1,no
33,blue-collar,married,basic.9y,unknown,yes,no,cellular,may,fri,8,4,999,0,nonexistent,-1.8,92.89299999999999,-46.2,1.25,5099.1,no
54,retired,divorced,university.degree,no,yes,yes,cellular,may,fri,261,1,999,0,nonexistent,-1.8,92.89299999999999,-46.2,1.25,5099.1,no
37,services,married,high.school,no,yes,no,cellular,may,fri,81,2,999,1,failure,-1.8,92.89299999999999,-46.2,1.25,5099.1,no
30,services,single,high.school,no,yes,no,cellular,may,fri,65,2,999,0,nonexistent,-1.8,92.89299999999999,-46.2,1.25,5099.1,no
29,technician,single,university.degree,no,yes,yes,cellular,may,fri,437,3,999,0,nonexistent,-1.8,92.89299999999999,-46.2,1.25,5099.1,yes
45,retired,married,basic.6y,unknown,no,yes,cellular,may,fri,102,1,999,1,failure,-1.8,92.89299999999999,-46.2,1.25,5099.1,no
34,admin.,single,high.school,no,yes,no,cellular,may,fri,217,6,999,1,failure,-1.8,92.89299999999999,-46.2,1.25,5099.1,no
37,blue-collar,married,basic.6y,no,no,no,cellular,may,fri,63,3,999,1,failure,-1.8,92.89299999999999,-46.2,1.25,5099.1,no
34,services,divorced,high.school,no,yes,yes,cellular,may,fri,562,2,999,0,nonexistent,-1.8,92.89299999999999,-46.2,1.25,5099.1,yes
32,services,single,unknown,no,yes,no,cellular,may,fri,189,3,999,0,nonexistent,-1.8,92.89299999999999,-46.2,1.25,5099.1,no
27,services,single,high.school,no,no,no,cellular,may,fri,212,4,999,0,nonexistent,-1.8,92.89299999999999,-46.2,1.25,5099.1,no
35,admin.,married,high.school,unknown,yes,no,cellular,may,fri,500,2,999,1,failure,-1.8,92.89299999999999,-46.2,1.25,5099.1,no
39,blue-collar,divorced,high.school,unknown,no,yes,cellular,may,fri,172,2,999,1,failure,-1.8,92.89299999999999,-46.2,1.25,5099.1,no
37,technician,single,professional.course,no,no,yes,cellular,may,fri,20,6,999,0,nonexistent,-1.8,92.89299999999999,-46.2,1.25,5099.1,no
36,technician,divorced,professional.course,no,unknown,unknown,cellular,may,fri,327,3,999,1,failure,-1.8,92.89299999999999,-46.2,1.25,5099.1,no
34,admin.,married,university.degree,no,no,no,cellular,may,fri,16,7,999,0,nonexistent,-1.8,92.89299999999999,-46.2,1.25,5099.1,no
39,admin.,married,university.degree,no,yes,no,cellular,may,fri,894,2,999,1,failure,-1.8,92.89299999999999,-46.2,1.25,5099.1,no
42,services,married,basic.9y,no,yes,no,cellular,may,fri,152,1,999,1,failure,-1.8,92.89299999999999,-46.2,1.25,5099.1,no
45,self-employed,divorced,university.degree,no,yes,no,cellular,may,fri,116,1,999,0,nonexistent,-1.8,92.89299999999999,-46.2,1.25,5099.1,no
45,self-employed,divorced,university.degree,no,no,yes,cellular,may,fri,133,1,999,0,nonexistent,-1.8,92.89299999999999,-46.2,1.25,5099.1,no
35,admin.,married,high.school,unknown,no,no,cellular,may,fri,585,1,999,0,nonexistent,-1.8,92.89299999999999,-46.2,1.25,5099.1,yes
42,management,married,university.degree,no,yes,no,cellular,may,fri,95,1,999,0,nonexistent,-1.8,92.89299999999999,-46.2,1.25,5099.1,no
23,admin.,single,professional.course,no,no,no,cellular,may,fri,564,3,999,0,nonexistent,-1.8,92.89299999999999,-46.2,1.25,5099.1,no
53,technician,divorced,professional.course,no,yes,no,cellular,may,fri,188,1,999,1,failure,-1.8,92.89299999999999,-46.2,1.25,5099.1,no
22,services,married,high.school,no,yes,no,cellular,may,fri,48,7,999,0,nonexistent,-1.8,92.89299999999999,-46.2,1.25,5099.1,no
27,blue-collar,married,unknown,unknown,yes,no,cellular,may,fri,79,4,999,0,nonexistent,-1.8,92.89299999999999,-46.2,1.25,5099.1,no
40,management,divorced,university.degree,no,no,no,cellular,may,fri,342,2,999,0,nonexistent,-1.8,92.89299999999999,-46.2,1.25,5099.1,no
25,blue-collar,single,basic.9y,no,no,no,cellular,may,fri,170,2,999,0,nonexistent,-1.8,92.89299999999999,-46.2,1.25,5099.1,no
28,admin.,single,university.degree,no,yes,no,cellular,may,fri,119,4,999,1,failure,-1.8,92.89299999999999,-46.2,1.25,5099.1,no
36,technician,married,high.school,no,yes,yes,cellular,may,fri,659,1,999,0,nonexistent,-1.8,92.89299999999999,-46.2,1.25,5099.1,yes
39,technician,divorced,high.school,no,yes,no,telephone,may,fri,15,11,999,0,nonexistent,-1.8,92.89299999999999,-46.2,1.25,5099.1,no
35,blue-collar,married,basic.6y,no,yes,no,cellular,may,fri,265,1,999,0,nonexistent,-1.8,92.89299999999999,-46.2,1.25,5099.1,no
27,services,single,high.school,unknown,no,no,cellular,may,fri,54,5,999,0,nonexistent,-1.8,92.89299999999999,-46.2,1.25,5099.1,no
39,management,married,university.degree,no,yes,no,cellular,may,fri,837,1,999,0,nonexistent,-1.8,92.89299999999999,-46.2,1.25,5099.1,yes
36,services,divorced,university.degree,no,no,no,cellular,may,fri,67,4,999,1,failure,-1.8,92.89299999999999,-46.2,1.25,5099.1,no
58,blue-collar,married,basic.9y,no,yes,no,cellular,may,fri,77,4,999,0,nonexistent,-1.8,92.89299999999999,-46.2,1.25,5099.1,no
25,blue-collar,single,basic.6y,no,yes,no,cellular,may,fri,358,7,999,0,nonexistent,-1.8,92.89299999999999,-46.2,1.25,5099.1,no
32,technician,single,professional.course,no,no,no,cellular,may,fri,303,2,999,1,failure,-1.8,92.89299999999999,-46.2,1.25,5099.1,no
47,services,divorced,high.school,no,yes,no,cellular,may,fri,47,3,999,0,nonexistent,-1.8,92.89299999999999,-46.2,1.25,5099.1,no
37,services,married,high.school,no,no,no,cellular,may,fri,228,2,999,0,nonexistent,-1.8,92.89299999999999,-46.2,1.25,5099.1,no
35,blue-collar,married,basic.6y,no,yes,no,cellular,may,fri,832,1,999,1,failure,-1.8,92.89299999999999,-46.2,1.25,5099.1,yes
54,management,married,university.degree,no,no,no,cellular,may,fri,169,1,999,1,failure,-1.8,92.89299999999999,-46.2,1.25,5099.1,no
41,services,married,basic.6y,no,yes,no,cellular,may,fri,394,10,999,0,nonexistent,-1.8,92.89299999999999,-46.2,1.25,5099.1,no
44,management,married,university.degree,no,no,no,cellular,may,fri,1380,1,999,0,nonexistent,-1.8,92.89299999999999,-46.2,1.25,5099.1,no
31,unemployed,married,basic.9y,no,yes,no,cellular,may,fri,201,3,10,1,success,-1.8,92.89299999999999,-46.2,1.25,5099.1,no
37,services,married,basic.6y,unknown,yes,no,cellular,may,fri,679,1,999,1,failure,-1.8,92.89299999999999,-46.2,1.25,5099.1,yes
57,blue-collar,married,basic.9y,no,no,no,cellular,may,fri,199,2,999,0,nonexistent,-1.8,92.89299999999999,-46.2,1.25,5099.1,no
27,blue-collar,married,basic.9y,no,yes,yes,cellular,may,fri,58,3,999,0,nonexistent,-1.8,92.89299999999999,-46.2,1.25,5099.1,no
51,blue-collar,married,basic.9y,unknown,yes,no,cellular,may,fri,495,1,999,0,nonexistent,-1.8,92.89299999999999,-46.2,1.25,5099.1,no
54,blue-collar,married,basic.4y,no,no,yes,cellular,may,fri,139,2,999,0,nonexistent,-1.8,92.89299999999999,-46.2,1.25,5099.1,no
44,blue-collar,married,basic.4y,no,no,no,cellular,may,fri,82,2,999,1,failure,-1.8,92.89299999999999,-46.2,1.25,5099.1,no
29,unemployed,married,university.degree,no,yes,no,cellular,may,fri,317,1,999,0,nonexistent,-1.8,92.89299999999999,-46.2,1.25,5099.1,yes
51,blue-collar,married,basic.9y,unknown,no,no,cellular,may,fri,830,1,999,1,failure,-1.8,92.89299999999999,-46.2,1.25,5099.1,yes
48,admin.,married,high.school,unknown,yes,no,cellular,may,fri,611,5,999,0,nonexistent,-1.8,92.89299999999999,-46.2,1.25,5099.1,yes
30,blue-collar,single,high.school,no,yes,yes,cellular,may,fri,86,2,999,1,failure,-1.8,92.89299999999999,-46.2,1.25,5099.1,no
58,admin.,married,basic.4y,unknown,no,yes,cellular,may,fri,186,2,999,0,nonexistent,-1.8,92.89299999999999,-46.2,1.25,5099.1,no
31,admin.,single,university.degree,no,no,no,cellular,may,fri,229,2,999,0,nonexistent,-1.8,92.89299999999999,-46.2,1.25,5099.1,no
39,admin.,married,university.degree,no,yes,no,cellular,may,fri,175,1,999,0,nonexistent,-1.8,92.89299999999999,-46.2,1.25,5099.1,no
32,blue-collar,married,professional.course,no,yes,no,cellular,may,fri,757,1,999,1,failure,-1.8,92.89299999999999,-46.2,1.25,5099.1,no
33,services,married,high.school,no,yes,no,cellular,may,fri,521,2,999,0,nonexistent,-1.8,92.89299999999999,-46.2,1.25,5099.1,no
54,entrepreneur,married,high.school,no,yes,no,cellular,may,fri,264,1,999,1,failure,-1.8,92.89299999999999,-46.2,1.25,5099.1,no
20,blue-collar,single,basic.9y,unknown,yes,no,telephone,may,fri,87,4,999,0,nonexistent,-1.8,92.89299999999999,-46.2,1.25,5099.1,no
52,admin.,married,university.degree,no,yes,no,cellular,may,fri,401,1,999,0,nonexistent,-1.8,92.89299999999999,-46.2,1.25,5099.1,no
60,admin.,divorced,high.school,unknown,yes,no,cellular,may,fri,301,1,999,0,nonexistent,-1.8,92.89299999999999,-46.2,1.25,5099.1,no
41,management,married,university.degree,no,yes,no,cellular,may,fri,13,2,999,0,nonexistent,-1.8,92.89299999999999,-46.2,1.25,5099.1,no
27,technician,divorced,unknown,unknown,no,no,cellular,may,fri,184,4,999,0,nonexistent,-1.8,92.89299999999999,-46.2,1.25,5099.1,no
33,services,single,university.degree,no,no,no,cellular,may,fri,200,5,999,0,nonexistent,-1.8,92.89299999999999,-46.2,1.25,5099.1,no
42,services,married,basic.9y,no,no,no,cellular,may,fri,42,2,999,1,failure,-1.8,92.89299999999999,-46.2,1.25,5099.1,no
27,blue-collar,single,basic.9y,no,no,no,cellular,may,fri,167,2,999,1,failure,-1.8,92.89299999999999,-46.2,1.25,5099.1,no
26,technician,single,professional.course,no,yes,no,cellular,may,fri,11,7,999,0,nonexistent,-1.8,92.89299999999999,-46.2,1.25,5099.1,no
29,admin.,single,high.school,no,no,no,cellular,may,fri,167,4,999,0,nonexistent,-1.8,92.89299999999999,-46.2,1.25,5099.1,no
30,management,married,university.degree,no,no,no,cellular,may,fri,173,4,999,0,nonexistent,-1.8,92.89299999999999,-46.2,1.25,5099.1,no
42,admin.,married,basic.9y,unknown,yes,no,cellular,may,fri,98,2,999,1,failure,-1.8,92.89299999999999,-46.2,1.25,5099.1,no
37,admin.,single,high.school,no,no,no,cellular,may,fri,165,3,999,0,nonexistent,-1.8,92.89299999999999,-46.2,1.25,5099.1,no
24,blue-collar,single,high.school,no,yes,no,cellular,may,fri,858,3,999,0,nonexistent,-1.8,92.89299999999999,-46.2,1.25,5099.1,yes
39,blue-collar,married,basic.6y,unknown,no,no,cellular,may,fri,173,2,999,0,nonexistent,-1.8,92.89299999999999,-46.2,1.25,5099.1,no
34,blue-collar,married,professional.course,no,yes,no,cellular,may,fri,406,4,999,1,failure,-1.8,92.89299999999999,-46.2,1.25,5099.1,no
24,services,married,high.school,unknown,yes,no,cellular,may,fri,1012,3,999,0,nonexistent,-1.8,92.89299999999999,-46.2,1.25,5099.1,yes
37,admin.,single,high.school,no,no,no,cellular,may,fri,13,11,999,0,nonexistent,-1.8,92.89299999999999,-46.2,1.25,5099.1,no
37,admin.,divorced,high.school,no,yes,yes,cellular,may,fri,73,2,999,0,nonexistent,-1.8,92.89299999999999,-46.2,1.25,5099.1,no
32,blue-collar,married,professional.course,no,yes,no,cellular,may,fri,160,2,999,0,nonexistent,-1.8,92.89299999999999,-46.2,1.25,5099.1,no
32,technician,single,university.degree,no,no,yes,cellular,may,fri,137,2,999,1,failure,-1.8,92.89299999999999,-46.2,1.25,5099.1,no
44,blue-collar,married,basic.6y,no,no,no,cellular,may,fri,611,2,999,0,nonexistent,-1.8,92.89299999999999,-46.2,1.25,5099.1,yes
29,blue-collar,single,basic.4y,no,yes,no,cellular,may,fri,13,9,999,1,failure,-1.8,92.89299999999999,-46.2,1.25,5099.1,no
28,blue-collar,single,basic.9y,unknown,yes,no,cellular,may,fri,219,6,999,0,nonexistent,-1.8,92.89299999999999,-46.2,1.25,5099.1,no
34,services,married,high.school,no,yes,no,cellular,may,fri,320,3,999,1,failure,-1.8,92.89299999999999,-46.2,1.25,5099.1,no
44,blue-collar,married,high.school,no,yes,no,cellular,may,fri,223,2,999,1,failure,-1.8,92.89299999999999,-46.2,1.25,5099.1,no
48,blue-collar,married,basic.9y,no,yes,no,cellular,may,fri,57,2,999,1,failure,-1.8,92.89299999999999,-46.2,1.25,5099.1,no
59,technician,married,unknown,unknown,no,no,cellular,may,fri,739,2,999,1,failure,-1.8,92.89299999999999,-46.2,1.25,5099.1,no
58,management,married,university.degree,no,yes,no,cellular,may,fri,109,2,12,1,success,-1.8,92.89299999999999,-46.2,1.25,5099.1,no
53,blue-collar,married,professional.course,no,yes,no,cellular,may,fri,221,4,999,0,nonexistent,-1.8,92.89299999999999,-46.2,1.25,5099.1,no
45,entrepreneur,divorced,university.degree,no,unknown,unknown,cellular,may,fri,61,2,999,0,nonexistent,-1.8,92.89299999999999,-46.2,1.25,5099.1,no
46,blue-collar,married,basic.4y,unknown,yes,no,cellular,may,fri,124,3,999,0,nonexistent,-1.8,92.89299999999999,-46.2,1.25,5099.1,no
21,student,single,high.school,unknown,no,no,cellular,may,fri,885,3,999,0,nonexistent,-1.8,92.89299999999999,-46.2,1.25,5099.1,yes
28,self-employed,married,basic.9y,no,yes,no,cellular,may,fri,1111,5,999,0,nonexistent,-1.8,92.89299999999999,-46.2,1.25,5099.1,yes
24,technician,single,university.degree,no,yes,no,cellular,may,fri,117,4,999,0,nonexistent,-1.8,92.89299999999999,-46.2,1.25,5099.1,no
58,services,married,basic.6y,no,yes,no,cellular,may,fri,44,2,999,0,nonexistent,-1.8,92.89299999999999,-46.2,1.25,5099.1,no
30,services,single,high.school,no,yes,no,cellular,may,fri,187,11,999,0,nonexistent,-1.8,92.89299999999999,-46.2,1.25,5099.1,no
23,blue-collar,married,high.school,no,yes,no,cellular,may,fri,50,5,999,0,nonexistent,-1.8,92.89299999999999,-46.2,1.25,5099.1,no
32,blue-collar,married,unknown,no,no,no,cellular,may,fri,76,2,999,0,nonexistent,-1.8,92.89299999999999,-46.2,1.25,5099.1,no
31,unemployed,single,high.school,no,no,no,cellular,may,fri,10,2,999,0,nonexistent,-1.8,92.89299999999999,-46.2,1.25,5099.1,no
41,admin.,married,high.school,unknown,no,no,cellular,may,fri,270,3,999,0,nonexistent,-1.8,92.89299999999999,-46.2,1.25,5099.1,no
29,admin.,single,basic.6y,no,yes,no,cellular,may,fri,135,3,999,1,failure,-1.8,92.89299999999999,-46.2,1.25,5099.1,no
31,services,single,high.school,no,yes,no,telephone,may,fri,31,9,999,0,nonexistent,-1.8,92.89299999999999,-46.2,1.25,5099.1,no
29,blue-collar,single,basic.9y,no,no,no,cellular,may,fri,239,2,999,0,nonexistent,-1.8,92.89299999999999,-46.2,1.25,5099.1,no
41,blue-collar,married,high.school,no,yes,no,cellular,may,fri,150,3,999,0,nonexistent,-1.8,92.89299999999999,-46.2,1.25,5099.1,no
24,technician,single,professional.course,no,no,no,cellular,may,fri,582,2,999,0,nonexistent,-1.8,92.89299999999999,-46.2,1.25,5099.1,no
41,blue-collar,divorced,basic.4y,no,no,no,cellular,may,fri,709,5,999,0,nonexistent,-1.8,92.89299999999999,-46.2,1.25,5099.1,yes
29,blue-collar,divorced,high.school,no,no,no,cellular,may,fri,199,2,999,1,failure,-1.8,92.89299999999999,-46.2,1.25,5099.1,no
30,services,married,high.school,no,no,no,cellular,may,fri,61,3,999,0,nonexistent,-1.8,92.89299999999999,-46.2,1.25,5099.1,no
49,management,married,university.degree,no,no,no,cellular,may,fri,20,6,999,0,nonexistent,-1.8,92.89299999999999,-46.2,1.25,5099.1,no
32,technician,single,professional.course,no,yes,no,cellular,may,fri,152,5,999,0,nonexistent,-1.8,92.89299999999999,-46.2,1.25,5099.1,no
26,blue-collar,single,basic.9y,no,yes,yes,cellular,may,fri,245,9,999,1,failure,-1.8,92.89299999999999,-46.2,1.25,5099.1,no
24,technician,single,professional.course,no,no,yes,cellular,may,fri,23,8,999,0,nonexistent,-1.8,92.89299999999999,-46.2,1.25,5099.1,no
32,technician,single,university.degree,unknown,yes,no,cellular,may,fri,297,3,999,0,nonexistent,-1.8,92.89299999999999,-46.2,1.25,5099.1,no
55,blue-collar,married,professional.course,no,yes,yes,cellular,may,fri,197,3,999,1,failure,-1.8,92.89299999999999,-46.2,1.25,5099.1,no
28,blue-collar,single,basic.6y,no,yes,yes,cellular,may,fri,63,8,999,0,nonexistent,-1.8,92.89299999999999,-46.2,1.25,5099.1,no
23,services,single,high.school,no,yes,no,cellular,may,fri,103,5,999,0,nonexistent,-1.8,92.89299999999999,-46.2,1.25,5099.1,no
26,blue-collar,married,basic.9y,unknown,yes,no,cellular,may,fri,11,8,999,0,nonexistent,-1.8,92.89299999999999,-46.2,1.25,5099.1,no
49,entrepreneur,divorced,basic.9y,no,yes,no,cellular,may,fri,427,2,999,0,nonexistent,-1.8,92.89299999999999,-46.2,1.25,5099.1,no
46,admin.,married,high.school,no,yes,yes,cellular,may,fri,80,3,999,0,nonexistent,-1.8,92.89299999999999,-46.2,1.25,5099.1,no
30,services,single,high.school,no,yes,yes,cellular,may,fri,255,2,999,0,nonexistent,-1.8,92.89299999999999,-46.2,1.25,5099.1,no
34,technician,single,professional.course,no,yes,no,cellular,may,fri,8,2,999,1,failure,-1.8,92.89299999999999,-46.2,1.25,5099.1,no
32,admin.,single,high.school,no,no,yes,cellular,may,fri,284,15,999,0,nonexistent,-1.8,92.89299999999999,-46.2,1.25,5099.1,no
56,entrepreneur,married,university.degree,no,yes,yes,cellular,may,fri,536,2,999,0,nonexistent,-1.8,92.89299999999999,-46.2,1.25,5099.1,no
54,retired,divorced,university.degree,no,yes,no,cellular,may,fri,193,2,999,0,nonexistent,-1.8,92.89299999999999,-46.2,1.25,5099.1,no
30,technician,single,high.school,no,yes,yes,cellular,may,fri,124,2,999,1,failure,-1.8,92.89299999999999,-46.2,1.25,5099.1,no
31,self-employed,divorced,basic.9y,no,yes,no,cellular,may,fri,12,10,999,1,failure,-1.8,92.89299999999999,-46.2,1.25,5099.1,no
23,blue-collar,single,professional.course,no,yes,yes,cellular,may,fri,134,5,999,0,nonexistent,-1.8,92.89299999999999,-46.2,1.25,5099.1,no
32,technician,married,professional.course,no,yes,yes,cellular,may,fri,10,7,999,0,nonexistent,-1.8,92.89299999999999,-46.2,1.25,5099.1,no
37,services,divorced,basic.4y,no,no,no,cellular,may,fri,17,8,999,0,nonexistent,-1.8,92.89299999999999,-46.2,1.25,5099.1,no
32,technician,single,professional.course,no,yes,no,cellular,may,fri,212,3,999,0,nonexistent,-1.8,92.89299999999999,-46.2,1.25,5099.1,no
29,admin.,single,high.school,no,unknown,unknown,cellular,may,fri,43,8,999,1,failure,-1.8,92.89299999999999,-46.2,1.25,5099.1,no
39,admin.,married,university.degree,no,yes,no,cellular,may,fri,364,2,999,0,nonexistent,-1.8,92.89299999999999,-46.2,1.25,5099.1,no
44,admin.,married,high.school,no,no,no,cellular,may,fri,14,3,999,0,nonexistent,-1.8,92.89299999999999,-46.2,1.25,5099.1,no
33,blue-collar,married,basic.9y,unknown,no,no,telephone,may,fri,134,9,999,0,nonexistent,-1.8,92.89299999999999,-46.2,1.25,5099.1,no
25,services,single,high.school,no,no,no,cellular,may,fri,21,2,999,0,nonexistent,-1.8,92.89299999999999,-46.2,1.25,5099.1,no
28,self-employed,married,basic.9y,no,yes,no,cellular,may,fri,144,5,999,0,nonexistent,-1.8,92.89299999999999,-46.2,1.25,5099.1,no
36,management,married,university.degree,no,yes,yes,telephone,may,fri,16,3,999,0,nonexistent,-1.8,92.89299999999999,-46.2,1.25,5099.1,no
23,admin.,single,high.school,no,no,no,cellular,may,fri,13,8,999,0,nonexistent,-1.8,92.89299999999999,-46.2,1.25,5099.1,no
60,retired,divorced,high.school,unknown,no,no,cellular,may,fri,781,4,999,2,failure,-1.8,92.89299999999999,-46.2,1.25,5099.1,no
34,blue-collar,married,professional.course,no,yes,yes,cellular,may,fri,128,3,999,0,nonexistent,-1.8,92.89299999999999,-46.2,1.25,5099.1,no
32,self-employed,single,high.school,no,yes,yes,cellular,may,fri,67,2,999,0,nonexistent,-1.8,92.89299999999999,-46.2,1.25,5099.1,no
27,technician,single,professional.course,no,no,no,cellular,may,fri,411,6,999,1,failure,-1.8,92.89299999999999,-46.2,1.25,5099.1,no
27,admin.,single,basic.6y,no,yes,no,telephone,may,fri,195,4,999,0,nonexistent,-1.8,92.89299999999999,-46.2,1.25,5099.1,no
34,admin.,single,high.school,no,no,yes,telephone,may,fri,74,5,999,0,nonexistent,-1.8,92.89299999999999,-46.2,1.25,5099.1,no
20,technician,single,professional.course,unknown,no,no,cellular,may,fri,232,2,999,0,nonexistent,-1.8,92.89299999999999,-46.2,1.25,5099.1,no
34,admin.,married,high.school,no,yes,no,cellular,may,fri,340,2,999,1,failure,-1.8,92.89299999999999,-46.2,1.25,5099.1,no
34,blue-collar,divorced,basic.9y,no,yes,no,telephone,may,fri,350,8,999,1,failure,-1.8,92.89299999999999,-46.2,1.25,5099.1,no
49,self-employed,married,high.school,no,no,no,cellular,may,fri,309,3,999,0,nonexistent,-1.8,92.89299999999999,-46.2,1.25,5099.1,no
39,technician,single,high.school,no,no,no,cellular,may,fri,12,5,999,0,nonexistent,-1.8,92.89299999999999,-46.2,1.25,5099.1,no
51,blue-collar,single,illiterate,unknown,yes,no,cellular,may,fri,259,3,999,0,nonexistent,-1.8,92.89299999999999,-46.2,1.25,5099.1,no
29,admin.,single,university.degree,no,yes,no,cellular,may,fri,223,5,999,0,nonexistent,-1.8,92.89299999999999,-46.2,1.25,5099.1,no
29,technician,single,university.degree,no,yes,yes,cellular,may,fri,215,2,999,0,nonexistent,-1.8,92.89299999999999,-46.2,1.25,5099.1,no
31,admin.,single,basic.9y,no,yes,yes,cellular,may,fri,156,4,999,0,nonexistent,-1.8,92.89299999999999,-46.2,1.25,5099.1,no
26,blue-collar,single,basic.9y,no,no,no,cellular,may,fri,59,3,999,0,nonexistent,-1.8,92.89299999999999,-46.2,1.25,5099.1,no
29,admin.,single,university.degree,unknown,yes,no,cellular,may,fri,104,10,999,0,nonexistent,-1.8,92.89299999999999,-46.2,1.25,5099.1,no
30,admin.,single,university.degree,no,no,no,telephone,may,fri,49,3,999,0,nonexistent,-1.8,92.89299999999999,-46.2,1.25,5099.1,no
37,services,divorced,basic.4y,no,no,no,cellular,may,fri,167,3,999,0,nonexistent,-1.8,92.89299999999999,-46.2,1.25,5099.1,no
28,blue-collar,single,basic.9y,no,yes,no,cellular,may,fri,113,6,999,0,nonexistent,-1.8,92.89299999999999,-46.2,1.25,5099.1,no
51,admin.,married,high.school,no,yes,yes,cellular,may,fri,1002,4,999,0,nonexistent,-1.8,92.89299999999999,-46.2,1.25,5099.1,yes
21,student,single,university.degree,no,yes,no,cellular,may,fri,48,2,999,0,nonexistent,-1.8,92.89299999999999,-46.2,1.25,5099.1,no
30,technician,married,basic.9y,no,yes,no,cellular,may,fri,54,2,999,0,nonexistent,-1.8,92.89299999999999,-46.2,1.25,5099.1,no
24,services,single,high.school,no,yes,yes,cellular,may,fri,20,5,999,0,nonexistent,-1.8,92.89299999999999,-46.2,1.25,5099.1,no
43,admin.,married,high.school,no,no,no,cellular,may,fri,880,4,999,0,nonexistent,-1.8,92.89299999999999,-46.2,1.25,5099.1,yes
35,blue-collar,married,basic.6y,no,no,no,cellular,may,fri,69,3,999,1,failure,-1.8,92.89299999999999,-46.2,1.25,5099.1,no
33,blue-collar,married,basic.6y,no,no,no,cellular,may,fri,218,4,999,0,nonexistent,-1.8,92.89299999999999,-46.2,1.25,5099.1,no
50,blue-collar,married,basic.6y,no,yes,no,cellular,may,fri,18,6,999,0,nonexistent,-1.8,92.89299999999999,-46.2,1.25,5099.1,no
27,blue-collar,single,basic.9y,no,yes,no,cellular,may,fri,47,2,999,0,nonexistent,-1.8,92.89299999999999,-46.2,1.25,5099.1,no
41,admin.,single,high.school,no,yes,no,cellular,may,fri,333,2,999,1,failure,-1.8,92.89299999999999,-46.2,1.25,5099.1,no
41,blue-collar,single,basic.9y,no,no,no,cellular,may,fri,102,2,999,1,failure,-1.8,92.89299999999999,-46.2,1.25,5099.1,no
29,admin.,single,high.school,no,no,no,cellular,may,fri,64,3,999,1,failure,-1.8,92.89299999999999,-46.2,1.25,5099.1,no
34,admin.,single,university.degree,no,no,no,cellular,may,fri,101,4,999,1,failure,-1.8,92.89299999999999,-46.2,1.25,5099.1,no
32,admin.,single,university.degree,no,no,no,cellular,may,fri,800,5,999,0,nonexistent,-1.8,92.89299999999999,-46.2,1.25,5099.1,no
37,technician,single,professional.course,no,yes,no,cellular,may,fri,131,3,999,0,nonexistent,-1.8,92.89299999999999,-46.2,1.25,5099.1,no
37,management,married,university.degree,no,no,no,cellular,may,fri,262,2,999,1,failure,-1.8,92.89299999999999,-46.2,1.25,5099.1,no
22,services,single,high.school,no,no,no,cellular,may,fri,51,4,999,0,nonexistent,-1.8,92.89299999999999,-46.2,1.25,5099.1,no
33,blue-collar,divorced,basic.9y,no,yes,yes,cellular,may,fri,208,3,999,0,nonexistent,-1.8,92.89299999999999,-46.2,1.25,5099.1,no
34,technician,single,university.degree,no,no,no,cellular,may,fri,162,2,999,1,failure,-1.8,92.89299999999999,-46.2,1.25,5099.1,no
32,blue-collar,married,basic.9y,no,yes,no,cellular,may,fri,34,11,999,0,nonexistent,-1.8,92.89299999999999,-46.2,1.25,5099.1,no
32,blue-collar,married,basic.9y,no,yes,yes,cellular,may,fri,73,3,999,0,nonexistent,-1.8,92.89299999999999,-46.2,1.25,5099.1,no
49,blue-collar,married,basic.9y,no,no,no,cellular,may,fri,172,2,9,2,failure,-1.8,92.89299999999999,-46.2,1.25,5099.1,no
52,self-employed,divorced,university.degree,no,yes,no,telephone,may,fri,258,3,999,0,nonexistent,-1.8,92.89299999999999,-46.2,1.25,5099.1,no
37,admin.,single,high.school,no,no,yes,cellular,may,fri,71,3,999,1,failure,-1.8,92.89299999999999,-46.2,1.25,5099.1,no
30,blue-collar,single,basic.6y,no,no,no,cellular,may,fri,92,4,999,1,failure,-1.8,92.89299999999999,-46.2,1.25,5099.1,no
57,blue-collar,married,basic.9y,unknown,yes,no,cellular,may,fri,432,3,999,0,nonexistent,-1.8,92.89299999999999,-46.2,1.25,5099.1,no
34,management,divorced,unknown,no,yes,no,cellular,may,fri,200,3,999,1,failure,-1.8,92.89299999999999,-46.2,1.25,5099.1,no
29,blue-collar,married,basic.6y,no,yes,no,cellular,may,fri,69,3,999,1,failure,-1.8,92.89299999999999,-46.2,1.25,5099.1,no
33,entrepreneur,married,university.degree,no,yes,no,cellular,may,fri,204,3,999,0,nonexistent,-1.8,92.89299999999999,-46.2,1.25,5099.1,no
43,blue-collar,divorced,basic.9y,unknown,yes,yes,cellular,may,fri,25,5,999,1,failure,-1.8,92.89299999999999,-46.2,1.25,5099.1,no
23,blue-collar,single,basic.4y,no,yes,no,cellular,may,fri,28,8,999,0,nonexistent,-1.8,92.89299999999999,-46.2,1.25,5099.1,no
24,services,single,basic.9y,no,yes,yes,cellular,may,fri,68,4,999,1,failure,-1.8,92.89299999999999,-46.2,1.25,5099.1,no
27,admin.,married,professional.course,no,yes,no,cellular,may,fri,109,3,999,0,nonexistent,-1.8,92.89299999999999,-46.2,1.25,5099.1,no
23,blue-collar,single,professional.course,no,yes,no,cellular,may,fri,136,3,999,1,failure,-1.8,92.89299999999999,-46.2,1.25,5099.1,no
53,admin.,married,high.school,no,no,no,cellular,may,fri,101,2,999,0,nonexistent,-1.8,92.89299999999999,-46.2,1.25,5099.1,no
43,admin.,married,high.school,no,yes,no,cellular,may,fri,126,2,999,1,failure,-1.8,92.89299999999999,-46.2,1.25,5099.1,no
34,blue-collar,single,basic.9y,no,no,no,telephone,may,fri,137,7,999,1,failure,-1.8,92.89299999999999,-46.2,1.25,5099.1,no
53,blue-collar,divorced,basic.9y,no,yes,no,cellular,may,fri,509,3,999,0,nonexistent,-1.8,92.89299999999999,-46.2,1.25,5099.1,no
27,blue-collar,single,basic.9y,no,no,no,cellular,may,fri,641,6,999,0,nonexistent,-1.8,92.89299999999999,-46.2,1.25,5099.1,no
34,blue-collar,single,basic.6y,unknown,yes,no,cellular,may,fri,415,4,999,1,failure,-1.8,92.89299999999999,-46.2,1.25,5099.1,yes
54,management,married,university.degree,no,no,no,cellular,may,fri,104,2,999,0,nonexistent,-1.8,92.89299999999999,-46.2,1.25,5099.1,no
31,services,married,high.school,no,yes,no,cellular,may,fri,211,6,999,1,failure,-1.8,92.89299999999999,-46.2,1.25,5099.1,no
27,technician,married,university.degree,no,yes,no,cellular,may,fri,131,3,999,0,nonexistent,-1.8,92.89299999999999,-46.2,1.25,5099.1,no
28,entrepreneur,married,basic.9y,unknown,no,no,cellular,may,fri,22,5,999,0,nonexistent,-1.8,92.89299999999999,-46.2,1.25,5099.1,no
34,admin.,single,high.school,no,no,no,cellular,may,fri,15,9,999,0,nonexistent,-1.8,92.89299999999999,-46.2,1.25,5099.1,no
29,admin.,married,high.school,no,yes,no,cellular,may,fri,1871,4,999,0,nonexistent,-1.8,92.89299999999999,-46.2,1.25,5099.1,yes
24,services,single,high.school,no,yes,yes,cellular,may,fri,69,2,999,2,failure,-1.8,92.89299999999999,-46.2,1.25,5099.1,no
28,admin.,single,university.degree,no,yes,yes,cellular,may,fri,63,4,999,0,nonexistent,-1.8,92.89299999999999,-46.2,1.25,5099.1,no
58,admin.,divorced,high.school,unknown,no,no,cellular,may,fri,315,3,999,1,failure,-1.8,92.89299999999999,-46.2,1.25,5099.1,no
42,blue-collar,married,basic.4y,no,yes,no,cellular,may,fri,58,3,999,0,nonexistent,-1.8,92.89299999999999,-46.2,1.25,5099.1,no
50,entrepreneur,married,high.school,no,yes,yes,cellular,may,fri,1326,6,999,1,failure,-1.8,92.89299999999999,-46.2,1.25,5099.1,no
34,blue-collar,married,basic.4y,unknown,no,no,cellular,may,fri,149,7,999,0,nonexistent,-1.8,92.89299999999999,-46.2,1.25,5099.1,no
22,admin.,single,basic.9y,no,yes,yes,cellular,may,fri,34,10,999,0,nonexistent,-1.8,92.89299999999999,-46.2,1.25,5099.1,no
33,technician,single,university.degree,no,no,no,cellular,may,fri,204,3,999,1,failure,-1.8,92.89299999999999,-46.2,1.25,5099.1,no
48,blue-collar,married,basic.9y,no,no,no,cellular,may,fri,44,9,999,0,nonexistent,-1.8,92.89299999999999,-46.2,1.25,5099.1,no
38,blue-collar,divorced,basic.4y,unknown,no,no,cellular,may,fri,31,5,999,1,failure,-1.8,92.89299999999999,-46.2,1.25,5099.1,no
40,technician,married,university.degree,no,yes,yes,cellular,may,fri,133,2,999,0,nonexistent,-1.8,92.89299999999999,-46.2,1.25,5099.1,no
35,blue-collar,divorced,basic.9y,no,yes,no,cellular,may,fri,439,4,999,0,nonexistent,-1.8,92.89299999999999,-46.2,1.25,5099.1,no
32,technician,single,unknown,no,yes,yes,cellular,may,fri,157,2,999,1,failure,-1.8,92.89299999999999,-46.2,1.25,5099.1,no
32,admin.,single,unknown,no,yes,yes,cellular,may,fri,38,7,999,1,failure,-1.8,92.89299999999999,-46.2,1.25,5099.1,no
45,entrepreneur,divorced,university.degree,no,no,no,telephone,may,fri,462,4,999,0,nonexistent,-1.8,92.89299999999999,-46.2,1.25,5099.1,yes
43,blue-collar,single,high.school,no,no,no,cellular,may,fri,504,2,999,0,nonexistent,-1.8,92.89299999999999,-46.2,1.25,5099.1,no
39,technician,married,professional.course,no,no,no,cellular,may,fri,49,2,999,0,nonexistent,-1.8,92.89299999999999,-46.2,1.25,5099.1,no
37,services,divorced,professional.course,no,no,no,cellular,may,fri,258,2,999,0,nonexistent,-1.8,92.89299999999999,-46.2,1.25,5099.1,no
41,management,married,unknown,no,yes,no,cellular,may,fri,163,5,999,1,failure,-1.8,92.89299999999999,-46.2,1.25,5099.1,no
24,admin.,single,basic.9y,no,yes,no,telephone,may,fri,12,6,999,0,nonexistent,-1.8,92.89299999999999,-46.2,1.25,5099.1,no
28,services,single,basic.9y,no,no,yes,cellular,may,fri,126,2,999,1,failure,-1.8,92.89299999999999,-46.2,1.25,5099.1,no
28,technician,single,university.degree,no,no,yes,telephone,may,fri,166,4,999,0,nonexistent,-1.8,92.89299999999999,-46.2,1.25,5099.1,no
25,admin.,single,university.degree,no,yes,no,cellular,may,fri,11,7,999,1,failure,-1.8,92.89299999999999,-46.2,1.25,5099.1,no
43,blue-collar,divorced,basic.9y,unknown,yes,no,cellular,may,fri,59,4,999,0,nonexistent,-1.8,92.89299999999999,-46.2,1.25,5099.1,no
31,technician,single,university.degree,no,yes,no,cellular,may,fri,1313,7,999,1,failure,-1.8,92.89299999999999,-46.2,1.25,5099.1,yes
50,admin.,single,high.school,no,no,yes,cellular,may,fri,623,8,999,0,nonexistent,-1.8,92.89299999999999,-46.2,1.25,5099.1,yes
30,admin.,divorced,university.degree,no,yes,no,cellular,may,fri,1598,4,999,1,failure,-1.8,92.89299999999999,-46.2,1.25,5099.1,yes
42,self-employed,married,professional.course,unknown,no,no,cellular,may,fri,385,3,999,0,nonexistent,-1.8,92.89299999999999,-46.2,1.25,5099.1,no
55,technician,married,professional.course,no,no,yes,cellular,may,fri,543,3,999,1,failure,-1.8,92.89299999999999,-46.2,1.25,5099.1,no
35,technician,divorced,professional.course,no,no,no,cellular,may,fri,692,3,999,0,nonexistent,-1.8,92.89299999999999,-46.2,1.25,5099.1,yes
32,technician,married,professional.course,no,no,no,cellular,may,mon,20,6,999,0,nonexistent,-1.8,92.89299999999999,-46.2,1.244,5099.1,no
25,student,single,high.school,no,yes,no,cellular,may,mon,59,2,999,0,nonexistent,-1.8,92.89299999999999,-46.2,1.244,5099.1,no
38,technician,single,professional.course,no,yes,no,telephone,may,mon,15,7,999,0,nonexistent,-1.8,92.89299999999999,-46.2,1.244,5099.1,no
42,technician,single,university.degree,no,no,no,cellular,may,mon,45,4,999,0,nonexistent,-1.8,92.89299999999999,-46.2,1.244,5099.1,no
41,admin.,single,high.school,no,no,no,cellular,may,mon,722,4,999,0,nonexistent,-1.8,92.89299999999999,-46.2,1.244,5099.1,yes
45,blue-collar,single,high.school,unknown,no,no,cellular,may,mon,9,4,999,0,nonexistent,-1.8,92.89299999999999,-46.2,1.244,5099.1,no
38,technician,single,professional.course,no,no,no,cellular,may,mon,201,5,999,0,nonexistent,-1.8,92.89299999999999,-46.2,1.244,5099.1,no
45,blue-collar,single,high.school,unknown,yes,no,cellular,may,mon,8,7,999,0,nonexistent,-1.8,92.89299999999999,-46.2,1.244,5099.1,no
29,admin.,divorced,professional.course,no,yes,yes,cellular,may,mon,58,6,999,0,nonexistent,-1.8,92.89299999999999,-46.2,1.244,5099.1,no
49,blue-collar,divorced,professional.course,no,yes,no,cellular,may,mon,11,10,999,0,nonexistent,-1.8,92.89299999999999,-46.2,1.244,5099.1,no
57,technician,divorced,basic.6y,no,unknown,unknown,cellular,may,mon,9,5,999,0,nonexistent,-1.8,92.89299999999999,-46.2,1.244,5099.1,no
36,admin.,married,high.school,unknown,no,no,cellular,may,mon,899,3,999,0,nonexistent,-1.8,92.89299999999999,-46.2,1.244,5099.1,yes
57,services,married,high.school,no,yes,yes,cellular,may,mon,473,3,999,0,nonexistent,-1.8,92.89299999999999,-46.2,1.244,5099.1,yes
36,admin.,married,high.school,unknown,no,no,cellular,may,mon,11,14,999,0,nonexistent,-1.8,92.89299999999999,-46.2,1.244,5099.1,no
38,admin.,single,university.degree,no,no,no,cellular,may,mon,114,4,999,0,nonexistent,-1.8,92.89299999999999,-46.2,1.244,5099.1,no
43,admin.,single,high.school,no,yes,no,cellular,may,mon,159,3,999,0,nonexistent,-1.8,92.89299999999999,-46.2,1.244,5099.1,no
31,technician,single,high.school,unknown,yes,yes,cellular,may,mon,17,6,999,0,nonexistent,-1.8,92.89299999999999,-46.2,1.244,5099.1,no
42,management,divorced,university.degree,no,no,no,cellular,may,mon,359,5,999,0,nonexistent,-1.8,92.89299999999999,-46.2,1.244,5099.1,no
39,self-employed,married,high.school,no,no,no,cellular,may,mon,11,8,999,0,nonexistent,-1.8,92.89299999999999,-46.2,1.244,5099.1,no
38,admin.,single,university.degree,no,yes,yes,telephone,may,mon,193,4,999,0,nonexistent,-1.8,92.89299999999999,-46.2,1.244,5099.1,no
31,admin.,married,university.degree,no,no,no,cellular,may,mon,116,4,999,0,nonexistent,-1.8,92.89299999999999,-46.2,1.244,5099.1,no
36,admin.,married,high.school,unknown,yes,no,cellular,may,mon,284,2,999,1,failure,-1.8,92.89299999999999,-46.2,1.244,5099.1,no
40,admin.,single,high.school,no,no,no,cellular,may,mon,18,5,999,1,failure,-1.8,92.89299999999999,-46.2,1.244,5099.1,no
57,admin.,single,high.school,no,yes,no,telephone,may,mon,26,5,12,1,success,-1.8,92.89299999999999,-46.2,1.244,5099.1,no
36,admin.,single,unknown,no,yes,no,cellular,may,mon,222,6,999,0,nonexistent,-1.8,92.89299999999999,-46.2,1.244,5099.1,no
57,services,married,high.school,no,yes,no,cellular,may,mon,126,2,999,0,nonexistent,-1.8,92.89299999999999,-46.2,1.244,5099.1,no
21,student,single,high.school,no,no,no,cellular,may,mon,97,2,999,1,failure,-1.8,92.89299999999999,-46.2,1.244,5099.1,no
44,services,married,high.school,no,yes,no,cellular,may,mon,144,3,999,0,nonexistent,-1.8,92.89299999999999,-46.2,1.244,5099.1,no
45,blue-collar,single,high.school,unknown,yes,no,cellular,may,mon,98,2,999,1,failure,-1.8,92.89299999999999,-46.2,1.244,5099.1,no
35,housemaid,married,university.degree,no,yes,no,cellular,may,mon,59,2,999,0,nonexistent,-1.8,92.89299999999999,-46.2,1.244,5099.1,no
27,services,single,university.degree,no,yes,no,cellular,may,mon,19,5,999,0,nonexistent,-1.8,92.89299999999999,-46.2,1.244,5099.1,no
54,retired,divorced,professional.course,no,yes,no,cellular,may,mon,44,8,999,0,nonexistent,-1.8,92.89299999999999,-46.2,1.244,5099.1,no
27,services,single,university.degree,no,yes,yes,cellular,may,mon,22,6,999,1,failure,-1.8,92.89299999999999,-46.2,1.244,5099.1,no
25,technician,single,professional.course,no,yes,no,cellular,may,mon,44,4,999,0,nonexistent,-1.8,92.89299999999999,-46.2,1.244,5099.1,no
46,admin.,divorced,basic.6y,no,no,no,cellular,may,mon,7,7,999,1,failure,-1.8,92.89299999999999,-46.2,1.244,5099.1,no
38,technician,single,professional.course,no,yes,yes,cellular,may,mon,15,9,999,0,nonexistent,-1.8,92.89299999999999,-46.2,1.244,5099.1,no
32,admin.,single,university.degree,no,yes,no,cellular,may,mon,8,7,999,0,nonexistent,-1.8,92.89299999999999,-46.2,1.244,5099.1,no
52,blue-collar,married,basic.9y,unknown,yes,no,cellular,may,mon,201,2,999,0,nonexistent,-1.8,92.89299999999999,-46.2,1.244,5099.1,no
33,management,married,university.degree,no,yes,no,cellular,may,mon,259,2,999,0,nonexistent,-1.8,92.89299999999999,-46.2,1.244,5099.1,no
30,student,single,university.degree,no,yes,no,cellular,may,mon,90,1,999,0,nonexistent,-1.8,92.89299999999999,-46.2,1.244,5099.1,no
52,admin.,divorced,basic.9y,no,yes,no,telephone,may,mon,51,1,999,0,nonexistent,-1.8,92.89299999999999,-46.2,1.244,5099.1,no
53,technician,divorced,unknown,no,yes,no,cellular,may,mon,35,6,999,0,nonexistent,-1.8,92.89299999999999,-46.2,1.244,5099.1,no
27,admin.,divorced,high.school,no,yes,no,cellular,may,mon,10,4,999,0,nonexistent,-1.8,92.89299999999999,-46.2,1.244,5099.1,no
57,services,married,high.school,no,no,no,cellular,may,mon,380,1,999,0,nonexistent,-1.8,92.89299999999999,-46.2,1.244,5099.1,no
42,technician,single,university.degree,no,yes,no,cellular,may,mon,33,2,999,0,nonexistent,-1.8,92.89299999999999,-46.2,1.244,5099.1,no
24,student,single,high.school,no,no,no,cellular,may,mon,557,1,999,0,nonexistent,-1.8,92.89299999999999,-46.2,1.244,5099.1,no
54,blue-collar,married,basic.4y,unknown,no,no,cellular,may,mon,108,1,999,0,nonexistent,-1.8,92.89299999999999,-46.2,1.244,5099.1,no
31,admin.,married,university.degree,no,yes,yes,cellular,may,mon,173,1,999,0,nonexistent,-1.8,92.89299999999999,-46.2,1.244,5099.1,no
29,services,married,high.school,no,yes,no,telephone,may,mon,87,6,999,1,failure,-1.8,92.89299999999999,-46.2,1.244,5099.1,no
36,admin.,married,high.school,unknown,yes,yes,cellular,may,mon,47,4,999,0,nonexistent,-1.8,92.89299999999999,-46.2,1.244,5099.1,no
30,admin.,married,basic.9y,no,yes,yes,cellular,may,mon,97,1,999,1,failure,-1.8,92.89299999999999,-46.2,1.244,5099.1,no
32,blue-collar,married,professional.course,no,yes,no,cellular,may,mon,333,1,999,0,nonexistent,-1.8,92.89299999999999,-46.2,1.244,5099.1,no
28,admin.,single,university.degree,no,no,no,cellular,may,mon,55,1,999,0,nonexistent,-1.8,92.89299999999999,-46.2,1.244,5099.1,no
45,blue-collar,single,high.school,unknown,yes,no,cellular,may,mon,29,6,999,1,failure,-1.8,92.89299999999999,-46.2,1.244,5099.1,no
31,admin.,married,university.degree,no,no,no,cellular,may,mon,213,1,999,1,failure,-1.8,92.89299999999999,-46.2,1.244,5099.1,no
28,admin.,single,university.degree,no,no,no,cellular,may,mon,192,1,999,1,failure,-1.8,92.89299999999999,-46.2,1.244,5099.1,no
34,admin.,single,university.degree,no,yes,no,cellular,may,mon,16,1,999,0,nonexistent,-1.8,92.89299999999999,-46.2,1.244,5099.1,no
47,management,married,high.school,no,no,no,cellular,may,mon,245,1,999,0,nonexistent,-1.8,92.89299999999999,-46.2,1.244,5099.1,no
23,blue-collar,single,high.school,no,yes,no,cellular,may,mon,115,1,999,0,nonexistent,-1.8,92.89299999999999,-46.2,1.244,5099.1,no
46,blue-collar,married,basic.9y,no,yes,no,cellular,may,mon,410,1,999,0,nonexistent,-1.8,92.89299999999999,-46.2,1.244,5099.1,no
23,blue-collar,single,high.school,no,yes,no,cellular,may,mon,158,1,999,1,failure,-1.8,92.89299999999999,-46.2,1.244,5099.1,no
34,admin.,single,university.degree,no,no,no,cellular,may,mon,283,1,999,0,nonexistent,-1.8,92.89299999999999,-46.2,1.244,5099.1,no
44,admin.,married,basic.6y,no,no,no,cellular,may,mon,217,1,999,1,failure,-1.8,92.89299999999999,-46.2,1.244,5099.1,no
39,admin.,single,professional.course,no,yes,no,cellular,may,mon,97,1,999,1,failure,-1.8,92.89299999999999,-46.2,1.244,5099.1,no
48,blue-collar,married,basic.4y,no,no,no,cellular,may,mon,420,7,999,1,failure,-1.8,92.89299999999999,-46.2,1.244,5099.1,no
44,admin.,married,basic.6y,no,unknown,unknown,cellular,may,mon,608,1,999,1,failure,-1.8,92.89299999999999,-46.2,1.244,5099.1,yes
28,blue-collar,single,basic.9y,no,unknown,unknown,cellular,may,mon,166,1,999,0,nonexistent,-1.8,92.89299999999999,-46.2,1.244,5099.1,no
38,technician,single,professional.course,no,no,no,telephone,may,mon,325,1,999,0,nonexistent,-1.8,92.89299999999999,-46.2,1.244,5099.1,no
37,technician,married,high.school,no,no,no,cellular,may,mon,161,1,999,0,nonexistent,-1.8,92.89299999999999,-46.2,1.244,5099.1,no
41,admin.,single,university.degree,no,yes,no,cellular,may,mon,166,2,999,0,nonexistent,-1.8,92.89299999999999,-46.2,1.244,5099.1,no
30,blue-collar,single,basic.9y,no,no,no,cellular,may,mon,74,1,999,0,nonexistent,-1.8,92.89299999999999,-46.2,1.244,5099.1,no
37,blue-collar,married,basic.4y,unknown,yes,no,cellular,may,mon,170,1,999,2,failure,-1.8,92.89299999999999,-46.2,1.244,5099.1,no
36,services,single,high.school,no,no,no,cellular,may,mon,288,1,999,0,nonexistent,-1.8,92.89299999999999,-46.2,1.244,5099.1,no
24,admin.,single,university.degree,unknown,no,no,cellular,may,mon,220,1,999,1,failure,-1.8,92.89299999999999,-46.2,1.244,5099.1,no
44,entrepreneur,divorced,university.degree,no,yes,no,telephone,may,mon,28,1,999,0,nonexistent,-1.8,92.89299999999999,-46.2,1.244,5099.1,no
30,admin.,married,high.school,no,yes,no,cellular,may,mon,169,1,999,0,nonexistent,-1.8,92.89299999999999,-46.2,1.244,5099.1,no
35,admin.,divorced,high.school,no,yes,no,cellular,may,mon,88,1,999,1,failure,-1.8,92.89299999999999,-46.2,1.244,5099.1,no
44,services,divorced,high.school,no,no,no,cellular,may,mon,903,4,999,0,nonexistent,-1.8,92.89299999999999,-46.2,1.244,5099.1,yes
52,blue-collar,married,basic.9y,unknown,no,no,cellular,may,mon,248,1,999,0,nonexistent,-1.8,92.89299999999999,-46.2,1.244,5099.1,no
38,technician,single,university.degree,no,yes,no,cellular,may,mon,12,13,999,0,nonexistent,-1.8,92.89299999999999,-46.2,1.244,5099.1,no
33,unemployed,married,basic.4y,no,no,no,cellular,may,mon,205,1,999,0,nonexistent,-1.8,92.89299999999999,-46.2,1.244,5099.1,no
37,blue-collar,married,professional.course,no,yes,no,cellular,may,mon,68,1,999,0,nonexistent,-1.8,92.89299999999999,-46.2,1.244,5099.1,no
41,admin.,divorced,high.school,no,yes,no,cellular,may,mon,63,5,999,0,nonexistent,-1.8,92.89299999999999,-46.2,1.244,5099.1,no
37,blue-collar,married,professional.course,no,no,no,cellular,may,mon,114,1,999,0,nonexistent,-1.8,92.89299999999999,-46.2,1.244,5099.1,no
24,blue-collar,single,basic.9y,no,no,no,cellular,may,mon,297,1,999,0,nonexistent,-1.8,92.89299999999999,-46.2,1.244,5099.1,no
37,blue-collar,married,professional.course,no,yes,no,cellular,may,mon,185,1,999,1,failure,-1.8,92.89299999999999,-46.2,1.244,5099.1,no
30,technician,single,university.degree,no,no,no,cellular,may,mon,195,1,999,0,nonexistent,-1.8,92.89299999999999,-46.2,1.244,5099.1,no
41,management,divorced,high.school,no,no,no,cellular,may,mon,261,1,999,1,failure,-1.8,92.89299999999999,-46.2,1.244,5099.1,no
46,blue-collar,married,high.school,no,no,no,cellular,may,mon,11,5,999,0,nonexistent,-1.8,92.89299999999999,-46.2,1.244,5099.1,no
35,blue-collar,married,professional.course,no,yes,no,cellular,may,mon,42,1,999,0,nonexistent,-1.8,92.89299999999999,-46.2,1.244,5099.1,no
33,technician,married,professional.course,no,yes,no,cellular,may,mon,110,1,999,0,nonexistent,-1.8,92.89299999999999,-46.2,1.244,5099.1,no
33,admin.,single,professional.course,no,yes,no,cellular,may,mon,1340,1,999,0,nonexistent,-1.8,92.89299999999999,-46.2,1.244,5099.1,yes
59,management,married,basic.4y,no,no,no,cellular,may,mon,455,1,999,0,nonexistent,-1.8,92.89299999999999,-46.2,1.244,5099.1,no
52,admin.,divorced,high.school,no,yes,yes,cellular,may,mon,110,1,999,1,failure,-1.8,92.89299999999999,-46.2,1.244,5099.1,no
38,technician,single,professional.course,no,no,no,cellular,may,mon,170,2,999,1,failure,-1.8,92.89299999999999,-46.2,1.244,5099.1,no
29,technician,single,professional.course,no,yes,no,cellular,may,mon,245,1,999,0,nonexistent,-1.8,92.89299999999999,-46.2,1.244,5099.1,no
41,technician,single,high.school,no,yes,no,cellular,may,mon,108,2,999,1,failure,-1.8,92.89299999999999,-46.2,1.244,5099.1,no
29,technician,single,professional.course,no,yes,no,cellular,may,mon,487,1,999,0,nonexistent,-1.8,92.89299999999999,-46.2,1.244,5099.1,yes
33,technician,married,university.degree,no,yes,no,cellular,may,mon,182,1,999,0,nonexistent,-1.8,92.89299999999999,-46.2,1.244,5099.1,no
25,blue-collar,single,basic.9y,no,yes,no,cellular,may,mon,165,1,999,0,nonexistent,-1.8,92.89299999999999,-46.2,1.244,5099.1,no
21,blue-collar,single,basic.9y,no,no,no,cellular,may,mon,154,1,999,0,nonexistent,-1.8,92.89299999999999,-46.2,1.244,5099.1,no
33,blue-collar,single,high.school,no,no,no,cellular,may,mon,2301,1,999,0,nonexistent,-1.8,92.89299999999999,-46.2,1.244,5099.1,yes
47,entrepreneur,married,professional.course,no,yes,no,cellular,may,mon,69,1,999,0,nonexistent,-1.8,92.89299999999999,-46.2,1.244,5099.1,no
32,management,married,university.degree,no,no,yes,cellular,may,mon,119,1,999,0,nonexistent,-1.8,92.89299999999999,-46.2,1.244,5099.1,no
37,management,divorced,university.degree,no,no,no,cellular,may,mon,493,1,999,0,nonexistent,-1.8,92.89299999999999,-46.2,1.244,5099.1,yes
29,admin.,single,university.degree,unknown,no,no,cellular,may,mon,226,1,999,0,nonexistent,-1.8,92.89299999999999,-46.2,1.244,5099.1,no
25,student,single,high.school,no,no,no,telephone,may,mon,11,6,999,0,nonexistent,-1.8,92.89299999999999,-46.2,1.244,5099.1,no
27,services,single,university.degree,no,yes,yes,cellular,may,mon,33,5,999,0,nonexistent,-1.8,92.89299999999999,-46.2,1.244,5099.1,no
44,unemployed,married,basic.9y,no,yes,no,telephone,may,mon,152,4,999,0,nonexistent,-1.8,92.89299999999999,-46.2,1.244,5099.1,no
31,technician,divorced,high.school,no,no,no,cellular,may,mon,41,1,999,0,nonexistent,-1.8,92.89299999999999,-46.2,1.244,5099.1,no
42,services,divorced,high.school,no,yes,no,cellular,may,mon,252,4,999,0,nonexistent,-1.8,92.89299999999999,-46.2,1.244,5099.1,no
31,technician,divorced,high.school,no,no,no,cellular,may,mon,40,1,999,1,failure,-1.8,92.89299999999999,-46.2,1.244,5099.1,no
36,blue-collar,married,basic.9y,no,yes,no,cellular,may,mon,156,1,999,1,failure,-1.8,92.89299999999999,-46.2,1.244,5099.1,no
32,services,married,high.school,unknown,yes,no,cellular,may,mon,126,1,999,0,nonexistent,-1.8,92.89299999999999,-46.2,1.244,5099.1,no
43,services,divorced,high.school,no,yes,no,cellular,may,mon,55,1,999,0,nonexistent,-1.8,92.89299999999999,-46.2,1.244,5099.1,no
30,admin.,single,university.degree,unknown,yes,no,cellular,may,mon,134,1,999,0,nonexistent,-1.8,92.89299999999999,-46.2,1.244,5099.1,no
39,entrepreneur,married,university.degree,unknown,yes,no,cellular,may,mon,98,1,999,1,failure,-1.8,92.89299999999999,-46.2,1.244,5099.1,no
58,self-employed,married,university.degree,no,yes,no,cellular,may,mon,379,1,999,0,nonexistent,-1.8,92.89299999999999,-46.2,1.244,5099.1,no
31,blue-collar,married,high.school,no,no,no,cellular,may,mon,128,1,999,0,nonexistent,-1.8,92.89299999999999,-46.2,1.244,5099.1,no
57,technician,divorced,basic.6y,no,yes,no,cellular,may,mon,86,4,999,0,nonexistent,-1.8,92.89299999999999,-46.2,1.244,5099.1,no
30,admin.,single,university.degree,unknown,yes,no,cellular,may,mon,632,1,999,0,nonexistent,-1.8,92.89299999999999,-46.2,1.244,5099.1,no
38,admin.,single,university.degree,no,yes,no,cellular,may,mon,98,5,999,0,nonexistent,-1.8,92.89299999999999,-46.2,1.244,5099.1,no
33,admin.,single,professional.course,no,no,no,cellular,may,mon,843,1,999,1,failure,-1.8,92.89299999999999,-46.2,1.244,5099.1,yes
50,admin.,divorced,basic.4y,no,yes,no,cellular,may,mon,8,11,999,0,nonexistent,-1.8,92.89299999999999,-46.2,1.244,5099.1,no
30,services,married,university.degree,no,unknown,unknown,cellular,may,mon,132,1,999,1,failure,-1.8,92.89299999999999,-46.2,1.244,5099.1,no
47,services,married,high.school,no,no,no,cellular,may,mon,261,1,999,0,nonexistent,-1.8,92.89299999999999,-46.2,1.244,5099.1,no
32,self-employed,married,university.degree,no,no,yes,cellular,may,mon,133,2,999,1,failure,-1.8,92.89299999999999,-46.2,1.244,5099.1,no
33,technician,divorced,professional.course,no,no,no,cellular,may,mon,287,1,999,0,nonexistent,-1.8,92.89299999999999,-46.2,1.244,5099.1,no
44,unemployed,divorced,basic.6y,no,no,no,cellular,may,mon,208,1,999,0,nonexistent,-1.8,92.89299999999999,-46.2,1.244,5099.1,no
28,unemployed,single,university.degree,no,yes,no,cellular,may,mon,434,1,999,0,nonexistent,-1.8,92.89299999999999,-46.2,1.244,5099.1,no
42,blue-collar,divorced,basic.4y,no,yes,no,cellular,may,mon,119,4,999,0,nonexistent,-1.8,92.89299999999999,-46.2,1.244,5099.1,no
43,technician,married,professional.course,no,no,yes,cellular,may,mon,191,2,12,1,success,-1.8,92.89299999999999,-46.2,1.244,5099.1,no
23,blue-collar,single,high.school,no,no,no,cellular,may,mon,380,2,999,1,failure,-1.8,92.89299999999999,-46.2,1.244,5099.1,no
32,blue-collar,married,professional.course,no,yes,no,cellular,may,mon,115,2,999,0,nonexistent,-1.8,92.89299999999999,-46.2,1.244,5099.1,no
58,admin.,married,university.degree,no,no,no,cellular,may,mon,325,1,999,0,nonexistent,-1.8,92.89299999999999,-46.2,1.244,5099.1,no
29,admin.,married,university.degree,no,yes,no,cellular,may,mon,167,1,999,0,nonexistent,-1.8,92.89299999999999,-46.2,1.244,5099.1,no
49,retired,married,high.school,no,no,no,cellular,may,mon,47,3,999,1,failure,-1.8,92.89299999999999,-46.2,1.244,5099.1,no
42,technician,single,university.degree,no,no,yes,cellular,may,mon,9,5,999,0,nonexistent,-1.8,92.89299999999999,-46.2,1.244,5099.1,no
29,admin.,married,university.degree,no,yes,no,cellular,may,mon,565,1,999,0,nonexistent,-1.8,92.89299999999999,-46.2,1.244,5099.1,yes
45,admin.,divorced,university.degree,no,no,no,cellular,may,mon,507,1,999,0,nonexistent,-1.8,92.89299999999999,-46.2,1.244,5099.1,yes
55,admin.,divorced,unknown,unknown,yes,no,cellular,may,mon,105,1,999,0,nonexistent,-1.8,92.89299999999999,-46.2,1.244,5099.1,no
46,technician,divorced,professional.course,no,no,no,cellular,may,mon,78,1,999,0,nonexistent,-1.8,92.89299999999999,-46.2,1.244,5099.1,no
37,management,married,university.degree,no,no,no,cellular,may,mon,546,1,999,0,nonexistent,-1.8,92.89299999999999,-46.2,1.244,5099.1,no
44,management,divorced,university.degree,no,no,no,cellular,may,mon,79,3,999,1,failure,-1.8,92.89299999999999,-46.2,1.244,5099.1,no
46,technician,divorced,professional.course,no,yes,no,cellular,may,mon,431,1,999,0,nonexistent,-1.8,92.89299999999999,-46.2,1.244,5099.1,yes
29,services,single,high.school,no,yes,no,cellular,may,mon,229,2,999,1,failure,-1.8,92.89299999999999,-46.2,1.244,5099.1,no
33,services,married,high.school,no,no,yes,cellular,may,mon,600,4,999,0,nonexistent,-1.8,92.89299999999999,-46.2,1.244,5099.1,yes
32,admin.,divorced,university.degree,no,yes,yes,cellular,may,mon,156,5,999,0,nonexistent,-1.8,92.89299999999999,-46.2,1.244,5099.1,no
30,admin.,single,university.degree,no,yes,no,cellular,may,mon,114,2,999,0,nonexistent,-1.8,92.89299999999999,-46.2,1.244,5099.1,no
41,admin.,single,high.school,no,no,no,cellular,may,mon,435,7,2,1,success,-1.8,92.89299999999999,-46.2,1.244,5099.1,no
34,admin.,married,professional.course,no,yes,yes,cellular,may,mon,326,1,999,0,nonexistent,-1.8,92.89299999999999,-46.2,1.244,5099.1,no
44,admin.,married,basic.6y,no,yes,no,cellular,may,mon,170,1,999,0,nonexistent,-1.8,92.89299999999999,-46.2,1.244,5099.1,no
30,services,single,high.school,no,no,no,cellular,may,mon,111,2,999,0,nonexistent,-1.8,92.89299999999999,-46.2,1.244,5099.1,no
44,management,single,high.school,no,no,no,cellular,may,mon,184,1,999,0,nonexistent,-1.8,92.89299999999999,-46.2,1.244,5099.1,no
44,management,single,high.school,no,no,no,cellular,may,mon,233,1,999,0,nonexistent,-1.8,92.89299999999999,-46.2,1.244,5099.1,no
34,blue-collar,married,basic.9y,no,yes,no,cellular,may,mon,116,1,999,0,nonexistent,-1.8,92.89299999999999,-46.2,1.244,5099.1,no
34,blue-collar,married,basic.9y,no,yes,no,cellular,may,mon,178,1,999,0,nonexistent,-1.8,92.89299999999999,-46.2,1.244,5099.1,no
44,management,single,high.school,no,yes,no,cellular,may,mon,504,1,999,0,nonexistent,-1.8,92.89299999999999,-46.2,1.244,5099.1,yes
30,technician,single,professional.course,no,yes,yes,cellular,may,mon,144,1,999,0,nonexistent,-1.8,92.89299999999999,-46.2,1.244,5099.1,no
30,technician,single,university.degree,no,yes,no,cellular,may,mon,177,1,999,0,nonexistent,-1.8,92.89299999999999,-46.2,1.244,5099.1,no
28,blue-collar,married,high.school,no,no,yes,telephone,may,mon,21,2,999,0,nonexistent,-1.8,92.89299999999999,-46.2,1.244,5099.1,no
30,services,single,high.school,no,no,no,cellular,may,mon,700,3,999,0,nonexistent,-1.8,92.89299999999999,-46.2,1.244,5099.1,yes
35,admin.,divorced,high.school,no,yes,no,cellular,may,mon,163,1,999,0,nonexistent,-1.8,92.89299999999999,-46.2,1.244,5099.1,no
28,services,single,high.school,no,yes,no,cellular,may,mon,91,6,999,0,nonexistent,-1.8,92.89299999999999,-46.2,1.244,5099.1,no
42,technician,married,university.degree,no,yes,no,cellular,may,mon,78,2,999,0,nonexistent,-1.8,92.89299999999999,-46.2,1.244,5099.1,no
21,blue-collar,single,basic.9y,no,yes,no,cellular,may,mon,239,2,999,0,nonexistent,-1.8,92.89299999999999,-46.2,1.244,5099.1,no
32,admin.,married,high.school,no,yes,no,cellular,may,mon,169,1,999,0,nonexistent,-1.8,92.89299999999999,-46.2,1.244,5099.1,no
21,blue-collar,single,basic.9y,no,no,no,cellular,may,mon,37,2,999,0,nonexistent,-1.8,92.89299999999999,-46.2,1.244,5099.1,no
33,unemployed,married,basic.4y,no,no,no,cellular,may,mon,1008,1,999,1,failure,-1.8,92.89299999999999,-46.2,1.244,5099.1,yes
40,admin.,single,high.school,no,yes,no,cellular,may,mon,24,1,999,0,nonexistent,-1.8,92.89299999999999,-46.2,1.244,5099.1,no
40,admin.,single,high.school,no,yes,no,cellular,may,mon,213,1,999,1,failure,-1.8,92.89299999999999,-46.2,1.244,5099.1,no
41,blue-collar,divorced,basic.9y,no,yes,no,cellular,may,mon,380,1,999,0,nonexistent,-1.8,92.89299999999999,-46.2,1.244,5099.1,no
28,technician,single,professional.course,no,yes,no,cellular,may,mon,66,1,999,0,nonexistent,-1.8,92.89299999999999,-46.2,1.244,5099.1,no
30,admin.,single,high.school,no,yes,no,cellular,may,mon,57,1,999,0,nonexistent,-1.8,92.89299999999999,-46.2,1.244,5099.1,no
39,technician,married,professional.course,no,yes,yes,cellular,may,mon,525,1,999,0,nonexistent,-1.8,92.89299999999999,-46.2,1.244,5099.1,yes
26,student,single,high.school,no,no,no,cellular,may,mon,123,1,999,0,nonexistent,-1.8,92.89299999999999,-46.2,1.244,5099.1,no
41,unemployed,married,professional.course,no,no,no,cellular,may,mon,276,4,10,1,success,-1.8,92.89299999999999,-46.2,1.244,5099.1,no
41,blue-collar,married,basic.9y,no,yes,yes,cellular,may,mon,105,1,999,1,failure,-1.8,92.89299999999999,-46.2,1.244,5099.1,no
38,blue-collar,married,basic.4y,unknown,yes,no,cellular,may,mon,178,1,999,0,nonexistent,-1.8,92.89299999999999,-46.2,1.244,5099.1,no
34,blue-collar,married,basic.6y,unknown,yes,no,cellular,may,mon,316,1,999,0,nonexistent,-1.8,92.89299999999999,-46.2,1.244,5099.1,no
38,admin.,single,university.degree,no,yes,no,cellular,may,mon,103,2,999,0,nonexistent,-1.8,92.89299999999999,-46.2,1.244,5099.1,no
37,admin.,divorced,university.degree,unknown,yes,no,cellular,may,mon,230,1,999,0,nonexistent,-1.8,92.89299999999999,-46.2,1.244,5099.1,no
37,admin.,divorced,university.degree,unknown,yes,no,cellular,may,mon,442,1,999,0,nonexistent,-1.8,92.89299999999999,-46.2,1.244,5099.1,yes
43,technician,married,professional.course,no,yes,no,cellular,may,mon,618,1,999,1,failure,-1.8,92.89299999999999,-46.2,1.244,5099.1,yes
58,management,married,university.degree,no,no,no,cellular,may,mon,182,1,999,0,nonexistent,-1.8,92.89299999999999,-46.2,1.244,5099.1,no
55,services,married,high.school,no,no,no,cellular,may,mon,336,1,999,1,failure,-1.8,92.89299999999999,-46.2,1.244,5099.1,no
58,management,married,university.degree,no,no,no,cellular,may,mon,248,1,999,1,failure,-1.8,92.89299999999999,-46.2,1.244,5099.1,no
58,management,married,university.degree,no,yes,no,cellular,may,mon,504,1,999,0,nonexistent,-1.8,92.89299999999999,-46.2,1.244,5099.1,no
53,management,divorced,professional.course,no,yes,no,cellular,may,mon,82,4,999,0,nonexistent,-1.8,92.89299999999999,-46.2,1.244,5099.1,no
38,admin.,single,university.degree,no,yes,no,cellular,may,mon,182,2,999,0,nonexistent,-1.8,92.89299999999999,-46.2,1.244,5099.1,no
38,technician,married,university.degree,no,yes,no,cellular,may,mon,78,2,999,1,failure,-1.8,92.89299999999999,-46.2,1.244,5099.1,no
41,technician,single,high.school,no,yes,no,cellular,may,mon,222,3,999,0,nonexistent,-1.8,92.89299999999999,-46.2,1.244,5099.1,no
31,blue-collar,single,basic.9y,no,yes,no,cellular,may,mon,1010,2,999,1,failure,-1.8,92.89299999999999,-46.2,1.244,5099.1,no
41,management,married,high.school,no,yes,no,cellular,may,mon,180,2,999,0,nonexistent,-1.8,92.89299999999999,-46.2,1.244,5099.1,no
50,housemaid,married,basic.9y,no,no,no,cellular,may,mon,207,3,999,0,nonexistent,-1.8,92.89299999999999,-46.2,1.244,5099.1,no
57,retired,divorced,university.degree,no,no,no,cellular,may,mon,46,6,999,1,failure,-1.8,92.89299999999999,-46.2,1.244,5099.1,no
56,technician,single,professional.course,no,yes,no,cellular,may,mon,517,3,999,1,failure,-1.8,92.89299999999999,-46.2,1.244,5099.1,no
37,self-employed,single,basic.4y,no,yes,no,cellular,may,mon,180,3,999,1,failure,-1.8,92.89299999999999,-46.2,1.244,5099.1,no
43,blue-collar,married,basic.4y,no,no,no,cellular,may,mon,465,2,999,0,nonexistent,-1.8,92.89299999999999,-46.2,1.244,5099.1,no
36,blue-collar,married,basic.9y,no,yes,no,cellular,may,mon,98,2,999,0,nonexistent,-1.8,92.89299999999999,-46.2,1.244,5099.1,no
33,blue-collar,single,high.school,no,no,no,cellular,may,mon,599,2,999,0,nonexistent,-1.8,92.89299999999999,-46.2,1.244,5099.1,no
25,student,single,high.school,no,yes,no,cellular,may,mon,15,8,999,0,nonexistent,-1.8,92.89299999999999,-46.2,1.244,5099.1,no
26,services,single,basic.9y,no,no,no,cellular,may,mon,18,4,999,0,nonexistent,-1.8,92.89299999999999,-46.2,1.244,5099.1,no
46,admin.,married,high.school,no,yes,yes,cellular,may,mon,196,3,999,0,nonexistent,-1.8,92.89299999999999,-46.2,1.244,5099.1,no
34,self-employed,single,university.degree,no,yes,yes,cellular,may,mon,309,2,999,0,nonexistent,-1.8,92.89299999999999,-46.2,1.244,5099.1,no
35,housemaid,married,university.degree,no,unknown,unknown,cellular,may,mon,61,7,999,0,nonexistent,-1.8,92.89299999999999,-46.2,1.244,5099.1,no
37,admin.,single,university.degree,no,yes,no,cellular,may,mon,194,3,999,0,nonexistent,-1.8,92.89299999999999,-46.2,1.244,5099.1,no
37,services,married,professional.course,no,no,no,cellular,may,mon,336,2,999,0,nonexistent,-1.8,92.89299999999999,-46.2,1.244,5099.1,no
46,blue-collar,married,basic.9y,no,yes,no,cellular,may,mon,98,2,999,1,failure,-1.8,92.89299999999999,-46.2,1.244,5099.1,no
47,services,single,high.school,no,yes,no,cellular,may,mon,236,3,999,0,nonexistent,-1.8,92.89299999999999,-46.2,1.244,5099.1,no
27,services,single,high.school,no,yes,yes,cellular,may,mon,665,3,999,1,failure,-1.8,92.89299999999999,-46.2,1.244,5099.1,no
32,blue-collar,divorced,basic.4y,no,no,no,cellular,may,mon,827,2,999,0,nonexistent,-1.8,92.89299999999999,-46.2,1.244,5099.1,yes
40,entrepreneur,married,university.degree,no,no,no,cellular,may,mon,181,2,999,0,nonexistent,-1.8,92.89299999999999,-46.2,1.244,5099.1,no
45,admin.,divorced,university.degree,no,yes,no,cellular,may,mon,197,2,999,0,nonexistent,-1.8,92.89299999999999,-46.2,1.244,5099.1,no
39,admin.,single,university.degree,no,yes,yes,cellular,may,mon,9,4,999,1,failure,-1.8,92.89299999999999,-46.2,1.244,5099.1,no
42,services,single,high.school,no,yes,no,cellular,may,mon,36,2,999,0,nonexistent,-1.8,92.89299999999999,-46.2,1.244,5099.1,no
46,admin.,single,university.degree,no,no,no,cellular,may,mon,8,4,999,0,nonexistent,-1.8,92.89299999999999,-46.2,1.244,5099.1,no
46,admin.,single,university.degree,no,yes,yes,cellular,may,mon,11,5,999,1,failure,-1.8,92.89299999999999,-46.2,1.244,5099.1,no
27,admin.,divorced,high.school,no,yes,no,cellular,may,mon,166,4,999,0,nonexistent,-1.8,92.89299999999999,-46.2,1.244,5099.1,no
33,technician,single,high.school,no,unknown,unknown,cellular,may,mon,630,2,999,0,nonexistent,-1.8,92.89299999999999,-46.2,1.244,5099.1,no
36,blue-collar,married,basic.9y,no,yes,no,cellular,may,mon,227,2,999,0,nonexistent,-1.8,92.89299999999999,-46.2,1.244,5099.1,no
43,blue-collar,single,professional.course,no,no,no,cellular,may,mon,375,3,999,0,nonexistent,-1.8,92.89299999999999,-46.2,1.244,5099.1,no
33,technician,married,professional.course,no,yes,no,cellular,may,mon,241,3,999,0,nonexistent,-1.8,92.89299999999999,-46.2,1.244,5099.1,no
35,technician,single,professional.course,no,yes,no,cellular,may,mon,213,4,999,0,nonexistent,-1.8,92.89299999999999,-46.2,1.244,5099.1,no
25,student,single,high.school,no,yes,yes,cellular,may,mon,412,5,999,0,nonexistent,-1.8,92.89299999999999,-46.2,1.244,5099.1,no
39,self-employed,married,high.school,no,yes,no,cellular,may,mon,31,6,999,0,nonexistent,-1.8,92.89299999999999,-46.2,1.244,5099.1,no
48,services,married,high.school,no,yes,no,cellular,may,mon,173,2,999,0,nonexistent,-1.8,92.89299999999999,-46.2,1.244,5099.1,no
48,blue-collar,married,basic.4y,no,yes,no,cellular,may,mon,92,3,999,0,nonexistent,-1.8,92.89299999999999,-46.2,1.244,5099.1,no
45,services,married,high.school,no,no,no,cellular,may,mon,166,2,999,1,failure,-1.8,92.89299999999999,-46.2,1.244,5099.1,no
53,management,married,university.degree,no,no,no,cellular,may,mon,368,2,999,0,nonexistent,-1.8,92.89299999999999,-46.2,1.244,5099.1,no
36,blue-collar,married,basic.4y,unknown,yes,no,cellular,may,mon,1027,2,999,0,nonexistent,-1.8,92.89299999999999,-46.2,1.244,5099.1,yes
43,blue-collar,married,basic.4y,no,yes,no,cellular,may,mon,221,2,999,0,nonexistent,-1.8,92.89299999999999,-46.2,1.244,5099.1,no
31,technician,married,professional.course,no,yes,no,cellular,may,mon,577,2,999,0,nonexistent,-1.8,92.89299999999999,-46.2,1.244,5099.1,no
36,student,single,unknown,unknown,yes,no,cellular,may,mon,567,2,999,0,nonexistent,-1.8,92.89299999999999,-46.2,1.244,5099.1,no
58,management,married,university.degree,no,yes,no,cellular,may,mon,12,2,999,0,nonexistent,-1.8,92.89299999999999,-46.2,1.244,5099.1,no
38,technician,single,professional.course,no,yes,no,cellular,may,mon,428,2,999,0,nonexistent,-1.8,92.89299999999999,-46.2,1.244,5099.1,no
29,admin.,married,high.school,no,yes,no,cellular,may,mon,767,2,999,0,nonexistent,-1.8,92.89299999999999,-46.2,1.244,5099.1,yes
29,technician,single,university.degree,no,no,no,cellular,may,mon,68,2,999,0,nonexistent,-1.8,92.89299999999999,-46.2,1.244,5099.1,no
24,blue-collar,single,basic.9y,no,yes,no,cellular,may,mon,61,3,999,0,nonexistent,-1.8,92.89299999999999,-46.2,1.244,5099.1,no
52,blue-collar,married,basic.9y,unknown,no,no,cellular,may,mon,695,2,999,0,nonexistent,-1.8,92.89299999999999,-46.2,1.244,5099.1,no
34,blue-collar,married,basic.9y,no,yes,no,cellular,may,mon,239,2,11,1,success,-1.8,92.89299999999999,-46.2,1.244,5099.1,no
36,admin.,married,high.school,unknown,yes,no,cellular,may,mon,1434,2,999,1,failure,-1.8,92.89299999999999,-46.2,1.244,5099.1,no
37,self-employed,single,basic.4y,no,no,yes,cellular,may,mon,297,2,999,0,nonexistent,-1.8,92.89299999999999,-46.2,1.244,5099.1,no
38,technician,single,professional.course,no,yes,no,cellular,may,mon,202,3,999,1,failure,-1.8,92.89299999999999,-46.2,1.244,5099.1,no
44,unemployed,married,basic.9y,no,no,no,cellular,may,mon,194,3,999,0,nonexistent,-1.8,92.89299999999999,-46.2,1.244,5099.1,no
36,services,single,high.school,no,yes,no,cellular,may,mon,566,2,999,1,failure,-1.8,92.89299999999999,-46.2,1.244,5099.1,no
48,services,married,unknown,no,no,no,cellular,may,mon,486,2,999,0,nonexistent,-1.8,92.89299999999999,-46.2,1.244,5099.1,no
41,admin.,single,high.school,no,no,no,cellular,may,mon,207,4,999,0,nonexistent,-1.8,92.89299999999999,-46.2,1.244,5099.1,no
38,technician,single,basic.9y,no,no,no,cellular,may,mon,572,7,999,0,nonexistent,-1.8,92.89299999999999,-46.2,1.244,5099.1,no
28,services,divorced,high.school,no,yes,no,cellular,may,mon,217,4,999,1,failure,-1.8,92.89299999999999,-46.2,1.244,5099.1,no
33,technician,single,professional.course,no,yes,yes,cellular,may,mon,13,3,999,0,nonexistent,-1.8,92.89299999999999,-46.2,1.244,5099.1,no
29,admin.,married,high.school,no,yes,no,cellular,may,mon,112,4,999,1,failure,-1.8,92.89299999999999,-46.2,1.244,5099.1,no
49,technician,married,high.school,unknown,no,no,cellular,may,mon,222,4,999,1,failure,-1.8,92.89299999999999,-46.2,1.244,5099.1,no
41,admin.,single,high.school,no,no,no,cellular,may,mon,466,2,999,0,nonexistent,-1.8,92.89299999999999,-46.2,1.244,5099.1,no
47,services,married,high.school,no,no,no,cellular,may,mon,109,2,999,0,nonexistent,-1.8,92.89299999999999,-46.2,1.244,5099.1,no
38,admin.,single,high.school,no,no,no,cellular,may,mon,22,3,999,0,nonexistent,-1.8,92.89299999999999,-46.2,1.244,5099.1,no
52,admin.,divorced,high.school,no,yes,no,telephone,may,mon,54,2,999,1,failure,-1.8,92.89299999999999,-46.2,1.244,5099.1,no
33,admin.,married,university.degree,no,yes,yes,telephone,may,mon,895,12,999,0,nonexistent,-1.8,92.89299999999999,-46.2,1.244,5099.1,no
49,retired,married,high.school,no,yes,no,cellular,may,mon,83,2,999,0,nonexistent,-1.8,92.89299999999999,-46.2,1.244,5099.1,no
57,services,married,high.school,no,yes,no,cellular,may,mon,11,4,999,0,nonexistent,-1.8,92.89299999999999,-46.2,1.244,5099.1,no
38,admin.,married,high.school,no,unknown,unknown,cellular,may,mon,22,3,999,0,nonexistent,-1.8,92.89299999999999,-46.2,1.244,5099.1,no
31,services,married,high.school,no,yes,no,cellular,may,mon,32,2,999,0,nonexistent,-1.8,92.89299999999999,-46.2,1.244,5099.1,no
41,admin.,single,high.school,unknown,yes,no,telephone,may,mon,54,4,999,0,nonexistent,-1.8,92.89299999999999,-46.2,1.244,5099.1,no
26,admin.,single,university.degree,no,yes,no,cellular,may,mon,410,3,999,1,failure,-1.8,92.89299999999999,-46.2,1.244,5099.1,no
47,admin.,single,university.degree,no,no,no,cellular,may,mon,53,4,999,1,failure,-1.8,92.89299999999999,-46.2,1.244,5099.1,no
36,admin.,married,high.school,no,yes,no,cellular,may,mon,4,2,999,0,nonexistent,-1.8,92.89299999999999,-46.2,1.244,5099.1,no
25,technician,single,professional.course,no,unknown,unknown,cellular,may,mon,30,2,999,0,nonexistent,-1.8,92.89299999999999,-46.2,1.244,5099.1,no
29,admin.,married,high.school,no,yes,no,telephone,may,mon,27,10,999,0,nonexistent,-1.8,92.89299999999999,-46.2,1.244,5099.1,no
33,technician,married,professional.course,no,no,no,cellular,may,mon,453,2,999,0,nonexistent,-1.8,92.89299999999999,-46.2,1.244,5099.1,no
23,admin.,single,high.school,no,no,no,cellular,may,mon,16,5,999,0,nonexistent,-1.8,92.89299999999999,-46.2,1.244,5099.1,no
33,admin.,single,university.degree,no,yes,no,cellular,may,mon,324,4,999,0,nonexistent,-1.8,92.89299999999999,-46.2,1.244,5099.1,no
30,technician,single,university.degree,no,yes,no,cellular,may,mon,663,2,999,0,nonexistent,-1.8,92.89299999999999,-46.2,1.244,5099.1,no
41,admin.,single,high.school,no,no,yes,telephone,may,mon,36,6,999,0,nonexistent,-1.8,92.89299999999999,-46.2,1.244,5099.1,no
24,technician,married,professional.course,no,yes,no,cellular,may,mon,342,4,999,0,nonexistent,-1.8,92.89299999999999,-46.2,1.244,5099.1,no
37,blue-collar,married,basic.9y,no,yes,no,cellular,may,mon,22,2,999,0,nonexistent,-1.8,92.89299999999999,-46.2,1.244,5099.1,no
25,blue-collar,single,basic.9y,no,unknown,unknown,cellular,may,mon,10,2,999,0,nonexistent,-1.8,92.89299999999999,-46.2,1.244,5099.1,no
33,admin.,married,university.degree,no,yes,no,cellular,may,mon,82,3,999,0,nonexistent,-1.8,92.89299999999999,-46.2,1.244,5099.1,no
29,admin.,single,university.degree,no,no,no,cellular,may,mon,146,2,999,0,nonexistent,-1.8,92.89299999999999,-46.2,1.244,5099.1,no
24,management,single,university.degree,no,no,no,cellular,may,mon,64,2,999,0,nonexistent,-1.8,92.89299999999999,-46.2,1.244,5099.1,no
25,student,single,high.school,no,yes,no,cellular,may,mon,18,2,999,0,nonexistent,-1.8,92.89299999999999,-46.2,1.244,5099.1,no
38,technician,single,basic.9y,no,yes,no,cellular,may,mon,29,5,999,0,nonexistent,-1.8,92.89299999999999,-46.2,1.244,5099.1,no
23,services,married,basic.9y,unknown,yes,no,cellular,may,mon,20,6,999,0,nonexistent,-1.8,92.89299999999999,-46.2,1.244,5099.1,no
27,unemployed,married,high.school,no,yes,no,cellular,may,mon,11,4,999,0,nonexistent,-1.8,92.89299999999999,-46.2,1.244,5099.1,no
29,technician,single,university.degree,no,no,no,cellular,may,mon,50,7,999,0,nonexistent,-1.8,92.89299999999999,-46.2,1.244,5099.1,no
30,admin.,single,university.degree,no,yes,yes,cellular,may,mon,22,3,999,0,nonexistent,-1.8,92.89299999999999,-46.2,1.244,5099.1,no
33,technician,single,professional.course,no,no,no,cellular,may,mon,687,2,999,1,failure,-1.8,92.89299999999999,-46.2,1.244,5099.1,no
47,entrepreneur,married,professional.course,no,unknown,unknown,cellular,may,mon,44,2,999,0,nonexistent,-1.8,92.89299999999999,-46.2,1.244,5099.1,no
33,technician,married,professional.course,no,yes,no,cellular,may,mon,638,2,999,0,nonexistent,-1.8,92.89299999999999,-46.2,1.244,5099.1,yes
56,technician,single,professional.course,no,yes,no,cellular,may,mon,80,3,999,1,failure,-1.8,92.89299999999999,-46.2,1.244,5099.1,no
56,blue-collar,married,basic.4y,no,no,no,cellular,may,mon,197,3,999,0,nonexistent,-1.8,92.89299999999999,-46.2,1.244,5099.1,no
31,blue-collar,single,high.school,no,yes,no,cellular,may,mon,126,2,999,1,failure,-1.8,92.89299999999999,-46.2,1.244,5099.1,no
35,admin.,single,university.degree,no,yes,no,cellular,may,mon,424,2,999,0,nonexistent,-1.8,92.89299999999999,-46.2,1.244,5099.1,no
37,admin.,divorced,university.degree,unknown,yes,yes,cellular,may,mon,121,2,999,0,nonexistent,-1.8,92.89299999999999,-46.2,1.244,5099.1,no
33,admin.,single,university.degree,no,no,no,cellular,may,mon,305,2,999,0,nonexistent,-1.8,92.89299999999999,-46.2,1.244,5099.1,no
32,admin.,married,university.degree,no,yes,no,cellular,may,mon,232,2,999,0,nonexistent,-1.8,92.89299999999999,-46.2,1.244,5099.1,no
52,admin.,divorced,high.school,no,yes,yes,cellular,may,mon,80,2,999,0,nonexistent,-1.8,92.89299999999999,-46.2,1.244,5099.1,no
46,admin.,single,university.degree,no,no,yes,cellular,may,mon,11,6,999,0,nonexistent,-1.8,92.89299999999999,-46.2,1.244,5099.1,no
44,blue-collar,single,basic.9y,no,no,no,cellular,may,mon,267,4,999,1,failure,-1.8,92.89299999999999,-46.2,1.244,5099.1,no
41,unemployed,married,professional.course,no,yes,no,cellular,may,mon,34,7,999,0,nonexistent,-1.8,92.89299999999999,-46.2,1.244,5099.1,no
46,technician,divorced,professional.course,no,yes,no,cellular,may,mon,214,2,999,0,nonexistent,-1.8,92.89299999999999,-46.2,1.244,5099.1,no
58,management,divorced,university.degree,no,yes,no,telephone,may,mon,56,9,999,0,nonexistent,-1.8,92.89299999999999,-46.2,1.244,5099.1,no
30,services,married,university.degree,no,yes,no,cellular,may,mon,109,2,999,0,nonexistent,-1.8,92.89299999999999,-46.2,1.244,5099.1,no
37,management,divorced,university.degree,no,yes,no,cellular,may,mon,1173,3,9,1,success,-1.8,92.89299999999999,-46.2,1.244,5099.1,yes
31,technician,married,university.degree,no,yes,no,telephone,may,mon,45,4,999,0,nonexistent,-1.8,92.89299999999999,-46.2,1.244,5099.1,no
26,entrepreneur,single,high.school,no,yes,no,cellular,may,mon,226,2,999,0,nonexistent,-1.8,92.89299999999999,-46.2,1.244,5099.1,no
32,admin.,married,high.school,no,yes,no,cellular,may,mon,171,2,999,0,nonexistent,-1.8,92.89299999999999,-46.2,1.244,5099.1,no
43,admin.,divorced,high.school,no,yes,no,telephone,may,mon,150,8,999,0,nonexistent,-1.8,92.89299999999999,-46.2,1.244,5099.1,no
58,admin.,married,university.degree,no,yes,no,cellular,may,mon,1359,3,999,1,failure,-1.8,92.89299999999999,-46.2,1.244,5099.1,yes
41,technician,single,high.school,no,yes,no,cellular,may,mon,263,3,999,0,nonexistent,-1.8,92.89299999999999,-46.2,1.244,5099.1,no
55,admin.,married,university.degree,no,yes,no,cellular,may,mon,8,2,999,0,nonexistent,-1.8,92.89299999999999,-46.2,1.244,5099.1,no
46,services,single,professional.course,unknown,no,yes,cellular,may,mon,390,5,999,0,nonexistent,-1.8,92.89299999999999,-46.2,1.244,5099.1,yes
32,services,married,high.school,unknown,no,no,cellular,may,mon,642,3,10,1,success,-1.8,92.89299999999999,-46.2,1.244,5099.1,yes
32,blue-collar,married,basic.9y,unknown,no,no,cellular,may,mon,1880,2,999,0,nonexistent,-1.8,92.89299999999999,-46.2,1.244,5099.1,no
52,admin.,divorced,basic.9y,no,no,yes,cellular,may,mon,639,2,999,0,nonexistent,-1.8,92.89299999999999,-46.2,1.244,5099.1,yes
40,technician,single,professional.course,no,yes,no,cellular,may,fri,317,1,999,1,failure,-1.8,92.89299999999999,-46.2,1.2590000000000001,5099.1,yes
44,technician,married,professional.course,no,yes,no,cellular,may,fri,135,1,999,0,nonexistent,-1.8,92.89299999999999,-46.2,1.2590000000000001,5099.1,no
43,entrepreneur,married,professional.course,no,yes,yes,cellular,may,fri,114,1,999,1,failure,-1.8,92.89299999999999,-46.2,1.2590000000000001,5099.1,no
38,services,married,high.school,no,yes,no,cellular,may,fri,324,1,999,1,failure,-1.8,92.89299999999999,-46.2,1.2590000000000001,5099.1,yes
81,retired,divorced,unknown,unknown,yes,yes,cellular,may,fri,176,1,999,0,nonexistent,-1.8,92.89299999999999,-46.2,1.2590000000000001,5099.1,yes
45,admin.,single,university.degree,no,no,no,cellular,may,fri,582,1,3,1,success,-1.8,92.89299999999999,-46.2,1.2590000000000001,5099.1,yes
35,technician,divorced,professional.course,no,yes,no,cellular,may,fri,394,1,999,0,nonexistent,-1.8,92.89299999999999,-46.2,1.2590000000000001,5099.1,no
35,technician,divorced,professional.course,no,no,no,cellular,may,fri,169,1,999,1,failure,-1.8,92.89299999999999,-46.2,1.2590000000000001,5099.1,no
35,technician,divorced,professional.course,no,no,no,cellular,may,fri,354,1,999,0,nonexistent,-1.8,92.89299999999999,-46.2,1.2590000000000001,5099.1,yes
35,admin.,married,high.school,no,yes,no,cellular,may,fri,121,1,999,0,nonexistent,-1.8,92.89299999999999,-46.2,1.2590000000000001,5099.1,no
45,admin.,married,unknown,no,no,no,cellular,may,fri,78,1,999,1,failure,-1.8,92.89299999999999,-46.2,1.2590000000000001,5099.1,no
45,admin.,married,unknown,no,yes,no,cellular,may,fri,271,1,999,0,nonexistent,-1.8,92.89299999999999,-46.2,1.2590000000000001,5099.1,yes
39,technician,single,university.degree,no,yes,no,cellular,may,fri,150,1,999,0,nonexistent,-1.8,92.89299999999999,-46.2,1.2590000000000001,5099.1,no
39,technician,single,university.degree,no,yes,no,cellular,may,fri,119,1,999,0,nonexistent,-1.8,92.89299999999999,-46.2,1.2590000000000001,5099.1,no
40,management,married,high.school,no,yes,yes,cellular,may,fri,230,1,999,0,nonexistent,-1.8,92.89299999999999,-46.2,1.2590000000000001,5099.1,no
36,admin.,married,professional.course,no,yes,yes,cellular,may,fri,89,1,999,0,nonexistent,-1.8,92.89299999999999,-46.2,1.2590000000000001,5099.1,no
23,student,single,basic.9y,no,no,yes,cellular,may,fri,563,1,999,0,nonexistent,-1.8,92.89299999999999,-46.2,1.2590000000000001,5099.1,no
27,admin.,single,university.degree,no,no,no,cellular,may,fri,86,1,3,1,success,-1.8,92.89299999999999,-46.2,1.2590000000000001,5099.1,no
27,admin.,single,university.degree,no,yes,no,cellular,may,fri,120,1,999,0,nonexistent,-1.8,92.89299999999999,-46.2,1.2590000000000001,5099.1,no
27,admin.,single,university.degree,no,yes,no,cellular,may,fri,680,1,999,1,failure,-1.8,92.89299999999999,-46.2,1.2590000000000001,5099.1,no
58,retired,married,basic.9y,no,no,yes,cellular,may,fri,235,2,999,0,nonexistent,-1.8,92.89299999999999,-46.2,1.2590000000000001,5099.1,no
83,retired,married,basic.9y,no,yes,yes,cellular,may,fri,74,1,3,3,failure,-1.8,92.89299999999999,-46.2,1.2590000000000001,5099.1,no
30,admin.,married,university.degree,no,yes,no,cellular,may,fri,158,1,999,1,failure,-1.8,92.89299999999999,-46.2,1.2590000000000001,5099.1,no
49,admin.,married,university.degree,no,yes,no,cellular,may,fri,168,1,999,0,nonexistent,-1.8,92.89299999999999,-46.2,1.2590000000000001,5099.1,no
49,admin.,married,university.degree,no,no,no,telephone,may,fri,152,1,999,0,nonexistent,-1.8,92.89299999999999,-46.2,1.2590000000000001,5099.1,no
66,housemaid,married,high.school,no,yes,no,cellular,may,fri,210,1,999,0,nonexistent,-1.8,92.89299999999999,-46.2,1.2590000000000001,5099.1,no
37,technician,married,university.degree,no,yes,yes,cellular,may,fri,239,1,999,0,nonexistent,-1.8,92.89299999999999,-46.2,1.2590000000000001,5099.1,no
57,admin.,married,basic.6y,no,yes,no,cellular,may,fri,100,1,999,0,nonexistent,-1.8,92.89299999999999,-46.2,1.2590000000000001,5099.1,no
57,admin.,married,basic.6y,no,no,no,cellular,may,fri,259,1,999,1,failure,-1.8,92.89299999999999,-46.2,1.2590000000000001,5099.1,no
40,technician,single,professional.course,no,yes,no,cellular,may,fri,320,1,999,0,nonexistent,-1.8,92.89299999999999,-46.2,1.2590000000000001,5099.1,no
55,admin.,married,university.degree,no,no,no,cellular,may,fri,190,1,999,0,nonexistent,-1.8,92.89299999999999,-46.2,1.2590000000000001,5099.1,no
46,unknown,single,unknown,no,yes,yes,cellular,may,fri,136,1,999,0,nonexistent,-1.8,92.89299999999999,-46.2,1.2590000000000001,5099.1,no
18,student,single,high.school,no,no,no,cellular,may,fri,271,1,999,1,failure,-1.8,92.89299999999999,-46.2,1.2590000000000001,5099.1,yes
18,student,single,high.school,no,yes,no,cellular,may,fri,251,1,1,2,success,-1.8,92.89299999999999,-46.2,1.2590000000000001,5099.1,no
48,entrepreneur,married,university.degree,no,yes,no,cellular,may,fri,316,2,999,0,nonexistent,-1.8,92.89299999999999,-46.2,1.2590000000000001,5099.1,yes
57,admin.,married,university.degree,no,yes,no,cellular,may,fri,554,2,999,0,nonexistent,-1.8,92.89299999999999,-46.2,1.2590000000000001,5099.1,yes
62,technician,married,professional.course,no,yes,no,cellular,may,fri,181,2,999,1,failure,-1.8,92.89299999999999,-46.2,1.2590000000000001,5099.1,no
29,admin.,unknown,university.degree,no,no,no,cellular,may,fri,264,2,999,1,failure,-1.8,92.89299999999999,-46.2,1.2590000000000001,5099.1,no
43,technician,married,high.school,no,yes,no,cellular,may,fri,81,1,999,0,nonexistent,-1.8,92.89299999999999,-46.2,1.2590000000000001,5099.1,no
75,retired,divorced,basic.4y,no,yes,yes,cellular,may,fri,83,3,999,0,nonexistent,-1.8,92.89299999999999,-46.2,1.2590000000000001,5099.1,no
46,technician,married,university.degree,no,no,no,cellular,may,fri,566,7,999,0,nonexistent,-1.8,92.89299999999999,-46.2,1.2590000000000001,5099.1,no
43,technician,married,high.school,no,no,no,cellular,may,fri,223,1,3,1,success,-1.8,92.89299999999999,-46.2,1.2590000000000001,5099.1,yes
38,admin.,married,university.degree,no,yes,yes,cellular,may,fri,80,1,999,0,nonexistent,-1.8,92.89299999999999,-46.2,1.2590000000000001,5099.1,no
26,student,single,professional.course,no,no,yes,cellular,may,fri,182,2,999,0,nonexistent,-1.8,92.89299999999999,-46.2,1.2590000000000001,5099.1,yes
28,technician,single,professional.course,no,no,no,cellular,may,fri,198,1,3,1,success,-1.8,92.89299999999999,-46.2,1.2590000000000001,5099.1,yes
31,services,single,high.school,no,no,no,cellular,may,fri,293,2,999,0,nonexistent,-1.8,92.89299999999999,-46.2,1.2590000000000001,5099.1,yes
28,admin.,single,university.degree,no,yes,no,cellular,may,fri,50,2,999,0,nonexistent,-1.8,92.89299999999999,-46.2,1.2590000000000001,5099.1,no
27,admin.,married,high.school,no,yes,no,cellular,may,fri,137,2,999,0,nonexistent,-1.8,92.89299999999999,-46.2,1.2590000000000001,5099.1,no
40,management,married,high.school,no,no,no,cellular,may,fri,253,1,999,1,failure,-1.8,92.89299999999999,-46.2,1.2590000000000001,5099.1,no
35,technician,married,university.degree,no,yes,yes,telephone,may,fri,231,2,999,0,nonexistent,-1.8,92.89299999999999,-46.2,1.2590000000000001,5099.1,yes
49,admin.,married,university.degree,no,yes,no,cellular,may,fri,105,2,999,0,nonexistent,-1.8,92.89299999999999,-46.2,1.2590000000000001,5099.1,no
45,blue-collar,married,professional.course,no,yes,no,cellular,may,fri,157,3,999,0,nonexistent,-1.8,92.89299999999999,-46.2,1.2590000000000001,5099.1,no
30,admin.,married,university.degree,no,yes,yes,cellular,may,fri,449,4,999,0,nonexistent,-1.8,92.89299999999999,-46.2,1.2590000000000001,5099.1,yes
59,technician,married,professional.course,no,yes,no,cellular,may,fri,43,1,999,0,nonexistent,-1.8,92.89299999999999,-46.2,1.2590000000000001,5099.1,no
59,self-employed,single,university.degree,no,yes,no,telephone,may,fri,249,3,999,0,nonexistent,-1.8,92.89299999999999,-46.2,1.2590000000000001,5099.1,no
37,admin.,married,university.degree,no,yes,no,cellular,may,fri,685,1,999,0,nonexistent,-1.8,92.89299999999999,-46.2,1.2590000000000001,5099.1,yes
37,housemaid,single,university.degree,no,no,no,cellular,may,fri,288,2,999,0,nonexistent,-1.8,92.89299999999999,-46.2,1.2590000000000001,5099.1,yes
26,admin.,single,university.degree,no,yes,no,telephone,may,fri,23,2,999,0,nonexistent,-1.8,92.89299999999999,-46.2,1.2590000000000001,5099.1,no
34,admin.,single,university.degree,no,yes,yes,cellular,may,fri,46,3,999,0,nonexistent,-1.8,92.89299999999999,-46.2,1.2590000000000001,5099.1,no
48,services,married,high.school,no,no,no,cellular,may,mon,97,3,999,2,failure,-1.8,92.89299999999999,-46.2,1.264,5099.1,no
46,admin.,single,high.school,no,yes,yes,cellular,may,mon,65,2,999,0,nonexistent,-1.8,92.89299999999999,-46.2,1.264,5099.1,no
50,admin.,divorced,university.degree,no,yes,yes,cellular,may,mon,644,1,999,0,nonexistent,-1.8,92.89299999999999,-46.2,1.264,5099.1,no
27,admin.,married,university.degree,no,no,yes,telephone,may,mon,86,1,999,1,failure,-1.8,92.89299999999999,-46.2,1.264,5099.1,no
34,admin.,married,university.degree,no,yes,no,cellular,may,mon,304,1,999,0,nonexistent,-1.8,92.89299999999999,-46.2,1.264,5099.1,no
34,admin.,married,university.degree,no,yes,yes,cellular,may,mon,582,1,999,0,nonexistent,-1.8,92.89299999999999,-46.2,1.264,5099.1,no
26,admin.,single,university.degree,no,yes,no,cellular,may,mon,365,5,999,0,nonexistent,-1.8,92.89299999999999,-46.2,1.264,5099.1,no
44,technician,married,basic.9y,no,yes,yes,cellular,may,mon,354,1,999,0,nonexistent,-1.8,92.89299999999999,-46.2,1.264,5099.1,no
32,admin.,married,university.degree,no,no,no,cellular,may,mon,112,1,999,0,nonexistent,-1.8,92.89299999999999,-46.2,1.264,5099.1,no
36,technician,married,university.degree,no,yes,yes,cellular,may,mon,101,1,999,0,nonexistent,-1.8,92.89299999999999,-46.2,1.264,5099.1,no
24,admin.,single,university.degree,no,no,no,cellular,may,mon,174,1,999,1,failure,-1.8,92.89299999999999,-46.2,1.264,5099.1,no
36,self-employed,married,university.degree,no,no,no,cellular,may,mon,128,1,999,0,nonexistent,-1.8,92.89299999999999,-46.2,1.264,5099.1,no
44,services,married,high.school,no,yes,yes,cellular,may,mon,283,1,999,1,failure,-1.8,92.89299999999999,-46.2,1.264,5099.1,yes
53,technician,married,professional.course,no,no,no,cellular,may,mon,421,1,999,0,nonexistent,-1.8,92.89299999999999,-46.2,1.264,5099.1,yes
36,admin.,married,high.school,no,no,no,cellular,may,mon,119,1,999,0,nonexistent,-1.8,92.89299999999999,-46.2,1.264,5099.1,yes
33,blue-collar,married,basic.9y,no,yes,yes,cellular,may,mon,70,1,999,0,nonexistent,-1.8,92.89299999999999,-46.2,1.264,5099.1,no
58,housemaid,married,basic.4y,no,no,no,cellular,may,mon,91,1,999,0,nonexistent,-1.8,92.89299999999999,-46.2,1.264,5099.1,no
33,unemployed,married,high.school,no,yes,yes,cellular,may,mon,109,1,999,0,nonexistent,-1.8,92.89299999999999,-46.2,1.264,5099.1,no
44,blue-collar,single,professional.course,no,yes,no,cellular,may,mon,64,1,999,0,nonexistent,-1.8,92.89299999999999,-46.2,1.264,5099.1,no
44,blue-collar,single,professional.course,no,no,no,cellular,may,mon,104,1,999,0,nonexistent,-1.8,92.89299999999999,-46.2,1.264,5099.1,no
54,management,married,university.degree,no,no,no,cellular,may,mon,397,1,999,1,failure,-1.8,92.89299999999999,-46.2,1.264,5099.1,yes
36,admin.,single,university.degree,no,no,no,cellular,may,mon,327,1,999,0,nonexistent,-1.8,92.89299999999999,-46.2,1.264,5099.1,no
55,unemployed,married,basic.9y,no,no,yes,cellular,may,mon,296,1,999,0,nonexistent,-1.8,92.89299999999999,-46.2,1.264,5099.1,yes
27,admin.,single,university.degree,no,yes,yes,cellular,may,mon,179,1,999,0,nonexistent,-1.8,92.89299999999999,-46.2,1.264,5099.1,no
52,entrepreneur,married,basic.6y,no,yes,no,cellular,may,mon,69,1,999,0,nonexistent,-1.8,92.89299999999999,-46.2,1.264,5099.1,no
62,retired,single,university.degree,no,yes,yes,cellular,may,mon,112,1,999,0,nonexistent,-1.8,92.89299999999999,-46.2,1.264,5099.1,no
42,entrepreneur,married,university.degree,no,yes,no,cellular,may,mon,265,1,999,0,nonexistent,-1.8,92.89299999999999,-46.2,1.264,5099.1,no
37,blue-collar,single,professional.course,no,no,no,cellular,may,mon,54,1,999,0,nonexistent,-1.8,92.89299999999999,-46.2,1.264,5099.1,no
46,admin.,single,university.degree,no,no,no,cellular,may,mon,70,1,999,0,nonexistent,-1.8,92.89299999999999,-46.2,1.264,5099.1,no
46,admin.,single,university.degree,no,no,no,cellular,may,mon,269,1,999,1,failure,-1.8,92.89299999999999,-46.2,1.264,5099.1,yes
46,admin.,single,university.degree,no,yes,no,cellular,may,mon,92,1,999,0,nonexistent,-1.8,92.89299999999999,-46.2,1.264,5099.1,no
56,retired,married,high.school,no,no,yes,cellular,may,mon,613,2,999,0,nonexistent,-1.8,92.89299999999999,-46.2,1.264,5099.1,no
34,admin.,married,university.degree,no,yes,no,cellular,may,mon,915,2,999,0,nonexistent,-1.8,92.89299999999999,-46.2,1.264,5099.1,yes
54,admin.,single,university.degree,no,yes,no,cellular,may,mon,485,1,999,0,nonexistent,-1.8,92.89299999999999,-46.2,1.264,5099.1,no
34,admin.,married,university.degree,no,yes,no,cellular,may,mon,185,1,2,1,success,-1.8,92.89299999999999,-46.2,1.264,5099.1,no
43,blue-collar,married,basic.9y,no,no,yes,cellular,may,mon,487,1,3,1,success,-1.8,92.89299999999999,-46.2,1.264,5099.1,yes
32,admin.,single,university.degree,unknown,yes,no,cellular,may,mon,157,4,999,1,failure,-1.8,92.89299999999999,-46.2,1.264,5099.1,no
25,admin.,married,university.degree,no,unknown,unknown,cellular,may,mon,612,7,999,0,nonexistent,-1.8,92.89299999999999,-46.2,1.264,5099.1,yes
26,unknown,single,basic.9y,no,yes,yes,cellular,may,mon,64,1,3,1,success,-1.8,92.89299999999999,-46.2,1.264,5099.1,no
32,admin.,divorced,high.school,no,no,no,cellular,may,mon,111,1,999,0,nonexistent,-1.8,92.89299999999999,-46.2,1.264,5099.1,no
37,technician,married,university.degree,no,yes,no,cellular,may,mon,288,1,3,1,success,-1.8,92.89299999999999,-46.2,1.264,5099.1,yes
36,admin.,married,university.degree,no,no,yes,cellular,may,mon,305,1,999,0,nonexistent,-1.8,92.89299999999999,-46.2,1.264,5099.1,no
36,admin.,married,university.degree,no,yes,yes,cellular,may,mon,77,1,999,0,nonexistent,-1.8,92.89299999999999,-46.2,1.264,5099.1,no
58,housemaid,married,basic.4y,no,yes,no,cellular,may,mon,144,1,999,0,nonexistent,-1.8,92.89299999999999,-46.2,1.264,5099.1,no
36,self-employed,married,university.degree,no,no,yes,cellular,may,mon,159,2,999,1,failure,-1.8,92.89299999999999,-46.2,1.264,5099.1,no
33,unemployed,married,high.school,no,yes,no,cellular,may,mon,74,1,999,1,failure,-1.8,92.89299999999999,-46.2,1.264,5099.1,no
36,self-employed,married,university.degree,no,yes,no,cellular,may,mon,176,1,999,0,nonexistent,-1.8,92.89299999999999,-46.2,1.264,5099.1,no
36,self-employed,married,university.degree,no,no,no,cellular,may,mon,54,1,999,0,nonexistent,-1.8,92.89299999999999,-46.2,1.264,5099.1,no
46,unemployed,married,basic.9y,no,yes,no,cellular,may,mon,205,1,999,1,failure,-1.8,92.89299999999999,-46.2,1.264,5099.1,no
34,admin.,married,university.degree,no,yes,no,telephone,may,mon,180,1,999,0,nonexistent,-1.8,92.89299999999999,-46.2,1.264,5099.1,no
61,retired,married,basic.9y,no,no,no,cellular,may,mon,324,1,999,0,nonexistent,-1.8,92.89299999999999,-46.2,1.264,5099.1,no
34,admin.,married,university.degree,no,yes,no,cellular,may,mon,159,1,999,1,failure,-1.8,92.89299999999999,-46.2,1.264,5099.1,no
35,admin.,married,high.school,no,yes,no,cellular,may,mon,226,1,999,0,nonexistent,-1.8,92.89299999999999,-46.2,1.264,5099.1,yes
35,admin.,married,university.degree,no,yes,no,cellular,may,mon,109,1,999,0,nonexistent,-1.8,92.89299999999999,-46.2,1.264,5099.1,no
43,technician,divorced,professional.course,no,yes,no,cellular,may,mon,143,1,999,0,nonexistent,-1.8,92.89299999999999,-46.2,1.264,5099.1,no
42,technician,married,professional.course,no,no,no,cellular,may,mon,377,1,999,0,nonexistent,-1.8,92.89299999999999,-46.2,1.264,5099.1,yes
30,admin.,single,high.school,no,yes,no,cellular,may,mon,158,2,999,0,nonexistent,-1.8,92.89299999999999,-46.2,1.264,5099.1,yes
27,management,single,university.degree,no,yes,no,cellular,may,mon,115,2,3,1,success,-1.8,92.89299999999999,-46.2,1.264,5099.1,no
78,retired,married,high.school,no,yes,no,cellular,may,mon,754,2,3,2,failure,-1.8,92.89299999999999,-46.2,1.264,5099.1,no
55,self-employed,married,university.degree,no,yes,no,cellular,may,mon,123,2,999,0,nonexistent,-1.8,92.89299999999999,-46.2,1.264,5099.1,no
32,admin.,married,university.degree,no,no,no,cellular,may,mon,166,3,12,2,failure,-1.8,92.89299999999999,-46.2,1.264,5099.1,no
41,admin.,married,high.school,no,yes,yes,cellular,may,mon,217,1,999,0,nonexistent,-1.8,92.89299999999999,-46.2,1.264,5099.1,no
46,admin.,married,university.degree,no,yes,no,telephone,may,mon,243,4,999,0,nonexistent,-1.8,92.89299999999999,-46.2,1.264,5099.1,no
47,admin.,divorced,high.school,no,yes,no,cellular,may,mon,142,4,999,1,failure,-1.8,92.89299999999999,-46.2,1.264,5099.1,no
28,technician,single,high.school,no,yes,no,telephone,may,mon,100,3,999,0,nonexistent,-1.8,92.89299999999999,-46.2,1.264,5099.1,no
36,self-employed,married,university.degree,no,yes,no,cellular,may,mon,414,2,999,1,failure,-1.8,92.89299999999999,-46.2,1.264,5099.1,yes
34,technician,single,professional.course,no,yes,no,cellular,may,mon,601,2,999,1,failure,-1.8,92.89299999999999,-46.2,1.264,5099.1,yes
38,management,married,university.degree,no,yes,no,cellular,may,tue,111,2,999,0,nonexistent,-1.8,92.89299999999999,-46.2,1.266,5099.1,no
33,admin.,married,university.degree,no,yes,no,cellular,may,tue,164,3,999,0,nonexistent,-1.8,92.89299999999999,-46.2,1.266,5099.1,no
44,blue-collar,married,professional.course,no,yes,yes,cellular,may,tue,133,2,999,1,failure,-1.8,92.89299999999999,-46.2,1.266,5099.1,no
52,services,married,high.school,no,yes,no,cellular,may,tue,108,2,999,0,nonexistent,-1.8,92.89299999999999,-46.2,1.266,5099.1,no
29,admin.,single,university.degree,no,no,yes,cellular,may,tue,527,2,3,1,success,-1.8,92.89299999999999,-46.2,1.266,5099.1,no
26,admin.,single,university.degree,no,no,no,cellular,may,tue,135,4,999,1,failure,-1.8,92.89299999999999,-46.2,1.266,5099.1,no
29,self-employed,married,university.degree,no,no,no,cellular,may,tue,107,2,999,0,nonexistent,-1.8,92.89299999999999,-46.2,1.266,5099.1,no
36,admin.,married,university.degree,no,no,no,cellular,may,tue,65,1,999,1,failure,-1.8,92.89299999999999,-46.2,1.266,5099.1,no
31,management,married,high.school,no,yes,no,cellular,may,tue,78,1,999,1,failure,-1.8,92.89299999999999,-46.2,1.266,5099.1,no
49,blue-collar,married,basic.9y,no,no,no,cellular,may,tue,135,1,999,2,failure,-1.8,92.89299999999999,-46.2,1.266,5099.1,no
60,retired,married,university.degree,no,yes,no,cellular,may,tue,133,1,3,1,success,-1.8,92.89299999999999,-46.2,1.266,5099.1,yes
32,admin.,married,university.degree,no,yes,no,cellular,may,tue,293,2,999,2,failure,-1.8,92.89299999999999,-46.2,1.266,5099.1,no
65,retired,married,unknown,no,no,no,cellular,may,tue,318,1,999,0,nonexistent,-1.8,92.89299999999999,-46.2,1.266,5099.1,no
30,housemaid,married,high.school,no,yes,no,cellular,may,tue,84,1,999,0,nonexistent,-1.8,92.89299999999999,-46.2,1.266,5099.1,no
38,blue-collar,married,basic.9y,no,yes,no,cellular,may,tue,119,1,999,0,nonexistent,-1.8,92.89299999999999,-46.2,1.266,5099.1,no
31,admin.,married,university.degree,no,yes,no,cellular,may,tue,1078,1,999,0,nonexistent,-1.8,92.89299999999999,-46.2,1.266,5099.1,yes
58,management,married,university.degree,no,yes,no,cellular,may,tue,640,1,999,0,nonexistent,-1.8,92.89299999999999,-46.2,1.266,5099.1,yes
39,admin.,married,high.school,no,no,no,cellular,may,tue,109,1,999,0,nonexistent,-1.8,92.89299999999999,-46.2,1.266,5099.1,no
33,blue-collar,married,basic.9y,no,yes,no,cellular,may,tue,482,1,999,0,nonexistent,-1.8,92.89299999999999,-46.2,1.266,5099.1,yes
39,admin.,married,high.school,no,yes,no,cellular,may,tue,71,5,999,1,failure,-1.8,92.89299999999999,-46.2,1.266,5099.1,no
27,student,single,high.school,no,yes,yes,cellular,may,tue,91,1,999,0,nonexistent,-1.8,92.89299999999999,-46.2,1.266,5099.1,yes
36,admin.,single,university.degree,no,yes,no,cellular,may,tue,260,2,999,0,nonexistent,-1.8,92.89299999999999,-46.2,1.266,5099.1,no
40,student,single,high.school,no,yes,no,cellular,may,tue,333,1,999,0,nonexistent,-1.8,92.89299999999999,-46.2,1.266,5099.1,no
55,retired,married,high.school,no,yes,no,cellular,may,tue,228,1,999,0,nonexistent,-1.8,92.89299999999999,-46.2,1.266,5099.1,no
55,retired,married,high.school,no,no,no,cellular,may,tue,256,1,999,0,nonexistent,-1.8,92.89299999999999,-46.2,1.266,5099.1,no
51,retired,married,high.school,no,yes,no,cellular,may,tue,302,1,999,1,failure,-1.8,92.89299999999999,-46.2,1.266,5099.1,no
61,unknown,single,basic.4y,no,yes,no,cellular,may,tue,154,1,999,0,nonexistent,-1.8,92.89299999999999,-46.2,1.266,5099.1,no
25,admin.,single,university.degree,no,yes,yes,cellular,may,tue,500,2,999,0,nonexistent,-1.8,92.89299999999999,-46.2,1.266,5099.1,no
35,admin.,married,high.school,no,no,no,cellular,may,tue,172,2,999,0,nonexistent,-1.8,92.89299999999999,-46.2,1.266,5099.1,no
61,unknown,single,basic.4y,no,yes,no,cellular,may,tue,574,1,3,1,success,-1.8,92.89299999999999,-46.2,1.266,5099.1,no
55,housemaid,married,professional.course,no,yes,no,telephone,may,tue,137,5,999,0,nonexistent,-1.8,92.89299999999999,-46.2,1.266,5099.1,no
29,admin.,single,university.degree,no,yes,no,cellular,may,tue,244,1,999,0,nonexistent,-1.8,92.89299999999999,-46.2,1.266,5099.1,no
27,admin.,single,university.degree,no,no,no,cellular,may,tue,134,1,3,1,success,-1.8,92.89299999999999,-46.2,1.266,5099.1,no
24,technician,single,professional.course,no,no,no,telephone,may,tue,240,4,999,0,nonexistent,-1.8,92.89299999999999,-46.2,1.266,5099.1,no
35,admin.,married,high.school,no,no,no,telephone,may,tue,122,2,999,0,nonexistent,-1.8,92.89299999999999,-46.2,1.266,5099.1,no
45,admin.,divorced,university.degree,no,yes,no,cellular,may,tue,351,1,999,0,nonexistent,-1.8,92.89299999999999,-46.2,1.266,5099.1,no
28,technician,single,university.degree,no,yes,no,cellular,may,tue,326,1,999,0,nonexistent,-1.8,92.89299999999999,-46.2,1.266,5099.1,yes
28,unemployed,single,high.school,no,no,yes,cellular,may,tue,58,1,3,1,success,-1.8,92.89299999999999,-46.2,1.266,5099.1,no
55,entrepreneur,married,professional.course,no,yes,no,cellular,may,tue,56,2,999,0,nonexistent,-1.8,92.89299999999999,-46.2,1.266,5099.1,no
31,admin.,married,high.school,no,yes,no,cellular,may,tue,208,2,999,1,failure,-1.8,92.89299999999999,-46.2,1.266,5099.1,yes
29,self-employed,married,university.degree,no,no,no,cellular,may,tue,94,1,999,0,nonexistent,-1.8,92.89299999999999,-46.2,1.266,5099.1,no
35,management,single,university.degree,no,no,no,cellular,may,tue,68,1,999,0,nonexistent,-1.8,92.89299999999999,-46.2,1.266,5099.1,no
34,admin.,single,university.degree,no,no,no,cellular,may,tue,171,1,999,0,nonexistent,-1.8,92.89299999999999,-46.2,1.266,5099.1,no
28,blue-collar,married,basic.9y,no,yes,no,cellular,may,tue,3509,2,3,2,success,-1.8,92.89299999999999,-46.2,1.266,5099.1,no
54,admin.,divorced,professional.course,no,yes,no,cellular,may,tue,81,1,999,1,failure,-1.8,92.89299999999999,-46.2,1.266,5099.1,no
59,retired,married,basic.4y,no,no,no,cellular,may,tue,128,1,999,0,nonexistent,-1.8,92.89299999999999,-46.2,1.266,5099.1,no
22,student,single,high.school,no,no,no,cellular,may,tue,304,1,999,0,nonexistent,-1.8,92.89299999999999,-46.2,1.266,5099.1,no
36,admin.,married,professional.course,no,no,no,cellular,may,tue,55,1,999,1,failure,-1.8,92.89299999999999,-46.2,1.266,5099.1,no
36,services,married,high.school,no,yes,no,cellular,may,tue,83,1,1,1,success,-1.8,92.89299999999999,-46.2,1.266,5099.1,no
37,entrepreneur,single,basic.9y,no,yes,no,cellular,may,tue,222,1,2,1,success,-1.8,92.89299999999999,-46.2,1.266,5099.1,no
36,services,married,high.school,no,yes,no,cellular,may,tue,145,1,999,2,failure,-1.8,92.89299999999999,-46.2,1.266,5099.1,no
36,admin.,married,high.school,no,no,no,telephone,may,tue,1346,1,999,0,nonexistent,-1.8,92.89299999999999,-46.2,1.266,5099.1,yes
28,admin.,single,university.degree,no,no,no,cellular,may,tue,118,1,999,2,failure,-1.8,92.89299999999999,-46.2,1.266,5099.1,no
42,admin.,married,university.degree,no,no,no,cellular,may,tue,85,1,999,0,nonexistent,-1.8,92.89299999999999,-46.2,1.266,5099.1,no
42,admin.,married,university.degree,no,yes,no,cellular,may,tue,251,1,999,1,failure,-1.8,92.89299999999999,-46.2,1.266,5099.1,no
31,technician,single,university.degree,no,yes,yes,cellular,may,tue,69,1,3,1,success,-1.8,92.89299999999999,-46.2,1.266,5099.1,no
22,student,single,high.school,no,no,no,cellular,may,tue,245,2,999,2,failure,-1.8,92.89299999999999,-46.2,1.266,5099.1,no
33,admin.,single,high.school,no,yes,no,cellular,may,tue,135,1,999,0,nonexistent,-1.8,92.89299999999999,-46.2,1.266,5099.1,no
29,admin.,single,university.degree,no,yes,no,cellular,may,tue,88,1,999,0,nonexistent,-1.8,92.89299999999999,-46.2,1.266,5099.1,no
33,admin.,single,university.degree,no,yes,no,cellular,may,tue,125,1,999,2,failure,-1.8,92.89299999999999,-46.2,1.266,5099.1,no
25,admin.,single,university.degree,no,yes,no,cellular,may,tue,228,1,999,0,nonexistent,-1.8,92.89299999999999,-46.2,1.266,5099.1,yes
22,student,single,high.school,no,yes,yes,cellular,may,tue,131,2,999,0,nonexistent,-1.8,92.89299999999999,-46.2,1.266,5099.1,yes
28,blue-collar,married,basic.9y,no,yes,no,cellular,may,tue,390,1,999,0,nonexistent,-1.8,92.89299999999999,-46.2,1.266,5099.1,yes
28,admin.,single,university.degree,no,yes,no,cellular,may,tue,187,1,999,0,nonexistent,-1.8,92.89299999999999,-46.2,1.266,5099.1,no
36,services,married,high.school,no,yes,no,cellular,may,tue,161,2,999,0,nonexistent,-1.8,92.89299999999999,-46.2,1.266,5099.1,no
27,services,married,university.degree,no,yes,no,cellular,may,tue,445,1,999,0,nonexistent,-1.8,92.89299999999999,-46.2,1.266,5099.1,yes
27,services,married,university.degree,no,no,no,cellular,may,tue,223,1,999,0,nonexistent,-1.8,92.89299999999999,-46.2,1.266,5099.1,no
49,management,single,university.degree,no,yes,yes,cellular,may,tue,141,1,999,1,failure,-1.8,92.89299999999999,-46.2,1.266,5099.1,no
39,blue-collar,married,basic.9y,no,yes,no,cellular,may,tue,149,1,999,0,nonexistent,-1.8,92.89299999999999,-46.2,1.266,5099.1,no
32,technician,married,professional.course,no,yes,no,cellular,may,tue,579,1,999,0,nonexistent,-1.8,92.89299999999999,-46.2,1.266,5099.1,yes
39,blue-collar,married,basic.9y,no,yes,no,cellular,may,tue,136,1,999,0,nonexistent,-1.8,92.89299999999999,-46.2,1.266,5099.1,no
34,services,married,high.school,no,no,no,cellular,may,tue,222,3,999,0,nonexistent,-1.8,92.89299999999999,-46.2,1.266,5099.1,no
34,housemaid,married,university.degree,no,yes,no,cellular,may,tue,58,1,999,0,nonexistent,-1.8,92.89299999999999,-46.2,1.266,5099.1,no
48,blue-collar,married,high.school,no,no,no,cellular,may,tue,407,2,3,1,success,-1.8,92.89299999999999,-46.2,1.266,5099.1,no
48,blue-collar,married,high.school,no,no,no,cellular,may,tue,252,2,999,0,nonexistent,-1.8,92.89299999999999,-46.2,1.266,5099.1,no
29,management,single,university.degree,no,yes,no,cellular,may,tue,112,1,999,0,nonexistent,-1.8,92.89299999999999,-46.2,1.266,5099.1,no
33,technician,married,university.degree,no,no,no,cellular,may,tue,87,1,999,1,failure,-1.8,92.89299999999999,-46.2,1.266,5099.1,no
31,admin.,married,university.degree,no,no,no,cellular,may,tue,176,1,999,0,nonexistent,-1.8,92.89299999999999,-46.2,1.266,5099.1,no
21,student,single,high.school,no,yes,no,cellular,may,tue,226,2,999,0,nonexistent,-1.8,92.89299999999999,-46.2,1.266,5099.1,yes
42,services,married,high.school,no,yes,yes,cellular,may,tue,103,2,999,0,nonexistent,-1.8,92.89299999999999,-46.2,1.266,5099.1,no
25,technician,single,professional.course,no,yes,no,cellular,may,tue,260,1,999,0,nonexistent,-1.8,92.89299999999999,-46.2,1.266,5099.1,no
52,services,married,high.school,no,yes,no,telephone,may,tue,108,4,999,0,nonexistent,-1.8,92.89299999999999,-46.2,1.266,5099.1,no
37,technician,single,professional.course,no,no,no,cellular,may,tue,89,1,999,0,nonexistent,-1.8,92.89299999999999,-46.2,1.266,5099.1,no
25,admin.,single,university.degree,no,yes,yes,cellular,may,tue,82,1,999,0,nonexistent,-1.8,92.89299999999999,-46.2,1.266,5099.1,no
49,admin.,single,university.degree,no,no,no,cellular,may,tue,132,1,999,1,failure,-1.8,92.89299999999999,-46.2,1.266,5099.1,no
49,admin.,single,university.degree,no,yes,no,cellular,may,tue,147,1,999,0,nonexistent,-1.8,92.89299999999999,-46.2,1.266,5099.1,no
49,admin.,single,university.degree,no,no,no,cellular,may,tue,362,1,999,1,failure,-1.8,92.89299999999999,-46.2,1.266,5099.1,no
29,admin.,married,university.degree,no,yes,no,cellular,may,tue,212,1,999,0,nonexistent,-1.8,92.89299999999999,-46.2,1.266,5099.1,no
38,technician,married,university.degree,no,yes,no,cellular,may,tue,118,2,999,0,nonexistent,-1.8,92.89299999999999,-46.2,1.266,5099.1,no
39,admin.,married,high.school,no,no,no,cellular,may,tue,264,2,999,0,nonexistent,-1.8,92.89299999999999,-46.2,1.266,5099.1,no
59,self-employed,married,university.degree,no,no,no,cellular,may,tue,94,2,999,1,failure,-1.8,92.89299999999999,-46.2,1.266,5099.1,no
23,student,single,basic.6y,no,yes,no,cellular,may,tue,258,1,999,0,nonexistent,-1.8,92.89299999999999,-46.2,1.266,5099.1,no
59,self-employed,married,university.degree,no,no,no,cellular,may,tue,137,2,999,0,nonexistent,-1.8,92.89299999999999,-46.2,1.266,5099.1,no
30,admin.,single,high.school,no,yes,no,cellular,may,tue,245,3,3,1,success,-1.8,92.89299999999999,-46.2,1.266,5099.1,no
41,blue-collar,married,basic.9y,no,yes,no,cellular,may,tue,253,1,999,0,nonexistent,-1.8,92.89299999999999,-46.2,1.266,5099.1,yes
27,services,married,university.degree,no,no,no,cellular,may,tue,752,2,3,1,success,-1.8,92.89299999999999,-46.2,1.266,5099.1,no
29,technician,single,high.school,no,no,yes,cellular,may,tue,185,1,999,0,nonexistent,-1.8,92.89299999999999,-46.2,1.266,5099.1,yes
32,admin.,single,university.degree,no,unknown,unknown,cellular,may,tue,129,2,999,0,nonexistent,-1.8,92.89299999999999,-46.2,1.266,5099.1,no
47,retired,divorced,university.degree,no,no,no,cellular,may,tue,175,2,999,0,nonexistent,-1.8,92.89299999999999,-46.2,1.266,5099.1,no
27,admin.,single,university.degree,no,yes,no,cellular,may,wed,480,2,999,0,nonexistent,-1.8,92.89299999999999,-46.2,1.27,5099.1,no
32,admin.,single,university.degree,no,no,no,cellular,may,wed,532,2,999,0,nonexistent,-1.8,92.89299999999999,-46.2,1.27,5099.1,no
25,admin.,single,university.degree,no,yes,yes,cellular,may,wed,163,2,999,0,nonexistent,-1.8,92.89299999999999,-46.2,1.27,5099.1,no
34,services,married,high.school,no,no,no,cellular,may,wed,71,3,999,0,nonexistent,-1.8,92.89299999999999,-46.2,1.27,5099.1,no
54,admin.,divorced,university.degree,no,unknown,unknown,cellular,may,wed,161,1,999,0,nonexistent,-1.8,92.89299999999999,-46.2,1.27,5099.1,no
42,technician,married,professional.course,no,no,no,cellular,may,wed,82,2,999,0,nonexistent,-1.8,92.89299999999999,-46.2,1.27,5099.1,no
30,admin.,married,university.degree,no,no,no,cellular,may,wed,121,1,999,0,nonexistent,-1.8,92.89299999999999,-46.2,1.27,5099.1,no
31,admin.,single,high.school,no,no,no,cellular,may,wed,439,1,3,1,success,-1.8,92.89299999999999,-46.2,1.27,5099.1,yes
34,admin.,married,university.degree,no,yes,yes,cellular,may,wed,242,1,7,1,success,-1.8,92.89299999999999,-46.2,1.27,5099.1,yes
30,technician,married,professional.course,no,no,no,cellular,may,wed,188,2,999,0,nonexistent,-1.8,92.89299999999999,-46.2,1.27,5099.1,no
47,management,married,high.school,no,no,no,cellular,may,wed,282,1,999,0,nonexistent,-1.8,92.89299999999999,-46.2,1.27,5099.1,no
39,admin.,single,high.school,no,yes,no,cellular,may,wed,130,3,999,0,nonexistent,-1.8,92.89299999999999,-46.2,1.27,5099.1,no
31,blue-collar,married,basic.4y,no,no,no,cellular,may,wed,116,1,999,0,nonexistent,-1.8,92.89299999999999,-46.2,1.27,5099.1,yes
54,unemployed,married,basic.9y,no,no,no,telephone,may,wed,108,1,999,0,nonexistent,-1.8,92.89299999999999,-46.2,1.27,5099.1,no
31,blue-collar,married,basic.4y,no,no,no,cellular,may,wed,81,1,999,0,nonexistent,-1.8,92.89299999999999,-46.2,1.27,5099.1,no
31,blue-collar,married,basic.4y,no,no,no,cellular,may,wed,128,1,999,1,failure,-1.8,92.89299999999999,-46.2,1.27,5099.1,no
30,management,married,university.degree,no,no,no,cellular,may,wed,283,1,999,0,nonexistent,-1.8,92.89299999999999,-46.2,1.27,5099.1,no
50,admin.,divorced,university.degree,no,yes,yes,cellular,may,wed,155,3,999,0,nonexistent,-1.8,92.89299999999999,-46.2,1.27,5099.1,yes
35,admin.,single,university.degree,no,yes,no,cellular,may,wed,138,2,999,0,nonexistent,-1.8,92.89299999999999,-46.2,1.27,5099.1,no
26,services,single,high.school,no,no,no,cellular,may,wed,119,2,999,0,nonexistent,-1.8,92.89299999999999,-46.2,1.27,5099.1,no
52,admin.,married,university.degree,no,yes,yes,cellular,may,wed,159,1,999,0,nonexistent,-1.8,92.89299999999999,-46.2,1.27,5099.1,no
56,technician,married,basic.4y,no,no,no,cellular,may,wed,776,3,3,1,success,-1.8,92.89299999999999,-46.2,1.27,5099.1,yes
24,admin.,single,university.degree,no,yes,no,cellular,may,wed,140,2,999,0,nonexistent,-1.8,92.89299999999999,-46.2,1.27,5099.1,no
31,admin.,married,university.degree,no,yes,no,cellular,may,wed,136,2,3,1,success,-1.8,92.89299999999999,-46.2,1.27,5099.1,no
68,retired,married,university.degree,no,yes,yes,cellular,may,wed,145,2,999,0,nonexistent,-1.8,92.89299999999999,-46.2,1.27,5099.1,no
37,blue-collar,married,basic.9y,no,no,no,cellular,may,wed,224,7,999,0,nonexistent,-1.8,92.89299999999999,-46.2,1.27,5099.1,no
34,admin.,married,university.degree,no,yes,no,cellular,may,wed,95,1,999,1,failure,-1.8,92.89299999999999,-46.2,1.27,5099.1,no
29,management,married,university.degree,no,yes,no,cellular,may,wed,281,4,999,1,failure,-1.8,92.89299999999999,-46.2,1.27,5099.1,yes
38,housemaid,married,university.degree,no,yes,no,cellular,may,wed,90,1,999,0,nonexistent,-1.8,92.89299999999999,-46.2,1.27,5099.1,no
32,admin.,single,university.degree,no,yes,no,telephone,may,wed,76,1,999,0,nonexistent,-1.8,92.89299999999999,-46.2,1.27,5099.1,no
26,self-employed,single,university.degree,no,no,no,cellular,may,wed,119,1,3,1,success,-1.8,92.89299999999999,-46.2,1.27,5099.1,yes
33,admin.,single,university.degree,no,yes,no,cellular,may,wed,200,1,999,0,nonexistent,-1.8,92.89299999999999,-46.2,1.27,5099.1,yes
25,admin.,single,university.degree,no,no,no,cellular,may,wed,114,1,999,0,nonexistent,-1.8,92.89299999999999,-46.2,1.27,5099.1,no
61,blue-collar,married,basic.4y,no,no,no,cellular,may,wed,62,1,999,0,nonexistent,-1.8,92.89299999999999,-46.2,1.27,5099.1,no
34,admin.,married,university.degree,no,no,no,cellular,may,wed,1576,1,999,0,nonexistent,-1.8,92.89299999999999,-46.2,1.27,5099.1,no
32,blue-collar,single,high.school,no,no,no,cellular,may,wed,329,1,999,0,nonexistent,-1.8,92.89299999999999,-46.2,1.27,5099.1,yes
41,blue-collar,married,basic.9y,no,yes,yes,cellular,may,wed,107,2,999,0,nonexistent,-1.8,92.89299999999999,-46.2,1.27,5099.1,no
41,technician,married,professional.course,no,yes,yes,cellular,may,wed,204,2,999,0,nonexistent,-1.8,92.89299999999999,-46.2,1.27,5099.1,no
26,self-employed,married,university.degree,no,no,no,cellular,may,wed,367,2,999,0,nonexistent,-1.8,92.89299999999999,-46.2,1.27,5099.1,yes
66,unknown,divorced,unknown,unknown,yes,no,cellular,may,wed,82,2,999,1,failure,-1.8,92.89299999999999,-46.2,1.27,5099.1,no
40,technician,single,university.degree,no,no,no,telephone,may,wed,146,1,999,0,nonexistent,-1.8,92.89299999999999,-46.2,1.27,5099.1,no
26,student,single,high.school,no,no,no,cellular,may,wed,424,1,999,0,nonexistent,-1.8,92.89299999999999,-46.2,1.27,5099.1,no
32,admin.,single,university.degree,no,no,no,cellular,may,wed,103,1,999,0,nonexistent,-1.8,92.89299999999999,-46.2,1.27,5099.1,no
38,management,married,university.degree,no,no,no,telephone,may,wed,165,1,999,0,nonexistent,-1.8,92.89299999999999,-46.2,1.27,5099.1,yes
52,admin.,married,university.degree,no,no,no,cellular,may,wed,242,2,7,1,success,-1.8,92.89299999999999,-46.2,1.27,5099.1,no
56,retired,married,university.degree,no,no,no,cellular,may,wed,108,2,999,0,nonexistent,-1.8,92.89299999999999,-46.2,1.27,5099.1,yes
45,technician,married,professional.course,no,yes,no,cellular,may,wed,207,5,999,0,nonexistent,-1.8,92.89299999999999,-46.2,1.27,5099.1,no
37,blue-collar,married,basic.9y,no,no,no,cellular,may,wed,73,2,999,0,nonexistent,-1.8,92.89299999999999,-46.2,1.27,5099.1,no
30,student,single,high.school,no,yes,no,cellular,may,wed,156,4,3,1,success,-1.8,92.89299999999999,-46.2,1.27,5099.1,no
40,admin.,single,university.degree,no,yes,no,cellular,may,wed,112,2,999,0,nonexistent,-1.8,92.89299999999999,-46.2,1.27,5099.1,no
26,self-employed,single,university.degree,no,no,no,cellular,may,wed,78,1,999,0,nonexistent,-1.8,92.89299999999999,-46.2,1.27,5099.1,no
43,admin.,single,university.degree,no,yes,no,cellular,may,wed,110,3,999,0,nonexistent,-1.8,92.89299999999999,-46.2,1.27,5099.1,no
32,admin.,single,university.degree,no,no,no,cellular,may,wed,183,2,999,0,nonexistent,-1.8,92.89299999999999,-46.2,1.27,5099.1,no
61,blue-collar,married,basic.4y,no,no,yes,cellular,may,wed,74,2,999,0,nonexistent,-1.8,92.89299999999999,-46.2,1.27,5099.1,no
35,blue-collar,single,basic.9y,no,yes,no,cellular,may,wed,123,2,999,0,nonexistent,-1.8,92.89299999999999,-46.2,1.27,5099.1,no
35,unemployed,married,university.degree,no,no,no,cellular,may,wed,76,2,999,0,nonexistent,-1.8,92.89299999999999,-46.2,1.27,5099.1,no
24,technician,single,professional.course,no,unknown,unknown,cellular,may,wed,311,2,999,0,nonexistent,-1.8,92.89299999999999,-46.2,1.27,5099.1,yes
32,services,married,high.school,no,yes,no,telephone,may,wed,628,2,999,0,nonexistent,-1.8,92.89299999999999,-46.2,1.27,5099.1,yes
53,self-employed,married,university.degree,no,no,yes,cellular,may,wed,141,3,6,1,success,-1.8,92.89299999999999,-46.2,1.27,5099.1,no
34,admin.,married,university.degree,no,no,no,cellular,may,wed,89,4,999,1,failure,-1.8,92.89299999999999,-46.2,1.27,5099.1,no
35,admin.,single,high.school,no,no,no,cellular,may,wed,236,3,999,0,nonexistent,-1.8,92.89299999999999,-46.2,1.27,5099.1,no
34,admin.,married,university.degree,no,yes,no,cellular,may,wed,99,2,3,1,success,-1.8,92.89299999999999,-46.2,1.27,5099.1,no
32,technician,married,university.degree,no,yes,no,telephone,may,wed,186,2,999,0,nonexistent,-1.8,92.89299999999999,-46.2,1.27,5099.1,no
36,technician,married,professional.course,no,yes,no,telephone,may,wed,86,4,999,0,nonexistent,-1.8,92.89299999999999,-46.2,1.27,5099.1,no
30,management,married,university.degree,no,no,no,cellular,may,thu,162,7,999,0,nonexistent,-1.8,92.89299999999999,-46.2,1.27,5099.1,no
66,unknown,married,basic.4y,no,yes,yes,cellular,may,thu,110,2,999,0,nonexistent,-1.8,92.89299999999999,-46.2,1.27,5099.1,no
40,blue-collar,married,basic.4y,no,yes,no,cellular,may,thu,681,6,999,0,nonexistent,-1.8,92.89299999999999,-46.2,1.27,5099.1,no
35,admin.,married,university.degree,no,no,no,cellular,may,thu,322,3,999,0,nonexistent,-1.8,92.89299999999999,-46.2,1.27,5099.1,no
35,admin.,married,high.school,no,yes,no,cellular,may,thu,210,2,3,1,success,-1.8,92.89299999999999,-46.2,1.27,5099.1,no
27,technician,single,university.degree,no,yes,no,cellular,may,thu,568,8,999,0,nonexistent,-1.8,92.89299999999999,-46.2,1.27,5099.1,no
37,entrepreneur,divorced,university.degree,no,yes,no,cellular,may,thu,294,2,999,1,failure,-1.8,92.89299999999999,-46.2,1.27,5099.1,no
23,student,single,high.school,no,yes,no,cellular,may,thu,77,1,999,1,failure,-1.8,92.89299999999999,-46.2,1.27,5099.1,no
26,student,single,high.school,no,no,no,cellular,may,thu,93,3,999,0,nonexistent,-1.8,92.89299999999999,-46.2,1.27,5099.1,no
24,management,single,university.degree,no,no,no,cellular,may,thu,121,6,999,0,nonexistent,-1.8,92.89299999999999,-46.2,1.27,5099.1,no
32,admin.,married,university.degree,no,yes,yes,cellular,may,thu,135,3,999,0,nonexistent,-1.8,92.89299999999999,-46.2,1.27,5099.1,no
52,admin.,divorced,university.degree,no,yes,yes,cellular,may,thu,414,3,999,0,nonexistent,-1.8,92.89299999999999,-46.2,1.27,5099.1,no
35,admin.,married,high.school,no,yes,no,cellular,may,thu,60,2,999,2,failure,-1.8,92.89299999999999,-46.2,1.27,5099.1,no
53,technician,divorced,high.school,no,yes,no,cellular,may,thu,151,4,999,0,nonexistent,-1.8,92.89299999999999,-46.2,1.27,5099.1,no
28,technician,single,university.degree,no,no,no,cellular,may,thu,68,2,999,0,nonexistent,-1.8,92.89299999999999,-46.2,1.27,5099.1,no
23,student,single,high.school,no,no,no,cellular,may,thu,361,2,999,0,nonexistent,-1.8,92.89299999999999,-46.2,1.27,5099.1,no
41,unemployed,married,university.degree,no,no,no,cellular,may,thu,142,3,999,0,nonexistent,-1.8,92.89299999999999,-46.2,1.27,5099.1,no
26,technician,single,university.degree,no,yes,no,cellular,may,thu,174,4,2,1,success,-1.8,92.89299999999999,-46.2,1.27,5099.1,yes
37,entrepreneur,divorced,university.degree,no,no,yes,cellular,may,thu,95,3,999,0,nonexistent,-1.8,92.89299999999999,-46.2,1.27,5099.1,no
28,services,single,high.school,no,no,no,telephone,may,thu,32,2,999,0,nonexistent,-1.8,92.89299999999999,-46.2,1.27,5099.1,no
45,services,married,high.school,no,yes,yes,cellular,may,thu,141,3,999,0,nonexistent,-1.8,92.89299999999999,-46.2,1.27,5099.1,no
35,admin.,married,high.school,no,yes,yes,cellular,may,thu,81,2,999,0,nonexistent,-1.8,92.89299999999999,-46.2,1.27,5099.1,no
37,entrepreneur,divorced,university.degree,no,yes,yes,telephone,may,thu,71,1,999,0,nonexistent,-1.8,92.89299999999999,-46.2,1.27,5099.1,no
27,technician,single,university.degree,no,no,no,cellular,may,thu,68,1,999,0,nonexistent,-1.8,92.89299999999999,-46.2,1.27,5099.1,no
60,admin.,married,university.degree,no,yes,no,cellular,jun,mon,324,3,3,1,success,-2.9,92.963,-40.8,1.266,5076.2,yes
29,admin.,single,high.school,no,yes,no,cellular,jun,mon,295,1,999,0,nonexistent,-2.9,92.963,-40.8,1.266,5076.2,yes
32,technician,married,professional.course,no,yes,no,cellular,jun,mon,108,1,999,0,nonexistent,-2.9,92.963,-40.8,1.266,5076.2,no
45,unemployed,married,basic.9y,no,yes,no,cellular,jun,mon,201,1,999,0,nonexistent,-2.9,92.963,-40.8,1.266,5076.2,no
35,blue-collar,single,professional.course,no,no,no,cellular,jun,mon,71,1,999,0,nonexistent,-2.9,92.963,-40.8,1.266,5076.2,no
35,blue-collar,single,professional.course,no,yes,no,cellular,jun,mon,264,1,999,0,nonexistent,-2.9,92.963,-40.8,1.266,5076.2,yes
46,admin.,divorced,university.degree,no,yes,no,cellular,jun,mon,110,1,999,0,nonexistent,-2.9,92.963,-40.8,1.266,5076.2,no
32,admin.,married,university.degree,no,yes,no,cellular,jun,mon,103,1,999,1,failure,-2.9,92.963,-40.8,1.266,5076.2,yes
27,admin.,single,university.degree,no,yes,yes,cellular,jun,mon,331,1,999,0,nonexistent,-2.9,92.963,-40.8,1.266,5076.2,yes
37,entrepreneur,married,basic.6y,no,yes,no,cellular,jun,mon,377,1,999,0,nonexistent,-2.9,92.963,-40.8,1.266,5076.2,yes
33,admin.,married,university.degree,no,yes,no,cellular,jun,mon,346,1,999,0,nonexistent,-2.9,92.963,-40.8,1.266,5076.2,no
52,admin.,single,university.degree,no,no,yes,cellular,jun,mon,212,1,999,0,nonexistent,-2.9,92.963,-40.8,1.266,5076.2,no
36,technician,married,university.degree,no,yes,no,cellular,jun,mon,192,1,999,0,nonexistent,-2.9,92.963,-40.8,1.266,5076.2,yes
45,unemployed,married,basic.9y,no,yes,no,cellular,jun,mon,129,1,999,1,failure,-2.9,92.963,-40.8,1.266,5076.2,no
29,admin.,single,university.degree,no,yes,no,cellular,jun,mon,154,1,999,0,nonexistent,-2.9,92.963,-40.8,1.266,5076.2,no
41,admin.,married,university.degree,no,no,no,cellular,jun,mon,175,1,999,0,nonexistent,-2.9,92.963,-40.8,1.266,5076.2,no
22,student,single,basic.6y,no,yes,no,cellular,jun,mon,814,1,3,1,success,-2.9,92.963,-40.8,1.266,5076.2,no
58,admin.,married,university.degree,no,yes,no,cellular,jun,mon,65,1,999,0,nonexistent,-2.9,92.963,-40.8,1.266,5076.2,no
57,retired,married,professional.course,no,yes,no,cellular,jun,mon,166,2,999,0,nonexistent,-2.9,92.963,-40.8,1.266,5076.2,yes
52,admin.,single,university.degree,no,yes,no,cellular,jun,mon,327,1,999,0,nonexistent,-2.9,92.963,-40.8,1.266,5076.2,yes
28,admin.,single,university.degree,no,no,no,cellular,jun,mon,69,1,999,1,failure,-2.9,92.963,-40.8,1.266,5076.2,yes
28,admin.,single,university.degree,no,yes,no,cellular,jun,mon,353,1,999,0,nonexistent,-2.9,92.963,-40.8,1.266,5076.2,no
47,management,married,university.degree,no,no,no,cellular,jun,mon,210,1,999,0,nonexistent,-2.9,92.963,-40.8,1.266,5076.2,no
31,services,married,basic.9y,no,yes,no,telephone,jun,mon,277,1,999,0,nonexistent,-2.9,92.963,-40.8,1.266,5076.2,no
41,technician,married,university.degree,no,yes,yes,cellular,jun,mon,244,2,999,0,nonexistent,-2.9,92.963,-40.8,1.266,5076.2,no
31,services,married,basic.9y,no,no,no,cellular,jun,mon,84,1,999,0,nonexistent,-2.9,92.963,-40.8,1.266,5076.2,yes
31,services,married,basic.9y,no,yes,no,cellular,jun,mon,208,1,999,0,nonexistent,-2.9,92.963,-40.8,1.266,5076.2,no
31,services,married,basic.9y,no,yes,no,cellular,jun,mon,326,1,999,0,nonexistent,-2.9,92.963,-40.8,1.266,5076.2,yes
30,blue-collar,married,basic.9y,no,no,no,cellular,jun,mon,285,1,999,0,nonexistent,-2.9,92.963,-40.8,1.266,5076.2,no
57,admin.,married,university.degree,no,yes,no,cellular,jun,mon,161,2,999,0,nonexistent,-2.9,92.963,-40.8,1.266,5076.2,no
39,admin.,married,university.degree,no,no,no,cellular,jun,mon,165,1,999,0,nonexistent,-2.9,92.963,-40.8,1.266,5076.2,no
27,admin.,married,university.degree,no,unknown,unknown,cellular,jun,mon,459,1,999,1,failure,-2.9,92.963,-40.8,1.266,5076.2,no
59,retired,married,professional.course,no,yes,yes,cellular,jun,mon,1460,1,999,0,nonexistent,-2.9,92.963,-40.8,1.266,5076.2,yes
32,technician,single,university.degree,no,no,no,cellular,jun,mon,1048,1,999,0,nonexistent,-2.9,92.963,-40.8,1.266,5076.2,yes
57,blue-collar,divorced,basic.4y,no,no,no,cellular,jun,mon,233,1,12,1,success,-2.9,92.963,-40.8,1.266,5076.2,no
33,admin.,married,university.degree,no,no,no,cellular,jun,mon,335,2,999,0,nonexistent,-2.9,92.963,-40.8,1.266,5076.2,yes
37,admin.,married,university.degree,no,yes,yes,cellular,jun,mon,412,2,999,0,nonexistent,-2.9,92.963,-40.8,1.266,5076.2,yes
45,blue-collar,married,basic.9y,no,no,no,cellular,jun,mon,177,2,999,0,nonexistent,-2.9,92.963,-40.8,1.266,5076.2,yes
24,student,single,university.degree,no,no,no,cellular,jun,mon,223,1,999,0,nonexistent,-2.9,92.963,-40.8,1.266,5076.2,no
65,retired,married,basic.9y,no,no,no,cellular,jun,mon,579,1,999,0,nonexistent,-2.9,92.963,-40.8,1.266,5076.2,yes
65,housemaid,married,basic.4y,no,no,no,cellular,jun,mon,145,2,999,0,nonexistent,-2.9,92.963,-40.8,1.266,5076.2,no
30,technician,single,basic.9y,no,no,no,cellular,jun,mon,93,1,12,1,success,-2.9,92.963,-40.8,1.266,5076.2,no
49,management,married,university.degree,no,yes,no,telephone,jun,mon,153,1,999,0,nonexistent,-2.9,92.963,-40.8,1.266,5076.2,no
49,management,married,university.degree,no,no,no,cellular,jun,mon,164,1,999,0,nonexistent,-2.9,92.963,-40.8,1.266,5076.2,no
49,management,married,university.degree,no,yes,no,cellular,jun,mon,128,1,999,1,failure,-2.9,92.963,-40.8,1.266,5076.2,no
49,management,married,university.degree,no,yes,no,cellular,jun,mon,339,1,999,0,nonexistent,-2.9,92.963,-40.8,1.266,5076.2,yes
44,housemaid,married,university.degree,no,no,no,cellular,jun,mon,223,1,999,1,failure,-2.9,92.963,-40.8,1.266,5076.2,no
34,admin.,single,university.degree,no,no,no,cellular,jun,mon,62,1,999,0,nonexistent,-2.9,92.963,-40.8,1.266,5076.2,no
34,admin.,single,university.degree,no,no,no,cellular,jun,mon,151,1,999,1,failure,-2.9,92.963,-40.8,1.266,5076.2,no
24,blue-collar,single,basic.9y,no,unknown,unknown,cellular,jun,mon,128,1,3,1,success,-2.9,92.963,-40.8,1.266,5076.2,no
31,blue-collar,married,basic.9y,unknown,yes,no,cellular,jun,mon,388,1,999,0,nonexistent,-2.9,92.963,-40.8,1.266,5076.2,no
55,admin.,married,high.school,no,no,no,cellular,jun,mon,180,1,999,0,nonexistent,-2.9,92.963,-40.8,1.266,5076.2,no
77,management,single,basic.9y,no,no,no,cellular,jun,mon,84,2,999,1,failure,-2.9,92.963,-40.8,1.266,5076.2,no
30,admin.,married,university.degree,no,no,no,telephone,jun,mon,194,1,999,0,nonexistent,-2.9,92.963,-40.8,1.266,5076.2,no
27,admin.,married,university.degree,no,yes,no,cellular,jun,mon,761,2,999,0,nonexistent,-2.9,92.963,-40.8,1.266,5076.2,no
43,admin.,married,high.school,unknown,yes,no,cellular,jun,mon,153,1,999,0,nonexistent,-2.9,92.963,-40.8,1.266,5076.2,no
21,student,single,high.school,no,yes,no,cellular,jun,mon,202,2,999,0,nonexistent,-2.9,92.963,-40.8,1.266,5076.2,yes
36,admin.,married,university.degree,no,no,no,cellular,jun,mon,174,1,3,1,success,-2.9,92.963,-40.8,1.266,5076.2,yes
33,unemployed,single,university.degree,no,no,no,telephone,jun,mon,89,1,999,1,failure,-2.9,92.963,-40.8,1.266,5076.2,no
31,technician,married,unknown,no,yes,no,cellular,jun,mon,84,1,999,1,failure,-2.9,92.963,-40.8,1.266,5076.2,no
56,retired,divorced,university.degree,no,yes,no,cellular,jun,mon,164,1,3,1,success,-2.9,92.963,-40.8,1.266,5076.2,no
27,technician,married,professional.course,no,yes,no,cellular,jun,mon,492,1,999,0,nonexistent,-2.9,92.963,-40.8,1.266,5076.2,no
29,admin.,single,university.degree,no,no,no,cellular,jun,mon,114,1,999,0,nonexistent,-2.9,92.963,-40.8,1.266,5076.2,yes
36,unemployed,married,university.degree,unknown,yes,no,cellular,jun,mon,450,1,999,1,failure,-2.9,92.963,-40.8,1.266,5076.2,no
49,management,married,university.degree,no,no,no,cellular,jun,mon,215,2,999,0,nonexistent,-2.9,92.963,-40.8,1.266,5076.2,yes
45,unemployed,married,basic.9y,no,no,no,cellular,jun,mon,232,2,999,0,nonexistent,-2.9,92.963,-40.8,1.266,5076.2,yes
36,self-employed,married,university.degree,no,no,yes,cellular,jun,mon,284,1,999,1,failure,-2.9,92.963,-40.8,1.266,5076.2,yes
32,admin.,single,university.degree,no,yes,no,cellular,jun,mon,253,1,999,0,nonexistent,-2.9,92.963,-40.8,1.266,5076.2,yes
58,retired,divorced,professional.course,no,yes,no,cellular,jun,mon,470,1,999,0,nonexistent,-2.9,92.963,-40.8,1.266,5076.2,no
28,student,single,high.school,no,yes,no,cellular,jun,mon,1144,2,999,0,nonexistent,-2.9,92.963,-40.8,1.266,5076.2,yes
28,self-employed,single,university.degree,no,no,no,cellular,jun,mon,373,2,999,0,nonexistent,-2.9,92.963,-40.8,1.266,5076.2,no
34,blue-collar,married,high.school,no,yes,no,cellular,jun,mon,78,2,999,0,nonexistent,-2.9,92.963,-40.8,1.266,5076.2,no
72,admin.,married,university.degree,no,yes,no,cellular,jun,mon,134,1,999,0,nonexistent,-2.9,92.963,-40.8,1.266,5076.2,no
31,services,single,university.degree,no,yes,no,telephone,jun,mon,55,2,999,0,nonexistent,-2.9,92.963,-40.8,1.266,5076.2,no
28,self-employed,single,university.degree,no,yes,yes,cellular,jun,mon,187,2,999,0,nonexistent,-2.9,92.963,-40.8,1.266,5076.2,no
55,retired,divorced,university.degree,no,yes,no,cellular,jun,mon,113,2,999,0,nonexistent,-2.9,92.963,-40.8,1.266,5076.2,no
32,blue-collar,unknown,basic.9y,no,yes,no,cellular,jun,mon,314,1,999,0,nonexistent,-2.9,92.963,-40.8,1.266,5076.2,yes
39,admin.,married,university.degree,no,yes,no,cellular,jun,mon,206,1,999,1,failure,-2.9,92.963,-40.8,1.266,5076.2,no
43,admin.,married,high.school,unknown,yes,no,cellular,jun,mon,288,1,999,0,nonexistent,-2.9,92.963,-40.8,1.266,5076.2,no
25,admin.,single,university.degree,no,yes,no,cellular,jun,tue,93,2,999,0,nonexistent,-2.9,92.963,-40.8,1.262,5076.2,no
26,technician,single,professional.course,no,yes,no,cellular,jun,tue,163,2,3,1,success,-2.9,92.963,-40.8,1.262,5076.2,yes
28,management,married,basic.6y,no,no,yes,cellular,jun,tue,111,1,999,0,nonexistent,-2.9,92.963,-40.8,1.262,5076.2,no
52,unknown,married,professional.course,unknown,yes,no,cellular,jun,tue,149,1,999,0,nonexistent,-2.9,92.963,-40.8,1.262,5076.2,no
37,technician,single,university.degree,no,yes,no,cellular,jun,tue,96,1,999,0,nonexistent,-2.9,92.963,-40.8,1.262,5076.2,no
67,admin.,married,basic.4y,unknown,no,no,cellular,jun,tue,466,1,999,0,nonexistent,-2.9,92.963,-40.8,1.262,5076.2,yes
21,management,single,university.degree,no,unknown,unknown,cellular,jun,tue,106,1,999,0,nonexistent,-2.9,92.963,-40.8,1.262,5076.2,no
26,technician,divorced,university.degree,no,yes,no,cellular,jun,tue,101,1,3,1,success,-2.9,92.963,-40.8,1.262,5076.2,no
33,admin.,single,university.degree,no,yes,no,cellular,jun,tue,257,3,999,0,nonexistent,-2.9,92.963,-40.8,1.262,5076.2,yes
26,admin.,single,high.school,no,no,no,cellular,jun,tue,479,1,999,0,nonexistent,-2.9,92.963,-40.8,1.262,5076.2,yes
26,technician,divorced,university.degree,no,no,no,cellular,jun,tue,437,1,999,0,nonexistent,-2.9,92.963,-40.8,1.262,5076.2,yes
33,admin.,single,university.degree,no,yes,no,cellular,jun,tue,198,2,999,0,nonexistent,-2.9,92.963,-40.8,1.262,5076.2,no
43,blue-collar,married,basic.9y,no,yes,no,cellular,jun,tue,395,1,999,0,nonexistent,-2.9,92.963,-40.8,1.262,5076.2,yes
40,admin.,single,high.school,no,yes,no,cellular,jun,tue,154,1,999,1,failure,-2.9,92.963,-40.8,1.262,5076.2,no
27,student,single,basic.9y,no,yes,yes,cellular,jun,tue,107,1,999,0,nonexistent,-2.9,92.963,-40.8,1.262,5076.2,yes
58,retired,divorced,high.school,no,yes,no,cellular,jun,tue,663,1,999,0,nonexistent,-2.9,92.963,-40.8,1.262,5076.2,yes
32,admin.,single,high.school,no,yes,no,cellular,jun,tue,350,1,999,0,nonexistent,-2.9,92.963,-40.8,1.262,5076.2,yes
35,services,married,high.school,no,yes,yes,cellular,jun,tue,126,1,999,1,failure,-2.9,92.963,-40.8,1.262,5076.2,no
39,admin.,married,professional.course,no,yes,yes,cellular,jun,tue,145,1,999,0,nonexistent,-2.9,92.963,-40.8,1.262,5076.2,no
47,management,married,basic.9y,no,yes,no,cellular,jun,tue,118,2,3,1,success,-2.9,92.963,-40.8,1.262,5076.2,no
48,technician,married,high.school,no,yes,no,cellular,jun,tue,115,1,999,0,nonexistent,-2.9,92.963,-40.8,1.262,5076.2,no
59,retired,divorced,university.degree,no,no,no,cellular,jun,tue,368,2,999,0,nonexistent,-2.9,92.963,-40.8,1.262,5076.2,no
46,unemployed,married,basic.9y,no,yes,no,cellular,jun,tue,62,1,999,0,nonexistent,-2.9,92.963,-40.8,1.262,5076.2,no
46,unemployed,married,basic.9y,no,unknown,unknown,cellular,jun,tue,96,1,999,0,nonexistent,-2.9,92.963,-40.8,1.262,5076.2,no
46,unemployed,married,basic.9y,no,no,no,cellular,jun,tue,294,1,999,0,nonexistent,-2.9,92.963,-40.8,1.262,5076.2,yes
67,admin.,married,basic.4y,unknown,yes,no,cellular,jun,tue,177,2,999,1,failure,-2.9,92.963,-40.8,1.262,5076.2,no
33,admin.,married,university.degree,no,yes,no,cellular,jun,tue,690,1,999,0,nonexistent,-2.9,92.963,-40.8,1.262,5076.2,yes
32,admin.,married,university.degree,no,no,no,cellular,jun,tue,596,1,999,0,nonexistent,-2.9,92.963,-40.8,1.262,5076.2,yes
37,technician,single,university.degree,no,no,no,cellular,jun,tue,654,1,999,1,failure,-2.9,92.963,-40.8,1.262,5076.2,yes
49,admin.,divorced,university.degree,no,yes,no,cellular,jun,tue,144,1,999,0,nonexistent,-2.9,92.963,-40.8,1.262,5076.2,no
49,admin.,divorced,university.degree,no,yes,no,cellular,jun,tue,88,1,4,1,success,-2.9,92.963,-40.8,1.262,5076.2,no
52,unknown,married,professional.course,unknown,yes,no,telephone,jun,tue,50,2,999,0,nonexistent,-2.9,92.963,-40.8,1.262,5076.2,no
31,admin.,single,university.degree,no,no,no,cellular,jun,tue,99,1,999,0,nonexistent,-2.9,92.963,-40.8,1.262,5076.2,no
41,entrepreneur,married,high.school,no,yes,no,cellular,jun,tue,169,1,999,0,nonexistent,-2.9,92.963,-40.8,1.262,5076.2,yes
27,student,married,university.degree,no,no,no,cellular,jun,tue,59,1,999,1,failure,-2.9,92.963,-40.8,1.262,5076.2,no
34,technician,married,university.degree,no,yes,no,cellular,jun,tue,195,1,999,0,nonexistent,-2.9,92.963,-40.8,1.262,5076.2,yes
31,blue-collar,single,basic.9y,no,yes,yes,cellular,jun,tue,103,1,3,2,success,-2.9,92.963,-40.8,1.262,5076.2,yes
32,technician,single,high.school,no,no,no,cellular,jun,tue,430,1,999,1,failure,-2.9,92.963,-40.8,1.262,5076.2,yes
33,admin.,single,high.school,no,yes,no,cellular,jun,tue,167,1,999,0,nonexistent,-2.9,92.963,-40.8,1.262,5076.2,no
52,services,divorced,basic.4y,no,yes,no,cellular,jun,tue,74,1,999,0,nonexistent,-2.9,92.963,-40.8,1.262,5076.2,no
24,student,single,high.school,no,no,no,cellular,jun,tue,225,1,3,1,success,-2.9,92.963,-40.8,1.262,5076.2,no
25,admin.,single,university.degree,no,no,no,cellular,jun,tue,417,1,999,0,nonexistent,-2.9,92.963,-40.8,1.262,5076.2,yes
52,unknown,married,professional.course,unknown,yes,yes,cellular,jun,tue,135,1,999,0,nonexistent,-2.9,92.963,-40.8,1.262,5076.2,no
32,services,married,high.school,no,unknown,unknown,cellular,jun,tue,172,1,999,1,failure,-2.9,92.963,-40.8,1.262,5076.2,no
27,self-employed,single,professional.course,no,no,no,cellular,jun,tue,162,2,999,2,failure,-2.9,92.963,-40.8,1.262,5076.2,no
34,services,married,high.school,no,yes,no,cellular,jun,tue,136,1,999,2,failure,-2.9,92.963,-40.8,1.262,5076.2,no
41,technician,single,university.degree,no,no,no,telephone,jun,tue,270,1,999,0,nonexistent,-2.9,92.963,-40.8,1.262,5076.2,yes
34,services,single,high.school,no,no,yes,cellular,jun,tue,92,1,999,0,nonexistent,-2.9,92.963,-40.8,1.262,5076.2,no
27,self-employed,single,university.degree,no,no,no,cellular,jun,tue,271,1,999,0,nonexistent,-2.9,92.963,-40.8,1.262,5076.2,no
46,unemployed,married,basic.9y,no,no,no,cellular,jun,tue,200,2,999,1,failure,-2.9,92.963,-40.8,1.262,5076.2,yes
47,management,married,basic.9y,no,no,no,cellular,jun,tue,309,1,999,0,nonexistent,-2.9,92.963,-40.8,1.262,5076.2,no
37,unemployed,unknown,university.degree,no,no,no,cellular,jun,tue,100,1,999,0,nonexistent,-2.9,92.963,-40.8,1.262,5076.2,no
26,admin.,single,university.degree,no,unknown,unknown,cellular,jun,tue,271,2,3,1,success,-2.9,92.963,-40.8,1.262,5076.2,yes
29,unemployed,single,high.school,no,no,no,cellular,jun,tue,189,1,999,0,nonexistent,-2.9,92.963,-40.8,1.262,5076.2,no
79,retired,married,high.school,no,unknown,unknown,cellular,jun,tue,61,1,999,1,failure,-2.9,92.963,-40.8,1.262,5076.2,no
79,retired,married,high.school,no,yes,yes,cellular,jun,tue,163,1,999,1,failure,-2.9,92.963,-40.8,1.262,5076.2,no
33,admin.,single,high.school,no,yes,no,cellular,jun,tue,74,2,999,0,nonexistent,-2.9,92.963,-40.8,1.262,5076.2,no
32,admin.,married,university.degree,no,yes,yes,cellular,jun,tue,82,1,999,0,nonexistent,-2.9,92.963,-40.8,1.262,5076.2,yes
23,student,single,high.school,no,no,no,telephone,jun,tue,108,4,999,0,nonexistent,-2.9,92.963,-40.8,1.262,5076.2,no
43,admin.,married,university.degree,no,yes,no,cellular,jun,tue,91,1,999,0,nonexistent,-2.9,92.963,-40.8,1.262,5076.2,no
43,admin.,married,university.degree,no,no,yes,cellular,jun,tue,310,1,999,0,nonexistent,-2.9,92.963,-40.8,1.262,5076.2,no
32,admin.,married,university.degree,no,yes,no,cellular,jun,tue,712,1,3,2,failure,-2.9,92.963,-40.8,1.262,5076.2,yes
32,admin.,married,university.degree,no,no,no,cellular,jun,tue,74,1,4,1,success,-2.9,92.963,-40.8,1.262,5076.2,yes
29,admin.,single,university.degree,no,yes,no,telephone,jun,tue,128,1,999,0,nonexistent,-2.9,92.963,-40.8,1.262,5076.2,no
52,services,divorced,basic.4y,no,yes,no,cellular,jun,tue,80,3,999,1,failure,-2.9,92.963,-40.8,1.262,5076.2,no
27,services,single,professional.course,no,yes,no,cellular,jun,tue,392,1,999,0,nonexistent,-2.9,92.963,-40.8,1.262,5076.2,no
32,admin.,single,university.degree,no,yes,no,cellular,jun,tue,369,1,999,0,nonexistent,-2.9,92.963,-40.8,1.262,5076.2,no
31,management,married,university.degree,no,no,no,cellular,jun,tue,217,1,999,0,nonexistent,-2.9,92.963,-40.8,1.262,5076.2,no
30,unemployed,married,professional.course,no,yes,no,cellular,jun,tue,194,1,999,0,nonexistent,-2.9,92.963,-40.8,1.262,5076.2,no
30,unemployed,married,professional.course,no,yes,yes,cellular,jun,tue,495,1,999,0,nonexistent,-2.9,92.963,-40.8,1.262,5076.2,no
38,admin.,divorced,high.school,no,yes,no,cellular,jun,tue,116,1,999,0,nonexistent,-2.9,92.963,-40.8,1.262,5076.2,no
33,management,single,university.degree,no,unknown,unknown,cellular,jun,tue,73,1,999,0,nonexistent,-2.9,92.963,-40.8,1.262,5076.2,no
28,admin.,single,high.school,no,yes,no,cellular,jun,tue,135,1,999,0,nonexistent,-2.9,92.963,-40.8,1.262,5076.2,no
34,technician,married,university.degree,no,no,no,cellular,jun,tue,116,2,999,0,nonexistent,-2.9,92.963,-40.8,1.262,5076.2,no
24,technician,single,professional.course,no,yes,no,cellular,jun,tue,211,1,999,0,nonexistent,-2.9,92.963,-40.8,1.262,5076.2,no
59,admin.,married,unknown,no,no,no,cellular,jun,tue,245,1,999,0,nonexistent,-2.9,92.963,-40.8,1.262,5076.2,yes
26,admin.,married,high.school,no,yes,yes,cellular,jun,tue,142,1,999,0,nonexistent,-2.9,92.963,-40.8,1.262,5076.2,no
35,admin.,married,high.school,no,yes,yes,cellular,jun,tue,444,1,999,1,failure,-2.9,92.963,-40.8,1.262,5076.2,no
33,admin.,single,university.degree,no,yes,no,cellular,jun,tue,251,1,999,0,nonexistent,-2.9,92.963,-40.8,1.262,5076.2,yes
24,unknown,single,university.degree,no,no,no,cellular,jun,tue,119,1,3,2,success,-2.9,92.963,-40.8,1.262,5076.2,yes
24,unknown,single,university.degree,no,yes,yes,cellular,jun,tue,134,1,999,0,nonexistent,-2.9,92.963,-40.8,1.262,5076.2,yes
24,unknown,single,university.degree,no,yes,no,cellular,jun,tue,74,1,3,2,success,-2.9,92.963,-40.8,1.262,5076.2,no
24,unknown,single,university.degree,no,yes,no,cellular,jun,tue,728,1,999,0,nonexistent,-2.9,92.963,-40.8,1.262,5076.2,yes
24,unknown,single,university.degree,no,no,no,cellular,jun,tue,263,1,999,1,failure,-2.9,92.963,-40.8,1.262,5076.2,yes
27,admin.,single,university.degree,no,no,yes,cellular,jun,tue,154,1,999,0,nonexistent,-2.9,92.963,-40.8,1.262,5076.2,no
24,unknown,single,university.degree,no,yes,yes,cellular,jun,tue,696,1,999,2,failure,-2.9,92.963,-40.8,1.262,5076.2,no
23,blue-collar,single,basic.9y,no,no,no,cellular,jun,tue,159,1,999,1,failure,-2.9,92.963,-40.8,1.262,5076.2,no
41,technician,single,university.degree,no,yes,no,cellular,jun,tue,118,1,999,1,failure,-2.9,92.963,-40.8,1.262,5076.2,no
31,admin.,single,university.degree,no,no,yes,cellular,jun,tue,210,1,999,0,nonexistent,-2.9,92.963,-40.8,1.262,5076.2,no
23,student,single,high.school,no,no,no,cellular,jun,tue,310,1,999,0,nonexistent,-2.9,92.963,-40.8,1.262,5076.2,yes
30,admin.,single,university.degree,no,no,no,cellular,jun,tue,482,2,999,0,nonexistent,-2.9,92.963,-40.8,1.262,5076.2,yes
30,admin.,single,university.degree,no,yes,no,cellular,jun,tue,224,1,999,0,nonexistent,-2.9,92.963,-40.8,1.262,5076.2,no
47,technician,divorced,high.school,no,yes,no,cellular,jun,tue,221,1,999,0,nonexistent,-2.9,92.963,-40.8,1.262,5076.2,no
30,self-employed,single,university.degree,no,no,no,cellular,jun,tue,147,3,999,1,failure,-2.9,92.963,-40.8,1.262,5076.2,no
44,admin.,single,university.degree,no,no,no,cellular,jun,tue,924,2,4,1,success,-2.9,92.963,-40.8,1.262,5076.2,yes
44,admin.,divorced,university.degree,no,yes,yes,cellular,jun,tue,130,1,999,0,nonexistent,-2.9,92.963,-40.8,1.262,5076.2,no
33,admin.,single,high.school,no,no,no,cellular,jun,tue,53,1,999,1,failure,-2.9,92.963,-40.8,1.262,5076.2,no
28,technician,single,professional.course,no,yes,no,cellular,jun,tue,318,1,999,0,nonexistent,-2.9,92.963,-40.8,1.262,5076.2,yes
34,services,single,high.school,no,no,no,telephone,jun,tue,306,2,999,0,nonexistent,-2.9,92.963,-40.8,1.262,5076.2,no
33,housemaid,unknown,university.degree,no,no,no,cellular,jun,tue,77,3,999,0,nonexistent,-2.9,92.963,-40.8,1.262,5076.2,no
27,self-employed,single,university.degree,no,yes,no,cellular,jun,tue,112,2,999,0,nonexistent,-2.9,92.963,-40.8,1.262,5076.2,no
37,admin.,married,university.degree,no,yes,no,cellular,jun,tue,80,1,999,1,failure,-2.9,92.963,-40.8,1.262,5076.2,no
37,admin.,married,high.school,no,yes,yes,cellular,jun,tue,123,2,999,0,nonexistent,-2.9,92.963,-40.8,1.262,5076.2,no
31,management,married,university.degree,no,no,no,cellular,jun,tue,212,1,999,0,nonexistent,-2.9,92.963,-40.8,1.262,5076.2,no
40,admin.,married,university.degree,no,yes,no,cellular,jun,tue,192,1,999,0,nonexistent,-2.9,92.963,-40.8,1.262,5076.2,yes
47,management,married,basic.9y,no,yes,no,cellular,jun,tue,181,3,999,1,failure,-2.9,92.963,-40.8,1.262,5076.2,yes
34,admin.,single,university.degree,no,yes,no,cellular,jun,tue,96,2,999,0,nonexistent,-2.9,92.963,-40.8,1.262,5076.2,no
47,management,married,basic.9y,no,no,no,cellular,jun,tue,132,4,999,0,nonexistent,-2.9,92.963,-40.8,1.262,5076.2,no
38,entrepreneur,married,professional.course,no,yes,yes,cellular,jun,tue,262,2,999,1,failure,-2.9,92.963,-40.8,1.262,5076.2,no
30,admin.,married,university.degree,no,no,no,cellular,jun,tue,250,2,999,0,nonexistent,-2.9,92.963,-40.8,1.262,5076.2,yes
43,admin.,married,university.degree,no,yes,yes,cellular,jun,tue,146,2,999,0,nonexistent,-2.9,92.963,-40.8,1.262,5076.2,no
53,services,married,unknown,no,yes,no,cellular,jun,tue,501,3,999,0,nonexistent,-2.9,92.963,-40.8,1.262,5076.2,yes
46,entrepreneur,married,high.school,no,no,no,cellular,jun,tue,69,2,999,1,failure,-2.9,92.963,-40.8,1.262,5076.2,no
40,admin.,married,university.degree,no,no,no,cellular,jun,tue,269,1,999,1,failure,-2.9,92.963,-40.8,1.262,5076.2,no
46,unemployed,married,basic.9y,no,yes,no,cellular,jun,tue,236,2,999,0,nonexistent,-2.9,92.963,-40.8,1.262,5076.2,yes
32,admin.,married,university.degree,no,yes,yes,cellular,jun,tue,102,4,999,2,failure,-2.9,92.963,-40.8,1.262,5076.2,no
24,technician,single,professional.course,no,no,no,cellular,jun,tue,122,2,999,1,failure,-2.9,92.963,-40.8,1.262,5076.2,no
55,retired,married,basic.4y,no,no,no,cellular,jun,tue,130,2,999,0,nonexistent,-2.9,92.963,-40.8,1.262,5076.2,no
25,blue-collar,single,professional.course,no,yes,no,cellular,jun,tue,179,2,3,1,success,-2.9,92.963,-40.8,1.262,5076.2,yes
24,technician,single,high.school,no,yes,no,cellular,jun,tue,142,2,999,0,nonexistent,-2.9,92.963,-40.8,1.262,5076.2,no
55,retired,married,basic.4y,no,no,no,cellular,jun,tue,553,2,3,4,failure,-2.9,92.963,-40.8,1.262,5076.2,no
31,management,married,university.degree,no,yes,no,cellular,jun,tue,305,1,999,0,nonexistent,-2.9,92.963,-40.8,1.262,5076.2,yes
33,admin.,single,university.degree,no,no,no,cellular,jun,tue,541,3,999,0,nonexistent,-2.9,92.963,-40.8,1.262,5076.2,yes
28,technician,single,professional.course,no,yes,no,cellular,jun,wed,209,2,999,0,nonexistent,-2.9,92.963,-40.8,1.26,5076.2,yes
43,admin.,married,university.degree,no,yes,no,cellular,jun,wed,262,2,3,1,success,-2.9,92.963,-40.8,1.26,5076.2,yes
38,technician,single,university.degree,no,yes,no,telephone,jun,wed,225,3,999,0,nonexistent,-2.9,92.963,-40.8,1.26,5076.2,no
28,admin.,married,high.school,no,no,no,telephone,jun,wed,206,4,999,0,nonexistent,-2.9,92.963,-40.8,1.26,5076.2,yes
40,blue-collar,divorced,professional.course,no,no,no,cellular,jun,wed,115,2,3,1,success,-2.9,92.963,-40.8,1.26,5076.2,yes
24,blue-collar,single,basic.9y,no,yes,no,cellular,jun,wed,406,2,999,0,nonexistent,-2.9,92.963,-40.8,1.26,5076.2,yes
30,admin.,single,university.degree,no,yes,no,cellular,jun,wed,244,2,999,0,nonexistent,-2.9,92.963,-40.8,1.26,5076.2,yes
31,services,married,high.school,no,no,no,cellular,jun,wed,592,4,999,0,nonexistent,-2.9,92.963,-40.8,1.26,5076.2,yes
47,admin.,single,university.degree,no,no,no,cellular,jun,wed,78,1,999,0,nonexistent,-2.9,92.963,-40.8,1.26,5076.2,no
26,retired,single,high.school,no,unknown,unknown,cellular,jun,wed,508,1,999,0,nonexistent,-2.9,92.963,-40.8,1.26,5076.2,no
59,retired,married,professional.course,no,yes,no,telephone,jun,wed,437,1,999,0,nonexistent,-2.9,92.963,-40.8,1.26,5076.2,yes
24,blue-collar,single,basic.9y,no,unknown,unknown,cellular,jun,wed,192,1,999,0,nonexistent,-2.9,92.963,-40.8,1.26,5076.2,no
59,retired,married,professional.course,no,no,no,cellular,jun,wed,136,1,999,0,nonexistent,-2.9,92.963,-40.8,1.26,5076.2,no
59,retired,married,professional.course,no,yes,no,cellular,jun,wed,68,1,999,0,nonexistent,-2.9,92.963,-40.8,1.26,5076.2,no
53,blue-collar,divorced,basic.6y,no,yes,no,cellular,jun,wed,123,1,999,0,nonexistent,-2.9,92.963,-40.8,1.26,5076.2,no
33,admin.,single,university.degree,no,yes,no,cellular,jun,wed,313,2,999,0,nonexistent,-2.9,92.963,-40.8,1.26,5076.2,yes
31,admin.,single,high.school,no,no,no,cellular,jun,wed,137,3,999,0,nonexistent,-2.9,92.963,-40.8,1.26,5076.2,no
53,technician,divorced,university.degree,no,no,no,cellular,jun,wed,705,1,999,1,failure,-2.9,92.963,-40.8,1.26,5076.2,yes
26,student,single,professional.course,no,yes,no,cellular,jun,wed,96,1,999,1,failure,-2.9,92.963,-40.8,1.26,5076.2,no
28,admin.,single,high.school,no,no,no,cellular,jun,wed,198,1,999,0,nonexistent,-2.9,92.963,-40.8,1.26,5076.2,yes
37,services,married,high.school,no,yes,no,cellular,jun,wed,200,1,999,0,nonexistent,-2.9,92.963,-40.8,1.26,5076.2,no
40,blue-collar,divorced,professional.course,no,no,no,cellular,jun,wed,210,2,999,0,nonexistent,-2.9,92.963,-40.8,1.26,5076.2,yes
40,management,divorced,university.degree,no,yes,no,cellular,jun,wed,117,1,999,0,nonexistent,-2.9,92.963,-40.8,1.26,5076.2,yes
58,blue-collar,married,basic.4y,no,yes,no,cellular,jun,wed,110,1,999,0,nonexistent,-2.9,92.963,-40.8,1.26,5076.2,yes
38,technician,married,university.degree,no,yes,no,cellular,jun,wed,171,1,999,0,nonexistent,-2.9,92.963,-40.8,1.26,5076.2,no
36,admin.,married,university.degree,no,no,no,cellular,jun,wed,334,1,999,0,nonexistent,-2.9,92.963,-40.8,1.26,5076.2,no
28,student,single,high.school,no,yes,no,cellular,jun,wed,296,4,999,0,nonexistent,-2.9,92.963,-40.8,1.26,5076.2,yes
58,management,married,basic.4y,no,yes,no,cellular,jun,wed,86,1,999,0,nonexistent,-2.9,92.963,-40.8,1.26,5076.2,no
20,student,single,unknown,no,yes,no,cellular,jun,wed,213,1,999,0,nonexistent,-2.9,92.963,-40.8,1.26,5076.2,yes
29,admin.,single,university.degree,no,yes,yes,telephone,jun,wed,252,2,999,0,nonexistent,-2.9,92.963,-40.8,1.26,5076.2,no
28,admin.,single,university.degree,no,yes,no,cellular,jun,wed,593,1,999,0,nonexistent,-2.9,92.963,-40.8,1.26,5076.2,yes
29,technician,single,university.degree,no,yes,no,cellular,jun,wed,101,1,999,0,nonexistent,-2.9,92.963,-40.8,1.26,5076.2,no
29,technician,single,university.degree,no,yes,no,cellular,jun,wed,138,1,999,0,nonexistent,-2.9,92.963,-40.8,1.26,5076.2,no
29,technician,single,university.degree,no,yes,no,cellular,jun,wed,165,1,999,0,nonexistent,-2.9,92.963,-40.8,1.26,5076.2,yes
30,blue-collar,single,high.school,no,yes,no,cellular,jun,wed,88,2,999,0,nonexistent,-2.9,92.963,-40.8,1.26,5076.2,no
29,services,single,high.school,no,no,no,telephone,jun,wed,116,2,999,1,failure,-2.9,92.963,-40.8,1.26,5076.2,no
59,blue-collar,married,basic.4y,unknown,no,no,cellular,jun,wed,340,1,999,1,failure,-2.9,92.963,-40.8,1.26,5076.2,yes
48,admin.,married,university.degree,no,yes,no,cellular,jun,wed,95,1,999,0,nonexistent,-2.9,92.963,-40.8,1.26,5076.2,no
31,services,married,high.school,no,yes,no,cellular,jun,wed,591,2,999,0,nonexistent,-2.9,92.963,-40.8,1.26,5076.2,yes
33,blue-collar,married,professional.course,no,yes,no,cellular,jun,wed,90,1,999,0,nonexistent,-2.9,92.963,-40.8,1.26,5076.2,no
28,services,single,basic.6y,no,no,no,cellular,jun,wed,385,2,4,1,success,-2.9,92.963,-40.8,1.26,5076.2,yes
29,admin.,single,university.degree,no,no,no,cellular,jun,wed,174,1,999,0,nonexistent,-2.9,92.963,-40.8,1.26,5076.2,yes
57,entrepreneur,married,basic.4y,no,yes,no,cellular,jun,wed,467,1,999,0,nonexistent,-2.9,92.963,-40.8,1.26,5076.2,no
30,admin.,single,university.degree,no,yes,no,cellular,jun,wed,107,1,999,0,nonexistent,-2.9,92.963,-40.8,1.26,5076.2,no
29,admin.,divorced,university.degree,no,yes,no,cellular,jun,wed,238,3,999,0,nonexistent,-2.9,92.963,-40.8,1.26,5076.2,yes
29,admin.,single,university.degree,no,yes,no,cellular,jun,wed,170,1,999,0,nonexistent,-2.9,92.963,-40.8,1.26,5076.2,yes
32,admin.,married,high.school,no,yes,no,cellular,jun,wed,342,1,10,1,success,-2.9,92.963,-40.8,1.26,5076.2,no
29,admin.,married,university.degree,no,unknown,unknown,cellular,jun,wed,113,1,999,1,failure,-2.9,92.963,-40.8,1.26,5076.2,no
56,retired,married,university.degree,no,yes,no,cellular,jun,wed,252,1,999,2,failure,-2.9,92.963,-40.8,1.26,5076.2,no
33,admin.,single,high.school,no,no,no,cellular,jun,wed,170,1,999,0,nonexistent,-2.9,92.963,-40.8,1.26,5076.2,no
38,admin.,divorced,high.school,no,no,no,cellular,jun,wed,65,1,999,1,failure,-2.9,92.963,-40.8,1.26,5076.2,no
61,admin.,married,university.degree,no,yes,no,cellular,jun,wed,151,1,999,0,nonexistent,-2.9,92.963,-40.8,1.26,5076.2,no
38,technician,married,university.degree,no,yes,no,cellular,jun,wed,273,1,999,0,nonexistent,-2.9,92.963,-40.8,1.26,5076.2,no
38,admin.,divorced,high.school,no,yes,no,cellular,jun,wed,1361,1,999,1,failure,-2.9,92.963,-40.8,1.26,5076.2,no
33,admin.,single,university.degree,no,no,no,cellular,jun,wed,254,1,999,2,failure,-2.9,92.963,-40.8,1.26,5076.2,no
21,admin.,single,high.school,no,yes,no,cellular,jun,wed,180,1,999,0,nonexistent,-2.9,92.963,-40.8,1.26,5076.2,no
29,services,single,high.school,no,no,no,cellular,jun,wed,136,6,3,1,success,-2.9,92.963,-40.8,1.26,5076.2,no
32,technician,married,university.degree,no,yes,no,cellular,jun,wed,123,1,999,1,failure,-2.9,92.963,-40.8,1.26,5076.2,no
37,admin.,married,university.degree,no,no,no,cellular,jun,wed,167,1,999,0,nonexistent,-2.9,92.963,-40.8,1.26,5076.2,no
24,student,single,high.school,no,yes,no,cellular,jun,wed,74,3,999,0,nonexistent,-2.9,92.963,-40.8,1.26,5076.2,no
26,technician,single,professional.course,no,yes,no,cellular,jun,wed,80,1,999,0,nonexistent,-2.9,92.963,-40.8,1.26,5076.2,no
30,admin.,single,university.degree,no,yes,no,cellular,jun,wed,214,3,999,0,nonexistent,-2.9,92.963,-40.8,1.26,5076.2,yes
29,admin.,married,high.school,no,no,no,cellular,jun,wed,200,1,999,0,nonexistent,-2.9,92.963,-40.8,1.26,5076.2,yes
42,self-employed,married,university.degree,no,yes,no,cellular,jun,wed,436,1,3,1,success,-2.9,92.963,-40.8,1.26,5076.2,yes
34,management,married,university.degree,no,yes,yes,telephone,jun,wed,192,1,999,0,nonexistent,-2.9,92.963,-40.8,1.26,5076.2,no
33,management,married,university.degree,no,yes,no,cellular,jun,wed,97,1,999,0,nonexistent,-2.9,92.963,-40.8,1.26,5076.2,no
50,admin.,single,basic.9y,no,yes,no,cellular,jun,wed,343,1,999,0,nonexistent,-2.9,92.963,-40.8,1.26,5076.2,no
47,admin.,single,university.degree,no,yes,no,cellular,jun,wed,156,3,999,0,nonexistent,-2.9,92.963,-40.8,1.26,5076.2,no
50,admin.,single,basic.9y,no,unknown,unknown,cellular,jun,wed,699,1,999,1,failure,-2.9,92.963,-40.8,1.26,5076.2,yes
24,services,single,high.school,no,no,no,cellular,jun,wed,150,1,999,0,nonexistent,-2.9,92.963,-40.8,1.26,5076.2,no
54,management,married,university.degree,no,yes,no,cellular,jun,wed,42,1,999,0,nonexistent,-2.9,92.963,-40.8,1.26,5076.2,no
29,services,single,high.school,no,yes,yes,cellular,jun,wed,431,2,999,2,failure,-2.9,92.963,-40.8,1.26,5076.2,yes
56,management,married,university.degree,no,yes,no,cellular,jun,wed,175,3,999,0,nonexistent,-2.9,92.963,-40.8,1.26,5076.2,no
25,technician,single,university.degree,no,yes,yes,cellular,jun,wed,124,1,999,1,failure,-2.9,92.963,-40.8,1.26,5076.2,no
30,admin.,single,university.degree,no,no,no,cellular,jun,wed,656,1,999,0,nonexistent,-2.9,92.963,-40.8,1.26,5076.2,no
54,admin.,married,university.degree,no,no,no,cellular,jun,wed,77,2,999,0,nonexistent,-2.9,92.963,-40.8,1.26,5076.2,no
40,entrepreneur,married,basic.6y,no,no,no,cellular,jun,wed,837,1,999,0,nonexistent,-2.9,92.963,-40.8,1.26,5076.2,yes
29,services,single,high.school,no,no,no,cellular,jun,wed,725,2,3,1,success,-2.9,92.963,-40.8,1.26,5076.2,yes
57,housemaid,divorced,high.school,no,no,yes,telephone,jun,wed,230,4,999,0,nonexistent,-2.9,92.963,-40.8,1.26,5076.2,no
69,entrepreneur,married,high.school,no,no,no,cellular,jun,wed,144,2,999,0,nonexistent,-2.9,92.963,-40.8,1.26,5076.2,yes
30,admin.,single,university.degree,no,yes,no,cellular,jun,wed,617,2,999,0,nonexistent,-2.9,92.963,-40.8,1.26,5076.2,yes
69,entrepreneur,married,high.school,no,no,no,cellular,jun,wed,140,2,999,0,nonexistent,-2.9,92.963,-40.8,1.26,5076.2,yes
69,entrepreneur,married,high.school,no,yes,no,cellular,jun,wed,178,2,999,0,nonexistent,-2.9,92.963,-40.8,1.26,5076.2,no
29,technician,married,university.degree,no,no,no,cellular,jun,wed,150,2,999,0,nonexistent,-2.9,92.963,-40.8,1.26,5076.2,no
26,admin.,single,university.degree,no,yes,no,cellular,jun,wed,213,1,999,0,nonexistent,-2.9,92.963,-40.8,1.26,5076.2,no
35,admin.,single,university.degree,no,yes,no,cellular,jun,wed,266,1,999,1,failure,-2.9,92.963,-40.8,1.26,5076.2,no
52,admin.,married,university.degree,no,yes,yes,cellular,jun,wed,247,2,999,0,nonexistent,-2.9,92.963,-40.8,1.26,5076.2,yes
26,student,single,university.degree,unknown,no,no,cellular,jun,wed,78,2,999,1,failure,-2.9,92.963,-40.8,1.26,5076.2,no
54,admin.,single,high.school,no,no,no,cellular,jun,wed,114,1,999,0,nonexistent,-2.9,92.963,-40.8,1.26,5076.2,no
33,technician,single,university.degree,no,yes,yes,cellular,jun,wed,203,2,999,0,nonexistent,-2.9,92.963,-40.8,1.26,5076.2,no
42,admin.,single,university.degree,no,unknown,unknown,telephone,jun,wed,34,2,999,0,nonexistent,-2.9,92.963,-40.8,1.26,5076.2,no
33,management,divorced,university.degree,no,yes,no,cellular,jun,wed,63,1,999,0,nonexistent,-2.9,92.963,-40.8,1.26,5076.2,no
21,student,single,high.school,no,no,no,cellular,jun,wed,295,4,999,0,nonexistent,-2.9,92.963,-40.8,1.26,5076.2,no
33,management,divorced,university.degree,no,yes,no,cellular,jun,wed,187,1,999,0,nonexistent,-2.9,92.963,-40.8,1.26,5076.2,yes
56,management,married,university.degree,no,yes,no,telephone,jun,wed,218,5,999,0,nonexistent,-2.9,92.963,-40.8,1.26,5076.2,no
35,admin.,married,university.degree,no,no,no,cellular,jun,thu,510,3,999,0,nonexistent,-2.9,92.963,-40.8,1.26,5076.2,yes
25,unemployed,married,high.school,no,no,no,cellular,jun,thu,125,2,999,0,nonexistent,-2.9,92.963,-40.8,1.26,5076.2,no
53,blue-collar,married,basic.6y,no,yes,no,cellular,jun,thu,328,2,3,1,success,-2.9,92.963,-40.8,1.26,5076.2,yes
51,unemployed,married,basic.6y,no,no,no,cellular,jun,thu,280,2,999,1,failure,-2.9,92.963,-40.8,1.26,5076.2,yes
45,admin.,single,university.degree,no,yes,no,cellular,jun,thu,207,1,999,0,nonexistent,-2.9,92.963,-40.8,1.26,5076.2,yes
53,housemaid,married,high.school,no,yes,no,cellular,jun,thu,94,2,999,0,nonexistent,-2.9,92.963,-40.8,1.26,5076.2,no
30,admin.,single,university.degree,no,yes,no,cellular,jun,thu,106,1,3,2,success,-2.9,92.963,-40.8,1.26,5076.2,no
29,technician,single,university.degree,no,no,no,cellular,jun,thu,176,1,3,1,success,-2.9,92.963,-40.8,1.26,5076.2,no
51,unemployed,married,basic.6y,no,yes,no,cellular,jun,thu,79,1,999,1,failure,-2.9,92.963,-40.8,1.26,5076.2,no
29,admin.,single,university.degree,no,yes,yes,cellular,jun,thu,449,1,999,0,nonexistent,-2.9,92.963,-40.8,1.26,5076.2,yes
30,admin.,married,basic.9y,no,yes,no,cellular,jun,thu,111,2,999,1,failure,-2.9,92.963,-40.8,1.26,5076.2,no
26,admin.,single,university.degree,no,no,yes,cellular,jun,thu,224,1,999,0,nonexistent,-2.9,92.963,-40.8,1.26,5076.2,yes
54,admin.,married,university.degree,no,yes,no,cellular,jun,thu,151,1,999,0,nonexistent,-2.9,92.963,-40.8,1.26,5076.2,no
21,student,single,high.school,no,no,no,cellular,jun,thu,400,1,999,0,nonexistent,-2.9,92.963,-40.8,1.26,5076.2,yes
30,admin.,married,professional.course,no,yes,no,cellular,jun,thu,80,1,999,0,nonexistent,-2.9,92.963,-40.8,1.26,5076.2,no
25,services,single,high.school,no,yes,no,cellular,jun,thu,217,1,999,0,nonexistent,-2.9,92.963,-40.8,1.26,5076.2,yes
42,admin.,married,university.degree,no,no,no,cellular,jun,thu,160,1,999,0,nonexistent,-2.9,92.963,-40.8,1.26,5076.2,yes
30,admin.,single,university.degree,no,no,no,cellular,jun,thu,144,1,999,0,nonexistent,-2.9,92.963,-40.8,1.26,5076.2,no
24,admin.,single,high.school,no,no,no,cellular,jun,thu,352,2,999,1,failure,-2.9,92.963,-40.8,1.26,5076.2,yes
21,services,single,professional.course,no,yes,yes,cellular,jun,thu,787,1,999,0,nonexistent,-2.9,92.963,-40.8,1.26,5076.2,yes
30,admin.,single,university.degree,no,no,no,cellular,jun,thu,323,1,999,0,nonexistent,-2.9,92.963,-40.8,1.26,5076.2,yes
50,technician,single,professional.course,no,yes,yes,cellular,jun,thu,78,1,999,0,nonexistent,-2.9,92.963,-40.8,1.26,5076.2,no
50,technician,single,professional.course,no,yes,yes,cellular,jun,thu,160,1,999,1,failure,-2.9,92.963,-40.8,1.26,5076.2,yes
22,student,single,high.school,no,yes,yes,cellular,jun,thu,221,1,999,1,failure,-2.9,92.963,-40.8,1.26,5076.2,no
36,management,married,university.degree,no,yes,no,cellular,jun,thu,156,1,999,1,failure,-2.9,92.963,-40.8,1.26,5076.2,yes
36,management,married,university.degree,no,no,no,cellular,jun,thu,194,1,999,0,nonexistent,-2.9,92.963,-40.8,1.26,5076.2,yes
32,admin.,married,university.degree,no,yes,no,cellular,jun,thu,105,1,999,0,nonexistent,-2.9,92.963,-40.8,1.26,5076.2,no
36,technician,married,basic.9y,no,yes,no,cellular,jun,thu,390,1,999,0,nonexistent,-2.9,92.963,-40.8,1.26,5076.2,no
30,admin.,married,university.degree,no,yes,no,cellular,jun,thu,96,2,4,1,success,-2.9,92.963,-40.8,1.26,5076.2,yes
25,student,single,university.degree,no,no,yes,cellular,jun,thu,136,1,999,0,nonexistent,-2.9,92.963,-40.8,1.26,5076.2,yes
31,admin.,married,university.degree,no,no,no,cellular,jun,thu,81,2,999,1,failure,-2.9,92.963,-40.8,1.26,5076.2,yes
35,self-employed,married,university.degree,no,yes,no,cellular,jun,thu,269,1,999,0,nonexistent,-2.9,92.963,-40.8,1.26,5076.2,yes
28,admin.,single,high.school,no,yes,yes,cellular,jun,thu,296,2,999,0,nonexistent,-2.9,92.963,-40.8,1.26,5076.2,yes
53,housemaid,married,high.school,no,no,yes,cellular,jun,thu,147,1,999,2,failure,-2.9,92.963,-40.8,1.26,5076.2,yes
35,admin.,married,university.degree,no,no,no,cellular,jun,thu,121,4,999,0,nonexistent,-2.9,92.963,-40.8,1.26,5076.2,yes
32,admin.,single,university.degree,no,yes,no,cellular,jun,thu,89,2,999,0,nonexistent,-2.9,92.963,-40.8,1.26,5076.2,yes
26,blue-collar,single,professional.course,no,yes,no,cellular,jun,thu,77,2,999,0,nonexistent,-2.9,92.963,-40.8,1.26,5076.2,no
53,unknown,married,professional.course,no,no,no,cellular,jun,thu,217,2,3,1,success,-2.9,92.963,-40.8,1.26,5076.2,no
26,student,single,university.degree,no,yes,no,cellular,jun,thu,112,1,999,0,nonexistent,-2.9,92.963,-40.8,1.26,5076.2,no
34,technician,married,professional.course,no,no,no,cellular,jun,thu,218,1,999,0,nonexistent,-2.9,92.963,-40.8,1.26,5076.2,no
28,self-employed,single,professional.course,no,yes,no,cellular,jun,thu,207,1,999,0,nonexistent,-2.9,92.963,-40.8,1.26,5076.2,no
38,technician,single,professional.course,no,yes,no,cellular,jun,thu,113,1,999,0,nonexistent,-2.9,92.963,-40.8,1.26,5076.2,no
38,technician,single,professional.course,no,no,no,cellular,jun,thu,138,1,999,0,nonexistent,-2.9,92.963,-40.8,1.26,5076.2,no
29,technician,single,university.degree,no,no,no,cellular,jun,thu,442,3,999,0,nonexistent,-2.9,92.963,-40.8,1.26,5076.2,no
30,admin.,single,professional.course,no,unknown,unknown,cellular,jun,thu,246,1,7,1,success,-2.9,92.963,-40.8,1.26,5076.2,yes
42,services,divorced,high.school,no,yes,no,telephone,jun,thu,143,1,999,0,nonexistent,-2.9,92.963,-40.8,1.26,5076.2,no
29,admin.,single,university.degree,no,no,no,telephone,jun,thu,247,2,999,0,nonexistent,-2.9,92.963,-40.8,1.26,5076.2,no
25,services,divorced,high.school,no,yes,yes,cellular,jun,thu,437,2,999,0,nonexistent,-2.9,92.963,-40.8,1.26,5076.2,yes
32,admin.,married,university.degree,no,yes,no,cellular,jun,thu,216,2,999,0,nonexistent,-2.9,92.963,-40.8,1.26,5076.2,no
28,management,single,university.degree,no,yes,no,cellular,jun,thu,66,1,999,1,failure,-2.9,92.963,-40.8,1.26,5076.2,no
28,admin.,married,university.degree,no,yes,no,cellular,jun,thu,73,1,999,1,failure,-2.9,92.963,-40.8,1.26,5076.2,no
53,blue-collar,married,basic.6y,no,no,no,cellular,jun,thu,592,3,999,1,failure,-2.9,92.963,-40.8,1.26,5076.2,yes
32,management,married,high.school,no,yes,yes,cellular,jun,thu,119,2,999,0,nonexistent,-2.9,92.963,-40.8,1.26,5076.2,no
33,admin.,single,university.degree,no,yes,no,cellular,jun,thu,114,3,999,0,nonexistent,-2.9,92.963,-40.8,1.26,5076.2,no
34,management,married,university.degree,no,yes,no,telephone,jun,thu,111,3,999,0,nonexistent,-2.9,92.963,-40.8,1.26,5076.2,no
50,blue-collar,married,basic.9y,no,yes,no,cellular,jun,thu,117,1,999,0,nonexistent,-2.9,92.963,-40.8,1.26,5076.2,no
33,admin.,single,university.degree,no,unknown,unknown,cellular,jun,thu,101,3,999,0,nonexistent,-2.9,92.963,-40.8,1.26,5076.2,no
31,admin.,single,high.school,no,unknown,unknown,cellular,jun,thu,105,1,999,0,nonexistent,-2.9,92.963,-40.8,1.26,5076.2,no
34,admin.,single,high.school,no,no,yes,cellular,jun,thu,207,1,999,0,nonexistent,-2.9,92.963,-40.8,1.26,5076.2,no
52,blue-collar,single,basic.9y,no,no,no,cellular,jun,fri,174,2,3,1,success,-2.9,92.963,-40.8,1.268,5076.2,yes
44,admin.,married,university.degree,no,yes,no,cellular,jun,fri,133,1,999,0,nonexistent,-2.9,92.963,-40.8,1.268,5076.2,no
27,blue-collar,married,high.school,no,yes,no,cellular,jun,fri,264,1,999,0,nonexistent,-2.9,92.963,-40.8,1.268,5076.2,no
46,housemaid,single,university.degree,no,yes,yes,cellular,jun,fri,324,1,3,1,success,-2.9,92.963,-40.8,1.268,5076.2,yes
49,admin.,divorced,high.school,no,yes,no,cellular,jun,fri,169,1,999,0,nonexistent,-2.9,92.963,-40.8,1.268,5076.2,no
30,admin.,single,university.degree,no,no,no,cellular,jun,fri,275,1,999,0,nonexistent,-2.9,92.963,-40.8,1.268,5076.2,yes
30,admin.,single,university.degree,no,no,yes,cellular,jun,fri,199,1,3,1,success,-2.9,92.963,-40.8,1.268,5076.2,yes
28,admin.,single,university.degree,no,yes,no,cellular,jun,fri,232,1,999,0,nonexistent,-2.9,92.963,-40.8,1.268,5076.2,yes
32,admin.,single,university.degree,no,no,no,cellular,jun,fri,462,1,999,0,nonexistent,-2.9,92.963,-40.8,1.268,5076.2,yes
27,admin.,single,university.degree,no,yes,no,cellular,jun,fri,136,1,999,0,nonexistent,-2.9,92.963,-40.8,1.268,5076.2,no
56,admin.,married,basic.9y,no,yes,no,cellular,jun,fri,146,1,999,1,failure,-2.9,92.963,-40.8,1.268,5076.2,no
24,admin.,single,university.degree,no,no,no,cellular,jun,fri,255,2,999,0,nonexistent,-2.9,92.963,-40.8,1.268,5076.2,yes
45,entrepreneur,married,university.degree,no,yes,no,cellular,jun,fri,247,3,999,0,nonexistent,-2.9,92.963,-40.8,1.268,5076.2,no
24,student,single,high.school,no,yes,no,telephone,jun,fri,109,1,999,0,nonexistent,-2.9,92.963,-40.8,1.268,5076.2,no
27,admin.,single,university.degree,no,no,no,cellular,jun,fri,398,2,999,0,nonexistent,-2.9,92.963,-40.8,1.268,5076.2,no
51,technician,married,basic.9y,no,no,no,telephone,jun,fri,302,1,999,0,nonexistent,-2.9,92.963,-40.8,1.268,5076.2,yes
28,technician,single,professional.course,no,yes,yes,cellular,jun,fri,149,1,3,1,success,-2.9,92.963,-40.8,1.268,5076.2,yes
25,student,married,university.degree,no,no,no,cellular,jun,fri,191,1,999,0,nonexistent,-2.9,92.963,-40.8,1.268,5076.2,yes
49,unemployed,married,professional.course,no,no,no,cellular,jun,fri,317,1,999,0,nonexistent,-2.9,92.963,-40.8,1.268,5076.2,no
59,admin.,married,university.degree,unknown,yes,no,cellular,jun,fri,1543,1,999,0,nonexistent,-2.9,92.963,-40.8,1.268,5076.2,yes
31,self-employed,married,university.degree,no,yes,no,cellular,jun,fri,207,1,999,0,nonexistent,-2.9,92.963,-40.8,1.268,5076.2,yes
21,student,single,university.degree,no,no,no,cellular,jun,fri,493,2,999,0,nonexistent,-2.9,92.963,-40.8,1.268,5076.2,yes
51,technician,single,university.degree,no,yes,no,cellular,jun,fri,509,1,999,0,nonexistent,-2.9,92.963,-40.8,1.268,5076.2,yes
27,admin.,single,university.degree,no,yes,no,cellular,jun,fri,77,1,999,0,nonexistent,-2.9,92.963,-40.8,1.268,5076.2,no
55,housemaid,married,unknown,no,no,no,cellular,jun,fri,133,1,999,1,failure,-2.9,92.963,-40.8,1.268,5076.2,no
51,technician,single,university.degree,no,no,no,cellular,jun,fri,657,1,999,0,nonexistent,-2.9,92.963,-40.8,1.268,5076.2,yes
29,technician,married,high.school,no,yes,no,cellular,jun,fri,365,3,999,0,nonexistent,-2.9,92.963,-40.8,1.268,5076.2,yes
28,admin.,single,university.degree,no,yes,no,cellular,jun,fri,188,1,999,1,failure,-2.9,92.963,-40.8,1.268,5076.2,no
37,admin.,married,university.degree,no,yes,no,telephone,jun,fri,145,1,999,0,nonexistent,-2.9,92.963,-40.8,1.268,5076.2,no
51,admin.,single,university.degree,no,no,no,cellular,jun,fri,159,2,999,0,nonexistent,-2.9,92.963,-40.8,1.268,5076.2,yes
37,student,single,unknown,no,no,no,cellular,jun,fri,99,1,999,0,nonexistent,-2.9,92.963,-40.8,1.268,5076.2,no
29,admin.,single,high.school,no,yes,no,cellular,jun,fri,213,2,999,0,nonexistent,-2.9,92.963,-40.8,1.268,5076.2,no
37,student,single,unknown,no,no,yes,cellular,jun,fri,604,1,999,0,nonexistent,-2.9,92.963,-40.8,1.268,5076.2,no
21,blue-collar,single,basic.4y,no,no,no,telephone,jun,fri,153,1,999,0,nonexistent,-2.9,92.963,-40.8,1.268,5076.2,no
26,admin.,single,high.school,no,no,no,cellular,jun,fri,76,2,999,1,failure,-2.9,92.963,-40.8,1.268,5076.2,no
33,admin.,single,university.degree,no,no,no,cellular,jun,fri,471,2,999,0,nonexistent,-2.9,92.963,-40.8,1.268,5076.2,no
30,admin.,single,university.degree,no,no,no,cellular,jun,fri,92,2,999,0,nonexistent,-2.9,92.963,-40.8,1.268,5076.2,no
51,admin.,single,university.degree,no,yes,yes,cellular,jun,fri,263,2,999,0,nonexistent,-2.9,92.963,-40.8,1.268,5076.2,no
25,self-employed,married,university.degree,no,yes,no,cellular,jun,fri,57,2,999,1,failure,-2.9,92.963,-40.8,1.268,5076.2,no
28,student,single,high.school,no,yes,no,cellular,jun,fri,577,3,999,0,nonexistent,-2.9,92.963,-40.8,1.268,5076.2,yes
54,admin.,married,high.school,no,no,no,cellular,jun,fri,455,3,999,0,nonexistent,-2.9,92.963,-40.8,1.268,5076.2,no
25,technician,single,basic.9y,no,yes,no,cellular,jun,fri,103,2,999,0,nonexistent,-2.9,92.963,-40.8,1.268,5076.2,yes
52,admin.,married,university.degree,no,yes,no,cellular,jun,fri,333,1,999,0,nonexistent,-2.9,92.963,-40.8,1.268,5076.2,no
35,technician,married,professional.course,no,yes,no,telephone,jun,fri,366,1,999,0,nonexistent,-2.9,92.963,-40.8,1.268,5076.2,yes
20,student,single,high.school,no,yes,no,cellular,jun,fri,201,2,999,0,nonexistent,-2.9,92.963,-40.8,1.268,5076.2,yes
30,technician,single,university.degree,no,yes,no,cellular,jun,fri,166,2,999,0,nonexistent,-2.9,92.963,-40.8,1.268,5076.2,yes
29,services,married,university.degree,no,no,yes,cellular,jun,fri,89,2,999,0,nonexistent,-2.9,92.963,-40.8,1.268,5076.2,no
34,admin.,single,high.school,no,no,no,cellular,jun,fri,548,2,999,0,nonexistent,-2.9,92.963,-40.8,1.268,5076.2,yes
29,student,single,professional.course,no,no,no,cellular,jun,fri,95,2,999,0,nonexistent,-2.9,92.963,-40.8,1.268,5076.2,no
27,admin.,single,university.degree,no,no,no,cellular,jun,fri,96,2,999,0,nonexistent,-2.9,92.963,-40.8,1.268,5076.2,no
45,admin.,married,unknown,no,no,no,cellular,jun,fri,438,2,999,0,nonexistent,-2.9,92.963,-40.8,1.268,5076.2,yes
30,self-employed,married,university.degree,no,yes,no,cellular,jun,fri,138,2,999,0,nonexistent,-2.9,92.963,-40.8,1.268,5076.2,no
31,management,married,university.degree,no,no,no,telephone,jun,fri,614,2,999,0,nonexistent,-2.9,92.963,-40.8,1.268,5076.2,no
52,management,married,university.degree,no,no,no,telephone,jun,fri,303,2,999,0,nonexistent,-2.9,92.963,-40.8,1.268,5076.2,no
36,technician,single,professional.course,no,no,no,cellular,jun,fri,146,2,999,0,nonexistent,-2.9,92.963,-40.8,1.268,5076.2,yes
36,technician,single,professional.course,no,yes,no,cellular,jun,fri,126,2,3,1,success,-2.9,92.963,-40.8,1.268,5076.2,yes
30,management,single,university.degree,no,no,yes,cellular,jun,fri,244,7,999,0,nonexistent,-2.9,92.963,-40.8,1.268,5076.2,yes
29,technician,married,high.school,no,no,no,cellular,jun,fri,157,2,999,0,nonexistent,-2.9,92.963,-40.8,1.268,5076.2,yes
51,technician,single,university.degree,no,no,no,cellular,jun,fri,151,2,999,0,nonexistent,-2.9,92.963,-40.8,1.268,5076.2,no
25,technician,single,basic.9y,no,no,no,telephone,jun,fri,800,2,999,0,nonexistent,-2.9,92.963,-40.8,1.268,5076.2,no
26,admin.,single,high.school,no,yes,yes,cellular,jun,fri,200,2,999,0,nonexistent,-2.9,92.963,-40.8,1.268,5076.2,no
33,admin.,single,university.degree,no,no,no,telephone,jun,fri,113,1,999,0,nonexistent,-2.9,92.963,-40.8,1.268,5076.2,no
25,admin.,divorced,university.degree,no,no,no,cellular,jun,mon,143,2,999,0,nonexistent,-2.9,92.963,-40.8,1.281,5076.2,no
52,technician,married,professional.course,no,no,no,cellular,jun,mon,130,5,999,0,nonexistent,-2.9,92.963,-40.8,1.281,5076.2,no
45,services,single,unknown,no,no,no,cellular,jun,mon,58,2,999,0,nonexistent,-2.9,92.963,-40.8,1.281,5076.2,no
29,admin.,single,university.degree,no,yes,no,cellular,jun,mon,97,4,999,0,nonexistent,-2.9,92.963,-40.8,1.281,5076.2,no
36,blue-collar,married,basic.9y,no,no,no,cellular,jun,mon,86,1,999,0,nonexistent,-2.9,92.963,-40.8,1.281,5076.2,no
36,management,married,unknown,no,no,no,cellular,jun,mon,98,2,999,0,nonexistent,-2.9,92.963,-40.8,1.281,5076.2,no
32,management,single,university.degree,no,no,no,cellular,jun,mon,257,2,3,1,success,-2.9,92.963,-40.8,1.281,5076.2,yes
32,management,single,university.degree,no,no,no,cellular,jun,mon,152,2,3,1,success,-2.9,92.963,-40.8,1.281,5076.2,no
28,services,single,basic.9y,no,yes,yes,cellular,jun,mon,252,5,999,0,nonexistent,-2.9,92.963,-40.8,1.281,5076.2,no
27,blue-collar,single,high.school,no,yes,no,cellular,jun,mon,148,2,4,1,success,-2.9,92.963,-40.8,1.281,5076.2,yes
32,student,single,university.degree,no,yes,no,cellular,jun,mon,197,2,999,1,failure,-2.9,92.963,-40.8,1.281,5076.2,no
31,admin.,single,university.degree,no,no,no,cellular,jun,mon,127,3,999,1,failure,-2.9,92.963,-40.8,1.281,5076.2,no
27,admin.,single,university.degree,no,no,no,cellular,jun,mon,138,3,999,0,nonexistent,-2.9,92.963,-40.8,1.281,5076.2,yes
43,blue-collar,married,basic.6y,no,yes,no,cellular,jun,mon,458,6,999,0,nonexistent,-2.9,92.963,-40.8,1.281,5076.2,yes
25,student,single,unknown,no,no,no,cellular,jun,mon,301,3,999,0,nonexistent,-2.9,92.963,-40.8,1.281,5076.2,yes
33,blue-collar,married,high.school,no,yes,no,cellular,jun,mon,110,2,999,0,nonexistent,-2.9,92.963,-40.8,1.281,5076.2,no
22,blue-collar,single,basic.9y,no,yes,no,cellular,jun,mon,84,2,999,0,nonexistent,-2.9,92.963,-40.8,1.281,5076.2,no
47,admin.,single,university.degree,no,yes,no,cellular,jun,mon,243,4,999,0,nonexistent,-2.9,92.963,-40.8,1.281,5076.2,yes
43,blue-collar,married,basic.6y,no,yes,no,cellular,jun,mon,131,4,999,1,failure,-2.9,92.963,-40.8,1.281,5076.2,yes
31,services,married,unknown,no,yes,no,cellular,jun,tue,98,3,999,0,nonexistent,-2.9,92.963,-40.8,1.286,5076.2,no
25,admin.,single,university.degree,no,yes,yes,cellular,jun,tue,431,3,4,1,success,-2.9,92.963,-40.8,1.286,5076.2,no
30,self-employed,single,university.degree,no,yes,yes,cellular,jun,tue,106,4,999,0,nonexistent,-2.9,92.963,-40.8,1.286,5076.2,no
44,self-employed,married,university.degree,no,no,no,cellular,jun,tue,234,2,3,1,success,-2.9,92.963,-40.8,1.286,5076.2,yes
57,management,married,university.degree,no,yes,no,cellular,jun,tue,337,3,999,0,nonexistent,-2.9,92.963,-40.8,1.286,5076.2,no
22,admin.,single,university.degree,no,unknown,unknown,cellular,jun,tue,835,2,999,0,nonexistent,-2.9,92.963,-40.8,1.286,5076.2,no
35,services,single,university.degree,no,unknown,unknown,cellular,jun,tue,67,2,999,1,failure,-2.9,92.963,-40.8,1.286,5076.2,no
49,services,married,high.school,no,no,no,cellular,jun,tue,239,4,999,0,nonexistent,-2.9,92.963,-40.8,1.286,5076.2,yes
38,technician,married,professional.course,no,yes,no,cellular,jun,tue,993,4,3,1,success,-2.9,92.963,-40.8,1.286,5076.2,yes
25,unemployed,married,university.degree,no,no,no,cellular,jun,tue,529,2,999,0,nonexistent,-2.9,92.963,-40.8,1.286,5076.2,yes
32,entrepreneur,married,basic.4y,no,yes,no,cellular,jun,tue,183,2,999,1,failure,-2.9,92.963,-40.8,1.286,5076.2,yes
27,student,single,unknown,no,yes,no,cellular,jun,tue,103,4,999,0,nonexistent,-2.9,92.963,-40.8,1.286,5076.2,no
25,admin.,single,unknown,no,no,no,telephone,jun,tue,221,7,999,0,nonexistent,-2.9,92.963,-40.8,1.286,5076.2,yes
25,self-employed,single,university.degree,no,no,no,cellular,jun,fri,105,4,999,1,failure,-2.9,92.963,-40.8,1.268,5076.2,no
22,technician,single,university.degree,no,yes,no,cellular,jun,fri,127,2,999,0,nonexistent,-2.9,92.963,-40.8,1.268,5076.2,no
54,blue-collar,married,basic.9y,no,no,no,cellular,jun,fri,258,2,999,0,nonexistent,-2.9,92.963,-40.8,1.268,5076.2,yes
54,blue-collar,married,basic.9y,no,yes,no,cellular,jun,fri,239,2,3,1,success,-2.9,92.963,-40.8,1.268,5076.2,yes
26,management,single,university.degree,no,yes,no,cellular,jun,fri,230,2,999,0,nonexistent,-2.9,92.963,-40.8,1.268,5076.2,no
25,self-employed,single,university.degree,no,yes,no,cellular,jun,fri,382,5,999,0,nonexistent,-2.9,92.963,-40.8,1.268,5076.2,no
26,self-employed,single,university.degree,no,yes,no,cellular,jun,fri,175,2,999,0,nonexistent,-2.9,92.963,-40.8,1.268,5076.2,no
22,self-employed,single,university.degree,no,yes,yes,cellular,jun,fri,126,6,999,0,nonexistent,-2.9,92.963,-40.8,1.268,5076.2,yes
22,technician,single,university.degree,no,yes,no,cellular,jun,fri,163,4,999,1,failure,-2.9,92.963,-40.8,1.268,5076.2,yes
50,admin.,married,university.degree,no,yes,no,cellular,jun,fri,95,7,999,1,failure,-2.9,92.963,-40.8,1.268,5076.2,yes
44,blue-collar,married,professional.course,no,yes,no,cellular,jun,fri,336,3,3,1,success,-2.9,92.963,-40.8,1.268,5076.2,no
55,retired,married,high.school,no,yes,no,cellular,jun,fri,136,3,3,1,success,-2.9,92.963,-40.8,1.268,5076.2,no
52,entrepreneur,married,high.school,no,yes,no,cellular,jun,fri,177,3,999,0,nonexistent,-2.9,92.963,-40.8,1.268,5076.2,no
60,retired,married,basic.6y,no,unknown,unknown,cellular,jun,fri,110,2,999,0,nonexistent,-2.9,92.963,-40.8,1.268,5076.2,no
33,management,married,university.degree,no,yes,no,cellular,jun,fri,139,5,999,0,nonexistent,-2.9,92.963,-40.8,1.268,5076.2,no
31,admin.,single,high.school,no,no,no,cellular,jun,fri,39,3,999,0,nonexistent,-2.9,92.963,-40.8,1.268,5076.2,no
25,admin.,single,university.degree,no,no,no,telephone,jun,mon,94,2,999,0,nonexistent,-2.9,92.963,-40.8,1.26,5076.2,no
59,retired,married,basic.4y,no,yes,no,telephone,jun,mon,263,4,999,0,nonexistent,-2.9,92.963,-40.8,1.26,5076.2,no
64,retired,married,unknown,no,yes,no,cellular,jun,mon,294,3,999,0,nonexistent,-2.9,92.963,-40.8,1.26,5076.2,no
33,unemployed,married,university.degree,no,yes,no,cellular,jun,mon,579,3,999,0,nonexistent,-2.9,92.963,-40.8,1.26,5076.2,yes
28,admin.,single,high.school,no,no,no,cellular,jun,mon,491,2,999,0,nonexistent,-2.9,92.963,-40.8,1.26,5076.2,yes
32,technician,divorced,university.degree,no,yes,no,cellular,jun,mon,532,2,999,0,nonexistent,-2.9,92.963,-40.8,1.26,5076.2,yes
40,unemployed,married,basic.9y,no,no,no,cellular,jun,mon,143,3,999,1,failure,-2.9,92.963,-40.8,1.26,5076.2,no
33,blue-collar,divorced,unknown,no,no,no,cellular,jun,mon,84,5,999,0,nonexistent,-2.9,92.963,-40.8,1.26,5076.2,no
20,technician,single,unknown,no,no,no,cellular,jun,mon,441,1,999,0,nonexistent,-2.9,92.963,-40.8,1.26,5076.2,yes
30,admin.,married,high.school,no,no,no,cellular,jun,mon,439,1,999,0,nonexistent,-2.9,92.963,-40.8,1.26,5076.2,no
44,services,married,unknown,no,no,yes,cellular,jun,mon,151,1,999,0,nonexistent,-2.9,92.963,-40.8,1.26,5076.2,yes
57,retired,married,basic.4y,no,no,yes,cellular,jun,mon,292,1,999,0,nonexistent,-2.9,92.963,-40.8,1.26,5076.2,no
35,entrepreneur,divorced,university.degree,no,yes,no,cellular,jun,mon,92,2,999,1,failure,-2.9,92.963,-40.8,1.26,5076.2,no
28,admin.,single,university.degree,no,no,no,cellular,jun,mon,114,1,999,0,nonexistent,-2.9,92.963,-40.8,1.26,5076.2,no
22,services,single,high.school,no,yes,no,cellular,jun,mon,147,1,999,0,nonexistent,-2.9,92.963,-40.8,1.26,5076.2,no
22,services,single,high.school,no,yes,yes,cellular,jun,mon,181,1,999,0,nonexistent,-2.9,92.963,-40.8,1.26,5076.2,no
22,student,single,unknown,no,yes,no,cellular,jun,mon,139,1,999,0,nonexistent,-2.9,92.963,-40.8,1.26,5076.2,no
35,entrepreneur,divorced,university.degree,no,yes,no,telephone,jun,mon,351,6,999,0,nonexistent,-2.9,92.963,-40.8,1.26,5076.2,yes
34,admin.,married,high.school,no,no,no,cellular,jun,mon,135,1,999,0,nonexistent,-2.9,92.963,-40.8,1.26,5076.2,no
30,admin.,married,university.degree,no,yes,no,cellular,jun,mon,288,1,999,0,nonexistent,-2.9,92.963,-40.8,1.26,5076.2,yes
23,admin.,single,high.school,no,no,no,cellular,jun,mon,92,1,999,1,failure,-2.9,92.963,-40.8,1.26,5076.2,no
36,self-employed,single,university.degree,no,no,no,cellular,jun,mon,177,1,999,0,nonexistent,-2.9,92.963,-40.8,1.26,5076.2,yes
27,services,single,university.degree,no,yes,no,cellular,jun,mon,41,2,999,0,nonexistent,-2.9,92.963,-40.8,1.26,5076.2,no
29,admin.,single,high.school,no,yes,no,cellular,jun,mon,415,1,3,1,success,-2.9,92.963,-40.8,1.26,5076.2,yes
29,admin.,single,high.school,no,no,yes,cellular,jun,mon,74,1,999,0,nonexistent,-2.9,92.963,-40.8,1.26,5076.2,no
31,blue-collar,married,university.degree,no,yes,no,cellular,jun,mon,382,2,999,0,nonexistent,-2.9,92.963,-40.8,1.26,5076.2,yes
74,retired,married,basic.4y,no,yes,no,cellular,jun,mon,257,1,999,0,nonexistent,-2.9,92.963,-40.8,1.26,5076.2,yes
32,self-employed,single,university.degree,no,yes,no,cellular,jun,mon,64,1,999,0,nonexistent,-2.9,92.963,-40.8,1.26,5076.2,no
57,management,married,unknown,no,no,no,cellular,jun,mon,112,1,999,0,nonexistent,-2.9,92.963,-40.8,1.26,5076.2,yes
34,blue-collar,married,basic.4y,no,yes,no,cellular,jun,mon,88,2,999,0,nonexistent,-2.9,92.963,-40.8,1.26,5076.2,no
57,unemployed,married,basic.4y,no,yes,no,cellular,jun,mon,284,1,999,0,nonexistent,-2.9,92.963,-40.8,1.26,5076.2,yes
57,unemployed,married,basic.4y,no,no,no,cellular,jun,mon,651,1,999,0,nonexistent,-2.9,92.963,-40.8,1.26,5076.2,yes
24,student,single,unknown,no,yes,no,cellular,jun,mon,220,1,999,0,nonexistent,-2.9,92.963,-40.8,1.26,5076.2,yes
24,blue-collar,single,unknown,no,no,yes,cellular,jun,mon,188,1,999,0,nonexistent,-2.9,92.963,-40.8,1.26,5076.2,yes
24,admin.,single,university.degree,no,yes,yes,cellular,jun,mon,74,1,999,0,nonexistent,-2.9,92.963,-40.8,1.26,5076.2,no
25,admin.,single,high.school,no,no,no,cellular,jun,mon,95,1,999,0,nonexistent,-2.9,92.963,-40.8,1.26,5076.2,no
28,admin.,single,university.degree,no,yes,no,cellular,jun,mon,333,1,999,0,nonexistent,-2.9,92.963,-40.8,1.26,5076.2,no
52,self-employed,married,university.degree,no,yes,no,cellular,jun,mon,322,1,3,1,success,-2.9,92.963,-40.8,1.26,5076.2,yes
22,services,single,high.school,no,yes,no,telephone,jun,mon,94,2,999,0,nonexistent,-2.9,92.963,-40.8,1.26,5076.2,no
23,admin.,single,university.degree,no,no,no,cellular,jun,mon,60,1,999,1,failure,-2.9,92.963,-40.8,1.26,5076.2,no
26,technician,single,professional.course,no,no,no,cellular,jun,mon,175,1,999,1,failure,-2.9,92.963,-40.8,1.26,5076.2,no
43,admin.,married,university.degree,no,no,no,cellular,jun,mon,108,1,999,1,failure,-2.9,92.963,-40.8,1.26,5076.2,no
32,technician,married,university.degree,no,no,no,cellular,jun,mon,60,1,999,0,nonexistent,-2.9,92.963,-40.8,1.26,5076.2,no
30,technician,married,university.degree,no,no,no,cellular,jun,mon,108,1,999,0,nonexistent,-2.9,92.963,-40.8,1.26,5076.2,no
29,admin.,single,high.school,no,yes,yes,cellular,jun,mon,89,2,999,0,nonexistent,-2.9,92.963,-40.8,1.26,5076.2,yes
34,blue-collar,married,basic.4y,no,yes,no,cellular,jun,mon,75,2,999,0,nonexistent,-2.9,92.963,-40.8,1.26,5076.2,no
25,technician,single,professional.course,no,yes,no,cellular,jun,mon,29,1,999,0,nonexistent,-2.9,92.963,-40.8,1.26,5076.2,no
26,admin.,married,high.school,no,no,no,cellular,jun,mon,79,1,999,0,nonexistent,-2.9,92.963,-40.8,1.26,5076.2,no
22,student,single,unknown,no,no,no,cellular,jun,mon,77,1,999,0,nonexistent,-2.9,92.963,-40.8,1.26,5076.2,no
25,admin.,single,professional.course,no,yes,no,cellular,jun,mon,205,2,999,0,nonexistent,-2.9,92.963,-40.8,1.26,5076.2,no
37,technician,married,professional.course,no,no,no,cellular,jun,mon,129,1,999,0,nonexistent,-2.9,92.963,-40.8,1.26,5076.2,yes
49,unemployed,married,professional.course,no,yes,no,cellular,jun,tue,298,3,999,0,nonexistent,-2.9,92.963,-40.8,1.252,5076.2,no
53,housemaid,married,basic.4y,no,no,yes,cellular,jun,tue,263,2,999,0,nonexistent,-2.9,92.963,-40.8,1.252,5076.2,yes
29,services,single,professional.course,no,yes,no,telephone,jun,tue,161,2,999,0,nonexistent,-2.9,92.963,-40.8,1.252,5076.2,no
53,housemaid,married,basic.4y,no,yes,no,cellular,jun,tue,245,2,999,0,nonexistent,-2.9,92.963,-40.8,1.252,5076.2,yes
57,admin.,married,university.degree,no,no,no,cellular,jun,tue,214,1,999,0,nonexistent,-2.9,92.963,-40.8,1.252,5076.2,no
56,admin.,married,university.degree,no,yes,no,cellular,jun,tue,202,1,999,0,nonexistent,-2.9,92.963,-40.8,1.252,5076.2,no
40,unemployed,single,basic.4y,no,no,no,cellular,jun,tue,355,1,999,0,nonexistent,-2.9,92.963,-40.8,1.252,5076.2,yes
43,admin.,married,university.degree,no,yes,no,cellular,jun,tue,281,1,999,0,nonexistent,-2.9,92.963,-40.8,1.252,5076.2,no
39,blue-collar,married,basic.9y,no,yes,no,cellular,jun,tue,250,1,999,0,nonexistent,-2.9,92.963,-40.8,1.252,5076.2,no
50,self-employed,married,professional.course,no,yes,no,cellular,jun,tue,102,1,999,1,failure,-2.9,92.963,-40.8,1.252,5076.2,no
25,admin.,married,university.degree,no,yes,no,telephone,jun,tue,64,1,999,0,nonexistent,-2.9,92.963,-40.8,1.252,5076.2,no
40,unemployed,single,basic.4y,no,no,no,cellular,jun,tue,459,2,999,0,nonexistent,-2.9,92.963,-40.8,1.252,5076.2,no
46,admin.,single,university.degree,no,no,no,cellular,jun,tue,119,1,999,0,nonexistent,-2.9,92.963,-40.8,1.252,5076.2,no
49,unemployed,married,professional.course,no,no,no,cellular,jun,tue,229,1,999,0,nonexistent,-2.9,92.963,-40.8,1.252,5076.2,no
43,admin.,married,university.degree,no,yes,no,telephone,jun,tue,30,1,999,0,nonexistent,-2.9,92.963,-40.8,1.252,5076.2,no
58,retired,married,basic.4y,no,yes,no,cellular,jun,tue,79,2,999,0,nonexistent,-2.9,92.963,-40.8,1.252,5076.2,no
55,management,married,university.degree,no,yes,no,cellular,jun,tue,114,3,999,0,nonexistent,-2.9,92.963,-40.8,1.252,5076.2,yes
31,technician,married,professional.course,no,yes,no,cellular,jun,tue,404,3,11,2,failure,-2.9,92.963,-40.8,1.252,5076.2,no
57,retired,married,basic.4y,no,yes,yes,cellular,jun,tue,162,3,999,0,nonexistent,-2.9,92.963,-40.8,1.252,5076.2,yes
36,technician,single,professional.course,no,yes,no,cellular,jun,tue,569,2,999,0,nonexistent,-2.9,92.963,-40.8,1.252,5076.2,no
24,admin.,single,university.degree,no,yes,no,cellular,jun,wed,65,3,999,1,failure,-2.9,92.963,-40.8,1.244,5076.2,no
32,admin.,single,university.degree,no,yes,yes,cellular,jun,wed,49,2,999,1,failure,-2.9,92.963,-40.8,1.244,5076.2,no
26,self-employed,single,university.degree,no,yes,no,cellular,jun,wed,181,2,999,0,nonexistent,-2.9,92.963,-40.8,1.244,5076.2,no
40,self-employed,single,university.degree,no,no,yes,cellular,jun,wed,54,4,999,0,nonexistent,-2.9,92.963,-40.8,1.244,5076.2,no
28,student,single,unknown,no,no,no,cellular,jun,wed,208,4,999,0,nonexistent,-2.9,92.963,-40.8,1.244,5076.2,no
24,admin.,single,university.degree,no,yes,no,cellular,jun,wed,151,7,999,1,failure,-2.9,92.963,-40.8,1.244,5076.2,no
34,admin.,married,university.degree,no,no,no,telephone,jun,wed,84,4,999,0,nonexistent,-2.9,92.963,-40.8,1.244,5076.2,no
25,student,single,university.degree,no,yes,yes,cellular,jun,thu,393,2,999,0,nonexistent,-2.9,92.963,-40.8,1.235,5076.2,yes
56,self-employed,married,university.degree,no,yes,no,telephone,jun,thu,390,15,999,0,nonexistent,-2.9,92.963,-40.8,1.235,5076.2,no
56,self-employed,married,university.degree,no,yes,no,cellular,jun,thu,88,3,999,0,nonexistent,-2.9,92.963,-40.8,1.235,5076.2,no
27,entrepreneur,single,university.degree,no,no,no,cellular,jun,thu,133,2,999,1,failure,-2.9,92.963,-40.8,1.235,5076.2,no
49,admin.,married,university.degree,no,no,no,cellular,jun,thu,259,2,999,0,nonexistent,-2.9,92.963,-40.8,1.235,5076.2,yes
25,student,single,university.degree,no,no,yes,telephone,jun,thu,280,6,999,1,failure,-2.9,92.963,-40.8,1.235,5076.2,yes
47,technician,married,professional.course,no,yes,no,cellular,jun,fri,63,5,999,1,failure,-2.9,92.963,-40.8,1.224,5076.2,no
32,technician,married,high.school,no,yes,no,telephone,jun,fri,293,5,999,1,failure,-2.9,92.963,-40.8,1.224,5076.2,yes
31,technician,single,university.degree,no,yes,yes,cellular,jun,fri,241,5,999,0,nonexistent,-2.9,92.963,-40.8,1.224,5076.2,no
38,services,married,basic.9y,no,no,no,cellular,jun,fri,140,2,999,0,nonexistent,-2.9,92.963,-40.8,1.224,5076.2,no
38,services,married,basic.9y,no,no,yes,telephone,jun,fri,177,2,999,0,nonexistent,-2.9,92.963,-40.8,1.224,5076.2,no
25,admin.,married,university.degree,no,yes,no,cellular,jun,mon,457,3,999,0,nonexistent,-2.9,92.963,-40.8,1.215,5076.2,no
55,admin.,married,high.school,no,yes,no,cellular,jun,mon,177,5,999,1,failure,-2.9,92.963,-40.8,1.215,5076.2,no
58,retired,married,professional.course,no,yes,yes,telephone,jun,mon,100,2,999,0,nonexistent,-2.9,92.963,-40.8,1.215,5076.2,no
48,admin.,married,university.degree,no,yes,no,cellular,jun,mon,136,1,999,1,failure,-2.9,92.963,-40.8,1.215,5076.2,no
60,retired,divorced,basic.4y,no,no,no,cellular,jun,mon,111,5,999,0,nonexistent,-2.9,92.963,-40.8,1.215,5076.2,no
55,blue-collar,married,basic.9y,no,no,no,cellular,jun,mon,271,2,999,0,nonexistent,-2.9,92.963,-40.8,1.215,5076.2,no
47,housemaid,single,professional.course,no,yes,no,cellular,jun,mon,67,1,3,1,success,-2.9,92.963,-40.8,1.215,5076.2,no
40,blue-collar,married,professional.course,no,no,no,telephone,jun,mon,883,1,999,1,failure,-2.9,92.963,-40.8,1.215,5076.2,yes
53,admin.,married,university.degree,no,no,yes,cellular,jun,mon,115,1,999,0,nonexistent,-2.9,92.963,-40.8,1.215,5076.2,no
50,admin.,married,university.degree,no,no,no,cellular,jun,mon,269,1,3,1,success,-2.9,92.963,-40.8,1.215,5076.2,yes
42,admin.,single,university.degree,no,yes,no,cellular,jun,mon,570,3,999,0,nonexistent,-2.9,92.963,-40.8,1.215,5076.2,no
41,technician,divorced,university.degree,no,no,no,cellular,jun,mon,238,1,999,0,nonexistent,-2.9,92.963,-40.8,1.215,5076.2,no
32,technician,single,professional.course,no,no,no,cellular,jun,mon,524,1,999,0,nonexistent,-2.9,92.963,-40.8,1.215,5076.2,no
32,technician,single,professional.course,no,yes,yes,cellular,jun,mon,187,1,999,0,nonexistent,-2.9,92.963,-40.8,1.215,5076.2,no
49,technician,single,professional.course,no,yes,no,cellular,jun,mon,68,1,3,1,success,-2.9,92.963,-40.8,1.215,5076.2,no
45,admin.,married,basic.9y,no,yes,no,telephone,jun,mon,60,2,999,0,nonexistent,-2.9,92.963,-40.8,1.215,5076.2,no
39,admin.,married,university.degree,no,no,no,cellular,jun,mon,459,1,999,1,failure,-2.9,92.963,-40.8,1.215,5076.2,yes
51,admin.,married,university.degree,no,no,no,telephone,jun,mon,295,3,999,0,nonexistent,-2.9,92.963,-40.8,1.215,5076.2,no
24,student,single,unknown,no,yes,yes,cellular,jun,tue,124,1,999,1,failure,-2.9,92.963,-40.8,1.206,5076.2,no
36,admin.,single,high.school,no,yes,no,cellular,jun,tue,248,1,999,1,failure,-2.9,92.963,-40.8,1.206,5076.2,no
45,technician,married,professional.course,no,yes,yes,cellular,jun,tue,191,1,999,0,nonexistent,-2.9,92.963,-40.8,1.206,5076.2,no
30,student,single,unknown,no,no,no,cellular,jun,tue,205,3,999,0,nonexistent,-2.9,92.963,-40.8,1.206,5076.2,no
47,blue-collar,married,professional.course,no,no,yes,cellular,jun,tue,971,2,999,0,nonexistent,-2.9,92.963,-40.8,1.206,5076.2,no
45,self-employed,single,basic.9y,no,yes,no,cellular,jun,tue,201,1,999,0,nonexistent,-2.9,92.963,-40.8,1.206,5076.2,no
24,technician,single,professional.course,no,no,no,cellular,jun,tue,227,1,4,1,success,-2.9,92.963,-40.8,1.206,5076.2,yes
47,admin.,married,university.degree,no,yes,yes,cellular,jun,tue,140,1,999,0,nonexistent,-2.9,92.963,-40.8,1.206,5076.2,no
38,technician,single,university.degree,no,yes,no,cellular,jun,tue,128,1,999,0,nonexistent,-2.9,92.963,-40.8,1.099,5076.2,no
45,technician,divorced,university.degree,no,no,no,cellular,jun,tue,224,1,999,0,nonexistent,-2.9,92.963,-40.8,1.099,5076.2,no
42,services,married,university.degree,no,unknown,unknown,cellular,jun,tue,122,1,999,1,failure,-2.9,92.963,-40.8,1.099,5076.2,no
37,entrepreneur,married,university.degree,no,yes,no,cellular,jun,tue,108,1,999,0,nonexistent,-2.9,92.963,-40.8,1.099,5076.2,no
38,admin.,single,university.degree,no,no,no,cellular,jun,tue,103,1,999,0,nonexistent,-2.9,92.963,-40.8,1.099,5076.2,no
38,admin.,single,university.degree,no,yes,no,telephone,jun,tue,42,1,999,0,nonexistent,-2.9,92.963,-40.8,1.099,5076.2,no
36,entrepreneur,single,basic.4y,no,no,no,cellular,jun,tue,166,1,999,0,nonexistent,-2.9,92.963,-40.8,1.099,5076.2,no
31,blue-collar,single,high.school,no,yes,no,cellular,jun,tue,160,1,999,0,nonexistent,-2.9,92.963,-40.8,1.099,5076.2,no
33,housemaid,married,university.degree,no,no,no,cellular,jun,tue,224,1,999,0,nonexistent,-2.9,92.963,-40.8,1.099,5076.2,yes
50,admin.,married,high.school,no,no,no,cellular,jul,wed,140,3,999,0,nonexistent,-2.9,92.469,-33.6,1.085,5076.2,yes
51,retired,married,basic.4y,no,no,no,cellular,jul,wed,1057,1,13,1,success,-2.9,92.469,-33.6,1.085,5076.2,no
56,management,married,professional.course,no,no,no,cellular,jul,wed,291,2,999,0,nonexistent,-2.9,92.469,-33.6,1.085,5076.2,no
59,admin.,married,university.degree,no,yes,yes,cellular,jul,wed,92,1,999,0,nonexistent,-2.9,92.469,-33.6,1.085,5076.2,no
55,management,married,university.degree,no,no,yes,cellular,jul,wed,260,2,3,1,success,-2.9,92.469,-33.6,1.085,5076.2,yes
24,self-employed,single,unknown,no,no,yes,cellular,jul,thu,342,2,999,0,nonexistent,-2.9,92.469,-33.6,1.072,5076.2,yes
34,admin.,married,university.degree,no,yes,no,telephone,jul,thu,248,3,999,0,nonexistent,-2.9,92.469,-33.6,1.072,5076.2,no
45,admin.,married,university.degree,no,no,no,cellular,jul,thu,74,1,999,0,nonexistent,-2.9,92.469,-33.6,1.072,5076.2,no
50,admin.,married,university.degree,no,no,no,cellular,jul,thu,356,1,999,0,nonexistent,-2.9,92.469,-33.6,1.072,5076.2,yes
59,blue-collar,divorced,basic.4y,no,yes,no,cellular,jul,thu,218,1,999,0,nonexistent,-2.9,92.469,-33.6,1.072,5076.2,yes
59,blue-collar,divorced,basic.4y,no,no,no,cellular,jul,thu,367,1,999,0,nonexistent,-2.9,92.469,-33.6,1.072,5076.2,yes
58,retired,married,professional.course,no,no,yes,cellular,jul,thu,82,1,3,1,success,-2.9,92.469,-33.6,1.072,5076.2,no
63,retired,divorced,university.degree,no,yes,yes,cellular,jul,thu,146,1,999,1,failure,-2.9,92.469,-33.6,1.072,5076.2,no
51,technician,married,professional.course,no,no,no,cellular,jul,thu,566,1,13,1,success,-2.9,92.469,-33.6,1.072,5076.2,yes
46,admin.,single,university.degree,no,yes,no,cellular,jul,thu,309,1,999,0,nonexistent,-2.9,92.469,-33.6,1.072,5076.2,yes
46,entrepreneur,married,university.degree,no,yes,no,cellular,jul,thu,396,1,999,0,nonexistent,-2.9,92.469,-33.6,1.072,5076.2,yes
43,technician,single,university.degree,no,no,no,cellular,jul,thu,109,1,999,0,nonexistent,-2.9,92.469,-33.6,1.072,5076.2,no
51,technician,married,university.degree,no,yes,no,cellular,jul,thu,226,1,999,0,nonexistent,-2.9,92.469,-33.6,1.072,5076.2,no
54,management,married,unknown,no,yes,no,cellular,jul,thu,154,1,999,1,failure,-2.9,92.469,-33.6,1.072,5076.2,no
56,entrepreneur,married,unknown,no,yes,no,cellular,jul,thu,129,1,999,0,nonexistent,-2.9,92.469,-33.6,1.072,5076.2,no
63,retired,divorced,university.degree,no,no,yes,cellular,jul,thu,317,1,999,1,failure,-2.9,92.469,-33.6,1.072,5076.2,no
60,housemaid,married,basic.4y,no,yes,no,cellular,jul,thu,229,1,999,0,nonexistent,-2.9,92.469,-33.6,1.072,5076.2,no
38,technician,single,university.degree,no,yes,no,cellular,jul,thu,98,1,999,0,nonexistent,-2.9,92.469,-33.6,1.072,5076.2,no
58,technician,married,university.degree,unknown,yes,no,cellular,jul,thu,160,1,999,0,nonexistent,-2.9,92.469,-33.6,1.072,5076.2,no
32,self-employed,single,university.degree,no,no,no,cellular,jul,thu,590,1,999,2,failure,-2.9,92.469,-33.6,1.072,5076.2,no
36,unemployed,married,basic.9y,no,no,no,cellular,jul,thu,153,1,999,0,nonexistent,-2.9,92.469,-33.6,1.072,5076.2,no
29,technician,married,professional.course,no,no,no,cellular,jul,thu,86,2,999,1,failure,-2.9,92.469,-33.6,1.072,5076.2,no
56,entrepreneur,married,unknown,no,yes,no,cellular,jul,thu,478,2,999,0,nonexistent,-2.9,92.469,-33.6,1.072,5076.2,yes
32,self-employed,single,university.degree,no,no,no,cellular,jul,thu,276,2,999,0,nonexistent,-2.9,92.469,-33.6,1.072,5076.2,yes
50,admin.,married,university.degree,no,yes,no,cellular,jul,thu,567,5,999,0,nonexistent,-2.9,92.469,-33.6,1.072,5076.2,yes
51,technician,married,professional.course,no,yes,no,cellular,jul,thu,135,2,999,1,failure,-2.9,92.469,-33.6,1.072,5076.2,yes
46,admin.,divorced,high.school,no,yes,no,telephone,jul,thu,176,1,999,0,nonexistent,-2.9,92.469,-33.6,1.072,5076.2,yes
56,admin.,divorced,unknown,no,yes,no,telephone,jul,fri,353,2,999,0,nonexistent,-2.9,92.469,-33.6,1.0590000000000002,5076.2,yes
21,unemployed,single,high.school,no,yes,no,cellular,jul,fri,203,1,999,0,nonexistent,-2.9,92.469,-33.6,1.0590000000000002,5076.2,yes
29,admin.,single,high.school,no,no,no,cellular,jul,fri,446,1,999,0,nonexistent,-2.9,92.469,-33.6,1.0590000000000002,5076.2,yes
36,admin.,married,high.school,no,yes,no,cellular,jul,fri,122,1,999,1,failure,-2.9,92.469,-33.6,1.0590000000000002,5076.2,no
47,blue-collar,married,professional.course,no,yes,no,cellular,jul,fri,175,1,999,0,nonexistent,-2.9,92.469,-33.6,1.0590000000000002,5076.2,yes
29,technician,single,university.degree,no,no,no,cellular,jul,fri,1007,6,999,0,nonexistent,-2.9,92.469,-33.6,1.0590000000000002,5076.2,yes
35,admin.,single,high.school,no,yes,no,cellular,jul,fri,147,2,14,2,failure,-2.9,92.469,-33.6,1.0590000000000002,5076.2,no
56,retired,married,high.school,no,yes,no,cellular,jul,fri,603,1,999,0,nonexistent,-2.9,92.469,-33.6,1.0590000000000002,5076.2,no
57,retired,divorced,basic.9y,no,no,no,cellular,jul,fri,897,3,999,0,nonexistent,-2.9,92.469,-33.6,1.0590000000000002,5076.2,no
53,technician,married,high.school,no,yes,no,cellular,jul,fri,531,3,999,0,nonexistent,-2.9,92.469,-33.6,1.0590000000000002,5076.2,no
33,admin.,single,university.degree,no,no,no,cellular,jul,fri,704,1,999,0,nonexistent,-2.9,92.469,-33.6,1.0590000000000002,5076.2,yes
29,technician,single,university.degree,no,yes,no,cellular,jul,fri,473,1,999,0,nonexistent,-2.9,92.469,-33.6,1.0590000000000002,5076.2,no
47,technician,married,professional.course,no,no,no,telephone,jul,fri,320,2,999,0,nonexistent,-2.9,92.469,-33.6,1.0590000000000002,5076.2,no
75,retired,married,basic.4y,no,yes,yes,cellular,jul,fri,67,2,999,0,nonexistent,-2.9,92.469,-33.6,1.0590000000000002,5076.2,no
58,admin.,married,high.school,no,yes,no,cellular,jul,fri,318,4,999,1,failure,-2.9,92.469,-33.6,1.0590000000000002,5076.2,no
34,admin.,married,high.school,no,no,no,cellular,jul,fri,59,7,999,0,nonexistent,-2.9,92.469,-33.6,1.0590000000000002,5076.2,no
56,retired,married,high.school,no,yes,yes,cellular,jul,fri,308,2,999,0,nonexistent,-2.9,92.469,-33.6,1.0590000000000002,5076.2,yes
46,admin.,single,university.degree,no,yes,no,cellular,jul,mon,413,5,999,0,nonexistent,-2.9,92.469,-33.6,1.048,5076.2,no
31,admin.,single,university.degree,no,yes,no,cellular,jul,mon,202,4,999,0,nonexistent,-2.9,92.469,-33.6,1.048,5076.2,yes
25,student,single,unknown,no,no,no,telephone,jul,mon,116,3,999,0,nonexistent,-2.9,92.469,-33.6,1.048,5076.2,no
30,admin.,single,university.degree,no,no,yes,cellular,jul,mon,207,2,999,0,nonexistent,-2.9,92.469,-33.6,1.048,5076.2,no
23,student,single,high.school,no,no,no,cellular,jul,mon,270,3,999,0,nonexistent,-2.9,92.469,-33.6,1.048,5076.2,yes
37,admin.,married,university.degree,no,yes,no,cellular,jul,mon,227,2,999,0,nonexistent,-2.9,92.469,-33.6,1.048,5076.2,yes
28,services,single,university.degree,no,yes,no,cellular,jul,mon,316,4,999,0,nonexistent,-2.9,92.469,-33.6,1.048,5076.2,yes
53,admin.,married,high.school,no,no,no,cellular,jul,tue,964,1,999,1,failure,-2.9,92.469,-33.6,1.044,5076.2,yes
33,management,married,university.degree,no,yes,no,cellular,jul,tue,429,1,999,0,nonexistent,-2.9,92.469,-33.6,1.044,5076.2,yes
41,admin.,married,university.degree,no,yes,no,cellular,jul,tue,826,1,999,1,failure,-2.9,92.469,-33.6,1.044,5076.2,no
38,admin.,married,university.degree,no,yes,no,cellular,jul,tue,422,1,999,0,nonexistent,-2.9,92.469,-33.6,1.044,5076.2,no
42,admin.,divorced,university.degree,no,no,no,cellular,jul,tue,94,1,999,0,nonexistent,-2.9,92.469,-33.6,1.044,5076.2,no
37,admin.,married,high.school,no,no,no,cellular,jul,tue,106,1,999,0,nonexistent,-2.9,92.469,-33.6,1.044,5076.2,no
25,student,single,unknown,unknown,yes,no,cellular,jul,tue,371,1,999,0,nonexistent,-2.9,92.469,-33.6,1.044,5076.2,yes
46,admin.,divorced,high.school,no,unknown,unknown,cellular,jul,tue,297,1,999,0,nonexistent,-2.9,92.469,-33.6,1.044,5076.2,yes
25,student,single,high.school,no,yes,no,cellular,jul,tue,112,1,999,1,failure,-2.9,92.469,-33.6,1.044,5076.2,no
29,unemployed,single,university.degree,no,yes,no,cellular,jul,tue,611,1,999,0,nonexistent,-2.9,92.469,-33.6,1.044,5076.2,no
26,unemployed,single,high.school,no,yes,no,cellular,jul,tue,445,1,999,0,nonexistent,-2.9,92.469,-33.6,1.044,5076.2,no
23,student,single,high.school,no,yes,no,cellular,jul,tue,682,2,13,1,success,-2.9,92.469,-33.6,1.044,5076.2,yes
26,services,single,high.school,no,no,no,cellular,jul,tue,180,2,999,0,nonexistent,-2.9,92.469,-33.6,1.044,5076.2,yes
46,admin.,divorced,high.school,no,no,no,cellular,jul,tue,282,1,999,0,nonexistent,-2.9,92.469,-33.6,1.044,5076.2,no
45,technician,married,high.school,no,no,no,cellular,jul,tue,58,1,999,0,nonexistent,-2.9,92.469,-33.6,1.044,5076.2,no
23,student,single,high.school,no,no,no,cellular,jul,tue,370,1,999,1,failure,-2.9,92.469,-33.6,1.044,5076.2,yes
31,technician,married,university.degree,no,no,no,cellular,jul,tue,404,1,999,0,nonexistent,-2.9,92.469,-33.6,1.044,5076.2,no
38,technician,single,university.degree,no,yes,no,cellular,jul,tue,321,1,999,0,nonexistent,-2.9,92.469,-33.6,1.044,5076.2,no
26,student,single,high.school,no,yes,no,cellular,jul,tue,432,1,999,0,nonexistent,-2.9,92.469,-33.6,1.044,5076.2,no
27,admin.,single,unknown,no,yes,no,telephone,jul,tue,876,1,999,0,nonexistent,-2.9,92.469,-33.6,1.044,5076.2,yes
25,student,single,unknown,no,no,no,cellular,jul,tue,170,1,999,0,nonexistent,-2.9,92.469,-33.6,1.044,5076.2,no
33,admin.,married,high.school,no,no,no,telephone,jul,tue,257,1,999,0,nonexistent,-2.9,92.469,-33.6,1.044,5076.2,yes
27,admin.,single,university.degree,no,no,no,cellular,jul,tue,207,1,999,0,nonexistent,-2.9,92.469,-33.6,1.044,5076.2,no
40,admin.,married,university.degree,no,yes,no,cellular,jul,tue,243,1,999,0,nonexistent,-2.9,92.469,-33.6,1.044,5076.2,yes
44,technician,single,professional.course,no,yes,no,cellular,jul,tue,112,2,999,0,nonexistent,-2.9,92.469,-33.6,1.044,5076.2,no
31,admin.,single,high.school,no,yes,no,cellular,jul,wed,167,1,999,1,failure,-2.9,92.469,-33.6,1.0290000000000001,5076.2,yes
42,technician,married,university.degree,no,no,no,cellular,jul,wed,361,1,999,1,failure,-2.9,92.469,-33.6,1.0290000000000001,5076.2,yes
47,management,married,university.degree,no,yes,no,cellular,jul,wed,123,1,999,0,nonexistent,-2.9,92.469,-33.6,1.0290000000000001,5076.2,no
50,technician,married,professional.course,no,no,no,cellular,jul,wed,87,1,999,0,nonexistent,-2.9,92.469,-33.6,1.0290000000000001,5076.2,no
45,admin.,married,university.degree,no,no,no,cellular,jul,wed,194,1,13,1,success,-2.9,92.469,-33.6,1.0290000000000001,5076.2,no
41,admin.,married,university.degree,no,yes,no,cellular,jul,wed,181,1,999,1,failure,-2.9,92.469,-33.6,1.0290000000000001,5076.2,no
44,technician,married,professional.course,no,yes,no,cellular,jul,wed,188,2,999,0,nonexistent,-2.9,92.469,-33.6,1.0290000000000001,5076.2,no
20,student,single,high.school,no,no,no,cellular,jul,wed,625,1,999,1,failure,-2.9,92.469,-33.6,1.0290000000000001,5076.2,no
20,student,single,high.school,no,no,no,cellular,jul,wed,74,1,999,0,nonexistent,-2.9,92.469,-33.6,1.0290000000000001,5076.2,no
20,student,single,high.school,no,yes,no,cellular,jul,wed,349,1,999,0,nonexistent,-2.9,92.469,-33.6,1.0290000000000001,5076.2,yes
28,unemployed,single,university.degree,no,unknown,unknown,telephone,jul,wed,167,1,999,0,nonexistent,-2.9,92.469,-33.6,1.0290000000000001,5076.2,no
36,technician,single,high.school,no,yes,no,cellular,jul,wed,243,1,999,1,failure,-2.9,92.469,-33.6,1.0290000000000001,5076.2,no
30,self-employed,single,university.degree,no,yes,no,cellular,jul,wed,90,3,999,0,nonexistent,-2.9,92.469,-33.6,1.0290000000000001,5076.2,no
44,blue-collar,single,unknown,no,yes,no,telephone,jul,wed,576,1,999,0,nonexistent,-2.9,92.469,-33.6,1.0290000000000001,5076.2,yes
43,admin.,divorced,university.degree,no,no,no,cellular,jul,wed,281,1,999,0,nonexistent,-2.9,92.469,-33.6,1.0290000000000001,5076.2,no
42,blue-collar,married,basic.6y,no,yes,no,cellular,jul,wed,72,1,999,0,nonexistent,-2.9,92.469,-33.6,1.0290000000000001,5076.2,no
42,admin.,single,university.degree,no,yes,yes,cellular,jul,wed,122,1,999,0,nonexistent,-2.9,92.469,-33.6,1.0290000000000001,5076.2,no
32,admin.,single,professional.course,no,yes,no,cellular,jul,wed,72,1,999,0,nonexistent,-2.9,92.469,-33.6,1.0290000000000001,5076.2,no
27,student,single,high.school,no,no,yes,cellular,jul,wed,537,2,999,1,failure,-2.9,92.469,-33.6,1.0290000000000001,5076.2,no
42,technician,married,university.degree,no,no,yes,cellular,jul,wed,430,2,999,0,nonexistent,-2.9,92.469,-33.6,1.0290000000000001,5076.2,no
59,admin.,married,high.school,no,yes,no,cellular,jul,wed,286,2,999,0,nonexistent,-2.9,92.469,-33.6,1.0290000000000001,5076.2,no
40,technician,married,high.school,no,yes,no,cellular,jul,wed,475,3,3,1,success,-2.9,92.469,-33.6,1.0290000000000001,5076.2,no
26,admin.,single,university.degree,no,yes,no,cellular,jul,wed,153,1,999,0,nonexistent,-2.9,92.469,-33.6,1.0290000000000001,5076.2,yes
36,technician,married,professional.course,no,yes,no,cellular,jul,wed,182,3,999,0,nonexistent,-2.9,92.469,-33.6,1.0290000000000001,5076.2,no
32,admin.,single,university.degree,no,yes,no,cellular,jul,wed,97,3,999,0,nonexistent,-2.9,92.469,-33.6,1.0290000000000001,5076.2,yes
38,admin.,married,high.school,no,yes,yes,telephone,jul,wed,64,3,999,0,nonexistent,-2.9,92.469,-33.6,1.0290000000000001,5076.2,no
29,student,single,high.school,no,yes,no,cellular,jul,thu,253,2,999,0,nonexistent,-2.9,92.469,-33.6,1.018,5076.2,yes
32,admin.,single,university.degree,no,yes,no,cellular,jul,thu,315,4,999,0,nonexistent,-2.9,92.469,-33.6,1.018,5076.2,no
23,blue-collar,single,high.school,no,no,no,cellular,jul,fri,104,2,999,0,nonexistent,-2.9,92.469,-33.6,1.0070000000000001,5076.2,yes
23,technician,single,professional.course,no,yes,no,telephone,jul,fri,336,4,999,0,nonexistent,-2.9,92.469,-33.6,1.0070000000000001,5076.2,yes
29,technician,single,unknown,no,yes,yes,cellular,jul,mon,326,3,999,0,nonexistent,-2.9,92.469,-33.6,0.996,5076.2,no
51,management,divorced,university.degree,no,yes,no,telephone,jul,wed,219,2,999,0,nonexistent,-2.9,92.469,-33.6,0.9790000000000001,5076.2,no
26,admin.,single,university.degree,no,yes,no,cellular,jul,wed,226,2,999,0,nonexistent,-2.9,92.469,-33.6,0.9790000000000001,5076.2,no
45,admin.,married,university.degree,no,yes,no,telephone,jul,thu,58,3,999,0,nonexistent,-2.9,92.469,-33.6,0.9690000000000001,5076.2,no
37,services,married,high.school,no,yes,no,cellular,jul,mon,91,2,999,0,nonexistent,-2.9,92.469,-33.6,0.9440000000000001,5076.2,no
27,technician,single,university.degree,no,yes,no,cellular,jul,mon,258,3,999,0,nonexistent,-2.9,92.469,-33.6,0.9440000000000001,5076.2,no
36,admin.,married,high.school,no,yes,no,telephone,jul,tue,305,7,999,0,nonexistent,-2.9,92.469,-33.6,0.937,5076.2,no
35,entrepreneur,married,high.school,no,no,no,cellular,jul,wed,1084,4,999,0,nonexistent,-2.9,92.469,-33.6,0.9329999999999999,5076.2,yes
33,admin.,divorced,university.degree,no,no,yes,cellular,jul,thu,106,3,999,0,nonexistent,-2.9,92.469,-33.6,0.927,5076.2,no
27,student,single,high.school,no,no,no,cellular,jul,thu,64,3,999,0,nonexistent,-2.9,92.469,-33.6,0.927,5076.2,no
51,admin.,married,university.degree,no,unknown,unknown,telephone,jul,fri,116,3,999,0,nonexistent,-2.9,92.469,-33.6,0.9209999999999999,5076.2,no
38,admin.,single,university.degree,no,yes,no,telephone,jul,mon,195,2,999,0,nonexistent,-2.9,92.469,-33.6,0.914,5076.2,no
38,admin.,single,university.degree,no,yes,no,cellular,jul,mon,82,2,999,0,nonexistent,-2.9,92.469,-33.6,0.914,5076.2,no
26,technician,single,university.degree,no,yes,yes,cellular,jul,tue,105,2,999,0,nonexistent,-2.9,92.469,-33.6,0.9079999999999999,5076.2,no
30,student,single,university.degree,no,no,no,cellular,jul,tue,332,2,13,2,failure,-2.9,92.469,-33.6,0.9079999999999999,5076.2,yes
44,admin.,divorced,high.school,no,no,yes,cellular,jul,tue,132,4,999,0,nonexistent,-2.9,92.469,-33.6,0.9079999999999999,5076.2,no
23,student,single,basic.9y,no,no,no,cellular,jul,tue,73,6,999,0,nonexistent,-2.9,92.469,-33.6,0.9079999999999999,5076.2,no
54,admin.,married,university.degree,no,no,yes,cellular,jul,tue,822,6,13,1,success,-2.9,92.469,-33.6,0.9079999999999999,5076.2,yes
26,admin.,single,university.degree,no,no,yes,cellular,jul,tue,148,4,999,0,nonexistent,-2.9,92.469,-33.6,0.9079999999999999,5076.2,no
54,admin.,married,university.degree,no,yes,no,cellular,jul,tue,72,2,999,1,failure,-2.9,92.469,-33.6,0.9079999999999999,5076.2,no
26,technician,single,university.degree,no,no,yes,cellular,jul,tue,67,5,999,1,failure,-2.9,92.469,-33.6,0.9079999999999999,5076.2,no
27,admin.,married,university.degree,no,no,yes,cellular,jul,tue,99,6,999,1,failure,-2.9,92.469,-33.6,0.9079999999999999,5076.2,yes
38,management,married,university.degree,no,no,no,cellular,jul,tue,486,5,999,0,nonexistent,-2.9,92.469,-33.6,0.9079999999999999,5076.2,yes
30,student,single,university.degree,no,no,no,cellular,jul,tue,109,3,999,0,nonexistent,-2.9,92.469,-33.6,0.9079999999999999,5076.2,no
31,admin.,single,high.school,no,no,yes,telephone,jul,tue,258,6,999,0,nonexistent,-2.9,92.469,-33.6,0.9079999999999999,5076.2,no
47,admin.,married,university.degree,no,no,no,telephone,jul,tue,186,9,999,0,nonexistent,-2.9,92.469,-33.6,0.9079999999999999,5076.2,no
36,admin.,married,high.school,no,no,no,cellular,jul,tue,383,6,999,0,nonexistent,-2.9,92.469,-33.6,0.9079999999999999,5076.2,no
58,management,married,university.degree,no,no,no,cellular,jul,wed,292,6,999,1,failure,-2.9,92.469,-33.6,0.903,5076.2,no
41,admin.,married,high.school,no,no,no,cellular,aug,tue,151,1,999,0,nonexistent,-2.9,92.20100000000001,-31.4,0.884,5076.2,no
32,services,married,high.school,no,no,no,cellular,aug,tue,205,1,999,0,nonexistent,-2.9,92.20100000000001,-31.4,0.884,5076.2,no
61,self-employed,divorced,high.school,no,no,no,cellular,aug,tue,92,1,999,0,nonexistent,-2.9,92.20100000000001,-31.4,0.884,5076.2,no
61,retired,married,professional.course,no,no,no,cellular,aug,tue,219,1,999,0,nonexistent,-2.9,92.20100000000001,-31.4,0.884,5076.2,yes
36,admin.,single,high.school,no,yes,no,cellular,aug,tue,320,1,999,0,nonexistent,-2.9,92.20100000000001,-31.4,0.884,5076.2,no
31,admin.,single,university.degree,no,no,no,cellular,aug,tue,138,1,15,1,success,-2.9,92.20100000000001,-31.4,0.884,5076.2,no
18,student,single,basic.9y,no,yes,no,cellular,aug,tue,642,1,999,0,nonexistent,-2.9,92.20100000000001,-31.4,0.884,5076.2,yes
47,admin.,divorced,university.degree,no,yes,yes,cellular,aug,tue,185,1,999,0,nonexistent,-2.9,92.20100000000001,-31.4,0.884,5076.2,yes
52,management,married,university.degree,no,no,no,cellular,aug,tue,600,1,999,0,nonexistent,-2.9,92.20100000000001,-31.4,0.884,5076.2,yes
29,student,single,high.school,no,unknown,unknown,cellular,aug,tue,505,1,4,3,success,-2.9,92.20100000000001,-31.4,0.884,5076.2,yes
26,technician,single,university.degree,no,yes,no,cellular,aug,tue,204,2,999,1,failure,-2.9,92.20100000000001,-31.4,0.884,5076.2,no
51,management,married,university.degree,no,yes,no,cellular,aug,tue,138,1,999,0,nonexistent,-2.9,92.20100000000001,-31.4,0.884,5076.2,no
21,student,single,high.school,no,yes,yes,cellular,aug,tue,220,1,999,0,nonexistent,-2.9,92.20100000000001,-31.4,0.884,5076.2,no
51,management,married,university.degree,no,yes,no,cellular,aug,tue,249,1,999,0,nonexistent,-2.9,92.20100000000001,-31.4,0.884,5076.2,yes
21,student,single,high.school,no,no,no,cellular,aug,tue,259,1,999,1,failure,-2.9,92.20100000000001,-31.4,0.884,5076.2,no
42,technician,single,unknown,no,yes,no,cellular,aug,tue,158,1,999,1,failure,-2.9,92.20100000000001,-31.4,0.884,5076.2,no
72,retired,divorced,university.degree,no,no,no,cellular,aug,tue,270,1,999,0,nonexistent,-2.9,92.20100000000001,-31.4,0.884,5076.2,no
72,retired,divorced,university.degree,no,no,no,cellular,aug,tue,370,1,999,0,nonexistent,-2.9,92.20100000000001,-31.4,0.884,5076.2,no
34,technician,single,professional.course,no,yes,no,cellular,aug,tue,251,1,999,0,nonexistent,-2.9,92.20100000000001,-31.4,0.884,5076.2,no
24,student,single,high.school,no,yes,no,cellular,aug,tue,79,1,999,0,nonexistent,-2.9,92.20100000000001,-31.4,0.884,5076.2,no
17,student,single,unknown,no,yes,no,cellular,aug,wed,432,3,4,2,success,-2.9,92.20100000000001,-31.4,0.884,5076.2,no
34,technician,single,professional.course,no,no,no,cellular,aug,wed,305,1,999,0,nonexistent,-2.9,92.20100000000001,-31.4,0.884,5076.2,yes
59,admin.,married,high.school,no,yes,no,cellular,aug,wed,1019,2,2,1,success,-2.9,92.20100000000001,-31.4,0.884,5076.2,yes
34,technician,single,professional.course,no,no,no,cellular,aug,wed,211,1,999,0,nonexistent,-2.9,92.20100000000001,-31.4,0.884,5076.2,yes
40,admin.,married,university.degree,no,no,no,cellular,aug,wed,397,2,999,1,failure,-2.9,92.20100000000001,-31.4,0.884,5076.2,no
37,technician,married,professional.course,no,yes,no,cellular,aug,wed,414,1,999,0,nonexistent,-2.9,92.20100000000001,-31.4,0.884,5076.2,yes
59,admin.,married,high.school,no,yes,no,cellular,aug,wed,277,1,999,0,nonexistent,-2.9,92.20100000000001,-31.4,0.884,5076.2,yes
52,management,married,university.degree,no,no,no,cellular,aug,wed,206,1,999,1,failure,-2.9,92.20100000000001,-31.4,0.884,5076.2,no
46,unknown,married,unknown,no,no,yes,cellular,aug,wed,299,2,999,0,nonexistent,-2.9,92.20100000000001,-31.4,0.884,5076.2,no
27,management,single,university.degree,no,yes,no,cellular,aug,wed,106,1,999,0,nonexistent,-2.9,92.20100000000001,-31.4,0.884,5076.2,no
20,student,single,high.school,no,no,yes,cellular,aug,wed,254,1,999,0,nonexistent,-2.9,92.20100000000001,-31.4,0.884,5076.2,yes
59,retired,married,unknown,no,unknown,unknown,cellular,aug,wed,177,1,999,0,nonexistent,-2.9,92.20100000000001,-31.4,0.884,5076.2,no
32,services,single,high.school,no,yes,yes,cellular,aug,wed,253,1,4,2,success,-2.9,92.20100000000001,-31.4,0.884,5076.2,yes
37,admin.,married,high.school,no,no,no,cellular,aug,wed,179,2,999,1,failure,-2.9,92.20100000000001,-31.4,0.884,5076.2,yes
39,blue-collar,married,basic.9y,no,no,no,cellular,aug,wed,394,1,999,0,nonexistent,-2.9,92.20100000000001,-31.4,0.884,5076.2,yes
59,retired,divorced,university.degree,no,yes,yes,cellular,aug,wed,526,1,999,0,nonexistent,-2.9,92.20100000000001,-31.4,0.884,5076.2,no
45,unemployed,divorced,basic.4y,no,yes,no,cellular,aug,wed,156,1,999,0,nonexistent,-2.9,92.20100000000001,-31.4,0.884,5076.2,no
45,unemployed,divorced,basic.4y,no,no,yes,telephone,aug,wed,416,1,999,0,nonexistent,-2.9,92.20100000000001,-31.4,0.884,5076.2,no
59,retired,married,unknown,no,no,no,cellular,aug,wed,385,2,999,1,failure,-2.9,92.20100000000001,-31.4,0.884,5076.2,yes
37,technician,married,professional.course,no,no,no,cellular,aug,wed,157,3,4,2,success,-2.9,92.20100000000001,-31.4,0.884,5076.2,yes
56,entrepreneur,married,high.school,no,yes,no,cellular,aug,wed,131,5,999,1,failure,-2.9,92.20100000000001,-31.4,0.884,5076.2,no
42,unemployed,married,unknown,no,no,no,cellular,aug,thu,175,4,999,0,nonexistent,-2.9,92.20100000000001,-31.4,0.883,5076.2,yes
46,blue-collar,married,professional.course,no,no,no,cellular,aug,thu,99,5,999,0,nonexistent,-2.9,92.20100000000001,-31.4,0.883,5076.2,no
37,admin.,married,university.degree,no,no,no,cellular,aug,thu,89,1,999,0,nonexistent,-2.9,92.20100000000001,-31.4,0.883,5076.2,no
52,retired,divorced,university.degree,no,yes,yes,cellular,aug,thu,155,2,4,1,success,-2.9,92.20100000000001,-31.4,0.883,5076.2,yes
70,retired,married,basic.4y,unknown,yes,no,cellular,aug,thu,320,1,999,0,nonexistent,-2.9,92.20100000000001,-31.4,0.883,5076.2,no
32,technician,married,university.degree,no,no,yes,cellular,aug,thu,975,4,999,0,nonexistent,-2.9,92.20100000000001,-31.4,0.883,5076.2,yes
42,unemployed,married,unknown,no,yes,no,telephone,aug,thu,280,7,999,0,nonexistent,-2.9,92.20100000000001,-31.4,0.883,5076.2,no
52,technician,married,professional.course,no,no,no,cellular,aug,thu,126,6,999,0,nonexistent,-2.9,92.20100000000001,-31.4,0.883,5076.2,no
60,self-employed,divorced,university.degree,no,no,no,cellular,aug,thu,90,2,999,0,nonexistent,-2.9,92.20100000000001,-31.4,0.883,5076.2,no
59,housemaid,married,basic.4y,no,yes,no,cellular,aug,thu,121,6,999,0,nonexistent,-2.9,92.20100000000001,-31.4,0.883,5076.2,no
37,blue-collar,married,basic.9y,no,yes,yes,cellular,aug,thu,161,1,999,0,nonexistent,-2.9,92.20100000000001,-31.4,0.883,5076.2,no
63,retired,married,basic.4y,no,no,no,cellular,aug,thu,87,4,999,0,nonexistent,-2.9,92.20100000000001,-31.4,0.883,5076.2,no
37,admin.,married,university.degree,no,no,no,cellular,aug,thu,305,1,999,0,nonexistent,-2.9,92.20100000000001,-31.4,0.883,5076.2,no
28,student,single,unknown,no,yes,no,cellular,aug,thu,111,1,999,1,failure,-2.9,92.20100000000001,-31.4,0.883,5076.2,no
52,retired,divorced,university.degree,no,no,no,cellular,aug,thu,427,1,15,1,success,-2.9,92.20100000000001,-31.4,0.883,5076.2,yes
45,technician,single,university.degree,no,no,no,cellular,aug,thu,146,1,999,0,nonexistent,-2.9,92.20100000000001,-31.4,0.883,5076.2,no
58,retired,married,high.school,no,no,no,cellular,aug,thu,144,1,999,0,nonexistent,-2.9,92.20100000000001,-31.4,0.883,5076.2,no
79,retired,married,unknown,no,no,no,cellular,aug,thu,86,2,999,0,nonexistent,-2.9,92.20100000000001,-31.4,0.883,5076.2,no
53,technician,married,professional.course,no,yes,no,cellular,aug,thu,190,1,999,0,nonexistent,-2.9,92.20100000000001,-31.4,0.883,5076.2,no
53,technician,married,professional.course,no,yes,no,cellular,aug,thu,100,1,999,1,failure,-2.9,92.20100000000001,-31.4,0.883,5076.2,no
24,student,single,high.school,no,no,no,cellular,aug,thu,355,1,999,0,nonexistent,-2.9,92.20100000000001,-31.4,0.883,5076.2,yes
74,retired,married,high.school,no,no,no,cellular,aug,thu,472,1,999,0,nonexistent,-2.9,92.20100000000001,-31.4,0.883,5076.2,no
54,admin.,divorced,high.school,no,yes,no,cellular,aug,thu,131,2,4,1,success,-2.9,92.20100000000001,-31.4,0.883,5076.2,yes
74,retired,married,high.school,no,no,no,cellular,aug,thu,174,1,999,0,nonexistent,-2.9,92.20100000000001,-31.4,0.883,5076.2,no
74,retired,married,high.school,no,yes,no,cellular,aug,thu,1452,1,999,1,failure,-2.9,92.20100000000001,-31.4,0.883,5076.2,yes
58,unemployed,divorced,professional.course,no,no,yes,cellular,aug,thu,142,1,999,0,nonexistent,-2.9,92.20100000000001,-31.4,0.883,5076.2,no
74,retired,married,high.school,no,no,no,cellular,aug,thu,135,1,999,0,nonexistent,-2.9,92.20100000000001,-31.4,0.883,5076.2,no
42,unemployed,married,unknown,no,yes,yes,cellular,aug,thu,250,4,4,2,success,-2.9,92.20100000000001,-31.4,0.883,5076.2,yes
35,admin.,single,university.degree,no,yes,no,cellular,aug,thu,789,1,999,0,nonexistent,-2.9,92.20100000000001,-31.4,0.883,5076.2,no
31,technician,divorced,professional.course,no,yes,no,cellular,aug,thu,310,2,999,1,failure,-2.9,92.20100000000001,-31.4,0.883,5076.2,yes
35,admin.,single,university.degree,no,yes,no,telephone,aug,thu,338,1,999,0,nonexistent,-2.9,92.20100000000001,-31.4,0.883,5076.2,yes
60,entrepreneur,married,unknown,no,no,no,cellular,aug,thu,130,2,999,0,nonexistent,-2.9,92.20100000000001,-31.4,0.883,5076.2,no
35,admin.,single,university.degree,no,yes,yes,cellular,aug,thu,471,1,999,0,nonexistent,-2.9,92.20100000000001,-31.4,0.883,5076.2,no
44,admin.,married,university.degree,no,yes,no,cellular,aug,thu,254,2,999,0,nonexistent,-2.9,92.20100000000001,-31.4,0.883,5076.2,yes
76,retired,married,basic.4y,no,yes,no,cellular,aug,thu,550,1,999,0,nonexistent,-2.9,92.20100000000001,-31.4,0.883,5076.2,yes
76,retired,married,basic.4y,no,yes,no,cellular,aug,fri,345,2,999,0,nonexistent,-2.9,92.20100000000001,-31.4,0.8809999999999999,5076.2,yes
32,technician,single,professional.course,no,no,no,cellular,aug,fri,169,2,999,0,nonexistent,-2.9,92.20100000000001,-31.4,0.8809999999999999,5076.2,no
46,housemaid,married,high.school,no,yes,no,cellular,aug,fri,358,1,999,0,nonexistent,-2.9,92.20100000000001,-31.4,0.8809999999999999,5076.2,yes
29,admin.,single,university.degree,no,yes,no,cellular,aug,fri,107,1,999,0,nonexistent,-2.9,92.20100000000001,-31.4,0.8809999999999999,5076.2,no
38,admin.,single,university.degree,no,yes,no,cellular,aug,fri,116,1,999,0,nonexistent,-2.9,92.20100000000001,-31.4,0.8809999999999999,5076.2,no
51,technician,married,professional.course,no,yes,no,telephone,aug,fri,115,2,999,0,nonexistent,-2.9,92.20100000000001,-31.4,0.8809999999999999,5076.2,no
33,blue-collar,married,basic.9y,no,no,no,cellular,aug,fri,79,1,999,1,failure,-2.9,92.20100000000001,-31.4,0.8809999999999999,5076.2,yes
75,retired,married,basic.4y,no,no,yes,cellular,aug,fri,714,1,999,0,nonexistent,-2.9,92.20100000000001,-31.4,0.8809999999999999,5076.2,yes
25,admin.,single,university.degree,no,yes,no,cellular,aug,fri,255,1,999,0,nonexistent,-2.9,92.20100000000001,-31.4,0.8809999999999999,5076.2,yes
34,admin.,married,university.degree,no,yes,no,cellular,aug,fri,258,1,999,0,nonexistent,-2.9,92.20100000000001,-31.4,0.8809999999999999,5076.2,no
32,technician,single,professional.course,no,no,no,cellular,aug,fri,87,1,999,0,nonexistent,-2.9,92.20100000000001,-31.4,0.8809999999999999,5076.2,yes
46,housemaid,married,high.school,no,yes,no,cellular,aug,fri,258,1,999,0,nonexistent,-2.9,92.20100000000001,-31.4,0.8809999999999999,5076.2,no
51,housemaid,married,unknown,no,no,no,cellular,aug,fri,273,1,999,1,failure,-2.9,92.20100000000001,-31.4,0.8809999999999999,5076.2,yes
70,retired,married,basic.4y,no,yes,no,cellular,aug,fri,530,2,999,0,nonexistent,-2.9,92.20100000000001,-31.4,0.8809999999999999,5076.2,yes
24,student,single,high.school,no,no,no,cellular,aug,fri,292,1,999,0,nonexistent,-2.9,92.20100000000001,-31.4,0.8809999999999999,5076.2,no
41,services,single,university.degree,no,yes,no,cellular,aug,fri,325,1,999,0,nonexistent,-2.9,92.20100000000001,-31.4,0.8809999999999999,5076.2,yes
33,admin.,single,high.school,no,yes,no,cellular,aug,fri,1088,3,999,0,nonexistent,-2.9,92.20100000000001,-31.4,0.8809999999999999,5076.2,yes
48,unemployed,single,basic.9y,no,no,no,cellular,aug,fri,173,2,999,0,nonexistent,-2.9,92.20100000000001,-31.4,0.8809999999999999,5076.2,no
54,technician,married,university.degree,no,yes,no,cellular,aug,fri,325,1,4,1,success,-2.9,92.20100000000001,-31.4,0.8809999999999999,5076.2,no
48,entrepreneur,married,university.degree,no,no,yes,cellular,aug,fri,295,2,4,2,success,-2.9,92.20100000000001,-31.4,0.8809999999999999,5076.2,yes
73,retired,married,basic.9y,no,no,no,cellular,aug,fri,239,1,15,1,success,-2.9,92.20100000000001,-31.4,0.8809999999999999,5076.2,no
58,admin.,married,university.degree,no,no,no,telephone,aug,fri,121,2,999,0,nonexistent,-2.9,92.20100000000001,-31.4,0.8809999999999999,5076.2,no
73,retired,married,basic.4y,no,yes,no,cellular,aug,fri,305,1,999,0,nonexistent,-2.9,92.20100000000001,-31.4,0.8809999999999999,5076.2,no
23,student,single,high.school,no,yes,no,cellular,aug,fri,136,1,999,3,failure,-2.9,92.20100000000001,-31.4,0.8809999999999999,5076.2,no
28,admin.,single,university.degree,no,no,no,cellular,aug,fri,70,1,999,0,nonexistent,-2.9,92.20100000000001,-31.4,0.8809999999999999,5076.2,no
33,blue-collar,married,basic.9y,no,no,no,cellular,aug,fri,99,1,999,2,failure,-2.9,92.20100000000001,-31.4,0.8809999999999999,5076.2,no
28,admin.,single,university.degree,no,yes,no,cellular,aug,fri,119,1,999,1,failure,-2.9,92.20100000000001,-31.4,0.8809999999999999,5076.2,no
51,housemaid,married,unknown,no,yes,no,cellular,aug,fri,121,1,999,0,nonexistent,-2.9,92.20100000000001,-31.4,0.8809999999999999,5076.2,no
28,admin.,married,university.degree,no,yes,no,cellular,aug,fri,140,1,999,1,failure,-2.9,92.20100000000001,-31.4,0.8809999999999999,5076.2,no
36,services,married,basic.9y,no,yes,no,cellular,aug,fri,215,1,999,1,failure,-2.9,92.20100000000001,-31.4,0.8809999999999999,5076.2,yes
36,services,married,basic.9y,no,yes,no,cellular,aug,fri,221,1,4,1,success,-2.9,92.20100000000001,-31.4,0.8809999999999999,5076.2,yes
59,unemployed,married,professional.course,no,yes,no,cellular,aug,fri,378,2,999,1,failure,-2.9,92.20100000000001,-31.4,0.8809999999999999,5076.2,no
29,admin.,single,high.school,no,yes,no,cellular,aug,fri,140,1,999,0,nonexistent,-2.9,92.20100000000001,-31.4,0.8809999999999999,5076.2,no
29,admin.,single,high.school,no,no,no,cellular,aug,fri,384,1,4,3,success,-2.9,92.20100000000001,-31.4,0.8809999999999999,5076.2,no
30,self-employed,married,university.degree,no,yes,yes,cellular,aug,fri,390,2,999,0,nonexistent,-2.9,92.20100000000001,-31.4,0.8809999999999999,5076.2,no
29,admin.,single,high.school,no,no,no,cellular,aug,fri,88,1,999,2,failure,-2.9,92.20100000000001,-31.4,0.8809999999999999,5076.2,no
73,retired,married,basic.4y,no,yes,yes,cellular,aug,fri,135,1,999,0,nonexistent,-2.9,92.20100000000001,-31.4,0.8809999999999999,5076.2,no
27,blue-collar,unknown,high.school,no,no,no,cellular,aug,fri,192,1,4,1,success,-2.9,92.20100000000001,-31.4,0.8809999999999999,5076.2,yes
29,admin.,single,high.school,no,no,no,cellular,aug,fri,130,1,999,0,nonexistent,-2.9,92.20100000000001,-31.4,0.8809999999999999,5076.2,yes
76,retired,married,university.degree,no,no,no,cellular,aug,fri,233,2,999,0,nonexistent,-2.9,92.20100000000001,-31.4,0.8809999999999999,5076.2,yes
29,admin.,single,high.school,no,yes,no,cellular,aug,fri,121,1,999,0,nonexistent,-2.9,92.20100000000001,-31.4,0.8809999999999999,5076.2,no
31,admin.,married,university.degree,no,yes,no,cellular,aug,fri,353,2,999,0,nonexistent,-2.9,92.20100000000001,-31.4,0.8809999999999999,5076.2,yes
33,admin.,single,high.school,no,yes,no,cellular,aug,fri,182,2,999,1,failure,-2.9,92.20100000000001,-31.4,0.8809999999999999,5076.2,yes
48,admin.,divorced,university.degree,no,yes,no,cellular,aug,fri,103,1,4,1,success,-2.9,92.20100000000001,-31.4,0.8809999999999999,5076.2,no
43,admin.,single,high.school,no,yes,no,cellular,aug,fri,231,3,999,0,nonexistent,-2.9,92.20100000000001,-31.4,0.8809999999999999,5076.2,yes
54,unemployed,married,university.degree,no,no,no,telephone,aug,mon,122,3,999,0,nonexistent,-2.9,92.20100000000001,-31.4,0.884,5076.2,no
44,entrepreneur,married,basic.4y,no,unknown,unknown,cellular,aug,mon,111,2,999,0,nonexistent,-2.9,92.20100000000001,-31.4,0.884,5076.2,no
46,blue-collar,married,professional.course,no,no,no,telephone,aug,mon,255,3,999,0,nonexistent,-2.9,92.20100000000001,-31.4,0.884,5076.2,no
35,services,single,university.degree,no,unknown,unknown,cellular,aug,mon,419,2,999,0,nonexistent,-2.9,92.20100000000001,-31.4,0.884,5076.2,no
36,management,married,university.degree,no,no,no,cellular,aug,mon,1225,2,999,0,nonexistent,-2.9,92.20100000000001,-31.4,0.884,5076.2,no
40,blue-collar,divorced,basic.9y,no,no,no,cellular,aug,mon,54,1,999,1,failure,-2.9,92.20100000000001,-31.4,0.884,5076.2,no
52,admin.,married,university.degree,no,no,no,cellular,aug,mon,268,1,999,0,nonexistent,-2.9,92.20100000000001,-31.4,0.884,5076.2,no
38,technician,married,professional.course,no,no,no,cellular,aug,mon,923,1,999,1,failure,-2.9,92.20100000000001,-31.4,0.884,5076.2,yes
41,admin.,married,high.school,no,no,no,cellular,aug,mon,88,1,999,0,nonexistent,-2.9,92.20100000000001,-31.4,0.884,5076.2,no
27,student,single,high.school,no,no,no,cellular,aug,mon,131,1,3,2,success,-2.9,92.20100000000001,-31.4,0.884,5076.2,no
38,admin.,single,high.school,no,yes,yes,cellular,aug,mon,167,1,999,0,nonexistent,-2.9,92.20100000000001,-31.4,0.884,5076.2,yes
36,admin.,divorced,university.degree,no,no,no,cellular,aug,mon,559,1,5,1,success,-2.9,92.20100000000001,-31.4,0.884,5076.2,yes
36,admin.,divorced,university.degree,no,yes,no,cellular,aug,mon,146,2,999,2,failure,-2.9,92.20100000000001,-31.4,0.884,5076.2,yes
65,retired,married,basic.6y,no,no,no,cellular,aug,mon,161,2,999,1,failure,-2.9,92.20100000000001,-31.4,0.884,5076.2,yes
19,student,single,basic.9y,no,no,no,cellular,aug,mon,120,1,3,1,success,-2.9,92.20100000000001,-31.4,0.884,5076.2,no
40,blue-collar,married,high.school,no,yes,no,cellular,aug,mon,158,1,4,1,success,-2.9,92.20100000000001,-31.4,0.884,5076.2,no
33,admin.,married,high.school,no,yes,no,cellular,aug,mon,252,1,6,1,success,-2.9,92.20100000000001,-31.4,0.884,5076.2,yes
43,self-employed,divorced,university.degree,no,no,no,cellular,aug,mon,1529,1,999,1,failure,-2.9,92.20100000000001,-31.4,0.884,5076.2,no
63,housemaid,married,basic.4y,no,yes,no,telephone,aug,mon,235,1,6,2,failure,-2.9,92.20100000000001,-31.4,0.884,5076.2,yes
35,admin.,married,high.school,no,no,no,cellular,aug,mon,155,1,4,1,success,-2.9,92.20100000000001,-31.4,0.884,5076.2,no
31,admin.,married,high.school,no,no,yes,cellular,aug,mon,155,2,4,1,success,-2.9,92.20100000000001,-31.4,0.884,5076.2,yes
33,technician,single,basic.9y,no,yes,yes,cellular,aug,mon,289,1,999,2,failure,-2.9,92.20100000000001,-31.4,0.884,5076.2,yes
36,blue-collar,married,basic.9y,no,no,no,cellular,aug,mon,153,2,999,1,failure,-2.9,92.20100000000001,-31.4,0.884,5076.2,no
32,entrepreneur,married,unknown,no,no,no,cellular,aug,mon,352,2,999,2,failure,-2.9,92.20100000000001,-31.4,0.884,5076.2,no
69,retired,married,professional.course,no,yes,no,telephone,aug,mon,411,1,999,0,nonexistent,-2.9,92.20100000000001,-31.4,0.884,5076.2,no
35,admin.,single,high.school,no,yes,yes,cellular,aug,mon,107,4,2,3,success,-2.9,92.20100000000001,-31.4,0.884,5076.2,no
21,admin.,single,university.degree,no,yes,no,cellular,aug,mon,89,2,4,1,success,-2.9,92.20100000000001,-31.4,0.884,5076.2,no
19,student,single,basic.9y,no,yes,no,telephone,aug,mon,85,2,999,0,nonexistent,-2.9,92.20100000000001,-31.4,0.884,5076.2,no
46,blue-collar,married,professional.course,no,no,no,telephone,aug,mon,151,3,999,1,failure,-2.9,92.20100000000001,-31.4,0.884,5076.2,no
19,student,single,basic.9y,no,no,no,cellular,aug,mon,96,1,3,1,success,-2.9,92.20100000000001,-31.4,0.884,5076.2,no
32,student,married,professional.course,no,yes,no,cellular,aug,mon,540,2,999,0,nonexistent,-2.9,92.20100000000001,-31.4,0.884,5076.2,no
39,technician,married,professional.course,no,yes,no,cellular,aug,mon,247,1,4,1,success,-2.9,92.20100000000001,-31.4,0.884,5076.2,no
40,management,married,university.degree,no,no,no,cellular,aug,mon,162,1,999,1,failure,-2.9,92.20100000000001,-31.4,0.884,5076.2,no
40,management,married,university.degree,no,no,yes,cellular,aug,mon,121,1,999,1,failure,-2.9,92.20100000000001,-31.4,0.884,5076.2,no
52,admin.,married,university.degree,no,yes,no,cellular,aug,mon,179,3,4,2,success,-2.9,92.20100000000001,-31.4,0.884,5076.2,yes
57,entrepreneur,married,professional.course,no,yes,no,telephone,aug,mon,157,1,3,1,success,-2.9,92.20100000000001,-31.4,0.884,5076.2,no
37,blue-collar,married,basic.9y,no,no,no,cellular,aug,tue,373,2,999,0,nonexistent,-2.9,92.20100000000001,-31.4,0.883,5076.2,no
34,technician,single,professional.course,no,yes,no,cellular,aug,tue,1416,2,12,1,success,-2.9,92.20100000000001,-31.4,0.883,5076.2,yes
35,technician,married,university.degree,no,yes,no,cellular,aug,tue,425,2,999,1,failure,-2.9,92.20100000000001,-31.4,0.883,5076.2,no
58,technician,married,professional.course,no,no,no,cellular,aug,tue,48,2,999,0,nonexistent,-2.9,92.20100000000001,-31.4,0.883,5076.2,no
43,services,married,high.school,no,yes,no,telephone,aug,tue,329,1,999,0,nonexistent,-2.9,92.20100000000001,-31.4,0.883,5076.2,no
70,housemaid,divorced,basic.4y,no,no,no,telephone,aug,tue,90,3,999,1,failure,-2.9,92.20100000000001,-31.4,0.883,5076.2,no
34,admin.,single,university.degree,no,yes,yes,cellular,aug,tue,265,1,999,1,failure,-2.9,92.20100000000001,-31.4,0.883,5076.2,no
59,technician,single,basic.6y,no,no,no,telephone,aug,tue,181,1,999,0,nonexistent,-2.9,92.20100000000001,-31.4,0.883,5076.2,no
49,management,divorced,university.degree,no,yes,yes,cellular,aug,tue,138,1,999,0,nonexistent,-2.9,92.20100000000001,-31.4,0.883,5076.2,no
31,admin.,single,university.degree,no,no,no,cellular,aug,tue,265,1,4,3,success,-2.9,92.20100000000001,-31.4,0.883,5076.2,yes
50,management,married,university.degree,no,no,no,cellular,aug,tue,89,3,4,1,success,-2.9,92.20100000000001,-31.4,0.883,5076.2,no
31,admin.,single,university.degree,no,no,no,telephone,aug,tue,387,1,999,0,nonexistent,-2.9,92.20100000000001,-31.4,0.883,5076.2,no
45,services,married,high.school,no,no,no,cellular,aug,tue,249,3,999,0,nonexistent,-2.9,92.20100000000001,-31.4,0.883,5076.2,no
30,admin.,single,university.degree,no,no,no,cellular,aug,tue,156,1,999,2,failure,-2.9,92.20100000000001,-31.4,0.883,5076.2,no
30,admin.,single,university.degree,no,yes,yes,cellular,aug,tue,155,1,4,1,success,-2.9,92.20100000000001,-31.4,0.883,5076.2,no
31,admin.,single,university.degree,no,yes,yes,telephone,aug,tue,115,2,999,0,nonexistent,-2.9,92.20100000000001,-31.4,0.883,5076.2,no
58,technician,married,professional.course,no,no,no,cellular,aug,tue,704,2,999,0,nonexistent,-2.9,92.20100000000001,-31.4,0.883,5076.2,yes
33,admin.,single,high.school,no,yes,no,cellular,aug,tue,136,3,999,0,nonexistent,-2.9,92.20100000000001,-31.4,0.883,5076.2,yes
26,student,single,professional.course,no,yes,no,cellular,aug,tue,176,2,999,1,failure,-2.9,92.20100000000001,-31.4,0.883,5076.2,yes
35,self-employed,married,university.degree,no,yes,no,telephone,aug,tue,88,1,999,1,failure,-2.9,92.20100000000001,-31.4,0.883,5076.2,no
59,retired,married,high.school,no,yes,no,cellular,aug,tue,85,1,999,1,failure,-2.9,92.20100000000001,-31.4,0.883,5076.2,no
29,technician,single,professional.course,no,yes,yes,cellular,aug,tue,110,1,999,0,nonexistent,-2.9,92.20100000000001,-31.4,0.883,5076.2,no
50,blue-collar,married,unknown,no,yes,no,cellular,aug,tue,1398,1,999,0,nonexistent,-2.9,92.20100000000001,-31.4,0.883,5076.2,no
61,entrepreneur,married,university.degree,unknown,yes,no,cellular,aug,tue,651,1,999,0,nonexistent,-2.9,92.20100000000001,-31.4,0.883,5076.2,yes
52,management,married,high.school,no,yes,yes,cellular,aug,tue,167,1,10,4,failure,-2.9,92.20100000000001,-31.4,0.883,5076.2,yes
42,admin.,single,university.degree,no,no,no,cellular,aug,tue,982,1,999,0,nonexistent,-2.9,92.20100000000001,-31.4,0.883,5076.2,no
85,retired,married,professional.course,no,no,no,cellular,aug,tue,140,1,999,0,nonexistent,-2.9,92.20100000000001,-31.4,0.883,5076.2,yes
27,admin.,single,university.degree,no,yes,no,cellular,aug,tue,168,1,999,0,nonexistent,-2.9,92.20100000000001,-31.4,0.883,5076.2,no
27,admin.,single,university.degree,no,yes,no,cellular,aug,tue,287,1,6,1,success,-2.9,92.20100000000001,-31.4,0.883,5076.2,no
30,admin.,married,university.degree,no,no,no,cellular,aug,tue,139,3,6,1,success,-2.9,92.20100000000001,-31.4,0.883,5076.2,yes
69,entrepreneur,married,university.degree,no,yes,no,cellular,aug,tue,93,1,999,1,failure,-2.9,92.20100000000001,-31.4,0.883,5076.2,no
28,admin.,single,university.degree,no,no,no,cellular,aug,tue,225,1,999,2,failure,-2.9,92.20100000000001,-31.4,0.883,5076.2,no
33,student,single,unknown,no,yes,yes,cellular,aug,tue,203,1,999,0,nonexistent,-2.9,92.20100000000001,-31.4,0.883,5076.2,no
41,admin.,single,university.degree,no,yes,no,cellular,aug,tue,280,2,999,0,nonexistent,-2.9,92.20100000000001,-31.4,0.883,5076.2,no
54,admin.,single,university.degree,unknown,yes,no,cellular,aug,tue,159,1,999,0,nonexistent,-2.9,92.20100000000001,-31.4,0.883,5076.2,no
60,admin.,married,professional.course,no,no,no,cellular,aug,tue,66,1,999,0,nonexistent,-2.9,92.20100000000001,-31.4,0.883,5076.2,no
35,admin.,married,university.degree,no,no,yes,cellular,aug,tue,349,1,999,3,failure,-2.9,92.20100000000001,-31.4,0.883,5076.2,yes
35,admin.,single,university.degree,no,no,yes,cellular,aug,tue,371,1,999,0,nonexistent,-2.9,92.20100000000001,-31.4,0.883,5076.2,no
80,retired,married,illiterate,unknown,yes,yes,cellular,aug,tue,125,1,6,1,success,-2.9,92.20100000000001,-31.4,0.883,5076.2,yes
26,admin.,single,university.degree,no,no,no,cellular,aug,tue,221,1,15,1,success,-2.9,92.20100000000001,-31.4,0.883,5076.2,yes
67,retired,married,university.degree,no,no,no,cellular,aug,tue,201,1,999,1,failure,-2.9,92.20100000000001,-31.4,0.883,5076.2,no
56,retired,married,high.school,no,yes,yes,cellular,aug,tue,97,1,3,2,success,-2.9,92.20100000000001,-31.4,0.883,5076.2,no
59,admin.,divorced,professional.course,no,yes,no,telephone,aug,tue,91,1,999,1,failure,-2.9,92.20100000000001,-31.4,0.883,5076.2,no
44,management,married,university.degree,no,no,no,cellular,aug,tue,175,2,999,2,failure,-2.9,92.20100000000001,-31.4,0.883,5076.2,yes
47,admin.,married,university.degree,no,yes,no,cellular,aug,tue,526,1,999,1,failure,-2.9,92.20100000000001,-31.4,0.883,5076.2,no
59,admin.,divorced,professional.course,no,no,no,cellular,aug,tue,206,1,999,1,failure,-2.9,92.20100000000001,-31.4,0.883,5076.2,yes
59,admin.,divorced,professional.course,no,no,no,cellular,aug,tue,477,1,999,0,nonexistent,-2.9,92.20100000000001,-31.4,0.883,5076.2,no
69,blue-collar,married,unknown,no,yes,no,cellular,aug,tue,400,3,999,0,nonexistent,-2.9,92.20100000000001,-31.4,0.883,5076.2,no
59,admin.,divorced,professional.course,no,no,no,telephone,aug,tue,198,1,999,0,nonexistent,-2.9,92.20100000000001,-31.4,0.883,5076.2,no
59,admin.,divorced,professional.course,no,unknown,unknown,cellular,aug,tue,203,1,4,1,success,-2.9,92.20100000000001,-31.4,0.883,5076.2,yes
34,admin.,divorced,university.degree,no,no,no,cellular,aug,tue,267,2,999,0,nonexistent,-2.9,92.20100000000001,-31.4,0.883,5076.2,yes
30,admin.,married,university.degree,no,yes,no,cellular,aug,tue,120,3,999,1,failure,-2.9,92.20100000000001,-31.4,0.883,5076.2,no
70,retired,married,high.school,no,yes,no,cellular,aug,tue,162,1,999,0,nonexistent,-2.9,92.20100000000001,-31.4,0.883,5076.2,no
59,blue-collar,married,basic.4y,no,no,no,cellular,aug,tue,163,3,999,0,nonexistent,-2.9,92.20100000000001,-31.4,0.883,5076.2,no
58,admin.,married,university.degree,no,no,no,cellular,aug,tue,373,4,999,0,nonexistent,-2.9,92.20100000000001,-31.4,0.883,5076.2,no
49,admin.,married,university.degree,no,yes,no,cellular,aug,tue,464,2,999,1,failure,-2.9,92.20100000000001,-31.4,0.883,5076.2,yes
35,technician,single,university.degree,no,yes,no,cellular,aug,tue,113,3,999,0,nonexistent,-2.9,92.20100000000001,-31.4,0.883,5076.2,no
57,management,married,university.degree,no,yes,no,cellular,aug,tue,71,1,5,2,failure,-2.9,92.20100000000001,-31.4,0.883,5076.2,no
21,unemployed,single,high.school,no,yes,no,telephone,aug,tue,172,2,999,0,nonexistent,-2.9,92.20100000000001,-31.4,0.883,5076.2,no
42,management,divorced,unknown,no,yes,no,cellular,aug,wed,266,2,999,0,nonexistent,-2.9,92.20100000000001,-31.4,0.879,5076.2,no
66,retired,married,unknown,no,no,no,cellular,aug,wed,68,3,999,0,nonexistent,-2.9,92.20100000000001,-31.4,0.879,5076.2,no
62,management,married,university.degree,no,yes,yes,cellular,aug,wed,345,2,999,0,nonexistent,-2.9,92.20100000000001,-31.4,0.879,5076.2,no
27,admin.,single,university.degree,no,yes,no,cellular,aug,wed,1117,2,999,0,nonexistent,-2.9,92.20100000000001,-31.4,0.879,5076.2,no
60,management,married,university.degree,no,no,no,cellular,aug,wed,159,4,999,0,nonexistent,-2.9,92.20100000000001,-31.4,0.879,5076.2,no
31,services,single,university.degree,no,yes,no,telephone,aug,wed,701,1,999,0,nonexistent,-2.9,92.20100000000001,-31.4,0.879,5076.2,no
27,admin.,single,university.degree,no,yes,no,cellular,aug,wed,429,2,999,0,nonexistent,-2.9,92.20100000000001,-31.4,0.879,5076.2,yes
36,admin.,divorced,university.degree,no,no,yes,cellular,aug,wed,623,2,6,2,success,-2.9,92.20100000000001,-31.4,0.879,5076.2,yes
66,retired,unknown,basic.9y,no,yes,no,cellular,aug,wed,340,2,999,0,nonexistent,-2.9,92.20100000000001,-31.4,0.879,5076.2,no
42,management,divorced,unknown,no,yes,no,cellular,aug,wed,137,2,4,1,success,-2.9,92.20100000000001,-31.4,0.879,5076.2,yes
31,blue-collar,single,university.degree,no,no,no,cellular,aug,wed,174,2,999,0,nonexistent,-2.9,92.20100000000001,-31.4,0.879,5076.2,no
48,admin.,married,high.school,no,no,no,cellular,aug,wed,74,2,999,0,nonexistent,-2.9,92.20100000000001,-31.4,0.879,5076.2,no
25,admin.,single,high.school,no,yes,yes,cellular,aug,wed,121,1,999,0,nonexistent,-2.9,92.20100000000001,-31.4,0.879,5076.2,no
26,student,single,basic.9y,no,no,no,telephone,aug,wed,127,1,999,0,nonexistent,-2.9,92.20100000000001,-31.4,0.879,5076.2,no
26,student,single,basic.9y,no,yes,no,cellular,aug,wed,182,1,4,1,success,-2.9,92.20100000000001,-31.4,0.879,5076.2,yes
49,admin.,married,high.school,no,yes,no,cellular,aug,wed,668,2,15,1,success,-2.9,92.20100000000001,-31.4,0.879,5076.2,yes
26,student,single,basic.9y,no,no,no,telephone,aug,wed,449,1,999,0,nonexistent,-2.9,92.20100000000001,-31.4,0.879,5076.2,yes
49,admin.,married,high.school,no,yes,no,cellular,aug,wed,90,2,999,0,nonexistent,-2.9,92.20100000000001,-31.4,0.879,5076.2,no
26,student,single,basic.9y,no,yes,no,cellular,aug,wed,582,1,999,0,nonexistent,-2.9,92.20100000000001,-31.4,0.879,5076.2,yes
25,self-employed,single,university.degree,no,no,no,cellular,aug,wed,169,2,999,1,failure,-2.9,92.20100000000001,-31.4,0.879,5076.2,no
34,blue-collar,married,high.school,no,yes,no,cellular,aug,wed,115,2,999,1,failure,-2.9,92.20100000000001,-31.4,0.879,5076.2,no
45,blue-collar,single,basic.9y,no,yes,no,cellular,aug,wed,249,1,4,1,success,-2.9,92.20100000000001,-31.4,0.879,5076.2,no
42,management,divorced,unknown,no,no,no,cellular,aug,wed,251,2,15,2,failure,-2.9,92.20100000000001,-31.4,0.879,5076.2,no
32,technician,married,professional.course,no,yes,no,cellular,aug,wed,641,1,999,0,nonexistent,-2.9,92.20100000000001,-31.4,0.879,5076.2,yes
40,management,married,university.degree,no,unknown,unknown,cellular,aug,wed,699,2,999,1,failure,-2.9,92.20100000000001,-31.4,0.879,5076.2,no
56,admin.,married,basic.9y,no,yes,no,cellular,aug,wed,73,1,4,1,success,-2.9,92.20100000000001,-31.4,0.879,5076.2,yes
66,retired,married,unknown,no,no,no,cellular,aug,wed,147,2,999,1,failure,-2.9,92.20100000000001,-31.4,0.879,5076.2,yes
59,technician,married,university.degree,no,no,no,cellular,aug,wed,119,4,999,0,nonexistent,-2.9,92.20100000000001,-31.4,0.879,5076.2,no
32,technician,single,professional.course,no,no,no,cellular,aug,wed,313,2,999,1,failure,-2.9,92.20100000000001,-31.4,0.879,5076.2,yes
29,services,married,high.school,no,yes,no,cellular,aug,wed,90,2,4,1,success,-2.9,92.20100000000001,-31.4,0.879,5076.2,no
48,entrepreneur,divorced,high.school,no,no,no,cellular,aug,wed,307,1,999,0,nonexistent,-2.9,92.20100000000001,-31.4,0.879,5076.2,yes
38,admin.,married,university.degree,no,no,no,cellular,aug,wed,236,1,4,1,success,-2.9,92.20100000000001,-31.4,0.879,5076.2,no
20,student,single,basic.4y,no,yes,no,cellular,aug,wed,131,1,999,1,failure,-2.9,92.20100000000001,-31.4,0.879,5076.2,yes
20,student,single,basic.4y,no,yes,no,cellular,aug,wed,267,1,999,0,nonexistent,-2.9,92.20100000000001,-31.4,0.879,5076.2,yes
27,unemployed,single,high.school,no,no,no,cellular,aug,wed,93,1,4,3,success,-2.9,92.20100000000001,-31.4,0.879,5076.2,no
36,admin.,single,university.degree,no,yes,no,cellular,aug,wed,87,1,999,2,failure,-2.9,92.20100000000001,-31.4,0.879,5076.2,no
54,housemaid,married,university.degree,no,no,no,cellular,aug,wed,77,3,999,0,nonexistent,-2.9,92.20100000000001,-31.4,0.879,5076.2,no
36,admin.,single,university.degree,no,no,no,cellular,aug,wed,82,1,999,0,nonexistent,-2.9,92.20100000000001,-31.4,0.879,5076.2,no
36,admin.,divorced,university.degree,no,yes,no,cellular,aug,wed,161,2,999,0,nonexistent,-2.9,92.20100000000001,-31.4,0.879,5076.2,no
66,technician,married,professional.course,no,yes,no,telephone,aug,wed,150,2,999,0,nonexistent,-2.9,92.20100000000001,-31.4,0.879,5076.2,no
35,blue-collar,single,basic.9y,no,no,no,cellular,aug,wed,305,3,999,1,failure,-2.9,92.20100000000001,-31.4,0.879,5076.2,no
28,admin.,single,university.degree,no,no,no,cellular,aug,wed,202,1,999,0,nonexistent,-2.9,92.20100000000001,-31.4,0.879,5076.2,no
28,admin.,single,university.degree,no,no,no,cellular,aug,wed,332,1,999,0,nonexistent,-2.9,92.20100000000001,-31.4,0.879,5076.2,yes
28,admin.,single,university.degree,no,no,no,cellular,aug,wed,153,1,999,0,nonexistent,-2.9,92.20100000000001,-31.4,0.879,5076.2,no
44,admin.,married,university.degree,no,yes,no,cellular,aug,wed,113,1,999,0,nonexistent,-2.9,92.20100000000001,-31.4,0.879,5076.2,no
56,admin.,married,basic.9y,no,no,no,cellular,aug,wed,338,2,4,1,success,-2.9,92.20100000000001,-31.4,0.879,5076.2,yes
32,admin.,married,high.school,no,no,no,cellular,aug,wed,96,1,999,0,nonexistent,-2.9,92.20100000000001,-31.4,0.879,5076.2,no
41,services,married,high.school,no,unknown,unknown,cellular,aug,wed,301,1,999,0,nonexistent,-2.9,92.20100000000001,-31.4,0.879,5076.2,no
33,admin.,single,university.degree,no,unknown,unknown,cellular,aug,wed,123,1,999,0,nonexistent,-2.9,92.20100000000001,-31.4,0.879,5076.2,no
33,admin.,single,university.degree,no,no,no,cellular,aug,wed,192,1,999,0,nonexistent,-2.9,92.20100000000001,-31.4,0.879,5076.2,no
45,admin.,married,university.degree,no,no,no,cellular,aug,wed,363,1,4,2,success,-2.9,92.20100000000001,-31.4,0.879,5076.2,no
44,admin.,married,university.degree,no,no,no,cellular,aug,wed,96,2,4,1,success,-2.9,92.20100000000001,-31.4,0.879,5076.2,no
28,student,single,high.school,no,yes,no,cellular,aug,wed,188,1,999,0,nonexistent,-2.9,92.20100000000001,-31.4,0.879,5076.2,no
66,retired,married,basic.6y,unknown,yes,no,cellular,aug,wed,124,1,1,1,success,-2.9,92.20100000000001,-31.4,0.879,5076.2,no
66,retired,married,basic.6y,unknown,no,no,cellular,aug,wed,174,1,999,0,nonexistent,-2.9,92.20100000000001,-31.4,0.879,5076.2,no
32,technician,married,professional.course,no,yes,no,cellular,aug,wed,44,1,3,1,success,-2.9,92.20100000000001,-31.4,0.879,5076.2,no
42,technician,married,professional.course,no,yes,no,cellular,aug,wed,246,1,999,0,nonexistent,-2.9,92.20100000000001,-31.4,0.879,5076.2,no
42,technician,married,professional.course,no,no,no,cellular,aug,wed,96,1,999,1,failure,-2.9,92.20100000000001,-31.4,0.879,5076.2,no
44,admin.,married,university.degree,no,no,no,cellular,aug,wed,120,1,999,1,failure,-2.9,92.20100000000001,-31.4,0.879,5076.2,no
37,management,single,university.degree,no,yes,no,cellular,aug,wed,243,1,999,0,nonexistent,-2.9,92.20100000000001,-31.4,0.879,5076.2,no
28,self-employed,single,university.degree,no,unknown,unknown,cellular,aug,wed,227,1,999,0,nonexistent,-2.9,92.20100000000001,-31.4,0.879,5076.2,no
28,technician,single,professional.course,no,no,yes,cellular,aug,wed,162,1,3,1,success,-2.9,92.20100000000001,-31.4,0.879,5076.2,no
38,admin.,married,high.school,no,no,no,cellular,aug,wed,289,2,999,0,nonexistent,-2.9,92.20100000000001,-31.4,0.879,5076.2,yes
29,admin.,married,university.degree,no,no,no,cellular,aug,thu,111,5,999,0,nonexistent,-2.9,92.20100000000001,-31.4,0.873,5076.2,no
28,admin.,single,university.degree,no,no,no,cellular,aug,thu,489,5,999,0,nonexistent,-2.9,92.20100000000001,-31.4,0.873,5076.2,yes
27,admin.,single,high.school,no,no,yes,cellular,aug,thu,255,2,999,1,failure,-2.9,92.20100000000001,-31.4,0.873,5076.2,no
33,technician,married,university.degree,no,yes,no,cellular,aug,thu,101,4,999,2,failure,-2.9,92.20100000000001,-31.4,0.873,5076.2,no
36,unemployed,married,university.degree,no,no,no,cellular,aug,thu,222,1,999,0,nonexistent,-2.9,92.20100000000001,-31.4,0.873,5076.2,yes
22,student,single,high.school,no,yes,no,cellular,aug,thu,425,2,999,0,nonexistent,-2.9,92.20100000000001,-31.4,0.873,5076.2,yes
30,admin.,married,university.degree,no,yes,no,telephone,aug,thu,181,1,999,0,nonexistent,-2.9,92.20100000000001,-31.4,0.873,5076.2,no
41,admin.,married,high.school,no,yes,no,cellular,aug,thu,1175,3,999,0,nonexistent,-2.9,92.20100000000001,-31.4,0.873,5076.2,no
31,blue-collar,married,professional.course,no,no,no,cellular,aug,thu,414,1,999,0,nonexistent,-2.9,92.20100000000001,-31.4,0.873,5076.2,yes
39,admin.,married,university.degree,unknown,yes,no,cellular,aug,thu,102,1,4,1,success,-2.9,92.20100000000001,-31.4,0.873,5076.2,no
39,admin.,married,university.degree,unknown,yes,no,cellular,aug,thu,200,1,999,1,failure,-2.9,92.20100000000001,-31.4,0.873,5076.2,no
30,services,single,high.school,no,yes,no,cellular,aug,thu,148,2,999,0,nonexistent,-2.9,92.20100000000001,-31.4,0.873,5076.2,yes
36,admin.,married,university.degree,no,yes,yes,cellular,aug,thu,220,2,999,1,failure,-2.9,92.20100000000001,-31.4,0.873,5076.2,no
88,retired,divorced,basic.4y,no,yes,no,cellular,aug,thu,402,2,999,0,nonexistent,-2.9,92.20100000000001,-31.4,0.873,5076.2,no
39,admin.,married,high.school,no,no,no,cellular,aug,thu,315,2,4,1,success,-2.9,92.20100000000001,-31.4,0.873,5076.2,yes
34,housemaid,married,university.degree,no,no,no,cellular,aug,thu,485,3,4,1,success,-2.9,92.20100000000001,-31.4,0.873,5076.2,no
32,blue-collar,single,basic.9y,no,yes,no,cellular,aug,thu,282,1,999,0,nonexistent,-2.9,92.20100000000001,-31.4,0.873,5076.2,yes
74,retired,married,basic.4y,no,no,no,cellular,aug,thu,307,1,999,1,failure,-2.9,92.20100000000001,-31.4,0.873,5076.2,no
46,admin.,married,university.degree,no,yes,no,cellular,aug,thu,399,1,999,1,failure,-2.9,92.20100000000001,-31.4,0.873,5076.2,yes
46,admin.,married,university.degree,no,yes,no,cellular,aug,thu,164,1,999,0,nonexistent,-2.9,92.20100000000001,-31.4,0.873,5076.2,no
34,housemaid,married,university.degree,no,no,yes,cellular,aug,thu,1152,2,6,1,success,-2.9,92.20100000000001,-31.4,0.873,5076.2,no
36,admin.,married,university.degree,no,no,no,cellular,aug,thu,138,2,999,1,failure,-2.9,92.20100000000001,-31.4,0.873,5076.2,no
36,unemployed,married,university.degree,no,yes,no,cellular,aug,thu,138,2,999,0,nonexistent,-2.9,92.20100000000001,-31.4,0.873,5076.2,no
33,admin.,single,university.degree,no,yes,no,cellular,aug,thu,72,3,999,0,nonexistent,-2.9,92.20100000000001,-31.4,0.873,5076.2,no
39,unemployed,married,high.school,no,no,no,cellular,aug,thu,192,3,999,0,nonexistent,-2.9,92.20100000000001,-31.4,0.873,5076.2,yes
34,self-employed,married,university.degree,no,no,no,cellular,aug,thu,78,2,999,0,nonexistent,-2.9,92.20100000000001,-31.4,0.873,5076.2,no
20,student,single,high.school,no,no,no,cellular,aug,thu,347,2,999,0,nonexistent,-2.9,92.20100000000001,-31.4,0.873,5076.2,no
46,technician,married,basic.6y,no,yes,no,cellular,aug,thu,464,4,999,0,nonexistent,-2.9,92.20100000000001,-31.4,0.873,5076.2,yes
43,technician,married,university.degree,no,no,no,cellular,aug,thu,160,1,999,0,nonexistent,-2.9,92.20100000000001,-31.4,0.873,5076.2,no
22,student,single,basic.6y,no,yes,no,cellular,aug,thu,293,2,4,2,success,-2.9,92.20100000000001,-31.4,0.873,5076.2,yes
34,management,married,university.degree,no,no,no,cellular,aug,thu,233,1,999,0,nonexistent,-2.9,92.20100000000001,-31.4,0.873,5076.2,no
32,services,married,high.school,no,yes,no,cellular,aug,thu,105,1,999,0,nonexistent,-2.9,92.20100000000001,-31.4,0.873,5076.2,no
32,services,married,high.school,no,no,no,cellular,aug,thu,100,1,999,0,nonexistent,-2.9,92.20100000000001,-31.4,0.873,5076.2,no
34,self-employed,single,university.degree,no,no,no,telephone,aug,thu,57,1,999,0,nonexistent,-2.9,92.20100000000001,-31.4,0.873,5076.2,no
24,technician,single,professional.course,no,no,no,cellular,aug,thu,129,1,999,0,nonexistent,-2.9,92.20100000000001,-31.4,0.873,5076.2,no
46,admin.,married,university.degree,no,yes,no,telephone,aug,thu,213,1,999,0,nonexistent,-2.9,92.20100000000001,-31.4,0.873,5076.2,no
76,retired,married,basic.6y,no,no,yes,cellular,aug,thu,284,1,999,1,failure,-2.9,92.20100000000001,-31.4,0.873,5076.2,no
40,admin.,married,high.school,no,no,no,cellular,aug,thu,477,2,999,0,nonexistent,-2.9,92.20100000000001,-31.4,0.873,5076.2,yes
35,admin.,single,high.school,no,no,yes,cellular,aug,thu,73,1,999,1,failure,-2.9,92.20100000000001,-31.4,0.873,5076.2,no
74,retired,married,professional.course,no,yes,no,cellular,aug,thu,204,3,999,1,failure,-2.9,92.20100000000001,-31.4,0.873,5076.2,yes
41,blue-collar,married,basic.9y,no,no,no,cellular,aug,thu,726,1,999,0,nonexistent,-2.9,92.20100000000001,-31.4,0.873,5076.2,no
41,blue-collar,married,basic.9y,no,no,no,cellular,aug,thu,75,1,999,1,failure,-2.9,92.20100000000001,-31.4,0.873,5076.2,no
76,retired,married,university.degree,no,yes,no,cellular,aug,thu,344,1,999,1,failure,-2.9,92.20100000000001,-31.4,0.873,5076.2,no
48,self-employed,married,university.degree,no,no,no,cellular,aug,thu,135,1,4,3,success,-2.9,92.20100000000001,-31.4,0.873,5076.2,no
25,admin.,single,university.degree,no,no,yes,cellular,aug,thu,112,1,999,0,nonexistent,-2.9,92.20100000000001,-31.4,0.873,5076.2,no
21,student,single,high.school,no,no,no,cellular,aug,thu,185,2,4,2,success,-2.9,92.20100000000001,-31.4,0.873,5076.2,no
44,unemployed,married,high.school,no,yes,no,cellular,aug,thu,143,1,3,1,success,-2.9,92.20100000000001,-31.4,0.873,5076.2,no
44,unemployed,married,high.school,no,yes,no,telephone,aug,thu,99,1,999,0,nonexistent,-2.9,92.20100000000001,-31.4,0.873,5076.2,no
44,unemployed,married,high.school,no,yes,no,cellular,aug,thu,146,1,999,0,nonexistent,-2.9,92.20100000000001,-31.4,0.873,5076.2,no
44,unemployed,married,high.school,no,yes,no,cellular,aug,thu,284,1,999,0,nonexistent,-2.9,92.20100000000001,-31.4,0.873,5076.2,no
39,blue-collar,married,basic.6y,no,no,no,cellular,aug,thu,320,2,3,1,success,-2.9,92.20100000000001,-31.4,0.873,5076.2,yes
73,retired,married,professional.course,no,yes,no,cellular,aug,thu,135,2,999,0,nonexistent,-2.9,92.20100000000001,-31.4,0.873,5076.2,no
33,services,married,high.school,no,unknown,unknown,cellular,aug,thu,240,2,999,0,nonexistent,-2.9,92.20100000000001,-31.4,0.873,5076.2,no
57,admin.,single,high.school,no,yes,no,cellular,aug,thu,479,1,999,0,nonexistent,-2.9,92.20100000000001,-31.4,0.873,5076.2,yes
62,retired,married,university.degree,unknown,no,no,cellular,aug,thu,154,2,999,0,nonexistent,-2.9,92.20100000000001,-31.4,0.873,5076.2,no
21,student,single,high.school,no,no,no,cellular,aug,thu,236,3,999,0,nonexistent,-2.9,92.20100000000001,-31.4,0.873,5076.2,no
72,retired,divorced,basic.4y,no,yes,yes,cellular,aug,thu,238,2,999,1,failure,-2.9,92.20100000000001,-31.4,0.873,5076.2,no
36,management,married,basic.6y,no,yes,yes,cellular,aug,thu,354,3,999,0,nonexistent,-2.9,92.20100000000001,-31.4,0.873,5076.2,yes
36,admin.,married,university.degree,no,no,no,cellular,aug,thu,126,2,999,0,nonexistent,-2.9,92.20100000000001,-31.4,0.873,5076.2,no
17,student,single,basic.9y,no,yes,no,cellular,aug,fri,182,2,999,2,failure,-2.9,92.20100000000001,-31.4,0.8690000000000001,5076.2,no
26,student,single,professional.course,no,yes,no,cellular,aug,fri,150,2,999,0,nonexistent,-2.9,92.20100000000001,-31.4,0.8690000000000001,5076.2,yes
43,management,married,basic.9y,no,yes,yes,cellular,aug,fri,233,2,999,0,nonexistent,-2.9,92.20100000000001,-31.4,0.8690000000000001,5076.2,no
61,retired,married,basic.9y,no,yes,no,telephone,aug,fri,176,2,999,0,nonexistent,-2.9,92.20100000000001,-31.4,0.8690000000000001,5076.2,no
39,technician,married,university.degree,no,yes,no,cellular,aug,fri,156,2,999,0,nonexistent,-2.9,92.20100000000001,-31.4,0.8690000000000001,5076.2,yes
62,retired,married,unknown,no,no,no,cellular,aug,fri,172,4,999,0,nonexistent,-2.9,92.20100000000001,-31.4,0.8690000000000001,5076.2,yes
70,retired,married,professional.course,no,no,no,cellular,aug,fri,185,3,999,1,failure,-2.9,92.20100000000001,-31.4,0.8690000000000001,5076.2,no
43,management,married,basic.9y,no,yes,no,cellular,aug,fri,180,1,6,2,failure,-2.9,92.20100000000001,-31.4,0.8690000000000001,5076.2,no
29,blue-collar,married,basic.4y,no,yes,no,cellular,aug,fri,98,1,999,1,failure,-2.9,92.20100000000001,-31.4,0.8690000000000001,5076.2,no
35,technician,married,professional.course,no,yes,no,cellular,aug,fri,225,1,999,0,nonexistent,-2.9,92.20100000000001,-31.4,0.8690000000000001,5076.2,yes
61,management,married,university.degree,no,yes,no,cellular,aug,fri,209,2,4,2,success,-2.9,92.20100000000001,-31.4,0.8690000000000001,5076.2,yes
24,student,single,high.school,unknown,yes,no,cellular,aug,fri,319,1,999,1,failure,-2.9,92.20100000000001,-31.4,0.8690000000000001,5076.2,no
32,blue-collar,married,basic.9y,no,yes,yes,cellular,aug,fri,230,1,999,0,nonexistent,-2.9,92.20100000000001,-31.4,0.8690000000000001,5076.2,no
42,management,married,university.degree,no,yes,no,cellular,aug,fri,436,1,13,1,success,-2.9,92.20100000000001,-31.4,0.8690000000000001,5076.2,yes
36,unemployed,single,university.degree,no,no,no,cellular,aug,fri,415,1,999,0,nonexistent,-2.9,92.20100000000001,-31.4,0.8690000000000001,5076.2,no
36,unemployed,single,university.degree,no,no,no,cellular,aug,fri,260,1,999,0,nonexistent,-2.9,92.20100000000001,-31.4,0.8690000000000001,5076.2,no
17,student,single,basic.9y,no,yes,no,cellular,aug,fri,92,3,4,2,success,-2.9,92.20100000000001,-31.4,0.8690000000000001,5076.2,no
25,student,single,high.school,no,no,no,cellular,aug,fri,253,1,999,0,nonexistent,-2.9,92.20100000000001,-31.4,0.8690000000000001,5076.2,no
20,student,single,high.school,no,no,no,cellular,aug,fri,190,2,999,1,failure,-2.9,92.20100000000001,-31.4,0.8690000000000001,5076.2,no
63,blue-collar,married,basic.4y,no,yes,yes,cellular,aug,fri,107,3,999,0,nonexistent,-2.9,92.20100000000001,-31.4,0.8690000000000001,5076.2,no
55,retired,married,basic.4y,no,yes,no,cellular,aug,fri,137,1,3,1,success,-2.9,92.20100000000001,-31.4,0.8690000000000001,5076.2,yes
35,admin.,single,high.school,no,yes,no,cellular,aug,fri,105,1,999,0,nonexistent,-2.9,92.20100000000001,-31.4,0.8690000000000001,5076.2,no
71,retired,married,basic.4y,no,yes,no,cellular,aug,fri,125,1,999,0,nonexistent,-2.9,92.20100000000001,-31.4,0.8690000000000001,5076.2,yes
25,services,single,high.school,no,no,no,cellular,aug,fri,553,1,999,0,nonexistent,-2.9,92.20100000000001,-31.4,0.8690000000000001,5076.2,no
70,retired,married,professional.course,no,yes,no,cellular,aug,fri,94,4,999,0,nonexistent,-2.9,92.20100000000001,-31.4,0.8690000000000001,5076.2,yes
28,unemployed,married,professional.course,no,no,no,cellular,aug,fri,276,2,999,0,nonexistent,-2.9,92.20100000000001,-31.4,0.8690000000000001,5076.2,yes
42,technician,married,professional.course,no,yes,no,cellular,aug,fri,100,2,999,0,nonexistent,-2.9,92.20100000000001,-31.4,0.8690000000000001,5076.2,yes
26,student,single,high.school,no,no,no,cellular,aug,fri,482,2,999,0,nonexistent,-2.9,92.20100000000001,-31.4,0.8690000000000001,5076.2,no
35,admin.,married,university.degree,no,no,no,cellular,aug,fri,201,1,999,0,nonexistent,-2.9,92.20100000000001,-31.4,0.8690000000000001,5076.2,yes
32,admin.,married,university.degree,no,yes,no,cellular,aug,fri,88,5,999,0,nonexistent,-2.9,92.20100000000001,-31.4,0.8690000000000001,5076.2,no
38,self-employed,divorced,high.school,no,no,no,cellular,aug,fri,391,3,999,1,failure,-2.9,92.20100000000001,-31.4,0.8690000000000001,5076.2,yes
17,student,single,basic.9y,no,unknown,unknown,cellular,aug,fri,498,2,999,1,failure,-2.9,92.20100000000001,-31.4,0.8690000000000001,5076.2,yes
31,admin.,married,university.degree,no,no,no,cellular,aug,fri,880,3,999,0,nonexistent,-2.9,92.20100000000001,-31.4,0.8690000000000001,5076.2,yes
63,retired,divorced,basic.4y,no,yes,no,cellular,aug,fri,153,2,3,1,success,-2.9,92.20100000000001,-31.4,0.8690000000000001,5076.2,no
29,blue-collar,single,basic.6y,no,no,no,cellular,aug,fri,260,3,999,0,nonexistent,-2.9,92.20100000000001,-31.4,0.8690000000000001,5076.2,yes
37,entrepreneur,married,basic.6y,no,yes,no,cellular,aug,fri,148,2,999,0,nonexistent,-2.9,92.20100000000001,-31.4,0.8690000000000001,5076.2,no
25,technician,single,university.degree,no,yes,no,cellular,aug,fri,142,2,999,1,failure,-2.9,92.20100000000001,-31.4,0.8690000000000001,5076.2,no
70,retired,married,professional.course,no,no,no,cellular,aug,fri,70,3,999,0,nonexistent,-2.9,92.20100000000001,-31.4,0.8690000000000001,5076.2,no
28,unemployed,married,professional.course,no,no,no,telephone,aug,fri,140,11,999,0,nonexistent,-2.9,92.20100000000001,-31.4,0.8690000000000001,5076.2,no
35,technician,married,university.degree,no,no,no,cellular,aug,fri,224,3,999,0,nonexistent,-2.9,92.20100000000001,-31.4,0.8690000000000001,5076.2,no
35,management,married,high.school,no,yes,yes,cellular,aug,fri,313,4,999,2,failure,-2.9,92.20100000000001,-31.4,0.8690000000000001,5076.2,no
68,retired,married,basic.4y,no,no,no,cellular,aug,mon,110,1,999,2,failure,-2.9,92.20100000000001,-31.4,0.861,5076.2,no
62,management,divorced,high.school,no,no,no,cellular,aug,mon,405,1,999,0,nonexistent,-2.9,92.20100000000001,-31.4,0.861,5076.2,yes
65,retired,married,high.school,no,no,no,cellular,aug,mon,80,1,999,1,failure,-2.9,92.20100000000001,-31.4,0.861,5076.2,no
66,retired,married,unknown,no,no,no,cellular,aug,mon,43,1,999,2,failure,-2.9,92.20100000000001,-31.4,0.861,5076.2,no
23,technician,single,university.degree,no,yes,no,cellular,aug,mon,116,1,999,0,nonexistent,-2.9,92.20100000000001,-31.4,0.861,5076.2,no
43,management,married,university.degree,no,no,no,cellular,aug,mon,75,1,999,0,nonexistent,-2.9,92.20100000000001,-31.4,0.861,5076.2,no
72,retired,divorced,basic.4y,no,no,no,cellular,aug,mon,152,1,999,0,nonexistent,-2.9,92.20100000000001,-31.4,0.861,5076.2,no
73,retired,married,basic.4y,no,no,no,cellular,aug,mon,348,1,999,0,nonexistent,-2.9,92.20100000000001,-31.4,0.861,5076.2,yes
67,retired,married,professional.course,no,yes,yes,cellular,aug,mon,186,1,999,0,nonexistent,-2.9,92.20100000000001,-31.4,0.861,5076.2,yes
80,retired,married,high.school,no,no,no,telephone,aug,mon,199,1,999,0,nonexistent,-2.9,92.20100000000001,-31.4,0.861,5076.2,yes
60,admin.,married,university.degree,no,no,no,cellular,aug,mon,133,1,999,0,nonexistent,-2.9,92.20100000000001,-31.4,0.861,5076.2,no
33,technician,married,university.degree,no,yes,no,cellular,aug,mon,551,2,999,0,nonexistent,-2.9,92.20100000000001,-31.4,0.861,5076.2,no
23,student,single,high.school,no,no,no,cellular,aug,mon,123,1,999,0,nonexistent,-2.9,92.20100000000001,-31.4,0.861,5076.2,no
23,student,single,high.school,no,no,no,cellular,aug,mon,80,1,999,0,nonexistent,-2.9,92.20100000000001,-31.4,0.861,5076.2,no
25,admin.,single,university.degree,no,no,no,cellular,aug,mon,286,1,999,0,nonexistent,-2.9,92.20100000000001,-31.4,0.861,5076.2,yes
25,admin.,single,university.degree,no,yes,no,cellular,aug,mon,163,1,6,1,success,-2.9,92.20100000000001,-31.4,0.861,5076.2,yes
33,unemployed,single,university.degree,no,no,no,cellular,aug,mon,156,1,999,0,nonexistent,-2.9,92.20100000000001,-31.4,0.861,5076.2,no
65,retired,married,high.school,no,yes,yes,cellular,aug,mon,97,2,999,0,nonexistent,-2.9,92.20100000000001,-31.4,0.861,5076.2,no
34,technician,married,university.degree,no,no,no,cellular,aug,mon,220,1,999,0,nonexistent,-2.9,92.20100000000001,-31.4,0.861,5076.2,yes
34,technician,married,university.degree,no,no,no,cellular,aug,mon,473,1,999,0,nonexistent,-2.9,92.20100000000001,-31.4,0.861,5076.2,no
31,admin.,single,university.degree,no,no,no,telephone,aug,mon,122,1,999,0,nonexistent,-2.9,92.20100000000001,-31.4,0.861,5076.2,no
34,technician,single,professional.course,no,no,no,cellular,aug,mon,237,1,999,1,failure,-2.9,92.20100000000001,-31.4,0.861,5076.2,no
31,technician,married,university.degree,no,no,no,cellular,aug,mon,109,1,999,1,failure,-2.9,92.20100000000001,-31.4,0.861,5076.2,no
26,admin.,single,university.degree,no,unknown,unknown,cellular,aug,mon,115,1,999,0,nonexistent,-2.9,92.20100000000001,-31.4,0.861,5076.2,no
43,management,married,university.degree,no,no,no,telephone,aug,mon,123,1,999,0,nonexistent,-2.9,92.20100000000001,-31.4,0.861,5076.2,no
30,services,single,high.school,no,no,no,cellular,aug,mon,366,2,999,0,nonexistent,-2.9,92.20100000000001,-31.4,0.861,5076.2,no
34,technician,married,professional.course,no,no,no,cellular,aug,mon,123,1,999,0,nonexistent,-2.9,92.20100000000001,-31.4,0.861,5076.2,no
48,technician,married,high.school,no,yes,no,cellular,aug,mon,711,1,999,0,nonexistent,-2.9,92.20100000000001,-31.4,0.861,5076.2,yes
44,admin.,single,university.degree,no,no,no,cellular,aug,mon,207,1,6,1,success,-2.9,92.20100000000001,-31.4,0.861,5076.2,yes
18,student,single,basic.6y,no,yes,no,cellular,aug,mon,628,1,999,0,nonexistent,-2.9,92.20100000000001,-31.4,0.861,5076.2,no
23,technician,married,professional.course,no,yes,no,cellular,aug,mon,341,1,3,2,success,-2.9,92.20100000000001,-31.4,0.861,5076.2,yes
27,self-employed,single,university.degree,no,unknown,unknown,cellular,aug,mon,130,2,999,1,failure,-2.9,92.20100000000001,-31.4,0.861,5076.2,no
27,self-employed,single,university.degree,no,no,no,cellular,aug,mon,241,2,999,0,nonexistent,-2.9,92.20100000000001,-31.4,0.861,5076.2,no
28,admin.,single,university.degree,no,no,no,cellular,aug,mon,192,1,999,0,nonexistent,-2.9,92.20100000000001,-31.4,0.861,5076.2,no
28,admin.,single,university.degree,no,unknown,unknown,cellular,aug,mon,148,1,999,2,failure,-2.9,92.20100000000001,-31.4,0.861,5076.2,no
29,management,single,university.degree,no,no,no,cellular,aug,mon,300,1,999,0,nonexistent,-2.9,92.20100000000001,-31.4,0.861,5076.2,no
74,retired,married,basic.9y,no,yes,no,cellular,aug,mon,156,1,999,1,failure,-2.9,92.20100000000001,-31.4,0.861,5076.2,yes
22,student,single,professional.course,no,yes,no,cellular,aug,mon,162,2,999,1,failure,-2.9,92.20100000000001,-31.4,0.861,5076.2,yes
29,unemployed,single,university.degree,no,yes,no,cellular,aug,tue,33,2,999,0,nonexistent,-2.9,92.20100000000001,-31.4,0.8590000000000001,5076.2,no
67,retired,married,basic.6y,no,no,no,cellular,aug,tue,460,2,999,0,nonexistent,-2.9,92.20100000000001,-31.4,0.8590000000000001,5076.2,yes
36,admin.,single,university.degree,no,no,no,cellular,aug,tue,278,1,999,0,nonexistent,-2.9,92.20100000000001,-31.4,0.8590000000000001,5076.2,yes
65,housemaid,divorced,basic.4y,no,yes,no,cellular,aug,tue,212,1,999,0,nonexistent,-2.9,92.20100000000001,-31.4,0.8590000000000001,5076.2,no
31,admin.,single,high.school,no,yes,no,cellular,aug,tue,243,2,999,0,nonexistent,-2.9,92.20100000000001,-31.4,0.8590000000000001,5076.2,no
61,retired,married,university.degree,no,no,no,telephone,aug,tue,249,2,3,1,success,-2.9,92.20100000000001,-31.4,0.8590000000000001,5076.2,yes
63,retired,married,university.degree,no,no,no,cellular,aug,tue,177,1,999,0,nonexistent,-2.9,92.20100000000001,-31.4,0.8590000000000001,5076.2,no
34,admin.,single,university.degree,no,yes,no,telephone,aug,tue,205,1,999,0,nonexistent,-2.9,92.20100000000001,-31.4,0.8590000000000001,5076.2,yes
33,admin.,married,high.school,no,no,no,cellular,aug,tue,147,1,999,1,failure,-2.9,92.20100000000001,-31.4,0.8590000000000001,5076.2,no
33,admin.,married,high.school,no,no,yes,cellular,aug,tue,113,1,6,2,success,-2.9,92.20100000000001,-31.4,0.8590000000000001,5076.2,no
26,admin.,single,university.degree,no,yes,no,telephone,aug,tue,215,1,999,1,failure,-2.9,92.20100000000001,-31.4,0.8590000000000001,5076.2,yes
47,admin.,single,university.degree,no,yes,no,cellular,aug,tue,161,1,999,1,failure,-2.9,92.20100000000001,-31.4,0.8590000000000001,5076.2,yes
49,technician,married,university.degree,no,no,no,cellular,aug,tue,90,1,999,0,nonexistent,-2.9,92.20100000000001,-31.4,0.8590000000000001,5076.2,no
32,technician,single,university.degree,no,yes,yes,cellular,aug,tue,96,1,999,0,nonexistent,-2.9,92.20100000000001,-31.4,0.8590000000000001,5076.2,no
59,management,married,university.degree,no,yes,no,cellular,aug,tue,210,2,999,1,failure,-2.9,92.20100000000001,-31.4,0.8590000000000001,5076.2,no
61,retired,married,university.degree,no,yes,no,cellular,aug,tue,101,1,999,0,nonexistent,-2.9,92.20100000000001,-31.4,0.8590000000000001,5076.2,no
34,admin.,married,university.degree,no,yes,no,cellular,aug,tue,360,1,999,0,nonexistent,-2.9,92.20100000000001,-31.4,0.8590000000000001,5076.2,no
37,admin.,married,university.degree,no,no,yes,cellular,aug,tue,66,1,999,1,failure,-2.9,92.20100000000001,-31.4,0.8590000000000001,5076.2,no
32,services,married,high.school,no,no,no,cellular,aug,tue,363,1,999,0,nonexistent,-2.9,92.20100000000001,-31.4,0.8590000000000001,5076.2,no
71,retired,married,basic.4y,unknown,unknown,unknown,cellular,aug,tue,216,1,999,0,nonexistent,-2.9,92.20100000000001,-31.4,0.8590000000000001,5076.2,yes
50,admin.,married,university.degree,no,no,no,cellular,aug,tue,587,2,999,1,failure,-2.9,92.20100000000001,-31.4,0.8590000000000001,5076.2,yes
34,technician,married,professional.course,no,no,no,cellular,aug,tue,193,1,13,1,success,-2.9,92.20100000000001,-31.4,0.8590000000000001,5076.2,yes
33,blue-collar,divorced,basic.4y,no,yes,no,cellular,aug,tue,395,1,999,0,nonexistent,-2.9,92.20100000000001,-31.4,0.8590000000000001,5076.2,yes
20,student,single,high.school,no,yes,no,cellular,aug,tue,532,1,999,1,failure,-2.9,92.20100000000001,-31.4,0.8590000000000001,5076.2,yes
64,retired,married,high.school,unknown,no,no,cellular,aug,tue,301,1,999,1,failure,-2.9,92.20100000000001,-31.4,0.8590000000000001,5076.2,yes
65,retired,married,basic.4y,no,yes,no,cellular,aug,tue,197,2,999,1,failure,-2.9,92.20100000000001,-31.4,0.8590000000000001,5076.2,no
63,retired,married,university.degree,no,no,no,telephone,aug,tue,280,3,999,0,nonexistent,-2.9,92.20100000000001,-31.4,0.8590000000000001,5076.2,no
35,technician,married,professional.course,no,no,no,cellular,aug,tue,441,1,999,0,nonexistent,-2.9,92.20100000000001,-31.4,0.8590000000000001,5076.2,yes
35,admin.,single,university.degree,no,no,no,telephone,aug,tue,396,3,999,0,nonexistent,-2.9,92.20100000000001,-31.4,0.8590000000000001,5076.2,no
26,admin.,single,high.school,no,no,no,cellular,aug,wed,431,4,999,0,nonexistent,-2.9,92.20100000000001,-31.4,0.8540000000000001,5076.2,no
74,retired,divorced,basic.4y,no,yes,no,cellular,aug,wed,536,1,13,1,success,-2.9,92.20100000000001,-31.4,0.8540000000000001,5076.2,yes
33,admin.,married,high.school,no,yes,no,cellular,aug,wed,206,4,999,0,nonexistent,-2.9,92.20100000000001,-31.4,0.8540000000000001,5076.2,no
33,admin.,married,high.school,no,yes,no,telephone,aug,wed,578,2,999,0,nonexistent,-2.9,92.20100000000001,-31.4,0.8540000000000001,5076.2,no
62,unemployed,married,high.school,no,yes,no,cellular,aug,wed,250,1,999,1,failure,-2.9,92.20100000000001,-31.4,0.8540000000000001,5076.2,no
80,retired,married,basic.4y,no,no,no,cellular,aug,wed,207,4,999,0,nonexistent,-2.9,92.20100000000001,-31.4,0.8540000000000001,5076.2,no
26,technician,single,university.degree,no,yes,yes,cellular,aug,wed,65,1,999,0,nonexistent,-2.9,92.20100000000001,-31.4,0.8540000000000001,5076.2,no
38,technician,married,university.degree,no,yes,no,cellular,aug,wed,238,4,999,0,nonexistent,-2.9,92.20100000000001,-31.4,0.8540000000000001,5076.2,yes
35,admin.,married,university.degree,no,yes,no,cellular,aug,wed,768,2,999,2,failure,-2.9,92.20100000000001,-31.4,0.8540000000000001,5076.2,yes
37,admin.,married,university.degree,no,no,no,cellular,aug,wed,225,2,999,0,nonexistent,-2.9,92.20100000000001,-31.4,0.8540000000000001,5076.2,yes
56,housemaid,divorced,basic.4y,no,no,no,cellular,aug,wed,89,1,999,0,nonexistent,-2.9,92.20100000000001,-31.4,0.8540000000000001,5076.2,no
20,student,single,basic.9y,no,no,no,cellular,aug,wed,98,2,999,0,nonexistent,-2.9,92.20100000000001,-31.4,0.8540000000000001,5076.2,no
32,technician,single,university.degree,no,yes,no,cellular,aug,wed,240,2,999,0,nonexistent,-2.9,92.20100000000001,-31.4,0.8540000000000001,5076.2,yes
55,unknown,married,university.degree,no,yes,no,cellular,aug,wed,164,1,999,0,nonexistent,-2.9,92.20100000000001,-31.4,0.8540000000000001,5076.2,yes
74,retired,married,university.degree,no,yes,yes,cellular,aug,wed,232,3,999,0,nonexistent,-2.9,92.20100000000001,-31.4,0.8540000000000001,5076.2,yes
33,admin.,single,university.degree,no,yes,no,cellular,aug,wed,67,1,3,1,success,-2.9,92.20100000000001,-31.4,0.8540000000000001,5076.2,no
73,retired,married,basic.4y,unknown,no,no,cellular,aug,wed,76,1,999,0,nonexistent,-2.9,92.20100000000001,-31.4,0.8540000000000001,5076.2,no
64,retired,married,basic.4y,no,yes,no,cellular,aug,wed,145,1,3,2,success,-2.9,92.20100000000001,-31.4,0.8540000000000001,5076.2,yes
32,admin.,married,university.degree,no,yes,no,telephone,aug,wed,328,1,999,1,failure,-2.9,92.20100000000001,-31.4,0.8540000000000001,5076.2,no
34,unemployed,single,university.degree,no,no,no,cellular,aug,wed,484,1,999,0,nonexistent,-2.9,92.20100000000001,-31.4,0.8540000000000001,5076.2,no
54,technician,married,basic.9y,no,no,no,cellular,aug,wed,196,2,999,0,nonexistent,-2.9,92.20100000000001,-31.4,0.8540000000000001,5076.2,no
35,admin.,married,university.degree,no,no,yes,cellular,aug,wed,65,5,999,0,nonexistent,-2.9,92.20100000000001,-31.4,0.8540000000000001,5076.2,no
32,admin.,married,university.degree,no,yes,no,cellular,aug,wed,80,2,999,0,nonexistent,-2.9,92.20100000000001,-31.4,0.8540000000000001,5076.2,no
66,retired,married,basic.4y,no,yes,yes,telephone,aug,wed,82,3,999,3,failure,-2.9,92.20100000000001,-31.4,0.8540000000000001,5076.2,no
33,admin.,single,university.degree,no,no,no,cellular,aug,wed,338,1,999,0,nonexistent,-2.9,92.20100000000001,-31.4,0.8540000000000001,5076.2,yes
40,admin.,divorced,high.school,no,yes,no,cellular,aug,thu,262,2,999,1,failure,-2.9,92.20100000000001,-31.4,0.851,5076.2,no
37,admin.,divorced,university.degree,no,no,no,cellular,aug,thu,329,3,9,1,success,-2.9,92.20100000000001,-31.4,0.851,5076.2,yes
25,admin.,single,university.degree,no,yes,no,telephone,aug,thu,84,1,999,0,nonexistent,-2.9,92.20100000000001,-31.4,0.851,5076.2,no
66,retired,married,basic.6y,no,yes,no,cellular,aug,thu,267,1,999,0,nonexistent,-2.9,92.20100000000001,-31.4,0.851,5076.2,yes
36,technician,single,professional.course,no,yes,no,cellular,aug,thu,474,1,999,0,nonexistent,-2.9,92.20100000000001,-31.4,0.851,5076.2,yes
34,admin.,single,university.degree,no,yes,no,cellular,aug,thu,377,6,3,1,success,-2.9,92.20100000000001,-31.4,0.851,5076.2,yes
27,admin.,single,university.degree,no,yes,no,cellular,aug,thu,97,2,999,0,nonexistent,-2.9,92.20100000000001,-31.4,0.851,5076.2,no
35,blue-collar,divorced,high.school,no,no,no,cellular,aug,thu,151,1,3,1,success,-2.9,92.20100000000001,-31.4,0.851,5076.2,yes
37,student,single,unknown,no,no,no,cellular,aug,thu,928,1,999,0,nonexistent,-2.9,92.20100000000001,-31.4,0.851,5076.2,no
62,admin.,married,university.degree,no,no,no,cellular,aug,thu,68,1,999,1,failure,-2.9,92.20100000000001,-31.4,0.851,5076.2,no
32,management,single,university.degree,no,no,no,cellular,aug,thu,149,1,3,2,success,-2.9,92.20100000000001,-31.4,0.851,5076.2,yes
38,services,single,high.school,no,yes,no,cellular,aug,thu,83,5,999,0,nonexistent,-2.9,92.20100000000001,-31.4,0.851,5076.2,no
74,retired,married,basic.9y,no,no,no,cellular,aug,thu,188,2,999,1,failure,-2.9,92.20100000000001,-31.4,0.851,5076.2,no
29,admin.,married,university.degree,no,yes,no,cellular,aug,thu,69,1,999,1,failure,-2.9,92.20100000000001,-31.4,0.851,5076.2,no
29,admin.,married,university.degree,no,no,no,cellular,aug,thu,131,1,999,0,nonexistent,-2.9,92.20100000000001,-31.4,0.851,5076.2,no
24,admin.,single,university.degree,no,yes,no,cellular,aug,thu,158,1,999,0,nonexistent,-2.9,92.20100000000001,-31.4,0.851,5076.2,yes
45,self-employed,married,university.degree,no,no,yes,cellular,aug,thu,157,1,999,0,nonexistent,-2.9,92.20100000000001,-31.4,0.851,5076.2,no
26,admin.,single,university.degree,no,no,no,cellular,aug,thu,99,1,999,1,failure,-2.9,92.20100000000001,-31.4,0.851,5076.2,no
25,student,single,university.degree,no,no,no,cellular,aug,thu,184,1,999,0,nonexistent,-2.9,92.20100000000001,-31.4,0.851,5076.2,yes
38,admin.,divorced,professional.course,no,no,no,cellular,aug,thu,201,2,999,0,nonexistent,-2.9,92.20100000000001,-31.4,0.851,5076.2,no
28,technician,single,professional.course,no,yes,no,cellular,aug,thu,64,1,999,0,nonexistent,-2.9,92.20100000000001,-31.4,0.851,5076.2,no
28,technician,single,professional.course,no,yes,no,cellular,aug,thu,63,2,3,1,success,-2.9,92.20100000000001,-31.4,0.851,5076.2,yes
25,student,single,university.degree,no,no,no,cellular,aug,thu,75,1,999,0,nonexistent,-2.9,92.20100000000001,-31.4,0.851,5076.2,no
34,technician,single,unknown,no,yes,no,cellular,aug,thu,320,2,3,1,success,-2.9,92.20100000000001,-31.4,0.851,5076.2,yes
64,retired,married,unknown,no,yes,yes,cellular,aug,fri,89,1,999,1,failure,-2.9,92.20100000000001,-31.4,0.8490000000000001,5076.2,no
64,retired,married,university.degree,no,no,no,cellular,aug,fri,102,1,999,1,failure,-2.9,92.20100000000001,-31.4,0.8490000000000001,5076.2,no
64,retired,married,university.degree,no,yes,yes,cellular,aug,fri,146,1,999,1,failure,-2.9,92.20100000000001,-31.4,0.8490000000000001,5076.2,no
76,retired,married,basic.4y,no,yes,no,cellular,aug,fri,406,1,999,0,nonexistent,-2.9,92.20100000000001,-31.4,0.8490000000000001,5076.2,no
76,retired,married,basic.4y,no,no,no,cellular,aug,fri,61,1,999,1,failure,-2.9,92.20100000000001,-31.4,0.8490000000000001,5076.2,no
61,retired,married,basic.4y,no,yes,no,cellular,aug,fri,168,1,15,1,success,-2.9,92.20100000000001,-31.4,0.8490000000000001,5076.2,yes
61,retired,married,basic.4y,no,yes,yes,cellular,aug,fri,69,1,999,1,failure,-2.9,92.20100000000001,-31.4,0.8490000000000001,5076.2,no
62,admin.,married,university.degree,no,yes,yes,cellular,aug,fri,64,1,999,0,nonexistent,-2.9,92.20100000000001,-31.4,0.8490000000000001,5076.2,no
87,retired,divorced,basic.4y,no,no,no,cellular,aug,fri,273,1,999,0,nonexistent,-2.9,92.20100000000001,-31.4,0.8490000000000001,5076.2,yes
39,student,single,unknown,no,yes,no,telephone,aug,fri,104,2,999,0,nonexistent,-2.9,92.20100000000001,-31.4,0.8490000000000001,5076.2,no
54,admin.,married,university.degree,no,yes,yes,cellular,aug,fri,204,1,999,1,failure,-2.9,92.20100000000001,-31.4,0.8490000000000001,5076.2,yes
54,technician,divorced,university.degree,no,no,no,cellular,aug,fri,90,1,999,1,failure,-2.9,92.20100000000001,-31.4,0.8490000000000001,5076.2,no
24,student,single,high.school,no,yes,yes,cellular,aug,fri,44,1,999,1,failure,-2.9,92.20100000000001,-31.4,0.8490000000000001,5076.2,no
24,student,single,high.school,no,yes,yes,cellular,aug,fri,298,1,999,0,nonexistent,-2.9,92.20100000000001,-31.4,0.8490000000000001,5076.2,no
24,student,single,high.school,no,no,no,cellular,aug,fri,276,1,999,0,nonexistent,-2.9,92.20100000000001,-31.4,0.8490000000000001,5076.2,yes
34,unemployed,single,professional.course,no,no,no,cellular,aug,fri,531,2,2,1,success,-2.9,92.20100000000001,-31.4,0.8490000000000001,5076.2,yes
55,management,married,university.degree,no,no,no,cellular,aug,fri,72,1,999,1,failure,-2.9,92.20100000000001,-31.4,0.8490000000000001,5076.2,no
62,admin.,married,university.degree,no,yes,no,cellular,aug,fri,116,1,999,0,nonexistent,-2.9,92.20100000000001,-31.4,0.8490000000000001,5076.2,yes
79,housemaid,married,basic.4y,no,no,no,cellular,aug,fri,126,1,3,2,success,-2.9,92.20100000000001,-31.4,0.8490000000000001,5076.2,yes
30,blue-collar,married,high.school,no,yes,no,cellular,aug,fri,252,1,999,0,nonexistent,-2.9,92.20100000000001,-31.4,0.8490000000000001,5076.2,yes
36,admin.,single,high.school,no,yes,no,cellular,aug,fri,159,1,3,2,success,-2.9,92.20100000000001,-31.4,0.8490000000000001,5076.2,yes
64,retired,married,unknown,no,yes,no,cellular,aug,fri,171,3,999,1,failure,-2.9,92.20100000000001,-31.4,0.8490000000000001,5076.2,no
39,admin.,married,university.degree,no,yes,yes,cellular,aug,fri,343,2,14,1,success,-2.9,92.20100000000001,-31.4,0.8490000000000001,5076.2,yes
24,student,single,unknown,no,yes,yes,cellular,aug,fri,744,1,3,2,success,-2.9,92.20100000000001,-31.4,0.8490000000000001,5076.2,yes
24,student,single,unknown,no,yes,no,cellular,aug,fri,438,1,6,1,success,-2.9,92.20100000000001,-31.4,0.8490000000000001,5076.2,yes
70,retired,married,university.degree,no,yes,no,cellular,aug,mon,73,3,999,1,failure,-2.9,92.20100000000001,-31.4,0.843,5076.2,no
34,admin.,married,university.degree,no,no,no,cellular,aug,mon,62,2,999,0,nonexistent,-2.9,92.20100000000001,-31.4,0.843,5076.2,no
54,self-employed,married,university.degree,no,yes,no,cellular,aug,mon,323,2,999,0,nonexistent,-2.9,92.20100000000001,-31.4,0.843,5076.2,no
34,admin.,married,university.degree,no,yes,no,cellular,aug,mon,227,2,999,0,nonexistent,-2.9,92.20100000000001,-31.4,0.843,5076.2,no
74,retired,married,basic.4y,unknown,yes,no,cellular,aug,mon,467,2,6,1,success,-2.9,92.20100000000001,-31.4,0.843,5076.2,yes
47,housemaid,married,university.degree,no,yes,no,cellular,aug,mon,232,2,999,0,nonexistent,-2.9,92.20100000000001,-31.4,0.843,5076.2,yes
69,housemaid,married,basic.4y,no,no,no,telephone,aug,mon,420,4,999,0,nonexistent,-2.9,92.20100000000001,-31.4,0.843,5076.2,no
58,retired,married,university.degree,no,yes,no,telephone,aug,mon,100,1,999,0,nonexistent,-2.9,92.20100000000001,-31.4,0.843,5076.2,no
88,retired,married,university.degree,no,yes,no,cellular,aug,mon,401,1,999,0,nonexistent,-2.9,92.20100000000001,-31.4,0.843,5076.2,no
40,admin.,married,university.degree,no,yes,no,cellular,aug,mon,55,1,999,2,failure,-2.9,92.20100000000001,-31.4,0.843,5076.2,no
47,self-employed,married,university.degree,no,yes,no,cellular,aug,mon,143,2,999,0,nonexistent,-2.9,92.20100000000001,-31.4,0.843,5076.2,no
64,retired,married,basic.9y,no,yes,no,cellular,aug,mon,79,2,3,1,success,-2.9,92.20100000000001,-31.4,0.843,5076.2,no
57,retired,married,university.degree,no,no,no,cellular,aug,mon,497,2,999,1,failure,-2.9,92.20100000000001,-31.4,0.843,5076.2,no
49,technician,divorced,high.school,no,no,no,cellular,aug,tue,109,2,999,0,nonexistent,-2.9,92.20100000000001,-31.4,0.838,5076.2,no
66,retired,married,basic.4y,unknown,yes,no,cellular,aug,tue,142,2,999,0,nonexistent,-2.9,92.20100000000001,-31.4,0.838,5076.2,yes
81,retired,married,high.school,no,no,no,cellular,aug,tue,50,3,999,0,nonexistent,-2.9,92.20100000000001,-31.4,0.838,5076.2,no
44,technician,divorced,high.school,no,no,no,cellular,aug,tue,188,3,999,0,nonexistent,-2.9,92.20100000000001,-31.4,0.838,5076.2,no
43,services,married,high.school,no,no,yes,cellular,aug,tue,79,2,3,2,success,-2.9,92.20100000000001,-31.4,0.838,5076.2,no
38,student,single,unknown,no,yes,yes,cellular,aug,tue,158,2,999,0,nonexistent,-2.9,92.20100000000001,-31.4,0.838,5076.2,no
63,housemaid,married,basic.4y,no,no,no,cellular,aug,tue,511,1,999,1,failure,-2.9,92.20100000000001,-31.4,0.838,5076.2,yes
51,admin.,divorced,high.school,no,yes,no,cellular,aug,tue,192,1,6,1,success,-2.9,92.20100000000001,-31.4,0.838,5076.2,yes
58,retired,married,high.school,no,no,no,cellular,aug,tue,585,4,999,0,nonexistent,-2.9,92.20100000000001,-31.4,0.838,5076.2,no
51,admin.,divorced,high.school,no,yes,no,cellular,aug,tue,133,1,999,1,failure,-2.9,92.20100000000001,-31.4,0.838,5076.2,no
51,admin.,divorced,high.school,no,no,no,cellular,aug,tue,83,1,6,2,failure,-2.9,92.20100000000001,-31.4,0.838,5076.2,no
63,technician,married,unknown,no,yes,no,cellular,aug,tue,173,1,999,0,nonexistent,-2.9,92.20100000000001,-31.4,0.838,5076.2,no
58,retired,married,high.school,no,no,no,cellular,aug,tue,130,2,999,0,nonexistent,-2.9,92.20100000000001,-31.4,0.838,5076.2,yes
54,retired,married,professional.course,unknown,no,no,cellular,aug,tue,76,1,999,0,nonexistent,-2.9,92.20100000000001,-31.4,0.838,5076.2,no
63,housemaid,married,basic.4y,no,no,no,cellular,aug,tue,479,1,999,0,nonexistent,-2.9,92.20100000000001,-31.4,0.838,5076.2,yes
54,retired,married,professional.course,unknown,no,no,cellular,aug,tue,95,2,999,0,nonexistent,-2.9,92.20100000000001,-31.4,0.838,5076.2,yes
60,housemaid,divorced,professional.course,no,yes,no,cellular,aug,tue,186,3,999,1,failure,-2.9,92.20100000000001,-31.4,0.838,5076.2,no
58,retired,married,high.school,no,no,no,cellular,aug,tue,360,5,999,0,nonexistent,-2.9,92.20100000000001,-31.4,0.838,5076.2,no
58,retired,married,high.school,no,yes,no,cellular,aug,tue,242,6,3,1,success,-2.9,92.20100000000001,-31.4,0.838,5076.2,yes
53,admin.,divorced,high.school,no,yes,no,cellular,aug,tue,159,2,3,1,success,-2.9,92.20100000000001,-31.4,0.838,5076.2,no
56,services,single,high.school,no,no,yes,cellular,aug,tue,555,3,999,0,nonexistent,-2.9,92.20100000000001,-31.4,0.838,5076.2,yes
27,admin.,single,high.school,no,no,no,telephone,aug,wed,415,3,999,0,nonexistent,-2.9,92.20100000000001,-31.4,0.8340000000000001,5076.2,yes
49,entrepreneur,single,university.degree,no,yes,no,cellular,aug,wed,78,6,5,1,success,-2.9,92.20100000000001,-31.4,0.8340000000000001,5076.2,no
42,retired,divorced,illiterate,no,no,no,telephone,aug,wed,128,3,999,0,nonexistent,-2.9,92.20100000000001,-31.4,0.8340000000000001,5076.2,yes
59,technician,married,professional.course,no,yes,no,telephone,aug,wed,240,3,999,1,failure,-2.9,92.20100000000001,-31.4,0.8340000000000001,5076.2,no
57,retired,married,university.degree,no,yes,no,cellular,aug,wed,187,1,999,1,failure,-2.9,92.20100000000001,-31.4,0.8340000000000001,5076.2,no
59,technician,married,professional.course,no,yes,no,cellular,aug,wed,210,4,999,0,nonexistent,-2.9,92.20100000000001,-31.4,0.8340000000000001,5076.2,yes
28,admin.,married,university.degree,no,yes,no,cellular,aug,wed,75,1,999,1,failure,-2.9,92.20100000000001,-31.4,0.8340000000000001,5076.2,no
80,retired,married,basic.4y,no,yes,no,cellular,aug,wed,323,1,999,0,nonexistent,-2.9,92.20100000000001,-31.4,0.8340000000000001,5076.2,yes
80,retired,married,basic.4y,no,yes,no,cellular,aug,wed,76,1,3,2,success,-2.9,92.20100000000001,-31.4,0.8340000000000001,5076.2,no
78,retired,married,basic.4y,no,no,yes,cellular,aug,wed,103,1,999,0,nonexistent,-2.9,92.20100000000001,-31.4,0.8340000000000001,5076.2,no
56,housemaid,married,basic.4y,no,yes,no,cellular,aug,wed,359,3,999,0,nonexistent,-2.9,92.20100000000001,-31.4,0.8340000000000001,5076.2,no
42,retired,divorced,illiterate,no,no,no,cellular,aug,wed,146,4,999,0,nonexistent,-2.9,92.20100000000001,-31.4,0.8340000000000001,5076.2,no
28,student,single,unknown,no,no,no,cellular,aug,thu,700,4,999,1,failure,-2.9,92.20100000000001,-31.4,0.8290000000000001,5076.2,yes
24,self-employed,single,university.degree,no,no,no,cellular,aug,thu,64,3,999,0,nonexistent,-2.9,92.20100000000001,-31.4,0.8290000000000001,5076.2,no
59,admin.,single,university.degree,no,no,no,cellular,aug,thu,259,3,15,1,success,-2.9,92.20100000000001,-31.4,0.8290000000000001,5076.2,yes
46,housemaid,married,basic.4y,no,unknown,unknown,cellular,aug,thu,154,2,999,0,nonexistent,-2.9,92.20100000000001,-31.4,0.8290000000000001,5076.2,no
51,admin.,married,university.degree,no,yes,no,cellular,aug,thu,212,1,999,0,nonexistent,-2.9,92.20100000000001,-31.4,0.8290000000000001,5076.2,yes
46,admin.,married,university.degree,no,yes,no,cellular,aug,thu,445,3,999,0,nonexistent,-2.9,92.20100000000001,-31.4,0.8290000000000001,5076.2,yes
50,admin.,married,university.degree,no,no,yes,cellular,aug,thu,460,1,15,2,failure,-2.9,92.20100000000001,-31.4,0.8290000000000001,5076.2,yes
46,self-employed,married,university.degree,no,yes,no,cellular,aug,thu,148,2,999,0,nonexistent,-2.9,92.20100000000001,-31.4,0.8290000000000001,5076.2,no
58,retired,divorced,high.school,no,no,no,cellular,aug,thu,398,2,999,1,failure,-2.9,92.20100000000001,-31.4,0.8290000000000001,5076.2,yes
31,admin.,single,university.degree,no,no,no,cellular,aug,thu,81,1,3,1,success,-2.9,92.20100000000001,-31.4,0.8290000000000001,5076.2,yes
42,admin.,divorced,university.degree,no,yes,no,cellular,aug,thu,294,1,999,0,nonexistent,-2.9,92.20100000000001,-31.4,0.8290000000000001,5076.2,no
31,admin.,single,university.degree,no,yes,no,cellular,aug,fri,118,2,999,0,nonexistent,-2.9,92.20100000000001,-31.4,0.825,5076.2,no
36,housemaid,single,university.degree,no,unknown,unknown,cellular,aug,fri,119,2,3,1,success,-2.9,92.20100000000001,-31.4,0.825,5076.2,no
59,retired,married,unknown,no,no,no,cellular,aug,fri,109,2,999,0,nonexistent,-2.9,92.20100000000001,-31.4,0.825,5076.2,no
48,management,married,university.degree,unknown,yes,no,cellular,aug,fri,207,3,999,1,failure,-2.9,92.20100000000001,-31.4,0.825,5076.2,no
45,services,married,high.school,no,yes,no,cellular,aug,fri,67,3,999,1,failure,-2.9,92.20100000000001,-31.4,0.825,5076.2,no
28,student,single,unknown,no,yes,no,telephone,aug,fri,268,3,999,0,nonexistent,-2.9,92.20100000000001,-31.4,0.825,5076.2,no
27,student,single,university.degree,no,yes,no,cellular,aug,fri,630,2,999,0,nonexistent,-2.9,92.20100000000001,-31.4,0.825,5076.2,no
25,student,single,unknown,unknown,yes,no,cellular,aug,fri,90,1,999,2,failure,-2.9,92.20100000000001,-31.4,0.825,5076.2,no
25,student,single,unknown,unknown,yes,no,cellular,aug,fri,81,1,999,1,failure,-2.9,92.20100000000001,-31.4,0.825,5076.2,no
24,student,single,high.school,no,no,no,cellular,aug,fri,65,1,999,2,failure,-2.9,92.20100000000001,-31.4,0.825,5076.2,no
24,student,single,high.school,no,yes,no,telephone,aug,fri,359,1,999,0,nonexistent,-2.9,92.20100000000001,-31.4,0.825,5076.2,no
43,technician,single,professional.course,no,no,no,cellular,aug,fri,255,1,999,0,nonexistent,-2.9,92.20100000000001,-31.4,0.825,5076.2,no
26,student,single,high.school,no,no,no,cellular,aug,fri,133,1,999,0,nonexistent,-2.9,92.20100000000001,-31.4,0.825,5076.2,no
55,entrepreneur,divorced,basic.9y,no,yes,no,cellular,aug,fri,622,1,999,0,nonexistent,-2.9,92.20100000000001,-31.4,0.825,5076.2,yes
62,retired,married,professional.course,no,yes,yes,cellular,aug,fri,517,2,999,1,failure,-2.9,92.20100000000001,-31.4,0.825,5076.2,yes
44,admin.,married,high.school,no,no,no,cellular,aug,fri,283,1,999,0,nonexistent,-2.9,92.20100000000001,-31.4,0.825,5076.2,no
34,technician,married,university.degree,no,yes,no,cellular,aug,fri,94,3,999,0,nonexistent,-2.9,92.20100000000001,-31.4,0.825,5076.2,no
28,student,single,professional.course,no,no,no,cellular,aug,fri,36,2,999,0,nonexistent,-2.9,92.20100000000001,-31.4,0.825,5076.2,no
26,student,single,high.school,no,yes,no,cellular,aug,fri,155,2,6,2,failure,-2.9,92.20100000000001,-31.4,0.825,5076.2,yes
45,technician,married,high.school,no,yes,no,cellular,aug,fri,368,2,999,0,nonexistent,-2.9,92.20100000000001,-31.4,0.825,5076.2,no
30,student,married,university.degree,no,no,no,cellular,aug,mon,98,2,3,2,success,-2.9,92.20100000000001,-31.4,0.821,5076.2,yes
51,technician,married,professional.course,no,yes,no,cellular,aug,mon,72,2,999,1,failure,-2.9,92.20100000000001,-31.4,0.821,5076.2,no
40,technician,married,high.school,no,yes,no,cellular,aug,mon,69,2,999,2,failure,-2.9,92.20100000000001,-31.4,0.821,5076.2,no
26,self-employed,single,university.degree,no,yes,no,cellular,aug,mon,102,2,999,1,failure,-2.9,92.20100000000001,-31.4,0.821,5076.2,no
40,technician,married,high.school,no,no,no,cellular,aug,mon,115,3,999,0,nonexistent,-2.9,92.20100000000001,-31.4,0.821,5076.2,no
73,retired,married,university.degree,no,no,no,telephone,aug,mon,245,4,999,0,nonexistent,-2.9,92.20100000000001,-31.4,0.821,5076.2,no
36,admin.,married,high.school,no,no,no,cellular,aug,mon,54,5,999,0,nonexistent,-2.9,92.20100000000001,-31.4,0.821,5076.2,no
73,retired,married,basic.4y,no,unknown,unknown,cellular,aug,mon,160,3,999,1,failure,-2.9,92.20100000000001,-31.4,0.821,5076.2,yes
38,technician,married,professional.course,no,unknown,unknown,telephone,aug,mon,473,2,9,1,success,-2.9,92.20100000000001,-31.4,0.821,5076.2,yes
36,technician,single,professional.course,no,yes,no,cellular,aug,mon,62,1,999,1,failure,-2.9,92.20100000000001,-31.4,0.821,5076.2,no
73,retired,divorced,high.school,no,yes,no,cellular,aug,mon,114,1,999,0,nonexistent,-2.9,92.20100000000001,-31.4,0.821,5076.2,no
30,student,married,university.degree,no,yes,no,cellular,aug,mon,186,3,3,1,success,-2.9,92.20100000000001,-31.4,0.821,5076.2,yes
53,admin.,married,university.degree,no,yes,no,cellular,aug,mon,81,1,999,2,failure,-2.9,92.20100000000001,-31.4,0.821,5076.2,no
53,admin.,married,university.degree,no,yes,no,cellular,aug,mon,267,1,999,1,failure,-2.9,92.20100000000001,-31.4,0.821,5076.2,yes
38,admin.,married,high.school,no,yes,no,cellular,aug,mon,106,1,999,1,failure,-2.9,92.20100000000001,-31.4,0.821,5076.2,no
38,admin.,married,high.school,no,yes,no,cellular,aug,mon,470,1,6,2,failure,-2.9,92.20100000000001,-31.4,0.821,5076.2,yes
33,self-employed,married,university.degree,no,yes,no,cellular,aug,mon,98,3,999,0,nonexistent,-2.9,92.20100000000001,-31.4,0.821,5076.2,no
59,self-employed,married,university.degree,no,yes,no,telephone,aug,mon,139,1,999,0,nonexistent,-2.9,92.20100000000001,-31.4,0.821,5076.2,no
63,retired,married,university.degree,no,yes,no,cellular,aug,mon,79,1,6,2,failure,-2.9,92.20100000000001,-31.4,0.821,5076.2,no
34,admin.,married,university.degree,no,yes,no,cellular,aug,mon,89,1,999,0,nonexistent,-2.9,92.20100000000001,-31.4,0.821,5076.2,no
31,management,married,university.degree,no,yes,no,cellular,aug,mon,197,2,999,0,nonexistent,-2.9,92.20100000000001,-31.4,0.821,5076.2,no
53,admin.,married,university.degree,unknown,yes,no,cellular,sep,tue,81,5,999,0,nonexistent,-3.4,92.37899999999999,-29.8,0.8190000000000001,5017.5,no
32,admin.,single,university.degree,no,yes,yes,cellular,sep,tue,69,2,999,0,nonexistent,-3.4,92.37899999999999,-29.8,0.8190000000000001,5017.5,no
52,admin.,married,unknown,no,no,no,telephone,sep,tue,97,5,999,0,nonexistent,-3.4,92.37899999999999,-29.8,0.8190000000000001,5017.5,no
39,entrepreneur,married,basic.6y,no,yes,no,cellular,sep,tue,265,2,16,1,success,-3.4,92.37899999999999,-29.8,0.8190000000000001,5017.5,yes
32,admin.,single,university.degree,no,yes,no,cellular,sep,tue,157,2,999,0,nonexistent,-3.4,92.37899999999999,-29.8,0.8190000000000001,5017.5,no
36,admin.,married,university.degree,no,yes,yes,cellular,sep,tue,28,2,999,0,nonexistent,-3.4,92.37899999999999,-29.8,0.8190000000000001,5017.5,no
35,entrepreneur,married,high.school,no,no,no,cellular,sep,tue,91,2,999,0,nonexistent,-3.4,92.37899999999999,-29.8,0.8190000000000001,5017.5,no
48,technician,married,basic.9y,no,no,no,cellular,sep,tue,99,3,999,1,failure,-3.4,92.37899999999999,-29.8,0.8190000000000001,5017.5,no
27,management,single,university.degree,no,yes,no,cellular,sep,tue,137,2,4,2,success,-3.4,92.37899999999999,-29.8,0.8190000000000001,5017.5,no
38,admin.,single,university.degree,no,yes,no,telephone,sep,tue,490,1,999,0,nonexistent,-3.4,92.37899999999999,-29.8,0.8190000000000001,5017.5,no
28,management,single,university.degree,no,yes,no,cellular,sep,tue,368,1,999,0,nonexistent,-3.4,92.37899999999999,-29.8,0.8190000000000001,5017.5,no
51,blue-collar,married,professional.course,no,yes,no,cellular,sep,tue,86,1,999,0,nonexistent,-3.4,92.37899999999999,-29.8,0.8190000000000001,5017.5,no
52,technician,married,professional.course,no,yes,yes,cellular,sep,tue,77,1,999,0,nonexistent,-3.4,92.37899999999999,-29.8,0.8190000000000001,5017.5,no
33,admin.,married,high.school,no,yes,no,cellular,sep,tue,212,1,999,0,nonexistent,-3.4,92.37899999999999,-29.8,0.8190000000000001,5017.5,yes
54,admin.,married,unknown,no,yes,no,cellular,sep,tue,82,1,999,0,nonexistent,-3.4,92.37899999999999,-29.8,0.8190000000000001,5017.5,yes
39,entrepreneur,married,basic.6y,no,yes,no,cellular,sep,tue,531,2,999,0,nonexistent,-3.4,92.37899999999999,-29.8,0.8190000000000001,5017.5,yes
39,entrepreneur,married,basic.6y,no,no,no,cellular,sep,tue,106,4,16,2,failure,-3.4,92.37899999999999,-29.8,0.8190000000000001,5017.5,no
45,admin.,married,university.degree,no,unknown,unknown,cellular,sep,tue,55,6,999,1,failure,-3.4,92.37899999999999,-29.8,0.8190000000000001,5017.5,no
19,student,single,basic.9y,no,yes,no,cellular,sep,wed,207,2,999,1,failure,-3.4,92.37899999999999,-29.8,0.813,5017.5,no
37,admin.,married,university.degree,no,yes,no,cellular,sep,wed,140,2,999,0,nonexistent,-3.4,92.37899999999999,-29.8,0.813,5017.5,yes
34,technician,married,professional.course,no,yes,no,cellular,sep,wed,233,2,999,0,nonexistent,-3.4,92.37899999999999,-29.8,0.813,5017.5,yes
40,unemployed,married,university.degree,no,yes,yes,cellular,sep,wed,172,4,999,0,nonexistent,-3.4,92.37899999999999,-29.8,0.813,5017.5,no
18,student,single,unknown,no,no,no,cellular,sep,thu,385,1,3,1,success,-3.4,92.37899999999999,-29.8,0.809,5017.5,yes
18,student,single,unknown,no,yes,no,cellular,sep,thu,114,1,999,0,nonexistent,-3.4,92.37899999999999,-29.8,0.809,5017.5,no
25,admin.,single,university.degree,no,yes,no,cellular,sep,thu,420,1,1,1,success,-3.4,92.37899999999999,-29.8,0.809,5017.5,no
26,admin.,single,university.degree,no,yes,no,telephone,sep,thu,471,1,7,1,success,-3.4,92.37899999999999,-29.8,0.809,5017.5,yes
72,retired,married,unknown,no,no,no,cellular,sep,thu,60,1,999,0,nonexistent,-3.4,92.37899999999999,-29.8,0.809,5017.5,no
60,management,married,university.degree,no,yes,yes,telephone,sep,thu,225,1,999,0,nonexistent,-3.4,92.37899999999999,-29.8,0.809,5017.5,no
32,admin.,married,university.degree,no,no,no,cellular,sep,thu,444,1,999,1,failure,-3.4,92.37899999999999,-29.8,0.809,5017.5,yes
46,technician,married,professional.course,no,yes,yes,cellular,sep,thu,144,2,999,1,failure,-3.4,92.37899999999999,-29.8,0.809,5017.5,no
60,retired,married,professional.course,no,yes,no,cellular,sep,thu,365,1,3,1,success,-3.4,92.37899999999999,-29.8,0.809,5017.5,yes
44,admin.,married,university.degree,no,yes,no,cellular,sep,thu,259,1,14,1,success,-3.4,92.37899999999999,-29.8,0.809,5017.5,no
63,unknown,married,unknown,no,yes,no,cellular,sep,thu,268,1,999,1,failure,-3.4,92.37899999999999,-29.8,0.809,5017.5,no
40,unknown,single,unknown,no,no,no,cellular,sep,thu,224,1,999,1,failure,-3.4,92.37899999999999,-29.8,0.809,5017.5,yes
43,technician,married,high.school,no,yes,no,cellular,sep,thu,531,1,999,0,nonexistent,-3.4,92.37899999999999,-29.8,0.809,5017.5,no
43,technician,married,high.school,no,yes,yes,cellular,sep,thu,167,1,3,2,success,-3.4,92.37899999999999,-29.8,0.809,5017.5,no
26,student,single,unknown,no,no,no,cellular,sep,thu,81,1,999,1,failure,-3.4,92.37899999999999,-29.8,0.809,5017.5,no
26,student,single,unknown,no,yes,yes,cellular,sep,thu,733,1,3,1,success,-3.4,92.37899999999999,-29.8,0.809,5017.5,yes
71,retired,married,basic.4y,no,yes,no,telephone,sep,thu,2055,1,999,0,nonexistent,-3.4,92.37899999999999,-29.8,0.809,5017.5,no
35,services,divorced,high.school,no,yes,no,cellular,sep,fri,56,2,999,0,nonexistent,-3.4,92.37899999999999,-29.8,0.8029999999999999,5017.5,no
61,retired,married,basic.9y,no,yes,yes,cellular,sep,fri,104,2,999,0,nonexistent,-3.4,92.37899999999999,-29.8,0.8029999999999999,5017.5,no
38,technician,married,professional.course,no,yes,no,cellular,sep,fri,166,1,999,0,nonexistent,-3.4,92.37899999999999,-29.8,0.8029999999999999,5017.5,no
51,technician,married,professional.course,no,no,yes,cellular,sep,fri,520,1,999,0,nonexistent,-3.4,92.37899999999999,-29.8,0.8029999999999999,5017.5,yes
53,technician,married,professional.course,no,yes,yes,cellular,sep,fri,730,1,999,1,failure,-3.4,92.37899999999999,-29.8,0.8029999999999999,5017.5,yes
26,management,single,university.degree,no,no,no,cellular,sep,fri,351,2,999,0,nonexistent,-3.4,92.37899999999999,-29.8,0.8029999999999999,5017.5,no
41,management,married,basic.6y,no,no,no,cellular,sep,fri,181,1,999,0,nonexistent,-3.4,92.37899999999999,-29.8,0.8029999999999999,5017.5,no
53,technician,married,professional.course,no,yes,no,telephone,sep,fri,384,1,999,0,nonexistent,-3.4,92.37899999999999,-29.8,0.8029999999999999,5017.5,no
83,retired,married,unknown,no,yes,no,cellular,sep,fri,369,1,999,0,nonexistent,-3.4,92.37899999999999,-29.8,0.8029999999999999,5017.5,no
45,admin.,single,high.school,no,no,no,cellular,sep,fri,204,1,999,0,nonexistent,-3.4,92.37899999999999,-29.8,0.8029999999999999,5017.5,no
40,admin.,divorced,high.school,no,yes,no,telephone,sep,fri,101,1,999,0,nonexistent,-3.4,92.37899999999999,-29.8,0.8029999999999999,5017.5,no
32,admin.,married,university.degree,no,yes,no,cellular,sep,fri,205,2,999,0,nonexistent,-3.4,92.37899999999999,-29.8,0.8029999999999999,5017.5,no
50,admin.,married,high.school,no,yes,yes,cellular,sep,fri,128,1,999,0,nonexistent,-3.4,92.37899999999999,-29.8,0.8029999999999999,5017.5,no
39,blue-collar,married,basic.9y,no,yes,no,cellular,sep,fri,293,1,3,1,success,-3.4,92.37899999999999,-29.8,0.8029999999999999,5017.5,yes
72,retired,married,basic.4y,no,no,no,cellular,sep,fri,230,1,3,2,success,-3.4,92.37899999999999,-29.8,0.8029999999999999,5017.5,yes
18,student,single,unknown,no,yes,no,cellular,sep,fri,563,1,999,0,nonexistent,-3.4,92.37899999999999,-29.8,0.8029999999999999,5017.5,yes
31,admin.,single,university.degree,no,no,no,cellular,sep,fri,123,3,999,0,nonexistent,-3.4,92.37899999999999,-29.8,0.8029999999999999,5017.5,no
28,student,single,high.school,no,no,no,cellular,sep,fri,555,2,999,0,nonexistent,-3.4,92.37899999999999,-29.8,0.8029999999999999,5017.5,yes
71,retired,married,professional.course,no,no,no,cellular,sep,fri,313,1,999,0,nonexistent,-3.4,92.37899999999999,-29.8,0.8029999999999999,5017.5,no
63,management,married,unknown,no,yes,no,cellular,sep,fri,156,2,999,2,failure,-3.4,92.37899999999999,-29.8,0.8029999999999999,5017.5,no
50,admin.,married,high.school,no,yes,no,cellular,sep,fri,434,2,999,0,nonexistent,-3.4,92.37899999999999,-29.8,0.8029999999999999,5017.5,yes
39,technician,married,basic.9y,no,no,no,cellular,sep,fri,171,2,999,1,failure,-3.4,92.37899999999999,-29.8,0.8029999999999999,5017.5,no
55,admin.,single,university.degree,no,yes,no,cellular,sep,fri,93,2,999,0,nonexistent,-3.4,92.37899999999999,-29.8,0.8029999999999999,5017.5,no
31,admin.,single,university.degree,no,yes,no,cellular,sep,fri,112,7,999,0,nonexistent,-3.4,92.37899999999999,-29.8,0.8029999999999999,5017.5,no
54,admin.,married,university.degree,no,no,yes,cellular,sep,fri,172,1,999,0,nonexistent,-3.4,92.37899999999999,-29.8,0.8029999999999999,5017.5,no
28,admin.,married,university.degree,no,yes,yes,cellular,sep,mon,589,3,999,1,failure,-3.4,92.37899999999999,-29.8,0.797,5017.5,no
45,housemaid,single,basic.4y,no,no,no,telephone,sep,mon,569,4,999,0,nonexistent,-3.4,92.37899999999999,-29.8,0.797,5017.5,yes
59,admin.,married,unknown,no,yes,yes,cellular,sep,mon,281,3,3,1,success,-3.4,92.37899999999999,-29.8,0.797,5017.5,yes
61,retired,married,university.degree,no,no,no,cellular,sep,mon,350,1,3,2,success,-3.4,92.37899999999999,-29.8,0.797,5017.5,yes
41,admin.,married,university.degree,no,yes,no,cellular,sep,mon,182,1,999,0,nonexistent,-3.4,92.37899999999999,-29.8,0.797,5017.5,no
30,management,married,university.degree,no,yes,no,telephone,sep,mon,221,1,999,1,failure,-3.4,92.37899999999999,-29.8,0.797,5017.5,no
48,technician,married,professional.course,no,yes,no,cellular,sep,mon,669,1,999,0,nonexistent,-3.4,92.37899999999999,-29.8,0.797,5017.5,no
41,admin.,married,university.degree,no,no,no,cellular,sep,mon,133,3,999,0,nonexistent,-3.4,92.37899999999999,-29.8,0.797,5017.5,no
54,technician,married,professional.course,no,no,no,cellular,sep,mon,99,1,999,0,nonexistent,-3.4,92.37899999999999,-29.8,0.797,5017.5,no
54,technician,married,professional.course,no,yes,no,telephone,sep,mon,289,1,999,0,nonexistent,-3.4,92.37899999999999,-29.8,0.797,5017.5,no
25,blue-collar,single,basic.9y,no,no,no,cellular,sep,mon,92,1,999,2,failure,-3.4,92.37899999999999,-29.8,0.797,5017.5,no
28,technician,married,high.school,no,yes,no,cellular,sep,mon,89,1,4,1,success,-3.4,92.37899999999999,-29.8,0.797,5017.5,no
41,admin.,married,university.degree,no,yes,no,cellular,sep,mon,97,1,999,0,nonexistent,-3.4,92.37899999999999,-29.8,0.797,5017.5,no
52,technician,married,professional.course,no,yes,yes,cellular,sep,mon,211,1,999,1,failure,-3.4,92.37899999999999,-29.8,0.797,5017.5,yes
45,admin.,married,university.degree,no,no,no,cellular,sep,mon,394,1,999,0,nonexistent,-3.4,92.37899999999999,-29.8,0.797,5017.5,no
45,admin.,married,university.degree,no,no,no,cellular,sep,mon,587,1,999,0,nonexistent,-3.4,92.37899999999999,-29.8,0.797,5017.5,yes
61,retired,married,university.degree,no,no,no,telephone,sep,mon,147,1,999,0,nonexistent,-3.4,92.37899999999999,-29.8,0.797,5017.5,no
25,self-employed,single,university.degree,no,yes,no,cellular,sep,mon,510,1,999,0,nonexistent,-3.4,92.37899999999999,-29.8,0.797,5017.5,no
45,admin.,married,university.degree,no,no,no,cellular,sep,mon,351,1,3,2,success,-3.4,92.37899999999999,-29.8,0.797,5017.5,yes
28,services,single,university.degree,no,yes,no,cellular,sep,mon,274,1,999,0,nonexistent,-3.4,92.37899999999999,-29.8,0.797,5017.5,no
41,admin.,married,university.degree,no,no,no,cellular,sep,mon,800,2,999,1,failure,-3.4,92.37899999999999,-29.8,0.797,5017.5,yes
39,admin.,married,university.degree,no,no,no,cellular,sep,mon,57,2,999,0,nonexistent,-3.4,92.37899999999999,-29.8,0.797,5017.5,no
30,admin.,single,university.degree,no,no,no,cellular,sep,mon,199,6,999,0,nonexistent,-3.4,92.37899999999999,-29.8,0.797,5017.5,yes
68,retired,married,basic.4y,no,no,no,telephone,sep,tue,201,1,999,1,failure,-3.4,92.37899999999999,-29.8,0.7879999999999999,5017.5,no
30,self-employed,single,university.degree,no,yes,no,cellular,sep,tue,145,1,999,0,nonexistent,-3.4,92.37899999999999,-29.8,0.7879999999999999,5017.5,yes
43,technician,married,professional.course,no,no,no,cellular,sep,tue,293,1,999,0,nonexistent,-3.4,92.37899999999999,-29.8,0.7879999999999999,5017.5,yes
66,management,divorced,university.degree,no,no,no,cellular,sep,tue,679,1,1,1,success,-3.4,92.37899999999999,-29.8,0.7879999999999999,5017.5,yes
39,self-employed,divorced,high.school,no,no,no,cellular,sep,tue,261,1,3,1,success,-3.4,92.37899999999999,-29.8,0.7879999999999999,5017.5,yes
30,self-employed,single,university.degree,no,no,no,cellular,sep,tue,169,1,999,0,nonexistent,-3.4,92.37899999999999,-29.8,0.7879999999999999,5017.5,yes
29,self-employed,single,university.degree,no,yes,no,cellular,sep,tue,445,2,999,0,nonexistent,-3.4,92.37899999999999,-29.8,0.7879999999999999,5017.5,yes
63,retired,married,unknown,no,yes,yes,cellular,sep,tue,167,1,999,1,failure,-3.4,92.37899999999999,-29.8,0.7879999999999999,5017.5,no
43,technician,married,high.school,no,yes,no,cellular,sep,tue,260,1,3,1,success,-3.4,92.37899999999999,-29.8,0.7879999999999999,5017.5,yes
75,retired,married,unknown,no,no,no,cellular,sep,tue,191,1,999,1,failure,-3.4,92.37899999999999,-29.8,0.7879999999999999,5017.5,yes
24,student,single,basic.9y,no,unknown,unknown,cellular,sep,tue,137,1,999,0,nonexistent,-3.4,92.37899999999999,-29.8,0.7879999999999999,5017.5,yes
71,retired,married,basic.4y,no,no,no,cellular,sep,tue,76,1,999,0,nonexistent,-3.4,92.37899999999999,-29.8,0.7879999999999999,5017.5,no
30,self-employed,single,university.degree,no,yes,no,cellular,sep,tue,191,1,999,0,nonexistent,-3.4,92.37899999999999,-29.8,0.7879999999999999,5017.5,no
35,services,married,high.school,no,no,no,cellular,sep,tue,421,2,3,1,success,-3.4,92.37899999999999,-29.8,0.7879999999999999,5017.5,no
34,technician,married,professional.course,no,yes,yes,telephone,sep,tue,376,2,999,0,nonexistent,-3.4,92.37899999999999,-29.8,0.7879999999999999,5017.5,yes
53,technician,married,unknown,no,no,no,cellular,sep,wed,121,2,999,0,nonexistent,-3.4,92.37899999999999,-29.8,0.7809999999999999,5017.5,no
69,retired,married,basic.9y,no,yes,no,cellular,sep,wed,71,1,5,1,success,-3.4,92.37899999999999,-29.8,0.7809999999999999,5017.5,no
58,retired,married,basic.4y,no,no,no,telephone,sep,wed,180,1,999,0,nonexistent,-3.4,92.37899999999999,-29.8,0.7809999999999999,5017.5,no
36,services,married,high.school,no,yes,yes,cellular,sep,wed,569,3,999,0,nonexistent,-3.4,92.37899999999999,-29.8,0.7809999999999999,5017.5,yes
78,unknown,married,unknown,no,yes,no,cellular,sep,wed,95,1,999,0,nonexistent,-3.4,92.37899999999999,-29.8,0.7809999999999999,5017.5,no
78,unknown,married,unknown,no,yes,no,cellular,sep,wed,234,1,999,1,failure,-3.4,92.37899999999999,-29.8,0.7809999999999999,5017.5,yes
46,admin.,married,high.school,no,yes,no,cellular,sep,wed,408,1,999,0,nonexistent,-3.4,92.37899999999999,-29.8,0.7809999999999999,5017.5,yes
91,retired,married,university.degree,no,yes,yes,cellular,sep,wed,837,1,999,2,failure,-3.4,92.37899999999999,-29.8,0.7809999999999999,5017.5,no
27,admin.,single,university.degree,no,yes,yes,cellular,sep,wed,345,1,999,0,nonexistent,-3.4,92.37899999999999,-29.8,0.7809999999999999,5017.5,yes
32,self-employed,single,university.degree,no,yes,no,cellular,sep,wed,372,1,999,0,nonexistent,-3.4,92.37899999999999,-29.8,0.7809999999999999,5017.5,no
58,housemaid,divorced,basic.4y,no,yes,yes,cellular,sep,wed,511,1,999,0,nonexistent,-3.4,92.37899999999999,-29.8,0.7809999999999999,5017.5,no
32,student,married,high.school,no,no,no,telephone,sep,wed,277,5,999,0,nonexistent,-3.4,92.37899999999999,-29.8,0.7809999999999999,5017.5,no
42,management,married,basic.6y,no,yes,no,cellular,sep,thu,84,3,999,0,nonexistent,-3.4,92.37899999999999,-29.8,0.778,5017.5,yes
25,admin.,single,high.school,no,no,no,cellular,sep,thu,185,1,3,1,success,-3.4,92.37899999999999,-29.8,0.778,5017.5,yes
59,management,married,unknown,no,yes,no,cellular,sep,thu,107,1,999,0,nonexistent,-3.4,92.37899999999999,-29.8,0.778,5017.5,no
42,management,married,basic.6y,no,yes,no,telephone,sep,thu,230,3,999,0,nonexistent,-3.4,92.37899999999999,-29.8,0.778,5017.5,yes
31,technician,married,professional.course,no,yes,no,cellular,sep,fri,90,4,999,0,nonexistent,-3.4,92.37899999999999,-29.8,0.773,5017.5,no
69,retired,married,high.school,no,no,no,cellular,sep,fri,346,3,999,0,nonexistent,-3.4,92.37899999999999,-29.8,0.773,5017.5,yes
57,management,married,basic.4y,no,yes,no,cellular,sep,fri,122,2,999,1,failure,-3.4,92.37899999999999,-29.8,0.773,5017.5,no
73,retired,married,basic.4y,no,yes,no,cellular,sep,fri,96,2,999,0,nonexistent,-3.4,92.37899999999999,-29.8,0.773,5017.5,no
34,admin.,single,university.degree,no,no,no,cellular,sep,fri,260,3,3,2,success,-3.4,92.37899999999999,-29.8,0.773,5017.5,yes
49,admin.,divorced,university.degree,no,yes,no,cellular,sep,fri,283,3,3,1,success,-3.4,92.37899999999999,-29.8,0.773,5017.5,yes
53,housemaid,married,basic.4y,no,yes,no,cellular,sep,fri,129,2,999,0,nonexistent,-3.4,92.37899999999999,-29.8,0.773,5017.5,no
36,admin.,single,university.degree,no,yes,no,cellular,sep,fri,339,1,999,1,failure,-3.4,92.37899999999999,-29.8,0.773,5017.5,no
43,admin.,single,high.school,no,yes,no,cellular,sep,fri,212,1,999,0,nonexistent,-3.4,92.37899999999999,-29.8,0.773,5017.5,yes
76,retired,married,university.degree,no,yes,no,cellular,sep,fri,336,1,999,1,failure,-3.4,92.37899999999999,-29.8,0.773,5017.5,no
28,admin.,single,university.degree,no,yes,no,cellular,sep,fri,91,1,1,3,success,-3.4,92.37899999999999,-29.8,0.773,5017.5,yes
73,retired,married,basic.4y,no,yes,no,cellular,sep,fri,158,2,999,0,nonexistent,-3.4,92.37899999999999,-29.8,0.773,5017.5,no
40,unemployed,married,professional.course,no,no,yes,telephone,sep,fri,91,1,999,0,nonexistent,-3.4,92.37899999999999,-29.8,0.773,5017.5,yes
38,admin.,single,high.school,no,yes,no,cellular,sep,fri,113,1,999,1,failure,-3.4,92.37899999999999,-29.8,0.773,5017.5,no
31,admin.,single,high.school,no,yes,no,cellular,sep,fri,210,1,999,0,nonexistent,-3.4,92.37899999999999,-29.8,0.773,5017.5,yes
71,retired,married,unknown,no,yes,no,cellular,sep,fri,658,4,999,0,nonexistent,-3.4,92.37899999999999,-29.8,0.773,5017.5,yes
34,admin.,married,university.degree,no,no,no,telephone,sep,fri,290,2,999,0,nonexistent,-3.4,92.37899999999999,-29.8,0.773,5017.5,yes
40,unemployed,married,professional.course,no,yes,no,cellular,sep,fri,155,3,999,0,nonexistent,-3.4,92.37899999999999,-29.8,0.773,5017.5,no
47,management,married,university.degree,no,yes,no,cellular,sep,mon,323,1,3,2,success,-3.4,92.37899999999999,-29.8,0.7709999999999999,5017.5,yes
83,retired,married,unknown,no,yes,no,cellular,sep,mon,75,2,999,0,nonexistent,-3.4,92.37899999999999,-29.8,0.7709999999999999,5017.5,no
39,admin.,married,high.school,no,no,no,cellular,sep,mon,85,2,999,0,nonexistent,-3.4,92.37899999999999,-29.8,0.7709999999999999,5017.5,no
41,technician,married,professional.course,no,yes,no,cellular,sep,mon,394,2,999,0,nonexistent,-3.4,92.37899999999999,-29.8,0.7709999999999999,5017.5,no
62,entrepreneur,married,university.degree,no,no,no,cellular,sep,tue,170,1,999,1,failure,-3.4,92.37899999999999,-29.8,0.77,5017.5,yes
70,retired,married,basic.4y,no,no,no,cellular,sep,tue,150,1,3,2,success,-3.4,92.37899999999999,-29.8,0.77,5017.5,yes
59,retired,married,basic.4y,no,yes,no,cellular,sep,tue,458,1,999,0,nonexistent,-3.4,92.37899999999999,-29.8,0.77,5017.5,yes
70,admin.,married,basic.4y,no,no,no,cellular,sep,tue,1962,1,999,2,failure,-3.4,92.37899999999999,-29.8,0.77,5017.5,yes
29,admin.,single,high.school,no,yes,no,cellular,sep,tue,107,2,3,1,success,-3.4,92.37899999999999,-29.8,0.77,5017.5,yes
27,admin.,married,university.degree,no,yes,no,cellular,sep,tue,173,2,6,2,failure,-3.4,92.37899999999999,-29.8,0.77,5017.5,yes
24,technician,married,university.degree,no,yes,yes,cellular,sep,tue,89,2,3,1,success,-3.4,92.37899999999999,-29.8,0.77,5017.5,yes
21,student,single,basic.9y,no,unknown,unknown,cellular,sep,tue,875,1,999,0,nonexistent,-3.4,92.37899999999999,-29.8,0.77,5017.5,yes
51,services,married,high.school,no,yes,no,cellular,sep,tue,208,1,3,1,success,-3.4,92.37899999999999,-29.8,0.77,5017.5,no
27,admin.,single,university.degree,no,yes,no,cellular,sep,tue,126,2,999,0,nonexistent,-3.4,92.37899999999999,-29.8,0.77,5017.5,yes
70,admin.,married,basic.4y,no,yes,yes,cellular,sep,tue,91,1,3,1,success,-3.4,92.37899999999999,-29.8,0.77,5017.5,yes
24,admin.,single,university.degree,no,no,no,cellular,sep,tue,106,1,3,1,success,-3.4,92.37899999999999,-29.8,0.77,5017.5,yes
53,technician,married,professional.course,no,no,no,cellular,sep,tue,103,1,999,1,failure,-3.4,92.37899999999999,-29.8,0.77,5017.5,no
53,technician,married,professional.course,no,no,no,cellular,sep,tue,925,1,3,1,success,-3.4,92.37899999999999,-29.8,0.77,5017.5,yes
69,unknown,married,university.degree,no,yes,yes,cellular,sep,tue,109,2,3,1,success,-3.4,92.37899999999999,-29.8,0.77,5017.5,no
47,admin.,divorced,high.school,no,yes,no,cellular,sep,tue,188,1,3,1,success,-3.4,92.37899999999999,-29.8,0.77,5017.5,no
38,admin.,single,university.degree,unknown,yes,no,cellular,sep,wed,153,1,3,1,success,-3.4,92.37899999999999,-29.8,0.768,5017.5,yes
31,self-employed,married,university.degree,no,no,no,cellular,sep,wed,106,1,999,0,nonexistent,-3.4,92.37899999999999,-29.8,0.768,5017.5,no
49,unemployed,married,high.school,no,yes,no,cellular,sep,wed,177,1,999,0,nonexistent,-3.4,92.37899999999999,-29.8,0.768,5017.5,no
32,technician,married,university.degree,no,no,no,telephone,sep,wed,994,3,999,0,nonexistent,-3.4,92.37899999999999,-29.8,0.768,5017.5,no
49,unemployed,married,high.school,no,no,no,cellular,sep,wed,292,1,999,0,nonexistent,-3.4,92.37899999999999,-29.8,0.768,5017.5,yes
51,unemployed,married,high.school,no,yes,no,cellular,sep,wed,657,2,999,0,nonexistent,-3.4,92.37899999999999,-29.8,0.768,5017.5,no
32,technician,married,university.degree,no,no,no,cellular,sep,wed,246,3,999,0,nonexistent,-3.4,92.37899999999999,-29.8,0.768,5017.5,no
50,blue-collar,married,basic.6y,no,yes,no,cellular,sep,wed,92,3,999,1,failure,-3.4,92.37899999999999,-29.8,0.768,5017.5,no
63,retired,married,professional.course,no,no,no,telephone,sep,wed,134,3,999,1,failure,-3.4,92.37899999999999,-29.8,0.768,5017.5,no
36,admin.,married,high.school,no,yes,no,cellular,sep,thu,192,1,999,0,nonexistent,-3.4,92.37899999999999,-29.8,0.7659999999999999,5017.5,no
36,admin.,married,high.school,no,no,no,cellular,sep,thu,543,1,999,0,nonexistent,-3.4,92.37899999999999,-29.8,0.7659999999999999,5017.5,yes
46,self-employed,divorced,high.school,no,no,no,cellular,sep,fri,267,2,999,1,failure,-3.4,92.37899999999999,-29.8,0.762,5017.5,yes
52,admin.,married,university.degree,no,no,no,cellular,sep,fri,1104,2,999,0,nonexistent,-3.4,92.37899999999999,-29.8,0.762,5017.5,yes
56,unemployed,married,professional.course,no,no,no,cellular,sep,fri,1551,1,999,2,failure,-3.4,92.37899999999999,-29.8,0.762,5017.5,no
37,technician,married,university.degree,no,yes,no,telephone,sep,tue,773,1,3,2,success,-3.4,92.37899999999999,-29.8,0.755,5017.5,yes
39,services,married,high.school,no,no,no,cellular,sep,tue,65,1,999,0,nonexistent,-3.4,92.37899999999999,-29.8,0.755,5017.5,yes
60,self-employed,divorced,university.degree,no,no,no,cellular,sep,tue,83,1,3,1,success,-3.4,92.37899999999999,-29.8,0.755,5017.5,yes
47,admin.,divorced,high.school,no,yes,no,cellular,sep,tue,159,1,999,1,failure,-3.4,92.37899999999999,-29.8,0.755,5017.5,no
44,technician,married,professional.course,no,yes,no,cellular,sep,tue,173,1,4,1,success,-3.4,92.37899999999999,-29.8,0.755,5017.5,yes
22,services,single,professional.course,no,yes,yes,cellular,sep,tue,239,1,3,2,success,-3.4,92.37899999999999,-29.8,0.755,5017.5,yes
22,services,single,professional.course,no,yes,yes,cellular,sep,tue,369,1,999,0,nonexistent,-3.4,92.37899999999999,-29.8,0.755,5017.5,yes
50,technician,married,university.degree,no,yes,yes,cellular,sep,wed,1353,2,999,0,nonexistent,-3.4,92.37899999999999,-29.8,0.7490000000000001,5017.5,no
63,housemaid,married,basic.4y,no,yes,no,cellular,sep,wed,299,1,3,1,success,-3.4,92.37899999999999,-29.8,0.7490000000000001,5017.5,yes
35,technician,married,university.degree,no,yes,yes,cellular,sep,thu,62,3,999,0,nonexistent,-3.4,92.37899999999999,-29.8,0.743,5017.5,no
60,retired,divorced,professional.course,no,yes,no,cellular,sep,thu,63,1,999,2,failure,-3.4,92.37899999999999,-29.8,0.743,5017.5,no
60,retired,divorced,professional.course,no,yes,yes,cellular,sep,thu,794,1,999,0,nonexistent,-3.4,92.37899999999999,-29.8,0.743,5017.5,no
33,technician,single,basic.9y,no,no,no,cellular,sep,fri,105,2,999,0,nonexistent,-3.4,92.37899999999999,-29.8,0.741,5017.5,no
54,blue-collar,married,basic.4y,no,no,no,cellular,sep,fri,49,2,999,1,failure,-3.4,92.37899999999999,-29.8,0.741,5017.5,no
61,management,married,university.degree,no,yes,no,cellular,sep,fri,491,1,999,0,nonexistent,-3.4,92.37899999999999,-29.8,0.741,5017.5,no
70,retired,married,high.school,no,yes,no,cellular,sep,fri,144,1,999,0,nonexistent,-3.4,92.37899999999999,-29.8,0.741,5017.5,no
70,retired,divorced,university.degree,no,yes,no,cellular,sep,fri,692,1,999,0,nonexistent,-3.4,92.37899999999999,-29.8,0.741,5017.5,yes
68,retired,single,university.degree,no,yes,no,cellular,sep,fri,81,1,3,1,success,-3.4,92.37899999999999,-29.8,0.741,5017.5,no
70,retired,divorced,university.degree,no,no,no,cellular,sep,fri,399,2,999,0,nonexistent,-3.4,92.37899999999999,-29.8,0.741,5017.5,no
68,retired,single,university.degree,no,yes,no,cellular,sep,fri,139,1,999,0,nonexistent,-3.4,92.37899999999999,-29.8,0.741,5017.5,no
33,technician,single,basic.9y,no,yes,no,cellular,sep,fri,114,1,999,0,nonexistent,-3.4,92.37899999999999,-29.8,0.741,5017.5,no
45,admin.,married,university.degree,no,yes,no,cellular,sep,fri,64,1,999,2,failure,-3.4,92.37899999999999,-29.8,0.741,5017.5,no
53,blue-collar,married,basic.4y,no,yes,no,cellular,sep,fri,85,1,999,0,nonexistent,-3.4,92.37899999999999,-29.8,0.741,5017.5,no
81,retired,married,basic.4y,no,yes,no,cellular,sep,fri,210,1,999,0,nonexistent,-3.4,92.37899999999999,-29.8,0.741,5017.5,yes
68,retired,single,university.degree,no,no,no,cellular,sep,mon,500,2,999,1,failure,-3.4,92.37899999999999,-29.8,0.7390000000000001,5017.5,no
30,admin.,married,university.degree,no,no,no,cellular,sep,mon,294,2,6,1,success,-3.4,92.37899999999999,-29.8,0.7390000000000001,5017.5,yes
68,retired,single,university.degree,no,yes,no,telephone,sep,mon,80,3,999,0,nonexistent,-3.4,92.37899999999999,-29.8,0.7390000000000001,5017.5,no
43,services,married,basic.6y,no,no,no,cellular,sep,tue,115,1,999,0,nonexistent,-3.4,92.37899999999999,-29.8,0.75,5017.5,no
43,services,married,basic.6y,no,no,no,cellular,sep,tue,159,1,999,1,failure,-3.4,92.37899999999999,-29.8,0.75,5017.5,yes
43,services,married,basic.6y,no,yes,no,cellular,sep,tue,79,1,999,0,nonexistent,-3.4,92.37899999999999,-29.8,0.75,5017.5,no
56,management,divorced,university.degree,no,no,no,cellular,sep,tue,277,1,999,1,failure,-3.4,92.37899999999999,-29.8,0.75,5017.5,yes
61,retired,married,high.school,no,yes,no,cellular,sep,wed,117,1,3,1,success,-3.4,92.37899999999999,-29.8,0.753,5017.5,yes
35,technician,married,professional.course,no,yes,no,cellular,sep,wed,195,1,999,0,nonexistent,-3.4,92.37899999999999,-29.8,0.753,5017.5,no
55,unemployed,married,university.degree,no,yes,yes,cellular,sep,wed,585,1,999,0,nonexistent,-3.4,92.37899999999999,-29.8,0.753,5017.5,no
35,admin.,married,university.degree,no,yes,no,telephone,sep,wed,234,1,999,0,nonexistent,-3.4,92.37899999999999,-29.8,0.753,5017.5,yes
37,unknown,single,university.degree,no,yes,yes,cellular,sep,wed,78,1,999,1,failure,-3.4,92.37899999999999,-29.8,0.753,5017.5,no
37,unknown,single,university.degree,no,no,no,cellular,sep,wed,314,1,1,1,success,-3.4,92.37899999999999,-29.8,0.753,5017.5,no
37,admin.,single,university.degree,no,yes,no,cellular,oct,thu,447,3,999,0,nonexistent,-3.4,92.431,-26.9,0.754,5017.5,yes
31,admin.,married,university.degree,no,yes,no,cellular,oct,thu,760,1,999,0,nonexistent,-3.4,92.431,-26.9,0.754,5017.5,no
35,admin.,married,high.school,no,yes,no,cellular,oct,thu,194,1,4,1,success,-3.4,92.431,-26.9,0.754,5017.5,yes
35,admin.,married,high.school,no,no,no,cellular,oct,thu,302,1,4,2,success,-3.4,92.431,-26.9,0.754,5017.5,no
36,admin.,married,university.degree,no,yes,no,cellular,oct,thu,66,1,999,0,nonexistent,-3.4,92.431,-26.9,0.754,5017.5,no
65,admin.,married,university.degree,no,yes,no,cellular,oct,thu,120,1,999,0,nonexistent,-3.4,92.431,-26.9,0.754,5017.5,no
49,technician,divorced,unknown,no,no,no,cellular,oct,thu,56,1,999,2,failure,-3.4,92.431,-26.9,0.754,5017.5,no
49,technician,divorced,unknown,no,no,no,cellular,oct,thu,237,1,999,2,failure,-3.4,92.431,-26.9,0.754,5017.5,no
78,retired,married,basic.9y,no,yes,no,telephone,oct,thu,321,1,999,0,nonexistent,-3.4,92.431,-26.9,0.754,5017.5,no
50,management,married,university.degree,no,yes,no,telephone,oct,thu,258,1,999,1,failure,-3.4,92.431,-26.9,0.754,5017.5,no
29,admin.,single,university.degree,no,yes,no,cellular,oct,thu,99,1,999,0,nonexistent,-3.4,92.431,-26.9,0.754,5017.5,no
51,technician,married,professional.course,no,yes,no,cellular,oct,thu,67,6,6,3,failure,-3.4,92.431,-26.9,0.754,5017.5,no
49,technician,divorced,unknown,no,yes,yes,cellular,oct,thu,81,1,999,0,nonexistent,-3.4,92.431,-26.9,0.754,5017.5,no
23,unemployed,single,basic.9y,no,yes,no,cellular,oct,thu,238,1,4,1,success,-3.4,92.431,-26.9,0.754,5017.5,yes
38,admin.,married,high.school,no,yes,no,cellular,oct,thu,82,1,999,1,failure,-3.4,92.431,-26.9,0.754,5017.5,no
71,retired,married,basic.4y,no,yes,no,cellular,oct,thu,137,1,999,1,failure,-3.4,92.431,-26.9,0.754,5017.5,yes
26,technician,single,university.degree,no,yes,no,cellular,oct,thu,152,1,999,0,nonexistent,-3.4,92.431,-26.9,0.754,5017.5,no
54,management,divorced,university.degree,unknown,yes,no,cellular,oct,thu,214,1,999,0,nonexistent,-3.4,92.431,-26.9,0.754,5017.5,no
75,retired,divorced,basic.4y,unknown,yes,no,cellular,oct,thu,502,1,999,0,nonexistent,-3.4,92.431,-26.9,0.754,5017.5,yes
83,retired,married,professional.course,no,yes,no,cellular,oct,fri,849,2,4,1,success,-3.4,92.431,-26.9,0.752,5017.5,yes
28,unemployed,single,basic.4y,no,yes,yes,cellular,oct,fri,462,1,999,0,nonexistent,-3.4,92.431,-26.9,0.752,5017.5,no
63,retired,married,basic.6y,no,yes,no,cellular,oct,fri,91,2,999,0,nonexistent,-3.4,92.431,-26.9,0.752,5017.5,no
28,unemployed,single,basic.4y,no,yes,no,cellular,oct,fri,160,2,4,1,success,-3.4,92.431,-26.9,0.752,5017.5,no
82,retired,married,university.degree,no,yes,no,cellular,oct,tue,215,1,999,0,nonexistent,-3.4,92.431,-26.9,0.7440000000000001,5017.5,yes
45,blue-collar,married,professional.course,no,no,no,cellular,oct,tue,117,1,999,0,nonexistent,-3.4,92.431,-26.9,0.7440000000000001,5017.5,no
68,retired,married,high.school,no,yes,no,cellular,oct,tue,88,1,999,2,failure,-3.4,92.431,-26.9,0.7440000000000001,5017.5,no
37,housemaid,single,university.degree,no,yes,no,cellular,oct,tue,89,1,999,1,failure,-3.4,92.431,-26.9,0.7440000000000001,5017.5,no
43,management,single,university.degree,no,no,no,cellular,oct,tue,408,1,999,1,failure,-3.4,92.431,-26.9,0.7440000000000001,5017.5,no
69,retired,divorced,professional.course,no,no,no,cellular,oct,tue,144,1,999,0,nonexistent,-3.4,92.431,-26.9,0.7440000000000001,5017.5,yes
82,retired,married,university.degree,no,yes,yes,cellular,oct,tue,63,1,999,1,failure,-3.4,92.431,-26.9,0.7440000000000001,5017.5,no
82,retired,married,university.degree,no,yes,no,cellular,oct,tue,526,1,999,0,nonexistent,-3.4,92.431,-26.9,0.7440000000000001,5017.5,no
80,retired,divorced,basic.4y,no,no,no,cellular,oct,tue,96,1,999,0,nonexistent,-3.4,92.431,-26.9,0.7440000000000001,5017.5,no
65,retired,married,high.school,no,yes,no,cellular,oct,tue,384,2,999,0,nonexistent,-3.4,92.431,-26.9,0.7440000000000001,5017.5,yes
80,retired,divorced,basic.4y,no,no,no,cellular,oct,tue,125,1,999,0,nonexistent,-3.4,92.431,-26.9,0.7440000000000001,5017.5,no
41,technician,married,professional.course,no,yes,no,cellular,oct,tue,304,2,999,0,nonexistent,-3.4,92.431,-26.9,0.7440000000000001,5017.5,no
27,admin.,married,high.school,no,no,no,cellular,oct,tue,572,1,999,0,nonexistent,-3.4,92.431,-26.9,0.7440000000000001,5017.5,no
56,unknown,married,basic.4y,no,yes,no,cellular,oct,tue,172,1,999,0,nonexistent,-3.4,92.431,-26.9,0.7440000000000001,5017.5,no
37,housemaid,single,university.degree,no,no,no,cellular,oct,tue,296,3,999,0,nonexistent,-3.4,92.431,-26.9,0.7440000000000001,5017.5,yes
36,admin.,married,university.degree,no,yes,no,cellular,oct,wed,133,1,999,1,failure,-3.4,92.431,-26.9,0.74,5017.5,no
63,retired,married,high.school,no,yes,no,cellular,oct,wed,323,1,999,0,nonexistent,-3.4,92.431,-26.9,0.74,5017.5,no
30,unemployed,single,high.school,no,yes,yes,cellular,oct,wed,953,1,999,0,nonexistent,-3.4,92.431,-26.9,0.74,5017.5,no
50,unknown,married,unknown,no,no,no,cellular,oct,wed,209,1,8,3,failure,-3.4,92.431,-26.9,0.74,5017.5,yes
35,admin.,married,university.degree,no,no,no,cellular,oct,wed,371,1,999,1,failure,-3.4,92.431,-26.9,0.74,5017.5,yes
38,admin.,married,university.degree,no,yes,no,cellular,oct,wed,90,1,999,0,nonexistent,-3.4,92.431,-26.9,0.74,5017.5,no
60,admin.,married,unknown,no,yes,no,cellular,oct,wed,290,1,999,1,failure,-3.4,92.431,-26.9,0.74,5017.5,yes
48,management,married,university.degree,no,no,no,cellular,oct,wed,81,1,6,1,success,-3.4,92.431,-26.9,0.74,5017.5,yes
48,management,married,university.degree,no,yes,no,cellular,oct,wed,294,1,999,1,failure,-3.4,92.431,-26.9,0.74,5017.5,yes
48,management,married,university.degree,no,no,no,cellular,oct,wed,301,1,999,1,failure,-3.4,92.431,-26.9,0.74,5017.5,no
35,technician,married,university.degree,no,yes,no,telephone,oct,wed,73,2,999,0,nonexistent,-3.4,92.431,-26.9,0.74,5017.5,no
38,admin.,married,university.degree,no,no,no,cellular,oct,wed,180,2,999,1,failure,-3.4,92.431,-26.9,0.74,5017.5,no
58,technician,married,basic.4y,no,yes,no,telephone,oct,wed,88,1,999,0,nonexistent,-3.4,92.431,-26.9,0.74,5017.5,no
53,admin.,married,unknown,no,yes,no,cellular,oct,wed,73,2,999,0,nonexistent,-3.4,92.431,-26.9,0.74,5017.5,no
58,technician,married,basic.4y,no,yes,no,cellular,oct,wed,525,1,999,0,nonexistent,-3.4,92.431,-26.9,0.74,5017.5,no
63,retired,married,high.school,no,no,no,cellular,oct,wed,335,1,999,0,nonexistent,-3.4,92.431,-26.9,0.74,5017.5,yes
41,technician,married,professional.course,no,no,no,cellular,oct,thu,173,2,999,0,nonexistent,-3.4,92.431,-26.9,0.741,5017.5,no
48,admin.,married,high.school,no,no,no,cellular,oct,thu,113,1,999,0,nonexistent,-3.4,92.431,-26.9,0.741,5017.5,no
69,technician,married,professional.course,no,yes,no,cellular,oct,thu,189,1,999,0,nonexistent,-3.4,92.431,-26.9,0.741,5017.5,no
42,management,divorced,unknown,no,yes,no,cellular,oct,thu,148,1,999,0,nonexistent,-3.4,92.431,-26.9,0.741,5017.5,no
42,management,divorced,unknown,no,yes,no,telephone,oct,thu,259,1,999,0,nonexistent,-3.4,92.431,-26.9,0.741,5017.5,no
77,retired,divorced,unknown,no,no,no,cellular,oct,thu,97,2,999,0,nonexistent,-3.4,92.431,-26.9,0.741,5017.5,no
54,management,divorced,university.degree,no,yes,no,cellular,oct,thu,234,2,6,1,success,-3.4,92.431,-26.9,0.741,5017.5,yes
36,technician,married,professional.course,unknown,no,no,cellular,oct,thu,667,1,999,0,nonexistent,-3.4,92.431,-26.9,0.741,5017.5,yes
42,management,single,university.degree,no,yes,no,cellular,oct,mon,105,1,999,0,nonexistent,-3.4,92.431,-26.9,0.743,5017.5,yes
42,management,single,university.degree,no,no,no,cellular,oct,mon,134,1,6,1,success,-3.4,92.431,-26.9,0.743,5017.5,no
59,technician,married,university.degree,no,yes,no,cellular,oct,mon,511,3,999,1,failure,-3.4,92.431,-26.9,0.743,5017.5,yes
42,management,single,university.degree,no,yes,no,cellular,oct,mon,138,1,999,0,nonexistent,-3.4,92.431,-26.9,0.743,5017.5,yes
75,retired,married,basic.9y,no,no,no,cellular,oct,mon,120,1,999,0,nonexistent,-3.4,92.431,-26.9,0.743,5017.5,no
29,unemployed,divorced,high.school,no,no,no,cellular,oct,mon,92,1,999,0,nonexistent,-3.4,92.431,-26.9,0.743,5017.5,no
42,management,single,university.degree,no,no,no,cellular,oct,mon,146,1,999,0,nonexistent,-3.4,92.431,-26.9,0.743,5017.5,yes
33,blue-collar,married,basic.4y,no,yes,no,telephone,oct,mon,99,3,3,1,success,-3.4,92.431,-26.9,0.743,5017.5,no
77,retired,married,university.degree,no,no,yes,cellular,oct,mon,348,1,999,0,nonexistent,-3.4,92.431,-26.9,0.743,5017.5,yes
70,retired,married,university.degree,no,yes,no,cellular,oct,mon,837,2,999,1,failure,-3.4,92.431,-26.9,0.743,5017.5,no
32,admin.,married,professional.course,no,yes,no,cellular,oct,tue,435,1,999,0,nonexistent,-3.4,92.431,-26.9,0.742,5017.5,yes
44,technician,married,basic.9y,no,yes,no,cellular,oct,tue,306,1,2,1,success,-3.4,92.431,-26.9,0.742,5017.5,no
80,retired,married,basic.4y,no,yes,yes,cellular,oct,tue,78,1,999,1,failure,-3.4,92.431,-26.9,0.742,5017.5,no
71,retired,single,university.degree,no,unknown,unknown,cellular,oct,tue,98,1,999,0,nonexistent,-3.4,92.431,-26.9,0.742,5017.5,no
71,retired,single,university.degree,no,yes,no,cellular,oct,tue,167,1,999,0,nonexistent,-3.4,92.431,-26.9,0.742,5017.5,no
26,student,single,basic.9y,no,unknown,unknown,cellular,oct,tue,92,1,999,1,failure,-3.4,92.431,-26.9,0.742,5017.5,no
30,management,married,university.degree,no,no,no,cellular,oct,tue,411,2,999,0,nonexistent,-3.4,92.431,-26.9,0.742,5017.5,yes
30,management,married,university.degree,no,yes,no,cellular,oct,tue,1226,2,999,0,nonexistent,-3.4,92.431,-26.9,0.742,5017.5,yes
80,retired,married,basic.4y,no,no,no,cellular,oct,tue,242,1,999,2,failure,-3.4,92.431,-26.9,0.742,5017.5,yes
33,unemployed,married,high.school,no,no,yes,cellular,oct,tue,227,1,999,0,nonexistent,-3.4,92.431,-26.9,0.742,5017.5,no
55,technician,married,professional.course,no,yes,no,cellular,oct,tue,182,1,999,0,nonexistent,-3.4,92.431,-26.9,0.742,5017.5,no
55,technician,married,professional.course,no,no,no,cellular,oct,tue,213,1,999,0,nonexistent,-3.4,92.431,-26.9,0.742,5017.5,no
48,technician,married,professional.course,no,no,yes,telephone,oct,tue,200,2,999,0,nonexistent,-3.4,92.431,-26.9,0.742,5017.5,no
32,admin.,married,professional.course,no,no,yes,cellular,oct,tue,221,1,6,1,success,-3.4,92.431,-26.9,0.742,5017.5,yes
27,technician,single,unknown,no,no,no,cellular,oct,tue,404,1,999,0,nonexistent,-3.4,92.431,-26.9,0.742,5017.5,no
56,admin.,married,basic.9y,no,yes,no,cellular,oct,tue,1573,2,999,1,failure,-3.4,92.431,-26.9,0.742,5017.5,no
17,student,single,unknown,no,no,yes,cellular,oct,tue,896,1,2,2,success,-3.4,92.431,-26.9,0.742,5017.5,yes
33,unemployed,married,high.school,no,yes,yes,cellular,oct,tue,301,2,999,0,nonexistent,-3.4,92.431,-26.9,0.742,5017.5,yes
45,blue-collar,single,basic.9y,no,no,yes,cellular,oct,tue,204,2,999,1,failure,-3.4,92.431,-26.9,0.742,5017.5,yes
26,student,single,basic.9y,no,yes,no,telephone,oct,tue,1003,3,999,0,nonexistent,-3.4,92.431,-26.9,0.742,5017.5,yes
48,admin.,married,basic.6y,no,yes,no,cellular,oct,tue,115,2,5,2,success,-3.4,92.431,-26.9,0.742,5017.5,no
80,retired,married,basic.4y,no,no,no,cellular,oct,tue,82,2,999,0,nonexistent,-3.4,92.431,-26.9,0.742,5017.5,no
44,blue-collar,single,professional.course,no,no,no,cellular,oct,tue,123,2,999,0,nonexistent,-3.4,92.431,-26.9,0.742,5017.5,no
28,technician,single,high.school,no,no,no,cellular,oct,wed,216,1,999,1,failure,-3.4,92.431,-26.9,0.742,5017.5,yes
28,technician,single,high.school,no,unknown,unknown,cellular,oct,wed,84,1,6,1,success,-3.4,92.431,-26.9,0.742,5017.5,yes
28,admin.,single,high.school,no,no,no,telephone,oct,wed,958,1,999,0,nonexistent,-3.4,92.431,-26.9,0.742,5017.5,yes
36,admin.,single,university.degree,no,no,no,cellular,oct,wed,146,1,999,1,failure,-3.4,92.431,-26.9,0.742,5017.5,no
71,retired,married,basic.9y,no,no,no,cellular,oct,wed,237,1,999,0,nonexistent,-3.4,92.431,-26.9,0.742,5017.5,no
36,admin.,single,university.degree,no,yes,no,cellular,oct,wed,113,1,2,2,success,-3.4,92.431,-26.9,0.742,5017.5,no
37,technician,married,university.degree,no,yes,no,cellular,oct,wed,364,1,999,1,failure,-3.4,92.431,-26.9,0.742,5017.5,yes
36,admin.,married,university.degree,no,yes,no,cellular,oct,wed,104,1,999,2,failure,-3.4,92.431,-26.9,0.742,5017.5,no
37,blue-collar,single,professional.course,no,no,no,cellular,oct,wed,727,3,999,0,nonexistent,-3.4,92.431,-26.9,0.742,5017.5,no
56,admin.,married,basic.9y,no,no,no,cellular,oct,wed,79,2,999,0,nonexistent,-3.4,92.431,-26.9,0.742,5017.5,no
38,admin.,married,high.school,no,yes,no,cellular,oct,wed,108,1,999,0,nonexistent,-3.4,92.431,-26.9,0.742,5017.5,no
42,entrepreneur,married,basic.9y,no,no,no,cellular,oct,wed,122,3,999,0,nonexistent,-3.4,92.431,-26.9,0.742,5017.5,no
34,management,married,university.degree,no,no,no,telephone,oct,wed,290,2,999,0,nonexistent,-3.4,92.431,-26.9,0.742,5017.5,yes
28,technician,single,university.degree,no,yes,yes,cellular,oct,wed,166,2,999,0,nonexistent,-3.4,92.431,-26.9,0.742,5017.5,no
36,unemployed,married,high.school,no,no,no,telephone,oct,thu,130,2,999,0,nonexistent,-3.4,92.431,-26.9,0.74,5017.5,no
33,admin.,single,university.degree,no,no,no,cellular,oct,thu,441,5,999,1,failure,-3.4,92.431,-26.9,0.74,5017.5,yes
37,blue-collar,married,basic.6y,no,yes,no,cellular,oct,thu,262,4,999,0,nonexistent,-3.4,92.431,-26.9,0.74,5017.5,no
35,admin.,married,university.degree,no,yes,no,cellular,oct,thu,86,1,999,1,failure,-3.4,92.431,-26.9,0.74,5017.5,no
49,admin.,single,university.degree,no,no,no,cellular,oct,thu,73,1,999,0,nonexistent,-3.4,92.431,-26.9,0.74,5017.5,no
28,student,single,high.school,no,no,no,telephone,oct,thu,280,1,999,0,nonexistent,-3.4,92.431,-26.9,0.74,5017.5,no
34,technician,single,professional.course,no,no,no,cellular,oct,thu,138,1,999,1,failure,-3.4,92.431,-26.9,0.74,5017.5,no
44,admin.,divorced,high.school,no,no,no,cellular,oct,thu,634,1,999,0,nonexistent,-3.4,92.431,-26.9,0.74,5017.5,no
68,retired,married,professional.course,no,no,no,cellular,oct,thu,76,1,999,1,failure,-3.4,92.431,-26.9,0.74,5017.5,no
37,blue-collar,married,basic.6y,no,no,no,cellular,oct,thu,244,1,999,0,nonexistent,-3.4,92.431,-26.9,0.74,5017.5,no
37,blue-collar,married,basic.6y,no,yes,no,cellular,oct,thu,68,1,999,0,nonexistent,-3.4,92.431,-26.9,0.74,5017.5,no
40,services,married,professional.course,no,yes,no,cellular,oct,thu,244,1,3,1,success,-3.4,92.431,-26.9,0.74,5017.5,yes
28,student,single,unknown,no,yes,no,cellular,oct,thu,231,1,999,0,nonexistent,-3.4,92.431,-26.9,0.74,5017.5,no
74,retired,married,professional.course,no,yes,no,cellular,oct,thu,96,2,3,1,success,-3.4,92.431,-26.9,0.74,5017.5,no
35,admin.,married,university.degree,no,yes,no,cellular,oct,thu,126,2,999,0,nonexistent,-3.4,92.431,-26.9,0.74,5017.5,no
74,retired,married,basic.9y,no,yes,no,cellular,oct,thu,134,2,6,1,success,-3.4,92.431,-26.9,0.74,5017.5,yes
37,blue-collar,married,basic.6y,no,no,no,cellular,oct,thu,246,5,999,0,nonexistent,-3.4,92.431,-26.9,0.74,5017.5,no
37,blue-collar,married,basic.6y,no,no,no,cellular,oct,thu,128,2,6,3,failure,-3.4,92.431,-26.9,0.74,5017.5,yes
33,admin.,single,university.degree,no,yes,no,telephone,oct,thu,166,3,6,2,success,-3.4,92.431,-26.9,0.74,5017.5,yes
25,admin.,single,university.degree,no,yes,yes,telephone,oct,thu,227,1,999,0,nonexistent,-3.4,92.431,-26.9,0.74,5017.5,no
37,management,single,university.degree,no,no,no,cellular,oct,thu,570,1,999,1,failure,-3.4,92.431,-26.9,0.74,5017.5,yes
83,retired,married,basic.9y,no,no,no,cellular,oct,fri,138,2,999,0,nonexistent,-3.4,92.431,-26.9,0.7390000000000001,5017.5,no
25,admin.,single,university.degree,no,yes,yes,cellular,oct,fri,115,1,999,1,failure,-3.4,92.431,-26.9,0.7390000000000001,5017.5,yes
28,services,married,basic.9y,no,yes,no,telephone,oct,fri,186,1,999,1,failure,-3.4,92.431,-26.9,0.7390000000000001,5017.5,yes
85,housemaid,divorced,basic.4y,unknown,yes,no,telephone,oct,fri,181,2,999,0,nonexistent,-3.4,92.431,-26.9,0.7390000000000001,5017.5,no
32,self-employed,married,professional.course,no,no,yes,cellular,oct,fri,55,2,999,0,nonexistent,-3.4,92.431,-26.9,0.7390000000000001,5017.5,no
25,admin.,single,university.degree,no,unknown,unknown,cellular,oct,fri,1580,2,999,0,nonexistent,-3.4,92.431,-26.9,0.7390000000000001,5017.5,no
39,technician,married,university.degree,no,no,no,cellular,oct,fri,170,1,6,1,success,-3.4,92.431,-26.9,0.7390000000000001,5017.5,yes
33,technician,married,professional.course,no,yes,no,cellular,oct,fri,154,2,999,0,nonexistent,-3.4,92.431,-26.9,0.7390000000000001,5017.5,yes
40,admin.,married,university.degree,no,yes,yes,cellular,oct,fri,109,5,999,0,nonexistent,-3.4,92.431,-26.9,0.7390000000000001,5017.5,no
39,technician,married,university.degree,no,yes,no,cellular,oct,fri,141,1,7,2,failure,-3.4,92.431,-26.9,0.7390000000000001,5017.5,no
39,admin.,single,high.school,no,no,no,cellular,oct,fri,95,1,999,0,nonexistent,-3.4,92.431,-26.9,0.7390000000000001,5017.5,no
39,admin.,single,high.school,no,yes,no,cellular,oct,fri,132,1,999,0,nonexistent,-3.4,92.431,-26.9,0.7390000000000001,5017.5,no
33,admin.,single,university.degree,no,yes,no,cellular,oct,fri,233,1,999,0,nonexistent,-3.4,92.431,-26.9,0.7390000000000001,5017.5,yes
60,self-employed,married,university.degree,no,yes,no,telephone,oct,fri,128,1,999,0,nonexistent,-3.4,92.431,-26.9,0.7390000000000001,5017.5,no
33,self-employed,single,professional.course,no,yes,yes,telephone,oct,fri,193,1,999,1,failure,-3.4,92.431,-26.9,0.7390000000000001,5017.5,no
26,admin.,single,university.degree,no,no,no,cellular,oct,fri,306,1,999,0,nonexistent,-3.4,92.431,-26.9,0.7390000000000001,5017.5,yes
49,admin.,single,high.school,no,no,no,cellular,oct,fri,165,1,999,1,failure,-3.4,92.431,-26.9,0.7390000000000001,5017.5,no
49,admin.,single,high.school,no,yes,no,telephone,oct,fri,434,1,999,1,failure,-3.4,92.431,-26.9,0.7390000000000001,5017.5,yes
28,admin.,single,university.degree,no,no,no,cellular,oct,fri,317,2,999,0,nonexistent,-3.4,92.431,-26.9,0.7390000000000001,5017.5,no
50,technician,married,professional.course,no,unknown,unknown,cellular,oct,fri,447,1,8,2,failure,-3.4,92.431,-26.9,0.7390000000000001,5017.5,yes
33,admin.,married,university.degree,no,no,no,cellular,oct,fri,130,1,6,1,success,-3.4,92.431,-26.9,0.7390000000000001,5017.5,yes
38,technician,married,university.degree,no,no,no,cellular,oct,fri,156,1,999,0,nonexistent,-3.4,92.431,-26.9,0.7390000000000001,5017.5,yes
28,management,single,university.degree,no,no,no,cellular,oct,fri,324,1,999,1,failure,-3.4,92.431,-26.9,0.7390000000000001,5017.5,yes
62,retired,married,university.degree,unknown,no,no,cellular,oct,fri,717,2,999,0,nonexistent,-3.4,92.431,-26.9,0.7390000000000001,5017.5,yes
34,management,married,university.degree,no,yes,no,cellular,oct,fri,87,1,2,1,success,-3.4,92.431,-26.9,0.7390000000000001,5017.5,no
44,blue-collar,married,professional.course,no,no,no,cellular,oct,fri,283,1,999,2,failure,-3.4,92.431,-26.9,0.7390000000000001,5017.5,no
49,admin.,single,high.school,no,yes,no,cellular,oct,fri,136,2,999,0,nonexistent,-3.4,92.431,-26.9,0.7390000000000001,5017.5,yes
36,admin.,married,university.degree,no,no,no,cellular,oct,fri,342,1,999,2,failure,-3.4,92.431,-26.9,0.7390000000000001,5017.5,yes
36,management,married,basic.4y,no,no,no,cellular,oct,mon,143,2,999,0,nonexistent,-3.4,92.431,-26.9,0.7390000000000001,5017.5,no
29,management,single,university.degree,no,no,no,cellular,oct,mon,94,1,999,2,failure,-3.4,92.431,-26.9,0.7390000000000001,5017.5,no
21,student,single,high.school,no,no,yes,cellular,oct,mon,238,1,999,0,nonexistent,-3.4,92.431,-26.9,0.7390000000000001,5017.5,no
60,retired,married,basic.4y,no,no,no,cellular,oct,mon,98,1,999,0,nonexistent,-3.4,92.431,-26.9,0.7390000000000001,5017.5,yes
60,retired,married,basic.4y,no,no,no,cellular,oct,mon,599,1,999,1,failure,-3.4,92.431,-26.9,0.7390000000000001,5017.5,no
60,retired,married,basic.4y,no,yes,no,cellular,oct,mon,1020,1,999,0,nonexistent,-3.4,92.431,-26.9,0.7390000000000001,5017.5,no
25,admin.,single,university.degree,no,yes,no,cellular,oct,mon,123,1,999,0,nonexistent,-3.4,92.431,-26.9,0.7390000000000001,5017.5,no
36,admin.,single,high.school,no,yes,no,cellular,oct,mon,113,1,6,1,success,-3.4,92.431,-26.9,0.7390000000000001,5017.5,no
55,entrepreneur,married,professional.course,no,yes,no,cellular,oct,mon,534,1,999,0,nonexistent,-3.4,92.431,-26.9,0.7390000000000001,5017.5,no
55,entrepreneur,married,professional.course,no,no,no,cellular,oct,mon,116,1,999,0,nonexistent,-3.4,92.431,-26.9,0.7390000000000001,5017.5,no
30,services,single,high.school,no,no,no,cellular,oct,mon,120,1,999,0,nonexistent,-3.4,92.431,-26.9,0.7390000000000001,5017.5,no
20,student,single,high.school,no,no,yes,cellular,oct,mon,169,1,999,0,nonexistent,-3.4,92.431,-26.9,0.7390000000000001,5017.5,no
36,management,married,basic.4y,no,yes,no,cellular,oct,mon,109,3,999,0,nonexistent,-3.4,92.431,-26.9,0.7390000000000001,5017.5,no
38,blue-collar,married,basic.9y,no,yes,no,cellular,oct,mon,167,3,999,0,nonexistent,-3.4,92.431,-26.9,0.7390000000000001,5017.5,no
30,services,single,high.school,no,yes,no,cellular,oct,mon,385,2,999,0,nonexistent,-3.4,92.431,-26.9,0.7390000000000001,5017.5,yes
55,entrepreneur,married,professional.course,no,yes,no,telephone,oct,mon,323,2,999,0,nonexistent,-3.4,92.431,-26.9,0.7390000000000001,5017.5,no
41,blue-collar,married,basic.9y,no,no,no,cellular,oct,mon,79,1,999,1,failure,-3.4,92.431,-26.9,0.7390000000000001,5017.5,no
41,blue-collar,married,basic.9y,no,no,no,cellular,oct,mon,104,1,999,0,nonexistent,-3.4,92.431,-26.9,0.7390000000000001,5017.5,no
55,entrepreneur,married,professional.course,no,yes,yes,cellular,oct,mon,233,1,999,2,failure,-3.4,92.431,-26.9,0.7390000000000001,5017.5,no
65,retired,married,unknown,no,unknown,unknown,telephone,oct,mon,208,3,999,1,failure,-3.4,92.431,-26.9,0.7390000000000001,5017.5,no
54,housemaid,married,professional.course,no,no,no,telephone,oct,mon,187,2,999,0,nonexistent,-3.4,92.431,-26.9,0.7390000000000001,5017.5,no
67,retired,married,professional.course,no,no,no,telephone,oct,mon,270,2,999,0,nonexistent,-3.4,92.431,-26.9,0.7390000000000001,5017.5,no
35,self-employed,single,university.degree,no,unknown,unknown,cellular,oct,mon,123,2,999,0,nonexistent,-3.4,92.431,-26.9,0.7390000000000001,5017.5,no
54,housemaid,married,professional.course,no,no,no,telephone,oct,mon,1745,3,999,1,failure,-3.4,92.431,-26.9,0.7390000000000001,5017.5,no
21,student,single,high.school,no,no,no,cellular,oct,mon,328,1,999,0,nonexistent,-3.4,92.431,-26.9,0.7390000000000001,5017.5,yes
51,entrepreneur,married,basic.4y,no,no,no,cellular,oct,tue,626,1,999,1,failure,-3.4,92.431,-26.9,0.737,5017.5,no
58,blue-collar,married,basic.9y,no,yes,no,cellular,oct,tue,164,1,999,1,failure,-3.4,92.431,-26.9,0.737,5017.5,no
58,blue-collar,married,basic.9y,no,yes,no,cellular,oct,tue,92,1,999,1,failure,-3.4,92.431,-26.9,0.737,5017.5,no
36,management,married,basic.6y,no,yes,no,cellular,oct,tue,332,1,999,1,failure,-3.4,92.431,-26.9,0.737,5017.5,yes
33,admin.,married,university.degree,no,yes,no,cellular,oct,tue,148,2,6,1,success,-3.4,92.431,-26.9,0.737,5017.5,yes
31,admin.,married,university.degree,no,yes,no,cellular,oct,tue,213,1,999,0,nonexistent,-3.4,92.431,-26.9,0.737,5017.5,yes
70,retired,married,basic.4y,no,yes,no,cellular,oct,tue,76,2,999,0,nonexistent,-3.4,92.431,-26.9,0.737,5017.5,no
59,housemaid,married,basic.4y,no,yes,no,cellular,oct,tue,518,2,6,1,success,-3.4,92.431,-26.9,0.737,5017.5,yes
53,entrepreneur,married,basic.4y,no,yes,no,telephone,oct,tue,251,2,999,0,nonexistent,-3.4,92.431,-26.9,0.737,5017.5,no
30,technician,married,professional.course,no,yes,no,cellular,oct,tue,427,1,999,0,nonexistent,-3.4,92.431,-26.9,0.737,5017.5,yes
24,management,single,university.degree,no,yes,no,cellular,oct,tue,676,2,999,1,failure,-3.4,92.431,-26.9,0.737,5017.5,yes
39,admin.,single,high.school,no,yes,no,cellular,oct,tue,386,1,999,0,nonexistent,-3.4,92.431,-26.9,0.737,5017.5,yes
44,admin.,married,university.degree,no,yes,no,cellular,oct,wed,192,3,6,1,success,-3.4,92.431,-26.9,0.735,5017.5,yes
38,admin.,married,university.degree,no,yes,no,cellular,oct,wed,828,1,999,1,failure,-3.4,92.431,-26.9,0.735,5017.5,yes
38,admin.,married,university.degree,no,yes,no,cellular,oct,wed,576,1,6,1,success,-3.4,92.431,-26.9,0.735,5017.5,yes
70,retired,married,high.school,no,yes,no,cellular,oct,wed,72,3,999,0,nonexistent,-3.4,92.431,-26.9,0.735,5017.5,no
33,admin.,single,university.degree,no,no,yes,cellular,oct,wed,110,1,999,2,failure,-3.4,92.431,-26.9,0.735,5017.5,no
88,retired,divorced,basic.4y,no,yes,no,cellular,oct,wed,180,1,999,0,nonexistent,-3.4,92.431,-26.9,0.735,5017.5,no
36,admin.,married,university.degree,no,yes,no,cellular,oct,wed,825,1,6,1,success,-3.4,92.431,-26.9,0.735,5017.5,yes
62,retired,divorced,university.degree,no,yes,no,telephone,oct,wed,129,3,999,0,nonexistent,-3.4,92.431,-26.9,0.735,5017.5,no
44,admin.,married,university.degree,no,no,no,cellular,oct,wed,1206,1,999,0,nonexistent,-3.4,92.431,-26.9,0.735,5017.5,no
32,admin.,married,university.degree,no,yes,no,cellular,oct,wed,467,2,6,1,success,-3.4,92.431,-26.9,0.735,5017.5,yes
54,admin.,divorced,university.degree,no,yes,no,cellular,oct,wed,164,2,6,2,success,-3.4,92.431,-26.9,0.735,5017.5,no
42,blue-collar,married,professional.course,no,yes,no,cellular,oct,wed,307,1,7,1,success,-3.4,92.431,-26.9,0.735,5017.5,yes
42,blue-collar,married,professional.course,no,no,no,cellular,oct,wed,287,1,999,0,nonexistent,-3.4,92.431,-26.9,0.735,5017.5,yes
54,unemployed,married,basic.9y,no,yes,no,cellular,oct,wed,200,1,999,0,nonexistent,-3.4,92.431,-26.9,0.735,5017.5,yes
34,technician,married,professional.course,no,yes,no,cellular,oct,wed,442,2,8,1,success,-3.4,92.431,-26.9,0.735,5017.5,yes
32,admin.,single,university.degree,no,yes,no,cellular,oct,wed,197,2,999,0,nonexistent,-3.4,92.431,-26.9,0.735,5017.5,no
37,unemployed,married,university.degree,no,yes,no,cellular,oct,thu,249,2,999,1,failure,-3.4,92.431,-26.9,0.733,5017.5,yes
35,unemployed,married,university.degree,no,no,no,cellular,oct,thu,360,5,999,0,nonexistent,-3.4,92.431,-26.9,0.733,5017.5,yes
56,technician,married,basic.4y,no,no,no,cellular,oct,thu,257,1,6,1,success,-3.4,92.431,-26.9,0.733,5017.5,yes
33,services,married,high.school,no,yes,no,cellular,oct,thu,313,3,999,0,nonexistent,-3.4,92.431,-26.9,0.733,5017.5,yes
71,management,married,university.degree,no,yes,no,cellular,oct,thu,127,3,999,2,failure,-3.4,92.431,-26.9,0.733,5017.5,yes
56,retired,married,professional.course,no,no,no,cellular,oct,thu,133,1,3,1,success,-3.4,92.431,-26.9,0.733,5017.5,yes
25,services,single,high.school,no,yes,no,cellular,oct,thu,287,1,999,0,nonexistent,-3.4,92.431,-26.9,0.733,5017.5,no
35,unemployed,married,university.degree,no,yes,no,cellular,oct,thu,391,2,999,0,nonexistent,-3.4,92.431,-26.9,0.733,5017.5,no
45,technician,married,professional.course,no,no,no,cellular,oct,thu,504,1,6,1,success,-3.4,92.431,-26.9,0.733,5017.5,yes
30,admin.,single,university.degree,no,yes,no,telephone,oct,thu,1002,4,999,0,nonexistent,-3.4,92.431,-26.9,0.733,5017.5,yes
56,technician,married,basic.4y,no,no,no,cellular,oct,thu,306,3,3,1,success,-3.4,92.431,-26.9,0.733,5017.5,yes
25,services,single,high.school,no,yes,no,cellular,oct,thu,260,2,999,0,nonexistent,-3.4,92.431,-26.9,0.733,5017.5,yes
24,admin.,single,university.degree,no,yes,yes,telephone,oct,thu,97,1,999,0,nonexistent,-3.4,92.431,-26.9,0.733,5017.5,yes
35,unemployed,married,university.degree,no,no,no,cellular,oct,thu,344,1,6,1,success,-3.4,92.431,-26.9,0.733,5017.5,yes
24,student,single,unknown,no,no,no,cellular,oct,fri,114,4,999,0,nonexistent,-3.4,92.431,-26.9,0.73,5017.5,no
61,management,married,university.degree,no,yes,no,cellular,oct,fri,336,2,999,1,failure,-3.4,92.431,-26.9,0.73,5017.5,yes
22,student,single,high.school,no,no,no,cellular,oct,fri,270,3,6,1,success,-3.4,92.431,-26.9,0.73,5017.5,yes
64,admin.,married,high.school,no,yes,no,cellular,oct,fri,130,1,999,1,failure,-3.4,92.431,-26.9,0.73,5017.5,yes
23,technician,single,university.degree,no,yes,no,cellular,oct,fri,374,1,999,0,nonexistent,-3.4,92.431,-26.9,0.73,5017.5,yes
21,student,single,high.school,no,yes,no,cellular,oct,fri,149,1,999,0,nonexistent,-3.4,92.431,-26.9,0.73,5017.5,yes
32,unknown,single,high.school,no,yes,no,cellular,oct,fri,267,1,999,0,nonexistent,-3.4,92.431,-26.9,0.73,5017.5,no
24,student,single,unknown,no,yes,no,cellular,oct,fri,460,1,999,0,nonexistent,-3.4,92.431,-26.9,0.73,5017.5,yes
32,admin.,married,university.degree,no,yes,no,cellular,oct,fri,94,1,999,0,nonexistent,-3.4,92.431,-26.9,0.73,5017.5,no
98,retired,married,basic.4y,unknown,yes,no,cellular,oct,fri,476,1,2,2,success,-3.4,92.431,-26.9,0.73,5017.5,yes
64,admin.,married,high.school,no,yes,no,cellular,oct,fri,427,1,999,1,failure,-3.4,92.431,-26.9,0.73,5017.5,yes
35,blue-collar,single,high.school,no,no,no,cellular,oct,fri,622,1,6,1,success,-3.4,92.431,-26.9,0.73,5017.5,no
98,retired,married,basic.4y,unknown,yes,no,cellular,oct,fri,272,2,999,0,nonexistent,-3.4,92.431,-26.9,0.73,5017.5,yes
22,student,single,basic.9y,no,no,no,cellular,oct,fri,221,2,6,1,success,-3.4,92.431,-26.9,0.73,5017.5,yes
26,admin.,single,university.degree,no,no,no,cellular,oct,fri,133,2,999,1,failure,-3.4,92.431,-26.9,0.73,5017.5,no
31,self-employed,single,university.degree,no,yes,no,cellular,oct,fri,91,1,999,1,failure,-3.4,92.431,-26.9,0.73,5017.5,no
31,self-employed,single,university.degree,no,no,no,cellular,oct,fri,76,1,999,0,nonexistent,-3.4,92.431,-26.9,0.73,5017.5,no
29,admin.,single,high.school,no,yes,no,cellular,oct,fri,292,1,6,1,success,-3.4,92.431,-26.9,0.73,5017.5,yes
34,admin.,married,university.degree,no,no,no,cellular,oct,fri,281,1,999,2,failure,-3.4,92.431,-26.9,0.73,5017.5,yes
37,blue-collar,married,basic.6y,no,unknown,unknown,cellular,oct,fri,93,1,999,0,nonexistent,-3.4,92.431,-26.9,0.73,5017.5,no
37,blue-collar,married,basic.6y,no,no,no,telephone,oct,fri,131,1,999,0,nonexistent,-3.4,92.431,-26.9,0.73,5017.5,no
26,admin.,single,high.school,no,no,no,telephone,oct,fri,257,2,4,1,success,-3.4,92.431,-26.9,0.73,5017.5,yes
61,management,married,university.degree,no,no,no,cellular,oct,fri,56,4,999,0,nonexistent,-3.4,92.431,-26.9,0.73,5017.5,no
33,admin.,single,high.school,no,yes,no,cellular,oct,mon,61,2,6,2,failure,-3.4,92.431,-26.9,0.731,5017.5,no
26,admin.,married,high.school,no,yes,yes,cellular,oct,mon,183,2,999,0,nonexistent,-3.4,92.431,-26.9,0.731,5017.5,no
29,technician,single,professional.course,no,yes,no,cellular,oct,mon,633,2,999,0,nonexistent,-3.4,92.431,-26.9,0.731,5017.5,no
29,admin.,single,university.degree,no,yes,no,cellular,oct,mon,110,2,999,0,nonexistent,-3.4,92.431,-26.9,0.731,5017.5,no
50,management,married,basic.9y,no,no,no,cellular,oct,mon,151,2,6,2,failure,-3.4,92.431,-26.9,0.731,5017.5,no
29,admin.,single,university.degree,no,yes,no,cellular,oct,mon,99,2,999,1,failure,-3.4,92.431,-26.9,0.731,5017.5,no
33,admin.,single,high.school,no,no,no,cellular,oct,mon,87,1,999,0,nonexistent,-3.4,92.431,-26.9,0.731,5017.5,no
30,unemployed,single,high.school,no,yes,no,cellular,oct,mon,67,1,999,0,nonexistent,-3.4,92.431,-26.9,0.731,5017.5,no
26,admin.,married,high.school,no,yes,no,cellular,oct,mon,703,1,999,0,nonexistent,-3.4,92.431,-26.9,0.731,5017.5,yes
26,admin.,married,high.school,no,yes,yes,cellular,oct,mon,126,1,999,0,nonexistent,-3.4,92.431,-26.9,0.731,5017.5,no
42,management,married,university.degree,no,yes,no,cellular,oct,mon,355,1,999,1,failure,-3.4,92.431,-26.9,0.731,5017.5,yes
55,unemployed,married,basic.9y,no,no,no,cellular,oct,tue,131,1,999,0,nonexistent,-3.4,92.431,-26.9,0.728,5017.5,yes
63,technician,married,professional.course,no,no,no,cellular,oct,tue,157,1,999,0,nonexistent,-3.4,92.431,-26.9,0.728,5017.5,no
72,admin.,married,university.degree,unknown,no,yes,cellular,oct,tue,143,1,6,1,success,-3.4,92.431,-26.9,0.728,5017.5,yes
71,retired,married,basic.4y,no,yes,yes,cellular,oct,tue,120,1,6,1,success,-3.4,92.431,-26.9,0.728,5017.5,no
71,retired,married,basic.4y,no,no,no,cellular,oct,tue,207,1,999,0,nonexistent,-3.4,92.431,-26.9,0.728,5017.5,yes
32,technician,single,university.degree,no,no,no,cellular,oct,tue,96,1,999,1,failure,-3.4,92.431,-26.9,0.728,5017.5,yes
52,housemaid,married,high.school,no,no,no,cellular,oct,tue,297,1,999,2,failure,-3.4,92.431,-26.9,0.728,5017.5,yes
68,retired,married,basic.4y,no,yes,no,cellular,oct,tue,102,1,6,2,success,-3.4,92.431,-26.9,0.728,5017.5,yes
45,blue-collar,married,university.degree,no,no,no,telephone,oct,tue,79,2,999,0,nonexistent,-3.4,92.431,-26.9,0.728,5017.5,no
29,services,married,high.school,no,no,no,cellular,oct,tue,424,1,999,1,failure,-3.4,92.431,-26.9,0.728,5017.5,yes
33,services,single,high.school,no,no,no,cellular,oct,tue,137,1,999,0,nonexistent,-3.4,92.431,-26.9,0.728,5017.5,yes
65,housemaid,married,basic.4y,no,unknown,unknown,cellular,oct,tue,759,2,999,0,nonexistent,-3.4,92.431,-26.9,0.728,5017.5,yes
42,management,married,university.degree,no,no,no,telephone,oct,tue,83,1,3,1,success,-3.4,92.431,-26.9,0.728,5017.5,yes
61,retired,married,high.school,no,no,no,telephone,oct,tue,515,1,999,0,nonexistent,-3.4,92.431,-26.9,0.728,5017.5,no
30,technician,married,professional.course,no,yes,no,telephone,oct,tue,521,2,999,0,nonexistent,-3.4,92.431,-26.9,0.728,5017.5,no
32,admin.,single,university.degree,no,yes,no,telephone,oct,tue,376,1,999,2,failure,-3.4,92.431,-26.9,0.728,5017.5,no
39,admin.,married,professional.course,no,no,no,telephone,oct,tue,219,2,999,0,nonexistent,-3.4,92.431,-26.9,0.728,5017.5,no
63,technician,married,professional.course,no,yes,no,cellular,oct,tue,298,1,999,0,nonexistent,-3.4,92.431,-26.9,0.728,5017.5,yes
63,technician,married,professional.course,no,no,no,cellular,oct,tue,259,1,999,0,nonexistent,-3.4,92.431,-26.9,0.728,5017.5,no
65,housemaid,married,basic.4y,no,yes,no,cellular,oct,tue,253,2,999,1,failure,-3.4,92.431,-26.9,0.728,5017.5,no
44,technician,married,unknown,no,no,yes,cellular,oct,tue,139,2,999,0,nonexistent,-3.4,92.431,-26.9,0.728,5017.5,no
31,management,married,university.degree,no,yes,no,cellular,oct,tue,255,3,4,1,success,-3.4,92.431,-26.9,0.728,5017.5,yes
68,retired,divorced,professional.course,no,yes,no,cellular,oct,tue,418,2,999,0,nonexistent,-3.4,92.431,-26.9,0.728,5017.5,yes
26,management,single,university.degree,no,yes,no,cellular,oct,tue,114,1,6,1,success,-3.4,92.431,-26.9,0.728,5017.5,no
28,admin.,single,high.school,no,yes,no,cellular,oct,tue,83,2,999,3,failure,-3.4,92.431,-26.9,0.728,5017.5,no
71,retired,married,basic.4y,no,no,no,cellular,oct,tue,353,1,999,0,nonexistent,-3.4,92.431,-26.9,0.728,5017.5,yes
21,student,single,high.school,no,no,no,cellular,oct,tue,113,1,999,0,nonexistent,-3.4,92.431,-26.9,0.728,5017.5,yes
75,retired,married,basic.4y,no,no,no,cellular,oct,wed,113,2,999,0,nonexistent,-3.4,92.431,-26.9,0.7240000000000001,5017.5,no
81,housemaid,married,basic.4y,no,yes,no,cellular,oct,wed,246,2,999,0,nonexistent,-3.4,92.431,-26.9,0.7240000000000001,5017.5,no
60,management,married,professional.course,no,yes,no,cellular,oct,wed,219,2,999,0,nonexistent,-3.4,92.431,-26.9,0.7240000000000001,5017.5,no
61,blue-collar,married,high.school,no,no,no,cellular,oct,wed,108,1,999,0,nonexistent,-3.4,92.431,-26.9,0.7240000000000001,5017.5,no
46,admin.,married,high.school,no,yes,no,cellular,oct,wed,143,1,999,0,nonexistent,-3.4,92.431,-26.9,0.7240000000000001,5017.5,no
40,admin.,married,high.school,no,yes,yes,cellular,oct,wed,73,1,999,0,nonexistent,-3.4,92.431,-26.9,0.7240000000000001,5017.5,no
35,management,married,university.degree,no,yes,no,cellular,oct,wed,1118,1,999,0,nonexistent,-3.4,92.431,-26.9,0.7240000000000001,5017.5,no
62,retired,married,high.school,no,no,no,cellular,oct,wed,210,1,999,0,nonexistent,-3.4,92.431,-26.9,0.7240000000000001,5017.5,no
45,admin.,married,high.school,no,yes,no,cellular,oct,wed,1092,1,999,0,nonexistent,-3.4,92.431,-26.9,0.7240000000000001,5017.5,no
58,unemployed,divorced,basic.9y,no,yes,no,telephone,oct,wed,509,1,999,0,nonexistent,-3.4,92.431,-26.9,0.7240000000000001,5017.5,yes
61,blue-collar,married,high.school,no,no,no,cellular,oct,wed,190,1,2,1,success,-3.4,92.431,-26.9,0.7240000000000001,5017.5,no
32,admin.,single,university.degree,no,no,no,cellular,oct,wed,371,1,999,0,nonexistent,-3.4,92.431,-26.9,0.7240000000000001,5017.5,yes
34,unknown,single,university.degree,no,yes,no,telephone,oct,wed,182,2,999,0,nonexistent,-3.4,92.431,-26.9,0.7240000000000001,5017.5,no
30,admin.,married,university.degree,no,yes,no,cellular,oct,wed,133,1,999,0,nonexistent,-3.4,92.431,-26.9,0.7240000000000001,5017.5,no
40,management,married,university.degree,no,yes,no,telephone,oct,wed,172,1,999,0,nonexistent,-3.4,92.431,-26.9,0.7240000000000001,5017.5,no
73,retired,married,basic.4y,no,yes,no,telephone,oct,wed,185,1,999,0,nonexistent,-3.4,92.431,-26.9,0.7240000000000001,5017.5,no
34,unknown,single,university.degree,no,no,no,telephone,oct,wed,85,1,999,0,nonexistent,-3.4,92.431,-26.9,0.7240000000000001,5017.5,no
40,admin.,married,high.school,no,no,no,cellular,oct,wed,524,3,999,1,failure,-3.4,92.431,-26.9,0.7240000000000001,5017.5,yes
62,retired,married,high.school,no,no,no,cellular,oct,wed,207,1,6,1,success,-3.4,92.431,-26.9,0.7240000000000001,5017.5,yes
54,retired,married,basic.4y,no,no,yes,cellular,oct,thu,164,2,999,0,nonexistent,-3.4,92.431,-26.9,0.722,5017.5,yes
23,technician,married,professional.course,no,yes,yes,cellular,oct,thu,408,2,999,0,nonexistent,-3.4,92.431,-26.9,0.722,5017.5,no
36,admin.,married,university.degree,no,no,no,cellular,oct,thu,343,2,999,1,failure,-3.4,92.431,-26.9,0.722,5017.5,no
31,admin.,married,high.school,no,yes,no,cellular,oct,thu,269,2,999,1,failure,-3.4,92.431,-26.9,0.722,5017.5,no
61,technician,married,professional.course,no,no,no,cellular,oct,thu,76,1,999,0,nonexistent,-3.4,92.431,-26.9,0.722,5017.5,no
33,admin.,single,university.degree,no,no,no,cellular,oct,thu,410,1,999,1,failure,-3.4,92.431,-26.9,0.722,5017.5,yes
80,retired,divorced,high.school,no,yes,no,cellular,oct,thu,169,1,999,0,nonexistent,-3.4,92.431,-26.9,0.722,5017.5,yes
31,entrepreneur,unknown,university.degree,no,no,no,cellular,oct,thu,164,1,999,0,nonexistent,-3.4,92.431,-26.9,0.722,5017.5,yes
31,admin.,married,high.school,no,no,no,cellular,oct,thu,142,1,999,0,nonexistent,-3.4,92.431,-26.9,0.722,5017.5,yes
53,admin.,divorced,high.school,no,no,no,cellular,oct,thu,209,1,999,0,nonexistent,-3.4,92.431,-26.9,0.722,5017.5,yes
58,retired,divorced,high.school,no,yes,no,cellular,oct,thu,76,4,999,0,nonexistent,-3.4,92.431,-26.9,0.722,5017.5,no
30,technician,married,professional.course,no,yes,yes,cellular,oct,thu,1707,2,999,0,nonexistent,-3.4,92.431,-26.9,0.722,5017.5,yes
72,retired,married,basic.6y,no,yes,yes,cellular,oct,thu,189,3,999,0,nonexistent,-3.4,92.431,-26.9,0.722,5017.5,yes
82,retired,single,basic.4y,no,yes,no,cellular,oct,thu,251,2,999,0,nonexistent,-3.4,92.431,-26.9,0.722,5017.5,yes
34,admin.,married,university.degree,no,no,no,cellular,oct,thu,401,1,999,0,nonexistent,-3.4,92.431,-26.9,0.722,5017.5,yes
69,retired,married,professional.course,no,no,yes,cellular,oct,thu,103,1,999,1,failure,-3.4,92.431,-26.9,0.722,5017.5,no
32,self-employed,married,university.degree,no,yes,yes,cellular,oct,thu,679,1,999,0,nonexistent,-3.4,92.431,-26.9,0.722,5017.5,no
67,admin.,married,basic.4y,unknown,no,no,cellular,oct,thu,299,2,2,2,success,-3.4,92.431,-26.9,0.722,5017.5,yes
48,technician,married,high.school,no,no,no,cellular,oct,thu,264,1,999,0,nonexistent,-3.4,92.431,-26.9,0.722,5017.5,yes
61,technician,married,professional.course,no,no,no,cellular,oct,thu,106,2,999,1,failure,-3.4,92.431,-26.9,0.722,5017.5,yes
48,technician,married,high.school,no,no,yes,cellular,oct,thu,288,3,999,0,nonexistent,-3.4,92.431,-26.9,0.722,5017.5,yes
36,technician,married,university.degree,no,yes,yes,cellular,oct,thu,68,2,999,0,nonexistent,-3.4,92.431,-26.9,0.722,5017.5,no
69,retired,married,basic.4y,no,yes,no,cellular,oct,thu,124,1,999,0,nonexistent,-3.4,92.431,-26.9,0.722,5017.5,yes
34,technician,single,university.degree,no,no,no,cellular,oct,thu,136,1,999,1,failure,-3.4,92.431,-26.9,0.722,5017.5,yes
51,blue-collar,married,basic.9y,no,yes,no,cellular,oct,thu,746,2,999,0,nonexistent,-3.4,92.431,-26.9,0.722,5017.5,yes
54,retired,married,basic.4y,no,no,no,cellular,oct,thu,377,1,999,0,nonexistent,-3.4,92.431,-26.9,0.722,5017.5,yes
55,retired,married,basic.4y,no,no,no,cellular,oct,thu,250,1,999,2,failure,-3.4,92.431,-26.9,0.722,5017.5,no
55,retired,married,high.school,no,yes,no,cellular,oct,thu,424,2,7,1,success,-3.4,92.431,-26.9,0.722,5017.5,yes
61,technician,married,professional.course,no,no,no,cellular,oct,thu,174,2,999,0,nonexistent,-3.4,92.431,-26.9,0.722,5017.5,no
82,retired,single,basic.4y,no,yes,no,cellular,oct,thu,185,2,999,0,nonexistent,-3.4,92.431,-26.9,0.722,5017.5,no
60,technician,married,basic.4y,no,yes,no,cellular,oct,thu,133,6,999,2,failure,-3.4,92.431,-26.9,0.722,5017.5,no
31,entrepreneur,unknown,university.degree,no,yes,no,telephone,oct,thu,157,4,999,1,failure,-3.4,92.431,-26.9,0.722,5017.5,no
78,retired,divorced,basic.6y,no,no,no,cellular,oct,fri,631,2,999,2,failure,-3.4,92.431,-26.9,0.72,5017.5,no
27,admin.,single,university.degree,no,yes,yes,telephone,oct,fri,70,3,999,0,nonexistent,-3.4,92.431,-26.9,0.72,5017.5,no
78,retired,divorced,basic.6y,no,no,no,cellular,oct,fri,212,2,999,0,nonexistent,-3.4,92.431,-26.9,0.72,5017.5,yes
65,retired,married,basic.4y,no,no,no,cellular,oct,fri,176,5,999,0,nonexistent,-3.4,92.431,-26.9,0.72,5017.5,no
24,blue-collar,married,basic.9y,no,yes,no,cellular,oct,fri,160,1,999,0,nonexistent,-3.4,92.431,-26.9,0.72,5017.5,no
72,retired,married,basic.4y,no,no,no,cellular,oct,fri,155,1,6,1,success,-3.4,92.431,-26.9,0.72,5017.5,no
60,retired,married,basic.4y,unknown,yes,no,cellular,oct,fri,59,1,999,0,nonexistent,-3.4,92.431,-26.9,0.72,5017.5,no
39,technician,single,university.degree,unknown,no,yes,cellular,oct,fri,125,1,999,0,nonexistent,-3.4,92.431,-26.9,0.72,5017.5,yes
39,technician,single,university.degree,unknown,yes,no,cellular,oct,fri,217,1,999,0,nonexistent,-3.4,92.431,-26.9,0.72,5017.5,yes
34,technician,single,university.degree,no,no,no,cellular,oct,fri,144,1,999,0,nonexistent,-3.4,92.431,-26.9,0.72,5017.5,yes
36,self-employed,single,university.degree,no,no,no,cellular,oct,fri,480,1,999,0,nonexistent,-3.4,92.431,-26.9,0.72,5017.5,yes
37,admin.,single,university.degree,no,yes,no,cellular,oct,fri,183,2,999,0,nonexistent,-3.4,92.431,-26.9,0.72,5017.5,no
59,technician,married,basic.9y,no,no,no,cellular,oct,fri,445,1,999,0,nonexistent,-3.4,92.431,-26.9,0.72,5017.5,yes
25,student,single,high.school,no,no,no,cellular,oct,fri,294,1,999,1,failure,-3.4,92.431,-26.9,0.72,5017.5,yes
18,student,single,basic.6y,no,no,yes,cellular,oct,fri,368,2,999,0,nonexistent,-3.4,92.431,-26.9,0.72,5017.5,yes
59,retired,divorced,basic.4y,no,yes,no,telephone,oct,fri,152,4,999,0,nonexistent,-3.4,92.431,-26.9,0.72,5017.5,no
37,admin.,single,university.degree,no,no,no,cellular,oct,fri,416,2,999,0,nonexistent,-3.4,92.431,-26.9,0.72,5017.5,yes
78,retired,divorced,basic.6y,no,no,no,telephone,oct,fri,177,2,999,0,nonexistent,-3.4,92.431,-26.9,0.72,5017.5,no
34,admin.,single,high.school,no,yes,no,cellular,nov,mon,121,2,999,1,failure,-3.4,92.649,-30.1,0.722,5017.5,yes
37,admin.,married,high.school,no,yes,no,cellular,nov,mon,101,3,3,1,success,-3.4,92.649,-30.1,0.722,5017.5,no
36,self-employed,single,university.degree,no,yes,no,cellular,nov,mon,69,4,999,1,failure,-3.4,92.649,-30.1,0.722,5017.5,no
50,admin.,married,university.degree,no,yes,no,cellular,nov,mon,91,2,999,0,nonexistent,-3.4,92.649,-30.1,0.722,5017.5,no
34,technician,married,professional.course,no,yes,no,cellular,nov,mon,53,2,999,1,failure,-3.4,92.649,-30.1,0.722,5017.5,no
60,housemaid,married,university.degree,no,yes,no,cellular,nov,mon,66,3,999,0,nonexistent,-3.4,92.649,-30.1,0.722,5017.5,no
30,admin.,single,university.degree,no,no,no,cellular,nov,mon,106,1,999,0,nonexistent,-3.4,92.649,-30.1,0.722,5017.5,yes
37,admin.,married,high.school,no,no,no,cellular,nov,mon,235,4,999,0,nonexistent,-3.4,92.649,-30.1,0.722,5017.5,no
64,housemaid,married,basic.4y,no,yes,no,cellular,nov,mon,173,1,999,0,nonexistent,-3.4,92.649,-30.1,0.722,5017.5,no
37,admin.,married,high.school,no,yes,no,telephone,nov,mon,459,1,999,0,nonexistent,-3.4,92.649,-30.1,0.722,5017.5,no
37,admin.,married,high.school,no,yes,yes,cellular,nov,mon,272,1,999,0,nonexistent,-3.4,92.649,-30.1,0.722,5017.5,no
47,technician,divorced,high.school,no,yes,no,cellular,nov,mon,182,1,999,1,failure,-3.4,92.649,-30.1,0.722,5017.5,yes
32,admin.,married,university.degree,no,yes,yes,cellular,nov,mon,144,1,999,0,nonexistent,-3.4,92.649,-30.1,0.722,5017.5,no
32,admin.,single,university.degree,no,unknown,unknown,telephone,nov,mon,143,3,7,1,success,-3.4,92.649,-30.1,0.722,5017.5,no
37,admin.,divorced,high.school,no,yes,yes,telephone,nov,mon,227,5,999,0,nonexistent,-3.4,92.649,-30.1,0.722,5017.5,no
30,admin.,single,university.degree,no,yes,no,cellular,nov,mon,109,1,6,1,success,-3.4,92.649,-30.1,0.722,5017.5,no
24,student,single,professional.course,no,no,no,cellular,nov,mon,180,2,999,1,failure,-3.4,92.649,-30.1,0.722,5017.5,no
50,admin.,married,high.school,no,no,no,telephone,nov,mon,117,5,999,0,nonexistent,-3.4,92.649,-30.1,0.722,5017.5,no
34,admin.,single,high.school,no,yes,no,cellular,nov,mon,725,2,8,2,failure,-3.4,92.649,-30.1,0.722,5017.5,no
33,admin.,married,university.degree,no,yes,no,telephone,nov,mon,83,4,999,0,nonexistent,-3.4,92.649,-30.1,0.722,5017.5,no
32,admin.,single,university.degree,no,no,no,cellular,nov,mon,85,2,999,0,nonexistent,-3.4,92.649,-30.1,0.722,5017.5,no
37,admin.,married,high.school,no,no,yes,cellular,nov,mon,46,3,999,0,nonexistent,-3.4,92.649,-30.1,0.722,5017.5,no
71,retired,married,professional.course,no,yes,no,cellular,nov,tue,102,1,999,0,nonexistent,-3.4,92.649,-30.1,0.72,5017.5,yes
52,admin.,divorced,university.degree,no,yes,no,cellular,nov,tue,551,1,999,3,failure,-3.4,92.649,-30.1,0.72,5017.5,no
56,admin.,divorced,high.school,no,no,no,cellular,nov,tue,786,1,999,0,nonexistent,-3.4,92.649,-30.1,0.72,5017.5,no
67,self-employed,married,university.degree,no,yes,no,cellular,nov,tue,68,4,999,1,failure,-3.4,92.649,-30.1,0.72,5017.5,no
40,admin.,divorced,university.degree,no,no,no,cellular,nov,tue,88,2,999,2,failure,-3.4,92.649,-30.1,0.72,5017.5,no
56,housemaid,divorced,professional.course,no,yes,no,cellular,nov,tue,566,1,7,2,failure,-3.4,92.649,-30.1,0.72,5017.5,yes
27,unemployed,married,high.school,no,no,yes,cellular,nov,tue,222,3,999,1,failure,-3.4,92.649,-30.1,0.72,5017.5,no
30,unemployed,single,basic.9y,no,yes,no,cellular,nov,tue,537,1,999,0,nonexistent,-3.4,92.649,-30.1,0.72,5017.5,yes
27,blue-collar,single,basic.9y,no,no,no,cellular,nov,tue,217,1,999,2,failure,-3.4,92.649,-30.1,0.72,5017.5,yes
47,admin.,single,university.degree,no,no,no,cellular,nov,tue,193,1,999,0,nonexistent,-3.4,92.649,-30.1,0.72,5017.5,no
47,admin.,divorced,university.degree,no,no,no,cellular,nov,tue,181,4,6,1,success,-3.4,92.649,-30.1,0.72,5017.5,yes
22,technician,single,professional.course,no,yes,no,cellular,nov,tue,358,1,999,0,nonexistent,-3.4,92.649,-30.1,0.72,5017.5,yes
28,self-employed,married,professional.course,no,yes,no,cellular,nov,tue,179,1,999,0,nonexistent,-3.4,92.649,-30.1,0.72,5017.5,yes
32,admin.,married,high.school,no,yes,no,cellular,nov,tue,322,1,999,0,nonexistent,-3.4,92.649,-30.1,0.72,5017.5,yes
30,admin.,single,university.degree,no,yes,no,cellular,nov,tue,402,1,999,0,nonexistent,-3.4,92.649,-30.1,0.72,5017.5,no
54,technician,married,basic.9y,no,no,no,cellular,nov,tue,284,2,999,1,failure,-3.4,92.649,-30.1,0.72,5017.5,yes
71,retired,married,professional.course,no,yes,yes,telephone,nov,tue,383,1,999,0,nonexistent,-3.4,92.649,-30.1,0.72,5017.5,yes
37,entrepreneur,divorced,high.school,no,yes,yes,cellular,nov,wed,258,2,999,1,failure,-3.4,92.649,-30.1,0.7190000000000001,5017.5,no
37,entrepreneur,divorced,high.school,no,no,no,cellular,nov,wed,90,2,999,2,failure,-3.4,92.649,-30.1,0.7190000000000001,5017.5,no
37,entrepreneur,divorced,high.school,no,no,no,cellular,nov,wed,116,4,999,1,failure,-3.4,92.649,-30.1,0.7190000000000001,5017.5,no
37,entrepreneur,divorced,high.school,no,no,no,cellular,nov,wed,298,2,999,0,nonexistent,-3.4,92.649,-30.1,0.7190000000000001,5017.5,no
58,management,married,basic.4y,no,yes,no,cellular,nov,wed,70,5,999,0,nonexistent,-3.4,92.649,-30.1,0.7190000000000001,5017.5,no
54,blue-collar,married,basic.9y,no,no,no,cellular,nov,wed,138,1,7,2,failure,-3.4,92.649,-30.1,0.7190000000000001,5017.5,no
54,blue-collar,married,basic.9y,no,yes,yes,cellular,nov,wed,101,1,999,0,nonexistent,-3.4,92.649,-30.1,0.7190000000000001,5017.5,no
29,admin.,married,high.school,no,yes,no,cellular,nov,wed,85,1,999,1,failure,-3.4,92.649,-30.1,0.7190000000000001,5017.5,no
28,admin.,married,high.school,no,yes,no,cellular,nov,wed,158,1,999,0,nonexistent,-3.4,92.649,-30.1,0.7190000000000001,5017.5,no
26,technician,single,professional.course,no,no,yes,cellular,nov,wed,358,1,9,2,failure,-3.4,92.649,-30.1,0.7190000000000001,5017.5,yes
29,management,married,university.degree,no,yes,no,cellular,nov,wed,199,1,9,1,success,-3.4,92.649,-30.1,0.7190000000000001,5017.5,no
26,admin.,married,high.school,no,no,yes,cellular,nov,wed,112,1,999,1,failure,-3.4,92.649,-30.1,0.7190000000000001,5017.5,no
56,retired,married,university.degree,no,yes,no,cellular,nov,wed,156,1,999,0,nonexistent,-3.4,92.649,-30.1,0.7190000000000001,5017.5,no
51,technician,married,professional.course,no,no,no,cellular,nov,wed,272,1,999,0,nonexistent,-3.4,92.649,-30.1,0.7190000000000001,5017.5,no
62,admin.,divorced,university.degree,no,yes,no,cellular,nov,wed,572,1,999,0,nonexistent,-3.4,92.649,-30.1,0.7190000000000001,5017.5,no
29,technician,single,professional.course,no,unknown,unknown,cellular,nov,wed,257,2,999,1,failure,-3.4,92.649,-30.1,0.7190000000000001,5017.5,no
32,blue-collar,married,basic.4y,no,no,no,cellular,nov,thu,96,3,999,1,failure,-3.4,92.649,-30.1,0.716,5017.5,no
32,admin.,married,high.school,no,yes,no,telephone,nov,thu,143,3,999,0,nonexistent,-3.4,92.649,-30.1,0.716,5017.5,no
73,retired,married,university.degree,no,no,yes,cellular,nov,thu,749,7,999,0,nonexistent,-3.4,92.649,-30.1,0.716,5017.5,yes
32,blue-collar,married,basic.4y,no,yes,no,telephone,nov,thu,111,8,999,0,nonexistent,-3.4,92.649,-30.1,0.716,5017.5,no
34,admin.,single,university.degree,no,no,no,cellular,nov,thu,509,2,999,0,nonexistent,-3.4,92.649,-30.1,0.716,5017.5,no
69,retired,married,basic.6y,no,yes,no,cellular,nov,thu,355,3,999,0,nonexistent,-3.4,92.649,-30.1,0.716,5017.5,yes
34,unemployed,single,university.degree,no,no,no,cellular,nov,fri,464,5,999,1,failure,-3.4,92.649,-30.1,0.716,5017.5,yes
37,admin.,married,high.school,no,yes,no,telephone,nov,fri,136,1,999,0,nonexistent,-3.4,92.649,-30.1,0.716,5017.5,no
54,admin.,married,high.school,no,yes,no,cellular,nov,fri,402,1,3,3,success,-3.4,92.649,-30.1,0.716,5017.5,yes
34,technician,married,university.degree,no,yes,no,cellular,nov,fri,312,1,999,0,nonexistent,-3.4,92.649,-30.1,0.716,5017.5,no
54,admin.,married,university.degree,no,yes,no,cellular,nov,fri,455,2,999,0,nonexistent,-3.4,92.649,-30.1,0.716,5017.5,yes
56,technician,divorced,university.degree,no,no,no,cellular,nov,fri,178,2,3,1,success,-3.4,92.649,-30.1,0.716,5017.5,yes
69,retired,married,high.school,no,no,no,cellular,nov,mon,178,1,999,0,nonexistent,-3.4,92.649,-30.1,0.715,5017.5,yes
26,admin.,single,high.school,no,yes,no,cellular,nov,mon,262,1,3,1,success,-3.4,92.649,-30.1,0.715,5017.5,yes
26,admin.,single,high.school,no,unknown,unknown,cellular,nov,mon,347,1,999,0,nonexistent,-3.4,92.649,-30.1,0.715,5017.5,yes
27,student,single,university.degree,no,no,yes,cellular,nov,mon,118,1,999,0,nonexistent,-3.4,92.649,-30.1,0.715,5017.5,yes
57,admin.,married,high.school,no,yes,no,cellular,nov,mon,169,1,3,3,success,-3.4,92.649,-30.1,0.715,5017.5,yes
25,admin.,single,university.degree,no,no,yes,cellular,nov,mon,165,1,3,2,success,-3.4,92.649,-30.1,0.715,5017.5,yes
24,unemployed,married,high.school,no,yes,no,cellular,nov,mon,98,1,999,1,failure,-3.4,92.649,-30.1,0.715,5017.5,yes
29,housemaid,single,university.degree,no,no,yes,telephone,nov,mon,201,1,999,0,nonexistent,-3.4,92.649,-30.1,0.715,5017.5,yes
22,student,single,professional.course,no,no,no,cellular,nov,mon,113,3,999,0,nonexistent,-3.4,92.649,-30.1,0.715,5017.5,yes
81,unknown,divorced,unknown,unknown,yes,no,cellular,nov,mon,161,1,999,1,failure,-3.4,92.649,-30.1,0.715,5017.5,yes
41,management,married,university.degree,no,no,no,cellular,nov,mon,696,2,7,3,failure,-3.4,92.649,-30.1,0.715,5017.5,yes
26,admin.,single,high.school,no,no,no,cellular,nov,mon,371,2,999,2,failure,-3.4,92.649,-30.1,0.715,5017.5,no
81,unknown,divorced,unknown,unknown,yes,no,cellular,nov,mon,263,1,999,1,failure,-3.4,92.649,-30.1,0.715,5017.5,yes
29,housemaid,single,university.degree,no,no,no,cellular,nov,mon,257,1,999,0,nonexistent,-3.4,92.649,-30.1,0.715,5017.5,no
76,retired,single,basic.4y,no,no,no,cellular,nov,mon,347,4,6,1,success,-3.4,92.649,-30.1,0.715,5017.5,yes
32,admin.,married,university.degree,no,no,no,cellular,nov,mon,178,2,999,1,failure,-3.4,92.649,-30.1,0.715,5017.5,no
27,blue-collar,single,high.school,no,no,no,cellular,nov,tue,775,2,8,2,failure,-3.4,92.649,-30.1,0.715,5017.5,yes
71,housemaid,married,basic.4y,no,yes,no,cellular,nov,tue,193,2,999,0,nonexistent,-3.4,92.649,-30.1,0.715,5017.5,yes
28,admin.,married,high.school,no,no,no,cellular,nov,tue,406,2,999,0,nonexistent,-3.4,92.649,-30.1,0.715,5017.5,yes
61,management,married,university.degree,no,yes,no,cellular,nov,tue,147,1,3,2,success,-3.4,92.649,-30.1,0.715,5017.5,yes
61,management,married,university.degree,no,yes,no,cellular,nov,tue,195,1,7,1,success,-3.4,92.649,-30.1,0.715,5017.5,yes
41,admin.,married,university.degree,no,no,no,telephone,nov,tue,234,2,3,1,success,-3.4,92.649,-30.1,0.715,5017.5,yes
57,technician,married,professional.course,no,no,no,cellular,nov,tue,564,1,999,0,nonexistent,-3.4,92.649,-30.1,0.715,5017.5,no
71,retired,married,basic.4y,no,no,no,cellular,nov,tue,71,2,999,1,failure,-3.4,92.649,-30.1,0.715,5017.5,no
38,admin.,married,university.degree,no,yes,no,cellular,nov,tue,64,1,3,3,success,-3.4,92.649,-30.1,0.715,5017.5,yes
41,admin.,married,university.degree,no,yes,no,cellular,nov,tue,95,1,3,1,success,-3.4,92.649,-30.1,0.715,5017.5,yes
52,admin.,divorced,university.degree,no,yes,no,cellular,nov,tue,89,1,3,2,success,-3.4,92.649,-30.1,0.715,5017.5,yes
25,student,single,high.school,no,no,no,telephone,nov,tue,345,2,999,0,nonexistent,-3.4,92.649,-30.1,0.715,5017.5,no
33,admin.,married,university.degree,no,yes,no,cellular,nov,tue,344,2,3,1,success,-3.4,92.649,-30.1,0.715,5017.5,yes
30,admin.,single,university.degree,no,no,no,cellular,nov,tue,266,2,999,2,failure,-3.4,92.649,-30.1,0.715,5017.5,yes
28,admin.,married,high.school,no,yes,no,cellular,nov,tue,254,5,999,0,nonexistent,-3.4,92.649,-30.1,0.715,5017.5,yes
54,technician,married,basic.9y,no,no,no,cellular,nov,tue,293,3,7,2,failure,-3.4,92.649,-30.1,0.715,5017.5,yes
49,management,married,university.degree,no,no,yes,cellular,nov,tue,185,1,999,0,nonexistent,-3.4,92.649,-30.1,0.715,5017.5,no
79,retired,married,basic.4y,no,yes,no,cellular,nov,tue,594,1,3,1,success,-3.4,92.649,-30.1,0.715,5017.5,yes
21,student,single,high.school,no,no,no,cellular,nov,tue,280,1,7,2,failure,-3.4,92.649,-30.1,0.715,5017.5,no
52,admin.,divorced,university.degree,no,no,no,cellular,nov,tue,213,1,999,0,nonexistent,-3.4,92.649,-30.1,0.715,5017.5,yes
63,management,married,basic.4y,unknown,yes,no,cellular,nov,tue,131,4,999,2,failure,-3.4,92.649,-30.1,0.715,5017.5,yes
52,admin.,divorced,university.degree,no,unknown,unknown,cellular,nov,tue,143,5,999,1,failure,-3.4,92.649,-30.1,0.715,5017.5,no
45,management,married,university.degree,no,no,no,telephone,nov,tue,208,2,999,0,nonexistent,-3.4,92.649,-30.1,0.715,5017.5,no
30,admin.,single,university.degree,no,yes,yes,cellular,nov,tue,98,2,999,0,nonexistent,-3.4,92.649,-30.1,0.715,5017.5,no
37,services,married,high.school,no,no,no,cellular,nov,wed,516,2,999,1,failure,-3.4,92.649,-30.1,0.715,5017.5,no
45,admin.,married,university.degree,no,no,yes,cellular,nov,wed,158,1,999,1,failure,-3.4,92.649,-30.1,0.715,5017.5,no
36,self-employed,divorced,basic.9y,no,no,no,cellular,nov,wed,133,1,999,2,failure,-3.4,92.649,-30.1,0.715,5017.5,no
45,admin.,married,university.degree,no,no,yes,cellular,nov,wed,106,1,999,1,failure,-3.4,92.649,-30.1,0.715,5017.5,no
72,retired,married,basic.4y,no,yes,no,cellular,nov,wed,406,1,999,1,failure,-3.4,92.649,-30.1,0.715,5017.5,yes
20,student,single,high.school,no,yes,no,cellular,nov,wed,166,1,7,1,success,-3.4,92.649,-30.1,0.715,5017.5,yes
25,technician,single,university.degree,no,no,yes,cellular,nov,wed,79,4,999,0,nonexistent,-3.4,92.649,-30.1,0.715,5017.5,no
28,management,married,university.degree,no,no,no,cellular,nov,wed,69,3,999,0,nonexistent,-3.4,92.649,-30.1,0.715,5017.5,yes
72,retired,divorced,basic.6y,no,yes,no,cellular,nov,wed,199,1,999,0,nonexistent,-3.4,92.649,-30.1,0.715,5017.5,yes
45,technician,married,university.degree,no,yes,no,cellular,nov,wed,359,1,999,0,nonexistent,-3.4,92.649,-30.1,0.715,5017.5,no
35,admin.,single,high.school,no,no,yes,cellular,nov,wed,98,2,7,2,failure,-3.4,92.649,-30.1,0.715,5017.5,no
20,student,single,high.school,no,no,no,cellular,nov,wed,131,1,999,3,failure,-3.4,92.649,-30.1,0.715,5017.5,yes
20,student,single,high.school,no,no,no,cellular,nov,wed,229,2,3,3,success,-3.4,92.649,-30.1,0.715,5017.5,yes
36,management,married,university.degree,no,no,yes,cellular,nov,wed,166,3,3,3,success,-3.4,92.649,-30.1,0.715,5017.5,yes
72,retired,divorced,basic.6y,no,yes,no,cellular,nov,wed,244,2,999,0,nonexistent,-3.4,92.649,-30.1,0.715,5017.5,yes
37,services,married,high.school,no,no,yes,cellular,nov,wed,54,4,6,1,success,-3.4,92.649,-30.1,0.715,5017.5,no
33,admin.,married,university.degree,no,yes,no,telephone,nov,wed,241,1,3,1,success,-3.4,92.649,-30.1,0.715,5017.5,yes
53,housemaid,married,basic.4y,no,no,yes,telephone,nov,wed,513,1,3,1,success,-3.4,92.649,-30.1,0.715,5017.5,yes
38,admin.,married,university.degree,no,no,no,telephone,nov,thu,71,1,13,1,success,-3.4,92.649,-30.1,0.7140000000000001,5017.5,yes
40,services,married,high.school,no,yes,no,cellular,nov,thu,90,3,3,2,success,-3.4,92.649,-30.1,0.7140000000000001,5017.5,yes
29,student,single,professional.course,no,no,no,cellular,nov,thu,227,3,3,2,success,-3.4,92.649,-30.1,0.7140000000000001,5017.5,yes
23,technician,single,professional.course,no,yes,no,cellular,nov,thu,116,5,9,2,failure,-3.4,92.649,-30.1,0.7140000000000001,5017.5,no
32,self-employed,married,university.degree,no,no,no,cellular,nov,thu,66,2,999,0,nonexistent,-3.4,92.649,-30.1,0.7140000000000001,5017.5,no
29,student,single,professional.course,no,yes,yes,cellular,nov,thu,123,1,7,1,success,-3.4,92.649,-30.1,0.7140000000000001,5017.5,yes
67,retired,married,basic.4y,no,yes,no,cellular,nov,thu,39,3,999,0,nonexistent,-3.4,92.649,-30.1,0.7140000000000001,5017.5,no
65,retired,single,university.degree,no,no,no,cellular,nov,thu,253,1,999,2,failure,-3.4,92.649,-30.1,0.7140000000000001,5017.5,yes
43,management,married,high.school,no,no,no,cellular,nov,thu,226,1,999,0,nonexistent,-3.4,92.649,-30.1,0.7140000000000001,5017.5,yes
43,management,married,high.school,no,yes,no,cellular,nov,thu,177,1,999,1,failure,-3.4,92.649,-30.1,0.7140000000000001,5017.5,no
25,admin.,married,unknown,no,no,no,cellular,nov,thu,241,1,999,0,nonexistent,-3.4,92.649,-30.1,0.7140000000000001,5017.5,yes
25,admin.,married,high.school,no,yes,no,cellular,nov,thu,702,1,999,0,nonexistent,-3.4,92.649,-30.1,0.7140000000000001,5017.5,no
64,unemployed,married,basic.4y,no,yes,no,cellular,nov,thu,427,1,999,0,nonexistent,-3.4,92.649,-30.1,0.7140000000000001,5017.5,no
25,admin.,married,unknown,no,no,no,cellular,nov,thu,110,1,999,1,failure,-3.4,92.649,-30.1,0.7140000000000001,5017.5,yes
65,retired,single,university.degree,no,no,no,cellular,nov,thu,88,2,3,2,success,-3.4,92.649,-30.1,0.7140000000000001,5017.5,yes
29,admin.,single,university.degree,no,no,no,cellular,nov,thu,134,2,9,2,failure,-3.4,92.649,-30.1,0.7140000000000001,5017.5,yes
38,admin.,married,university.degree,no,no,no,cellular,nov,thu,126,1,7,4,failure,-3.4,92.649,-30.1,0.7140000000000001,5017.5,yes
67,retired,married,basic.4y,no,yes,no,cellular,nov,thu,99,1,999,0,nonexistent,-3.4,92.649,-30.1,0.7140000000000001,5017.5,yes
51,self-employed,single,basic.9y,no,yes,no,cellular,nov,thu,104,1,999,0,nonexistent,-3.4,92.649,-30.1,0.7140000000000001,5017.5,yes
49,unemployed,married,professional.course,no,yes,no,telephone,nov,thu,226,1,999,0,nonexistent,-3.4,92.649,-30.1,0.7140000000000001,5017.5,yes
34,admin.,single,university.degree,no,yes,no,cellular,nov,thu,89,1,3,2,success,-3.4,92.649,-30.1,0.7140000000000001,5017.5,yes
34,admin.,single,university.degree,no,no,no,cellular,nov,thu,135,1,6,1,success,-3.4,92.649,-30.1,0.7140000000000001,5017.5,yes
78,retired,divorced,basic.4y,no,yes,no,cellular,nov,thu,463,1,3,1,success,-3.4,92.649,-30.1,0.7140000000000001,5017.5,no
56,blue-collar,divorced,basic.4y,no,no,no,cellular,nov,thu,150,1,999,1,failure,-3.4,92.649,-30.1,0.7140000000000001,5017.5,no
56,blue-collar,divorced,basic.4y,no,no,no,cellular,nov,thu,134,1,999,0,nonexistent,-3.4,92.649,-30.1,0.7140000000000001,5017.5,yes
32,self-employed,married,university.degree,no,yes,no,cellular,nov,thu,247,1,6,3,failure,-3.4,92.649,-30.1,0.7140000000000001,5017.5,yes
52,blue-collar,single,basic.9y,no,no,no,cellular,nov,thu,771,2,999,0,nonexistent,-3.4,92.649,-30.1,0.7140000000000001,5017.5,no
29,student,single,professional.course,no,yes,no,telephone,nov,thu,124,2,999,0,nonexistent,-3.4,92.649,-30.1,0.7140000000000001,5017.5,no
52,blue-collar,single,basic.9y,no,yes,no,cellular,nov,thu,191,3,9,1,success,-3.4,92.649,-30.1,0.7140000000000001,5017.5,no
66,retired,married,basic.4y,no,yes,yes,telephone,nov,thu,1127,1,999,0,nonexistent,-3.4,92.649,-30.1,0.7140000000000001,5017.5,yes
28,admin.,single,university.degree,no,yes,no,cellular,nov,thu,189,2,999,0,nonexistent,-3.4,92.649,-30.1,0.7140000000000001,5017.5,no
56,management,divorced,unknown,no,yes,no,cellular,nov,thu,893,7,999,0,nonexistent,-3.4,92.649,-30.1,0.7140000000000001,5017.5,yes
35,technician,single,professional.course,no,yes,no,cellular,nov,thu,192,2,999,1,failure,-3.4,92.649,-30.1,0.7140000000000001,5017.5,yes
32,self-employed,married,university.degree,no,no,no,cellular,nov,thu,707,2,3,2,success,-3.4,92.649,-30.1,0.7140000000000001,5017.5,yes
60,unemployed,married,basic.4y,no,no,no,cellular,nov,thu,627,2,6,1,success,-3.4,92.649,-30.1,0.7140000000000001,5017.5,yes
62,housemaid,married,university.degree,no,yes,no,cellular,nov,thu,237,1,3,3,success,-3.4,92.649,-30.1,0.7140000000000001,5017.5,no
29,admin.,single,high.school,no,yes,no,cellular,nov,fri,176,2,7,2,success,-3.4,92.649,-30.1,0.7140000000000001,5017.5,yes
25,admin.,single,university.degree,no,no,no,cellular,nov,fri,350,5,3,1,success,-3.4,92.649,-30.1,0.7140000000000001,5017.5,no
26,admin.,married,high.school,no,yes,no,cellular,nov,fri,338,1,7,1,success,-3.4,92.649,-30.1,0.7140000000000001,5017.5,yes
52,technician,married,professional.course,no,no,no,cellular,nov,fri,202,5,999,0,nonexistent,-3.4,92.649,-30.1,0.7140000000000001,5017.5,no
26,student,single,university.degree,no,no,no,cellular,nov,fri,181,1,7,1,success,-3.4,92.649,-30.1,0.7140000000000001,5017.5,yes
26,blue-collar,single,high.school,no,yes,no,telephone,nov,fri,208,2,3,1,success,-3.4,92.649,-30.1,0.7140000000000001,5017.5,yes
29,admin.,single,university.degree,no,no,no,cellular,nov,fri,122,1,3,2,success,-3.4,92.649,-30.1,0.7140000000000001,5017.5,yes
32,admin.,single,university.degree,no,yes,no,telephone,nov,fri,135,1,999,0,nonexistent,-3.4,92.649,-30.1,0.7140000000000001,5017.5,yes
80,retired,divorced,unknown,no,yes,yes,cellular,nov,fri,186,2,3,1,success,-3.4,92.649,-30.1,0.7140000000000001,5017.5,yes
31,technician,married,unknown,no,no,no,cellular,nov,fri,498,1,999,1,failure,-3.4,92.649,-30.1,0.7140000000000001,5017.5,yes
21,student,single,university.degree,no,yes,no,cellular,nov,fri,180,3,3,1,success,-3.4,92.649,-30.1,0.7140000000000001,5017.5,no
63,retired,married,unknown,no,no,no,telephone,nov,fri,137,1,999,0,nonexistent,-3.4,92.649,-30.1,0.7140000000000001,5017.5,no
52,technician,married,professional.course,no,yes,no,cellular,nov,fri,495,1,3,1,success,-3.4,92.649,-30.1,0.7140000000000001,5017.5,yes
52,technician,married,professional.course,no,yes,no,cellular,nov,fri,632,1,999,1,failure,-3.4,92.649,-30.1,0.7140000000000001,5017.5,no
52,technician,married,professional.course,no,yes,no,cellular,nov,fri,259,1,999,1,failure,-3.4,92.649,-30.1,0.7140000000000001,5017.5,yes
27,admin.,single,university.degree,no,yes,no,cellular,nov,fri,264,1,999,0,nonexistent,-3.4,92.649,-30.1,0.7140000000000001,5017.5,no
39,management,single,university.degree,no,yes,no,cellular,nov,fri,239,2,3,2,success,-3.4,92.649,-30.1,0.7140000000000001,5017.5,yes
77,retired,married,unknown,no,yes,no,cellular,nov,fri,381,1,999,0,nonexistent,-3.4,92.649,-30.1,0.7140000000000001,5017.5,yes
77,retired,married,unknown,no,yes,no,cellular,nov,fri,193,1,3,1,success,-3.4,92.649,-30.1,0.7140000000000001,5017.5,yes
31,services,married,high.school,no,no,no,telephone,nov,fri,271,2,3,2,success,-3.4,92.649,-30.1,0.7140000000000001,5017.5,yes
41,management,married,unknown,no,no,yes,cellular,nov,fri,129,2,3,2,success,-3.4,92.649,-30.1,0.7140000000000001,5017.5,yes
52,technician,married,professional.course,no,yes,no,telephone,nov,fri,332,2,3,1,success,-3.4,92.649,-30.1,0.7140000000000001,5017.5,no
55,blue-collar,married,basic.4y,no,no,no,cellular,nov,fri,227,2,999,0,nonexistent,-3.4,92.649,-30.1,0.7140000000000001,5017.5,yes
78,retired,divorced,basic.4y,no,yes,no,cellular,nov,fri,182,2,3,1,success,-3.4,92.649,-30.1,0.7140000000000001,5017.5,yes
18,student,single,high.school,no,no,no,cellular,nov,fri,256,2,7,2,failure,-3.4,92.649,-30.1,0.7140000000000001,5017.5,yes
40,technician,single,university.degree,no,yes,no,cellular,nov,mon,139,2,3,1,success,-3.4,92.649,-30.1,0.7140000000000001,5017.5,no
40,technician,single,university.degree,no,no,no,cellular,nov,mon,141,3,999,0,nonexistent,-3.4,92.649,-30.1,0.7140000000000001,5017.5,no
40,technician,single,university.degree,no,yes,no,cellular,nov,mon,95,1,7,1,success,-3.4,92.649,-30.1,0.7140000000000001,5017.5,no
40,technician,single,university.degree,no,no,no,cellular,nov,mon,130,1,7,2,failure,-3.4,92.649,-30.1,0.7140000000000001,5017.5,yes
25,admin.,single,university.degree,no,no,yes,cellular,nov,mon,295,1,7,2,success,-3.4,92.649,-30.1,0.7140000000000001,5017.5,yes
61,retired,married,basic.4y,no,yes,no,cellular,nov,mon,301,1,9,3,failure,-3.4,92.649,-30.1,0.7140000000000001,5017.5,yes
39,admin.,married,high.school,no,no,no,cellular,nov,mon,1011,1,3,2,success,-3.4,92.649,-30.1,0.7140000000000001,5017.5,no
50,admin.,married,university.degree,no,yes,no,cellular,nov,mon,124,5,999,1,failure,-3.4,92.649,-30.1,0.7140000000000001,5017.5,no
64,retired,married,high.school,no,no,no,cellular,nov,mon,146,1,3,1,success,-3.4,92.649,-30.1,0.7140000000000001,5017.5,yes
67,retired,married,basic.4y,no,no,no,telephone,nov,mon,167,1,999,0,nonexistent,-3.4,92.649,-30.1,0.7140000000000001,5017.5,yes
50,admin.,married,university.degree,no,yes,no,cellular,nov,mon,183,1,3,1,success,-3.4,92.649,-30.1,0.7140000000000001,5017.5,yes
75,housemaid,divorced,basic.4y,no,no,no,telephone,nov,mon,135,8,3,1,success,-3.4,92.649,-30.1,0.7140000000000001,5017.5,no
50,admin.,married,university.degree,no,no,no,cellular,nov,mon,176,1,7,2,success,-3.4,92.649,-30.1,0.7140000000000001,5017.5,no
56,management,married,university.degree,no,yes,no,cellular,nov,mon,124,1,999,0,nonexistent,-3.4,92.649,-30.1,0.7140000000000001,5017.5,no
37,entrepreneur,married,university.degree,no,yes,no,cellular,nov,mon,163,1,999,1,failure,-3.4,92.649,-30.1,0.7140000000000001,5017.5,no
37,entrepreneur,married,university.degree,no,yes,no,cellular,nov,mon,84,1,999,1,failure,-3.4,92.649,-30.1,0.7140000000000001,5017.5,no
37,entrepreneur,married,university.degree,no,yes,no,cellular,nov,mon,843,1,999,0,nonexistent,-3.4,92.649,-30.1,0.7140000000000001,5017.5,no
35,self-employed,single,university.degree,no,yes,no,cellular,nov,mon,365,1,999,0,nonexistent,-3.4,92.649,-30.1,0.7140000000000001,5017.5,no
25,admin.,single,university.degree,no,yes,no,telephone,nov,mon,107,2,999,0,nonexistent,-3.4,92.649,-30.1,0.7140000000000001,5017.5,no
30,blue-collar,single,high.school,no,unknown,unknown,cellular,nov,mon,235,5,999,0,nonexistent,-3.4,92.649,-30.1,0.7140000000000001,5017.5,yes
26,admin.,married,high.school,no,yes,no,cellular,nov,mon,432,5,999,0,nonexistent,-3.4,92.649,-30.1,0.7140000000000001,5017.5,yes
35,management,married,university.degree,no,yes,yes,cellular,nov,mon,244,2,999,1,failure,-3.4,92.649,-30.1,0.7140000000000001,5017.5,no
43,self-employed,married,high.school,no,no,no,cellular,nov,mon,137,3,999,1,failure,-3.4,92.649,-30.1,0.7140000000000001,5017.5,no
54,services,married,basic.9y,no,yes,yes,cellular,nov,mon,175,3,999,0,nonexistent,-3.4,92.649,-30.1,0.7140000000000001,5017.5,no
30,admin.,married,high.school,no,unknown,unknown,cellular,nov,mon,104,1,999,1,failure,-3.4,92.649,-30.1,0.7140000000000001,5017.5,no
30,blue-collar,single,high.school,no,no,no,cellular,nov,mon,250,1,999,0,nonexistent,-3.4,92.649,-30.1,0.7140000000000001,5017.5,yes
31,technician,married,university.degree,no,no,no,telephone,nov,mon,57,4,999,0,nonexistent,-3.4,92.649,-30.1,0.7140000000000001,5017.5,no
25,admin.,single,unknown,no,yes,no,telephone,nov,mon,643,4,999,0,nonexistent,-3.4,92.649,-30.1,0.7140000000000001,5017.5,no
66,retired,married,basic.4y,no,yes,no,cellular,nov,mon,175,1,7,1,success,-3.4,92.649,-30.1,0.7140000000000001,5017.5,yes
64,retired,married,high.school,no,yes,no,cellular,nov,mon,79,4,999,2,failure,-3.4,92.649,-30.1,0.7140000000000001,5017.5,no
19,student,single,unknown,no,yes,no,cellular,nov,mon,380,1,999,1,failure,-3.4,92.649,-30.1,0.7140000000000001,5017.5,yes
25,admin.,single,unknown,no,yes,no,cellular,nov,mon,381,1,999,1,failure,-3.4,92.649,-30.1,0.7140000000000001,5017.5,yes
25,admin.,married,university.degree,no,yes,no,telephone,nov,mon,446,8,999,0,nonexistent,-3.4,92.649,-30.1,0.7140000000000001,5017.5,no
42,management,married,university.degree,no,yes,no,cellular,nov,mon,104,3,999,1,failure,-3.4,92.649,-30.1,0.7140000000000001,5017.5,no
48,technician,married,professional.course,no,yes,no,cellular,nov,mon,69,5,3,2,success,-3.4,92.649,-30.1,0.7140000000000001,5017.5,no
32,technician,married,university.degree,no,yes,no,cellular,nov,mon,77,1,999,0,nonexistent,-3.4,92.649,-30.1,0.7140000000000001,5017.5,no
72,retired,married,high.school,no,no,no,cellular,nov,mon,257,1,999,0,nonexistent,-3.4,92.649,-30.1,0.7140000000000001,5017.5,yes
34,management,married,university.degree,no,no,no,cellular,nov,mon,75,1,999,0,nonexistent,-3.4,92.649,-30.1,0.7140000000000001,5017.5,no
72,retired,married,university.degree,no,no,no,cellular,nov,mon,111,1,999,0,nonexistent,-3.4,92.649,-30.1,0.7140000000000001,5017.5,no
40,technician,single,university.degree,no,no,no,cellular,nov,mon,105,2,3,1,success,-3.4,92.649,-30.1,0.7140000000000001,5017.5,yes
40,technician,single,university.degree,no,no,no,cellular,nov,mon,984,5,999,0,nonexistent,-3.4,92.649,-30.1,0.7140000000000001,5017.5,yes
50,blue-collar,married,basic.9y,no,yes,no,cellular,nov,mon,202,1,999,0,nonexistent,-3.4,92.649,-30.1,0.7140000000000001,5017.5,no
34,self-employed,single,university.degree,no,no,yes,telephone,nov,tue,85,1,999,0,nonexistent,-3.4,92.649,-30.1,0.715,5017.5,yes
47,management,married,basic.9y,no,yes,no,cellular,nov,tue,709,2,999,0,nonexistent,-3.4,92.649,-30.1,0.715,5017.5,yes
31,admin.,single,university.degree,no,yes,no,cellular,nov,tue,168,2,999,0,nonexistent,-3.4,92.649,-30.1,0.715,5017.5,no
36,blue-collar,married,basic.9y,no,yes,no,cellular,nov,tue,320,1,999,2,failure,-3.4,92.649,-30.1,0.715,5017.5,no
45,admin.,divorced,university.degree,no,yes,no,cellular,nov,tue,140,3,999,1,failure,-3.4,92.649,-30.1,0.715,5017.5,no
63,retired,married,basic.4y,no,yes,no,cellular,nov,tue,408,3,999,0,nonexistent,-3.4,92.649,-30.1,0.715,5017.5,no
82,retired,divorced,basic.4y,no,yes,no,cellular,nov,tue,134,2,3,1,success,-3.4,92.649,-30.1,0.715,5017.5,yes
53,admin.,married,university.degree,no,yes,no,cellular,nov,tue,409,2,999,0,nonexistent,-3.4,92.649,-30.1,0.715,5017.5,yes
43,admin.,married,university.degree,no,yes,no,telephone,nov,tue,135,1,999,0,nonexistent,-3.4,92.649,-30.1,0.715,5017.5,yes
34,housemaid,single,basic.4y,no,yes,no,cellular,nov,tue,393,4,999,0,nonexistent,-3.4,92.649,-30.1,0.715,5017.5,yes
43,admin.,married,university.degree,no,yes,no,cellular,nov,tue,255,1,999,0,nonexistent,-3.4,92.649,-30.1,0.715,5017.5,yes
26,admin.,single,university.degree,no,yes,no,cellular,nov,tue,309,3,7,1,success,-3.4,92.649,-30.1,0.715,5017.5,yes
66,retired,single,basic.4y,no,yes,no,cellular,nov,tue,525,3,999,0,nonexistent,-3.4,92.649,-30.1,0.715,5017.5,yes
40,unemployed,divorced,basic.4y,no,no,no,cellular,nov,tue,108,1,999,0,nonexistent,-3.4,92.649,-30.1,0.716,5017.5,no
83,retired,divorced,basic.4y,no,no,no,cellular,nov,tue,242,1,3,3,success,-3.4,92.649,-30.1,0.716,5017.5,yes
32,management,married,university.degree,no,no,no,cellular,nov,tue,107,1,999,0,nonexistent,-3.4,92.649,-30.1,0.716,5017.5,no
35,management,married,university.degree,no,no,no,cellular,nov,tue,56,1,3,2,success,-3.4,92.649,-30.1,0.716,5017.5,no
35,management,married,university.degree,no,no,no,cellular,nov,tue,190,3,7,3,failure,-3.4,92.649,-30.1,0.716,5017.5,no
34,admin.,divorced,high.school,no,no,no,cellular,nov,tue,492,2,6,3,success,-3.4,92.649,-30.1,0.716,5017.5,no
30,admin.,single,university.degree,no,yes,no,cellular,nov,tue,187,2,999,0,nonexistent,-3.4,92.649,-30.1,0.716,5017.5,no
65,retired,married,basic.4y,no,no,yes,cellular,nov,tue,141,2,999,0,nonexistent,-3.4,92.649,-30.1,0.716,5017.5,no
31,admin.,single,university.degree,no,no,no,cellular,nov,tue,166,2,999,0,nonexistent,-3.4,92.649,-30.1,0.716,5017.5,no
83,retired,divorced,basic.4y,no,yes,yes,cellular,nov,tue,112,1,999,0,nonexistent,-3.4,92.649,-30.1,0.716,5017.5,no
27,management,single,professional.course,no,yes,no,cellular,nov,tue,325,1,3,1,success,-3.4,92.649,-30.1,0.716,5017.5,yes
56,retired,married,university.degree,no,yes,no,cellular,nov,wed,968,2,3,3,success,-3.4,92.649,-30.1,0.716,5017.5,yes
26,student,single,unknown,no,yes,no,cellular,nov,wed,92,2,999,0,nonexistent,-3.4,92.649,-30.1,0.716,5017.5,no
24,student,single,unknown,no,yes,no,cellular,nov,wed,285,2,3,3,success,-3.4,92.649,-30.1,0.716,5017.5,yes
57,retired,married,basic.4y,no,yes,no,cellular,nov,wed,295,1,3,2,success,-3.4,92.649,-30.1,0.716,5017.5,no
53,unknown,married,basic.9y,no,no,yes,cellular,nov,wed,242,1,999,1,failure,-3.4,92.649,-30.1,0.716,5017.5,no
24,admin.,single,university.degree,no,yes,no,cellular,nov,wed,84,1,9,3,failure,-3.4,92.649,-30.1,0.716,5017.5,no
58,self-employed,married,university.degree,no,no,no,cellular,nov,wed,106,1,999,0,nonexistent,-3.4,92.649,-30.1,0.716,5017.5,no
58,self-employed,married,university.degree,no,no,no,cellular,nov,wed,1092,1,999,0,nonexistent,-3.4,92.649,-30.1,0.716,5017.5,no
22,student,single,unknown,no,no,no,cellular,nov,wed,87,1,999,0,nonexistent,-3.4,92.649,-30.1,0.716,5017.5,no
31,technician,single,university.degree,no,no,no,cellular,nov,wed,372,1,999,0,nonexistent,-3.4,92.649,-30.1,0.716,5017.5,yes
78,retired,married,professional.course,no,yes,no,cellular,nov,wed,103,1,999,0,nonexistent,-3.4,92.649,-30.1,0.716,5017.5,no
21,student,single,professional.course,no,no,no,telephone,nov,wed,250,1,999,0,nonexistent,-3.4,92.649,-30.1,0.716,5017.5,no
57,admin.,married,university.degree,no,no,no,cellular,nov,wed,182,1,3,2,success,-3.4,92.649,-30.1,0.716,5017.5,yes
58,retired,married,basic.4y,no,yes,no,cellular,nov,wed,487,1,999,2,failure,-3.4,92.649,-30.1,0.716,5017.5,yes
48,management,divorced,university.degree,no,yes,no,cellular,nov,wed,208,1,3,1,success,-3.4,92.649,-30.1,0.716,5017.5,yes
28,admin.,single,university.degree,no,yes,no,cellular,nov,wed,170,1,999,0,nonexistent,-3.4,92.649,-30.1,0.716,5017.5,no
55,entrepreneur,married,university.degree,no,yes,no,cellular,nov,wed,87,1,999,0,nonexistent,-3.4,92.649,-30.1,0.716,5017.5,no
56,housemaid,divorced,basic.4y,no,yes,no,cellular,nov,wed,414,1,999,1,failure,-3.4,92.649,-30.1,0.716,5017.5,yes
28,technician,single,professional.course,no,yes,no,cellular,nov,wed,296,1,999,1,failure,-3.4,92.649,-30.1,0.716,5017.5,yes
86,retired,divorced,basic.4y,no,yes,no,cellular,nov,wed,237,1,999,1,failure,-3.4,92.649,-30.1,0.716,5017.5,no
27,technician,single,university.degree,no,no,yes,cellular,nov,wed,342,1,999,0,nonexistent,-3.4,92.649,-30.1,0.716,5017.5,yes
28,technician,single,professional.course,no,yes,no,cellular,nov,wed,238,2,6,1,success,-3.4,92.649,-30.1,0.716,5017.5,yes
25,technician,single,professional.course,no,yes,no,cellular,nov,wed,541,1,999,0,nonexistent,-3.4,92.649,-30.1,0.716,5017.5,yes
65,admin.,divorced,university.degree,no,no,no,cellular,nov,fri,142,2,999,0,nonexistent,-3.4,92.649,-30.1,0.718,5017.5,no
32,management,single,university.degree,no,yes,yes,cellular,nov,fri,92,2,999,1,failure,-3.4,92.649,-30.1,0.718,5017.5,no
78,retired,married,professional.course,no,no,no,cellular,nov,fri,319,2,999,1,failure,-3.4,92.649,-30.1,0.718,5017.5,yes
77,retired,divorced,basic.4y,no,no,no,cellular,nov,fri,90,2,999,0,nonexistent,-3.4,92.649,-30.1,0.718,5017.5,no
67,retired,married,basic.4y,no,no,no,telephone,nov,fri,341,4,999,1,failure,-3.4,92.649,-30.1,0.718,5017.5,no
73,retired,married,university.degree,no,no,no,cellular,nov,fri,160,1,999,0,nonexistent,-3.4,92.649,-30.1,0.718,5017.5,yes
38,admin.,married,university.degree,no,yes,no,cellular,nov,mon,110,3,6,1,success,-3.4,92.649,-30.1,0.7190000000000001,5017.5,no
44,admin.,divorced,high.school,no,yes,no,telephone,nov,mon,1628,2,6,1,success,-3.4,92.649,-30.1,0.7190000000000001,5017.5,yes
38,admin.,married,university.degree,no,no,yes,telephone,nov,mon,337,3,999,0,nonexistent,-3.4,92.649,-30.1,0.7190000000000001,5017.5,no
38,admin.,married,university.degree,no,yes,no,cellular,nov,mon,210,3,999,0,nonexistent,-3.4,92.649,-30.1,0.7190000000000001,5017.5,no
62,blue-collar,married,basic.4y,no,yes,no,cellular,nov,mon,152,1,6,1,success,-3.4,92.649,-30.1,0.7190000000000001,5017.5,no
81,housemaid,divorced,basic.4y,no,yes,no,cellular,nov,mon,151,6,999,0,nonexistent,-3.4,92.649,-30.1,0.7190000000000001,5017.5,no
62,blue-collar,married,basic.4y,no,no,no,cellular,nov,mon,123,1,999,1,failure,-3.4,92.649,-30.1,0.7190000000000001,5017.5,no
62,blue-collar,married,basic.4y,no,yes,yes,cellular,nov,mon,152,1,999,0,nonexistent,-3.4,92.649,-30.1,0.7190000000000001,5017.5,no
60,admin.,married,unknown,unknown,yes,no,cellular,dec,wed,357,1,999,0,nonexistent,-3.0,92.713,-33.0,0.721,5023.5,yes
38,technician,married,university.degree,no,yes,yes,cellular,dec,wed,310,1,999,0,nonexistent,-3.0,92.713,-33.0,0.721,5023.5,yes
76,retired,married,university.degree,no,yes,no,cellular,dec,wed,258,1,999,0,nonexistent,-3.0,92.713,-33.0,0.721,5023.5,no
54,unemployed,married,high.school,no,yes,no,cellular,dec,wed,346,1,999,0,nonexistent,-3.0,92.713,-33.0,0.721,5023.5,yes
42,blue-collar,married,basic.9y,no,yes,no,cellular,dec,wed,187,2,999,0,nonexistent,-3.0,92.713,-33.0,0.721,5023.5,no
30,technician,married,university.degree,no,yes,no,cellular,dec,thu,244,2,6,1,success,-3.0,92.713,-33.0,0.72,5023.5,yes
55,technician,married,high.school,no,yes,no,cellular,dec,thu,284,1,999,1,failure,-3.0,92.713,-33.0,0.72,5023.5,yes
83,retired,married,high.school,no,no,no,cellular,dec,thu,155,1,4,3,success,-3.0,92.713,-33.0,0.72,5023.5,yes
83,retired,married,high.school,no,yes,no,cellular,dec,thu,96,1,999,0,nonexistent,-3.0,92.713,-33.0,0.72,5023.5,no
64,admin.,married,university.degree,no,no,yes,cellular,dec,thu,1804,3,999,0,nonexistent,-3.0,92.713,-33.0,0.72,5023.5,no
60,retired,married,high.school,no,no,no,cellular,dec,thu,472,1,999,0,nonexistent,-3.0,92.713,-33.0,0.72,5023.5,yes
64,management,divorced,university.degree,no,no,yes,cellular,dec,thu,421,1,999,1,failure,-3.0,92.713,-33.0,0.72,5023.5,no
48,admin.,married,high.school,unknown,no,yes,cellular,dec,thu,274,1,8,1,success,-3.0,92.713,-33.0,0.72,5023.5,yes
50,admin.,single,high.school,no,yes,no,telephone,dec,fri,705,2,999,0,nonexistent,-3.0,92.713,-33.0,0.718,5023.5,yes
23,student,single,university.degree,no,yes,no,cellular,dec,fri,127,2,6,2,success,-3.0,92.713,-33.0,0.718,5023.5,no
48,management,married,university.degree,no,yes,no,cellular,dec,fri,377,5,999,1,failure,-3.0,92.713,-33.0,0.718,5023.5,no
25,admin.,single,university.degree,no,no,no,cellular,dec,fri,78,2,999,0,nonexistent,-3.0,92.713,-33.0,0.718,5023.5,no
60,retired,married,university.degree,no,yes,no,cellular,dec,fri,55,2,999,0,nonexistent,-3.0,92.713,-33.0,0.718,5023.5,no
46,admin.,married,university.degree,no,unknown,unknown,cellular,dec,fri,696,10,999,0,nonexistent,-3.0,92.713,-33.0,0.718,5023.5,yes
25,admin.,single,university.degree,no,no,no,cellular,dec,fri,1139,2,4,1,success,-3.0,92.713,-33.0,0.718,5023.5,no
80,retired,divorced,basic.4y,no,no,yes,cellular,dec,fri,720,5,999,1,failure,-3.0,92.713,-33.0,0.718,5023.5,no
48,admin.,married,university.degree,no,no,no,cellular,dec,mon,85,2,999,0,nonexistent,-3.0,92.713,-33.0,0.7170000000000001,5023.5,no
30,student,single,unknown,no,no,no,cellular,dec,mon,69,1,999,1,failure,-3.0,92.713,-33.0,0.7170000000000001,5023.5,no
50,technician,married,high.school,no,yes,no,cellular,dec,mon,229,1,999,1,failure,-3.0,92.713,-33.0,0.7170000000000001,5023.5,yes
49,housemaid,single,university.degree,no,no,yes,cellular,dec,mon,334,3,999,0,nonexistent,-3.0,92.713,-33.0,0.7170000000000001,5023.5,no
36,admin.,single,high.school,no,unknown,unknown,cellular,dec,mon,480,1,999,1,failure,-3.0,92.713,-33.0,0.7170000000000001,5023.5,yes
36,technician,single,professional.course,no,no,no,cellular,dec,mon,371,1,999,0,nonexistent,-3.0,92.713,-33.0,0.7170000000000001,5023.5,no
43,admin.,married,high.school,no,no,yes,cellular,dec,mon,415,2,8,2,failure,-3.0,92.713,-33.0,0.7170000000000001,5023.5,yes
47,admin.,married,university.degree,no,no,no,telephone,dec,mon,91,2,999,0,nonexistent,-3.0,92.713,-33.0,0.7170000000000001,5023.5,no
49,housemaid,single,university.degree,no,yes,no,cellular,dec,mon,583,2,6,1,success,-3.0,92.713,-33.0,0.7170000000000001,5023.5,yes
47,admin.,married,university.degree,no,yes,yes,cellular,dec,mon,67,5,999,0,nonexistent,-3.0,92.713,-33.0,0.7170000000000001,5023.5,no
48,admin.,married,university.degree,no,yes,no,cellular,dec,mon,347,4,6,2,success,-3.0,92.713,-33.0,0.7170000000000001,5023.5,no
38,technician,single,university.degree,no,yes,no,cellular,dec,mon,329,2,999,0,nonexistent,-3.0,92.713,-33.0,0.7170000000000001,5023.5,yes
38,unemployed,single,high.school,no,yes,no,cellular,dec,mon,1002,3,10,1,success,-3.0,92.713,-33.0,0.7170000000000001,5023.5,no
54,admin.,divorced,university.degree,no,no,no,cellular,dec,wed,288,7,6,2,success,-3.0,92.713,-33.0,0.715,5023.5,yes
42,services,married,university.degree,no,no,no,cellular,dec,wed,179,1,6,1,success,-3.0,92.713,-33.0,0.715,5023.5,yes
29,student,single,high.school,no,no,no,cellular,dec,wed,390,1,999,0,nonexistent,-3.0,92.713,-33.0,0.715,5023.5,no
64,retired,married,basic.4y,no,unknown,unknown,telephone,dec,wed,137,8,999,0,nonexistent,-3.0,92.713,-33.0,0.715,5023.5,no
56,management,married,professional.course,no,no,no,cellular,dec,wed,124,1,999,0,nonexistent,-3.0,92.713,-33.0,0.715,5023.5,no
30,student,single,unknown,no,no,no,cellular,dec,wed,343,1,4,2,success,-3.0,92.713,-33.0,0.715,5023.5,yes
31,self-employed,single,university.degree,no,no,no,cellular,dec,wed,854,1,999,0,nonexistent,-3.0,92.713,-33.0,0.715,5023.5,yes
32,admin.,married,high.school,no,yes,yes,cellular,dec,wed,479,2,999,0,nonexistent,-3.0,92.713,-33.0,0.715,5023.5,yes
86,retired,married,professional.course,no,no,no,telephone,dec,wed,343,2,999,0,nonexistent,-3.0,92.713,-33.0,0.715,5023.5,yes
26,admin.,single,university.degree,no,yes,no,telephone,dec,wed,395,1,999,0,nonexistent,-3.0,92.713,-33.0,0.715,5023.5,yes
65,management,married,unknown,no,no,no,cellular,dec,wed,456,2,9,1,success,-3.0,92.713,-33.0,0.715,5023.5,yes
70,retired,divorced,basic.9y,no,no,no,telephone,dec,wed,220,2,999,0,nonexistent,-3.0,92.713,-33.0,0.715,5023.5,no
65,management,married,unknown,no,yes,no,telephone,dec,wed,207,3,999,1,failure,-3.0,92.713,-33.0,0.715,5023.5,yes
37,management,married,unknown,no,no,no,cellular,dec,wed,149,3,999,0,nonexistent,-3.0,92.713,-33.0,0.715,5023.5,yes
64,housemaid,married,basic.4y,no,yes,yes,cellular,dec,thu,336,5,999,0,nonexistent,-3.0,92.713,-33.0,0.7140000000000001,5023.5,yes
56,retired,married,basic.4y,no,no,no,cellular,dec,thu,429,1,999,0,nonexistent,-3.0,92.713,-33.0,0.7140000000000001,5023.5,yes
51,unemployed,divorced,high.school,no,no,no,cellular,dec,thu,112,2,999,0,nonexistent,-3.0,92.713,-33.0,0.7140000000000001,5023.5,no
29,unemployed,married,basic.4y,no,no,no,telephone,dec,thu,805,1,999,0,nonexistent,-3.0,92.713,-33.0,0.7140000000000001,5023.5,yes
71,retired,married,unknown,no,yes,yes,cellular,dec,thu,182,1,999,1,failure,-3.0,92.713,-33.0,0.7140000000000001,5023.5,no
64,housemaid,married,basic.4y,no,no,no,telephone,dec,thu,208,1,999,0,nonexistent,-3.0,92.713,-33.0,0.7140000000000001,5023.5,no
64,housemaid,married,basic.4y,no,no,no,cellular,dec,thu,232,1,999,0,nonexistent,-3.0,92.713,-33.0,0.7140000000000001,5023.5,yes
64,housemaid,married,basic.4y,no,no,yes,cellular,dec,thu,501,1,6,1,success,-3.0,92.713,-33.0,0.7140000000000001,5023.5,no
56,retired,married,basic.4y,no,no,no,cellular,dec,thu,582,4,999,0,nonexistent,-3.0,92.713,-33.0,0.7140000000000001,5023.5,yes
62,housemaid,married,professional.course,no,yes,no,cellular,dec,fri,141,2,999,0,nonexistent,-3.0,92.713,-33.0,0.7140000000000001,5023.5,yes
81,retired,divorced,basic.4y,no,yes,no,cellular,dec,fri,166,3,999,0,nonexistent,-3.0,92.713,-33.0,0.7140000000000001,5023.5,yes
61,admin.,married,university.degree,no,no,no,cellular,dec,mon,263,1,999,1,failure,-3.0,92.713,-33.0,0.715,5023.5,no
54,technician,divorced,professional.course,no,yes,no,cellular,dec,mon,352,1,6,1,success,-3.0,92.713,-33.0,0.715,5023.5,no
18,student,single,basic.9y,no,yes,no,cellular,dec,mon,269,1,999,1,failure,-3.0,92.713,-33.0,0.715,5023.5,no
18,student,single,basic.9y,no,yes,no,cellular,dec,mon,446,2,999,0,nonexistent,-3.0,92.713,-33.0,0.715,5023.5,no
63,technician,married,unknown,no,yes,no,cellular,dec,mon,510,2,999,1,failure,-3.0,92.713,-33.0,0.715,5023.5,yes
85,retired,divorced,basic.4y,unknown,yes,no,cellular,dec,mon,321,3,6,1,success,-3.0,92.713,-33.0,0.715,5023.5,yes
84,retired,married,high.school,no,no,no,cellular,dec,tue,351,1,999,0,nonexistent,-3.0,92.713,-33.0,0.715,5023.5,yes
85,retired,divorced,basic.4y,unknown,yes,no,telephone,dec,tue,150,1,999,0,nonexistent,-3.0,92.713,-33.0,0.715,5023.5,no
59,retired,married,professional.course,no,no,no,telephone,dec,tue,476,1,999,1,failure,-3.0,92.713,-33.0,0.715,5023.5,yes
46,admin.,single,university.degree,no,yes,yes,cellular,dec,tue,324,2,999,0,nonexistent,-3.0,92.713,-33.0,0.715,5023.5,yes
56,blue-collar,married,basic.4y,unknown,yes,no,cellular,dec,tue,280,3,6,1,success,-3.0,92.713,-33.0,0.715,5023.5,yes
55,services,married,basic.9y,no,yes,no,cellular,dec,wed,314,1,6,1,success,-3.0,92.713,-33.0,0.715,5023.5,yes
70,retired,married,basic.4y,no,yes,no,cellular,dec,wed,325,1,999,2,failure,-3.0,92.713,-33.0,0.715,5023.5,no
56,admin.,divorced,unknown,no,no,no,cellular,dec,wed,205,1,999,0,nonexistent,-3.0,92.713,-33.0,0.715,5023.5,no
64,retired,married,high.school,no,yes,no,cellular,dec,wed,354,1,999,0,nonexistent,-3.0,92.713,-33.0,0.715,5023.5,yes
47,housemaid,married,basic.9y,no,yes,no,cellular,dec,thu,155,1,999,1,failure,-3.0,92.713,-33.0,0.7120000000000001,5023.5,no
68,management,married,basic.9y,no,yes,no,cellular,dec,thu,97,1,999,2,failure,-3.0,92.713,-33.0,0.7120000000000001,5023.5,no
76,retired,married,university.degree,no,no,no,cellular,dec,thu,103,1,999,1,failure,-3.0,92.713,-33.0,0.7120000000000001,5023.5,no
68,technician,married,unknown,no,no,no,cellular,dec,thu,141,4,999,0,nonexistent,-3.0,92.713,-33.0,0.7120000000000001,5023.5,no
18,student,single,basic.9y,no,no,no,cellular,dec,thu,412,2,999,0,nonexistent,-3.0,92.713,-33.0,0.7120000000000001,5023.5,yes
76,retired,married,university.degree,no,yes,yes,cellular,dec,thu,330,2,4,2,success,-3.0,92.713,-33.0,0.7120000000000001,5023.5,yes
19,student,single,high.school,no,yes,no,cellular,dec,thu,110,2,999,3,failure,-3.0,92.713,-33.0,0.7120000000000001,5023.5,no
24,student,single,high.school,no,yes,no,cellular,dec,thu,726,3,999,0,nonexistent,-3.0,92.713,-33.0,0.7120000000000001,5023.5,yes
76,retired,married,university.degree,no,no,yes,cellular,dec,thu,324,3,4,2,success,-3.0,92.713,-33.0,0.7120000000000001,5023.5,yes
38,unemployed,single,high.school,no,yes,no,cellular,dec,fri,170,4,6,1,success,-3.0,92.713,-33.0,0.71,5023.5,yes
28,admin.,single,university.degree,no,yes,yes,cellular,dec,fri,454,6,999,1,failure,-3.0,92.713,-33.0,0.71,5023.5,no
21,student,single,university.degree,no,yes,no,cellular,dec,fri,379,3,6,1,success,-3.0,92.713,-33.0,0.71,5023.5,yes
52,technician,married,high.school,no,no,no,cellular,dec,fri,406,1,999,1,failure,-3.0,92.713,-33.0,0.71,5023.5,yes
23,blue-collar,single,high.school,no,yes,no,cellular,dec,fri,248,6,999,0,nonexistent,-3.0,92.713,-33.0,0.71,5023.5,no
30,self-employed,single,university.degree,no,yes,yes,cellular,dec,fri,127,2,6,1,success,-3.0,92.713,-33.0,0.71,5023.5,no
55,entrepreneur,divorced,basic.9y,no,no,no,cellular,dec,fri,415,7,999,0,nonexistent,-3.0,92.713,-33.0,0.71,5023.5,yes
36,admin.,married,university.degree,no,yes,no,telephone,dec,fri,52,4,999,0,nonexistent,-3.0,92.713,-33.0,0.71,5023.5,no
29,admin.,married,university.degree,no,yes,no,cellular,dec,mon,116,2,999,1,failure,-3.0,92.713,-33.0,0.7090000000000001,5023.5,no
26,student,single,university.degree,no,no,no,telephone,dec,mon,796,1,999,0,nonexistent,-3.0,92.713,-33.0,0.7090000000000001,5023.5,no
43,management,married,unknown,no,yes,no,telephone,dec,mon,2062,2,8,1,success,-3.0,92.713,-33.0,0.7090000000000001,5023.5,yes
29,admin.,married,university.degree,no,no,no,cellular,dec,mon,77,3,999,1,failure,-3.0,92.713,-33.0,0.7090000000000001,5023.5,no
29,technician,single,university.degree,no,yes,no,cellular,dec,mon,264,2,999,0,nonexistent,-3.0,92.713,-33.0,0.7090000000000001,5023.5,yes
28,unemployed,single,high.school,no,yes,no,cellular,dec,mon,94,3,6,3,success,-3.0,92.713,-33.0,0.7090000000000001,5023.5,no
31,admin.,married,professional.course,no,no,yes,cellular,dec,mon,367,2,999,1,failure,-3.0,92.713,-33.0,0.7090000000000001,5023.5,yes
51,technician,married,professional.course,no,no,yes,cellular,dec,mon,267,2,999,0,nonexistent,-3.0,92.713,-33.0,0.7090000000000001,5023.5,yes
23,student,single,basic.9y,no,yes,no,cellular,dec,tue,321,2,999,0,nonexistent,-3.0,92.713,-33.0,0.708,5023.5,yes
27,student,single,high.school,no,yes,no,cellular,dec,tue,396,1,999,0,nonexistent,-3.0,92.713,-33.0,0.708,5023.5,no
23,student,single,basic.9y,no,yes,no,cellular,dec,tue,256,2,999,0,nonexistent,-3.0,92.713,-33.0,0.708,5023.5,yes
50,admin.,married,university.degree,no,yes,no,cellular,dec,tue,410,3,999,0,nonexistent,-3.0,92.713,-33.0,0.708,5023.5,yes
27,technician,single,university.degree,no,yes,no,cellular,dec,tue,305,3,10,1,success,-3.0,92.713,-33.0,0.708,5023.5,yes
62,retired,married,university.degree,no,yes,no,cellular,dec,wed,282,1,6,1,success,-3.0,92.713,-33.0,0.706,5023.5,yes
28,student,single,unknown,no,yes,no,cellular,dec,wed,102,2,999,0,nonexistent,-3.0,92.713,-33.0,0.706,5023.5,no
57,admin.,married,unknown,no,yes,no,cellular,dec,wed,391,2,999,0,nonexistent,-3.0,92.713,-33.0,0.706,5023.5,yes
41,admin.,married,university.degree,no,no,no,cellular,dec,thu,213,1,999,0,nonexistent,-3.0,92.713,-33.0,0.7070000000000001,5023.5,yes
41,admin.,married,university.degree,no,yes,no,cellular,dec,thu,500,1,999,0,nonexistent,-3.0,92.713,-33.0,0.7070000000000001,5023.5,yes
45,admin.,married,university.degree,no,no,no,cellular,dec,thu,150,2,6,1,success,-3.0,92.713,-33.0,0.7070000000000001,5023.5,yes
35,unemployed,married,professional.course,no,yes,yes,cellular,dec,thu,62,3,999,1,failure,-3.0,92.713,-33.0,0.7070000000000001,5023.5,no
41,admin.,single,university.degree,no,yes,yes,telephone,dec,thu,273,1,999,1,failure,-3.0,92.713,-33.0,0.7070000000000001,5023.5,no
46,technician,married,professional.course,no,yes,no,telephone,dec,mon,679,1,999,0,nonexistent,-3.0,92.713,-33.0,0.706,5023.5,yes
22,technician,single,professional.course,no,yes,no,cellular,dec,mon,1141,1,999,0,nonexistent,-3.0,92.713,-33.0,0.706,5023.5,yes
63,retired,married,professional.course,no,no,no,cellular,dec,mon,83,4,999,0,nonexistent,-3.0,92.713,-33.0,0.706,5023.5,no
35,unemployed,married,professional.course,no,yes,no,cellular,dec,mon,315,1,6,1,success,-3.0,92.713,-33.0,0.706,5023.5,yes
39,unemployed,single,university.degree,no,yes,no,cellular,dec,mon,387,1,6,2,success,-3.0,92.713,-33.0,0.706,5023.5,yes
53,admin.,married,university.degree,no,yes,yes,telephone,dec,mon,824,1,6,2,success,-3.0,92.713,-33.0,0.706,5023.5,yes
30,student,single,university.degree,no,yes,no,cellular,dec,mon,256,1,999,0,nonexistent,-3.0,92.713,-33.0,0.706,5023.5,no
32,self-employed,single,university.degree,no,yes,no,cellular,dec,mon,205,4,999,1,failure,-3.0,92.713,-33.0,0.706,5023.5,yes
40,self-employed,married,university.degree,no,no,yes,cellular,dec,mon,893,1,999,0,nonexistent,-3.0,92.713,-33.0,0.706,5023.5,yes
34,admin.,married,university.degree,no,yes,no,cellular,dec,tue,195,2,999,0,nonexistent,-3.0,92.713,-33.0,0.7070000000000001,5023.5,no
29,management,married,university.degree,no,yes,no,telephone,dec,tue,207,4,999,0,nonexistent,-3.0,92.713,-33.0,0.7070000000000001,5023.5,no
27,technician,single,university.degree,no,yes,no,cellular,dec,tue,1370,3,6,2,success,-3.0,92.713,-33.0,0.7070000000000001,5023.5,yes
32,admin.,single,university.degree,no,yes,no,cellular,dec,tue,449,2,999,0,nonexistent,-3.0,92.713,-33.0,0.7070000000000001,5023.5,yes
34,admin.,married,university.degree,no,no,yes,cellular,dec,tue,196,2,6,2,success,-3.0,92.713,-33.0,0.7070000000000001,5023.5,yes
32,admin.,single,university.degree,no,yes,no,cellular,dec,tue,215,2,999,0,nonexistent,-3.0,92.713,-33.0,0.7070000000000001,5023.5,no
27,technician,single,university.degree,no,yes,no,cellular,dec,tue,109,1,999,1,failure,-3.0,92.713,-33.0,0.7070000000000001,5023.5,no
73,retired,divorced,high.school,no,no,yes,cellular,dec,tue,63,3,6,2,success,-3.0,92.713,-33.0,0.7070000000000001,5023.5,yes
51,blue-collar,married,professional.course,no,yes,no,cellular,dec,wed,241,3,999,0,nonexistent,-3.0,92.713,-33.0,0.7,5023.5,yes
31,student,married,high.school,no,yes,no,cellular,dec,wed,158,3,999,0,nonexistent,-3.0,92.713,-33.0,0.7,5023.5,no
39,admin.,married,high.school,no,yes,no,cellular,dec,wed,110,3,999,1,failure,-3.0,92.713,-33.0,0.7,5023.5,no
59,management,married,university.degree,no,no,no,cellular,dec,thu,112,4,999,1,failure,-3.0,92.713,-33.0,0.7,5023.5,no
59,management,married,university.degree,no,yes,no,cellular,dec,thu,646,3,6,1,success,-3.0,92.713,-33.0,0.7,5023.5,no
60,technician,married,university.degree,no,yes,no,telephone,mar,mon,10,1,999,0,nonexistent,-1.8,93.369,-34.8,0.655,5008.7,no
30,blue-collar,married,high.school,no,yes,no,telephone,mar,tue,904,1,999,0,nonexistent,-1.8,93.369,-34.8,0.655,5008.7,yes
78,retired,divorced,professional.course,no,yes,no,cellular,mar,tue,591,1,999,1,failure,-1.8,93.369,-34.8,0.655,5008.7,yes
66,retired,married,basic.4y,no,yes,no,cellular,mar,tue,229,1,6,1,success,-1.8,93.369,-34.8,0.655,5008.7,yes
66,retired,married,professional.course,no,no,yes,cellular,mar,tue,525,1,21,2,failure,-1.8,93.369,-34.8,0.655,5008.7,yes
31,admin.,divorced,professional.course,no,yes,no,cellular,mar,tue,107,1,999,0,nonexistent,-1.8,93.369,-34.8,0.655,5008.7,no
30,blue-collar,married,high.school,no,no,no,cellular,mar,tue,658,1,999,0,nonexistent,-1.8,93.369,-34.8,0.655,5008.7,yes
30,technician,married,professional.course,no,yes,no,cellular,mar,tue,368,1,999,0,nonexistent,-1.8,93.369,-34.8,0.655,5008.7,yes
30,technician,married,professional.course,no,yes,yes,cellular,mar,tue,147,1,999,0,nonexistent,-1.8,93.369,-34.8,0.655,5008.7,no
27,technician,married,professional.course,no,no,yes,telephone,mar,tue,18,1,999,0,nonexistent,-1.8,93.369,-34.8,0.655,5008.7,no
30,technician,married,professional.course,no,yes,no,cellular,mar,tue,105,1,999,1,failure,-1.8,93.369,-34.8,0.655,5008.7,no
31,admin.,married,university.degree,no,unknown,unknown,cellular,mar,tue,207,1,999,0,nonexistent,-1.8,93.369,-34.8,0.655,5008.7,yes
66,retired,married,professional.course,no,no,no,cellular,mar,tue,177,1,999,1,failure,-1.8,93.369,-34.8,0.655,5008.7,yes
53,technician,married,high.school,no,yes,no,cellular,mar,tue,539,2,999,0,nonexistent,-1.8,93.369,-34.8,0.655,5008.7,yes
27,unknown,single,university.degree,no,no,no,cellular,mar,tue,133,1,999,0,nonexistent,-1.8,93.369,-34.8,0.655,5008.7,no
19,student,single,basic.6y,no,yes,no,cellular,mar,tue,313,1,5,2,success,-1.8,93.369,-34.8,0.655,5008.7,yes
31,admin.,divorced,professional.course,no,yes,no,cellular,mar,tue,292,2,999,1,failure,-1.8,93.369,-34.8,0.655,5008.7,yes
25,blue-collar,single,basic.6y,no,no,no,cellular,mar,tue,228,4,999,0,nonexistent,-1.8,93.369,-34.8,0.655,5008.7,yes
35,services,single,high.school,no,yes,no,telephone,mar,tue,187,3,999,0,nonexistent,-1.8,93.369,-34.8,0.655,5008.7,yes
30,technician,married,professional.course,no,yes,no,cellular,mar,tue,263,2,6,2,success,-1.8,93.369,-34.8,0.655,5008.7,yes
21,student,single,basic.9y,no,no,no,cellular,mar,wed,363,1,6,1,success,-1.8,93.369,-34.8,0.655,5008.7,yes
38,blue-collar,single,high.school,no,no,no,cellular,mar,wed,141,1,999,1,failure,-1.8,93.369,-34.8,0.655,5008.7,yes
24,admin.,single,university.degree,no,yes,no,cellular,mar,wed,145,2,999,1,failure,-1.8,93.369,-34.8,0.655,5008.7,yes
38,blue-collar,single,high.school,no,yes,no,cellular,mar,wed,355,1,13,2,failure,-1.8,93.369,-34.8,0.655,5008.7,yes
37,admin.,single,high.school,no,no,no,cellular,mar,wed,153,2,4,2,success,-1.8,93.369,-34.8,0.655,5008.7,yes
36,admin.,married,high.school,no,yes,no,cellular,mar,wed,114,6,999,0,nonexistent,-1.8,93.369,-34.8,0.655,5008.7,no
54,technician,single,university.degree,no,yes,no,telephone,mar,wed,700,3,999,0,nonexistent,-1.8,93.369,-34.8,0.655,5008.7,no
36,management,single,university.degree,no,no,no,telephone,mar,wed,834,1,999,0,nonexistent,-1.8,93.369,-34.8,0.655,5008.7,yes
34,technician,single,university.degree,no,yes,yes,cellular,mar,thu,221,3,3,2,success,-1.8,93.369,-34.8,0.654,5008.7,yes
37,admin.,single,university.degree,no,yes,no,cellular,mar,thu,194,2,999,1,failure,-1.8,93.369,-34.8,0.654,5008.7,no
34,technician,single,university.degree,no,yes,no,cellular,mar,thu,180,2,999,0,nonexistent,-1.8,93.369,-34.8,0.654,5008.7,yes
52,services,married,high.school,unknown,yes,no,cellular,mar,thu,177,2,11,3,failure,-1.8,93.369,-34.8,0.654,5008.7,yes
36,management,married,university.degree,no,no,no,cellular,mar,thu,148,1,999,2,failure,-1.8,93.369,-34.8,0.654,5008.7,yes
53,admin.,divorced,university.degree,no,yes,yes,cellular,mar,thu,431,1,999,1,failure,-1.8,93.369,-34.8,0.654,5008.7,no
25,blue-collar,single,basic.9y,no,no,no,cellular,mar,thu,117,2,999,0,nonexistent,-1.8,93.369,-34.8,0.654,5008.7,no
55,admin.,married,university.degree,no,yes,no,telephone,mar,thu,220,7,999,0,nonexistent,-1.8,93.369,-34.8,0.654,5008.7,no
66,retired,divorced,basic.4y,no,yes,no,cellular,mar,thu,141,4,999,2,failure,-1.8,93.369,-34.8,0.654,5008.7,no
53,admin.,divorced,university.degree,no,yes,no,telephone,mar,thu,262,1,999,2,failure,-1.8,93.369,-34.8,0.654,5008.7,no
34,admin.,married,professional.course,no,yes,no,cellular,mar,thu,562,3,999,1,failure,-1.8,93.369,-34.8,0.654,5008.7,yes
34,blue-collar,married,high.school,no,yes,no,cellular,mar,fri,115,1,999,0,nonexistent,-1.8,93.369,-34.8,0.653,5008.7,yes
28,unemployed,married,high.school,no,no,no,telephone,mar,fri,341,4,6,1,success,-1.8,93.369,-34.8,0.653,5008.7,yes
72,retired,married,professional.course,no,no,no,cellular,mar,fri,87,1,3,1,success,-1.8,93.369,-34.8,0.653,5008.7,yes
33,entrepreneur,single,professional.course,no,yes,no,cellular,mar,fri,373,1,999,0,nonexistent,-1.8,93.369,-34.8,0.653,5008.7,yes
85,retired,single,professional.course,no,no,no,cellular,mar,fri,116,7,7,2,success,-1.8,93.369,-34.8,0.653,5008.7,no
38,technician,single,high.school,no,no,no,cellular,mar,fri,154,3,17,3,failure,-1.8,93.369,-34.8,0.653,5008.7,no
31,technician,single,professional.course,no,no,no,cellular,mar,fri,172,2,999,0,nonexistent,-1.8,93.369,-34.8,0.653,5008.7,no
34,technician,divorced,professional.course,no,no,no,telephone,mar,fri,257,1,999,1,failure,-1.8,93.369,-34.8,0.653,5008.7,yes
74,retired,married,unknown,no,no,yes,cellular,mar,fri,607,2,999,0,nonexistent,-1.8,93.369,-34.8,0.653,5008.7,yes
27,student,single,high.school,no,no,no,cellular,mar,fri,219,1,999,0,nonexistent,-1.8,93.369,-34.8,0.653,5008.7,yes
41,admin.,divorced,university.degree,no,yes,no,cellular,mar,fri,498,2,6,3,success,-1.8,93.369,-34.8,0.653,5008.7,yes
41,admin.,divorced,university.degree,no,yes,no,cellular,mar,fri,376,2,999,0,nonexistent,-1.8,93.369,-34.8,0.653,5008.7,yes
59,management,married,basic.4y,no,yes,no,cellular,mar,mon,284,2,999,0,nonexistent,-1.8,93.369,-34.8,0.652,5008.7,no
35,technician,single,professional.course,no,no,no,cellular,mar,mon,185,2,999,0,nonexistent,-1.8,93.369,-34.8,0.652,5008.7,no
27,services,single,university.degree,no,yes,no,cellular,mar,mon,111,3,999,0,nonexistent,-1.8,93.369,-34.8,0.652,5008.7,no
29,management,single,university.degree,no,yes,no,cellular,mar,mon,154,2,999,1,failure,-1.8,93.369,-34.8,0.652,5008.7,no
73,retired,married,unknown,no,yes,no,telephone,mar,mon,659,1,999,0,nonexistent,-1.8,93.369,-34.8,0.652,5008.7,yes
49,blue-collar,married,basic.9y,unknown,yes,no,cellular,mar,mon,277,4,999,1,failure,-1.8,93.369,-34.8,0.652,5008.7,yes
49,blue-collar,married,basic.9y,unknown,no,no,cellular,mar,mon,157,3,7,2,success,-1.8,93.369,-34.8,0.652,5008.7,no
27,services,single,university.degree,no,yes,no,cellular,mar,mon,104,1,6,1,success,-1.8,93.369,-34.8,0.652,5008.7,yes
49,blue-collar,married,basic.9y,unknown,no,no,cellular,mar,mon,172,1,6,2,success,-1.8,93.369,-34.8,0.652,5008.7,yes
59,blue-collar,married,basic.4y,no,yes,no,cellular,mar,mon,124,2,999,0,nonexistent,-1.8,93.369,-34.8,0.652,5008.7,yes
36,admin.,single,university.degree,no,no,no,cellular,mar,mon,409,1,999,0,nonexistent,-1.8,93.369,-34.8,0.652,5008.7,yes
49,blue-collar,married,basic.9y,unknown,no,no,cellular,mar,mon,301,1,3,1,success,-1.8,93.369,-34.8,0.652,5008.7,yes
27,services,single,university.degree,no,no,no,cellular,mar,mon,139,6,999,1,failure,-1.8,93.369,-34.8,0.652,5008.7,no
64,retired,married,university.degree,no,no,no,cellular,mar,tue,139,2,6,1,success,-1.8,93.369,-34.8,0.652,5008.7,yes
34,admin.,single,university.degree,no,no,no,telephone,mar,tue,225,1,3,1,success,-1.8,93.369,-34.8,0.652,5008.7,yes
42,blue-collar,married,basic.6y,no,yes,yes,cellular,mar,tue,185,1,7,3,failure,-1.8,93.369,-34.8,0.652,5008.7,yes
29,blue-collar,single,professional.course,no,yes,yes,cellular,mar,tue,176,1,999,0,nonexistent,-1.8,93.369,-34.8,0.652,5008.7,yes
34,admin.,single,university.degree,no,yes,no,cellular,mar,tue,568,1,6,3,success,-1.8,93.369,-34.8,0.652,5008.7,yes
34,admin.,single,university.degree,no,no,no,cellular,mar,tue,241,1,6,1,success,-1.8,93.369,-34.8,0.652,5008.7,yes
34,admin.,single,university.degree,no,no,yes,cellular,mar,tue,236,1,999,0,nonexistent,-1.8,93.369,-34.8,0.652,5008.7,yes
55,unemployed,divorced,university.degree,no,no,no,cellular,mar,tue,212,3,6,3,success,-1.8,93.369,-34.8,0.652,5008.7,yes
26,admin.,single,high.school,no,no,no,cellular,mar,tue,273,2,6,1,success,-1.8,93.369,-34.8,0.652,5008.7,yes
34,admin.,single,university.degree,no,yes,yes,cellular,mar,tue,295,1,999,0,nonexistent,-1.8,93.369,-34.8,0.652,5008.7,yes
29,blue-collar,single,professional.course,no,no,yes,cellular,mar,tue,207,2,999,1,failure,-1.8,93.369,-34.8,0.652,5008.7,yes
43,self-employed,married,university.degree,no,yes,no,cellular,mar,wed,239,1,999,0,nonexistent,-1.8,93.369,-34.8,0.6509999999999999,5008.7,yes
28,self-employed,single,university.degree,no,yes,yes,cellular,mar,wed,217,1,999,1,failure,-1.8,93.369,-34.8,0.6509999999999999,5008.7,no
28,self-employed,single,university.degree,no,yes,no,telephone,mar,wed,152,1,999,1,failure,-1.8,93.369,-34.8,0.6509999999999999,5008.7,no
31,technician,married,university.degree,no,no,no,cellular,mar,wed,625,4,999,0,nonexistent,-1.8,93.369,-34.8,0.6509999999999999,5008.7,no
55,admin.,married,high.school,no,yes,no,cellular,mar,wed,106,2,999,1,failure,-1.8,93.369,-34.8,0.6509999999999999,5008.7,yes
28,admin.,single,university.degree,no,yes,no,cellular,mar,thu,257,4,999,2,failure,-1.8,93.369,-34.8,0.65,5008.7,yes
33,admin.,married,university.degree,no,no,yes,telephone,mar,thu,78,2,999,1,failure,-1.8,93.369,-34.8,0.65,5008.7,no
46,admin.,married,university.degree,no,no,no,telephone,mar,thu,184,1,3,1,success,-1.8,93.369,-34.8,0.65,5008.7,no
46,admin.,married,university.degree,no,yes,no,cellular,mar,thu,335,1,999,0,nonexistent,-1.8,93.369,-34.8,0.65,5008.7,yes
38,services,married,high.school,no,yes,no,cellular,mar,thu,257,1,999,0,nonexistent,-1.8,93.369,-34.8,0.65,5008.7,yes
53,admin.,divorced,university.degree,no,yes,no,cellular,mar,thu,228,1,999,1,failure,-1.8,93.369,-34.8,0.65,5008.7,no
35,technician,married,professional.course,no,no,no,telephone,mar,thu,282,2,6,1,success,-1.8,93.369,-34.8,0.65,5008.7,no
33,admin.,married,university.degree,no,yes,no,cellular,mar,thu,117,1,3,1,success,-1.8,93.369,-34.8,0.65,5008.7,no
31,admin.,single,university.degree,no,no,no,cellular,mar,thu,275,2,999,0,nonexistent,-1.8,93.369,-34.8,0.65,5008.7,no
28,services,single,professional.course,no,yes,no,cellular,mar,fri,169,3,999,1,failure,-1.8,93.369,-34.8,0.649,5008.7,no
61,self-employed,divorced,university.degree,no,no,no,cellular,mar,fri,102,2,999,1,failure,-1.8,93.369,-34.8,0.649,5008.7,no
33,admin.,married,university.degree,no,no,no,cellular,mar,fri,121,2,999,1,failure,-1.8,93.369,-34.8,0.649,5008.7,no
23,student,single,high.school,no,no,no,telephone,mar,fri,290,1,3,1,success,-1.8,93.369,-34.8,0.649,5008.7,yes
38,housemaid,single,high.school,no,yes,no,cellular,mar,fri,422,1,10,1,success,-1.8,93.369,-34.8,0.649,5008.7,yes
33,admin.,married,university.degree,no,no,no,cellular,mar,fri,119,2,999,3,failure,-1.8,93.369,-34.8,0.649,5008.7,no
26,student,single,high.school,no,no,no,cellular,mar,fri,215,1,6,3,success,-1.8,93.369,-34.8,0.649,5008.7,yes
27,services,single,university.degree,no,no,no,cellular,mar,fri,212,1,999,0,nonexistent,-1.8,93.369,-34.8,0.649,5008.7,yes
80,retired,married,basic.4y,no,no,no,cellular,mar,fri,213,3,6,4,success,-1.8,93.369,-34.8,0.649,5008.7,yes
62,technician,married,unknown,no,no,no,cellular,mar,mon,104,2,3,2,success,-1.8,93.369,-34.8,0.6459999999999999,5008.7,yes
58,retired,married,university.degree,no,yes,no,cellular,mar,mon,144,2,999,1,failure,-1.8,93.369,-34.8,0.6459999999999999,5008.7,no
73,retired,married,basic.4y,no,yes,no,cellular,mar,mon,209,2,999,1,failure,-1.8,93.369,-34.8,0.6459999999999999,5008.7,no
53,technician,married,professional.course,no,no,no,cellular,mar,mon,261,4,999,0,nonexistent,-1.8,93.369,-34.8,0.6459999999999999,5008.7,no
30,management,married,university.degree,no,yes,no,cellular,mar,mon,106,3,999,0,nonexistent,-1.8,93.369,-34.8,0.6459999999999999,5008.7,no
29,admin.,single,high.school,no,yes,yes,cellular,mar,mon,257,1,999,0,nonexistent,-1.8,93.369,-34.8,0.6459999999999999,5008.7,yes
62,technician,married,unknown,no,yes,no,cellular,mar,mon,192,1,6,1,success,-1.8,93.369,-34.8,0.6459999999999999,5008.7,yes
48,unemployed,married,university.degree,no,no,yes,cellular,mar,mon,151,1,999,1,failure,-1.8,93.369,-34.8,0.6459999999999999,5008.7,no
53,technician,married,professional.course,no,yes,no,telephone,mar,mon,247,5,999,2,failure,-1.8,93.369,-34.8,0.6459999999999999,5008.7,no
33,admin.,single,university.degree,no,no,no,cellular,mar,mon,427,1,6,2,success,-1.8,93.369,-34.8,0.6459999999999999,5008.7,yes
58,admin.,married,university.degree,no,yes,no,cellular,mar,mon,549,5,999,2,failure,-1.8,93.369,-34.8,0.6459999999999999,5008.7,no
62,technician,married,unknown,no,no,no,cellular,mar,mon,435,3,6,1,success,-1.8,93.369,-34.8,0.6459999999999999,5008.7,no
29,admin.,single,university.degree,no,no,no,cellular,mar,mon,287,2,999,0,nonexistent,-1.8,93.369,-34.8,0.6459999999999999,5008.7,no
31,admin.,married,professional.course,no,no,no,cellular,mar,mon,161,2,999,0,nonexistent,-1.8,93.369,-34.8,0.6459999999999999,5008.7,yes
62,technician,married,unknown,no,no,no,cellular,mar,mon,105,2,999,0,nonexistent,-1.8,93.369,-34.8,0.6459999999999999,5008.7,no
30,self-employed,married,university.degree,no,yes,no,telephone,mar,mon,577,7,999,0,nonexistent,-1.8,93.369,-34.8,0.6459999999999999,5008.7,yes
34,technician,married,professional.course,no,no,no,telephone,mar,mon,300,6,6,1,success,-1.8,93.369,-34.8,0.6459999999999999,5008.7,yes
48,unemployed,married,university.degree,no,yes,no,cellular,mar,mon,195,2,999,0,nonexistent,-1.8,93.369,-34.8,0.6459999999999999,5008.7,no
34,technician,married,professional.course,no,yes,no,telephone,mar,mon,129,1,6,1,success,-1.8,93.369,-34.8,0.6459999999999999,5008.7,no
65,retired,married,basic.4y,no,yes,no,cellular,mar,tue,189,1,999,0,nonexistent,-1.8,93.369,-34.8,0.6459999999999999,5008.7,no
31,unemployed,single,university.degree,no,yes,no,cellular,mar,tue,180,1,10,1,success,-1.8,93.369,-34.8,0.6459999999999999,5008.7,yes
47,self-employed,divorced,university.degree,no,no,no,cellular,mar,tue,261,1,999,0,nonexistent,-1.8,93.369,-34.8,0.6459999999999999,5008.7,yes
48,unemployed,married,university.degree,no,yes,no,cellular,mar,tue,279,1,999,2,failure,-1.8,93.369,-34.8,0.6459999999999999,5008.7,yes
33,technician,single,professional.course,no,yes,no,cellular,mar,tue,459,1,999,0,nonexistent,-1.8,93.369,-34.8,0.6459999999999999,5008.7,yes
52,admin.,married,university.degree,no,yes,no,telephone,mar,tue,294,1,999,1,failure,-1.8,93.369,-34.8,0.6459999999999999,5008.7,no
46,unemployed,single,university.degree,no,no,no,cellular,mar,tue,263,1,10,2,success,-1.8,93.369,-34.8,0.6459999999999999,5008.7,yes
31,admin.,single,university.degree,no,yes,no,telephone,mar,tue,295,1,3,2,success,-1.8,93.369,-34.8,0.6459999999999999,5008.7,yes
52,admin.,married,university.degree,no,no,no,cellular,mar,tue,231,1,6,2,success,-1.8,93.369,-34.8,0.6459999999999999,5008.7,yes
66,retired,married,high.school,no,no,no,cellular,mar,tue,618,1,999,0,nonexistent,-1.8,93.369,-34.8,0.6459999999999999,5008.7,no
30,technician,single,university.degree,no,unknown,unknown,cellular,mar,tue,272,3,999,0,nonexistent,-1.8,93.369,-34.8,0.6459999999999999,5008.7,no
23,student,single,high.school,no,no,no,cellular,mar,wed,128,1,999,0,nonexistent,-1.8,93.369,-34.8,0.644,5008.7,yes
33,self-employed,married,university.degree,no,yes,no,cellular,mar,wed,184,1,11,1,success,-1.8,93.369,-34.8,0.644,5008.7,no
37,technician,married,professional.course,no,yes,yes,cellular,mar,wed,395,1,9,1,success,-1.8,93.369,-34.8,0.644,5008.7,no
56,retired,married,basic.4y,no,no,no,cellular,mar,wed,181,2,9,2,failure,-1.8,93.369,-34.8,0.644,5008.7,no
59,admin.,married,university.degree,no,yes,no,telephone,mar,wed,133,7,999,0,nonexistent,-1.8,93.369,-34.8,0.644,5008.7,no
26,admin.,married,unknown,no,no,no,cellular,mar,thu,359,1,999,1,failure,-1.8,93.369,-34.8,0.643,5008.7,no
28,admin.,single,university.degree,no,yes,no,cellular,mar,thu,370,1,9,1,success,-1.8,93.369,-34.8,0.643,5008.7,no
28,admin.,single,university.degree,no,no,no,cellular,mar,thu,237,1,999,0,nonexistent,-1.8,93.369,-34.8,0.643,5008.7,yes
28,admin.,single,university.degree,no,no,no,cellular,mar,thu,125,1,999,0,nonexistent,-1.8,93.369,-34.8,0.643,5008.7,no
47,services,single,unknown,no,unknown,unknown,cellular,mar,thu,394,2,999,0,nonexistent,-1.8,93.369,-34.8,0.643,5008.7,no
38,admin.,single,university.degree,no,yes,no,cellular,mar,thu,420,1,999,0,nonexistent,-1.8,93.369,-34.8,0.643,5008.7,yes
43,admin.,married,high.school,no,yes,no,cellular,mar,thu,265,1,999,0,nonexistent,-1.8,93.369,-34.8,0.643,5008.7,yes
34,admin.,single,university.degree,no,yes,no,cellular,mar,thu,910,2,6,3,success,-1.8,93.369,-34.8,0.643,5008.7,yes
24,technician,single,professional.course,no,yes,no,telephone,mar,thu,165,3,999,0,nonexistent,-1.8,93.369,-34.8,0.643,5008.7,no
50,management,married,university.degree,no,yes,no,cellular,mar,thu,245,2,999,0,nonexistent,-1.8,93.369,-34.8,0.643,5008.7,no
59,unemployed,married,basic.9y,no,yes,no,cellular,mar,mon,254,2,999,0,nonexistent,-1.8,93.369,-34.8,0.639,5008.7,yes
27,admin.,single,unknown,no,yes,no,cellular,mar,mon,247,3,6,2,success,-1.8,93.369,-34.8,0.639,5008.7,yes
30,technician,unknown,university.degree,no,no,no,cellular,mar,mon,977,2,11,2,success,-1.8,93.369,-34.8,0.639,5008.7,yes
30,technician,unknown,university.degree,no,no,no,cellular,mar,mon,173,2,6,2,success,-1.8,93.369,-34.8,0.639,5008.7,yes
29,admin.,single,university.degree,no,yes,no,cellular,mar,mon,215,1,999,0,nonexistent,-1.8,93.369,-34.8,0.639,5008.7,yes
38,student,single,unknown,no,no,yes,cellular,mar,mon,248,1,3,4,success,-1.8,93.369,-34.8,0.639,5008.7,yes
38,student,single,unknown,no,yes,no,cellular,mar,mon,344,1,11,1,success,-1.8,93.369,-34.8,0.639,5008.7,no
38,student,single,unknown,no,no,no,cellular,mar,mon,516,6,999,0,nonexistent,-1.8,93.369,-34.8,0.639,5008.7,no
39,technician,divorced,high.school,no,no,no,cellular,mar,mon,174,1,3,1,success,-1.8,93.369,-34.8,0.639,5008.7,yes
36,blue-collar,divorced,high.school,no,no,no,cellular,mar,mon,96,2,999,1,failure,-1.8,93.369,-34.8,0.639,5008.7,no
70,retired,married,unknown,no,no,no,telephone,mar,mon,174,2,7,2,success,-1.8,93.369,-34.8,0.639,5008.7,no
27,admin.,single,unknown,no,no,no,cellular,mar,mon,291,1,999,3,failure,-1.8,93.369,-34.8,0.639,5008.7,yes
30,student,single,unknown,no,no,yes,telephone,mar,tue,255,1,3,2,success,-1.8,93.369,-34.8,0.637,5008.7,yes
37,blue-collar,married,basic.9y,no,yes,no,cellular,mar,tue,158,1,999,1,failure,-1.8,93.369,-34.8,0.637,5008.7,no
27,admin.,single,university.degree,no,no,no,cellular,mar,tue,273,1,999,0,nonexistent,-1.8,93.369,-34.8,0.637,5008.7,yes
27,admin.,single,university.degree,no,no,no,cellular,mar,tue,191,2,999,0,nonexistent,-1.8,93.369,-34.8,0.637,5008.7,yes
30,student,single,unknown,no,no,no,cellular,mar,thu,101,1,14,1,success,-1.8,93.369,-34.8,0.635,5008.7,yes
30,student,single,unknown,no,yes,no,cellular,mar,thu,292,1,999,0,nonexistent,-1.8,93.369,-34.8,0.635,5008.7,yes
80,retired,married,basic.4y,no,yes,no,cellular,mar,thu,156,1,999,0,nonexistent,-1.8,93.369,-34.8,0.635,5008.7,yes
28,blue-collar,single,high.school,no,no,no,cellular,mar,thu,247,1,999,0,nonexistent,-1.8,93.369,-34.8,0.635,5008.7,no
41,technician,divorced,university.degree,no,no,no,cellular,mar,thu,187,1,6,1,success,-1.8,93.369,-34.8,0.635,5008.7,yes
33,admin.,single,unknown,no,no,no,cellular,mar,thu,196,3,999,1,failure,-1.8,93.369,-34.8,0.635,5008.7,no
28,admin.,single,university.degree,no,no,no,cellular,mar,thu,189,1,999,0,nonexistent,-1.8,93.369,-34.8,0.635,5008.7,no
36,admin.,single,unknown,no,yes,no,cellular,mar,thu,231,1,999,0,nonexistent,-1.8,93.369,-34.8,0.635,5008.7,no
78,retired,married,unknown,no,no,no,cellular,mar,thu,272,1,6,2,success,-1.8,93.369,-34.8,0.635,5008.7,yes
66,housemaid,divorced,basic.4y,no,yes,no,cellular,mar,thu,201,1,3,2,success,-1.8,93.369,-34.8,0.635,5008.7,yes
34,blue-collar,single,unknown,no,no,no,cellular,mar,fri,98,2,999,0,nonexistent,-1.8,93.369,-34.8,0.636,5008.7,no
57,blue-collar,married,basic.9y,no,no,no,cellular,mar,fri,94,2,999,0,nonexistent,-1.8,93.369,-34.8,0.636,5008.7,no
65,housemaid,divorced,basic.4y,unknown,no,no,cellular,mar,fri,288,3,999,0,nonexistent,-1.8,93.369,-34.8,0.636,5008.7,yes
33,services,single,high.school,no,yes,no,cellular,mar,fri,128,2,6,1,success,-1.8,93.369,-34.8,0.636,5008.7,no
59,services,single,high.school,no,yes,no,cellular,mar,fri,169,2,999,0,nonexistent,-1.8,93.369,-34.8,0.636,5008.7,no
34,blue-collar,single,unknown,no,yes,no,cellular,mar,fri,360,1,999,1,failure,-1.8,93.369,-34.8,0.636,5008.7,yes
26,admin.,single,high.school,no,yes,no,cellular,mar,fri,454,1,999,0,nonexistent,-1.8,93.369,-34.8,0.636,5008.7,no
27,self-employed,single,university.degree,no,no,no,cellular,mar,fri,281,1,999,0,nonexistent,-1.8,93.369,-34.8,0.636,5008.7,yes
26,admin.,single,university.degree,no,no,no,cellular,mar,fri,81,1,7,4,failure,-1.8,93.369,-34.8,0.636,5008.7,no
78,retired,married,basic.4y,no,yes,no,telephone,mar,fri,139,1,999,0,nonexistent,-1.8,93.369,-34.8,0.636,5008.7,no
28,admin.,single,university.degree,no,no,no,cellular,mar,fri,157,2,999,1,failure,-1.8,93.369,-34.8,0.636,5008.7,no
51,admin.,married,university.degree,no,yes,yes,cellular,mar,fri,201,3,999,1,failure,-1.8,93.369,-34.8,0.636,5008.7,no
58,services,married,high.school,no,no,no,cellular,mar,mon,198,2,999,2,failure,-1.8,93.369,-34.8,0.635,5008.7,no
58,services,married,high.school,no,yes,no,cellular,mar,mon,88,3,999,2,failure,-1.8,93.369,-34.8,0.635,5008.7,no
58,services,married,high.school,no,yes,no,cellular,mar,mon,164,5,999,1,failure,-1.8,93.369,-34.8,0.635,5008.7,no
58,services,married,high.school,no,no,no,cellular,mar,mon,135,1,999,2,failure,-1.8,93.369,-34.8,0.635,5008.7,no
57,management,married,university.degree,no,no,no,cellular,mar,mon,341,2,999,0,nonexistent,-1.8,93.369,-34.8,0.635,5008.7,yes
58,services,married,high.school,no,yes,no,cellular,mar,mon,317,4,999,0,nonexistent,-1.8,93.369,-34.8,0.635,5008.7,no
20,services,single,unknown,no,no,no,cellular,mar,mon,150,3,3,3,success,-1.8,93.369,-34.8,0.635,5008.7,no
58,services,married,high.school,no,yes,no,telephone,mar,mon,113,4,999,0,nonexistent,-1.8,93.369,-34.8,0.635,5008.7,no
49,technician,divorced,professional.course,no,yes,no,cellular,mar,tue,361,2,999,1,failure,-1.8,93.369,-34.8,0.635,5008.7,no
86,retired,married,basic.4y,unknown,yes,no,cellular,mar,tue,186,2,999,2,failure,-1.8,93.369,-34.8,0.635,5008.7,no
68,retired,divorced,basic.4y,no,yes,no,cellular,mar,tue,277,2,11,1,success,-1.8,93.369,-34.8,0.635,5008.7,yes
47,self-employed,married,professional.course,no,yes,no,telephone,mar,tue,110,1,999,0,nonexistent,-1.8,93.369,-34.8,0.635,5008.7,yes
34,management,married,university.degree,no,unknown,unknown,cellular,mar,tue,57,4,999,0,nonexistent,-1.8,93.369,-34.8,0.635,5008.7,no
27,admin.,single,university.degree,no,yes,no,cellular,mar,tue,371,1,999,2,failure,-1.8,93.369,-34.8,0.635,5008.7,no
56,unemployed,divorced,basic.4y,no,no,no,cellular,mar,wed,577,1,999,0,nonexistent,-1.8,93.369,-34.8,0.634,5008.7,yes
56,unemployed,divorced,basic.4y,no,yes,no,cellular,mar,wed,170,1,999,1,failure,-1.8,93.369,-34.8,0.634,5008.7,yes
56,admin.,single,university.degree,no,no,no,cellular,mar,wed,193,1,5,1,success,-1.8,93.369,-34.8,0.634,5008.7,yes
56,admin.,single,university.degree,no,yes,no,cellular,mar,wed,175,1,999,1,failure,-1.8,93.369,-34.8,0.634,5008.7,yes
56,admin.,single,university.degree,no,yes,no,cellular,mar,wed,382,1,999,1,failure,-1.8,93.369,-34.8,0.634,5008.7,no
27,admin.,single,university.degree,no,yes,no,cellular,mar,wed,210,1,6,2,success,-1.8,93.369,-34.8,0.634,5008.7,yes
32,management,married,university.degree,no,yes,no,telephone,mar,wed,30,1,999,0,nonexistent,-1.8,93.369,-34.8,0.634,5008.7,no
60,housemaid,married,basic.4y,no,yes,yes,cellular,apr,thu,149,1,12,1,success,-1.8,93.749,-34.6,0.635,5008.7,yes
56,admin.,single,university.degree,no,no,yes,cellular,apr,thu,158,1,999,1,failure,-1.8,93.749,-34.6,0.635,5008.7,no
33,admin.,single,university.degree,no,yes,no,cellular,apr,thu,280,1,7,2,success,-1.8,93.749,-34.6,0.635,5008.7,yes
27,student,single,unknown,no,yes,no,telephone,apr,thu,390,1,4,1,success,-1.8,93.749,-34.6,0.635,5008.7,yes
41,admin.,divorced,high.school,no,no,no,telephone,apr,thu,558,2,999,0,nonexistent,-1.8,93.749,-34.6,0.635,5008.7,yes
35,admin.,divorced,high.school,no,yes,no,telephone,apr,thu,216,3,999,1,failure,-1.8,93.749,-34.6,0.635,5008.7,yes
32,admin.,single,university.degree,no,yes,no,cellular,apr,thu,358,2,999,0,nonexistent,-1.8,93.749,-34.6,0.635,5008.7,yes
35,admin.,divorced,high.school,no,yes,yes,telephone,apr,thu,111,1,999,0,nonexistent,-1.8,93.749,-34.6,0.635,5008.7,yes
27,technician,single,professional.course,no,no,no,cellular,apr,tue,127,3,999,1,failure,-1.8,93.749,-34.6,0.638,5008.7,no
27,admin.,single,university.degree,no,no,no,cellular,apr,tue,317,1,12,1,success,-1.8,93.749,-34.6,0.638,5008.7,yes
61,admin.,married,high.school,no,yes,no,cellular,apr,tue,196,1,999,1,failure,-1.8,93.749,-34.6,0.638,5008.7,yes
76,retired,married,basic.4y,no,no,no,cellular,apr,tue,122,4,999,1,failure,-1.8,93.749,-34.6,0.638,5008.7,no
39,technician,married,professional.course,no,no,no,cellular,apr,thu,208,3,999,1,failure,-1.8,93.749,-34.6,0.64,5008.7,no
53,management,divorced,university.degree,no,yes,no,cellular,apr,thu,222,2,999,0,nonexistent,-1.8,93.749,-34.6,0.64,5008.7,yes
75,retired,married,unknown,no,yes,no,cellular,apr,thu,237,2,999,0,nonexistent,-1.8,93.749,-34.6,0.64,5008.7,no
53,management,divorced,university.degree,no,yes,yes,cellular,apr,thu,126,6,999,0,nonexistent,-1.8,93.749,-34.6,0.64,5008.7,no
53,management,divorced,university.degree,no,no,no,cellular,apr,thu,198,2,999,0,nonexistent,-1.8,93.749,-34.6,0.64,5008.7,no
71,retired,married,professional.course,no,no,no,cellular,apr,thu,559,1,999,0,nonexistent,-1.8,93.749,-34.6,0.64,5008.7,yes
53,technician,married,university.degree,no,unknown,unknown,cellular,apr,thu,758,2,999,2,failure,-1.8,93.749,-34.6,0.64,5008.7,yes
71,retired,married,professional.course,no,yes,no,cellular,apr,thu,236,2,999,0,nonexistent,-1.8,93.749,-34.6,0.64,5008.7,no
37,technician,married,professional.course,no,yes,no,telephone,apr,mon,481,1,999,0,nonexistent,-1.8,93.749,-34.6,0.642,5008.7,yes
54,admin.,married,high.school,no,yes,no,cellular,apr,mon,158,2,999,0,nonexistent,-1.8,93.749,-34.6,0.642,5008.7,yes
37,management,single,university.degree,no,no,no,cellular,apr,mon,161,1,999,1,failure,-1.8,93.749,-34.6,0.642,5008.7,no
35,admin.,married,university.degree,no,yes,no,cellular,apr,mon,337,1,999,2,failure,-1.8,93.749,-34.6,0.642,5008.7,no
33,admin.,single,university.degree,no,yes,no,cellular,apr,mon,169,1,999,0,nonexistent,-1.8,93.749,-34.6,0.642,5008.7,no
62,entrepreneur,married,basic.9y,no,yes,no,cellular,apr,mon,366,2,10,1,success,-1.8,93.749,-34.6,0.642,5008.7,no
58,housemaid,single,professional.course,no,no,no,cellular,apr,mon,158,2,6,2,success,-1.8,93.749,-34.6,0.642,5008.7,no
33,admin.,single,university.degree,no,no,no,cellular,apr,mon,339,1,999,2,failure,-1.8,93.749,-34.6,0.642,5008.7,no
49,admin.,married,high.school,unknown,no,no,cellular,apr,mon,119,1,6,1,success,-1.8,93.749,-34.6,0.642,5008.7,no
42,housemaid,divorced,basic.4y,no,yes,no,telephone,apr,mon,271,1,999,1,failure,-1.8,93.749,-34.6,0.642,5008.7,no
33,admin.,single,university.degree,no,yes,no,cellular,apr,mon,143,1,999,0,nonexistent,-1.8,93.749,-34.6,0.642,5008.7,no
58,housemaid,single,professional.course,no,no,no,cellular,apr,mon,147,1,6,1,success,-1.8,93.749,-34.6,0.642,5008.7,no
56,technician,married,high.school,no,no,no,cellular,apr,mon,119,2,999,0,nonexistent,-1.8,93.749,-34.6,0.642,5008.7,no
59,blue-collar,married,basic.4y,no,no,no,cellular,apr,mon,1397,3,999,1,failure,-1.8,93.749,-34.6,0.642,5008.7,yes
33,admin.,single,university.degree,no,yes,no,cellular,apr,mon,143,2,999,1,failure,-1.8,93.749,-34.6,0.642,5008.7,no
35,admin.,married,university.degree,no,yes,no,cellular,apr,mon,176,1,999,0,nonexistent,-1.8,93.749,-34.6,0.642,5008.7,yes
63,technician,married,high.school,no,no,no,cellular,apr,mon,176,3,999,0,nonexistent,-1.8,93.749,-34.6,0.642,5008.7,yes
33,management,single,university.degree,no,no,no,cellular,apr,tue,113,3,999,1,failure,-1.8,93.749,-34.6,0.644,5008.7,no
26,admin.,single,university.degree,no,yes,yes,cellular,apr,tue,295,4,6,2,success,-1.8,93.749,-34.6,0.644,5008.7,yes
80,housemaid,married,basic.4y,no,yes,yes,cellular,apr,tue,232,1,12,1,success,-1.8,93.749,-34.6,0.644,5008.7,yes
49,admin.,married,university.degree,no,yes,yes,cellular,apr,tue,218,2,999,3,failure,-1.8,93.749,-34.6,0.644,5008.7,yes
20,student,single,basic.4y,no,yes,yes,cellular,apr,tue,240,1,999,1,failure,-1.8,93.749,-34.6,0.644,5008.7,yes
20,student,single,basic.4y,no,yes,yes,cellular,apr,tue,278,4,6,1,success,-1.8,93.749,-34.6,0.644,5008.7,yes
53,entrepreneur,married,basic.4y,no,yes,yes,cellular,apr,tue,398,2,999,0,nonexistent,-1.8,93.749,-34.6,0.644,5008.7,yes
36,admin.,single,basic.9y,no,yes,yes,telephone,apr,wed,173,1,999,0,nonexistent,-1.8,93.749,-34.6,0.644,5008.7,yes
48,admin.,married,university.degree,no,yes,no,cellular,apr,thu,220,2,999,1,failure,-1.8,93.749,-34.6,0.644,5008.7,no
48,admin.,married,university.degree,no,no,no,telephone,apr,thu,185,1,6,2,success,-1.8,93.749,-34.6,0.644,5008.7,yes
74,retired,married,university.degree,no,no,no,cellular,apr,thu,200,1,999,0,nonexistent,-1.8,93.749,-34.6,0.644,5008.7,yes
48,admin.,married,university.degree,no,yes,yes,cellular,apr,thu,200,1,6,2,success,-1.8,93.749,-34.6,0.644,5008.7,yes
48,admin.,married,university.degree,no,yes,no,cellular,apr,thu,141,1,999,0,nonexistent,-1.8,93.749,-34.6,0.644,5008.7,yes
35,admin.,married,university.degree,no,yes,no,cellular,apr,thu,330,1,10,1,success,-1.8,93.749,-34.6,0.644,5008.7,yes
58,admin.,married,professional.course,no,yes,no,cellular,apr,thu,98,4,999,2,failure,-1.8,93.749,-34.6,0.644,5008.7,no
22,services,single,high.school,no,no,no,cellular,apr,thu,699,2,999,1,failure,-1.8,93.749,-34.6,0.644,5008.7,no
35,services,married,professional.course,no,yes,no,cellular,apr,thu,218,2,6,1,success,-1.8,93.749,-34.6,0.644,5008.7,yes
68,retired,married,basic.4y,no,yes,no,cellular,apr,fri,177,1,999,0,nonexistent,-1.8,93.749,-34.6,0.644,5008.7,no
41,admin.,married,university.degree,no,yes,no,cellular,apr,fri,961,6,999,0,nonexistent,-1.8,93.749,-34.6,0.644,5008.7,yes
68,retired,married,university.degree,no,yes,no,cellular,apr,fri,330,3,999,0,nonexistent,-1.8,93.749,-34.6,0.644,5008.7,yes
55,technician,married,professional.course,no,yes,no,cellular,apr,fri,148,2,999,1,failure,-1.8,93.749,-34.6,0.644,5008.7,no
50,technician,single,university.degree,no,yes,no,telephone,apr,fri,634,1,999,0,nonexistent,-1.8,93.749,-34.6,0.644,5008.7,yes
82,retired,divorced,basic.4y,no,yes,yes,cellular,apr,mon,125,2,999,0,nonexistent,-1.8,93.749,-34.6,0.643,5008.7,yes
25,self-employed,single,unknown,no,no,no,cellular,apr,mon,131,2,999,1,failure,-1.8,93.749,-34.6,0.643,5008.7,no
29,admin.,single,university.degree,no,yes,no,cellular,apr,mon,237,4,999,0,nonexistent,-1.8,93.749,-34.6,0.643,5008.7,no
25,self-employed,single,unknown,no,no,no,cellular,apr,mon,232,3,999,1,failure,-1.8,93.749,-34.6,0.643,5008.7,no
54,admin.,married,high.school,no,no,no,cellular,apr,mon,220,1,12,1,success,-1.8,93.749,-34.6,0.643,5008.7,no
82,retired,divorced,basic.4y,no,no,no,cellular,apr,mon,529,1,6,2,success,-1.8,93.749,-34.6,0.643,5008.7,yes
74,retired,divorced,basic.4y,no,yes,no,cellular,apr,mon,142,2,999,0,nonexistent,-1.8,93.749,-34.6,0.643,5008.7,yes
74,retired,divorced,basic.4y,no,no,yes,cellular,apr,mon,184,2,14,2,failure,-1.8,93.749,-34.6,0.643,5008.7,no
74,retired,married,basic.4y,no,no,no,telephone,apr,mon,1143,5,999,0,nonexistent,-1.8,93.749,-34.6,0.643,5008.7,yes
85,housemaid,married,basic.4y,unknown,no,no,cellular,apr,tue,175,6,6,1,success,-1.8,93.749,-34.6,0.642,5008.7,yes
85,housemaid,married,basic.4y,unknown,yes,no,cellular,apr,tue,167,1,6,2,success,-1.8,93.749,-34.6,0.642,5008.7,yes
85,housemaid,married,basic.4y,unknown,no,no,cellular,apr,tue,166,1,999,0,nonexistent,-1.8,93.749,-34.6,0.642,5008.7,no
75,retired,divorced,high.school,no,no,no,telephone,apr,tue,162,1,6,2,success,-1.8,93.749,-34.6,0.642,5008.7,yes
85,housemaid,married,basic.4y,unknown,yes,no,cellular,apr,tue,462,1,999,1,failure,-1.8,93.749,-34.6,0.642,5008.7,yes
70,retired,married,basic.4y,no,yes,no,telephone,apr,tue,268,2,999,1,failure,-1.8,93.749,-34.6,0.642,5008.7,no
45,management,married,unknown,no,yes,no,cellular,apr,tue,379,3,7,1,success,-1.8,93.749,-34.6,0.642,5008.7,yes
61,retired,married,high.school,no,yes,no,cellular,apr,tue,930,4,999,0,nonexistent,-1.8,93.749,-34.6,0.642,5008.7,no
57,housemaid,married,basic.4y,no,yes,no,telephone,apr,wed,595,3,999,1,failure,-1.8,93.749,-34.6,0.642,5008.7,yes
80,retired,divorced,basic.4y,no,yes,no,cellular,apr,wed,354,1,999,0,nonexistent,-1.8,93.749,-34.6,0.642,5008.7,no
80,retired,divorced,basic.4y,no,yes,no,telephone,apr,wed,623,2,999,0,nonexistent,-1.8,93.749,-34.6,0.642,5008.7,yes
80,retired,divorced,basic.4y,no,yes,yes,cellular,apr,wed,654,2,999,0,nonexistent,-1.8,93.749,-34.6,0.642,5008.7,yes
57,housemaid,married,basic.4y,no,no,no,cellular,apr,wed,224,2,6,1,success,-1.8,93.749,-34.6,0.642,5008.7,yes
58,unemployed,married,basic.9y,no,yes,no,cellular,apr,thu,229,1,6,1,success,-1.8,93.749,-34.6,0.644,5008.7,yes
53,housemaid,married,university.degree,no,yes,no,cellular,apr,thu,494,1,6,1,success,-1.8,93.749,-34.6,0.644,5008.7,yes
80,retired,divorced,basic.4y,no,yes,no,cellular,apr,thu,234,1,999,0,nonexistent,-1.8,93.749,-34.6,0.644,5008.7,no
57,retired,married,high.school,no,yes,no,cellular,apr,thu,407,2,999,0,nonexistent,-1.8,93.749,-34.6,0.644,5008.7,yes
77,retired,married,high.school,no,yes,no,cellular,apr,thu,165,7,999,0,nonexistent,-1.8,93.749,-34.6,0.644,5008.7,yes
59,retired,divorced,high.school,no,yes,no,cellular,apr,thu,247,2,999,1,failure,-1.8,93.749,-34.6,0.644,5008.7,no
44,admin.,married,high.school,no,yes,no,cellular,apr,thu,292,4,999,0,nonexistent,-1.8,93.749,-34.6,0.644,5008.7,no
80,retired,divorced,basic.4y,no,yes,yes,cellular,apr,thu,554,1,10,2,success,-1.8,93.749,-34.6,0.644,5008.7,yes
32,admin.,single,university.degree,no,yes,yes,cellular,apr,fri,109,5,6,1,success,-1.8,93.749,-34.6,0.645,5008.7,no
43,admin.,divorced,university.degree,no,no,no,telephone,apr,fri,263,4,999,0,nonexistent,-1.8,93.749,-34.6,0.645,5008.7,yes
41,admin.,married,university.degree,no,yes,no,cellular,apr,fri,342,1,999,0,nonexistent,-1.8,93.749,-34.6,0.645,5008.7,yes
47,admin.,married,high.school,no,yes,no,cellular,apr,fri,296,1,999,1,failure,-1.8,93.749,-34.6,0.645,5008.7,yes
73,retired,single,professional.course,no,no,no,cellular,apr,fri,291,1,6,3,success,-1.8,93.749,-34.6,0.645,5008.7,yes
25,admin.,single,university.degree,no,no,yes,cellular,apr,fri,207,1,999,0,nonexistent,-1.8,93.749,-34.6,0.645,5008.7,no
62,technician,married,unknown,no,yes,no,cellular,apr,fri,215,2,999,1,failure,-1.8,93.749,-34.6,0.645,5008.7,no
71,retired,married,basic.4y,no,no,no,telephone,apr,mon,92,8,999,0,nonexistent,-1.8,93.749,-34.6,0.645,5008.7,no
29,admin.,single,university.degree,no,yes,no,cellular,apr,mon,378,3,12,1,success,-1.8,93.749,-34.6,0.645,5008.7,no
38,management,divorced,university.degree,no,yes,no,cellular,apr,mon,182,2,6,1,success,-1.8,93.749,-34.6,0.645,5008.7,yes
29,technician,married,university.degree,no,yes,no,cellular,apr,mon,116,2,999,0,nonexistent,-1.8,93.749,-34.6,0.645,5008.7,no
32,technician,married,professional.course,no,no,no,cellular,apr,mon,688,2,999,0,nonexistent,-1.8,93.749,-34.6,0.645,5008.7,yes
46,admin.,married,high.school,no,yes,yes,cellular,apr,mon,128,2,6,2,success,-1.8,93.749,-34.6,0.645,5008.7,no
29,technician,married,university.degree,no,yes,no,cellular,apr,mon,192,1,999,1,failure,-1.8,93.749,-34.6,0.645,5008.7,yes
30,student,single,high.school,no,yes,yes,cellular,apr,mon,102,3,10,1,success,-1.8,93.749,-34.6,0.645,5008.7,no
20,student,single,high.school,no,no,no,cellular,apr,mon,1472,1,999,3,failure,-1.8,93.749,-34.6,0.645,5008.7,yes
46,admin.,married,high.school,no,yes,no,cellular,apr,mon,166,5,999,4,failure,-1.8,93.749,-34.6,0.645,5008.7,no
71,retired,married,basic.4y,no,no,no,cellular,apr,mon,328,2,4,1,success,-1.8,93.749,-34.6,0.645,5008.7,yes
24,blue-collar,single,high.school,no,no,no,cellular,apr,mon,125,2,999,1,failure,-1.8,93.749,-34.6,0.645,5008.7,no
71,retired,married,basic.4y,no,no,no,cellular,apr,mon,117,3,999,0,nonexistent,-1.8,93.749,-34.6,0.645,5008.7,no
24,blue-collar,single,high.school,no,yes,no,cellular,apr,mon,135,1,999,1,failure,-1.8,93.749,-34.6,0.645,5008.7,no
39,management,married,university.degree,no,no,no,telephone,apr,tue,325,1,999,2,failure,-1.8,93.749,-34.6,0.6459999999999999,5008.7,yes
27,admin.,single,university.degree,no,yes,no,cellular,apr,tue,605,1,999,0,nonexistent,-1.8,93.749,-34.6,0.6459999999999999,5008.7,no
30,admin.,single,university.degree,no,yes,no,cellular,apr,tue,321,1,999,0,nonexistent,-1.8,93.749,-34.6,0.6459999999999999,5008.7,yes
20,student,single,unknown,no,yes,no,cellular,apr,tue,81,3,999,0,nonexistent,-1.8,93.749,-34.6,0.6459999999999999,5008.7,no
44,management,married,unknown,no,no,no,telephone,apr,tue,473,2,999,1,failure,-1.8,93.749,-34.6,0.6459999999999999,5008.7,yes
48,technician,single,professional.course,no,yes,no,cellular,apr,tue,159,3,999,0,nonexistent,-1.8,93.749,-34.6,0.6459999999999999,5008.7,yes
20,student,single,unknown,no,yes,no,cellular,apr,tue,99,1,999,0,nonexistent,-1.8,93.749,-34.6,0.6459999999999999,5008.7,no
52,admin.,married,unknown,no,yes,no,cellular,apr,wed,184,2,10,1,success,-1.8,93.749,-34.6,0.654,5008.7,yes
52,admin.,married,unknown,no,yes,no,telephone,apr,wed,403,1,6,1,success,-1.8,93.749,-34.6,0.654,5008.7,yes
28,admin.,single,unknown,no,yes,no,cellular,apr,wed,545,2,6,4,success,-1.8,93.749,-34.6,0.654,5008.7,yes
33,admin.,married,university.degree,no,yes,no,cellular,apr,wed,623,1,6,1,success,-1.8,93.749,-34.6,0.654,5008.7,yes
52,admin.,married,unknown,no,no,no,cellular,apr,wed,387,2,999,0,nonexistent,-1.8,93.749,-34.6,0.654,5008.7,yes
50,admin.,married,basic.9y,no,yes,no,cellular,apr,thu,717,3,999,0,nonexistent,-1.8,93.749,-34.6,0.659,5008.7,yes
33,admin.,married,university.degree,no,no,no,cellular,apr,thu,157,6,999,0,nonexistent,-1.8,93.749,-34.6,0.659,5008.7,no
29,services,single,unknown,no,yes,no,cellular,apr,thu,226,2,999,0,nonexistent,-1.8,93.749,-34.6,0.659,5008.7,yes
38,admin.,single,high.school,no,yes,no,cellular,apr,thu,882,1,6,1,success,-1.8,93.749,-34.6,0.659,5008.7,yes
61,retired,married,basic.9y,no,no,no,cellular,apr,thu,165,2,999,0,nonexistent,-1.8,93.749,-34.6,0.659,5008.7,no
37,technician,married,professional.course,no,no,no,cellular,apr,thu,277,1,18,1,success,-1.8,93.749,-34.6,0.659,5008.7,yes
26,admin.,single,university.degree,no,yes,no,cellular,apr,thu,115,2,999,1,failure,-1.8,93.749,-34.6,0.659,5008.7,no
35,admin.,single,university.degree,no,yes,no,cellular,apr,thu,388,2,999,0,nonexistent,-1.8,93.749,-34.6,0.659,5008.7,yes
29,services,single,unknown,no,yes,no,cellular,apr,thu,1241,5,999,0,nonexistent,-1.8,93.749,-34.6,0.659,5008.7,yes
36,unemployed,married,professional.course,no,yes,no,cellular,apr,thu,835,7,999,0,nonexistent,-1.8,93.749,-34.6,0.659,5008.7,no
52,admin.,married,university.degree,no,no,yes,telephone,apr,thu,395,3,999,0,nonexistent,-1.8,93.749,-34.6,0.659,5008.7,yes
33,admin.,single,university.degree,no,yes,no,cellular,apr,thu,305,3,999,0,nonexistent,-1.8,93.749,-34.6,0.659,5008.7,yes
38,admin.,single,high.school,no,yes,yes,cellular,apr,thu,449,1,13,1,success,-1.8,93.749,-34.6,0.659,5008.7,yes
34,technician,married,professional.course,no,yes,no,cellular,apr,fri,211,2,6,2,success,-1.8,93.749,-34.6,0.6629999999999999,5008.7,no
36,blue-collar,married,unknown,no,no,no,cellular,apr,fri,315,1,6,1,success,-1.8,93.749,-34.6,0.6629999999999999,5008.7,yes
30,management,married,university.degree,no,yes,no,cellular,apr,fri,242,4,999,1,failure,-1.8,93.749,-34.6,0.6629999999999999,5008.7,no
20,student,single,unknown,no,no,no,cellular,apr,fri,342,2,999,0,nonexistent,-1.8,93.749,-34.6,0.6629999999999999,5008.7,no
35,admin.,married,university.degree,no,no,yes,cellular,apr,fri,262,3,999,1,failure,-1.8,93.749,-34.6,0.6629999999999999,5008.7,yes
36,blue-collar,married,unknown,no,yes,no,cellular,apr,fri,572,2,999,0,nonexistent,-1.8,93.749,-34.6,0.6629999999999999,5008.7,no
28,technician,single,university.degree,no,no,yes,cellular,apr,fri,97,1,999,1,failure,-1.8,93.749,-34.6,0.6629999999999999,5008.7,no
28,technician,single,university.degree,no,yes,no,cellular,apr,fri,148,1,999,0,nonexistent,-1.8,93.749,-34.6,0.6629999999999999,5008.7,no
20,student,single,unknown,no,yes,yes,cellular,apr,fri,180,2,999,0,nonexistent,-1.8,93.749,-34.6,0.6629999999999999,5008.7,no
52,admin.,married,university.degree,no,no,no,cellular,may,tue,131,1,3,2,success,-1.8,93.876,-40.0,0.6679999999999999,5008.7,no
29,admin.,single,university.degree,no,no,no,cellular,may,tue,85,1,999,2,failure,-1.8,93.876,-40.0,0.6679999999999999,5008.7,no
30,admin.,single,university.degree,no,no,no,cellular,may,tue,113,1,6,1,success,-1.8,93.876,-40.0,0.6679999999999999,5008.7,no
30,blue-collar,single,professional.course,no,no,no,cellular,may,tue,165,1,999,1,failure,-1.8,93.876,-40.0,0.6679999999999999,5008.7,no
48,blue-collar,married,basic.9y,no,yes,no,cellular,may,tue,268,1,3,3,success,-1.8,93.876,-40.0,0.6679999999999999,5008.7,yes
18,student,single,unknown,no,yes,no,telephone,may,tue,421,1,3,1,success,-1.8,93.876,-40.0,0.6679999999999999,5008.7,yes
79,retired,married,basic.9y,no,no,no,cellular,may,tue,126,1,999,0,nonexistent,-1.8,93.876,-40.0,0.6679999999999999,5008.7,no
43,technician,single,professional.course,no,no,no,cellular,may,tue,164,2,3,2,success,-1.8,93.876,-40.0,0.6679999999999999,5008.7,yes
52,admin.,married,university.degree,no,yes,no,cellular,may,tue,556,2,999,0,nonexistent,-1.8,93.876,-40.0,0.6679999999999999,5008.7,yes
24,student,single,high.school,no,yes,no,cellular,may,tue,153,2,6,2,success,-1.8,93.876,-40.0,0.6679999999999999,5008.7,yes
52,technician,married,university.degree,no,no,yes,telephone,may,tue,209,1,2,2,success,-1.8,93.876,-40.0,0.6679999999999999,5008.7,yes
19,student,single,basic.9y,no,yes,no,cellular,may,tue,203,1,999,3,failure,-1.8,93.876,-40.0,0.6679999999999999,5008.7,no
29,student,single,high.school,no,no,no,cellular,may,tue,104,1,7,1,success,-1.8,93.876,-40.0,0.6679999999999999,5008.7,no
51,services,married,high.school,no,no,no,cellular,may,tue,1267,1,999,1,failure,-1.8,93.876,-40.0,0.6679999999999999,5008.7,yes
24,student,single,high.school,no,no,no,cellular,may,wed,389,1,7,2,success,-1.8,93.876,-40.0,0.672,5008.7,yes
24,student,single,high.school,no,yes,no,cellular,may,wed,329,1,1,2,success,-1.8,93.876,-40.0,0.672,5008.7,no
24,student,single,high.school,no,yes,no,cellular,may,wed,173,1,999,3,failure,-1.8,93.876,-40.0,0.672,5008.7,no
52,admin.,married,university.degree,no,yes,no,cellular,may,wed,338,1,999,0,nonexistent,-1.8,93.876,-40.0,0.672,5008.7,yes
18,student,single,unknown,no,no,no,telephone,may,wed,110,1,999,2,failure,-1.8,93.876,-40.0,0.672,5008.7,no
29,admin.,single,university.degree,no,no,no,cellular,may,wed,720,1,6,2,failure,-1.8,93.876,-40.0,0.672,5008.7,no
44,blue-collar,single,basic.6y,no,no,no,telephone,may,wed,174,1,999,0,nonexistent,-1.8,93.876,-40.0,0.672,5008.7,no
27,student,married,high.school,no,yes,no,telephone,may,wed,54,1,999,0,nonexistent,-1.8,93.876,-40.0,0.672,5008.7,no
20,student,single,unknown,no,yes,no,telephone,may,wed,510,4,999,0,nonexistent,-1.8,93.876,-40.0,0.672,5008.7,yes
48,admin.,single,university.degree,no,yes,no,cellular,may,wed,121,4,999,1,failure,-1.8,93.876,-40.0,0.672,5008.7,no
46,management,married,basic.9y,no,yes,no,telephone,may,wed,16,1,999,0,nonexistent,-1.8,93.876,-40.0,0.672,5008.7,no
72,retired,married,basic.4y,no,yes,no,cellular,may,wed,443,4,999,0,nonexistent,-1.8,93.876,-40.0,0.672,5008.7,yes
33,services,married,high.school,no,no,no,cellular,may,thu,192,1,999,1,failure,-1.8,93.876,-40.0,0.677,5008.7,yes
52,admin.,married,university.degree,no,no,no,cellular,may,thu,195,1,999,0,nonexistent,-1.8,93.876,-40.0,0.677,5008.7,yes
52,admin.,married,university.degree,no,no,no,cellular,may,thu,613,1,3,2,success,-1.8,93.876,-40.0,0.677,5008.7,yes
52,admin.,married,university.degree,no,yes,no,cellular,may,thu,227,2,999,0,nonexistent,-1.8,93.876,-40.0,0.677,5008.7,no
19,student,single,basic.4y,no,yes,no,cellular,may,thu,220,1,999,1,failure,-1.8,93.876,-40.0,0.677,5008.7,no
62,retired,married,professional.course,no,no,no,telephone,may,thu,111,1,999,0,nonexistent,-1.8,93.876,-40.0,0.677,5008.7,no
78,retired,divorced,basic.4y,no,yes,no,cellular,may,fri,218,2,7,2,success,-1.8,93.876,-40.0,0.682,5008.7,no
37,management,married,high.school,no,no,no,cellular,may,fri,292,3,999,0,nonexistent,-1.8,93.876,-40.0,0.682,5008.7,yes
44,technician,married,university.degree,no,no,yes,telephone,may,fri,201,2,999,1,failure,-1.8,93.876,-40.0,0.682,5008.7,no
30,student,single,high.school,no,no,no,cellular,may,fri,226,2,3,2,success,-1.8,93.876,-40.0,0.682,5008.7,yes
60,retired,married,professional.course,no,yes,no,cellular,may,fri,110,2,999,0,nonexistent,-1.8,93.876,-40.0,0.682,5008.7,no
42,retired,single,basic.4y,unknown,yes,yes,cellular,may,fri,116,3,999,0,nonexistent,-1.8,93.876,-40.0,0.682,5008.7,no
44,admin.,single,university.degree,no,yes,no,cellular,may,fri,211,4,3,1,success,-1.8,93.876,-40.0,0.682,5008.7,yes
33,blue-collar,married,basic.6y,no,no,no,telephone,may,mon,165,1,999,0,nonexistent,-1.8,93.876,-40.0,0.682,5008.7,no
82,retired,married,high.school,unknown,yes,no,cellular,may,mon,135,3,999,0,nonexistent,-1.8,93.876,-40.0,0.682,5008.7,no
22,student,single,unknown,no,yes,no,cellular,may,mon,171,2,3,2,success,-1.8,93.876,-40.0,0.682,5008.7,yes
38,entrepreneur,married,professional.course,no,no,no,cellular,may,mon,269,5,3,2,success,-1.8,93.876,-40.0,0.682,5008.7,no
41,admin.,married,university.degree,no,no,no,telephone,may,mon,128,2,999,0,nonexistent,-1.8,93.876,-40.0,0.682,5008.7,no
38,entrepreneur,married,professional.course,no,yes,no,cellular,may,mon,583,6,2,4,success,-1.8,93.876,-40.0,0.682,5008.7,yes
46,admin.,single,high.school,no,yes,no,cellular,may,mon,522,6,999,0,nonexistent,-1.8,93.876,-40.0,0.682,5008.7,no
56,technician,married,professional.course,no,yes,no,telephone,may,mon,483,5,999,0,nonexistent,-1.8,93.876,-40.0,0.682,5008.7,yes
24,student,single,high.school,no,yes,no,cellular,may,tue,113,2,999,2,failure,-1.8,93.876,-40.0,0.682,5008.7,no
34,technician,married,unknown,no,yes,no,telephone,may,tue,97,3,999,0,nonexistent,-1.8,93.876,-40.0,0.682,5008.7,no
50,admin.,married,university.degree,no,unknown,unknown,cellular,may,wed,801,1,999,1,failure,-1.8,93.876,-40.0,0.682,5008.7,no
59,admin.,divorced,basic.4y,no,yes,no,cellular,may,wed,193,1,999,0,nonexistent,-1.8,93.876,-40.0,0.682,5008.7,yes
77,retired,married,university.degree,no,yes,no,cellular,may,wed,152,1,6,4,success,-1.8,93.876,-40.0,0.682,5008.7,yes
66,blue-collar,married,unknown,no,yes,no,cellular,may,wed,171,2,6,2,success,-1.8,93.876,-40.0,0.682,5008.7,yes
50,admin.,married,high.school,no,yes,no,cellular,may,wed,333,1,999,2,failure,-1.8,93.876,-40.0,0.682,5008.7,no
61,management,married,university.degree,no,no,no,cellular,may,wed,228,2,999,1,failure,-1.8,93.876,-40.0,0.682,5008.7,yes
48,unemployed,married,professional.course,no,no,no,cellular,may,wed,317,1,6,3,success,-1.8,93.876,-40.0,0.682,5008.7,yes
48,unemployed,married,professional.course,no,yes,no,cellular,may,wed,236,1,6,2,success,-1.8,93.876,-40.0,0.682,5008.7,yes
50,admin.,married,high.school,no,no,no,cellular,may,wed,208,2,3,5,success,-1.8,93.876,-40.0,0.682,5008.7,no
40,technician,married,professional.course,no,yes,no,cellular,may,wed,248,1,3,4,success,-1.8,93.876,-40.0,0.682,5008.7,yes
30,admin.,single,high.school,no,yes,no,cellular,may,wed,144,1,999,1,failure,-1.8,93.876,-40.0,0.682,5008.7,no
60,admin.,married,unknown,no,yes,no,cellular,may,wed,762,1,6,2,success,-1.8,93.876,-40.0,0.682,5008.7,yes
48,unemployed,married,professional.course,no,no,no,telephone,may,wed,360,1,6,1,success,-1.8,93.876,-40.0,0.682,5008.7,yes
77,retired,married,university.degree,no,yes,no,telephone,may,wed,372,1,3,4,success,-1.8,93.876,-40.0,0.682,5008.7,yes
34,management,single,university.degree,no,yes,no,telephone,may,thu,18,1,999,0,nonexistent,-1.8,93.876,-40.0,0.6829999999999999,5008.7,no
45,blue-collar,married,professional.course,no,yes,no,telephone,may,thu,414,1,6,2,success,-1.8,93.876,-40.0,0.6829999999999999,5008.7,yes
92,retired,married,unknown,no,yes,no,cellular,may,thu,271,1,6,2,success,-1.8,93.876,-40.0,0.6829999999999999,5008.7,no
58,management,married,university.degree,no,no,no,cellular,may,thu,289,1,3,4,success,-1.8,93.876,-40.0,0.6829999999999999,5008.7,yes
28,admin.,single,high.school,no,yes,no,cellular,may,thu,263,1,6,1,success,-1.8,93.876,-40.0,0.6829999999999999,5008.7,yes
29,admin.,single,university.degree,no,no,no,cellular,may,thu,216,1,3,3,success,-1.8,93.876,-40.0,0.6829999999999999,5008.7,yes
39,services,married,high.school,no,yes,no,cellular,may,thu,328,2,6,3,success,-1.8,93.876,-40.0,0.6829999999999999,5008.7,yes
70,retired,married,basic.4y,no,yes,no,cellular,may,thu,331,1,3,2,success,-1.8,93.876,-40.0,0.6829999999999999,5008.7,yes
28,admin.,single,high.school,no,yes,no,cellular,may,thu,457,2,999,1,failure,-1.8,93.876,-40.0,0.6829999999999999,5008.7,no
60,management,married,unknown,no,yes,no,cellular,may,thu,336,3,3,5,success,-1.8,93.876,-40.0,0.6829999999999999,5008.7,yes
29,admin.,married,university.degree,no,yes,yes,cellular,may,fri,567,3,13,2,failure,-1.8,93.876,-40.0,0.684,5008.7,yes
52,management,married,university.degree,no,no,no,cellular,may,fri,698,5,999,1,failure,-1.8,93.876,-40.0,0.684,5008.7,no
30,admin.,single,high.school,no,yes,no,cellular,may,fri,532,5,999,0,nonexistent,-1.8,93.876,-40.0,0.684,5008.7,yes
47,technician,divorced,professional.course,no,no,yes,telephone,may,fri,7,1,999,0,nonexistent,-1.8,93.876,-40.0,0.684,5008.7,no
41,admin.,married,university.degree,no,yes,no,telephone,may,fri,338,3,999,1,failure,-1.8,93.876,-40.0,0.684,5008.7,no
68,retired,married,basic.4y,no,yes,yes,cellular,may,fri,220,1,6,1,success,-1.8,93.876,-40.0,0.684,5008.7,yes
33,technician,married,professional.course,no,yes,no,cellular,may,fri,700,4,3,4,success,-1.8,93.876,-40.0,0.684,5008.7,yes
76,retired,married,basic.4y,no,yes,no,cellular,may,fri,1205,2,6,2,success,-1.8,93.876,-40.0,0.684,5008.7,yes
77,retired,married,unknown,no,yes,yes,cellular,may,fri,318,3,999,0,nonexistent,-1.8,93.876,-40.0,0.684,5008.7,no
33,technician,married,professional.course,no,yes,yes,cellular,may,fri,62,2,999,0,nonexistent,-1.8,93.876,-40.0,0.684,5008.7,no
52,management,married,university.degree,no,yes,no,cellular,may,fri,787,3,3,3,success,-1.8,93.876,-40.0,0.684,5008.7,yes
33,admin.,single,university.degree,no,yes,no,cellular,may,fri,396,5,999,0,nonexistent,-1.8,93.876,-40.0,0.684,5008.7,yes
71,admin.,married,basic.4y,no,yes,yes,cellular,may,fri,466,4,3,2,success,-1.8,93.876,-40.0,0.684,5008.7,yes
29,student,single,university.degree,no,yes,no,cellular,may,mon,556,1,999,1,failure,-1.8,93.876,-40.0,0.685,5008.7,yes
63,retired,married,professional.course,no,yes,no,cellular,may,mon,492,1,999,0,nonexistent,-1.8,93.876,-40.0,0.685,5008.7,no
33,admin.,married,university.degree,no,yes,no,cellular,may,mon,740,1,3,2,success,-1.8,93.876,-40.0,0.685,5008.7,yes
33,admin.,married,university.degree,no,yes,yes,cellular,may,mon,312,2,999,0,nonexistent,-1.8,93.876,-40.0,0.685,5008.7,no
60,blue-collar,married,basic.4y,no,yes,no,cellular,may,mon,272,2,6,2,success,-1.8,93.876,-40.0,0.685,5008.7,yes
33,admin.,married,university.degree,no,no,no,cellular,may,mon,157,2,15,3,failure,-1.8,93.876,-40.0,0.685,5008.7,no
63,retired,married,professional.course,no,yes,yes,cellular,may,mon,444,2,14,1,success,-1.8,93.876,-40.0,0.685,5008.7,yes
33,technician,married,university.degree,no,yes,no,cellular,may,mon,508,1,999,0,nonexistent,-1.8,93.876,-40.0,0.685,5008.7,yes
74,retired,divorced,university.degree,no,yes,no,cellular,may,tue,387,1,999,0,nonexistent,-1.8,93.876,-40.0,0.688,5008.7,yes
47,services,divorced,university.degree,no,yes,yes,cellular,may,tue,336,1,15,3,failure,-1.8,93.876,-40.0,0.688,5008.7,yes
50,unemployed,married,high.school,no,no,no,telephone,may,tue,353,3,999,0,nonexistent,-1.8,93.876,-40.0,0.688,5008.7,yes
29,admin.,married,high.school,no,no,no,telephone,may,wed,30,1,999,0,nonexistent,-1.8,93.876,-40.0,0.69,5008.7,no
48,self-employed,divorced,university.degree,no,no,no,cellular,may,wed,661,3,999,0,nonexistent,-1.8,93.876,-40.0,0.69,5008.7,yes
68,retired,married,professional.course,no,unknown,unknown,cellular,may,thu,237,7,999,2,failure,-1.8,93.876,-40.0,0.6920000000000001,5008.7,no
68,retired,married,professional.course,no,no,yes,cellular,may,thu,420,1,999,1,failure,-1.8,93.876,-40.0,0.6920000000000001,5008.7,yes
45,unknown,married,university.degree,no,yes,no,cellular,may,thu,254,1,999,1,failure,-1.8,93.876,-40.0,0.6920000000000001,5008.7,no
45,management,married,basic.9y,no,yes,no,cellular,may,thu,165,1,999,3,failure,-1.8,93.876,-40.0,0.6920000000000001,5008.7,no
46,admin.,married,university.degree,no,no,no,cellular,may,thu,154,1,999,0,nonexistent,-1.8,93.876,-40.0,0.6920000000000001,5008.7,yes
31,admin.,married,professional.course,no,yes,yes,cellular,may,thu,291,2,999,0,nonexistent,-1.8,93.876,-40.0,0.6920000000000001,5008.7,yes
58,management,married,university.degree,no,yes,no,cellular,may,thu,342,2,999,0,nonexistent,-1.8,93.876,-40.0,0.6920000000000001,5008.7,yes
34,admin.,married,high.school,no,yes,no,cellular,may,thu,321,4,999,3,failure,-1.8,93.876,-40.0,0.6920000000000001,5008.7,no
46,admin.,married,university.degree,no,no,no,telephone,may,thu,351,3,999,0,nonexistent,-1.8,93.876,-40.0,0.6920000000000001,5008.7,yes
28,student,single,university.degree,no,unknown,unknown,cellular,may,fri,226,3,3,2,success,-1.8,93.876,-40.0,0.695,5008.7,yes
31,services,single,basic.9y,no,yes,no,cellular,may,fri,214,4,999,0,nonexistent,-1.8,93.876,-40.0,0.695,5008.7,yes
31,services,single,basic.9y,no,unknown,unknown,cellular,may,fri,429,1,999,3,failure,-1.8,93.876,-40.0,0.695,5008.7,no
61,blue-collar,married,basic.6y,no,yes,yes,cellular,may,fri,403,1,3,2,success,-1.8,93.876,-40.0,0.695,5008.7,yes
41,management,married,unknown,no,yes,no,cellular,may,fri,588,1,18,2,failure,-1.8,93.876,-40.0,0.695,5008.7,yes
34,admin.,married,university.degree,no,no,no,cellular,may,fri,145,1,999,2,failure,-1.8,93.876,-40.0,0.695,5008.7,no
34,admin.,married,university.degree,no,yes,no,cellular,may,fri,407,3,8,3,failure,-1.8,93.876,-40.0,0.695,5008.7,yes
29,services,single,high.school,no,yes,no,cellular,may,fri,122,1,999,2,failure,-1.8,93.876,-40.0,0.695,5008.7,no
28,student,single,university.degree,no,unknown,unknown,cellular,may,fri,1027,2,999,0,nonexistent,-1.8,93.876,-40.0,0.695,5008.7,yes
24,unemployed,single,high.school,no,no,yes,cellular,may,mon,375,2,999,0,nonexistent,-1.8,93.876,-40.0,0.6970000000000001,5008.7,yes
80,retired,married,basic.4y,no,no,no,cellular,may,mon,382,1,3,3,success,-1.8,93.876,-40.0,0.6970000000000001,5008.7,yes
51,management,married,university.degree,no,yes,no,cellular,may,mon,131,2,999,4,failure,-1.8,93.876,-40.0,0.6970000000000001,5008.7,no
36,technician,divorced,professional.course,no,yes,no,cellular,may,mon,341,7,999,0,nonexistent,-1.8,93.876,-40.0,0.6970000000000001,5008.7,no
79,retired,married,basic.9y,no,yes,yes,cellular,may,mon,260,1,999,1,failure,-1.8,93.876,-40.0,0.6970000000000001,5008.7,no
24,unemployed,single,high.school,no,yes,no,cellular,may,mon,699,1,13,2,failure,-1.8,93.876,-40.0,0.6970000000000001,5008.7,yes
76,retired,divorced,basic.4y,no,yes,no,cellular,may,mon,168,1,999,1,failure,-1.8,93.876,-40.0,0.6970000000000001,5008.7,yes
45,technician,single,university.degree,no,no,no,cellular,may,tue,146,2,999,1,failure,-1.8,93.876,-40.0,0.6970000000000001,5008.7,yes
20,student,single,unknown,no,no,no,cellular,may,tue,530,2,3,5,success,-1.8,93.876,-40.0,0.6970000000000001,5008.7,yes
20,student,single,unknown,no,no,no,cellular,may,tue,202,2,12,1,success,-1.8,93.876,-40.0,0.6970000000000001,5008.7,yes
36,admin.,married,university.degree,no,no,no,cellular,may,tue,641,4,999,0,nonexistent,-1.8,93.876,-40.0,0.6970000000000001,5008.7,yes
36,admin.,married,university.degree,no,yes,no,cellular,may,tue,196,1,999,0,nonexistent,-1.8,93.876,-40.0,0.6970000000000001,5008.7,yes
77,retired,divorced,basic.4y,no,no,no,cellular,may,tue,393,1,999,0,nonexistent,-1.8,93.876,-40.0,0.6970000000000001,5008.7,yes
22,student,single,high.school,no,yes,no,cellular,may,tue,272,1,999,0,nonexistent,-1.8,93.876,-40.0,0.6970000000000001,5008.7,yes
46,blue-collar,married,professional.course,no,yes,no,cellular,may,wed,410,1,999,0,nonexistent,-1.8,93.876,-40.0,0.6970000000000001,5008.7,yes
69,retired,married,high.school,no,no,no,cellular,may,wed,289,1,10,1,success,-1.8,93.876,-40.0,0.6970000000000001,5008.7,yes
92,retired,divorced,unknown,unknown,no,no,cellular,may,wed,405,3,999,1,failure,-1.8,93.876,-40.0,0.6970000000000001,5008.7,yes
64,housemaid,married,unknown,no,yes,no,telephone,may,wed,671,3,999,0,nonexistent,-1.8,93.876,-40.0,0.6970000000000001,5008.7,yes
31,technician,divorced,university.degree,no,no,no,cellular,may,wed,175,3,7,3,success,-1.8,93.876,-40.0,0.6970000000000001,5008.7,yes
84,retired,married,basic.9y,no,yes,no,cellular,may,wed,267,1,999,1,failure,-1.8,93.876,-40.0,0.6970000000000001,5008.7,no
28,admin.,single,university.degree,no,no,no,cellular,may,wed,135,2,3,2,success,-1.8,93.876,-40.0,0.6970000000000001,5008.7,yes
28,admin.,married,high.school,no,no,yes,cellular,may,wed,530,2,999,0,nonexistent,-1.8,93.876,-40.0,0.6970000000000001,5008.7,yes
29,services,single,high.school,no,yes,no,telephone,may,thu,93,1,999,0,nonexistent,-1.8,93.876,-40.0,0.6990000000000001,5008.7,yes
60,retired,married,high.school,no,no,no,cellular,may,thu,181,3,6,1,success,-1.8,93.876,-40.0,0.6990000000000001,5008.7,yes
49,technician,married,university.degree,no,no,no,cellular,may,thu,188,1,999,1,failure,-1.8,93.876,-40.0,0.6990000000000001,5008.7,no
49,technician,married,university.degree,no,yes,no,cellular,may,thu,820,1,999,0,nonexistent,-1.8,93.876,-40.0,0.6990000000000001,5008.7,yes
36,admin.,married,university.degree,no,yes,yes,cellular,may,thu,1178,1,6,2,success,-1.8,93.876,-40.0,0.6990000000000001,5008.7,yes
37,student,divorced,university.degree,no,yes,no,cellular,may,thu,489,1,999,1,failure,-1.8,93.876,-40.0,0.6990000000000001,5008.7,yes
40,blue-collar,divorced,basic.9y,no,yes,no,telephone,may,thu,57,1,999,0,nonexistent,-1.8,93.876,-40.0,0.6990000000000001,5008.7,no
43,blue-collar,single,high.school,no,no,yes,telephone,may,thu,137,1,999,0,nonexistent,-1.8,93.876,-40.0,0.6990000000000001,5008.7,no
43,technician,married,professional.course,no,no,no,cellular,may,thu,460,1,999,1,failure,-1.8,93.876,-40.0,0.6990000000000001,5008.7,yes
34,technician,married,professional.course,no,yes,no,telephone,may,thu,24,1,999,0,nonexistent,-1.8,93.876,-40.0,0.6990000000000001,5008.7,no
54,admin.,divorced,basic.9y,no,yes,no,telephone,may,thu,74,1,999,0,nonexistent,-1.8,93.876,-40.0,0.6990000000000001,5008.7,no
79,retired,married,high.school,no,yes,no,cellular,may,thu,196,2,999,0,nonexistent,-1.8,93.876,-40.0,0.6990000000000001,5008.7,no
38,admin.,single,basic.9y,no,no,no,cellular,may,thu,275,2,999,0,nonexistent,-1.8,93.876,-40.0,0.6990000000000001,5008.7,yes
37,student,divorced,university.degree,no,yes,yes,cellular,may,thu,417,2,999,0,nonexistent,-1.8,93.876,-40.0,0.6990000000000001,5008.7,yes
22,student,single,high.school,unknown,yes,yes,telephone,may,thu,214,2,1,1,success,-1.8,93.876,-40.0,0.6990000000000001,5008.7,yes
35,unemployed,married,high.school,no,yes,no,telephone,may,fri,43,1,999,2,failure,-1.8,93.876,-40.0,0.6990000000000001,5008.7,no
33,admin.,married,university.degree,no,yes,no,cellular,may,fri,101,2,999,3,failure,-1.8,93.876,-40.0,0.6990000000000001,5008.7,no
23,unemployed,married,high.school,no,no,no,telephone,may,fri,35,1,999,0,nonexistent,-1.8,93.876,-40.0,0.6990000000000001,5008.7,no
32,services,single,university.degree,no,no,yes,cellular,may,fri,473,3,999,0,nonexistent,-1.8,93.876,-40.0,0.6990000000000001,5008.7,yes
25,technician,single,high.school,no,yes,no,cellular,may,fri,581,3,999,2,failure,-1.8,93.876,-40.0,0.6990000000000001,5008.7,no
29,technician,married,professional.course,no,no,no,cellular,may,fri,538,2,999,2,failure,-1.8,93.876,-40.0,0.6990000000000001,5008.7,yes
30,admin.,single,university.degree,no,unknown,unknown,cellular,may,fri,466,3,999,0,nonexistent,-1.8,93.876,-40.0,0.6990000000000001,5008.7,yes
26,unemployed,married,basic.4y,no,no,no,telephone,may,fri,29,1,999,0,nonexistent,-1.8,93.876,-40.0,0.6990000000000001,5008.7,no
72,retired,single,university.degree,no,yes,yes,cellular,may,fri,589,3,999,0,nonexistent,-1.8,93.876,-40.0,0.6990000000000001,5008.7,no
33,admin.,married,university.degree,no,yes,no,cellular,may,fri,663,3,999,0,nonexistent,-1.8,93.876,-40.0,0.6990000000000001,5008.7,yes
72,retired,single,university.degree,no,no,no,cellular,may,fri,114,3,999,0,nonexistent,-1.8,93.876,-40.0,0.6990000000000001,5008.7,no
30,admin.,married,university.degree,no,no,yes,cellular,may,mon,85,2,9,2,success,-1.8,93.876,-40.0,0.701,5008.7,no
31,unknown,single,high.school,no,yes,yes,telephone,may,mon,664,1,2,1,success,-1.8,93.876,-40.0,0.701,5008.7,no
56,unemployed,married,basic.9y,no,no,no,cellular,may,mon,540,1,999,1,failure,-1.8,93.876,-40.0,0.701,5008.7,yes
29,technician,single,high.school,no,no,no,cellular,may,mon,158,1,13,3,failure,-1.8,93.876,-40.0,0.701,5008.7,no
27,student,single,basic.9y,no,yes,yes,cellular,may,mon,775,1,999,0,nonexistent,-1.8,93.876,-40.0,0.701,5008.7,yes
31,unknown,single,high.school,no,no,no,cellular,may,mon,392,1,999,0,nonexistent,-1.8,93.876,-40.0,0.701,5008.7,yes
31,unknown,single,high.school,no,no,no,cellular,may,mon,140,5,6,2,success,-1.8,93.876,-40.0,0.701,5008.7,no
49,technician,single,university.degree,no,no,no,telephone,may,mon,8,1,999,0,nonexistent,-1.8,93.876,-40.0,0.701,5008.7,no
42,management,single,high.school,no,yes,no,telephone,may,mon,113,1,999,0,nonexistent,-1.8,93.876,-40.0,0.701,5008.7,no
47,admin.,single,university.degree,no,yes,no,cellular,jun,tue,119,1,999,4,failure,-1.7,94.055,-39.8,0.7020000000000001,4991.6,no
37,admin.,single,university.degree,no,yes,yes,cellular,jun,tue,209,3,999,0,nonexistent,-1.7,94.055,-39.8,0.7020000000000001,4991.6,no
29,admin.,married,university.degree,no,yes,no,cellular,jun,tue,201,1,999,0,nonexistent,-1.7,94.055,-39.8,0.7020000000000001,4991.6,yes
76,housemaid,married,basic.4y,no,yes,no,cellular,jun,tue,326,1,999,1,failure,-1.7,94.055,-39.8,0.7020000000000001,4991.6,yes
25,services,single,unknown,no,yes,no,cellular,jun,tue,154,2,3,3,success,-1.7,94.055,-39.8,0.7020000000000001,4991.6,yes
25,services,single,unknown,no,yes,no,cellular,jun,tue,383,2,999,2,failure,-1.7,94.055,-39.8,0.7020000000000001,4991.6,no
39,admin.,married,high.school,no,yes,no,cellular,jun,tue,165,2,999,1,failure,-1.7,94.055,-39.8,0.7020000000000001,4991.6,no
28,services,married,high.school,no,yes,yes,telephone,jun,tue,12,1,999,0,nonexistent,-1.7,94.055,-39.8,0.7020000000000001,4991.6,no
59,retired,divorced,professional.course,no,no,no,telephone,jun,tue,8,1,999,1,failure,-1.7,94.055,-39.8,0.7020000000000001,4991.6,no
30,technician,single,professional.course,no,no,no,telephone,jun,tue,8,1,999,0,nonexistent,-1.7,94.055,-39.8,0.7020000000000001,4991.6,no
76,housemaid,married,basic.4y,no,no,no,cellular,jun,tue,296,5,999,0,nonexistent,-1.7,94.055,-39.8,0.7020000000000001,4991.6,yes
51,technician,married,university.degree,no,yes,no,cellular,jun,tue,303,1,10,1,success,-1.7,94.055,-39.8,0.7020000000000001,4991.6,yes
39,technician,married,university.degree,no,no,yes,cellular,jun,tue,434,2,999,1,failure,-1.7,94.055,-39.8,0.7020000000000001,4991.6,yes
20,technician,single,professional.course,no,yes,no,telephone,jun,tue,52,1,999,1,failure,-1.7,94.055,-39.8,0.7020000000000001,4991.6,no
40,blue-collar,married,basic.6y,no,yes,no,telephone,jun,tue,5,1,999,0,nonexistent,-1.7,94.055,-39.8,0.7020000000000001,4991.6,no
52,admin.,divorced,university.degree,no,yes,no,telephone,jun,tue,36,1,999,0,nonexistent,-1.7,94.055,-39.8,0.7020000000000001,4991.6,no
22,admin.,single,university.degree,no,no,no,cellular,jun,wed,407,1,3,1,success,-1.7,94.055,-39.8,0.7040000000000001,4991.6,yes
29,admin.,single,university.degree,no,yes,no,cellular,jun,wed,147,1,999,2,failure,-1.7,94.055,-39.8,0.7040000000000001,4991.6,no
34,admin.,married,high.school,no,yes,no,cellular,jun,wed,238,1,6,2,success,-1.7,94.055,-39.8,0.7040000000000001,4991.6,yes
34,admin.,married,high.school,no,yes,no,cellular,jun,wed,161,1,5,1,success,-1.7,94.055,-39.8,0.7040000000000001,4991.6,no
32,unemployed,single,professional.course,no,yes,yes,cellular,jun,wed,310,1,999,0,nonexistent,-1.7,94.055,-39.8,0.7040000000000001,4991.6,yes
31,services,married,high.school,no,no,yes,telephone,jun,fri,35,1,999,0,nonexistent,-1.7,94.055,-39.8,0.7070000000000001,4991.6,no
52,self-employed,married,university.degree,no,yes,no,telephone,jun,fri,32,1,999,0,nonexistent,-1.7,94.055,-39.8,0.7070000000000001,4991.6,no
38,blue-collar,married,basic.6y,no,no,yes,cellular,jun,fri,148,2,3,2,success,-1.7,94.055,-39.8,0.7070000000000001,4991.6,no
38,blue-collar,married,basic.6y,no,no,no,cellular,jun,fri,346,2,5,3,success,-1.7,94.055,-39.8,0.7070000000000001,4991.6,no
38,blue-collar,married,basic.6y,no,yes,no,cellular,jun,fri,106,1,999,2,failure,-1.7,94.055,-39.8,0.7070000000000001,4991.6,no
29,services,single,high.school,no,no,yes,telephone,jun,mon,6,1,999,0,nonexistent,-1.7,94.055,-39.8,0.711,4991.6,no
28,admin.,married,high.school,no,no,yes,telephone,jun,mon,13,1,999,0,nonexistent,-1.7,94.055,-39.8,0.711,4991.6,no
47,admin.,divorced,high.school,no,yes,no,telephone,jun,mon,302,1,999,0,nonexistent,-1.7,94.055,-39.8,0.711,4991.6,yes
48,admin.,married,high.school,no,yes,no,telephone,jun,mon,54,1,999,0,nonexistent,-1.7,94.055,-39.8,0.711,4991.6,no
32,blue-collar,single,basic.9y,no,yes,no,telephone,jun,tue,29,1,999,0,nonexistent,-1.7,94.055,-39.8,0.713,4991.6,no
35,technician,single,professional.course,no,yes,no,cellular,jun,tue,187,1,6,2,success,-1.7,94.055,-39.8,0.713,4991.6,yes
47,blue-collar,married,basic.9y,no,no,no,cellular,jun,tue,544,1,999,0,nonexistent,-1.7,94.055,-39.8,0.713,4991.6,no
21,student,single,high.school,no,yes,no,telephone,jun,tue,30,1,14,2,success,-1.7,94.055,-39.8,0.713,4991.6,no
29,unemployed,single,university.degree,no,yes,no,telephone,jun,tue,198,1,999,0,nonexistent,-1.7,94.055,-39.8,0.713,4991.6,no
26,entrepreneur,single,high.school,no,no,no,telephone,jun,tue,49,1,999,0,nonexistent,-1.7,94.055,-39.8,0.713,4991.6,no
37,unemployed,married,high.school,no,yes,no,telephone,jun,tue,29,1,999,0,nonexistent,-1.7,94.055,-39.8,0.713,4991.6,no
34,technician,married,high.school,no,yes,no,cellular,jun,wed,190,1,3,4,success,-1.7,94.055,-39.8,0.715,4991.6,yes
29,admin.,single,university.degree,no,yes,no,cellular,jun,wed,200,1,6,3,success,-1.7,94.055,-39.8,0.715,4991.6,yes
34,admin.,married,university.degree,no,no,no,cellular,jun,wed,150,1,3,2,success,-1.7,94.055,-39.8,0.715,4991.6,yes
38,technician,single,high.school,no,no,no,telephone,jun,wed,118,1,999,0,nonexistent,-1.7,94.055,-39.8,0.715,4991.6,no
29,admin.,single,university.degree,no,yes,no,telephone,jun,wed,294,2,3,1,success,-1.7,94.055,-39.8,0.715,4991.6,no
44,technician,married,university.degree,no,no,no,cellular,jun,wed,874,2,999,1,failure,-1.7,94.055,-39.8,0.715,4991.6,yes
29,admin.,single,university.degree,no,no,no,cellular,jun,wed,192,2,3,4,success,-1.7,94.055,-39.8,0.715,4991.6,yes
27,admin.,married,high.school,no,yes,no,telephone,jun,wed,46,1,999,0,nonexistent,-1.7,94.055,-39.8,0.715,4991.6,no
28,admin.,single,university.degree,no,no,no,telephone,jun,fri,138,1,999,0,nonexistent,-1.7,94.055,-39.8,0.7190000000000001,4991.6,no
37,admin.,married,university.degree,no,yes,no,cellular,jun,fri,135,1,999,2,failure,-1.7,94.055,-39.8,0.7190000000000001,4991.6,no
35,admin.,single,university.degree,no,no,yes,cellular,jun,mon,141,2,4,3,success,-1.7,94.055,-39.8,0.72,4991.6,no
50,management,married,university.degree,no,no,no,telephone,jun,mon,278,5,6,1,success,-1.7,94.055,-39.8,0.72,4991.6,yes
39,technician,married,university.degree,no,yes,no,cellular,jun,mon,187,1,3,5,success,-1.7,94.055,-39.8,0.72,4991.6,yes
89,retired,divorced,basic.4y,no,no,no,cellular,jun,mon,245,1,999,0,nonexistent,-1.7,94.055,-39.8,0.72,4991.6,yes
30,self-employed,married,university.degree,no,yes,no,cellular,jun,mon,661,1,999,0,nonexistent,-1.7,94.055,-39.8,0.72,4991.6,yes
21,student,single,high.school,no,yes,no,cellular,jun,mon,270,1,999,0,nonexistent,-1.7,94.055,-39.8,0.72,4991.6,yes
39,management,married,university.degree,no,no,no,cellular,jun,mon,168,1,999,1,failure,-1.7,94.055,-39.8,0.72,4991.6,no
30,self-employed,married,university.degree,no,no,no,cellular,jun,mon,212,4,999,0,nonexistent,-1.7,94.055,-39.8,0.72,4991.6,yes
36,self-employed,single,university.degree,no,no,yes,cellular,jun,mon,458,1,4,4,success,-1.7,94.055,-39.8,0.72,4991.6,yes
39,technician,married,university.degree,no,yes,no,cellular,jun,mon,713,2,999,0,nonexistent,-1.7,94.055,-39.8,0.72,4991.6,yes
59,unemployed,married,basic.4y,no,yes,no,cellular,jun,mon,614,1,6,2,success,-1.7,94.055,-39.8,0.72,4991.6,yes
35,admin.,single,university.degree,no,yes,no,cellular,jun,mon,293,1,14,1,success,-1.7,94.055,-39.8,0.72,4991.6,yes
22,student,single,high.school,no,no,yes,cellular,jun,mon,563,1,12,2,failure,-1.7,94.055,-39.8,0.72,4991.6,yes
37,admin.,married,university.degree,no,yes,no,telephone,jun,mon,30,1,999,0,nonexistent,-1.7,94.055,-39.8,0.72,4991.6,no
44,services,single,high.school,no,no,no,telephone,jun,mon,20,1,999,0,nonexistent,-1.7,94.055,-39.8,0.72,4991.6,no
33,services,married,high.school,no,no,no,cellular,jun,mon,472,1,999,1,failure,-1.7,94.055,-39.8,0.72,4991.6,no
27,admin.,married,university.degree,no,yes,no,cellular,jun,mon,262,3,999,0,nonexistent,-1.7,94.055,-39.8,0.72,4991.6,no
29,self-employed,single,university.degree,no,yes,no,cellular,jun,mon,167,2,999,1,failure,-1.7,94.055,-39.8,0.72,4991.6,yes
25,student,single,high.school,no,no,no,cellular,jun,mon,485,2,999,0,nonexistent,-1.7,94.055,-39.8,0.72,4991.6,yes
29,admin.,married,high.school,no,yes,no,cellular,jun,tue,379,2,13,1,success,-1.7,94.055,-39.8,0.723,4991.6,yes
56,management,married,basic.6y,no,yes,no,cellular,jun,tue,910,1,7,2,success,-1.7,94.055,-39.8,0.723,4991.6,yes
60,housemaid,married,basic.4y,no,yes,no,cellular,jun,tue,700,3,999,1,failure,-1.7,94.055,-39.8,0.723,4991.6,yes
31,technician,married,professional.course,no,yes,no,cellular,jun,tue,243,5,9,2,success,-1.7,94.055,-39.8,0.723,4991.6,yes
31,technician,married,professional.course,no,yes,no,cellular,jun,tue,250,4,3,2,success,-1.7,94.055,-39.8,0.723,4991.6,no
37,unemployed,married,university.degree,no,yes,no,telephone,jun,tue,126,3,2,2,success,-1.7,94.055,-39.8,0.723,4991.6,no
31,technician,married,professional.course,no,yes,no,telephone,jun,tue,208,1,999,0,nonexistent,-1.7,94.055,-39.8,0.723,4991.6,yes
39,entrepreneur,single,university.degree,no,yes,no,telephone,jun,wed,58,1,999,0,nonexistent,-1.7,94.055,-39.8,0.727,4991.6,no
33,blue-collar,married,basic.9y,no,yes,no,telephone,jun,wed,15,1,999,2,failure,-1.7,94.055,-39.8,0.727,4991.6,no
29,admin.,married,high.school,no,yes,no,cellular,jun,wed,605,3,999,0,nonexistent,-1.7,94.055,-39.8,0.727,4991.6,yes
28,management,single,university.degree,no,yes,no,cellular,jun,thu,339,3,6,2,success,-1.7,94.055,-39.8,0.7290000000000001,4991.6,yes
36,services,married,high.school,no,no,no,cellular,jun,thu,101,3,999,0,nonexistent,-1.7,94.055,-39.8,0.7290000000000001,4991.6,no
28,management,single,university.degree,no,yes,no,cellular,jun,thu,383,1,22,1,success,-1.7,94.055,-39.8,0.7290000000000001,4991.6,yes
29,technician,divorced,professional.course,no,yes,yes,telephone,jun,thu,247,1,999,0,nonexistent,-1.7,94.055,-39.8,0.7290000000000001,4991.6,no
43,blue-collar,married,professional.course,no,yes,yes,cellular,jun,thu,1720,1,999,0,nonexistent,-1.7,94.055,-39.8,0.7290000000000001,4991.6,yes
38,blue-collar,single,high.school,no,yes,yes,telephone,jun,thu,21,1,999,0,nonexistent,-1.7,94.055,-39.8,0.7290000000000001,4991.6,no
24,student,single,high.school,no,yes,yes,cellular,jun,thu,344,1,999,0,nonexistent,-1.7,94.055,-39.8,0.7290000000000001,4991.6,no
24,student,single,high.school,no,yes,no,cellular,jun,thu,530,1,999,0,nonexistent,-1.7,94.055,-39.8,0.7290000000000001,4991.6,no
28,management,single,university.degree,no,yes,no,cellular,jun,thu,169,1,999,0,nonexistent,-1.7,94.055,-39.8,0.7290000000000001,4991.6,yes
78,retired,divorced,unknown,no,no,no,cellular,jun,thu,282,4,999,0,nonexistent,-1.7,94.055,-39.8,0.7290000000000001,4991.6,yes
24,student,single,high.school,no,no,yes,cellular,jun,thu,176,2,12,2,failure,-1.7,94.055,-39.8,0.7290000000000001,4991.6,yes
65,unknown,married,unknown,no,yes,no,cellular,jun,thu,301,2,4,2,success,-1.7,94.055,-39.8,0.7290000000000001,4991.6,yes
26,admin.,single,university.degree,no,no,yes,cellular,jun,fri,91,2,6,1,success,-1.7,94.055,-39.8,0.732,4991.6,no
33,admin.,married,university.degree,no,no,no,telephone,jun,fri,80,1,999,0,nonexistent,-1.7,94.055,-39.8,0.732,4991.6,no
70,blue-collar,married,basic.4y,no,no,yes,cellular,jun,fri,252,1,3,1,success,-1.7,94.055,-39.8,0.732,4991.6,yes
62,retired,divorced,high.school,no,yes,no,cellular,jun,fri,201,4,999,0,nonexistent,-1.7,94.055,-39.8,0.732,4991.6,no
41,entrepreneur,married,university.degree,no,yes,no,telephone,jun,fri,23,1,999,0,nonexistent,-1.7,94.055,-39.8,0.732,4991.6,no
30,admin.,married,high.school,no,yes,no,cellular,jun,fri,215,1,12,1,success,-1.7,94.055,-39.8,0.732,4991.6,yes
27,technician,single,professional.course,no,no,no,cellular,jun,tue,130,2,3,3,success,-1.7,94.055,-39.8,0.737,4991.6,no
27,technician,single,professional.course,no,no,no,cellular,jun,tue,136,2,999,0,nonexistent,-1.7,94.055,-39.8,0.737,4991.6,no
18,student,single,basic.4y,no,yes,no,cellular,jun,tue,154,1,999,0,nonexistent,-1.7,94.055,-39.8,0.737,4991.6,no
36,management,married,university.degree,no,no,no,cellular,jun,tue,867,1,3,2,success,-1.7,94.055,-39.8,0.737,4991.6,yes
45,admin.,divorced,university.degree,no,no,yes,cellular,jun,wed,79,1,3,2,success,-1.7,94.055,-39.8,0.7390000000000001,4991.6,no
27,admin.,single,high.school,no,yes,no,telephone,jun,wed,193,1,999,1,failure,-1.7,94.055,-39.8,0.7390000000000001,4991.6,no
36,admin.,single,university.degree,no,no,no,cellular,jun,wed,706,1,7,1,success,-1.7,94.055,-39.8,0.7390000000000001,4991.6,yes
36,blue-collar,single,high.school,no,yes,yes,cellular,jun,wed,342,2,3,1,success,-1.7,94.055,-39.8,0.7390000000000001,4991.6,yes
35,technician,divorced,professional.course,no,no,no,cellular,jun,wed,66,1,13,2,failure,-1.7,94.055,-39.8,0.7390000000000001,4991.6,no
36,admin.,single,university.degree,no,yes,yes,cellular,jun,wed,1407,1,999,0,nonexistent,-1.7,94.055,-39.8,0.7390000000000001,4991.6,yes
36,blue-collar,single,high.school,no,no,no,cellular,jun,wed,339,1,6,1,success,-1.7,94.055,-39.8,0.7390000000000001,4991.6,yes
35,technician,divorced,professional.course,no,yes,yes,cellular,jun,wed,181,1,999,0,nonexistent,-1.7,94.055,-39.8,0.7390000000000001,4991.6,no
37,admin.,married,high.school,no,no,no,cellular,jun,wed,671,3,999,0,nonexistent,-1.7,94.055,-39.8,0.7390000000000001,4991.6,yes
40,blue-collar,married,basic.9y,no,yes,no,cellular,jun,wed,133,3,3,2,success,-1.7,94.055,-39.8,0.7390000000000001,4991.6,no
24,student,single,high.school,no,no,no,cellular,jun,wed,112,2,14,2,success,-1.7,94.055,-39.8,0.7390000000000001,4991.6,no
33,management,single,university.degree,no,yes,no,cellular,jun,wed,442,2,999,3,failure,-1.7,94.055,-39.8,0.7390000000000001,4991.6,no
22,student,single,high.school,no,yes,no,telephone,jun,wed,355,1,999,2,failure,-1.7,94.055,-39.8,0.7390000000000001,4991.6,no
59,technician,married,professional.course,no,no,no,cellular,jun,thu,1207,4,999,1,failure,-1.7,94.055,-39.8,0.742,4991.6,yes
30,admin.,single,university.degree,no,yes,no,telephone,jun,thu,316,1,999,0,nonexistent,-1.7,94.055,-39.8,0.742,4991.6,no
44,self-employed,divorced,professional.course,no,yes,no,cellular,jun,thu,310,1,999,0,nonexistent,-1.7,94.055,-39.8,0.742,4991.6,yes
43,management,married,university.degree,no,no,no,cellular,jun,thu,185,1,999,0,nonexistent,-1.7,94.055,-39.8,0.742,4991.6,no
44,self-employed,divorced,professional.course,no,yes,yes,cellular,jun,thu,134,1,999,1,failure,-1.7,94.055,-39.8,0.742,4991.6,no
31,unemployed,single,high.school,no,yes,no,cellular,jun,thu,167,3,999,0,nonexistent,-1.7,94.055,-39.8,0.742,4991.6,no
37,unemployed,single,university.degree,no,yes,no,cellular,jun,thu,122,2,6,1,success,-1.7,94.055,-39.8,0.742,4991.6,no
30,admin.,single,university.degree,no,no,no,cellular,jun,thu,124,1,999,0,nonexistent,-1.7,94.055,-39.8,0.742,4991.6,no
38,technician,single,university.degree,no,yes,yes,cellular,jun,thu,288,1,999,0,nonexistent,-1.7,94.055,-39.8,0.742,4991.6,no
68,retired,married,basic.4y,no,yes,no,cellular,jun,thu,220,2,999,1,failure,-1.7,94.055,-39.8,0.742,4991.6,no
25,services,single,basic.9y,no,no,no,telephone,jun,thu,180,1,999,0,nonexistent,-1.7,94.055,-39.8,0.742,4991.6,no
33,management,single,high.school,no,no,no,telephone,jun,thu,15,1,999,0,nonexistent,-1.7,94.055,-39.8,0.742,4991.6,no
33,admin.,married,high.school,no,no,no,telephone,jun,thu,11,1,999,0,nonexistent,-1.7,94.055,-39.8,0.742,4991.6,no
26,unemployed,single,high.school,no,yes,no,telephone,jun,thu,22,1,999,0,nonexistent,-1.7,94.055,-39.8,0.742,4991.6,no
39,admin.,married,university.degree,no,yes,no,telephone,jun,thu,52,1,999,1,failure,-1.7,94.055,-39.8,0.742,4991.6,no
47,technician,divorced,professional.course,no,yes,no,telephone,jun,thu,9,1,999,0,nonexistent,-1.7,94.055,-39.8,0.742,4991.6,no
69,retired,divorced,professional.course,no,no,no,cellular,jun,fri,213,6,12,2,failure,-1.7,94.055,-39.8,0.748,4991.6,yes
37,technician,single,university.degree,no,yes,no,cellular,jun,fri,300,1,999,2,failure,-1.7,94.055,-39.8,0.748,4991.6,yes
30,technician,married,university.degree,no,no,no,cellular,jun,fri,171,1,7,1,success,-1.7,94.055,-39.8,0.748,4991.6,no
36,admin.,married,university.degree,no,yes,yes,cellular,jun,fri,427,1,4,4,success,-1.7,94.055,-39.8,0.748,4991.6,no
36,unemployed,married,professional.course,no,yes,no,telephone,jun,fri,12,1,999,0,nonexistent,-1.7,94.055,-39.8,0.748,4991.6,no
69,retired,divorced,professional.course,no,yes,no,telephone,jun,fri,359,5,999,0,nonexistent,-1.7,94.055,-39.8,0.748,4991.6,no
27,admin.,single,university.degree,no,yes,no,cellular,jun,fri,266,2,999,1,failure,-1.7,94.055,-39.8,0.748,4991.6,yes
53,management,divorced,university.degree,no,yes,no,cellular,jun,mon,348,6,999,2,failure,-1.7,94.055,-39.8,0.754,4991.6,no
33,services,married,high.school,no,yes,yes,telephone,jun,mon,54,1,999,0,nonexistent,-1.7,94.055,-39.8,0.754,4991.6,no
37,unemployed,married,university.degree,unknown,yes,no,cellular,jun,mon,614,3,3,2,success,-1.7,94.055,-39.8,0.754,4991.6,yes
51,admin.,married,university.degree,no,no,no,cellular,jun,mon,297,4,999,0,nonexistent,-1.7,94.055,-39.8,0.754,4991.6,yes
51,admin.,married,university.degree,no,yes,no,cellular,jun,mon,281,3,10,3,success,-1.7,94.055,-39.8,0.754,4991.6,yes
32,technician,married,university.degree,no,no,no,cellular,jun,mon,132,3,999,1,failure,-1.7,94.055,-39.8,0.754,4991.6,no
53,management,divorced,university.degree,no,no,no,cellular,jun,mon,345,1,999,0,nonexistent,-1.7,94.055,-39.8,0.754,4991.6,yes
32,blue-collar,single,high.school,no,no,no,cellular,jun,mon,247,1,2,2,success,-1.7,94.055,-39.8,0.754,4991.6,yes
32,blue-collar,single,high.school,no,no,no,cellular,jun,mon,197,1,999,1,failure,-1.7,94.055,-39.8,0.754,4991.6,no
37,self-employed,married,university.degree,no,no,no,telephone,jun,mon,363,1,999,0,nonexistent,-1.7,94.055,-39.8,0.754,4991.6,yes
37,unemployed,married,university.degree,unknown,no,no,telephone,jun,mon,198,1,999,0,nonexistent,-1.7,94.055,-39.8,0.754,4991.6,yes
62,blue-collar,married,high.school,no,yes,no,cellular,jun,mon,563,4,4,3,success,-1.7,94.055,-39.8,0.754,4991.6,yes
35,management,married,university.degree,no,yes,no,cellular,jun,mon,150,3,999,0,nonexistent,-1.7,94.055,-39.8,0.754,4991.6,no
37,self-employed,married,university.degree,no,no,no,cellular,jun,mon,181,2,999,0,nonexistent,-1.7,94.055,-39.8,0.754,4991.6,no
68,retired,married,basic.4y,unknown,yes,no,cellular,jun,mon,383,3,999,0,nonexistent,-1.7,94.055,-39.8,0.754,4991.6,no
36,management,married,university.degree,no,no,no,cellular,jun,tue,265,1,999,1,failure,-1.7,94.055,-39.8,0.7609999999999999,4991.6,yes
81,retired,divorced,high.school,no,no,no,cellular,jun,tue,279,1,999,4,failure,-1.7,94.055,-39.8,0.7609999999999999,4991.6,no
34,unemployed,single,university.degree,no,no,no,cellular,jun,tue,401,1,999,0,nonexistent,-1.7,94.055,-39.8,0.7609999999999999,4991.6,yes
50,blue-collar,married,basic.4y,no,no,no,cellular,jun,tue,135,4,999,1,failure,-1.7,94.055,-39.8,0.7609999999999999,4991.6,no
76,retired,married,professional.course,unknown,yes,no,cellular,jun,tue,295,1,9,2,success,-1.7,94.055,-39.8,0.7609999999999999,4991.6,yes
56,retired,married,high.school,no,no,no,cellular,jun,tue,383,1,3,1,success,-1.7,94.055,-39.8,0.7609999999999999,4991.6,yes
64,retired,married,professional.course,no,no,no,cellular,jun,tue,222,1,999,3,failure,-1.7,94.055,-39.8,0.7609999999999999,4991.6,yes
27,unemployed,single,basic.4y,no,no,no,cellular,jun,tue,238,1,999,2,failure,-1.7,94.055,-39.8,0.7609999999999999,4991.6,no
27,admin.,single,high.school,no,no,no,cellular,jun,tue,586,2,999,0,nonexistent,-1.7,94.055,-39.8,0.7609999999999999,4991.6,yes
23,student,single,basic.9y,no,yes,no,cellular,jun,tue,189,1,6,3,success,-1.7,94.055,-39.8,0.7609999999999999,4991.6,no
35,admin.,married,university.degree,no,yes,no,cellular,jun,tue,385,1,5,1,success,-1.7,94.055,-39.8,0.7609999999999999,4991.6,no
25,student,single,high.school,no,yes,yes,cellular,jun,tue,660,2,6,3,success,-1.7,94.055,-39.8,0.7609999999999999,4991.6,yes
38,entrepreneur,married,basic.6y,no,no,no,cellular,jun,tue,271,1,2,3,success,-1.7,94.055,-39.8,0.7609999999999999,4991.6,yes
27,admin.,single,high.school,no,no,no,cellular,jun,tue,421,2,999,0,nonexistent,-1.7,94.055,-39.8,0.7609999999999999,4991.6,yes
32,management,single,university.degree,no,no,no,cellular,jun,tue,264,4,999,0,nonexistent,-1.7,94.055,-39.8,0.7609999999999999,4991.6,no
30,technician,single,professional.course,no,yes,no,telephone,jun,tue,12,1,999,0,nonexistent,-1.7,94.055,-39.8,0.7609999999999999,4991.6,no
33,admin.,married,university.degree,no,no,no,telephone,jun,tue,286,2,999,0,nonexistent,-1.7,94.055,-39.8,0.7609999999999999,4991.6,no
34,unemployed,single,university.degree,no,yes,no,cellular,jun,tue,167,2,999,0,nonexistent,-1.7,94.055,-39.8,0.7609999999999999,4991.6,yes
32,blue-collar,married,basic.4y,no,yes,no,telephone,jun,tue,13,1,999,1,failure,-1.7,94.055,-39.8,0.7609999999999999,4991.6,no
26,technician,single,professional.course,no,no,no,telephone,jun,tue,8,1,999,0,nonexistent,-1.7,94.055,-39.8,0.7609999999999999,4991.6,no
26,admin.,married,high.school,no,no,no,cellular,jun,wed,598,4,12,3,failure,-1.7,94.055,-39.8,0.767,4991.6,yes
52,admin.,married,university.degree,no,yes,no,cellular,jun,wed,255,2,999,0,nonexistent,-1.7,94.055,-39.8,0.767,4991.6,no
26,admin.,married,high.school,no,no,no,cellular,jun,wed,428,1,999,0,nonexistent,-1.7,94.055,-39.8,0.767,4991.6,no
30,technician,single,university.degree,no,yes,no,telephone,jun,wed,263,1,999,2,failure,-1.7,94.055,-39.8,0.767,4991.6,yes
27,unknown,single,university.degree,no,yes,no,cellular,jun,wed,121,3,999,0,nonexistent,-1.7,94.055,-39.8,0.767,4991.6,no
33,services,married,high.school,no,yes,no,cellular,jun,wed,274,2,12,2,success,-1.7,94.055,-39.8,0.767,4991.6,yes
56,retired,married,basic.4y,no,yes,no,cellular,jun,wed,337,2,3,2,success,-1.7,94.055,-39.8,0.767,4991.6,yes
29,technician,single,high.school,no,yes,no,telephone,jun,wed,6,1,999,0,nonexistent,-1.7,94.055,-39.8,0.767,4991.6,no
86,retired,single,basic.9y,unknown,no,no,telephone,jun,wed,955,1,999,0,nonexistent,-1.7,94.055,-39.8,0.767,4991.6,yes
21,student,single,high.school,no,yes,yes,cellular,jun,wed,286,2,999,0,nonexistent,-1.7,94.055,-39.8,0.767,4991.6,yes
29,admin.,single,high.school,no,no,no,cellular,jun,wed,108,5,999,0,nonexistent,-1.7,94.055,-39.8,0.767,4991.6,no
26,admin.,married,high.school,no,yes,yes,cellular,jun,wed,275,2,999,1,failure,-1.7,94.055,-39.8,0.767,4991.6,yes
66,retired,married,basic.4y,no,no,yes,cellular,jun,wed,319,2,999,0,nonexistent,-1.7,94.055,-39.8,0.767,4991.6,yes
31,technician,single,university.degree,no,yes,no,telephone,jun,wed,119,1,999,0,nonexistent,-1.7,94.055,-39.8,0.767,4991.6,no
52,admin.,married,university.degree,no,yes,yes,cellular,jun,wed,241,4,999,3,failure,-1.7,94.055,-39.8,0.767,4991.6,no
37,admin.,single,high.school,no,yes,yes,cellular,jul,thu,114,4,999,2,failure,-1.7,94.215,-40.3,0.782,4991.6,no
37,admin.,single,high.school,no,no,no,telephone,jul,thu,494,4,999,3,failure,-1.7,94.215,-40.3,0.782,4991.6,no
35,management,married,university.degree,no,yes,yes,telephone,jul,thu,165,1,999,1,failure,-1.7,94.215,-40.3,0.782,4991.6,no
34,admin.,married,high.school,no,yes,no,telephone,jul,thu,12,1,999,1,failure,-1.7,94.215,-40.3,0.782,4991.6,no
29,admin.,single,high.school,no,no,no,telephone,jul,thu,28,1,999,0,nonexistent,-1.7,94.215,-40.3,0.782,4991.6,no
60,management,married,university.degree,no,yes,yes,cellular,jul,thu,395,1,4,2,success,-1.7,94.215,-40.3,0.782,4991.6,yes
37,admin.,single,high.school,no,no,no,cellular,jul,thu,609,2,7,3,success,-1.7,94.215,-40.3,0.782,4991.6,yes
38,admin.,married,high.school,no,no,no,cellular,jul,thu,561,2,10,2,success,-1.7,94.215,-40.3,0.782,4991.6,yes
38,unemployed,divorced,high.school,no,no,no,telephone,jul,thu,10,1,999,0,nonexistent,-1.7,94.215,-40.3,0.782,4991.6,no
39,blue-collar,married,basic.6y,no,yes,no,telephone,jul,fri,25,1,14,1,success,-1.7,94.215,-40.3,0.79,4991.6,no
37,admin.,single,university.degree,no,yes,no,cellular,jul,fri,96,2,4,3,success,-1.7,94.215,-40.3,0.79,4991.6,no
33,admin.,married,university.degree,no,yes,yes,cellular,jul,fri,217,3,999,0,nonexistent,-1.7,94.215,-40.3,0.79,4991.6,yes
37,admin.,single,university.degree,no,yes,no,cellular,jul,fri,844,2,6,3,success,-1.7,94.215,-40.3,0.79,4991.6,no
55,admin.,married,university.degree,no,yes,no,cellular,jul,fri,687,1,999,2,failure,-1.7,94.215,-40.3,0.79,4991.6,yes
27,services,single,high.school,no,unknown,unknown,cellular,jul,fri,179,1,999,1,failure,-1.7,94.215,-40.3,0.79,4991.6,yes
25,blue-collar,single,basic.9y,no,no,yes,cellular,jul,fri,667,1,999,0,nonexistent,-1.7,94.215,-40.3,0.79,4991.6,yes
55,admin.,married,university.degree,no,yes,yes,cellular,jul,fri,129,2,999,1,failure,-1.7,94.215,-40.3,0.79,4991.6,no
48,admin.,single,university.degree,no,yes,no,cellular,jul,fri,194,2,3,1,success,-1.7,94.215,-40.3,0.79,4991.6,yes
52,admin.,single,high.school,no,no,no,telephone,jul,mon,9,1,999,1,failure,-1.7,94.215,-40.3,0.7929999999999999,4991.6,no
41,admin.,divorced,university.degree,no,no,no,cellular,jul,mon,101,3,999,0,nonexistent,-1.7,94.215,-40.3,0.7929999999999999,4991.6,no
34,technician,single,university.degree,no,yes,no,cellular,jul,mon,251,3,999,0,nonexistent,-1.7,94.215,-40.3,0.7929999999999999,4991.6,yes
25,admin.,married,high.school,no,yes,no,telephone,jul,mon,29,1,999,0,nonexistent,-1.7,94.215,-40.3,0.7929999999999999,4991.6,no
32,technician,married,university.degree,no,yes,yes,telephone,jul,mon,17,1,999,0,nonexistent,-1.7,94.215,-40.3,0.7929999999999999,4991.6,no
41,admin.,divorced,university.degree,no,no,no,cellular,jul,mon,128,2,999,0,nonexistent,-1.7,94.215,-40.3,0.7929999999999999,4991.6,yes
33,admin.,single,university.degree,no,yes,no,cellular,jul,mon,175,4,999,0,nonexistent,-1.7,94.215,-40.3,0.7929999999999999,4991.6,no
41,admin.,divorced,university.degree,no,yes,no,cellular,jul,mon,140,1,14,2,success,-1.7,94.215,-40.3,0.7929999999999999,4991.6,yes
33,admin.,single,university.degree,no,yes,no,cellular,jul,mon,182,1,999,0,nonexistent,-1.7,94.215,-40.3,0.7929999999999999,4991.6,no
30,admin.,single,university.degree,no,yes,no,cellular,jul,tue,255,2,3,1,success,-1.7,94.215,-40.3,0.797,4991.6,no
21,student,single,basic.9y,no,yes,no,cellular,jul,tue,209,2,999,0,nonexistent,-1.7,94.215,-40.3,0.797,4991.6,yes
46,admin.,married,high.school,no,yes,no,cellular,jul,tue,267,1,999,0,nonexistent,-1.7,94.215,-40.3,0.797,4991.6,yes
46,admin.,married,high.school,no,yes,no,cellular,jul,tue,335,3,999,2,failure,-1.7,94.215,-40.3,0.797,4991.6,yes
30,admin.,single,university.degree,no,no,no,cellular,jul,tue,212,1,3,2,success,-1.7,94.215,-40.3,0.797,4991.6,no
83,housemaid,divorced,basic.4y,no,yes,yes,cellular,jul,tue,257,1,999,3,failure,-1.7,94.215,-40.3,0.797,4991.6,no
35,admin.,single,university.degree,no,no,no,telephone,jul,tue,42,1,999,0,nonexistent,-1.7,94.215,-40.3,0.797,4991.6,no
46,admin.,married,high.school,no,yes,yes,cellular,jul,tue,396,1,13,2,success,-1.7,94.215,-40.3,0.797,4991.6,yes
43,self-employed,married,university.degree,no,no,no,cellular,jul,tue,386,3,999,1,failure,-1.7,94.215,-40.3,0.797,4991.6,yes
83,housemaid,divorced,basic.4y,no,yes,no,cellular,jul,tue,667,2,3,1,success,-1.7,94.215,-40.3,0.797,4991.6,yes
21,student,single,basic.9y,no,yes,yes,telephone,jul,tue,295,1,999,0,nonexistent,-1.7,94.215,-40.3,0.797,4991.6,no
35,entrepreneur,single,university.degree,no,yes,no,cellular,jul,wed,156,1,999,2,failure,-1.7,94.215,-40.3,0.802,4991.6,no
33,admin.,married,high.school,no,yes,yes,telephone,jul,wed,398,2,999,1,failure,-1.7,94.215,-40.3,0.802,4991.6,yes
35,admin.,married,high.school,no,yes,no,cellular,jul,wed,273,2,15,1,success,-1.7,94.215,-40.3,0.802,4991.6,yes
36,services,married,high.school,no,no,no,telephone,jul,wed,276,2,999,0,nonexistent,-1.7,94.215,-40.3,0.802,4991.6,yes
34,admin.,single,high.school,no,no,no,cellular,jul,wed,346,1,999,1,failure,-1.7,94.215,-40.3,0.802,4991.6,yes
57,unknown,married,basic.4y,no,yes,no,cellular,jul,wed,183,3,999,0,nonexistent,-1.7,94.215,-40.3,0.802,4991.6,no
58,admin.,married,high.school,no,yes,no,cellular,jul,thu,214,4,999,2,failure,-1.7,94.215,-40.3,0.81,4991.6,no
75,retired,married,university.degree,no,yes,no,cellular,jul,thu,229,1,999,2,failure,-1.7,94.215,-40.3,0.81,4991.6,yes
29,admin.,single,high.school,no,yes,no,cellular,jul,thu,480,1,6,1,success,-1.7,94.215,-40.3,0.81,4991.6,yes
37,admin.,married,high.school,no,unknown,unknown,cellular,jul,thu,294,1,999,1,failure,-1.7,94.215,-40.3,0.81,4991.6,yes
21,student,single,unknown,no,yes,yes,cellular,jul,thu,173,11,9,2,failure,-1.7,94.215,-40.3,0.81,4991.6,no
25,services,single,high.school,no,no,yes,telephone,jul,thu,411,2,8,4,success,-1.7,94.215,-40.3,0.81,4991.6,yes
21,student,single,unknown,no,no,no,telephone,jul,thu,250,1,12,1,success,-1.7,94.215,-40.3,0.81,4991.6,yes
21,student,single,unknown,no,no,no,cellular,jul,thu,184,1,999,0,nonexistent,-1.7,94.215,-40.3,0.81,4991.6,no
21,student,single,unknown,no,yes,no,cellular,jul,thu,968,1,13,2,failure,-1.7,94.215,-40.3,0.81,4991.6,yes
32,admin.,single,university.degree,no,no,no,telephone,jul,thu,14,1,999,0,nonexistent,-1.7,94.215,-40.3,0.81,4991.6,no
58,admin.,married,high.school,no,yes,yes,cellular,jul,thu,414,2,999,0,nonexistent,-1.7,94.215,-40.3,0.81,4991.6,yes
25,admin.,single,high.school,no,no,no,cellular,jul,thu,449,2,999,0,nonexistent,-1.7,94.215,-40.3,0.81,4991.6,yes
37,admin.,married,high.school,no,yes,no,cellular,jul,thu,230,2,999,0,nonexistent,-1.7,94.215,-40.3,0.81,4991.6,no
21,student,single,unknown,no,no,no,telephone,jul,thu,220,7,999,1,failure,-1.7,94.215,-40.3,0.81,4991.6,no
25,services,single,high.school,no,yes,no,telephone,jul,thu,312,2,999,2,failure,-1.7,94.215,-40.3,0.81,4991.6,no
72,retired,married,basic.4y,no,no,yes,cellular,jul,fri,483,4,8,1,success,-1.7,94.215,-40.3,0.8220000000000001,4991.6,yes
26,unemployed,married,high.school,no,yes,no,cellular,jul,fri,474,7,999,0,nonexistent,-1.7,94.215,-40.3,0.8220000000000001,4991.6,yes
72,retired,married,basic.4y,no,yes,no,cellular,jul,fri,119,9,999,1,failure,-1.7,94.215,-40.3,0.8220000000000001,4991.6,no
72,retired,married,basic.4y,no,yes,no,cellular,jul,fri,582,2,999,1,failure,-1.7,94.215,-40.3,0.8220000000000001,4991.6,no
32,admin.,single,university.degree,no,yes,no,cellular,jul,fri,1185,1,999,0,nonexistent,-1.7,94.215,-40.3,0.8220000000000001,4991.6,no
46,admin.,married,university.degree,no,yes,no,cellular,jul,fri,341,3,999,0,nonexistent,-1.7,94.215,-40.3,0.8220000000000001,4991.6,yes
32,entrepreneur,married,university.degree,no,no,yes,cellular,jul,fri,116,1,999,0,nonexistent,-1.7,94.215,-40.3,0.8220000000000001,4991.6,no
79,retired,married,basic.4y,no,no,yes,cellular,jul,fri,464,1,999,1,failure,-1.7,94.215,-40.3,0.8220000000000001,4991.6,yes
33,blue-collar,single,professional.course,no,no,yes,telephone,jul,fri,15,1,999,0,nonexistent,-1.7,94.215,-40.3,0.8220000000000001,4991.6,no
33,unemployed,married,university.degree,no,yes,no,telephone,jul,fri,25,1,999,0,nonexistent,-1.7,94.215,-40.3,0.8220000000000001,4991.6,no
26,unemployed,single,high.school,no,yes,no,telephone,jul,fri,23,1,999,0,nonexistent,-1.7,94.215,-40.3,0.8220000000000001,4991.6,no
33,blue-collar,married,basic.9y,no,no,yes,telephone,jul,mon,9,1,999,0,nonexistent,-1.7,94.215,-40.3,0.8270000000000001,4991.6,no
59,retired,divorced,basic.4y,no,no,no,cellular,jul,mon,410,2,999,0,nonexistent,-1.7,94.215,-40.3,0.8270000000000001,4991.6,no
39,admin.,divorced,university.degree,no,yes,yes,cellular,jul,mon,398,10,999,1,failure,-1.7,94.215,-40.3,0.8270000000000001,4991.6,yes
36,technician,single,university.degree,no,yes,yes,cellular,jul,mon,305,4,3,1,success,-1.7,94.215,-40.3,0.8270000000000001,4991.6,no
59,retired,divorced,basic.4y,no,no,yes,cellular,jul,mon,210,3,999,2,failure,-1.7,94.215,-40.3,0.8270000000000001,4991.6,yes
39,admin.,divorced,university.degree,no,no,yes,cellular,jul,mon,375,3,999,0,nonexistent,-1.7,94.215,-40.3,0.8270000000000001,4991.6,yes
28,blue-collar,single,high.school,no,no,yes,cellular,jul,mon,101,2,999,2,failure,-1.7,94.215,-40.3,0.8270000000000001,4991.6,no
62,technician,married,unknown,no,no,yes,cellular,jul,mon,123,2,6,1,success,-1.7,94.215,-40.3,0.8270000000000001,4991.6,no
35,technician,single,professional.course,no,no,no,cellular,jul,mon,562,4,999,0,nonexistent,-1.7,94.215,-40.3,0.8270000000000001,4991.6,yes
62,technician,married,unknown,no,unknown,unknown,cellular,jul,mon,220,3,999,1,failure,-1.7,94.215,-40.3,0.8270000000000001,4991.6,yes
62,technician,married,unknown,no,no,no,cellular,jul,mon,167,1,999,0,nonexistent,-1.7,94.215,-40.3,0.8270000000000001,4991.6,no
62,technician,married,unknown,no,yes,no,cellular,jul,mon,273,1,16,1,success,-1.7,94.215,-40.3,0.8270000000000001,4991.6,no
27,admin.,single,university.degree,unknown,no,yes,cellular,jul,mon,537,1,999,0,nonexistent,-1.7,94.215,-40.3,0.8270000000000001,4991.6,yes
28,student,single,high.school,no,yes,yes,cellular,jul,mon,154,1,999,2,failure,-1.7,94.215,-40.3,0.8270000000000001,4991.6,no
24,admin.,single,high.school,no,no,no,cellular,jul,mon,452,1,14,1,success,-1.7,94.215,-40.3,0.8270000000000001,4991.6,yes
19,student,single,basic.9y,no,no,yes,telephone,jul,mon,567,1,6,2,success,-1.7,94.215,-40.3,0.8270000000000001,4991.6,yes
59,retired,divorced,basic.4y,no,yes,yes,cellular,jul,mon,796,1,6,1,success,-1.7,94.215,-40.3,0.8270000000000001,4991.6,yes
28,blue-collar,single,high.school,no,no,no,cellular,jul,mon,194,3,999,0,nonexistent,-1.7,94.215,-40.3,0.8270000000000001,4991.6,no
19,student,single,basic.9y,no,yes,no,cellular,jul,mon,236,2,999,0,nonexistent,-1.7,94.215,-40.3,0.8270000000000001,4991.6,no
62,technician,married,unknown,no,no,no,cellular,jul,mon,262,2,999,2,failure,-1.7,94.215,-40.3,0.8270000000000001,4991.6,yes
62,technician,married,unknown,no,yes,no,cellular,jul,mon,248,1,999,2,failure,-1.7,94.215,-40.3,0.8270000000000001,4991.6,yes
33,admin.,single,university.degree,no,yes,no,cellular,jul,mon,289,1,999,1,failure,-1.7,94.215,-40.3,0.8270000000000001,4991.6,no
27,admin.,single,university.degree,unknown,no,no,cellular,jul,mon,200,6,999,0,nonexistent,-1.7,94.215,-40.3,0.8270000000000001,4991.6,no
29,admin.,married,university.degree,no,yes,yes,cellular,jul,tue,256,2,6,1,success,-1.7,94.215,-40.3,0.835,4991.6,no
73,retired,married,basic.4y,no,yes,no,cellular,jul,tue,305,1,999,0,nonexistent,-1.7,94.215,-40.3,0.835,4991.6,yes
29,admin.,single,high.school,no,no,no,cellular,jul,tue,195,2,3,3,success,-1.7,94.215,-40.3,0.835,4991.6,yes
22,services,single,professional.course,no,no,no,cellular,jul,tue,363,1,999,1,failure,-1.7,94.215,-40.3,0.835,4991.6,yes
83,retired,married,university.degree,no,yes,no,cellular,jul,tue,178,1,6,2,success,-1.7,94.215,-40.3,0.835,4991.6,yes
32,services,married,basic.6y,no,yes,yes,telephone,jul,tue,35,1,999,0,nonexistent,-1.7,94.215,-40.3,0.835,4991.6,no
83,retired,married,university.degree,no,no,no,telephone,jul,tue,617,1,12,1,success,-1.7,94.215,-40.3,0.835,4991.6,yes
66,retired,married,high.school,no,no,no,cellular,jul,tue,475,1,999,0,nonexistent,-1.7,94.215,-40.3,0.835,4991.6,yes
66,retired,married,high.school,no,yes,no,cellular,jul,tue,317,1,999,0,nonexistent,-1.7,94.215,-40.3,0.835,4991.6,yes
24,student,single,high.school,no,yes,yes,cellular,jul,tue,316,3,999,1,failure,-1.7,94.215,-40.3,0.835,4991.6,no
31,unemployed,single,university.degree,no,yes,no,cellular,jul,tue,309,1,6,3,success,-1.7,94.215,-40.3,0.835,4991.6,yes
35,technician,single,professional.course,no,yes,no,cellular,jul,tue,360,1,11,2,success,-1.7,94.215,-40.3,0.835,4991.6,yes
22,services,single,professional.course,no,no,no,cellular,jul,tue,256,3,999,1,failure,-1.7,94.215,-40.3,0.835,4991.6,yes
29,blue-collar,single,basic.6y,no,yes,no,telephone,jul,tue,151,1,999,0,nonexistent,-1.7,94.215,-40.3,0.835,4991.6,no
35,technician,single,professional.course,no,yes,no,cellular,jul,tue,577,6,6,1,success,-1.7,94.215,-40.3,0.835,4991.6,yes
29,admin.,single,high.school,no,yes,no,cellular,jul,tue,272,3,6,1,success,-1.7,94.215,-40.3,0.835,4991.6,yes
32,technician,divorced,professional.course,no,yes,no,telephone,jul,wed,18,1,999,0,nonexistent,-1.7,94.215,-40.3,0.84,4991.6,no
30,student,single,professional.course,no,yes,no,cellular,jul,wed,334,4,999,2,failure,-1.7,94.215,-40.3,0.84,4991.6,yes
29,technician,single,basic.9y,no,yes,no,cellular,jul,wed,603,1,999,0,nonexistent,-1.7,94.215,-40.3,0.84,4991.6,yes
53,blue-collar,single,basic.9y,no,yes,no,cellular,jul,wed,355,1,999,0,nonexistent,-1.7,94.215,-40.3,0.84,4991.6,yes
45,management,married,university.degree,no,yes,no,cellular,jul,wed,817,2,999,0,nonexistent,-1.7,94.215,-40.3,0.84,4991.6,yes
29,technician,single,professional.course,no,yes,no,cellular,jul,wed,133,3,999,0,nonexistent,-1.7,94.215,-40.3,0.84,4991.6,no
29,technician,single,basic.9y,no,yes,no,telephone,jul,wed,247,1,6,1,success,-1.7,94.215,-40.3,0.84,4991.6,yes
78,retired,married,unknown,no,yes,no,cellular,jul,wed,203,1,999,1,failure,-1.7,94.215,-40.3,0.84,4991.6,no
29,admin.,single,university.degree,no,yes,no,cellular,jul,wed,276,1,999,0,nonexistent,-1.7,94.215,-40.3,0.84,4991.6,yes
53,blue-collar,single,basic.9y,no,yes,no,telephone,jul,wed,897,2,999,0,nonexistent,-1.7,94.215,-40.3,0.84,4991.6,yes
35,admin.,married,university.degree,no,yes,no,cellular,jul,wed,287,2,999,1,failure,-1.7,94.215,-40.3,0.84,4991.6,yes
34,services,married,basic.9y,no,yes,yes,cellular,jul,wed,86,3,999,1,failure,-1.7,94.215,-40.3,0.84,4991.6,no
30,student,single,professional.course,no,yes,no,telephone,jul,wed,343,9,999,0,nonexistent,-1.7,94.215,-40.3,0.84,4991.6,no
78,retired,married,unknown,no,yes,no,cellular,jul,wed,87,3,999,0,nonexistent,-1.7,94.215,-40.3,0.84,4991.6,yes
44,blue-collar,divorced,basic.4y,no,no,no,telephone,jul,wed,71,1,999,0,nonexistent,-1.7,94.215,-40.3,0.84,4991.6,no
23,blue-collar,single,basic.9y,no,yes,no,cellular,jul,thu,268,5,999,1,failure,-1.7,94.215,-40.3,0.846,4991.6,yes
50,management,married,university.degree,no,yes,no,cellular,jul,thu,367,1,999,0,nonexistent,-1.7,94.215,-40.3,0.846,4991.6,yes
37,services,married,high.school,no,no,no,cellular,jul,thu,346,1,6,2,success,-1.7,94.215,-40.3,0.846,4991.6,yes
28,services,single,high.school,no,yes,no,cellular,jul,thu,957,1,6,1,success,-1.7,94.215,-40.3,0.846,4991.6,yes
32,services,single,unknown,no,no,yes,cellular,jul,thu,415,2,999,0,nonexistent,-1.7,94.215,-40.3,0.846,4991.6,yes
28,self-employed,single,university.degree,no,no,no,cellular,jul,thu,178,1,999,2,failure,-1.7,94.215,-40.3,0.846,4991.6,no
32,admin.,single,university.degree,no,yes,no,cellular,jul,thu,250,2,6,1,success,-1.7,94.215,-40.3,0.846,4991.6,no
20,student,single,basic.9y,no,yes,no,cellular,jul,thu,361,3,6,3,success,-1.7,94.215,-40.3,0.846,4991.6,yes
80,retired,married,basic.4y,no,no,no,telephone,jul,thu,552,2,999,0,nonexistent,-1.7,94.215,-40.3,0.846,4991.6,yes
70,retired,divorced,basic.4y,no,no,no,cellular,jul,thu,390,2,6,2,success,-1.7,94.215,-40.3,0.846,4991.6,yes
35,admin.,married,university.degree,no,no,no,cellular,jul,thu,951,2,6,1,success,-1.7,94.215,-40.3,0.846,4991.6,yes
23,blue-collar,single,basic.9y,no,no,no,cellular,jul,thu,250,4,999,1,failure,-1.7,94.215,-40.3,0.846,4991.6,yes
32,admin.,single,university.degree,no,yes,no,cellular,jul,thu,210,2,15,1,success,-1.7,94.215,-40.3,0.846,4991.6,no
38,technician,married,professional.course,no,no,no,cellular,jul,thu,561,2,999,0,nonexistent,-1.7,94.215,-40.3,0.846,4991.6,no
54,retired,single,basic.4y,no,yes,no,cellular,jul,thu,392,4,999,0,nonexistent,-1.7,94.215,-40.3,0.846,4991.6,no
63,retired,married,basic.4y,no,yes,no,cellular,jul,thu,261,1,6,1,success,-1.7,94.215,-40.3,0.846,4991.6,no
31,admin.,single,university.degree,no,yes,no,cellular,jul,fri,815,2,13,2,success,-1.7,94.215,-40.3,0.861,4991.6,yes
26,technician,single,university.degree,no,no,no,cellular,jul,fri,129,2,6,1,success,-1.7,94.215,-40.3,0.861,4991.6,no
32,admin.,single,university.degree,no,no,no,cellular,jul,fri,184,1,9,3,failure,-1.7,94.215,-40.3,0.861,4991.6,no
44,admin.,married,unknown,no,no,no,cellular,jul,fri,745,1,999,1,failure,-1.7,94.215,-40.3,0.861,4991.6,yes
31,admin.,married,high.school,no,no,no,cellular,jul,fri,136,8,999,0,nonexistent,-1.7,94.215,-40.3,0.861,4991.6,no
60,admin.,married,university.degree,no,no,no,cellular,jul,fri,316,1,6,2,success,-1.7,94.215,-40.3,0.861,4991.6,yes
51,admin.,married,university.degree,no,no,yes,cellular,jul,fri,486,1,999,0,nonexistent,-1.7,94.215,-40.3,0.861,4991.6,yes
43,technician,divorced,unknown,no,no,no,cellular,jul,fri,377,1,999,1,failure,-1.7,94.215,-40.3,0.861,4991.6,no
31,admin.,married,university.degree,no,no,no,cellular,jul,fri,106,1,999,0,nonexistent,-1.7,94.215,-40.3,0.861,4991.6,no
27,admin.,single,high.school,no,yes,no,telephone,jul,fri,7,1,999,0,nonexistent,-1.7,94.215,-40.3,0.861,4991.6,no
29,admin.,single,high.school,no,yes,no,cellular,jul,fri,268,2,6,1,success,-1.7,94.215,-40.3,0.861,4991.6,yes
32,management,single,university.degree,no,no,no,cellular,jul,fri,237,2,999,1,failure,-1.7,94.215,-40.3,0.861,4991.6,no
51,admin.,married,university.degree,no,no,yes,cellular,jul,fri,73,4,999,0,nonexistent,-1.7,94.215,-40.3,0.861,4991.6,no
44,admin.,single,high.school,no,no,yes,telephone,jul,fri,12,1,999,0,nonexistent,-1.7,94.215,-40.3,0.861,4991.6,no
21,housemaid,single,high.school,no,no,no,cellular,jul,fri,222,2,999,0,nonexistent,-1.7,94.215,-40.3,0.861,4991.6,no
54,admin.,married,university.degree,no,no,yes,cellular,jul,fri,84,5,999,2,failure,-1.7,94.215,-40.3,0.861,4991.6,no
56,technician,married,professional.course,no,yes,no,cellular,jul,mon,207,2,13,1,success,-1.7,94.215,-40.3,0.87,4991.6,yes
49,technician,divorced,professional.course,no,yes,no,cellular,jul,mon,253,3,15,1,success,-1.7,94.215,-40.3,0.87,4991.6,yes
78,retired,married,basic.4y,no,no,no,cellular,jul,mon,1148,1,999,0,nonexistent,-1.7,94.215,-40.3,0.87,4991.6,yes
72,retired,married,basic.4y,no,yes,no,cellular,jul,mon,128,2,999,1,failure,-1.7,94.215,-40.3,0.87,4991.6,no
72,retired,married,basic.4y,no,yes,no,cellular,jul,mon,268,1,999,0,nonexistent,-1.7,94.215,-40.3,0.87,4991.6,yes
78,retired,married,basic.4y,no,yes,no,cellular,jul,mon,173,2,999,1,failure,-1.7,94.215,-40.3,0.87,4991.6,yes
56,unemployed,divorced,basic.4y,no,yes,no,cellular,jul,mon,187,6,999,0,nonexistent,-1.7,94.215,-40.3,0.87,4991.6,yes
66,retired,married,basic.4y,no,yes,no,cellular,jul,mon,568,7,999,0,nonexistent,-1.7,94.215,-40.3,0.87,4991.6,yes
78,retired,married,basic.4y,no,yes,no,cellular,jul,mon,212,1,13,2,success,-1.7,94.215,-40.3,0.87,4991.6,yes
29,admin.,married,university.degree,no,yes,no,cellular,jul,mon,173,3,999,0,nonexistent,-1.7,94.215,-40.3,0.87,4991.6,yes
30,technician,married,university.degree,no,yes,yes,cellular,jul,mon,204,4,999,0,nonexistent,-1.7,94.215,-40.3,0.87,4991.6,yes
28,technician,single,university.degree,no,no,no,cellular,jul,tue,146,3,6,2,success,-1.7,94.215,-40.3,0.8759999999999999,4991.6,no
28,services,single,high.school,no,yes,no,cellular,jul,tue,192,1,999,0,nonexistent,-1.7,94.215,-40.3,0.8759999999999999,4991.6,no
66,housemaid,married,basic.4y,no,no,yes,cellular,jul,tue,296,1,999,1,failure,-1.7,94.215,-40.3,0.8759999999999999,4991.6,no
29,technician,single,professional.course,no,no,yes,cellular,jul,tue,178,2,15,2,failure,-1.7,94.215,-40.3,0.8759999999999999,4991.6,yes
54,unknown,married,basic.9y,no,yes,no,cellular,jul,tue,174,2,13,2,success,-1.7,94.215,-40.3,0.8759999999999999,4991.6,no
28,technician,single,university.degree,no,yes,no,cellular,jul,tue,175,5,999,0,nonexistent,-1.7,94.215,-40.3,0.8759999999999999,4991.6,no
23,student,single,unknown,no,no,no,cellular,jul,tue,165,2,16,1,success,-1.7,94.215,-40.3,0.8759999999999999,4991.6,yes
35,blue-collar,married,high.school,no,yes,no,telephone,jul,tue,7,1,999,0,nonexistent,-1.7,94.215,-40.3,0.8759999999999999,4991.6,no
38,admin.,married,high.school,no,no,no,telephone,jul,tue,5,1,999,1,failure,-1.7,94.215,-40.3,0.8759999999999999,4991.6,no
48,technician,married,professional.course,no,no,no,cellular,jul,tue,288,1,999,1,failure,-1.7,94.215,-40.3,0.8759999999999999,4991.6,no
82,housemaid,divorced,basic.4y,no,no,no,cellular,jul,wed,316,1,999,0,nonexistent,-1.7,94.215,-40.3,0.8809999999999999,4991.6,yes
72,retired,married,basic.6y,no,no,no,cellular,jul,wed,338,1,999,0,nonexistent,-1.7,94.215,-40.3,0.8809999999999999,4991.6,no
72,retired,married,basic.6y,no,yes,no,cellular,jul,wed,143,1,999,0,nonexistent,-1.7,94.215,-40.3,0.8809999999999999,4991.6,yes
21,student,single,basic.9y,no,no,no,telephone,jul,thu,5,1,999,0,nonexistent,-1.7,94.215,-40.3,0.884,4991.6,no
24,technician,single,professional.course,no,yes,no,cellular,jul,thu,355,2,3,1,success,-1.7,94.215,-40.3,0.884,4991.6,yes
52,admin.,married,university.degree,no,yes,yes,cellular,jul,thu,942,1,999,0,nonexistent,-1.7,94.215,-40.3,0.884,4991.6,yes
24,services,single,high.school,no,yes,no,cellular,jul,thu,355,1,11,2,success,-1.7,94.215,-40.3,0.884,4991.6,yes
64,admin.,married,high.school,no,no,no,cellular,jul,thu,368,1,999,0,nonexistent,-1.7,94.215,-40.3,0.884,4991.6,yes
45,management,married,university.degree,no,yes,no,cellular,jul,thu,138,2,6,2,success,-1.7,94.215,-40.3,0.884,4991.6,yes
40,management,married,university.degree,no,yes,no,cellular,jul,thu,321,4,999,0,nonexistent,-1.7,94.215,-40.3,0.884,4991.6,yes
30,admin.,single,university.degree,no,yes,no,cellular,jul,thu,248,1,999,0,nonexistent,-1.7,94.215,-40.3,0.884,4991.6,yes
29,self-employed,single,university.degree,no,no,no,telephone,jul,thu,24,1,999,0,nonexistent,-1.7,94.215,-40.3,0.884,4991.6,no
60,admin.,married,basic.9y,no,no,no,cellular,jul,thu,174,2,25,2,failure,-1.7,94.215,-40.3,0.884,4991.6,yes
24,services,single,high.school,no,yes,no,cellular,jul,thu,860,2,9,2,failure,-1.7,94.215,-40.3,0.884,4991.6,yes
56,services,married,high.school,no,yes,no,cellular,jul,thu,427,2,999,1,failure,-1.7,94.215,-40.3,0.884,4991.6,no
45,management,married,university.degree,no,no,yes,telephone,jul,thu,171,2,999,1,failure,-1.7,94.215,-40.3,0.884,4991.6,no
31,student,single,university.degree,no,no,no,cellular,jul,fri,608,3,6,2,success,-1.7,94.215,-40.3,0.885,4991.6,yes
59,management,married,basic.4y,no,yes,no,cellular,jul,fri,351,3,999,0,nonexistent,-1.7,94.215,-40.3,0.885,4991.6,yes
42,unknown,single,university.degree,no,no,no,cellular,jul,fri,366,6,999,0,nonexistent,-1.7,94.215,-40.3,0.885,4991.6,yes
31,student,single,university.degree,no,yes,yes,cellular,jul,fri,350,2,999,0,nonexistent,-1.7,94.215,-40.3,0.885,4991.6,yes
24,technician,married,professional.course,no,no,no,cellular,jul,fri,192,4,26,1,success,-1.7,94.215,-40.3,0.885,4991.6,yes
26,admin.,single,high.school,no,yes,no,cellular,jul,fri,251,1,999,1,failure,-1.7,94.215,-40.3,0.885,4991.6,yes
26,admin.,single,university.degree,no,no,no,cellular,jul,fri,196,1,9,3,failure,-1.7,94.215,-40.3,0.885,4991.6,yes
63,admin.,married,university.degree,no,yes,no,cellular,jul,fri,396,2,999,0,nonexistent,-1.7,94.215,-40.3,0.885,4991.6,yes
29,admin.,single,university.degree,no,yes,no,cellular,jul,mon,110,2,999,1,failure,-1.7,94.215,-40.3,0.889,4991.6,no
35,blue-collar,married,basic.9y,no,yes,no,cellular,jul,mon,275,1,6,2,success,-1.7,94.215,-40.3,0.889,4991.6,yes
65,management,married,university.degree,no,yes,no,cellular,jul,mon,183,1,999,2,failure,-1.7,94.215,-40.3,0.889,4991.6,yes
29,admin.,married,university.degree,no,no,no,telephone,jul,mon,7,1,999,0,nonexistent,-1.7,94.215,-40.3,0.889,4991.6,no
31,admin.,married,university.degree,no,no,no,telephone,jul,mon,7,1,999,0,nonexistent,-1.7,94.215,-40.3,0.889,4991.6,no
52,technician,single,professional.course,no,no,no,telephone,jul,mon,84,1,999,0,nonexistent,-1.7,94.215,-40.3,0.889,4991.6,no
27,blue-collar,single,basic.6y,no,no,no,telephone,jul,mon,9,1,999,0,nonexistent,-1.7,94.215,-40.3,0.889,4991.6,no
35,admin.,married,university.degree,no,no,no,cellular,jul,mon,768,2,3,4,success,-1.7,94.215,-40.3,0.889,4991.6,no
68,retired,married,university.degree,no,no,no,cellular,jul,mon,414,2,12,1,success,-1.7,94.215,-40.3,0.889,4991.6,yes
61,admin.,married,unknown,no,yes,yes,cellular,jul,mon,109,3,999,1,failure,-1.7,94.215,-40.3,0.889,4991.6,no
24,technician,single,professional.course,no,yes,no,cellular,jul,mon,607,3,13,1,success,-1.7,94.215,-40.3,0.889,4991.6,yes
84,retired,divorced,basic.4y,no,yes,yes,cellular,jul,tue,666,1,3,2,success,-1.7,94.215,-40.3,0.893,4991.6,yes
32,admin.,single,university.degree,no,no,no,cellular,jul,tue,527,1,999,0,nonexistent,-1.7,94.215,-40.3,0.893,4991.6,yes
23,student,single,unknown,no,no,no,cellular,jul,tue,267,1,999,2,failure,-1.7,94.215,-40.3,0.893,4991.6,yes
33,admin.,single,university.degree,no,no,no,telephone,jul,tue,5,1,999,0,nonexistent,-1.7,94.215,-40.3,0.893,4991.6,no
28,technician,single,professional.course,no,no,yes,telephone,jul,tue,5,1,999,0,nonexistent,-1.7,94.215,-40.3,0.893,4991.6,no
28,technician,single,professional.course,no,yes,no,cellular,jul,tue,167,2,6,1,success,-1.7,94.215,-40.3,0.893,4991.6,no
52,admin.,married,professional.course,no,yes,yes,cellular,jul,tue,287,2,6,1,success,-1.7,94.215,-40.3,0.893,4991.6,yes
77,retired,married,basic.4y,no,unknown,unknown,cellular,jul,tue,218,2,3,1,success,-1.7,94.215,-40.3,0.893,4991.6,yes
26,student,single,high.school,no,no,no,cellular,jul,tue,235,1,999,1,failure,-1.7,94.215,-40.3,0.893,4991.6,no
48,housemaid,married,professional.course,no,yes,no,cellular,jul,wed,496,2,6,2,success,-1.7,94.215,-40.3,0.8959999999999999,4991.6,yes
68,retired,divorced,high.school,no,yes,yes,cellular,jul,wed,340,1,3,1,success,-1.7,94.215,-40.3,0.8959999999999999,4991.6,yes
74,retired,divorced,basic.4y,no,yes,yes,cellular,jul,wed,106,2,999,0,nonexistent,-1.7,94.215,-40.3,0.8959999999999999,4991.6,no
24,student,single,professional.course,no,no,no,cellular,jul,wed,429,2,6,3,success,-1.7,94.215,-40.3,0.8959999999999999,4991.6,yes
25,self-employed,single,unknown,no,unknown,unknown,cellular,jul,wed,844,5,999,2,failure,-1.7,94.215,-40.3,0.8959999999999999,4991.6,yes
57,blue-collar,married,basic.4y,no,no,yes,cellular,jul,wed,471,2,999,0,nonexistent,-1.7,94.215,-40.3,0.8959999999999999,4991.6,yes
24,student,single,professional.course,no,yes,no,cellular,jul,wed,817,2,999,0,nonexistent,-1.7,94.215,-40.3,0.8959999999999999,4991.6,yes
51,retired,divorced,high.school,no,no,no,cellular,jul,wed,115,3,999,0,nonexistent,-1.7,94.215,-40.3,0.8959999999999999,4991.6,yes
50,housemaid,married,basic.4y,no,no,yes,cellular,jul,wed,462,1,4,1,success,-1.7,94.215,-40.3,0.8959999999999999,4991.6,yes
47,admin.,married,university.degree,no,yes,yes,cellular,jul,wed,129,3,999,2,failure,-1.7,94.215,-40.3,0.8959999999999999,4991.6,no
48,housemaid,married,professional.course,no,no,no,cellular,jul,wed,388,3,6,1,success,-1.7,94.215,-40.3,0.8959999999999999,4991.6,yes
26,technician,single,professional.course,no,no,no,cellular,jul,thu,588,3,999,2,failure,-1.7,94.215,-40.3,0.899,4991.6,yes
60,retired,married,professional.course,no,yes,yes,cellular,jul,thu,95,4,6,2,success,-1.7,94.215,-40.3,0.899,4991.6,no
76,unknown,married,unknown,no,no,no,telephone,jul,thu,301,3,999,0,nonexistent,-1.7,94.215,-40.3,0.899,4991.6,yes
23,admin.,single,high.school,no,no,no,telephone,jul,thu,331,1,999,0,nonexistent,-1.7,94.215,-40.3,0.899,4991.6,no
34,admin.,divorced,university.degree,no,yes,no,telephone,jul,thu,332,3,999,1,failure,-1.7,94.215,-40.3,0.899,4991.6,yes
50,housemaid,married,basic.6y,no,no,no,cellular,jul,thu,349,3,6,2,success,-1.7,94.215,-40.3,0.899,4991.6,yes
50,entrepreneur,divorced,university.degree,no,yes,no,cellular,jul,thu,386,1,6,3,success,-1.7,94.215,-40.3,0.899,4991.6,yes
31,technician,single,university.degree,no,no,no,cellular,jul,thu,200,4,999,1,failure,-1.7,94.215,-40.3,0.899,4991.6,yes
51,admin.,married,university.degree,no,no,no,cellular,jul,thu,396,4,999,1,failure,-1.7,94.215,-40.3,0.899,4991.6,yes
65,management,married,high.school,no,yes,no,cellular,jul,thu,117,1,999,2,failure,-1.7,94.215,-40.3,0.899,4991.6,no
31,technician,single,university.degree,no,yes,no,telephone,jul,thu,426,1,6,2,success,-1.7,94.215,-40.3,0.899,4991.6,yes
48,blue-collar,married,professional.course,no,no,no,telephone,jul,thu,268,1,999,0,nonexistent,-1.7,94.215,-40.3,0.899,4991.6,yes
71,retired,married,basic.4y,no,yes,no,cellular,jul,thu,519,2,9,3,failure,-1.7,94.215,-40.3,0.899,4991.6,yes
31,technician,single,university.degree,no,no,no,telephone,jul,thu,270,1,5,1,success,-1.7,94.215,-40.3,0.899,4991.6,yes
34,admin.,married,university.degree,no,yes,no,cellular,jul,thu,417,1,6,3,success,-1.7,94.215,-40.3,0.899,4991.6,yes
53,admin.,married,high.school,no,yes,no,cellular,jul,thu,99,6,999,0,nonexistent,-1.7,94.215,-40.3,0.899,4991.6,no
39,unemployed,single,high.school,no,yes,no,cellular,jul,fri,90,2,999,0,nonexistent,-1.7,94.215,-40.3,0.8959999999999999,4991.6,no
27,services,single,high.school,no,no,no,cellular,jul,fri,700,5,6,2,success,-1.7,94.215,-40.3,0.8959999999999999,4991.6,yes
32,management,single,university.degree,no,no,no,cellular,jul,fri,221,4,16,1,success,-1.7,94.215,-40.3,0.8959999999999999,4991.6,no
23,admin.,single,university.degree,no,no,yes,cellular,jul,fri,76,2,999,1,failure,-1.7,94.215,-40.3,0.8959999999999999,4991.6,no
41,admin.,married,university.degree,no,yes,no,cellular,jul,fri,269,7,6,3,success,-1.7,94.215,-40.3,0.8959999999999999,4991.6,no
37,management,married,university.degree,no,yes,no,cellular,jul,fri,292,1,6,1,success,-1.7,94.215,-40.3,0.8959999999999999,4991.6,yes
35,admin.,married,university.degree,no,yes,no,telephone,jul,fri,304,1,999,2,failure,-1.7,94.215,-40.3,0.8959999999999999,4991.6,yes
56,retired,divorced,high.school,no,yes,no,telephone,jul,fri,9,1,999,0,nonexistent,-1.7,94.215,-40.3,0.8959999999999999,4991.6,no
71,retired,married,basic.9y,no,yes,yes,cellular,jul,fri,230,6,999,0,nonexistent,-1.7,94.215,-40.3,0.8959999999999999,4991.6,yes
40,management,married,university.degree,no,no,no,telephone,jul,fri,367,2,3,2,success,-1.7,94.215,-40.3,0.8959999999999999,4991.6,yes
39,unemployed,single,high.school,no,yes,no,cellular,jul,fri,240,3,999,0,nonexistent,-1.7,94.215,-40.3,0.8959999999999999,4991.6,no
37,admin.,married,university.degree,no,yes,no,cellular,jul,fri,1005,5,4,2,success,-1.7,94.215,-40.3,0.8959999999999999,4991.6,yes
34,self-employed,married,university.degree,no,unknown,unknown,cellular,jul,fri,156,3,999,2,failure,-1.7,94.215,-40.3,0.8959999999999999,4991.6,no
40,management,married,university.degree,no,yes,no,cellular,jul,fri,955,1,9,1,success,-1.7,94.215,-40.3,0.8959999999999999,4991.6,yes
63,retired,married,basic.4y,no,no,no,cellular,jul,fri,273,1,999,0,nonexistent,-1.7,94.215,-40.3,0.8959999999999999,4991.6,no
55,services,divorced,high.school,no,yes,no,cellular,jul,fri,160,3,999,0,nonexistent,-1.7,94.215,-40.3,0.8959999999999999,4991.6,no
46,admin.,married,high.school,no,no,no,cellular,aug,mon,428,2,999,3,failure,-1.7,94.027,-38.3,0.898,4991.6,no
33,services,single,high.school,no,yes,no,cellular,aug,mon,132,2,999,1,failure,-1.7,94.027,-38.3,0.898,4991.6,no
25,student,single,high.school,no,no,no,cellular,aug,mon,159,2,10,4,failure,-1.7,94.027,-38.3,0.898,4991.6,no
33,admin.,single,university.degree,no,no,yes,cellular,aug,mon,87,3,999,0,nonexistent,-1.7,94.027,-38.3,0.898,4991.6,no
31,student,single,unknown,no,no,no,cellular,aug,mon,397,2,999,1,failure,-1.7,94.027,-38.3,0.898,4991.6,no
42,admin.,single,university.degree,no,no,no,cellular,aug,mon,1013,3,999,0,nonexistent,-1.7,94.027,-38.3,0.898,4991.6,no
67,retired,married,basic.4y,no,no,no,cellular,aug,mon,300,3,999,0,nonexistent,-1.7,94.027,-38.3,0.898,4991.6,no
31,technician,single,unknown,no,no,no,cellular,aug,mon,155,2,999,0,nonexistent,-1.7,94.027,-38.3,0.898,4991.6,no
53,services,married,basic.9y,no,yes,no,cellular,aug,mon,196,2,999,0,nonexistent,-1.7,94.027,-38.3,0.898,4991.6,yes
31,student,single,unknown,no,yes,no,cellular,aug,mon,868,3,18,3,failure,-1.7,94.027,-38.3,0.898,4991.6,yes
36,admin.,single,professional.course,no,yes,no,telephone,aug,mon,25,1,999,0,nonexistent,-1.7,94.027,-38.3,0.898,4991.6,no
81,retired,married,basic.4y,no,yes,no,cellular,aug,mon,90,4,999,0,nonexistent,-1.7,94.027,-38.3,0.898,4991.6,no
25,student,single,high.school,no,yes,no,cellular,aug,mon,100,8,4,1,success,-1.7,94.027,-38.3,0.898,4991.6,no
42,admin.,single,university.degree,no,yes,no,cellular,aug,mon,245,2,999,0,nonexistent,-1.7,94.027,-38.3,0.898,4991.6,no
31,self-employed,single,university.degree,no,no,no,cellular,aug,mon,209,1,999,2,failure,-1.7,94.027,-38.3,0.898,4991.6,no
33,services,single,high.school,no,yes,no,cellular,aug,mon,486,1,999,2,failure,-1.7,94.027,-38.3,0.898,4991.6,no
38,technician,single,university.degree,no,no,no,cellular,aug,mon,135,7,999,0,nonexistent,-1.7,94.027,-38.3,0.898,4991.6,no
33,admin.,single,university.degree,no,yes,yes,telephone,aug,mon,109,1,999,2,failure,-1.7,94.027,-38.3,0.898,4991.6,no
53,services,married,basic.9y,no,yes,no,telephone,aug,mon,141,2,999,1,failure,-1.7,94.027,-38.3,0.898,4991.6,no
77,retired,divorced,professional.course,no,no,no,cellular,aug,mon,258,1,999,0,nonexistent,-1.7,94.027,-38.3,0.898,4991.6,no
27,admin.,single,university.degree,no,no,no,cellular,aug,tue,249,1,999,0,nonexistent,-1.7,94.027,-38.3,0.899,4991.6,yes
31,student,single,university.degree,no,no,no,cellular,aug,tue,224,1,9,2,failure,-1.7,94.027,-38.3,0.899,4991.6,no
64,retired,married,professional.course,no,no,no,cellular,aug,tue,482,1,999,0,nonexistent,-1.7,94.027,-38.3,0.899,4991.6,yes
37,technician,single,university.degree,no,yes,no,cellular,aug,tue,481,2,999,4,failure,-1.7,94.027,-38.3,0.899,4991.6,yes
28,admin.,single,university.degree,no,yes,yes,cellular,aug,tue,187,2,6,2,success,-1.7,94.027,-38.3,0.899,4991.6,yes
28,unemployed,single,basic.9y,no,no,yes,cellular,aug,tue,261,1,999,1,failure,-1.7,94.027,-38.3,0.899,4991.6,yes
31,student,single,university.degree,no,no,no,cellular,aug,tue,279,4,6,2,success,-1.7,94.027,-38.3,0.899,4991.6,yes
47,services,divorced,unknown,no,yes,no,cellular,aug,tue,113,2,999,1,failure,-1.7,94.027,-38.3,0.899,4991.6,yes
21,student,single,high.school,no,yes,no,cellular,aug,tue,326,2,999,1,failure,-1.7,94.027,-38.3,0.899,4991.6,no
31,admin.,single,university.degree,no,no,no,cellular,aug,tue,172,3,999,0,nonexistent,-1.7,94.027,-38.3,0.899,4991.6,no
75,retired,married,unknown,no,no,no,telephone,aug,tue,676,2,999,4,failure,-1.7,94.027,-38.3,0.899,4991.6,yes
30,student,single,high.school,no,no,no,cellular,aug,tue,592,3,999,1,failure,-1.7,94.027,-38.3,0.899,4991.6,yes
21,student,single,high.school,no,yes,no,cellular,aug,tue,263,3,9,2,success,-1.7,94.027,-38.3,0.899,4991.6,yes
58,blue-collar,married,basic.4y,no,yes,no,cellular,aug,wed,771,1,3,1,success,-1.7,94.027,-38.3,0.9,4991.6,yes
48,admin.,married,university.degree,no,yes,yes,cellular,aug,wed,288,1,0,3,success,-1.7,94.027,-38.3,0.9,4991.6,yes
35,technician,married,university.degree,no,yes,no,cellular,aug,wed,182,1,6,3,failure,-1.7,94.027,-38.3,0.9,4991.6,yes
35,technician,married,university.degree,no,yes,no,cellular,aug,wed,560,1,999,0,nonexistent,-1.7,94.027,-38.3,0.9,4991.6,yes
27,student,single,university.degree,no,yes,no,cellular,aug,wed,651,1,0,3,success,-1.7,94.027,-38.3,0.9,4991.6,yes
28,student,single,basic.9y,no,yes,no,cellular,aug,wed,178,1,0,1,success,-1.7,94.027,-38.3,0.9,4991.6,yes
61,retired,married,university.degree,no,no,no,telephone,aug,wed,250,2,7,1,success,-1.7,94.027,-38.3,0.9,4991.6,yes
47,admin.,married,university.degree,no,unknown,unknown,cellular,aug,wed,288,1,10,2,failure,-1.7,94.027,-38.3,0.9,4991.6,yes
27,student,single,university.degree,no,no,no,cellular,aug,wed,180,1,3,3,success,-1.7,94.027,-38.3,0.9,4991.6,yes
30,admin.,single,university.degree,no,no,no,telephone,aug,wed,156,1,999,1,failure,-1.7,94.027,-38.3,0.9,4991.6,no
59,unknown,married,unknown,no,no,no,cellular,aug,wed,198,1,6,1,success,-1.7,94.027,-38.3,0.9,4991.6,yes
28,student,single,basic.9y,no,no,no,telephone,aug,wed,199,2,6,2,success,-1.7,94.027,-38.3,0.9,4991.6,no
18,student,single,unknown,no,yes,no,cellular,aug,wed,253,2,6,1,success,-1.7,94.027,-38.3,0.9,4991.6,yes
48,blue-collar,married,basic.9y,no,no,no,cellular,aug,wed,296,1,16,3,failure,-1.7,94.027,-38.3,0.9,4991.6,yes
34,admin.,married,university.degree,no,yes,no,cellular,aug,wed,250,1,10,2,failure,-1.7,94.027,-38.3,0.9,4991.6,yes
18,student,single,unknown,no,yes,no,cellular,aug,wed,561,1,17,2,failure,-1.7,94.027,-38.3,0.9,4991.6,yes
48,admin.,single,university.degree,no,yes,no,cellular,aug,wed,118,1,0,2,success,-1.7,94.027,-38.3,0.9,4991.6,yes
47,admin.,married,university.degree,no,no,no,cellular,aug,wed,470,1,4,2,success,-1.7,94.027,-38.3,0.9,4991.6,yes
30,admin.,single,university.degree,no,yes,no,cellular,aug,wed,191,1,0,2,success,-1.7,94.027,-38.3,0.9,4991.6,yes
18,student,single,unknown,no,yes,yes,telephone,aug,wed,297,1,999,0,nonexistent,-1.7,94.027,-38.3,0.9,4991.6,no
44,services,divorced,basic.6y,no,yes,no,cellular,aug,wed,153,3,0,1,success,-1.7,94.027,-38.3,0.9,4991.6,yes
30,blue-collar,single,professional.course,no,no,no,cellular,aug,wed,293,1,9,1,success,-1.7,94.027,-38.3,0.9,4991.6,yes
46,admin.,single,high.school,no,no,no,cellular,aug,thu,510,2,17,1,success,-1.7,94.027,-38.3,0.904,4991.6,no
41,admin.,divorced,high.school,no,yes,yes,cellular,aug,thu,231,2,0,2,success,-1.7,94.027,-38.3,0.904,4991.6,yes
26,unemployed,single,university.degree,no,yes,no,cellular,aug,thu,508,3,6,2,success,-1.7,94.027,-38.3,0.904,4991.6,yes
46,technician,married,professional.course,no,no,no,cellular,aug,thu,382,1,999,1,failure,-1.7,94.027,-38.3,0.904,4991.6,no
26,unemployed,single,university.degree,no,yes,no,cellular,aug,thu,203,1,3,3,success,-1.7,94.027,-38.3,0.904,4991.6,yes
48,admin.,divorced,university.degree,no,no,no,cellular,aug,thu,544,1,999,0,nonexistent,-1.7,94.027,-38.3,0.904,4991.6,yes
41,admin.,divorced,high.school,no,unknown,unknown,cellular,aug,thu,272,1,999,0,nonexistent,-1.7,94.027,-38.3,0.904,4991.6,yes
48,admin.,divorced,university.degree,no,no,no,cellular,aug,thu,172,3,3,6,success,-1.7,94.027,-38.3,0.904,4991.6,yes
44,admin.,single,university.degree,no,no,no,cellular,aug,thu,492,1,999,2,failure,-1.7,94.027,-38.3,0.904,4991.6,no
47,admin.,married,high.school,no,no,no,cellular,aug,thu,374,2,16,1,success,-1.7,94.027,-38.3,0.904,4991.6,yes
31,student,single,unknown,no,yes,no,cellular,aug,thu,306,2,999,0,nonexistent,-1.7,94.027,-38.3,0.904,4991.6,yes
77,retired,married,basic.4y,no,no,no,cellular,aug,thu,318,1,9,4,failure,-1.7,94.027,-38.3,0.904,4991.6,yes
31,student,single,unknown,no,yes,no,cellular,aug,thu,375,2,999,0,nonexistent,-1.7,94.027,-38.3,0.904,4991.6,yes
41,entrepreneur,married,university.degree,no,yes,no,cellular,aug,thu,324,1,999,0,nonexistent,-1.7,94.027,-38.3,0.904,4991.6,yes
30,student,single,high.school,no,no,no,cellular,aug,thu,200,1,999,1,failure,-1.7,94.027,-38.3,0.904,4991.6,no
41,entrepreneur,married,university.degree,no,yes,no,cellular,aug,thu,736,1,999,0,nonexistent,-1.7,94.027,-38.3,0.904,4991.6,yes
71,retired,married,university.degree,no,yes,no,cellular,aug,thu,134,1,999,0,nonexistent,-1.7,94.027,-38.3,0.904,4991.6,no
46,technician,married,professional.course,no,yes,no,cellular,aug,thu,245,2,999,4,failure,-1.7,94.027,-38.3,0.904,4991.6,yes
63,retired,married,basic.4y,no,no,no,cellular,aug,thu,163,1,999,0,nonexistent,-1.7,94.027,-38.3,0.904,4991.6,no
41,admin.,divorced,high.school,no,yes,yes,cellular,aug,thu,98,3,999,0,nonexistent,-1.7,94.027,-38.3,0.904,4991.6,no
25,admin.,single,university.degree,no,no,no,cellular,aug,thu,215,1,999,0,nonexistent,-1.7,94.027,-38.3,0.904,4991.6,yes
45,admin.,married,university.degree,no,no,no,cellular,aug,thu,323,1,999,0,nonexistent,-1.7,94.027,-38.3,0.904,4991.6,yes
60,housemaid,married,basic.4y,no,no,no,cellular,aug,fri,270,4,6,4,failure,-1.7,94.027,-38.3,0.905,4991.6,no
59,retired,married,professional.course,no,yes,no,cellular,aug,fri,303,2,3,2,success,-1.7,94.027,-38.3,0.905,4991.6,yes
32,entrepreneur,single,professional.course,no,yes,no,telephone,aug,fri,47,1,999,0,nonexistent,-1.7,94.027,-38.3,0.905,4991.6,no
41,admin.,divorced,high.school,no,yes,no,cellular,aug,fri,258,2,6,3,success,-1.7,94.027,-38.3,0.905,4991.6,yes
27,admin.,single,university.degree,no,no,no,cellular,aug,fri,562,2,3,3,success,-1.7,94.027,-38.3,0.905,4991.6,yes
59,retired,married,professional.course,no,no,no,cellular,aug,fri,218,3,3,1,success,-1.7,94.027,-38.3,0.905,4991.6,yes
41,admin.,divorced,high.school,no,yes,no,cellular,aug,fri,178,1,6,2,success,-1.7,94.027,-38.3,0.905,4991.6,yes
41,admin.,divorced,high.school,no,yes,no,cellular,aug,fri,174,1,4,3,failure,-1.7,94.027,-38.3,0.905,4991.6,yes
77,management,married,unknown,no,yes,no,cellular,aug,fri,160,1,3,6,success,-1.7,94.027,-38.3,0.905,4991.6,yes
41,technician,divorced,university.degree,no,yes,no,cellular,aug,fri,252,1,999,1,failure,-1.7,94.027,-38.3,0.905,4991.6,no
41,technician,divorced,university.degree,no,yes,no,cellular,aug,fri,366,2,6,3,success,-1.7,94.027,-38.3,0.905,4991.6,yes
27,admin.,single,university.degree,no,yes,no,cellular,aug,fri,177,2,999,0,nonexistent,-1.7,94.027,-38.3,0.905,4991.6,yes
24,admin.,single,university.degree,no,yes,yes,cellular,aug,fri,101,5,6,2,success,-1.7,94.027,-38.3,0.905,4991.6,no
24,admin.,single,university.degree,no,no,no,cellular,aug,fri,744,1,999,2,failure,-1.7,94.027,-38.3,0.905,4991.6,yes
64,retired,married,basic.4y,no,unknown,unknown,telephone,aug,fri,245,3,999,0,nonexistent,-1.7,94.027,-38.3,0.905,4991.6,yes
26,services,single,high.school,no,no,no,telephone,aug,mon,6,1,999,3,failure,-1.7,94.027,-38.3,0.904,4991.6,no
30,self-employed,single,university.degree,no,no,no,cellular,aug,mon,370,2,999,1,failure,-1.7,94.027,-38.3,0.904,4991.6,no
26,admin.,single,university.degree,no,no,no,telephone,aug,mon,440,5,999,2,failure,-1.7,94.027,-38.3,0.904,4991.6,no
47,management,married,university.degree,no,yes,no,cellular,aug,mon,145,3,3,2,success,-1.7,94.027,-38.3,0.904,4991.6,no
35,unemployed,married,high.school,no,yes,no,cellular,aug,mon,362,1,6,1,success,-1.7,94.027,-38.3,0.904,4991.6,yes
47,management,married,university.degree,no,yes,no,cellular,aug,mon,182,2,999,6,failure,-1.7,94.027,-38.3,0.904,4991.6,no
56,blue-collar,divorced,basic.4y,no,yes,no,telephone,aug,mon,361,1,12,4,failure,-1.7,94.027,-38.3,0.904,4991.6,no
29,services,single,university.degree,no,no,no,cellular,aug,mon,265,1,6,1,success,-1.7,94.027,-38.3,0.904,4991.6,yes
26,admin.,single,university.degree,no,no,no,telephone,aug,mon,1087,1,3,1,success,-1.7,94.027,-38.3,0.904,4991.6,yes
26,admin.,single,university.degree,no,no,no,cellular,aug,mon,242,1,6,5,success,-1.7,94.027,-38.3,0.904,4991.6,yes
53,management,married,university.degree,no,yes,no,telephone,aug,tue,97,1,999,0,nonexistent,-1.7,94.027,-38.3,0.904,4991.6,yes
55,housemaid,single,university.degree,no,yes,no,telephone,aug,tue,11,1,999,0,nonexistent,-1.7,94.027,-38.3,0.904,4991.6,no
73,retired,divorced,basic.4y,unknown,yes,no,cellular,aug,tue,273,2,999,1,failure,-1.7,94.027,-38.3,0.904,4991.6,no
55,admin.,divorced,high.school,no,no,no,cellular,aug,tue,245,1,999,0,nonexistent,-1.7,94.027,-38.3,0.904,4991.6,yes
25,unemployed,single,high.school,no,no,no,cellular,aug,tue,188,1,3,3,success,-1.7,94.027,-38.3,0.904,4991.6,no
58,management,married,university.degree,no,no,no,cellular,aug,tue,412,1,999,0,nonexistent,-1.7,94.027,-38.3,0.904,4991.6,yes
34,blue-collar,married,basic.9y,no,no,yes,cellular,aug,tue,447,1,999,1,failure,-1.7,94.027,-38.3,0.904,4991.6,yes
92,retired,married,unknown,no,no,yes,cellular,aug,tue,1064,1,3,1,success,-1.7,94.027,-38.3,0.904,4991.6,yes
19,student,single,unknown,no,no,no,cellular,aug,tue,192,1,999,1,failure,-1.7,94.027,-38.3,0.904,4991.6,no
50,admin.,single,university.degree,no,no,no,cellular,aug,tue,372,1,6,2,success,-1.7,94.027,-38.3,0.904,4991.6,yes
65,retired,married,professional.course,no,yes,no,cellular,aug,tue,261,1,6,3,success,-1.7,94.027,-38.3,0.904,4991.6,yes
37,management,married,university.degree,no,yes,yes,telephone,aug,tue,365,2,6,1,success,-1.7,94.027,-38.3,0.904,4991.6,no
31,admin.,married,university.degree,no,no,no,cellular,aug,tue,164,1,999,0,nonexistent,-1.7,94.027,-38.3,0.904,4991.6,yes
70,retired,married,basic.4y,no,yes,no,cellular,aug,tue,356,3,6,1,success,-1.7,94.027,-38.3,0.904,4991.6,yes
25,technician,single,university.degree,no,yes,no,telephone,aug,tue,6,1,999,0,nonexistent,-1.7,94.027,-38.3,0.904,4991.6,no
31,admin.,married,university.degree,no,no,no,cellular,aug,tue,317,2,999,1,failure,-1.7,94.027,-38.3,0.904,4991.6,yes
65,retired,married,professional.course,no,yes,no,cellular,aug,tue,170,2,999,0,nonexistent,-1.7,94.027,-38.3,0.904,4991.6,no
43,technician,married,high.school,no,yes,no,cellular,aug,wed,1363,1,999,0,nonexistent,-1.7,94.027,-38.3,0.903,4991.6,yes
31,services,single,high.school,no,yes,no,telephone,aug,wed,61,1,999,0,nonexistent,-1.7,94.027,-38.3,0.903,4991.6,no
61,admin.,married,university.degree,no,yes,yes,telephone,aug,wed,425,1,6,2,success,-1.7,94.027,-38.3,0.903,4991.6,yes
92,retired,married,unknown,no,no,yes,cellular,aug,wed,370,1,3,4,success,-1.7,94.027,-38.3,0.903,4991.6,yes
75,retired,married,basic.4y,no,no,no,cellular,aug,wed,248,2,6,3,success,-1.7,94.027,-38.3,0.903,4991.6,yes
59,admin.,married,university.degree,no,yes,no,cellular,aug,wed,443,3,999,0,nonexistent,-1.7,94.027,-38.3,0.903,4991.6,no
35,admin.,married,university.degree,no,yes,no,cellular,aug,wed,765,2,6,3,success,-1.7,94.027,-38.3,0.903,4991.6,yes
66,admin.,divorced,university.degree,no,yes,no,cellular,aug,wed,222,3,6,2,success,-1.7,94.027,-38.3,0.903,4991.6,yes
35,admin.,married,university.degree,no,yes,yes,cellular,aug,thu,176,1,999,2,failure,-1.7,94.027,-38.3,0.899,4991.6,no
41,admin.,married,university.degree,no,yes,no,telephone,aug,thu,345,1,9,3,failure,-1.7,94.027,-38.3,0.899,4991.6,yes
71,admin.,married,basic.4y,no,yes,no,cellular,aug,thu,192,1,999,2,failure,-1.7,94.027,-38.3,0.899,4991.6,no
67,housemaid,divorced,professional.course,no,no,no,cellular,aug,thu,350,1,6,2,success,-1.7,94.027,-38.3,0.899,4991.6,yes
60,blue-collar,married,basic.4y,no,yes,no,cellular,aug,thu,176,1,999,1,failure,-1.7,94.027,-38.3,0.899,4991.6,no
52,management,married,university.degree,no,yes,no,cellular,aug,thu,175,3,1,3,success,-1.7,94.027,-38.3,0.899,4991.6,yes
27,admin.,married,university.degree,no,no,no,cellular,aug,thu,312,3,6,1,success,-1.7,94.027,-38.3,0.899,4991.6,yes
60,blue-collar,married,basic.4y,no,yes,no,cellular,aug,thu,187,2,999,0,nonexistent,-1.7,94.027,-38.3,0.899,4991.6,no
33,admin.,married,university.degree,no,yes,no,cellular,aug,thu,265,1,3,3,success,-1.7,94.027,-38.3,0.899,4991.6,yes
30,admin.,single,high.school,no,no,no,telephone,aug,thu,18,1,22,1,success,-1.7,94.027,-38.3,0.899,4991.6,no
33,management,married,university.degree,no,no,no,telephone,aug,thu,201,1,6,2,success,-1.7,94.027,-38.3,0.899,4991.6,yes
42,blue-collar,married,basic.9y,no,yes,no,cellular,aug,fri,261,1,6,1,success,-1.7,94.027,-38.3,0.898,4991.6,yes
25,student,single,high.school,no,yes,yes,telephone,aug,fri,461,1,999,0,nonexistent,-1.7,94.027,-38.3,0.898,4991.6,yes
48,self-employed,divorced,university.degree,no,no,no,cellular,aug,fri,222,4,999,0,nonexistent,-1.7,94.027,-38.3,0.898,4991.6,yes
38,entrepreneur,married,university.degree,no,yes,no,cellular,aug,fri,633,1,16,1,success,-1.7,94.027,-38.3,0.898,4991.6,yes
39,services,single,high.school,no,yes,no,cellular,aug,fri,308,6,999,0,nonexistent,-1.7,94.027,-38.3,0.898,4991.6,yes
40,management,divorced,university.degree,no,no,no,cellular,aug,fri,183,1,999,0,nonexistent,-1.7,94.027,-38.3,0.898,4991.6,no
36,services,single,university.degree,no,no,no,cellular,aug,fri,394,6,999,0,nonexistent,-1.7,94.027,-38.3,0.898,4991.6,yes
32,admin.,married,university.degree,no,no,no,telephone,aug,fri,75,1,999,0,nonexistent,-1.7,94.027,-38.3,0.898,4991.6,no
48,self-employed,divorced,university.degree,no,no,no,cellular,aug,fri,166,1,999,1,failure,-1.7,94.027,-38.3,0.898,4991.6,no
28,admin.,married,university.degree,no,no,no,cellular,aug,fri,161,4,999,0,nonexistent,-1.7,94.027,-38.3,0.898,4991.6,no
39,blue-collar,single,basic.4y,no,yes,yes,telephone,aug,fri,9,1,999,0,nonexistent,-1.7,94.027,-38.3,0.898,4991.6,no
35,management,married,university.degree,no,no,no,telephone,aug,fri,12,1,999,0,nonexistent,-1.7,94.027,-38.3,0.898,4991.6,no
31,admin.,married,professional.course,no,no,no,cellular,aug,mon,318,2,999,0,nonexistent,-1.7,94.027,-38.3,0.8959999999999999,4991.6,yes
60,retired,married,basic.4y,no,no,no,cellular,aug,mon,143,2,15,2,failure,-1.7,94.027,-38.3,0.8959999999999999,4991.6,no
34,technician,single,basic.9y,no,yes,no,cellular,aug,mon,140,3,999,0,nonexistent,-1.7,94.027,-38.3,0.8959999999999999,4991.6,no
34,technician,single,basic.9y,no,no,no,cellular,aug,mon,205,3,6,3,success,-1.7,94.027,-38.3,0.8959999999999999,4991.6,yes
45,technician,married,university.degree,no,no,no,cellular,aug,mon,111,2,999,1,failure,-1.7,94.027,-38.3,0.8959999999999999,4991.6,no
34,technician,single,basic.9y,no,no,no,cellular,aug,mon,200,2,999,0,nonexistent,-1.7,94.027,-38.3,0.8959999999999999,4991.6,no
44,retired,single,high.school,no,no,no,cellular,aug,mon,2035,4,999,0,nonexistent,-1.7,94.027,-38.3,0.8959999999999999,4991.6,yes
33,student,married,professional.course,no,yes,no,cellular,aug,mon,265,3,3,4,success,-1.7,94.027,-38.3,0.8959999999999999,4991.6,yes
45,admin.,divorced,basic.9y,no,yes,yes,telephone,aug,tue,8,1,999,0,nonexistent,-1.7,94.027,-38.3,0.895,4991.6,no
34,entrepreneur,married,professional.course,no,no,no,telephone,aug,tue,6,1,999,0,nonexistent,-1.7,94.027,-38.3,0.895,4991.6,no
58,self-employed,married,university.degree,no,no,no,cellular,aug,tue,326,4,6,3,success,-1.7,94.027,-38.3,0.895,4991.6,yes
26,student,single,high.school,no,no,no,cellular,aug,wed,95,3,999,3,failure,-1.7,94.027,-38.3,0.894,4991.6,no
54,management,married,high.school,no,no,no,cellular,aug,wed,171,3,999,1,failure,-1.7,94.027,-38.3,0.894,4991.6,no
36,admin.,married,university.degree,no,no,no,cellular,aug,wed,212,7,6,1,success,-1.7,94.027,-38.3,0.894,4991.6,no
40,admin.,married,high.school,no,yes,no,telephone,aug,thu,173,6,999,1,failure,-1.7,94.027,-38.3,0.8909999999999999,4991.6,no
39,admin.,single,university.degree,no,yes,yes,telephone,aug,fri,45,1,999,0,nonexistent,-1.7,94.027,-38.3,0.89,4991.6,no
34,admin.,single,high.school,no,unknown,unknown,telephone,aug,fri,22,1,999,0,nonexistent,-1.7,94.027,-38.3,0.89,4991.6,no
29,services,single,university.degree,no,yes,no,telephone,aug,fri,6,1,999,0,nonexistent,-1.7,94.027,-38.3,0.89,4991.6,no
49,admin.,married,university.degree,no,yes,no,telephone,aug,fri,4,1,999,0,nonexistent,-1.7,94.027,-38.3,0.89,4991.6,no
30,admin.,single,professional.course,no,no,no,telephone,aug,mon,10,1,999,0,nonexistent,-1.7,94.027,-38.3,0.8909999999999999,4991.6,no
72,retired,divorced,university.degree,no,no,no,cellular,aug,mon,220,16,999,1,failure,-1.7,94.027,-38.3,0.8909999999999999,4991.6,no
26,blue-collar,married,professional.course,no,unknown,unknown,telephone,aug,tue,11,1,999,0,nonexistent,-1.7,94.027,-38.3,0.889,4991.6,no
33,unemployed,single,basic.9y,no,yes,no,telephone,aug,tue,5,1,999,0,nonexistent,-1.7,94.027,-38.3,0.889,4991.6,no
22,student,single,basic.9y,no,no,no,telephone,aug,tue,26,1,999,0,nonexistent,-1.7,94.027,-38.3,0.889,4991.6,no
28,student,single,university.degree,no,yes,no,telephone,aug,wed,6,1,999,0,nonexistent,-1.7,94.027,-38.3,0.89,4991.6,no
30,technician,married,professional.course,no,no,no,telephone,aug,wed,5,1,0,4,success,-1.7,94.027,-38.3,0.89,4991.6,no
35,entrepreneur,married,basic.9y,no,yes,no,telephone,aug,wed,17,1,999,0,nonexistent,-1.7,94.027,-38.3,0.89,4991.6,no
58,blue-collar,married,high.school,no,yes,no,telephone,aug,fri,4,1,999,0,nonexistent,-1.7,94.027,-38.3,0.888,4991.6,no
27,admin.,single,high.school,no,no,no,telephone,aug,fri,3785,1,999,0,nonexistent,-1.7,94.027,-38.3,0.888,4991.6,no
21,services,single,unknown,no,yes,no,telephone,aug,mon,28,1,999,0,nonexistent,-1.7,94.027,-38.3,0.888,4991.6,no
27,admin.,married,high.school,no,yes,no,telephone,aug,mon,36,1,999,0,nonexistent,-1.7,94.027,-38.3,0.888,4991.6,no
30,admin.,single,university.degree,no,yes,no,cellular,aug,tue,193,1,999,0,nonexistent,-1.7,94.027,-38.3,0.8859999999999999,4991.6,no
30,admin.,single,university.degree,no,no,no,cellular,aug,tue,343,1,999,0,nonexistent,-1.7,94.027,-38.3,0.8859999999999999,4991.6,yes
33,blue-collar,married,professional.course,no,yes,no,cellular,aug,tue,253,4,999,0,nonexistent,-1.7,94.027,-38.3,0.8859999999999999,4991.6,yes
76,retired,divorced,basic.4y,no,no,no,cellular,aug,tue,185,1,999,1,failure,-1.7,94.027,-38.3,0.8859999999999999,4991.6,yes
60,retired,married,high.school,no,yes,no,cellular,aug,tue,443,2,999,2,failure,-1.7,94.027,-38.3,0.8859999999999999,4991.6,yes
56,retired,married,university.degree,no,no,no,cellular,aug,tue,634,3,999,1,failure,-1.7,94.027,-38.3,0.8859999999999999,4991.6,yes
58,retired,divorced,basic.4y,no,no,no,telephone,aug,tue,34,1,999,0,nonexistent,-1.7,94.027,-38.3,0.8859999999999999,4991.6,no
34,blue-collar,married,basic.9y,no,yes,no,cellular,aug,tue,298,2,999,0,nonexistent,-1.7,94.027,-38.3,0.8859999999999999,4991.6,no
44,admin.,single,high.school,no,yes,no,telephone,aug,tue,27,1,999,0,nonexistent,-1.7,94.027,-38.3,0.8859999999999999,4991.6,no
27,admin.,married,university.degree,no,yes,no,cellular,aug,tue,415,5,12,1,success,-1.7,94.027,-38.3,0.8859999999999999,4991.6,yes
72,retired,married,professional.course,no,no,no,cellular,sep,wed,1,1,999,1,failure,-1.1,94.199,-37.5,0.8859999999999999,4963.6,no
34,admin.,married,university.degree,no,yes,no,cellular,sep,wed,161,1,18,2,failure,-1.1,94.199,-37.5,0.8859999999999999,4963.6,no
33,technician,married,professional.course,no,yes,no,cellular,sep,wed,269,1,999,0,nonexistent,-1.1,94.199,-37.5,0.8859999999999999,4963.6,yes
24,student,single,unknown,no,yes,no,cellular,sep,wed,222,1,17,4,failure,-1.1,94.199,-37.5,0.8859999999999999,4963.6,no
71,retired,married,high.school,no,no,no,cellular,sep,wed,222,1,999,0,nonexistent,-1.1,94.199,-37.5,0.8859999999999999,4963.6,no
59,admin.,married,university.degree,no,no,yes,cellular,sep,wed,193,1,3,1,success,-1.1,94.199,-37.5,0.8859999999999999,4963.6,yes
24,student,single,unknown,no,yes,no,cellular,sep,wed,191,2,999,3,failure,-1.1,94.199,-37.5,0.8859999999999999,4963.6,no
24,student,single,unknown,no,yes,yes,telephone,sep,wed,663,1,10,1,success,-1.1,94.199,-37.5,0.8859999999999999,4963.6,no
37,admin.,married,university.degree,no,no,no,cellular,sep,wed,265,2,6,2,success,-1.1,94.199,-37.5,0.8859999999999999,4963.6,yes
70,retired,divorced,professional.course,no,yes,no,telephone,sep,wed,380,4,999,0,nonexistent,-1.1,94.199,-37.5,0.8859999999999999,4963.6,no
24,student,single,unknown,no,yes,no,cellular,sep,wed,367,1,999,2,failure,-1.1,94.199,-37.5,0.8859999999999999,4963.6,no
37,admin.,married,university.degree,no,no,no,telephone,sep,wed,150,1,999,0,nonexistent,-1.1,94.199,-37.5,0.8859999999999999,4963.6,no
22,student,single,high.school,no,no,no,cellular,sep,wed,369,3,5,1,success,-1.1,94.199,-37.5,0.8859999999999999,4963.6,yes
45,management,married,university.degree,no,no,no,cellular,sep,wed,293,2,3,2,success,-1.1,94.199,-37.5,0.8859999999999999,4963.6,yes
33,technician,single,professional.course,no,no,no,cellular,sep,wed,425,1,999,0,nonexistent,-1.1,94.199,-37.5,0.8859999999999999,4963.6,no
35,services,married,university.degree,no,yes,no,telephone,sep,thu,8,1,999,0,nonexistent,-1.1,94.199,-37.5,0.884,4963.6,no
58,retired,married,basic.4y,no,yes,no,telephone,sep,thu,7,1,999,0,nonexistent,-1.1,94.199,-37.5,0.884,4963.6,no
44,blue-collar,married,basic.6y,no,yes,no,telephone,sep,thu,10,1,999,0,nonexistent,-1.1,94.199,-37.5,0.884,4963.6,no
26,admin.,single,university.degree,no,yes,no,telephone,sep,thu,4,1,999,0,nonexistent,-1.1,94.199,-37.5,0.884,4963.6,no
47,management,married,university.degree,no,yes,no,cellular,sep,thu,281,2,999,1,failure,-1.1,94.199,-37.5,0.884,4963.6,no
55,management,divorced,university.degree,no,yes,no,cellular,sep,thu,1440,1,999,1,failure,-1.1,94.199,-37.5,0.884,4963.6,yes
39,management,married,university.degree,no,yes,no,cellular,sep,thu,291,3,999,0,nonexistent,-1.1,94.199,-37.5,0.884,4963.6,yes
60,retired,married,university.degree,no,no,no,cellular,sep,thu,529,2,6,1,success,-1.1,94.199,-37.5,0.884,4963.6,yes
32,services,single,university.degree,no,no,no,cellular,sep,thu,128,3,999,2,failure,-1.1,94.199,-37.5,0.884,4963.6,no
38,technician,married,university.degree,no,yes,no,telephone,sep,thu,173,1,999,3,failure,-1.1,94.199,-37.5,0.884,4963.6,no
47,management,married,university.degree,no,no,no,cellular,sep,thu,362,1,17,2,success,-1.1,94.199,-37.5,0.884,4963.6,yes
57,admin.,married,basic.9y,no,no,no,cellular,sep,thu,114,2,999,1,failure,-1.1,94.199,-37.5,0.884,4963.6,no
78,retired,divorced,high.school,no,no,no,cellular,sep,thu,238,1,999,2,failure,-1.1,94.199,-37.5,0.884,4963.6,no
32,admin.,single,university.degree,no,no,no,cellular,sep,thu,154,1,999,0,nonexistent,-1.1,94.199,-37.5,0.884,4963.6,no
60,retired,married,university.degree,no,no,no,cellular,sep,thu,799,2,999,0,nonexistent,-1.1,94.199,-37.5,0.884,4963.6,yes
32,services,single,university.degree,no,yes,no,cellular,sep,thu,404,1,6,3,success,-1.1,94.199,-37.5,0.884,4963.6,yes
32,admin.,single,university.degree,no,yes,no,cellular,sep,thu,150,2,10,3,success,-1.1,94.199,-37.5,0.884,4963.6,yes
39,management,married,university.degree,no,yes,yes,cellular,sep,thu,206,7,999,1,failure,-1.1,94.199,-37.5,0.884,4963.6,no
43,unemployed,married,basic.9y,no,no,no,cellular,sep,fri,270,2,9,1,success,-1.1,94.199,-37.5,0.883,4963.6,yes
67,retired,married,professional.course,no,no,no,cellular,sep,fri,116,2,999,0,nonexistent,-1.1,94.199,-37.5,0.883,4963.6,no
49,admin.,married,university.degree,no,no,no,cellular,sep,fri,110,6,999,3,failure,-1.1,94.199,-37.5,0.883,4963.6,no
57,management,married,university.degree,no,no,no,cellular,sep,fri,277,2,6,2,success,-1.1,94.199,-37.5,0.883,4963.6,yes
59,services,married,professional.course,no,yes,no,cellular,sep,fri,251,3,2,4,success,-1.1,94.199,-37.5,0.883,4963.6,no
51,unemployed,married,high.school,no,yes,yes,cellular,sep,fri,240,3,999,0,nonexistent,-1.1,94.199,-37.5,0.883,4963.6,no
31,admin.,single,high.school,no,no,no,cellular,sep,fri,252,2,3,2,success,-1.1,94.199,-37.5,0.883,4963.6,yes
34,technician,married,professional.course,no,yes,yes,cellular,sep,fri,120,1,6,3,success,-1.1,94.199,-37.5,0.883,4963.6,no
30,technician,single,professional.course,no,yes,no,cellular,sep,fri,789,2,999,0,nonexistent,-1.1,94.199,-37.5,0.883,4963.6,no
34,technician,married,professional.course,no,unknown,unknown,cellular,sep,fri,126,1,6,4,success,-1.1,94.199,-37.5,0.883,4963.6,no
51,unemployed,married,high.school,no,unknown,unknown,telephone,sep,fri,228,1,999,2,failure,-1.1,94.199,-37.5,0.883,4963.6,no
46,admin.,married,basic.9y,no,unknown,unknown,cellular,sep,fri,490,3,999,4,failure,-1.1,94.199,-37.5,0.883,4963.6,no
30,admin.,single,high.school,no,no,no,cellular,sep,fri,219,3,6,1,success,-1.1,94.199,-37.5,0.883,4963.6,yes
25,student,single,university.degree,no,yes,yes,telephone,sep,mon,131,1,999,0,nonexistent,-1.1,94.199,-37.5,0.882,4963.6,no
34,unemployed,married,university.degree,no,no,no,cellular,sep,mon,109,3,999,1,failure,-1.1,94.199,-37.5,0.882,4963.6,no
33,admin.,married,university.degree,no,no,no,cellular,sep,mon,369,3,999,0,nonexistent,-1.1,94.199,-37.5,0.882,4963.6,yes
20,blue-collar,single,basic.4y,no,no,no,telephone,sep,mon,36,1,999,0,nonexistent,-1.1,94.199,-37.5,0.882,4963.6,no
43,entrepreneur,married,university.degree,no,no,no,cellular,sep,mon,255,1,3,1,success,-1.1,94.199,-37.5,0.882,4963.6,yes
34,services,divorced,high.school,no,yes,no,telephone,sep,mon,11,1,999,1,failure,-1.1,94.199,-37.5,0.882,4963.6,no
34,unemployed,married,university.degree,no,yes,no,telephone,sep,mon,113,5,999,0,nonexistent,-1.1,94.199,-37.5,0.882,4963.6,no
35,admin.,married,high.school,no,no,no,cellular,sep,mon,415,1,999,2,failure,-1.1,94.199,-37.5,0.882,4963.6,yes
32,admin.,married,high.school,no,unknown,unknown,cellular,sep,mon,908,1,6,4,success,-1.1,94.199,-37.5,0.882,4963.6,yes
27,services,single,high.school,no,no,yes,telephone,sep,mon,35,1,999,0,nonexistent,-1.1,94.199,-37.5,0.882,4963.6,no
34,admin.,married,university.degree,no,yes,no,cellular,sep,mon,125,2,999,0,nonexistent,-1.1,94.199,-37.5,0.882,4963.6,no
88,retired,married,basic.4y,no,yes,no,cellular,sep,mon,213,7,999,0,nonexistent,-1.1,94.199,-37.5,0.882,4963.6,no
47,technician,married,basic.6y,no,no,no,cellular,sep,mon,164,2,6,3,success,-1.1,94.199,-37.5,0.882,4963.6,no
24,blue-collar,single,high.school,no,yes,no,cellular,sep,mon,202,1,999,3,failure,-1.1,94.199,-37.5,0.882,4963.6,no
39,blue-collar,married,basic.9y,no,yes,no,cellular,sep,mon,791,3,999,0,nonexistent,-1.1,94.199,-37.5,0.882,4963.6,no
85,retired,married,basic.4y,no,no,no,cellular,sep,tue,728,1,3,2,success,-1.1,94.199,-37.5,0.8809999999999999,4963.6,yes
89,retired,divorced,basic.4y,no,yes,no,cellular,sep,tue,314,1,999,0,nonexistent,-1.1,94.199,-37.5,0.8809999999999999,4963.6,yes
48,services,married,high.school,no,no,no,telephone,sep,tue,11,1,999,0,nonexistent,-1.1,94.199,-37.5,0.8809999999999999,4963.6,no
66,retired,married,unknown,no,yes,no,cellular,sep,tue,1394,2,6,1,success,-1.1,94.199,-37.5,0.8809999999999999,4963.6,yes
26,admin.,single,university.degree,no,yes,no,cellular,sep,tue,386,3,6,3,success,-1.1,94.199,-37.5,0.8809999999999999,4963.6,yes
36,management,divorced,university.degree,no,yes,no,cellular,sep,tue,337,1,6,1,success,-1.1,94.199,-37.5,0.8809999999999999,4963.6,yes
35,self-employed,single,university.degree,no,yes,yes,cellular,sep,tue,179,1,999,1,failure,-1.1,94.199,-37.5,0.8809999999999999,4963.6,no
26,admin.,single,university.degree,no,yes,no,cellular,sep,tue,355,1,999,1,failure,-1.1,94.199,-37.5,0.8809999999999999,4963.6,no
26,admin.,single,university.degree,no,yes,no,cellular,sep,tue,201,1,999,0,nonexistent,-1.1,94.199,-37.5,0.8809999999999999,4963.6,yes
39,entrepreneur,married,university.degree,no,yes,no,cellular,sep,tue,120,3,999,0,nonexistent,-1.1,94.199,-37.5,0.8809999999999999,4963.6,no
66,retired,married,unknown,no,no,no,cellular,sep,tue,332,5,999,0,nonexistent,-1.1,94.199,-37.5,0.8809999999999999,4963.6,no
42,admin.,single,high.school,no,no,no,cellular,sep,wed,638,1,14,1,success,-1.1,94.199,-37.5,0.88,4963.6,yes
44,management,married,university.degree,no,no,no,cellular,sep,wed,210,1,3,3,success,-1.1,94.199,-37.5,0.88,4963.6,yes
38,management,married,university.degree,no,no,no,cellular,sep,wed,149,2,999,1,failure,-1.1,94.199,-37.5,0.88,4963.6,no
44,management,married,university.degree,no,no,yes,cellular,sep,wed,127,1,999,2,failure,-1.1,94.199,-37.5,0.88,4963.6,no
30,management,married,university.degree,no,unknown,unknown,cellular,sep,wed,210,1,999,1,failure,-1.1,94.199,-37.5,0.88,4963.6,no
46,services,married,university.degree,no,yes,no,cellular,sep,wed,630,1,999,0,nonexistent,-1.1,94.199,-37.5,0.88,4963.6,yes
32,blue-collar,married,basic.4y,no,no,no,cellular,sep,wed,830,2,999,0,nonexistent,-1.1,94.199,-37.5,0.88,4963.6,yes
31,student,single,unknown,no,unknown,unknown,cellular,sep,wed,708,2,6,2,success,-1.1,94.199,-37.5,0.88,4963.6,yes
27,student,divorced,unknown,no,no,no,telephone,sep,wed,9,1,999,0,nonexistent,-1.1,94.199,-37.5,0.88,4963.6,no
28,management,single,university.degree,no,yes,no,cellular,sep,wed,358,3,6,1,success,-1.1,94.199,-37.5,0.88,4963.6,yes
32,blue-collar,married,basic.4y,no,no,no,telephone,sep,wed,606,3,3,4,success,-1.1,94.199,-37.5,0.88,4963.6,yes
45,unemployed,married,high.school,no,no,no,cellular,sep,wed,1081,2,999,0,nonexistent,-1.1,94.199,-37.5,0.88,4963.6,yes
26,admin.,single,university.degree,no,yes,no,telephone,sep,wed,9,1,999,0,nonexistent,-1.1,94.199,-37.5,0.88,4963.6,no
80,retired,divorced,basic.4y,no,yes,no,telephone,sep,thu,378,4,999,0,nonexistent,-1.1,94.199,-37.5,0.879,4963.6,no
38,technician,single,professional.course,no,yes,no,cellular,sep,thu,284,3,22,1,success,-1.1,94.199,-37.5,0.879,4963.6,yes
83,retired,divorced,basic.4y,no,yes,no,cellular,sep,thu,405,3,999,0,nonexistent,-1.1,94.199,-37.5,0.879,4963.6,no
60,admin.,married,professional.course,no,yes,yes,cellular,sep,thu,261,1,6,1,success,-1.1,94.199,-37.5,0.879,4963.6,yes
45,unemployed,married,professional.course,unknown,no,no,telephone,sep,thu,1405,1,6,2,failure,-1.1,94.199,-37.5,0.879,4963.6,yes
45,unemployed,married,professional.course,unknown,no,no,cellular,sep,thu,679,1,999,0,nonexistent,-1.1,94.199,-37.5,0.879,4963.6,yes
27,technician,single,university.degree,no,yes,no,cellular,sep,thu,530,1,3,1,success,-1.1,94.199,-37.5,0.879,4963.6,yes
38,technician,single,professional.course,no,no,no,cellular,sep,thu,430,4,999,0,nonexistent,-1.1,94.199,-37.5,0.879,4963.6,yes
33,admin.,married,high.school,no,yes,no,cellular,sep,thu,202,1,999,0,nonexistent,-1.1,94.199,-37.5,0.879,4963.6,yes
37,admin.,single,university.degree,no,no,no,cellular,sep,thu,209,1,3,4,success,-1.1,94.199,-37.5,0.879,4963.6,yes
33,admin.,single,university.degree,no,yes,no,cellular,sep,thu,761,1,999,0,nonexistent,-1.1,94.199,-37.5,0.879,4963.6,no
65,technician,married,professional.course,no,no,no,cellular,sep,thu,263,1,999,0,nonexistent,-1.1,94.199,-37.5,0.879,4963.6,no
26,technician,single,basic.9y,no,yes,no,cellular,sep,thu,305,1,999,1,failure,-1.1,94.199,-37.5,0.879,4963.6,yes
34,admin.,single,high.school,no,no,no,cellular,sep,thu,204,1,12,1,success,-1.1,94.199,-37.5,0.879,4963.6,yes
27,admin.,single,university.degree,no,no,no,cellular,sep,thu,167,3,3,1,success,-1.1,94.199,-37.5,0.879,4963.6,yes
38,technician,single,professional.course,no,yes,no,cellular,sep,thu,386,2,6,1,success,-1.1,94.199,-37.5,0.879,4963.6,yes
83,retired,divorced,basic.4y,no,no,no,cellular,sep,thu,268,1,9,3,success,-1.1,94.199,-37.5,0.879,4963.6,yes
38,services,single,high.school,no,yes,no,telephone,sep,thu,1,1,9,3,success,-1.1,94.199,-37.5,0.879,4963.6,no
24,technician,single,professional.course,no,yes,no,cellular,sep,fri,1042,5,999,3,failure,-1.1,94.199,-37.5,0.878,4963.6,yes
29,admin.,single,university.degree,no,no,no,cellular,sep,fri,110,4,6,1,success,-1.1,94.199,-37.5,0.878,4963.6,no
64,retired,divorced,basic.4y,no,yes,yes,telephone,sep,fri,211,2,6,2,success,-1.1,94.199,-37.5,0.878,4963.6,yes
38,services,single,high.school,no,no,no,cellular,sep,fri,256,2,999,0,nonexistent,-1.1,94.199,-37.5,0.878,4963.6,yes
28,services,single,high.school,no,yes,yes,telephone,sep,fri,5,1,999,0,nonexistent,-1.1,94.199,-37.5,0.878,4963.6,no
31,student,single,unknown,no,yes,no,telephone,sep,mon,69,1,999,0,nonexistent,-1.1,94.199,-37.5,0.879,4963.6,no
32,technician,married,university.degree,no,no,no,cellular,sep,mon,175,2,999,0,nonexistent,-1.1,94.199,-37.5,0.879,4963.6,no
27,management,single,university.degree,no,no,no,cellular,sep,mon,303,2,999,0,nonexistent,-1.1,94.199,-37.5,0.879,4963.6,no
69,retired,married,basic.4y,no,no,no,cellular,sep,mon,258,3,6,1,success,-1.1,94.199,-37.5,0.879,4963.6,no
29,technician,single,professional.course,no,yes,no,cellular,sep,mon,157,7,3,5,success,-1.1,94.199,-37.5,0.879,4963.6,no
23,student,single,basic.9y,no,yes,yes,cellular,sep,mon,218,3,6,2,success,-1.1,94.199,-37.5,0.879,4963.6,yes
23,student,single,basic.9y,no,yes,no,cellular,sep,mon,502,1,999,1,failure,-1.1,94.199,-37.5,0.879,4963.6,no
29,technician,single,professional.course,no,no,no,cellular,sep,mon,273,3,999,2,failure,-1.1,94.199,-37.5,0.879,4963.6,yes
82,retired,married,university.degree,unknown,no,no,cellular,sep,mon,81,3,3,4,success,-1.1,94.199,-37.5,0.879,4963.6,no
71,retired,married,high.school,no,no,no,cellular,sep,mon,363,1,999,0,nonexistent,-1.1,94.199,-37.5,0.879,4963.6,yes
33,services,married,professional.course,no,no,no,telephone,sep,mon,5,1,999,1,failure,-1.1,94.199,-37.5,0.879,4963.6,no
31,blue-collar,single,basic.9y,no,yes,no,telephone,sep,mon,5,1,999,0,nonexistent,-1.1,94.199,-37.5,0.879,4963.6,no
31,services,single,high.school,no,no,no,telephone,sep,mon,10,1,999,0,nonexistent,-1.1,94.199,-37.5,0.879,4963.6,no
27,admin.,single,university.degree,no,yes,no,telephone,sep,mon,13,1,999,0,nonexistent,-1.1,94.199,-37.5,0.879,4963.6,no
50,housemaid,divorced,basic.4y,no,no,no,telephone,sep,tue,57,1,999,0,nonexistent,-1.1,94.199,-37.5,0.877,4963.6,no
30,technician,single,professional.course,no,no,no,cellular,sep,tue,275,1,999,5,failure,-1.1,94.199,-37.5,0.877,4963.6,no
21,student,single,unknown,no,no,no,telephone,sep,tue,9,1,999,0,nonexistent,-1.1,94.199,-37.5,0.877,4963.6,no
25,management,single,university.degree,no,no,no,telephone,sep,tue,5,1,999,0,nonexistent,-1.1,94.199,-37.5,0.877,4963.6,no
30,technician,single,professional.course,no,no,no,cellular,sep,tue,706,1,6,1,success,-1.1,94.199,-37.5,0.877,4963.6,no
84,retired,divorced,unknown,unknown,no,no,cellular,sep,tue,333,1,3,2,success,-1.1,94.199,-37.5,0.877,4963.6,yes
39,management,married,university.degree,no,yes,yes,cellular,sep,tue,358,2,999,0,nonexistent,-1.1,94.199,-37.5,0.877,4963.6,yes
82,housemaid,married,basic.4y,no,no,no,telephone,sep,tue,279,3,3,2,success,-1.1,94.199,-37.5,0.877,4963.6,yes
30,technician,single,professional.course,no,no,no,cellular,sep,tue,221,2,999,1,failure,-1.1,94.199,-37.5,0.877,4963.6,yes
86,retired,married,unknown,unknown,yes,yes,cellular,sep,tue,211,1,7,4,success,-1.1,94.199,-37.5,0.877,4963.6,yes
32,unemployed,married,high.school,no,no,no,telephone,sep,tue,6,1,999,1,failure,-1.1,94.199,-37.5,0.877,4963.6,no
34,admin.,married,professional.course,no,yes,yes,cellular,sep,tue,409,1,999,1,failure,-1.1,94.199,-37.5,0.877,4963.6,yes
34,admin.,married,professional.course,no,no,no,cellular,sep,tue,230,1,3,3,success,-1.1,94.199,-37.5,0.877,4963.6,yes
31,admin.,single,university.degree,no,yes,yes,cellular,sep,tue,194,1,999,0,nonexistent,-1.1,94.199,-37.5,0.877,4963.6,yes
53,management,divorced,university.degree,no,no,no,cellular,sep,tue,404,2,3,2,success,-1.1,94.199,-37.5,0.877,4963.6,yes
61,management,married,professional.course,no,no,no,cellular,sep,tue,380,1,999,0,nonexistent,-1.1,94.199,-37.5,0.877,4963.6,no
30,technician,single,professional.course,no,unknown,unknown,telephone,sep,tue,808,1,12,2,failure,-1.1,94.199,-37.5,0.877,4963.6,yes
32,student,single,high.school,no,no,no,cellular,sep,tue,407,2,3,1,success,-1.1,94.199,-37.5,0.877,4963.6,no
86,retired,married,unknown,unknown,yes,no,cellular,sep,tue,340,1,999,0,nonexistent,-1.1,94.199,-37.5,0.877,4963.6,yes
24,student,single,high.school,no,yes,yes,cellular,sep,wed,251,2,6,2,success,-1.1,94.199,-37.5,0.8759999999999999,4963.6,yes
52,admin.,married,professional.course,no,no,yes,cellular,sep,wed,506,3,999,0,nonexistent,-1.1,94.199,-37.5,0.8759999999999999,4963.6,yes
19,student,single,basic.4y,no,yes,no,cellular,sep,wed,396,2,6,3,success,-1.1,94.199,-37.5,0.8759999999999999,4963.6,yes
36,management,married,university.degree,no,unknown,unknown,cellular,sep,wed,331,1,6,4,failure,-1.1,94.199,-37.5,0.8759999999999999,4963.6,yes
33,technician,married,university.degree,no,yes,no,telephone,sep,wed,161,1,999,1,failure,-1.1,94.199,-37.5,0.8759999999999999,4963.6,no
23,student,single,professional.course,no,yes,no,cellular,sep,wed,316,1,8,2,success,-1.1,94.199,-37.5,0.8759999999999999,4963.6,yes
60,retired,married,high.school,no,no,no,cellular,sep,wed,200,1,6,1,success,-1.1,94.199,-37.5,0.8759999999999999,4963.6,yes
52,admin.,married,professional.course,no,no,no,cellular,sep,wed,953,2,999,0,nonexistent,-1.1,94.199,-37.5,0.8759999999999999,4963.6,yes
45,admin.,divorced,university.degree,no,no,yes,telephone,sep,wed,173,1,999,0,nonexistent,-1.1,94.199,-37.5,0.8759999999999999,4963.6,no
39,entrepreneur,married,professional.course,no,no,no,telephone,sep,wed,511,3,6,1,success,-1.1,94.199,-37.5,0.8759999999999999,4963.6,yes
35,admin.,married,university.degree,no,yes,no,telephone,sep,wed,7,1,999,0,nonexistent,-1.1,94.199,-37.5,0.8759999999999999,4963.6,no
19,student,single,basic.6y,no,yes,no,cellular,sep,thu,161,2,6,4,success,-1.1,94.199,-37.5,0.879,4963.6,yes
37,admin.,married,university.degree,no,no,yes,cellular,sep,thu,173,1,999,0,nonexistent,-1.1,94.199,-37.5,0.879,4963.6,yes
36,unemployed,single,high.school,no,yes,no,cellular,sep,thu,225,1,3,1,success,-1.1,94.199,-37.5,0.879,4963.6,yes
82,retired,divorced,basic.4y,no,yes,no,cellular,sep,thu,143,2,999,1,failure,-1.1,94.199,-37.5,0.879,4963.6,yes
25,student,single,high.school,no,yes,no,cellular,sep,thu,574,3,999,0,nonexistent,-1.1,94.199,-37.5,0.879,4963.6,yes
41,admin.,married,unknown,no,yes,no,cellular,sep,thu,228,1,999,1,failure,-1.1,94.199,-37.5,0.879,4963.6,no
31,admin.,married,university.degree,no,yes,no,cellular,sep,thu,193,1,999,0,nonexistent,-1.1,94.199,-37.5,0.879,4963.6,yes
33,technician,single,university.degree,no,yes,no,cellular,sep,thu,463,1,999,0,nonexistent,-1.1,94.199,-37.5,0.879,4963.6,yes
23,admin.,single,university.degree,no,no,no,cellular,sep,thu,270,3,999,1,failure,-1.1,94.199,-37.5,0.879,4963.6,yes
24,admin.,single,university.degree,no,no,no,cellular,sep,thu,303,1,999,1,failure,-1.1,94.199,-37.5,0.879,4963.6,yes
33,admin.,married,university.degree,no,yes,no,cellular,sep,thu,234,1,999,0,nonexistent,-1.1,94.199,-37.5,0.879,4963.6,no
33,technician,married,unknown,no,yes,yes,cellular,sep,thu,414,1,9,3,failure,-1.1,94.199,-37.5,0.879,4963.6,yes
19,student,single,basic.6y,no,yes,yes,cellular,sep,thu,452,5,13,1,success,-1.1,94.199,-37.5,0.879,4963.6,yes
29,admin.,married,high.school,no,yes,no,cellular,sep,thu,147,3,999,0,nonexistent,-1.1,94.199,-37.5,0.879,4963.6,no
23,student,single,basic.9y,no,yes,no,cellular,sep,thu,954,1,999,0,nonexistent,-1.1,94.199,-37.5,0.879,4963.6,yes
36,technician,married,university.degree,no,unknown,unknown,cellular,sep,thu,1334,2,999,0,nonexistent,-1.1,94.199,-37.5,0.879,4963.6,yes
34,technician,single,university.degree,no,no,no,cellular,sep,fri,152,2,999,0,nonexistent,-1.1,94.199,-37.5,0.879,4963.6,no
34,technician,single,university.degree,no,yes,no,cellular,sep,fri,294,4,10,3,success,-1.1,94.199,-37.5,0.879,4963.6,yes
26,technician,single,university.degree,no,no,no,cellular,sep,fri,374,1,999,0,nonexistent,-1.1,94.199,-37.5,0.879,4963.6,yes
41,management,divorced,university.degree,no,no,no,cellular,sep,fri,164,5,3,3,success,-1.1,94.199,-37.5,0.879,4963.6,yes
26,technician,single,university.degree,no,yes,no,cellular,sep,fri,284,3,999,1,failure,-1.1,94.199,-37.5,0.879,4963.6,yes
34,technician,single,university.degree,no,no,no,cellular,sep,fri,155,4,999,1,failure,-1.1,94.199,-37.5,0.879,4963.6,no
34,technician,single,university.degree,no,no,yes,telephone,sep,fri,231,1,999,0,nonexistent,-1.1,94.199,-37.5,0.879,4963.6,yes
31,services,single,high.school,no,yes,no,cellular,sep,fri,336,2,6,1,success,-1.1,94.199,-37.5,0.879,4963.6,yes
25,student,single,high.school,no,no,no,telephone,sep,mon,185,1,999,0,nonexistent,-1.1,94.199,-37.5,0.8759999999999999,4963.6,yes
48,housemaid,married,basic.4y,no,yes,no,telephone,sep,mon,9,1,999,0,nonexistent,-1.1,94.199,-37.5,0.8759999999999999,4963.6,no
50,management,married,university.degree,no,no,no,telephone,sep,tue,84,1,999,0,nonexistent,-1.1,94.199,-37.5,0.879,4963.6,no
38,blue-collar,single,high.school,no,yes,no,cellular,sep,wed,263,1,6,3,success,-1.1,94.199,-37.5,0.879,4963.6,yes
41,unemployed,married,high.school,no,yes,yes,cellular,sep,wed,175,1,6,1,success,-1.1,94.199,-37.5,0.879,4963.6,yes
33,admin.,married,university.degree,no,no,no,cellular,sep,wed,208,2,999,0,nonexistent,-1.1,94.199,-37.5,0.879,4963.6,yes
33,technician,married,professional.course,no,no,no,cellular,sep,wed,569,1,999,0,nonexistent,-1.1,94.199,-37.5,0.879,4963.6,yes
32,technician,married,basic.9y,no,yes,no,cellular,sep,wed,155,1,6,1,success,-1.1,94.199,-37.5,0.879,4963.6,yes
32,technician,married,basic.9y,no,no,no,cellular,sep,wed,183,1,6,5,success,-1.1,94.199,-37.5,0.879,4963.6,yes
41,unemployed,married,high.school,no,no,no,cellular,sep,wed,182,1,6,3,success,-1.1,94.199,-37.5,0.879,4963.6,yes
33,admin.,married,university.degree,no,yes,yes,telephone,sep,wed,396,2,999,0,nonexistent,-1.1,94.199,-37.5,0.879,4963.6,yes
50,management,married,university.degree,no,no,no,cellular,sep,thu,718,4,999,3,failure,-1.1,94.199,-37.5,0.878,4963.6,no
37,admin.,married,high.school,no,yes,no,cellular,sep,thu,155,1,999,1,failure,-1.1,94.199,-37.5,0.878,4963.6,no
26,self-employed,single,university.degree,no,yes,no,cellular,sep,thu,318,1,6,4,success,-1.1,94.199,-37.5,0.878,4963.6,no
28,blue-collar,single,university.degree,no,unknown,unknown,cellular,sep,thu,744,1,999,0,nonexistent,-1.1,94.199,-37.5,0.878,4963.6,yes
31,technician,married,university.degree,no,no,no,cellular,sep,thu,261,1,999,0,nonexistent,-1.1,94.199,-37.5,0.878,4963.6,no
26,self-employed,single,university.degree,no,yes,no,cellular,sep,thu,333,1,999,0,nonexistent,-1.1,94.199,-37.5,0.878,4963.6,no
22,services,single,professional.course,no,yes,no,cellular,sep,thu,84,1,999,2,failure,-1.1,94.199,-37.5,0.878,4963.6,no
58,admin.,married,high.school,no,no,no,cellular,sep,thu,337,1,6,1,success,-1.1,94.199,-37.5,0.878,4963.6,yes
42,admin.,single,high.school,no,no,no,cellular,sep,thu,209,1,999,0,nonexistent,-1.1,94.199,-37.5,0.878,4963.6,yes
23,student,single,high.school,no,no,yes,cellular,sep,thu,409,2,3,2,success,-1.1,94.199,-37.5,0.878,4963.6,yes
21,student,single,unknown,no,no,no,cellular,sep,thu,145,1,999,1,failure,-1.1,94.199,-37.5,0.878,4963.6,no
30,housemaid,single,university.degree,no,no,no,cellular,sep,thu,103,2,999,0,nonexistent,-1.1,94.199,-37.5,0.878,4963.6,no
31,technician,married,university.degree,no,no,no,cellular,sep,thu,244,1,3,1,success,-1.1,94.199,-37.5,0.878,4963.6,yes
33,admin.,married,university.degree,no,yes,no,cellular,sep,thu,272,2,999,0,nonexistent,-1.1,94.199,-37.5,0.878,4963.6,yes
35,technician,married,professional.course,no,yes,no,cellular,sep,thu,447,1,999,2,failure,-1.1,94.199,-37.5,0.878,4963.6,no
54,admin.,divorced,university.degree,no,yes,no,cellular,sep,thu,112,1,999,2,failure,-1.1,94.199,-37.5,0.878,4963.6,no
35,technician,married,professional.course,no,yes,no,cellular,sep,thu,390,2,999,0,nonexistent,-1.1,94.199,-37.5,0.878,4963.6,no
33,admin.,married,university.degree,no,yes,no,telephone,sep,thu,217,2,999,0,nonexistent,-1.1,94.199,-37.5,0.878,4963.6,no
30,services,single,high.school,no,yes,no,cellular,sep,thu,405,1,999,3,failure,-1.1,94.199,-37.5,0.878,4963.6,no
29,admin.,single,high.school,no,no,no,cellular,sep,thu,134,1,999,0,nonexistent,-1.1,94.199,-37.5,0.878,4963.6,no
28,management,single,university.degree,no,no,no,cellular,sep,fri,133,4,999,1,failure,-1.1,94.199,-37.5,0.879,4963.6,no
30,technician,single,university.degree,no,yes,no,cellular,sep,fri,173,2,15,4,failure,-1.1,94.199,-37.5,0.879,4963.6,yes
23,student,single,university.degree,no,yes,no,cellular,sep,fri,349,2,999,4,failure,-1.1,94.199,-37.5,0.879,4963.6,no
31,admin.,married,university.degree,no,yes,no,cellular,sep,fri,232,2,13,1,success,-1.1,94.199,-37.5,0.879,4963.6,yes
33,unemployed,single,unknown,no,yes,no,cellular,sep,fri,224,2,999,1,failure,-1.1,94.199,-37.5,0.879,4963.6,yes
33,technician,single,professional.course,no,yes,no,cellular,sep,fri,246,9,999,2,failure,-1.1,94.199,-37.5,0.879,4963.6,no
26,technician,single,professional.course,no,yes,no,cellular,sep,fri,249,1,3,3,success,-1.1,94.199,-37.5,0.879,4963.6,yes
33,technician,single,professional.course,no,yes,no,cellular,sep,fri,395,1,999,0,nonexistent,-1.1,94.199,-37.5,0.879,4963.6,yes
25,student,single,unknown,no,no,no,cellular,sep,fri,732,1,999,0,nonexistent,-1.1,94.199,-37.5,0.879,4963.6,yes
51,admin.,divorced,high.school,no,yes,no,telephone,sep,fri,19,1,999,0,nonexistent,-1.1,94.199,-37.5,0.879,4963.6,no
27,admin.,single,high.school,no,no,no,telephone,sep,mon,6,1,999,0,nonexistent,-1.1,94.199,-37.5,0.879,4963.6,no
31,admin.,single,high.school,no,no,no,cellular,sep,mon,262,5,6,3,success,-1.1,94.199,-37.5,0.879,4963.6,yes
34,technician,married,professional.course,no,yes,no,telephone,sep,mon,157,5,999,0,nonexistent,-1.1,94.199,-37.5,0.879,4963.6,no
48,services,married,basic.6y,no,no,no,cellular,sep,mon,188,2,999,0,nonexistent,-1.1,94.199,-37.5,0.879,4963.6,yes
32,admin.,married,high.school,no,no,no,cellular,sep,mon,169,2,999,0,nonexistent,-1.1,94.199,-37.5,0.879,4963.6,no
30,student,single,professional.course,no,unknown,unknown,cellular,sep,mon,132,4,6,3,success,-1.1,94.199,-37.5,0.879,4963.6,no
32,admin.,single,university.degree,no,yes,no,cellular,sep,mon,290,4,999,0,nonexistent,-1.1,94.199,-37.5,0.879,4963.6,no
30,student,single,professional.course,no,yes,no,telephone,sep,mon,379,3,999,0,nonexistent,-1.1,94.199,-37.5,0.879,4963.6,no
30,student,single,professional.course,no,yes,no,cellular,sep,mon,1616,4,19,1,success,-1.1,94.199,-37.5,0.879,4963.6,no
48,unemployed,married,professional.course,no,yes,no,cellular,sep,mon,315,2,999,0,nonexistent,-1.1,94.199,-37.5,0.879,4963.6,yes
32,admin.,single,university.degree,no,yes,no,cellular,sep,mon,990,4,999,0,nonexistent,-1.1,94.199,-37.5,0.879,4963.6,no
32,admin.,single,university.degree,no,yes,no,telephone,sep,tue,6,1,999,0,nonexistent,-1.1,94.199,-37.5,0.88,4963.6,no
30,student,single,professional.course,no,no,no,cellular,sep,tue,104,1,999,2,failure,-1.1,94.199,-37.5,0.88,4963.6,no
30,student,single,professional.course,no,no,no,telephone,sep,tue,237,2,999,0,nonexistent,-1.1,94.199,-37.5,0.88,4963.6,no
30,student,single,professional.course,no,yes,no,cellular,sep,tue,282,2,6,1,success,-1.1,94.199,-37.5,0.88,4963.6,yes
29,admin.,single,university.degree,no,no,no,cellular,sep,tue,600,2,3,3,success,-1.1,94.199,-37.5,0.88,4963.6,yes
22,student,single,high.school,no,no,no,telephone,sep,wed,13,1,999,0,nonexistent,-1.1,94.199,-37.5,0.8859999999999999,4963.6,no
35,admin.,married,university.degree,no,no,yes,cellular,sep,wed,242,2,999,1,failure,-1.1,94.199,-37.5,0.8859999999999999,4963.6,no
35,admin.,married,university.degree,no,yes,no,cellular,sep,wed,110,2,18,2,failure,-1.1,94.199,-37.5,0.8859999999999999,4963.6,no
30,student,single,high.school,no,yes,no,cellular,sep,wed,201,2,999,0,nonexistent,-1.1,94.199,-37.5,0.8859999999999999,4963.6,no
34,admin.,married,university.degree,no,no,yes,cellular,sep,wed,245,3,999,0,nonexistent,-1.1,94.199,-37.5,0.8859999999999999,4963.6,yes
42,admin.,divorced,university.degree,no,no,no,cellular,sep,wed,678,1,16,1,success,-1.1,94.199,-37.5,0.8859999999999999,4963.6,yes
41,admin.,married,unknown,no,no,no,cellular,sep,wed,845,1,7,3,success,-1.1,94.199,-37.5,0.8859999999999999,4963.6,yes
50,management,married,university.degree,no,yes,no,cellular,oct,fri,197,2,999,0,nonexistent,-1.1,94.601,-49.5,0.9420000000000001,4963.6,no
30,technician,unknown,university.degree,no,no,no,cellular,oct,fri,131,2,16,1,success,-1.1,94.601,-49.5,0.9420000000000001,4963.6,no
59,unemployed,married,basic.9y,no,yes,yes,cellular,oct,fri,142,1,999,0,nonexistent,-1.1,94.601,-49.5,0.9420000000000001,4963.6,no
32,admin.,single,university.degree,no,no,no,cellular,oct,fri,143,1,999,2,failure,-1.1,94.601,-49.5,0.9420000000000001,4963.6,no
32,admin.,single,university.degree,no,yes,no,cellular,oct,fri,164,1,999,3,failure,-1.1,94.601,-49.5,0.9420000000000001,4963.6,no
41,retired,single,basic.4y,no,yes,no,cellular,oct,fri,278,1,999,0,nonexistent,-1.1,94.601,-49.5,0.9420000000000001,4963.6,no
27,student,single,university.degree,no,yes,no,cellular,oct,fri,161,1,999,3,failure,-1.1,94.601,-49.5,0.9420000000000001,4963.6,no
30,self-employed,single,basic.9y,no,no,yes,telephone,oct,mon,5,1,999,0,nonexistent,-1.1,94.601,-49.5,0.953,4963.6,no
40,technician,married,professional.course,no,yes,no,telephone,oct,tue,10,1,999,0,nonexistent,-1.1,94.601,-49.5,0.956,4963.6,no
32,technician,married,professional.course,no,no,no,cellular,oct,wed,311,1,3,1,success,-1.1,94.601,-49.5,0.9590000000000001,4963.6,yes
32,technician,married,professional.course,no,no,no,cellular,oct,wed,486,1,999,0,nonexistent,-1.1,94.601,-49.5,0.9590000000000001,4963.6,yes
26,blue-collar,single,basic.6y,no,no,no,cellular,oct,wed,808,1,999,0,nonexistent,-1.1,94.601,-49.5,0.9590000000000001,4963.6,yes
35,technician,married,professional.course,no,yes,yes,cellular,oct,wed,608,1,9,2,failure,-1.1,94.601,-49.5,0.9590000000000001,4963.6,yes
32,technician,married,professional.course,no,yes,no,cellular,oct,wed,275,2,999,0,nonexistent,-1.1,94.601,-49.5,0.9590000000000001,4963.6,yes
32,admin.,married,high.school,no,yes,no,telephone,oct,wed,48,1,999,0,nonexistent,-1.1,94.601,-49.5,0.9590000000000001,4963.6,no
41,technician,married,professional.course,no,no,no,cellular,oct,wed,391,2,27,1,success,-1.1,94.601,-49.5,0.9590000000000001,4963.6,yes
26,admin.,single,university.degree,no,no,no,telephone,oct,wed,541,1,999,2,failure,-1.1,94.601,-49.5,0.9590000000000001,4963.6,no
32,technician,married,professional.course,no,no,no,cellular,oct,wed,691,2,14,4,failure,-1.1,94.601,-49.5,0.9590000000000001,4963.6,no
75,retired,married,basic.4y,no,yes,no,cellular,oct,wed,1020,3,999,3,failure,-1.1,94.601,-49.5,0.9590000000000001,4963.6,no
28,admin.,single,high.school,no,no,no,cellular,oct,wed,1246,2,999,0,nonexistent,-1.1,94.601,-49.5,0.9590000000000001,4963.6,yes
64,unemployed,divorced,basic.9y,no,yes,no,cellular,oct,wed,604,2,999,0,nonexistent,-1.1,94.601,-49.5,0.9590000000000001,4963.6,no
65,retired,married,basic.4y,no,yes,no,telephone,oct,thu,138,4,999,0,nonexistent,-1.1,94.601,-49.5,0.965,4963.6,no
51,admin.,married,university.degree,no,yes,yes,cellular,oct,thu,236,3,3,1,success,-1.1,94.601,-49.5,0.965,4963.6,yes
28,admin.,single,university.degree,no,no,no,cellular,oct,thu,116,1,17,1,success,-1.1,94.601,-49.5,0.965,4963.6,no
70,retired,married,basic.4y,unknown,no,no,cellular,oct,thu,122,1,14,3,failure,-1.1,94.601,-49.5,0.965,4963.6,no
31,admin.,single,university.degree,no,yes,no,telephone,oct,fri,118,1,999,0,nonexistent,-1.1,94.601,-49.5,0.972,4963.6,no
62,blue-collar,married,unknown,no,no,no,cellular,oct,fri,73,3,999,0,nonexistent,-1.1,94.601,-49.5,0.972,4963.6,no
33,blue-collar,single,basic.4y,no,yes,no,cellular,oct,fri,146,1,999,1,failure,-1.1,94.601,-49.5,0.972,4963.6,no
29,technician,married,professional.course,no,yes,no,cellular,oct,fri,319,1,5,2,success,-1.1,94.601,-49.5,0.972,4963.6,yes
47,admin.,married,high.school,no,yes,no,cellular,oct,fri,437,1,999,1,failure,-1.1,94.601,-49.5,0.972,4963.6,yes
39,housemaid,married,basic.4y,no,no,no,cellular,oct,fri,282,1,999,0,nonexistent,-1.1,94.601,-49.5,0.972,4963.6,no
60,retired,married,basic.4y,no,unknown,unknown,cellular,oct,fri,272,1,10,3,failure,-1.1,94.601,-49.5,0.972,4963.6,no
27,student,single,unknown,no,yes,no,cellular,oct,fri,309,2,999,1,failure,-1.1,94.601,-49.5,0.972,4963.6,no
32,services,single,university.degree,no,yes,no,cellular,oct,fri,375,2,999,2,failure,-1.1,94.601,-49.5,0.972,4963.6,no
49,technician,divorced,professional.course,no,yes,no,cellular,oct,fri,251,2,3,1,success,-1.1,94.601,-49.5,0.972,4963.6,yes
39,housemaid,married,basic.4y,no,yes,no,cellular,oct,fri,135,2,999,2,failure,-1.1,94.601,-49.5,0.972,4963.6,no
66,retired,married,basic.4y,no,yes,no,telephone,oct,fri,369,2,999,1,failure,-1.1,94.601,-49.5,0.972,4963.6,yes
24,admin.,single,high.school,no,yes,no,cellular,oct,fri,133,2,999,1,failure,-1.1,94.601,-49.5,0.972,4963.6,no
31,technician,single,professional.course,no,yes,no,cellular,oct,fri,401,2,999,0,nonexistent,-1.1,94.601,-49.5,0.972,4963.6,yes
55,admin.,married,high.school,no,no,no,telephone,oct,mon,317,2,10,3,success,-1.1,94.601,-49.5,0.977,4963.6,no
59,services,married,university.degree,no,yes,no,cellular,oct,mon,162,1,999,0,nonexistent,-1.1,94.601,-49.5,0.977,4963.6,no
33,services,married,professional.course,no,no,no,cellular,oct,mon,291,1,999,3,failure,-1.1,94.601,-49.5,0.977,4963.6,no
48,technician,married,professional.course,no,yes,yes,cellular,oct,mon,450,1,8,1,success,-1.1,94.601,-49.5,0.977,4963.6,yes
30,technician,single,unknown,no,yes,yes,cellular,oct,mon,195,1,999,3,failure,-1.1,94.601,-49.5,0.977,4963.6,no
27,admin.,single,university.degree,no,no,no,cellular,oct,mon,278,1,999,0,nonexistent,-1.1,94.601,-49.5,0.977,4963.6,yes
29,admin.,single,university.degree,no,no,no,cellular,oct,mon,123,2,12,2,failure,-1.1,94.601,-49.5,0.977,4963.6,no
33,services,single,university.degree,no,no,no,cellular,oct,mon,110,2,999,0,nonexistent,-1.1,94.601,-49.5,0.977,4963.6,no
65,retired,married,basic.4y,no,yes,yes,cellular,oct,mon,165,1,3,1,success,-1.1,94.601,-49.5,0.977,4963.6,yes
24,blue-collar,single,basic.9y,no,no,no,cellular,oct,mon,485,1,6,1,success,-1.1,94.601,-49.5,0.977,4963.6,no
74,retired,married,university.degree,no,no,no,telephone,oct,mon,160,1,999,0,nonexistent,-1.1,94.601,-49.5,0.977,4963.6,no
25,services,single,high.school,no,no,no,cellular,oct,mon,79,1,999,2,failure,-1.1,94.601,-49.5,0.977,4963.6,no
26,technician,single,professional.course,no,no,no,telephone,oct,mon,4,1,16,1,success,-1.1,94.601,-49.5,0.977,4963.6,no
22,unemployed,single,university.degree,no,no,yes,telephone,oct,mon,34,2,999,0,nonexistent,-1.1,94.601,-49.5,0.977,4963.6,no
59,services,married,university.degree,no,yes,no,cellular,oct,mon,383,2,999,2,failure,-1.1,94.601,-49.5,0.977,4963.6,yes
71,retired,married,professional.course,no,yes,no,cellular,oct,mon,185,2,999,0,nonexistent,-1.1,94.601,-49.5,0.977,4963.6,no
20,student,single,unknown,no,no,no,cellular,oct,mon,137,3,999,3,failure,-1.1,94.601,-49.5,0.977,4963.6,no
28,blue-collar,single,basic.9y,no,yes,no,telephone,oct,mon,4,1,999,0,nonexistent,-1.1,94.601,-49.5,0.977,4963.6,no
31,technician,single,professional.course,no,yes,no,telephone,oct,tue,54,1,999,1,failure,-1.1,94.601,-49.5,0.982,4963.6,no
31,blue-collar,single,basic.9y,no,no,no,telephone,oct,tue,114,1,999,0,nonexistent,-1.1,94.601,-49.5,0.982,4963.6,no
21,student,single,high.school,no,no,no,cellular,oct,tue,362,1,999,0,nonexistent,-1.1,94.601,-49.5,0.982,4963.6,yes
22,student,single,university.degree,no,yes,no,cellular,oct,tue,166,1,999,0,nonexistent,-1.1,94.601,-49.5,0.982,4963.6,no
27,blue-collar,single,high.school,no,no,no,cellular,oct,tue,253,1,999,2,failure,-1.1,94.601,-49.5,0.982,4963.6,yes
71,retired,married,professional.course,no,no,no,cellular,oct,tue,323,1,999,0,nonexistent,-1.1,94.601,-49.5,0.982,4963.6,yes
20,student,single,unknown,no,no,no,telephone,oct,tue,250,1,999,1,failure,-1.1,94.601,-49.5,0.982,4963.6,no
27,blue-collar,single,high.school,no,yes,no,cellular,oct,tue,209,3,999,1,failure,-1.1,94.601,-49.5,0.982,4963.6,yes
51,housemaid,married,basic.4y,no,no,no,cellular,oct,tue,130,2,999,2,failure,-1.1,94.601,-49.5,0.982,4963.6,no
49,admin.,married,high.school,unknown,no,no,cellular,oct,wed,169,1,6,3,success,-1.1,94.601,-49.5,0.985,4963.6,yes
66,retired,married,basic.4y,unknown,unknown,unknown,cellular,oct,wed,216,1,6,3,success,-1.1,94.601,-49.5,0.985,4963.6,yes
65,retired,married,basic.4y,no,yes,yes,cellular,oct,wed,190,1,3,3,success,-1.1,94.601,-49.5,0.985,4963.6,yes
52,technician,married,university.degree,no,yes,no,telephone,oct,wed,6,1,999,1,failure,-1.1,94.601,-49.5,0.985,4963.6,no
54,admin.,married,high.school,no,no,no,cellular,oct,wed,252,2,6,2,success,-1.1,94.601,-49.5,0.985,4963.6,yes
63,admin.,married,university.degree,no,yes,yes,cellular,oct,thu,133,2,999,0,nonexistent,-1.1,94.601,-49.5,0.987,4963.6,no
33,management,single,university.degree,no,no,no,cellular,oct,thu,119,3,999,0,nonexistent,-1.1,94.601,-49.5,0.987,4963.6,no
54,self-employed,married,university.degree,no,no,no,cellular,oct,thu,99,3,999,0,nonexistent,-1.1,94.601,-49.5,0.987,4963.6,no
81,retired,divorced,basic.4y,no,yes,no,cellular,oct,thu,192,2,3,2,success,-1.1,94.601,-49.5,0.987,4963.6,no
50,admin.,married,high.school,no,yes,no,cellular,oct,thu,326,1,999,0,nonexistent,-1.1,94.601,-49.5,0.987,4963.6,yes
48,technician,married,professional.course,no,yes,no,cellular,oct,thu,235,1,999,0,nonexistent,-1.1,94.601,-49.5,0.987,4963.6,no
48,technician,married,professional.course,no,no,no,cellular,oct,thu,491,1,6,3,success,-1.1,94.601,-49.5,0.987,4963.6,yes
61,blue-collar,married,professional.course,no,yes,no,cellular,oct,thu,246,2,999,0,nonexistent,-1.1,94.601,-49.5,0.987,4963.6,yes
54,self-employed,married,university.degree,no,yes,no,cellular,oct,thu,317,6,6,1,success,-1.1,94.601,-49.5,0.987,4963.6,no
37,admin.,single,high.school,no,no,no,telephone,oct,thu,301,1,3,1,success,-1.1,94.601,-49.5,0.987,4963.6,yes
37,admin.,single,high.school,no,no,no,cellular,oct,thu,322,1,999,0,nonexistent,-1.1,94.601,-49.5,0.987,4963.6,no
54,self-employed,married,university.degree,no,no,no,cellular,oct,thu,219,3,999,1,failure,-1.1,94.601,-49.5,0.987,4963.6,no
41,admin.,single,high.school,no,no,no,cellular,oct,thu,786,2,999,0,nonexistent,-1.1,94.601,-49.5,0.987,4963.6,no
54,self-employed,married,university.degree,no,yes,no,cellular,oct,thu,72,4,999,1,failure,-1.1,94.601,-49.5,0.987,4963.6,no
51,admin.,married,high.school,no,no,yes,cellular,oct,thu,181,2,999,1,failure,-1.1,94.601,-49.5,0.987,4963.6,no
81,retired,divorced,basic.4y,no,yes,no,cellular,oct,thu,158,1,999,1,failure,-1.1,94.601,-49.5,0.987,4963.6,no
74,retired,married,university.degree,no,yes,no,cellular,oct,fri,212,2,3,2,success,-1.1,94.601,-49.5,0.993,4963.6,no
34,student,single,professional.course,no,yes,no,telephone,oct,fri,6,1,999,0,nonexistent,-1.1,94.601,-49.5,0.993,4963.6,no
84,retired,divorced,basic.4y,unknown,yes,no,cellular,oct,fri,106,4,999,0,nonexistent,-1.1,94.601,-49.5,0.993,4963.6,no
24,admin.,single,university.degree,no,yes,no,cellular,oct,fri,1176,3,3,2,success,-1.1,94.601,-49.5,0.993,4963.6,yes
26,student,single,high.school,no,yes,no,telephone,oct,mon,209,1,999,0,nonexistent,-1.1,94.601,-49.5,1.0,4963.6,no
68,retired,divorced,high.school,no,yes,yes,cellular,oct,mon,567,1,3,1,success,-1.1,94.601,-49.5,1.0,4963.6,yes
47,admin.,single,university.degree,no,yes,no,cellular,oct,mon,333,1,999,1,failure,-1.1,94.601,-49.5,1.0,4963.6,no
44,technician,married,high.school,no,yes,yes,cellular,oct,mon,310,1,999,1,failure,-1.1,94.601,-49.5,1.0,4963.6,yes
56,technician,divorced,professional.course,no,no,no,cellular,oct,mon,464,1,3,2,success,-1.1,94.601,-49.5,1.0,4963.6,yes
42,technician,married,professional.course,no,yes,yes,cellular,oct,mon,509,1,6,1,success,-1.1,94.601,-49.5,1.0,4963.6,yes
44,admin.,married,university.degree,no,yes,no,cellular,oct,mon,252,1,999,0,nonexistent,-1.1,94.601,-49.5,1.0,4963.6,yes
56,technician,divorced,professional.course,no,yes,yes,cellular,oct,mon,170,5,999,0,nonexistent,-1.1,94.601,-49.5,1.0,4963.6,no
68,retired,divorced,high.school,no,yes,no,cellular,oct,mon,222,1,999,0,nonexistent,-1.1,94.601,-49.5,1.0,4963.6,yes
74,retired,divorced,basic.4y,no,yes,no,cellular,oct,mon,180,2,999,0,nonexistent,-1.1,94.601,-49.5,1.0,4963.6,no
74,retired,divorced,basic.4y,no,yes,no,cellular,oct,mon,102,3,3,2,success,-1.1,94.601,-49.5,1.0,4963.6,no
60,retired,married,university.degree,no,yes,no,cellular,oct,mon,338,2,999,0,nonexistent,-1.1,94.601,-49.5,1.0,4963.6,no
44,technician,married,high.school,no,yes,yes,cellular,oct,mon,159,2,999,1,failure,-1.1,94.601,-49.5,1.0,4963.6,no
24,student,single,professional.course,no,no,yes,cellular,oct,tue,133,3,999,2,failure,-1.1,94.601,-49.5,1.008,4963.6,no
31,admin.,single,university.degree,no,unknown,unknown,cellular,oct,tue,192,1,3,1,success,-1.1,94.601,-49.5,1.008,4963.6,yes
67,retired,divorced,basic.4y,no,yes,no,cellular,oct,tue,218,1,999,1,failure,-1.1,94.601,-49.5,1.008,4963.6,no
48,technician,married,university.degree,no,yes,yes,cellular,oct,tue,337,2,999,0,nonexistent,-1.1,94.601,-49.5,1.008,4963.6,yes
54,services,divorced,high.school,no,yes,yes,cellular,oct,wed,178,4,3,1,success,-1.1,94.601,-49.5,1.016,4963.6,yes
25,student,married,high.school,no,yes,no,telephone,oct,wed,7,1,999,0,nonexistent,-1.1,94.601,-49.5,1.016,4963.6,no
34,technician,married,university.degree,no,yes,no,telephone,oct,wed,5,1,999,0,nonexistent,-1.1,94.601,-49.5,1.016,4963.6,no
61,housemaid,married,basic.4y,no,yes,no,telephone,oct,wed,238,2,999,2,failure,-1.1,94.601,-49.5,1.016,4963.6,no
54,services,divorced,high.school,no,yes,no,cellular,oct,wed,487,3,999,2,failure,-1.1,94.601,-49.5,1.016,4963.6,yes
38,admin.,divorced,basic.9y,no,no,no,cellular,oct,wed,139,2,999,3,failure,-1.1,94.601,-49.5,1.016,4963.6,no
45,student,single,unknown,no,yes,no,cellular,oct,wed,316,2,999,2,failure,-1.1,94.601,-49.5,1.016,4963.6,no
37,management,married,university.degree,no,yes,no,cellular,oct,thu,150,3,5,5,success,-1.1,94.601,-49.5,1.025,4963.6,yes
80,retired,married,professional.course,no,yes,no,cellular,oct,thu,411,1,999,1,failure,-1.1,94.601,-49.5,1.025,4963.6,yes
37,housemaid,married,university.degree,no,no,no,cellular,oct,thu,453,1,6,2,success,-1.1,94.601,-49.5,1.025,4963.6,yes
37,housemaid,married,university.degree,no,no,no,cellular,oct,thu,178,2,13,2,success,-1.1,94.601,-49.5,1.025,4963.6,yes
23,student,single,high.school,no,yes,no,cellular,oct,thu,262,3,999,0,nonexistent,-1.1,94.601,-49.5,1.025,4963.6,no
24,blue-collar,single,high.school,no,no,no,cellular,oct,thu,1032,1,3,1,success,-1.1,94.601,-49.5,1.025,4963.6,yes
33,admin.,single,university.degree,no,yes,no,cellular,oct,thu,759,1,3,3,success,-1.1,94.601,-49.5,1.025,4963.6,yes
37,housemaid,married,university.degree,no,no,no,cellular,oct,thu,549,2,11,4,success,-1.1,94.601,-49.5,1.025,4963.6,yes
65,retired,married,high.school,no,yes,no,cellular,oct,thu,201,5,3,1,success,-1.1,94.601,-49.5,1.025,4963.6,no
29,admin.,single,high.school,no,no,no,telephone,oct,thu,330,2,6,1,success,-1.1,94.601,-49.5,1.025,4963.6,yes
31,technician,single,professional.course,no,unknown,unknown,cellular,oct,thu,212,2,999,0,nonexistent,-1.1,94.601,-49.5,1.025,4963.6,yes
34,admin.,divorced,university.degree,no,unknown,unknown,cellular,oct,thu,256,2,999,1,failure,-1.1,94.601,-49.5,1.025,4963.6,no
37,management,married,university.degree,no,yes,no,cellular,oct,thu,339,3,3,3,success,-1.1,94.601,-49.5,1.025,4963.6,yes
45,admin.,married,high.school,no,yes,no,cellular,oct,fri,738,3,6,1,success,-1.1,94.601,-49.5,1.0290000000000001,4963.6,yes
26,unemployed,single,high.school,no,yes,no,cellular,oct,fri,394,3,14,1,success,-1.1,94.601,-49.5,1.0290000000000001,4963.6,yes
25,student,single,high.school,no,yes,no,cellular,oct,fri,234,1,3,1,success,-1.1,94.601,-49.5,1.0290000000000001,4963.6,yes
29,unemployed,single,high.school,no,yes,no,cellular,oct,fri,168,2,999,0,nonexistent,-1.1,94.601,-49.5,1.0290000000000001,4963.6,no
23,student,single,high.school,no,no,yes,cellular,oct,fri,380,1,3,1,success,-1.1,94.601,-49.5,1.0290000000000001,4963.6,yes
27,self-employed,single,university.degree,no,no,no,telephone,oct,fri,84,3,999,0,nonexistent,-1.1,94.601,-49.5,1.0290000000000001,4963.6,no
37,unemployed,single,professional.course,no,no,no,cellular,oct,fri,142,4,6,1,success,-1.1,94.601,-49.5,1.0290000000000001,4963.6,no
25,student,single,high.school,no,no,no,cellular,oct,fri,554,3,999,0,nonexistent,-1.1,94.601,-49.5,1.0290000000000001,4963.6,yes
65,retired,married,high.school,no,yes,yes,cellular,oct,fri,344,2,12,1,success,-1.1,94.601,-49.5,1.0290000000000001,4963.6,yes
37,services,married,high.school,no,yes,yes,cellular,oct,fri,608,2,12,2,failure,-1.1,94.601,-49.5,1.0290000000000001,4963.6,yes
28,admin.,single,university.degree,no,yes,no,cellular,oct,mon,92,4,17,3,failure,-1.1,94.601,-49.5,1.032,4963.6,no
46,management,married,university.degree,no,unknown,unknown,cellular,oct,mon,83,2,12,2,failure,-1.1,94.601,-49.5,1.032,4963.6,no
28,admin.,single,university.degree,no,no,no,cellular,oct,mon,225,1,3,3,success,-1.1,94.601,-49.5,1.032,4963.6,yes
25,student,single,high.school,no,yes,no,cellular,oct,mon,189,1,6,4,success,-1.1,94.601,-49.5,1.032,4963.6,no
36,unemployed,married,high.school,no,yes,no,cellular,oct,mon,304,1,3,1,success,-1.1,94.601,-49.5,1.032,4963.6,yes
33,admin.,single,university.degree,no,yes,no,cellular,oct,mon,400,1,5,2,success,-1.1,94.601,-49.5,1.032,4963.6,yes
33,services,single,high.school,no,yes,no,cellular,oct,mon,182,1,6,1,success,-1.1,94.601,-49.5,1.032,4963.6,yes
30,technician,married,professional.course,no,yes,no,cellular,oct,mon,253,1,9,2,success,-1.1,94.601,-49.5,1.032,4963.6,yes
38,technician,single,university.degree,no,yes,no,telephone,oct,mon,254,1,9,3,failure,-1.1,94.601,-49.5,1.032,4963.6,no
28,admin.,single,university.degree,no,yes,no,cellular,oct,mon,324,1,6,2,success,-1.1,94.601,-49.5,1.032,4963.6,no
23,student,single,high.school,no,yes,no,cellular,oct,mon,226,2,999,1,failure,-1.1,94.601,-49.5,1.032,4963.6,yes
33,admin.,single,university.degree,no,yes,no,cellular,oct,mon,297,5,999,0,nonexistent,-1.1,94.601,-49.5,1.032,4963.6,yes
30,technician,married,professional.course,no,yes,no,cellular,oct,mon,215,1,6,1,success,-1.1,94.601,-49.5,1.032,4963.6,yes
35,admin.,single,university.degree,no,yes,no,cellular,oct,mon,129,1,999,0,nonexistent,-1.1,94.601,-49.5,1.032,4963.6,no
25,student,single,high.school,no,yes,no,cellular,oct,mon,211,2,6,3,success,-1.1,94.601,-49.5,1.032,4963.6,yes
38,admin.,divorced,university.degree,no,yes,no,telephone,oct,mon,293,3,999,0,nonexistent,-1.1,94.601,-49.5,1.032,4963.6,no
30,student,single,high.school,no,yes,no,cellular,oct,tue,196,1,17,2,failure,-1.1,94.601,-49.5,1.037,4963.6,no
62,admin.,married,high.school,no,no,no,cellular,oct,tue,238,4,18,2,failure,-1.1,94.601,-49.5,1.037,4963.6,yes
25,student,single,high.school,no,yes,no,telephone,oct,tue,17,1,999,0,nonexistent,-1.1,94.601,-49.5,1.037,4963.6,no
21,student,single,high.school,no,no,no,cellular,oct,tue,701,2,999,0,nonexistent,-1.1,94.601,-49.5,1.037,4963.6,yes
27,technician,single,university.degree,no,no,no,cellular,oct,wed,223,2,999,0,nonexistent,-1.1,94.601,-49.5,1.043,4963.6,no
65,retired,married,basic.4y,no,no,no,cellular,oct,wed,882,1,999,0,nonexistent,-1.1,94.601,-49.5,1.043,4963.6,yes
23,student,single,high.school,no,no,no,cellular,oct,wed,409,1,3,1,success,-1.1,94.601,-49.5,1.043,4963.6,no
31,student,single,university.degree,no,no,no,cellular,oct,wed,508,1,999,0,nonexistent,-1.1,94.601,-49.5,1.043,4963.6,yes
60,retired,married,professional.course,no,no,yes,cellular,oct,wed,170,2,999,1,failure,-1.1,94.601,-49.5,1.043,4963.6,no
30,management,married,university.degree,no,no,yes,cellular,oct,wed,255,1,6,1,success,-1.1,94.601,-49.5,1.043,4963.6,yes
65,retired,married,basic.4y,no,yes,no,cellular,oct,wed,258,1,3,3,success,-1.1,94.601,-49.5,1.043,4963.6,yes
46,admin.,married,basic.9y,no,yes,no,telephone,nov,tue,18,1,999,1,failure,-1.1,94.76700000000001,-50.8,1.047,4963.6,no
31,management,married,university.degree,no,yes,no,cellular,nov,mon,188,1,999,0,nonexistent,-1.1,94.76700000000001,-50.8,1.05,4963.6,yes
51,services,married,high.school,no,yes,no,cellular,nov,mon,176,1,999,1,failure,-1.1,94.76700000000001,-50.8,1.05,4963.6,no
29,technician,single,university.degree,no,no,no,cellular,nov,mon,240,1,4,1,success,-1.1,94.76700000000001,-50.8,1.05,4963.6,no
29,technician,single,university.degree,no,no,no,telephone,nov,mon,360,1,3,2,success,-1.1,94.76700000000001,-50.8,1.05,4963.6,yes
37,technician,married,university.degree,no,no,no,cellular,nov,mon,119,1,999,3,failure,-1.1,94.76700000000001,-50.8,1.05,4963.6,no
51,services,married,high.school,no,no,yes,cellular,nov,mon,120,2,3,4,success,-1.1,94.76700000000001,-50.8,1.05,4963.6,no
37,admin.,married,university.degree,no,no,no,cellular,nov,mon,137,1,999,1,failure,-1.1,94.76700000000001,-50.8,1.05,4963.6,no
61,retired,married,university.degree,no,no,no,cellular,nov,mon,507,1,999,0,nonexistent,-1.1,94.76700000000001,-50.8,1.05,4963.6,no
24,student,single,high.school,no,yes,yes,cellular,nov,mon,106,1,999,0,nonexistent,-1.1,94.76700000000001,-50.8,1.05,4963.6,no
39,admin.,married,high.school,no,no,no,cellular,nov,mon,148,1,999,1,failure,-1.1,94.76700000000001,-50.8,1.05,4963.6,no
35,blue-collar,married,basic.9y,no,yes,no,cellular,nov,mon,212,1,999,2,failure,-1.1,94.76700000000001,-50.8,1.05,4963.6,no
34,admin.,married,university.degree,no,no,no,cellular,nov,mon,141,2,999,0,nonexistent,-1.1,94.76700000000001,-50.8,1.05,4963.6,no
50,blue-collar,divorced,professional.course,no,yes,no,cellular,nov,mon,742,1,999,0,nonexistent,-1.1,94.76700000000001,-50.8,1.05,4963.6,yes
45,blue-collar,married,high.school,no,yes,yes,cellular,nov,mon,449,2,5,3,success,-1.1,94.76700000000001,-50.8,1.05,4963.6,yes
37,admin.,married,university.degree,no,no,no,cellular,nov,mon,282,2,6,1,success,-1.1,94.76700000000001,-50.8,1.05,4963.6,yes
51,services,married,high.school,no,yes,no,cellular,nov,mon,354,3,6,3,success,-1.1,94.76700000000001,-50.8,1.05,4963.6,no
51,admin.,divorced,high.school,no,yes,no,cellular,nov,tue,283,1,3,7,success,-1.1,94.76700000000001,-50.8,1.0490000000000002,4963.6,no
48,admin.,married,high.school,no,no,no,telephone,nov,tue,301,1,999,2,failure,-1.1,94.76700000000001,-50.8,1.0490000000000002,4963.6,no
24,technician,single,university.degree,no,yes,yes,cellular,nov,tue,467,3,6,3,failure,-1.1,94.76700000000001,-50.8,1.0490000000000002,4963.6,yes
51,admin.,divorced,high.school,no,yes,yes,cellular,nov,tue,334,2,6,4,failure,-1.1,94.76700000000001,-50.8,1.0490000000000002,4963.6,yes
18,student,single,basic.4y,no,yes,no,telephone,nov,tue,394,1,13,2,success,-1.1,94.76700000000001,-50.8,1.0490000000000002,4963.6,yes
31,admin.,single,university.degree,no,yes,no,cellular,nov,wed,228,1,999,0,nonexistent,-1.1,94.76700000000001,-50.8,1.048,4963.6,no
31,admin.,single,university.degree,no,yes,no,cellular,nov,wed,404,1,2,5,success,-1.1,94.76700000000001,-50.8,1.048,4963.6,yes
52,technician,married,university.degree,no,no,no,cellular,nov,wed,164,1,999,1,failure,-1.1,94.76700000000001,-50.8,1.048,4963.6,no
28,services,married,high.school,no,yes,no,cellular,nov,wed,223,3,999,2,failure,-1.1,94.76700000000001,-50.8,1.048,4963.6,no
34,admin.,married,university.degree,no,no,no,cellular,nov,wed,134,1,3,3,success,-1.1,94.76700000000001,-50.8,1.048,4963.6,no
29,student,single,high.school,no,yes,yes,cellular,nov,thu,289,1,3,3,success,-1.1,94.76700000000001,-50.8,1.05,4963.6,yes
59,admin.,divorced,high.school,no,no,no,cellular,nov,thu,357,3,3,2,success,-1.1,94.76700000000001,-50.8,1.05,4963.6,yes
33,admin.,married,university.degree,no,yes,no,cellular,nov,fri,482,1,12,1,success,-1.1,94.76700000000001,-50.8,1.0490000000000002,4963.6,yes
40,technician,married,basic.9y,no,yes,no,cellular,nov,mon,414,2,999,3,failure,-1.1,94.76700000000001,-50.8,1.048,4963.6,no
46,admin.,single,high.school,no,yes,no,cellular,nov,mon,199,2,999,2,failure,-1.1,94.76700000000001,-50.8,1.048,4963.6,no
32,admin.,single,high.school,no,no,no,cellular,nov,mon,191,2,19,2,failure,-1.1,94.76700000000001,-50.8,1.048,4963.6,no
64,unknown,married,unknown,no,no,no,cellular,nov,mon,78,1,3,3,success,-1.1,94.76700000000001,-50.8,1.048,4963.6,no
34,technician,married,unknown,no,yes,no,cellular,nov,tue,138,1,1,4,success,-1.1,94.76700000000001,-50.8,1.046,4963.6,no
34,technician,married,unknown,no,yes,no,cellular,nov,tue,200,1,3,1,success,-1.1,94.76700000000001,-50.8,1.046,4963.6,yes
46,admin.,single,university.degree,no,no,yes,cellular,nov,tue,173,1,999,1,failure,-1.1,94.76700000000001,-50.8,1.046,4963.6,no
58,admin.,married,high.school,no,yes,no,cellular,nov,tue,173,1,999,2,failure,-1.1,94.76700000000001,-50.8,1.046,4963.6,no
34,technician,married,unknown,no,no,no,cellular,nov,tue,206,1,6,2,success,-1.1,94.76700000000001,-50.8,1.046,4963.6,yes
60,admin.,married,unknown,no,no,no,cellular,nov,tue,787,1,7,2,success,-1.1,94.76700000000001,-50.8,1.046,4963.6,yes
36,blue-collar,single,basic.6y,no,no,no,cellular,nov,tue,238,1,999,0,nonexistent,-1.1,94.76700000000001,-50.8,1.046,4963.6,yes
29,technician,single,professional.course,no,no,no,cellular,nov,tue,449,2,1,1,success,-1.1,94.76700000000001,-50.8,1.046,4963.6,yes
34,technician,married,unknown,no,yes,no,cellular,nov,tue,162,2,999,2,failure,-1.1,94.76700000000001,-50.8,1.046,4963.6,no
60,admin.,married,unknown,no,no,no,cellular,nov,tue,333,2,999,0,nonexistent,-1.1,94.76700000000001,-50.8,1.046,4963.6,no
34,technician,married,unknown,no,no,no,cellular,nov,tue,985,3,999,0,nonexistent,-1.1,94.76700000000001,-50.8,1.046,4963.6,yes
36,blue-collar,single,basic.6y,no,no,no,cellular,nov,tue,1556,4,999,0,nonexistent,-1.1,94.76700000000001,-50.8,1.046,4963.6,yes
37,technician,single,professional.course,no,yes,no,cellular,nov,wed,226,1,6,4,success,-1.1,94.76700000000001,-50.8,1.044,4963.6,yes
37,technician,single,professional.course,no,yes,no,cellular,nov,wed,224,1,999,0,nonexistent,-1.1,94.76700000000001,-50.8,1.044,4963.6,yes
61,admin.,married,high.school,no,yes,no,cellular,nov,wed,300,1,21,5,failure,-1.1,94.76700000000001,-50.8,1.044,4963.6,yes
61,admin.,married,high.school,no,yes,yes,cellular,nov,wed,386,2,999,0,nonexistent,-1.1,94.76700000000001,-50.8,1.044,4963.6,yes
31,admin.,single,high.school,no,yes,no,cellular,nov,wed,456,2,999,0,nonexistent,-1.1,94.76700000000001,-50.8,1.044,4963.6,yes
61,admin.,married,high.school,no,no,no,telephone,nov,wed,508,4,999,0,nonexistent,-1.1,94.76700000000001,-50.8,1.044,4963.6,no
31,admin.,single,university.degree,no,yes,no,cellular,nov,thu,260,1,999,0,nonexistent,-1.1,94.76700000000001,-50.8,1.041,4963.6,yes
41,unemployed,married,basic.9y,no,no,no,cellular,nov,thu,597,2,3,2,success,-1.1,94.76700000000001,-50.8,1.041,4963.6,yes
28,self-employed,single,university.degree,no,yes,no,cellular,nov,thu,97,2,6,3,success,-1.1,94.76700000000001,-50.8,1.041,4963.6,no
25,student,single,high.school,no,no,no,cellular,nov,thu,244,1,999,0,nonexistent,-1.1,94.76700000000001,-50.8,1.041,4963.6,yes
54,technician,married,unknown,no,yes,no,cellular,nov,thu,222,1,999,1,failure,-1.1,94.76700000000001,-50.8,1.041,4963.6,no
54,unemployed,married,professional.course,no,yes,no,telephone,nov,thu,200,2,10,4,failure,-1.1,94.76700000000001,-50.8,1.041,4963.6,no
42,admin.,married,university.degree,no,yes,no,cellular,nov,thu,419,3,999,1,failure,-1.1,94.76700000000001,-50.8,1.041,4963.6,no
58,unemployed,married,university.degree,no,yes,no,cellular,nov,thu,344,2,999,0,nonexistent,-1.1,94.76700000000001,-50.8,1.041,4963.6,yes
31,services,married,high.school,no,yes,no,cellular,nov,fri,202,3,999,0,nonexistent,-1.1,94.76700000000001,-50.8,1.04,4963.6,no
33,management,married,university.degree,no,yes,no,cellular,nov,fri,237,2,999,0,nonexistent,-1.1,94.76700000000001,-50.8,1.04,4963.6,yes
37,admin.,married,university.degree,no,yes,no,cellular,nov,fri,315,1,999,0,nonexistent,-1.1,94.76700000000001,-50.8,1.04,4963.6,yes
43,admin.,divorced,university.degree,no,yes,no,cellular,nov,fri,741,4,999,2,failure,-1.1,94.76700000000001,-50.8,1.04,4963.6,yes
29,technician,single,professional.course,no,no,yes,cellular,nov,fri,127,1,6,2,success,-1.1,94.76700000000001,-50.8,1.04,4963.6,no
26,admin.,single,university.degree,no,no,no,cellular,nov,fri,528,3,999,0,nonexistent,-1.1,94.76700000000001,-50.8,1.04,4963.6,yes
41,admin.,married,university.degree,no,yes,no,cellular,nov,fri,252,4,999,0,nonexistent,-1.1,94.76700000000001,-50.8,1.04,4963.6,yes
25,technician,single,professional.course,no,yes,no,cellular,nov,fri,712,2,19,1,success,-1.1,94.76700000000001,-50.8,1.04,4963.6,yes
30,admin.,single,university.degree,no,yes,no,cellular,nov,mon,324,2,999,0,nonexistent,-1.1,94.76700000000001,-50.8,1.0390000000000001,4963.6,no
41,blue-collar,married,basic.9y,no,yes,no,cellular,nov,mon,371,2,999,1,failure,-1.1,94.76700000000001,-50.8,1.0390000000000001,4963.6,no
41,technician,married,professional.course,no,no,no,cellular,nov,mon,526,2,6,1,success,-1.1,94.76700000000001,-50.8,1.0390000000000001,4963.6,yes
26,management,single,university.degree,no,yes,no,cellular,nov,mon,112,5,999,0,nonexistent,-1.1,94.76700000000001,-50.8,1.0390000000000001,4963.6,no
67,housemaid,divorced,professional.course,no,yes,no,cellular,nov,mon,655,2,5,5,success,-1.1,94.76700000000001,-50.8,1.0390000000000001,4963.6,yes
31,housemaid,single,university.degree,no,no,no,telephone,nov,mon,152,5,999,0,nonexistent,-1.1,94.76700000000001,-50.8,1.0390000000000001,4963.6,no
41,technician,married,professional.course,no,yes,no,cellular,nov,mon,545,2,999,0,nonexistent,-1.1,94.76700000000001,-50.8,1.0390000000000001,4963.6,yes
35,technician,divorced,basic.4y,no,no,no,cellular,nov,tue,363,1,999,0,nonexistent,-1.1,94.76700000000001,-50.8,1.035,4963.6,yes
35,technician,divorced,basic.4y,no,yes,no,cellular,nov,tue,514,1,9,4,success,-1.1,94.76700000000001,-50.8,1.035,4963.6,yes
33,admin.,married,university.degree,no,no,no,cellular,nov,tue,843,1,999,0,nonexistent,-1.1,94.76700000000001,-50.8,1.035,4963.6,yes
33,admin.,married,university.degree,no,yes,no,cellular,nov,tue,510,1,999,1,failure,-1.1,94.76700000000001,-50.8,1.035,4963.6,no
60,blue-collar,married,basic.4y,no,yes,no,cellular,nov,tue,347,2,4,1,success,-1.1,94.76700000000001,-50.8,1.035,4963.6,no
35,technician,divorced,basic.4y,no,yes,no,cellular,nov,tue,385,3,4,2,success,-1.1,94.76700000000001,-50.8,1.035,4963.6,yes
54,admin.,married,professional.course,no,no,no,cellular,nov,tue,1868,2,10,1,success,-1.1,94.76700000000001,-50.8,1.035,4963.6,yes
32,admin.,married,university.degree,no,yes,no,cellular,nov,wed,236,3,999,0,nonexistent,-1.1,94.76700000000001,-50.8,1.03,4963.6,no
38,entrepreneur,married,university.degree,no,no,no,cellular,nov,wed,144,2,999,0,nonexistent,-1.1,94.76700000000001,-50.8,1.03,4963.6,no
62,services,married,high.school,no,yes,no,cellular,nov,wed,154,5,999,0,nonexistent,-1.1,94.76700000000001,-50.8,1.03,4963.6,no
40,management,divorced,university.degree,no,yes,no,cellular,nov,wed,293,2,999,4,failure,-1.1,94.76700000000001,-50.8,1.03,4963.6,no
33,student,married,professional.course,no,yes,no,telephone,nov,thu,112,1,999,0,nonexistent,-1.1,94.76700000000001,-50.8,1.031,4963.6,yes
31,admin.,single,university.degree,no,yes,no,cellular,nov,thu,353,1,999,0,nonexistent,-1.1,94.76700000000001,-50.8,1.031,4963.6,yes
62,retired,married,university.degree,no,yes,no,cellular,nov,thu,329,1,999,2,failure,-1.1,94.76700000000001,-50.8,1.031,4963.6,yes
62,retired,married,university.degree,no,yes,no,cellular,nov,thu,208,1,1,6,success,-1.1,94.76700000000001,-50.8,1.031,4963.6,yes
38,housemaid,divorced,high.school,no,yes,yes,cellular,nov,thu,360,1,999,0,nonexistent,-1.1,94.76700000000001,-50.8,1.031,4963.6,no
57,retired,married,professional.course,no,yes,no,cellular,nov,thu,124,6,999,0,nonexistent,-1.1,94.76700000000001,-50.8,1.031,4963.6,no
62,retired,married,university.degree,no,no,no,cellular,nov,thu,483,2,6,3,success,-1.1,94.76700000000001,-50.8,1.031,4963.6,yes
64,retired,divorced,professional.course,no,yes,no,cellular,nov,fri,151,3,999,0,nonexistent,-1.1,94.76700000000001,-50.8,1.028,4963.6,no
36,admin.,married,university.degree,no,no,no,cellular,nov,fri,254,2,999,0,nonexistent,-1.1,94.76700000000001,-50.8,1.028,4963.6,no
37,admin.,married,university.degree,no,yes,no,cellular,nov,fri,281,1,999,0,nonexistent,-1.1,94.76700000000001,-50.8,1.028,4963.6,yes
29,unemployed,single,basic.4y,no,yes,no,cellular,nov,fri,112,1,9,1,success,-1.1,94.76700000000001,-50.8,1.028,4963.6,no
73,retired,married,professional.course,no,yes,no,cellular,nov,fri,334,1,999,0,nonexistent,-1.1,94.76700000000001,-50.8,1.028,4963.6,yes
46,blue-collar,married,professional.course,no,no,no,cellular,nov,fri,383,1,999,0,nonexistent,-1.1,94.76700000000001,-50.8,1.028,4963.6,no
56,retired,married,university.degree,no,yes,no,cellular,nov,fri,189,2,999,0,nonexistent,-1.1,94.76700000000001,-50.8,1.028,4963.6,no
44,technician,married,professional.course,no,no,no,cellular,nov,fri,442,1,999,0,nonexistent,-1.1,94.76700000000001,-50.8,1.028,4963.6,yes
74,retired,married,professional.course,no,yes,no,cellular,nov,fri,239,3,999,1,failure,-1.1,94.76700000000001,-50.8,1.028,4963.6,no
